-0.596755	-1.041340	-0.439670	-0.395204	-0.579483	 0.172015	-2.140828	-0.256862	 0.707047	-0.961199	-1.017458	 1.307172
-0.971140	-1.037174	-0.439670	-0.395204	-0.468906	 0.296641	-2.132241	-0.378228	 0.813530	-0.957353	-1.391318	 0.915194
-1.155642	-1.033026	-0.439670	-0.395204	-0.413617	 0.358954	-2.123701	-0.438912	 0.864932	-0.953523	-1.574718	 0.718159
-1.245213	-1.028894	-0.439670	-0.395204	-0.385973	 0.390110	-2.115200	 0.030747	 0.888800	-0.949708	-1.662901	 0.618599
-1.287328	-1.024778	-0.439670	-0.395204	-0.372151	 0.405688	-2.106736	 0.264575	 0.898909	-0.945909	-1.703491	 0.567781
-1.305727	-1.020679	-0.439670	-0.395204	-0.365240	-0.086523	-2.098308	 0.381490	 0.902145	-0.942126	-1.720297	 1.041338
-1.312279	-1.016596	-0.439670	-0.395204	-0.361784	-0.331471	-2.089914	 0.439947	 0.901953	-0.938357	-1.725227	 1.275087
-1.312917	-1.012530	-0.439670	-0.395204	-0.360057	-0.452792	-2.081554	 0.469175	 0.900053	-0.934604	-1.724231	 1.388944
-0.810608	-1.008480	-0.439670	-0.395204	-0.359193	-0.512304	-2.073227	 0.483789	 0.897307	-0.930865	-1.220286	 0.942866
-0.559454	-1.004446	-0.439670	-0.395204	-0.358761	-0.540917	-2.064934	 0.491097	 0.894144	-0.927142	-0.966882	 0.719828
-0.933877	-1.000428	-0.439670	-0.395204	-0.358545	-0.554084	-2.056675	 0.494750	 0.890781	-0.923433	-1.338752	 0.608308
-1.118472	-0.996426	-0.439670	-0.395204	-0.358437	-0.559533	-2.048448	 0.496577	 0.887325	-0.919739	-1.521266	 0.552549
-0.708164	-0.992441	-0.439670	-0.395204	-0.358383	-0.561128	-2.040254	 0.497490	 0.883829	-0.916060	-1.109116	 0.524669
-0.503009	-0.988471	-0.439670	-0.395204	-0.358356	-0.560799	-2.032093	 0.497947	 0.880320	-0.912396	-0.901647	 0.510729
-0.900432	-0.984517	-0.439670	-0.395204	-0.358342	-0.059514	-2.023965	-0.001825	 0.876812	-0.908747	-1.296524	 0.503759
-1.096548	-0.980579	-0.439670	-0.395204	-0.358336	 0.191128	-2.015869	-0.250707	 0.873312	-0.905112	-1.490579	 0.500274
-1.192020	-0.976657	-0.439670	-0.395204	-0.358332	 0.316449	-2.007805	-0.375149	 0.869822	-0.901491	-1.584238	 0.498532
-1.237182	-0.972750	-0.439670	-0.395204	-0.858331	 0.379110	-1.999774	 0.062631	 0.866344	-0.897885	-1.627711	 0.497660
-1.257198	-0.968859	-0.439670	-0.395204	-1.105613	 0.410440	-1.991775	 0.280520	 0.862880	-0.894294	-1.646106	 0.497225
-1.264651	-0.964984	-0.439670	-0.395204	-0.726549	 0.426105	-1.983808	 0.389464	 0.859429	-0.890716	-1.651974	 0.997007
-1.265834	-0.961124	-0.439670	-0.395204	-0.537016	 0.433938	-1.975873	 0.443936	 0.855991	-0.887154	-1.651592	 1.243904
-0.763891	-0.957279	-0.439670	-0.395204	-0.442250	-0.062146	-2.467969	 0.471172	 0.852567	-0.883605	-1.648099	 0.864371
-0.512920	-0.953450	-0.439670	-0.395204	-0.394867	-0.309071	-2.708097	 0.484790	 0.849157	-0.880071	-1.643063	 0.674605
-0.887434	-0.949636	-0.439670	-0.395204	-0.371176	-0.431422	-2.322265	 0.491599	 0.845760	-1.376550	-1.637269	 1.079722
-1.072167	-0.945838	-0.439670	-0.395204	-0.359330	-0.491490	-2.125476	 0.495004	 0.842377	-1.621044	-1.631109	 1.279311
-1.162020	-0.942054	-0.439670	-0.395204	-0.353407	-0.520420	-2.023224	 0.496706	 0.839008	-1.739560	-1.624780	 1.376147
-1.204443	-0.938286	-0.439670	-0.395204	-0.350445	-0.033787	-1.968256	-0.002443	 0.835652	-1.295102	-1.618378	 1.421619
-1.223160	-0.934533	-0.439670	-0.395204	-0.348965	 0.209530	-1.936946	-0.251014	 0.832309	-1.071171	-1.611953	 1.441421
-1.230035	-0.930795	-0.439670	-0.395204	-0.348224	 0.331188	-1.917479	-0.375299	 0.828980	-0.957512	-1.105529	 0.948400
-1.230999	-0.927072	-0.439670	-0.395204	-0.347854	 0.392017	-1.903950	-0.437442	 0.825664	-0.898994	-0.851119	 0.701889
-1.229017	-0.923363	-0.439670	-0.395204	-0.347669	 0.422432	-1.893404	 0.031486	 0.822361	-0.868054	-0.722721	 0.578634
-1.225572	-0.919670	-0.439670	-0.395204	-0.347577	 0.437639	-1.884366	 0.264950	 0.819072	-0.850910	-0.657333	 0.517006
-1.221405	-0.915991	-0.439670	-0.395204	-0.847530	 0.445243	-1.876096	 0.381681	 0.815796	-0.840671	-1.123455	 0.986192
-1.216887	-0.912327	-0.439670	-0.395204	-1.094812	 0.449044	-1.868225	 0.440047	 0.812533	-0.833890	-1.353337	 1.217875
-1.212203	-0.908678	-0.439670	-0.395204	-1.215769	 0.450945	-1.860569	 0.469230	 0.809282	-0.828845	-1.465112	 1.330817
-1.207447	-0.905043	-0.439670	-0.395204	-0.773574	 0.451896	-1.853036	 0.483822	 0.806045	-0.824676	-1.017845	 0.884400
-1.202663	-0.901423	-0.439670	-0.395204	-0.552476	 0.452371	-1.845578	 0.491117	 0.802821	-0.820950	-0.793071	 0.661192
-0.697875	-0.897817	-0.439670	-0.395204	-0.441928	 0.452609	-1.838172	 0.494765	 0.799610	-0.817452	-1.179547	 0.549588
-0.445481	-0.894226	-0.439670	-0.395204	-0.386653	 0.452727	-1.830808	 0.496589	 0.796411	-0.814076	-1.369653	 0.493786
-0.819284	-0.390649	-0.439670	-0.395204	-0.359016	 0.452787	-1.823479	 0.497501	 0.793226	-1.310766	-0.961587	 0.965885
-1.003800	-0.138861	-0.439670	-0.395204	-0.345197	 0.452817	-1.816183	 0.497957	 0.790053	-1.555496	-0.756446	 1.199058
-1.093681	-0.512966	-0.439670	-0.395204	-0.338288	 0.452831	-1.808916	-0.001815	 0.786893	-1.174261	-1.152774	 1.312781
-1.136254	-0.698245	-0.439670	-0.395204	-0.334833	 0.452839	-1.801680	-0.250698	 0.783745	-0.982057	-1.347839	 1.366789
-1.155183	-0.289118	-0.439670	-0.395204	-0.333106	 0.452843	-1.794473	-0.375139	 0.780610	-0.884375	-1.442286	 1.390951
-1.162299	-0.084554	-0.439670	-0.395204	-0.332242	 0.452844	-1.787295	 0.062640	 0.777488	-0.833961	-1.486436	 1.400202
-1.163519	 0.017728	-0.439670	-0.395204	-0.331811	 0.452845	-1.780146	 0.280529	 0.774378	-0.807187	-1.505450	 1.402009
-0.661799	 0.068869	-0.439670	-0.395204	-0.331595	 0.452846	-1.773025	 0.389473	 0.771280	-0.292239	-1.011908	 1.400104
-0.410939	 0.094440	-0.439670	-0.395204	-0.331487	 0.452846	-1.765933	 0.443946	 0.768195	-0.034765	-0.764100	 1.396356
-0.785509	 0.107225	-0.439670	-0.395204	-0.331433	 0.452846	-1.258869	 0.971182	 1.265122	 0.593972	-0.639164	 1.391696
-0.970474	 0.113618	-0.439670	-0.395204	-0.331406	 0.452846	-1.003834	 1.231803	 1.510062	 0.905895	-0.575667	 1.386593
-0.560646	 0.116814	-0.439670	-0.395204	-0.331392	 0.452846	 0.625182	 1.359129	 2.129021	 5.559421	 0.457106	 1.381278
-0.355731	 0.118412	-0.439670	-0.395204	-0.331386	 0.452846	 1.435181	 1.419819	 2.433005	 7.865758	 0.970512	 1.375868
 0.746726	 1.619211	-0.439670	-0.395204	 0.168618	 0.952846	 4.335690	 1.447203	 1.579523	 12.998582	 1.724248	 0.370423
 1.294256	 2.363371	-0.439670	-0.395204	 0.417282	 1.199941	 5.771472	 1.457946	 1.151330	 15.528731	 2.096160	-0.131030
 1.564338	 2.729235	-0.439670	-0.395204	 0.540283	 1.320594	 6.474949	 1.460380	 0.935787	 16.757688	 2.277179	-0.380491
 2.695709	 3.905977	-0.439670	-0.395204	 0.600456	 1.378038	 10.312331	 0.958671	-0.673424	 24.836194	 4.862773	-2.003962
 3.253741	 4.484183	-0.439670	-0.395204	 0.629222	 1.403889	 12.202722	 0.707817	-1.473465	 28.809617	 6.140673	-2.808443
 5.525134	 6.263161	-0.439670	-0.395204	 1.142289	 1.413955	 15.619731	 1.082389	-2.368938	 37.230762	 8.764786	-4.703457
 6.645237	 7.136566	-0.439670	-0.395204	 1.395511	 1.416140	 17.290163	 1.266762	-2.810146	 41.432238	 10.054064	-5.637767
 7.689758	 7.557248	-0.439670	-0.395204	 1.518825	 0.914396	 19.587457	 0.856046	-3.524247	 47.523915	 11.676017	-7.091778
 8.194550	 7.751634	-0.439670	-0.395204	 1.577198	 0.663524	 20.692335	 0.650688	-3.872821	 50.558109	 12.460397	-7.801692
 8.929547	 7.832934	-0.439670	 0.104796	 2.103113	 1.038088	 22.201179	 0.048009	-4.038666	 54.063610	 13.326098	-8.139626
 9.277716	 7.857756	-0.439670	 0.353586	 2.360813	 1.222544	 22.908181	-0.252221	-4.113179	 55.806982	 13.730565	-8.291638
 9.432549	 7.854402	-0.439670	 0.476777	 2.484425	 1.311959	 23.214452	-0.401231	-4.142060	 56.669327	 13.904528	-8.350756
 9.490791	 7.837023	 0.060330	 0.537172	 2.541016	 1.353863	 23.320546	 0.025364	-4.648158	 57.091197	 13.963353	-8.363496
 9.500814	 7.812694	 0.309209	 0.566174	 2.564115	 1.372024	 23.326740	 0.238662	-4.890899	 57.292844	 13.964721	-8.353113
 9.486804	 7.784953	-0.067467	 0.079485	 2.070491	 1.378324	 21.783171	 0.345311	-4.502002	 52.884417	 12.437472	-6.831236
 9.460853	 7.755568	-0.255805	-0.163859	 1.820525	 1.378704	 20.970907	 0.398635	-4.299328	 50.669724	 11.652028	-6.059679
 8.929008	 7.725423	-0.349974	-0.285532	 0.692401	 1.376137	 19.024458	 0.425297	-3.689797	 47.051939	 10.737572	-5.663325
 8.646291	 7.694960	-0.397059	-0.346368	 0.128339	 1.372106	 18.017077	 0.438628	-3.378871	 45.232756	 10.260698	-5.454613
 8.488205	 7.664399	-0.420601	-0.376786	-0.153692	 1.367354	 16.979367	 0.445294	-3.217272	 44.312914	 10.002694	-4.839766
 8.392502	 7.633851	-0.432372	-0.391995	-0.294708	 1.362253	 16.428629	 0.448627	-3.130362	 43.842783	 9.854202	-4.523892
 8.328057	 7.603371	-0.438258	-0.399599	-0.365215	 1.356988	 16.121504	 0.450293	-3.080819	 43.597550	 9.760545	-4.357539
 7.779307	 7.572985	-0.441201	-0.403402	 0.099531	 1.351652	 15.936313	 0.451126	-3.049986	 43.464805	 9.694382	-4.265981
 7.490471	 7.542706	-0.442672	-0.405303	 0.330775	 1.346292	 15.812215	 0.451543	-3.028531	 43.389716	 9.642045	-4.211852
 7.831650	 7.512542	-0.443408	-0.406253	 0.445273	 1.340929	 15.718790	 0.451751	-3.011789	 42.843488	 9.596697	-4.676473
 7.985894	 7.482496	-0.443776	-0.406729	 0.501403	 1.335577	 15.640827	 0.451855	-2.997428	 42.561727	 9.554920	-4.898501
 8.046735	 7.452567	-0.443960	-0.406966	 0.528353	 1.330241	 15.570719	-0.048093	-2.984281	 42.412233	 9.515005	-4.999274
 8.060941	 7.422758	-0.444052	-0.407085	 0.540717	 1.324923	 15.504665	-0.296971	-2.971766	 42.329982	 9.476098	-5.039460
 8.051893	 7.393067	-0.444098	-0.407144	 0.545793	 1.319624	 15.440760	-0.420318	-3.459589	 42.281383	 9.437769	-5.049394
 8.031284	 7.363495	-0.444121	-0.407174	 0.547229	 1.314347	 15.378054	-0.480904	-3.695606	 42.249862	 9.399806	-5.044242
 8.004958	 7.334042	-0.444132	-0.407189	 0.546850	 1.309090	 15.316070	-0.510114	-3.805752	 42.226909	 9.362101	-5.031588
 7.975838	 7.304705	-0.444138	-0.407196	 0.545567	 1.303853	 15.254570	-0.523641	-3.352993	 42.208268	 9.324600	-5.015223
 7.945384	 7.275487	-0.444141	-0.407200	 0.543838	 1.298638	 15.193434	-0.529330	-3.120813	 42.191590	 9.287275	-4.997043
 7.914327	 7.246385	-0.444142	-0.407202	 0.541888	 1.293444	 15.132601	-0.031104	-2.998945	 42.175923	 9.250113	-4.477995
 7.883032	 7.217399	-0.444143	-0.407203	 0.539834	 1.288270	 15.072041	 0.218009	-2.932257	 42.159495	 9.213106	-4.210554
 7.851682	 7.188530	-0.444143	-0.407203	 0.537731	 1.283117	 15.011738	 0.342565	-3.393182	 42.142721	 9.176250	-4.068946
 7.820365	 7.159775	-0.444143	-0.407204	 0.535609	 1.277984	 14.951684	 0.404843	-3.615937	 42.126059	 9.139543	-3.990288
 7.289129	 7.131136	-0.444143	-0.407204	 0.533480	 1.272872	 14.891874	 0.435982	-3.219636	 42.109485	 9.102984	-3.943136
 7.009995	 7.102612	-0.444144	-0.407204	 0.531353	 1.267781	 14.832304	 0.451552	-3.015840	 42.092988	 9.066572	-3.911768
 6.856967	 7.074201	-0.444144	-0.407204	 0.529232	 1.262710	 14.772974	 0.459337	-2.908317	 42.076563	 9.030305	-3.888323
 6.767045	 7.045905	-0.444144	-0.407204	 0.027116	 0.757659	 14.713882	 0.463229	-2.848954	 42.060206	 8.994184	-3.868871
 6.708729	 7.017721	-0.444144	-0.407204	-0.223941	 0.505133	 14.655026	 0.465175	-2.813694	 42.041805	 8.958207	-3.851446
 6.666271	 6.989650	-0.444144	-0.407204	 0.150530	 0.878871	 14.596406	 0.466149	-2.790507	 42.022422	 8.922374	-3.835065
 6.631794	 6.961691	-0.444144	-0.407204	 0.336716	 1.063234	 14.538020	 0.466635	-2.773378	 42.004681	 8.886685	-3.819238
 6.601361	 6.933845	-0.444144	-0.407204	 0.428763	 1.152921	 14.479868	 0.466878	-2.759302	 41.987792	 8.851138	-3.803717
 6.573002	 6.906109	-0.444144	-0.407204	 0.473745	 1.195279	 14.421949	 0.467000	-2.746773	 41.971361	 8.815734	-3.788380
 7.045734	 6.878485	-0.444144	-0.407204	 0.495198	 1.213982	 14.364261	 0.467061	-2.735040	 41.955192	 8.780471	-4.273166
 7.267063	 6.850971	-0.444144	-0.407204	 0.504891	 1.220869	 14.306804	 0.467091	-2.723727	 41.939185	 8.745349	-4.506043
 7.362750	 6.823567	-0.444144	-0.407204	 0.508709	 1.221857	 14.249577	 0.467106	-2.712646	 41.923291	 8.710367	-4.613003
 7.395677	 6.796273	-0.444144	-0.407204	 0.509593	 1.219905	 14.192578	 0.467114	-3.201702	 41.907485	 8.675526	-4.157044
 7.397284	 6.769088	-0.444144	-0.407204	 0.509014	 1.216493	 14.135808	 0.467118	-3.438848	 41.891754	 8.640824	-3.921662
 6.883289	 6.742011	-0.444144	-0.407204	 0.507707	 1.212361	 14.079265	 0.467120	-3.050070	 41.876093	 8.606261	-3.796598
 6.613553	 6.715043	-0.444144	-0.407204	 0.506041	 1.207879	 14.022948	 0.467121	-2.850358	 41.860497	 8.571835	-3.726723
 6.965997	 6.688183	-0.444144	-0.407204	 0.004199	 0.703230	 13.466856	-0.032879	-3.245201	 42.344965	 9.037548	-4.684472
 7.127583	 6.661430	-0.444144	-0.407204	-0.246721	 0.450906	 13.162988	-0.281813	-3.435342	 42.579605	 9.251398	-5.152062
 7.193797	 6.634785	-1.444144	-0.407204	-0.372182	 0.824744	 13.485336	-0.905218	-4.023162	 44.689361	 9.839392	-5.374618
 7.212384	 6.608246	-1.939255	-0.407204	-0.434912	 1.009266	 13.618895	-1.213864	-4.307849	 45.738657	 10.112535	-5.474701
 7.207216	 6.581813	-2.181942	-0.407204	-0.466277	 1.099140	 13.658170	-1.365142	-4.441008	 46.257745	 10.228335	-5.513593
 7.190228	 6.555485	-1.298437	-0.407204	 0.018040	 1.141698	 14.150412	-0.937748	-3.998439	 46.011751	 9.765546	-5.521935
 7.167387	 6.529263	-0.856684	-0.407204	 0.259194	 1.160609	 14.367248	-0.723030	-3.770043	 45.882146	 9.515547	-5.515045
 6.641678	 6.003146	-0.635807	-0.407204	-0.121229	 0.667705	 12.946497	-0.614654	-3.148762	 39.810761	 6.872016	-4.000583
 6.366591	 5.729134	-0.525369	-0.407204	-0.310438	 0.421254	 12.213071	-0.559454	-2.833066	 36.707590	 5.541793	-3.238380
 5.216865	 4.581217	-0.470150	-0.407204	-0.405042	 0.298028	 8.323398	-0.530846	-2.170184	 26.588795	 3.368259	-1.352327
 4.633867	 4.000392	-0.442541	-0.407204	-0.452344	 0.236415	 6.369695	-0.515537	-1.835728	 21.496458	 2.279102	-0.410367
 3.334267	 3.203141	-0.428736	-0.407204	-0.475995	 0.205608	 3.884011	-0.506882	-1.165497	 13.417481	 0.232144	 0.559549
 2.680397	 2.799703	-0.421833	-0.407204	-0.487821	 0.190205	 2.638372	-0.502554	-0.830382	 9.367316	-0.787705	 1.041449
 2.349409	 2.593192	-0.418382	-0.407204	-0.493734	 0.182503	 2.012767	-0.500391	-0.662824	 7.331599	-1.294015	 1.279352
 0.179878	-0.014837	-0.416657	-0.407204	-0.996690	-0.321347	-1.802809	-1.499309	-1.079046	 1.303149	-3.043569	 0.395269
-0.900908	-1.313606	-0.415794	-0.407204	-1.245169	-0.571622	-3.699361	-1.993772	-1.284166	-1.701626	-3.908760	-0.046773
-1.937337	-2.457766	-0.415362	-0.407204	-1.366421	-0.695116	-5.636445	-2.236026	-1.383747	-3.694600	-4.331808	-0.267794
-2.449605	-3.022642	-0.415147	-0.407204	-1.424072	-0.755226	-6.589840	-2.352197	-1.430571	-4.679712	-4.533822	-0.378304
-2.699814	-3.797905	-0.415039	-0.907204	-1.949934	-0.783650	-7.051451	-2.405346	-1.451028	-5.160939	-5.125357	-0.433559
-2.819019	-4.176390	-0.414985	-1.154389	-2.207913	-0.796238	-7.267230	-2.427003	-1.458314	-5.390268	-5.409691	-0.461187
-2.872745	-4.356522	-0.414958	-1.275179	-2.331971	-0.800914	-7.360154	-2.432935	-1.459026	-5.493693	-5.540470	-0.475001
-2.893755	-4.437516	-0.414944	-1.332782	-2.389088	-0.801641	-7.391710	-2.431023	-1.456462	-5.534211	-5.594517	-0.481907
-2.898431	-4.468975	-0.414938	-1.358803	-2.412754	-0.800400	-7.392641	-2.425208	-1.452272	-5.543321	-5.610243	-0.485361
-2.894962	-4.475704	-0.914934	-1.369043	-2.419714	-0.798181	-7.378319	-2.417462	-1.447281	-5.536771	-5.606854	-0.487088
-2.887445	-4.470104	-1.162103	-1.371405	-2.418341	-0.795480	-7.356431	-2.408770	-1.441901	-5.522436	-5.593953	-0.487951
-3.377927	-4.458374	-1.282869	-1.369838	-2.412820	-0.792543	-7.330817	-2.399624	-1.436338	-5.504252	-5.576340	-0.488383
-3.615431	-4.443616	-1.340444	-1.366319	-2.405246	-0.789496	-7.303400	-2.390270	-1.430695	-5.484188	-5.556416	-0.488599
-3.726477	-4.427380	-1.366436	-1.361833	-2.396663	-0.786399	-7.775140	-2.380831	-1.425023	-5.463227	-5.535381	-0.488706
-3.774325	-4.410439	-1.376647	-1.356876	-2.387595	-0.783284	-7.994515	-2.371368	-1.419349	-5.441863	-5.513835	-0.488760
-3.290604	-4.393182	-1.378979	-1.351693	-2.878304	-0.780167	-8.087776	-2.361913	-1.413684	-5.420339	-5.492078	-0.488787
-3.043131	-4.375801	-1.377382	-1.346409	-3.116921	-0.777054	-8.118044	-2.352481	-1.408036	-5.398780	-5.470258	-0.488801
-2.913802	-4.358394	-1.373832	-1.341084	-3.229518	-0.773949	-8.116881	-2.343079	-1.402407	-5.377246	-5.448452	-0.488808
-3.343569	-4.341009	-1.369316	-1.335751	-2.279132	-0.770855	-7.600068	-2.333710	-0.896799	-4.855767	-4.426695	 0.511189
-3.550906	-4.323669	-1.364329	-1.330423	-1.801282	-0.767773	-7.327495	-2.324377	-0.643995	-4.586360	-3.909007	 1.008165
-3.147058	-3.306386	-0.859117	-0.825109	-1.559710	-0.264702	-6.677099	-1.315081	-0.517593	-3.943022	-3.643380	 1.253643
-2.939647	-2.793167	-0.606511	-0.572452	-1.436288	-0.013167	-6.339848	-0.810433	-0.454392	-3.614754	-3.503811	 1.373383
-2.330478	-2.531997	-0.480207	-0.446123	-0.871951	 0.112601	-6.159217	-0.558108	-0.422791	-3.444046	-3.427298	 1.430267
-2.022450	-2.396870	-0.417056	-0.382959	-0.589783	 0.175484	-6.056944	-0.431946	-0.406991	-3.352146	-3.382340	 1.455735
-1.865008	-2.324784	-0.385480	-0.351377	-0.448698	 0.206926	-5.993898	-0.868865	 0.100909	-3.799676	-3.353187	 1.465506
-1.782871	-2.284235	-0.369692	-0.335586	-0.378156	 0.222647	-5.950514	-1.084713	 0.353641	-4.014946	-3.331962	 1.467442
-1.738402	-2.259473	-0.361798	-0.327690	-0.342885	 0.230508	-5.917007	-1.190036	 0.478795	-4.114121	-3.314728	 1.465470
-1.712779	-2.242623	-0.357851	-0.323743	-0.325250	-0.265562	-5.888487	-0.740107	 0.540164	-3.655281	-3.299516	 1.461558
-1.696593	-2.229746	-0.355878	-0.321769	-0.316432	-0.512074	-5.862507	-0.515142	 0.569645	-3.419469	-3.285341	 1.456686
-1.685139	-2.218874	-0.354891	-0.320782	-0.312023	-0.633812	-5.837844	-0.902660	 0.583187	-3.295195	-3.271711	 1.451347
-1.676065	-2.209022	-0.354398	-0.320288	-0.309819	-0.693170	-5.813886	-1.093838	 0.588765	-3.226717	-3.258380	 1.445785
-1.668194	-2.199698	-0.354151	-0.320042	-0.308716	-0.721345	-5.790327	-0.686857	 0.090365	-3.186161	-3.245225	 1.440124
-1.660938	-2.190655	-0.354028	-0.319918	-0.308165	-0.733933	-5.767014	-0.483367	-0.158835	-3.159592	-3.232183	 1.434424
-2.154003	-2.181770	-0.353966	-0.319856	-0.307890	-0.238733	-5.743870	-0.381622	 0.216566	-3.140041	-3.219224	 1.428717
-2.395241	-2.172982	-0.353935	-0.319826	-0.307752	 0.008866	-5.720857	-0.330749	 0.403082	-3.124025	-3.206332	 1.423017
-2.510587	-2.164259	-0.353920	-0.319810	-0.307683	 0.132666	-5.697955	-0.305313	 0.495160	-3.109801	-3.193499	 1.417333
-2.563008	-2.155587	-0.353912	-0.319803	-0.807649	 0.194566	-5.675153	-0.292595	 0.040025	-3.096498	-3.180721	 1.411667
-2.583988	-2.146957	-0.353908	-0.319799	-1.055016	 0.225516	-5.652448	-0.286236	-0.187542	-3.083680	-3.167996	 1.406023
-2.589268	-2.138366	-0.353906	-0.319797	-1.176095	-0.259009	-5.629836	-0.283056	 0.198674	-3.071129	-3.155323	 1.400400
-2.586719	-2.129810	-0.353905	-0.319796	-1.234040	-0.499785	-5.607315	-0.281466	 0.390612	-3.058736	-3.142701	 1.394798
-2.580276	-2.121290	-0.353905	-0.319795	-0.760429	-0.118691	-5.584885	-0.780672	 0.485417	-3.046447	-3.130130	 1.389219
-2.571907	-2.112804	-0.353905	-0.319795	-0.523623	 0.071855	-5.562546	-1.027714	 0.531658	-3.034235	-3.117610	 1.383663
-2.562595	-2.104353	-0.353904	-0.319795	-0.405220	-0.332871	-5.540295	-1.148686	 0.053623	-3.022084	-3.105139	 1.378128
-2.552833	-2.095935	-0.353904	-0.319795	-0.346019	-0.533760	-5.518134	-1.206633	-0.185394	-3.009989	-3.092719	 1.372616
-2.542865	-2.087552	-0.353904	-0.319795	-0.816418	-0.132734	-5.496061	-0.733077	 0.195097	-2.997946	-3.080348	 1.367125
-2.532816	-2.079201	-0.353904	-0.319795	-1.049044	 0.067778	-5.474077	-0.496299	 0.384191	-2.985952	-3.068026	 1.361657
-2.522745	-2.070885	-0.353904	-0.319795	-1.162794	 0.168035	-5.452181	-0.377910	 0.477592	-2.974008	-3.055754	 1.356210
-2.012685	-2.062601	-0.353904	-0.319795	-0.717116	 0.218163	-5.430372	-0.318716	 0.523150	-2.962111	-3.043531	 1.350785
-1.754649	-2.054351	-0.353904	-0.319795	-0.494276	 0.243227	-5.408651	-0.289118	 0.544792	-2.950262	-3.031357	 1.345382
-2.122639	-2.046133	-0.353904	-0.319795	-0.382857	 0.255759	-5.387016	-0.274320	 0.554480	-2.938461	-3.019232	 1.340001
-2.301652	-2.037949	-0.353904	-0.319795	-0.327147	 0.262025	-5.365468	-0.266920	 0.558196	-2.926707	-3.007155	 1.334641
-2.386197	-2.029797	-0.353904	-0.319795	-0.299292	 0.265158	-5.344006	-0.263221	 0.558930	-2.915001	-2.995126	 1.329302
-2.423528	-2.021678	-0.353904	-0.319795	-0.285365	 0.266724	-5.322630	-0.261371	 0.558177	-2.903341	-2.983145	 1.323985
-2.437272	-2.013591	-0.353904	-0.319795	-0.278401	 0.267508	-5.301339	-0.260446	 0.556686	-2.891727	-2.971213	 1.318689
-2.439242	-2.005537	-0.353904	-0.319795	-0.274919	 0.267899	-5.280134	-0.259984	 0.554831	-2.880160	-2.959328	 1.313414
-2.435345	-1.997514	-0.353904	-0.319795	-0.273178	 0.268095	-5.259014	-0.259752	 0.552797	-2.868640	-2.947491	 1.308160
-2.428533	-1.989524	-0.353904	-0.319795	-0.772308	-0.231807	-5.237978	-0.259637	 0.550678	-2.857165	-2.935701	 1.302928
-2.420284	-1.981566	-0.353904	-0.319795	-1.019330	-0.480295	-5.217026	-0.259579	 0.548522	-2.845736	-2.923958	 1.297716
-2.411335	-1.973640	-0.353904	-0.319795	-1.140308	-0.103081	-5.196158	-0.259550	 0.546351	-2.834353	-2.912262	 1.292525
-2.402056	-1.965745	-0.353904	-0.319795	-1.198275	 0.085526	-5.175373	-0.259536	 0.544177	-2.823016	-2.900613	 1.287355
-2.392631	-1.957882	-0.353904	-0.319795	-1.224745	 0.179829	-5.154671	-0.259528	 0.542006	-2.811724	-2.889011	 1.282206
-2.383152	-1.950051	-0.353904	-0.319795	-1.235478	 0.226981	-5.134053	-0.259525	 0.539841	-2.800477	-2.877455	 1.277077
-1.873665	-1.942251	-0.353904	-0.319795	-0.738352	 0.250557	-4.613517	-0.259523	 0.537683	-2.789275	-2.865945	 1.271969
-1.616193	-1.934482	-0.353904	-0.319795	-0.489789	 0.262345	-4.345062	-0.259522	 0.535533	-2.778118	-2.854481	 1.266881
-1.484740	-1.926744	-0.353904	-0.319795	-0.365508	 0.268239	-4.202682	-0.259522	 0.533391	-2.767006	-2.843063	 1.261813
-1.916307	-1.919037	-0.353904	-0.319795	-0.303367	-0.228814	-4.123371	-0.259521	 0.531258	-2.755938	-2.831691	 1.256766
-2.127394	-1.911361	-0.353904	-0.319795	-0.272297	-0.475889	-4.075628	-0.259521	 0.529133	-2.744914	-2.820364	 1.251739
-2.228261	-1.903715	-0.353904	-0.319795	-0.256762	-0.597980	-4.543700	-0.759521	 0.527017	-2.733934	-2.809083	 1.246732
-2.274036	-1.896100	-0.353904	-0.319795	-0.248994	-0.657586	-4.767713	-1.007002	 0.524908	-2.722998	-2.797846	 1.241745
-1.792284	-1.888516	-0.353904	-0.319795	-0.245110	-0.185954	-4.369736	-0.628234	 0.522809	-2.712106	-2.786655	 1.236778
-1.548787	-1.880962	-0.353904	-0.319795	-0.243168	 0.049861	-4.162804	-0.438849	 0.520718	-2.701258	-2.775508	 1.231831
-1.424428	-1.873438	-0.353904	-0.319795	-0.242197	 0.167769	-4.051426	-0.344157	 0.518635	-2.690453	-2.764406	 1.226904
-1.359648	-1.865944	-0.353904	-0.319795	-0.241712	 0.226723	-3.987857	-0.296811	 0.516560	-2.679691	-2.753349	 1.221996
-1.324669	-1.858481	-0.353904	-0.319795	-0.241469	 0.256200	-3.948224	-0.273138	 0.514494	-2.668972	-2.742335	 1.217108
-1.804600	-1.851047	-0.353904	-0.319795	-0.241348	 0.270939	-4.420590	-0.261302	 0.512436	-2.658296	-2.731366	 1.212240
-2.039996	-1.843642	-0.353904	-0.319795	-0.241287	 0.278308	-4.646988	-0.255383	 0.510386	-2.647663	-2.720440	 1.207391
-1.653143	-1.836268	-0.353904	-0.319795	-0.741257	-0.218007	-4.750440	-0.252424	 0.508345	-2.137073	-2.709559	 1.202561
-1.457184	-1.828923	-0.353904	-0.319795	-0.988759	-0.464736	-4.792458	-0.250945	 0.506311	-1.878524	-2.698720	 1.197751
-1.856682	-1.821607	-0.353904	-0.319795	-0.610038	-0.086678	-4.803798	-0.250205	 0.504286	-2.246010	-2.687926	 1.192960
-2.051919	-1.814321	-0.353904	-0.319795	-0.420677	 0.102351	-4.799838	-0.249835	 0.502269	-2.424526	-2.677174	 1.188188
-2.145043	-1.807063	-0.353904	-0.319795	-0.325997	 0.196866	-4.288266	-0.249650	 0.500260	-2.508578	-2.666465	 1.183435
-2.187129	-1.799835	-0.353904	-0.319795	-0.278657	 0.244123	-4.024926	-0.249558	 0.499255	-2.545419	-2.655799	 1.178701
-2.203713	-1.792636	-0.353904	-0.319795	-0.254987	 0.267752	-3.885734	-0.249511	 0.498753	-2.558675	-2.645176	 1.173987
-1.707565	-1.785465	-0.353904	-0.319795	-0.243151	-0.220434	-3.808644	-0.249488	 0.498502	-2.560159	-2.634595	 1.169291
-1.457068	-1.778323	-0.353904	-0.319795	-0.237234	-0.463109	-3.762636	-0.249477	 0.498376	-2.555777	-2.624057	 1.164613
-1.829406	-1.771210	-0.353904	-0.319795	-0.234275	-0.583036	-4.232199	-0.249471	 0.498314	-2.048484	-2.613561	 1.159955
-2.011172	-1.764125	-0.353904	-0.319795	-0.232796	-0.641593	-4.457577	-0.249468	 0.498282	-1.791755	-2.603107	 1.155315
-1.597669	-1.757069	-0.353904	-0.319795	-0.232056	-0.169471	-4.060900	-0.249467	 0.498266	-2.160320	-2.592694	 1.150694
-1.388549	-1.750040	-0.353904	-0.319795	-0.231686	 0.066590	-3.855233	-0.249466	 0.498259	-2.339545	-2.582323	 1.146091
-1.281630	-1.743040	-0.353904	-0.319795	-0.231501	 0.184620	-4.245100	-0.249466	 0.498255	-2.424120	-2.571994	 1.141507
-1.225821	-1.736068	-0.353904	-0.319795	-0.231409	 0.243635	-4.430764	-0.249465	 0.498253	-2.461390	-2.561706	 1.136941
-1.195577	-1.729124	-0.353904	-0.319795	-0.231363	 0.273143	-4.514363	-0.249465	 0.498252	-2.475028	-2.551459	 1.132393
-1.178124	-1.722207	-0.353904	-0.319795	-0.231340	-0.212103	-4.046967	-0.249465	 0.498251	-1.976869	-2.541253	 1.127863
-1.167076	-1.715319	-0.353904	-0.319795	-0.231328	-0.453332	-3.806109	-0.249465	 0.498251	-1.724833	-2.531088	 1.123352
-1.659240	-1.708457	-0.353904	-0.319795	-0.231322	-0.072557	-3.678550	-0.249465	 0.498251	-2.095869	-2.520964	 1.118859
-1.901020	-1.701623	-0.353904	-0.319795	-0.231319	 0.117831	-3.607669	-0.249465	 0.498251	-2.276453	-2.510880	 1.114383
-2.017624	-1.694817	-0.353904	-0.319795	-0.231318	 0.213024	-3.565154	-0.249465	 0.498251	-1.861831	-2.500837	 1.109926
-2.071657	-1.688038	-0.353904	-0.319795	-0.231317	 0.260621	-3.536852	-0.249465	 0.498251	-1.651626	-2.490833	 1.105486
-2.094423	-1.681286	-0.353904	-0.319795	-0.231317	 0.284420	-3.515684	-0.249465	 0.998251	-1.543640	-2.480870	 1.101064
-2.101571	-1.674560	-0.353904	-0.319795	-0.231317	 0.296319	-3.498110	-0.249465	 1.245254	-1.486776	-2.470946	 1.096660
-2.100928	-1.667862	-0.353904	-0.319795	-0.231317	 0.302269	-3.482363	-0.249465	 1.365772	-1.455484	-2.461063	 1.092273
-2.096405	-1.661191	-0.353904	-0.319795	-0.231316	 0.305243	-3.967556	-0.249465	 0.923058	-1.436990	-2.451218	 1.087904
-2.089961	-1.654546	-0.353904	-0.319795	-0.231316	 0.306731	-4.201247	-0.249465	 0.701701	-1.424906	-2.441414	 1.083552
-2.082571	-1.647928	-0.353904	-0.319795	-0.231316	 0.307474	-4.309222	-0.249465	 0.591022	-1.916038	-2.431648	 1.079218
-2.074726	-1.641336	-0.353904	-0.319795	-0.231316	 0.307846	-4.354376	-0.249465	 0.535683	-2.156790	-2.421921	 1.074901
-1.566670	-1.634771	-0.353904	-0.319795	-0.231316	-0.191968	-4.368153	-0.249465	 0.508013	-2.272371	-2.412234	 1.070602
-1.310524	-1.628232	-0.353904	-0.319795	-0.231316	-0.440491	-4.366278	-0.249465	 0.494178	-2.325385	-2.402585	 1.066319
-1.180343	-1.621719	-0.353904	-0.319795	-0.731316	-0.063375	-3.856612	-0.249465	 0.987261	-2.847136	-2.392974	 1.062054
-1.113152	-1.615232	-0.353904	-0.319795	-0.978854	 0.125183	-3.595085	-0.249465	 1.230842	-3.101273	-2.383402	 1.057806
-1.077464	-1.608771	-0.353904	-0.319795	-1.100170	 0.219462	-3.457654	-0.249465	 1.349683	-3.221631	-2.373869	 1.053575
-1.557537	-1.602336	-0.353904	-0.319795	-0.658385	 0.266602	-3.882298	-0.249465	 0.906167	-2.275126	-2.364373	 1.049360
-1.793498	-1.595926	-0.353904	-0.319795	-0.437492	 0.290172	-4.086007	-0.249465	 0.684409	-1.799216	-2.354916	 1.045163
-1.907420	-1.589543	-0.353904	-0.319795	-0.327046	 0.301956	-4.179281	-0.249465	 0.573530	-1.558615	-2.345496	 1.040982
-1.960338	-1.583185	-0.353904	-0.319795	-0.271823	 0.307849	-4.217374	-0.249465	 0.518090	-1.435678	-2.336114	 1.036818
-1.482771	-1.576852	-0.353904	-0.319795	-0.244211	 0.310795	-3.727909	 0.250535	 0.490370	-1.871584	-2.326770	 1.032671
-1.241976	-1.570544	-0.353904	-0.319795	-0.230405	 0.312268	-3.476699	 0.499034	 0.476510	-2.084922	-2.317463	 1.028540
-1.619577	-1.564262	-0.353904	-0.319795	-0.223503	 0.313005	-3.844644	 0.121788	 0.469580	-2.186995	-2.308193	 1.024426
-1.804383	-1.558005	-0.353904	-0.319795	-0.220051	 0.313373	-4.020191	-0.066835	 0.466115	-2.233453	-2.298960	 1.020328
-1.892808	-1.551773	-0.353904	-0.319795	-0.218325	 0.313557	-4.099573	-0.161146	 0.464383	-2.252122	-2.289764	 1.016247
-1.933057	-1.545566	-0.353904	-0.319795	-0.217463	-0.186351	-4.130906	-0.208302	 0.463517	-2.256915	-2.280605	 1.012182
-1.949236	-1.539384	-0.353904	-0.319795	-0.217031	-0.434932	-4.138248	-0.231880	 0.463084	-2.254788	-2.271483	 1.008133
-1.453394	-1.533226	-0.353904	-0.319795	-0.216815	-0.057856	-3.633628	-0.243669	 0.462867	-1.749219	-2.262397	 1.004101
-1.203558	-1.527093	-0.353904	-0.319795	-0.216708	 0.130682	-3.375060	-0.249563	 0.462759	-1.493948	-2.253347	 1.000084
-1.576733	-1.520985	-0.353904	-0.319795	-0.216654	-0.275049	-3.239543	-0.252510	 0.462705	-1.863835	-2.244334	 0.996084
-1.759420	-1.514901	-0.353904	-0.319795	-0.216627	-0.476553	-3.165576	-0.253984	 0.462678	-2.044311	-2.235357	 0.992100
-1.846880	-1.508841	-0.353904	-0.319795	-0.216613	-0.075948	-3.622410	-0.254721	 0.462664	-1.630099	-2.226415	 0.988131
-1.886741	-1.502806	-0.353904	-0.319795	-0.216606	 0.124354	-3.842668	-0.255089	 0.462657	-1.420561	-2.217509	 0.984179
-1.902818	-1.496795	-0.353904	-0.319795	-0.216603	 0.224505	-3.944671	-0.255273	 0.462654	-1.313371	-2.208639	 0.980242
-1.907019	-1.490808	-0.353904	-0.319795	-0.716601	 0.274580	-3.487580	-0.255365	 0.462652	-1.257363	-2.199805	 0.976321
-1.905297	-1.484844	-0.353904	-0.319795	-0.964167	 0.299618	-3.252973	-0.255411	 0.462651	-1.226956	-2.191006	 0.972416
-1.900629	-1.478905	-0.353904	-0.319795	-0.585527	 0.312137	-3.629633	 0.244566	 0.462651	-1.709360	-2.182242	 1.468526
-1.894503	-1.472989	-0.353904	-0.319795	-0.396207	 0.318396	-3.809950	 0.493065	 0.462651	-1.946178	-2.173513	 1.712652
-1.887663	-1.467098	-0.353904	-0.319795	-0.301546	 0.321526	-3.892128	 0.115832	 0.462651	-1.560221	-2.164819	 1.330802
-1.880481	-1.461229	-0.353904	-0.319795	-0.254216	 0.323091	-3.925268	-0.072785	 0.462650	-1.364894	-2.156159	 1.137978
-1.873144	-1.455384	-0.353904	-0.319795	-0.230551	 0.323873	-3.433922	-0.167094	 0.962650	-1.264892	-2.147535	 1.539676
-1.865744	-1.449563	-0.353904	-0.319795	-0.218719	 0.324265	-3.182363	-0.214248	 1.209725	-1.212561	-2.138945	 1.736643
-1.858327	-1.443764	-0.353904	-0.319795	-0.212803	 0.324460	-3.050723	-0.237825	 1.330349	-1.184075	-2.130389	 1.831259
-1.850917	-1.437989	-0.353904	-0.319795	-0.209844	 0.324558	-2.979064	-0.249613	 1.387759	-1.167520	-2.121867	 1.374715
-1.843525	-1.432237	-0.353904	-0.319795	-0.208365	 0.324607	-2.937420	-0.255508	 1.413573	-1.156941	-2.113380	 1.144607
-1.836156	-1.426508	-0.353904	-0.319795	-0.707626	 0.324631	-3.410806	 0.241545	 1.423602	-1.649359	-2.104926	 1.027723
-1.828815	-1.420802	-0.353904	-0.319795	-0.954842	 0.324644	-3.639731	 0.488595	 1.425749	-1.891284	-2.096507	 0.967460
-1.321501	-1.415119	-0.353904	-0.319795	-1.076046	-0.175350	-3.746456	 0.110648	 0.923967	-1.507981	-2.088120	 0.935514
-1.066215	-1.409459	-0.353904	-0.319795	-1.134254	-0.423997	-3.792112	-0.078326	 0.673076	-1.314079	-2.079768	 0.917734
-1.436951	-1.403821	-0.353904	-0.319795	-0.660973	-0.046974	-3.807265	-0.172812	 0.547630	-1.214888	-2.071449	 0.907044
-1.618703	-1.398206	-0.353904	-0.319795	-0.424332	 0.141537	-3.807196	-0.220056	 0.484907	-1.163062	-2.063163	 0.899906
-1.705979	-1.392613	-0.353904	-0.319795	-0.306012	 0.235792	-3.799548	-0.243677	 0.453546	-1.134926	-2.054910	 0.894552
-1.246030	-1.387042	-0.353904	-0.319795	-0.246852	 0.282920	-3.288140	-0.255488	 0.437865	-1.618644	-2.046691	 0.890096
-1.014483	-1.381494	-0.353904	-0.319795	-0.217272	 0.306484	-3.026882	-0.261393	 0.430025	-1.856299	-2.038504	 0.886097
-0.897144	-1.375968	-0.353904	-0.319795	-0.202482	-0.181734	-3.390722	-0.264346	 0.926105	-1.470938	-2.030350	 0.882334
-0.836915	-1.370464	-0.353904	-0.319795	-0.195087	-0.424503	-3.565133	-0.265822	 1.171300	-1.276087	-2.022229	 0.878695
-1.305247	-1.364982	-0.353904	-0.319795	-0.191389	-0.544553	-3.144860	-0.266561	 1.291065	-1.176498	-2.014140	 0.875125
-1.535866	-1.359523	-0.353904	-0.319795	-0.189540	-0.603249	-2.929274	-0.266930	 1.348126	-1.124550	-2.006083	 0.871597
-1.647642	-1.354084	-0.353904	-0.319795	-0.188616	-0.131273	-2.816053	-0.267114	 1.373846	-1.596431	-1.998059	 0.868097
-1.700012	-1.348668	-0.353904	-0.319795	-0.188154	 0.104715	-2.754037	-0.267207	 1.383906	-1.828235	-1.990067	 0.864618
-1.722691	-1.343273	-0.353904	-0.319795	-0.187923	 0.222709	-2.717645	 0.232747	 1.386149	-1.940017	-1.982106	 0.861156
-1.730541	-1.337900	-0.353904	-0.319795	-0.187807	 0.281706	-2.694087	 0.481259	 1.384493	-1.991804	-1.974178	 0.857710
-1.730989	-1.332549	-0.353904	-0.319795	-0.187749	 0.311204	-2.676967	 0.604055	 1.380900	-2.013611	-1.966281	 0.854278
-1.727750	-1.327219	-0.353904	-0.319795	-0.187721	 0.325954	-2.663087	 0.163999	 1.376349	-1.520443	-1.958416	 0.850860
-1.722681	-1.321910	-0.353904	-0.319795	-0.187706	 0.333328	-2.650848	-0.056028	 1.371329	-1.271805	-1.950582	 0.847457
-1.716712	-1.316622	-0.353904	-0.319795	-0.187699	 0.337015	-2.639452	-0.166042	 1.366087	-1.645439	-1.942780	 0.844067
-1.710305	-1.311356	-0.353904	-0.319795	-0.187695	 0.338859	-2.628498	-0.221049	 1.360744	-1.828218	-1.935009	 0.840690
-1.703694	-1.306110	-0.353904	-0.319795	-0.187694	-0.160219	-2.617785	 0.251447	 1.355362	-1.915586	-1.927269	 0.837328
-1.696995	-1.300886	-0.353904	-0.319795	-0.187693	-0.408440	-2.607215	 0.486248	 1.349971	-1.955264	-1.919560	 0.833978
-1.690264	-1.295682	-0.353904	-0.319795	-0.187692	-0.531236	-3.096737	 0.102206	 1.344586	-1.971113	-1.911882	 0.830642
-1.683532	-1.290499	-0.353904	-0.319795	-0.187692	-0.591327	-3.334325	-0.089815	 1.339216	-1.975063	-1.904234	 0.827320
-1.676812	-1.285337	-0.353904	-0.319795	-0.187692	-0.620069	-3.445975	-0.185826	 1.333863	-1.973081	-1.896617	 0.824010
-1.170112	-1.280196	-0.353904	-0.319795	-0.187692	-0.133143	-2.994685	-0.233831	 1.328529	-1.468147	-1.889031	 0.820714
-0.915436	-1.275075	-0.353904	-0.319795	-0.187692	 0.110320	-2.763953	-0.257833	 1.323216	-1.213754	-1.881475	 0.817432
-1.286776	-1.269975	-0.353904	-0.319795	-0.187692	 0.232052	-2.643521	-0.269835	 1.317923	-1.584639	-1.873949	 1.314162
-1.469129	-1.264895	-0.353904	-0.319795	-0.187692	 0.292918	-2.578259	-0.275835	 1.312652	-1.766170	-1.866453	 1.558905
-1.557003	-1.259835	-0.353904	-0.319795	-0.687692	 0.323351	-3.040602	-0.278836	 1.307402	-1.353040	-1.858987	 1.177670
-1.597651	-1.254796	-0.353904	-0.319795	-0.935316	 0.338567	-3.264767	-0.280336	 1.302172	-1.144595	-1.851551	 0.985459
-1.614698	-1.249777	-0.353904	-0.319795	-0.556763	 0.346175	-2.869872	-0.281086	 1.296963	-1.538501	-1.844145	 0.887767
-1.619958	-1.244778	-0.353904	-0.319795	-0.367486	 0.349980	-2.667474	-0.281461	 1.291775	-1.731589	-1.836768	 0.837341
-1.619337	-1.239799	-0.353904	-0.319795	-0.272848	 0.351882	-2.561346	-0.281649	 1.286608	-1.824283	-1.829421	 0.810554
-1.615789	-1.234840	-0.353904	-0.319795	-0.225528	 0.352833	-3.003371	 0.218258	 1.281462	-1.866796	-1.822104	 0.795593
-1.610791	-1.229900	-0.353904	-0.319795	-0.201869	 0.353308	-3.217492	 0.466774	 1.276336	-1.884235	-1.814815	 0.786551
-1.605080	-1.224981	-0.353904	-0.319795	-0.190039	 0.353546	-3.317690	 0.089602	 1.271231	-1.389150	-1.807556	 0.780476
-1.599026	-1.220081	-0.353904	-0.319795	-0.184124	 0.353665	-3.360953	-0.098984	 1.266146	-1.139820	-1.800326	 0.775889
-1.092813	-1.215200	-0.353904	-0.319795	-0.181167	-0.146276	-2.875776	 0.306723	 0.761081	-1.013374	-1.793124	 0.772053
-0.838534	-1.210340	-0.353904	-0.319795	-0.179688	-0.394954	-2.628407	 0.508152	 0.508549	-0.948377	-1.785952	 0.768598
-1.210225	-1.205498	-0.353904	-0.319795	-0.178949	-0.518005	-2.999960	 0.107447	 0.882283	-1.414112	-1.778808	 0.765341
-1.392907	-1.200676	-0.353904	-0.319795	-0.178579	-0.578249	-3.178993	-0.092906	 1.066638	-1.643219	-1.771693	 0.762188
-1.481097	-1.195873	-0.353904	-0.319795	-0.178394	-0.607094	-3.261794	-0.193082	 1.156313	-1.754029	-1.764606	 0.759093
-1.522053	-1.191090	-0.353904	-0.319795	-0.178302	-0.620244	-3.296505	-0.243170	 1.198659	-1.305703	-1.757548	 0.756034
-1.539406	-1.186326	-0.353904	-0.319795	-0.178255	-0.625553	-3.307198	-0.268214	 1.217350	-1.079826	-1.750517	 0.752999
-1.544968	-1.181580	-0.353904	-0.319795	-0.178232	-0.126945	-2.805909	-0.280736	 1.224223	-0.965180	-1.743515	 0.749981
-1.544648	-1.176854	-0.353904	-0.319795	-0.178221	 0.122358	-2.550655	-0.286997	 1.225198	-0.906155	-1.736541	 0.746978
-1.541400	-1.172147	-0.353904	-0.319795	-0.678215	 0.247010	-2.418437	-0.290127	 1.223233	-1.374949	-1.729595	 0.743989
-1.536699	-1.167458	-0.353904	-0.319795	-0.925856	 0.309336	-2.347756	-0.291693	 1.219807	-1.605658	-1.722677	 0.741012
-1.531285	-1.662788	-0.353904	-0.319795	-0.547329	 0.340499	-2.807861	 0.207525	 0.715662	-1.217340	-1.715786	 0.738048
-1.525526	-1.906137	-0.353904	-0.319795	-0.358066	 0.356081	-3.031378	 0.455720	 0.463589	-1.021523	-1.708923	 0.735095
-1.519607	-2.023512	-0.353904	-0.319795	-0.263434	 0.363871	-3.136627	 0.578410	 0.337553	-0.921963	-1.702087	 0.732155
-1.513620	-1.577918	-0.353904	-0.319795	-0.216118	 0.367767	-2.682767	-0.361648	 0.774535	-0.870538	-1.695279	 0.729226
-1.507611	-1.352857	-0.353904	-0.319795	-0.192460	 0.369714	-2.451379	-0.829073	 0.990603	-0.843188	-1.688498	 0.726309
-1.501604	-1.238070	-0.353904	-0.319795	-0.180631	-0.129312	-2.331246	-0.560193	 1.096223	-0.827881	-1.681744	 0.723404
-1.495609	-1.178431	-0.353904	-0.319795	-0.174717	-0.377568	-2.266757	-0.425752	 1.146630	-0.818602	-1.675017	 0.720510
-1.489632	-1.146373	-0.353904	-0.319795	-0.171760	-0.000445	-2.230108	 0.141468	 1.169439	-0.812344	-1.668317	 1.217628
-1.483677	-1.128116	-0.353904	-0.319795	-0.170281	 0.188117	-2.207396	 0.423660	 1.178459	-0.807603	-1.661643	 1.462758
-1.477743	-1.116767	-0.353904	-0.319795	-0.169542	 0.282398	-2.191671	 0.563345	 1.180595	-0.803627	-1.654997	 1.581907
-1.471833	-1.108882	-0.353904	-0.319795	-0.169172	 0.329538	-2.179457	 0.631781	 1.179297	-0.800039	-1.648377	 1.638079
-1.465946	-1.102738	-0.353904	-0.319795	-0.168987	 0.353108	-2.169015	 0.664599	 1.176292	-0.796652	-1.641783	 1.662777
-1.460082	-1.097472	-0.353904	-0.319795	-0.168895	 0.364894	-2.159477	 0.179613	 0.672443	-1.293373	-1.635216	 1.671751
-1.454242	-1.092655	-0.353904	-0.319795	-0.168849	 0.370786	-2.150408	-0.062880	 0.420518	-1.538153	-1.628675	 1.672876
-1.448425	-1.088071	-0.353904	-0.319795	-0.168825	 0.373732	-2.141591	-0.184126	 0.794556	-1.156977	-1.622161	 1.170091
-1.442632	-1.083612	-0.353904	-0.319795	-0.168814	 0.375206	-2.132917	-0.244750	 0.979238	-0.964837	-1.615672	 0.917364
-1.436861	-1.079224	-0.353904	-0.319795	-0.168808	-0.124058	-2.124331	-0.275061	 1.069251	-0.867222	-1.609209	 1.289671
-1.431114	-1.074880	-0.353904	-0.319795	-0.168805	-0.372443	-2.115807	-0.290217	 1.111938	-0.816875	-1.602773	 1.472500
-0.925389	-1.070568	-0.353904	-0.319795	-0.168804	 0.004606	-2.107330	-0.297795	 0.630973	-0.790169	-1.596361	 1.060605
-0.672527	-1.066279	-0.353904	-0.319795	-0.168803	 0.193131	-2.098894	-0.301584	 0.390491	-0.775288	-1.589976	 0.853359
-0.546096	-1.062010	-0.353904	-0.319795	-0.168803	 0.287393	-2.090495	-0.303479	 0.270249	-0.766328	-1.583616	 0.748444
-0.982880	-0.557760	-0.353904	-0.319795	-0.168803	 0.334524	-2.582132	-0.304426	 0.710129	-0.760332	-1.577282	 0.694700
-1.198433	-0.305636	-0.353904	-0.319795	-0.168802	 0.358090	-2.821802	-0.304899	 0.927768	-0.755826	-1.570972	 0.666546
-1.303382	-0.179573	-0.353904	-0.319795	-0.168802	 0.369873	-2.435515	-0.305136	 1.034297	-0.752070	-1.564689	 1.151192
-1.353039	-0.116542	-0.353904	-0.319795	-0.168802	 0.375764	-2.238272	-0.305255	 1.085280	-0.748696	-1.558430	 1.390243
-1.375063	-0.585026	-0.353904	-0.319795	-0.168802	 0.378710	-2.635569	-0.305314	 1.108499	-0.745518	-1.552196	 1.506510
-1.383280	-0.817161	-0.353904	-0.319795	-0.168802	 0.380182	-2.828152	-0.305343	 1.117845	-0.742444	-1.545987	 1.561398
-0.884606	-0.931130	-0.353904	-0.319795	-0.668802	 0.380919	-2.418402	-0.305358	 1.120264	-0.739429	-1.539803	 1.585610
-0.635269	-0.986025	-0.353904	-0.319795	-0.916465	 0.381287	-2.209509	-0.305366	 1.119228	-0.736448	-1.533644	 1.594496
-0.510600	-1.011390	-0.353904	-0.319795	-1.037968	 0.381471	-2.101062	-0.305369	 1.116473	-0.733491	-1.527510	 1.595732
-0.448266	-0.521999	-0.353904	-0.319795	-0.596400	 0.381563	-2.542853	 0.194629	 1.112869	-0.730551	-1.521400	 1.593156
-0.417099	-0.277304	-0.353904	-0.319795	-0.375616	 0.381609	-2.757779	 0.443239	 1.108848	-0.727626	-1.515314	 1.588687
-0.901515	-0.654956	-0.353904	-0.319795	-0.265225	 0.381632	-2.359297	 0.566160	 1.104628	-1.224714	-1.509253	 1.083284
-1.140952	-0.841717	-0.353904	-0.319795	-0.210029	 0.381644	-2.156134	 0.626242	 1.100317	-1.469815	-1.503216	 0.829427
