-1.662280	-1.570630	-0.520094	-0.834230	-3.256206	-0.782701	-2.907290	-0.604829	-0.457858	-2.284135	-1.613440	-0.499630
-1.655261	-1.562882	-0.506249	-1.081165	-3.243182	-0.779570	-2.881989	-0.602409	-0.457857	-2.087498	-1.608451	-0.499630
-2.148455	-1.555898	-0.499326	-0.701977	-3.230209	-0.776452	-2.863625	-0.600000	-0.457857	-1.985398	-1.602749	-0.999630
-2.389769	-1.549309	-0.495865	-0.512382	-3.217288	-0.773346	-2.848752	-0.597600	-0.457857	-1.930581	-1.596705	-1.246631
-2.505164	-1.542928	-0.494134	-0.417585	-3.204419	-0.770253	-2.835648	-0.595209	-0.457857	-1.899421	-1.590501	-1.367144
-2.057620	-2.036665	-0.493269	-0.870186	-3.191601	-0.767172	-2.823451	-0.592829	-0.457857	-1.880104	-1.584230	-0.924425
-1.830628	-2.278472	-0.492836	-1.093842	-3.178835	-0.764103	-2.811730	-0.590457	-0.457857	-1.866725	-1.577939	-0.703066
-1.713924	-1.894336	-0.492620	-0.703034	-3.166119	-0.761047	-2.800270	-0.588095	-0.457857	-1.856328	-1.571650	-0.592386
-1.652378	-1.699247	-0.492512	-0.507630	-3.153455	-0.758003	-2.788962	-0.585743	-0.457857	-1.847438	-1.565375	-0.537046
-2.118424	-1.598694	-0.492458	-0.409929	-3.140841	-0.754971	-2.777753	-0.583400	-0.457857	-1.839316	-1.559119	-0.509376
-2.346277	-1.545422	-0.492431	-0.361078	-3.128278	-0.751951	-2.766615	-0.581067	-0.457857	-1.831592	-1.552886	-0.495541
-1.955056	-1.515801	-0.492417	-0.836652	-3.115765	-0.748943	-2.755535	-0.578742	-0.457857	-1.824083	-1.546676	-0.488624
-1.756318	-1.498018	-0.492411	-1.071815	-3.103302	-0.745947	-2.744506	-0.576427	-0.457857	-1.816695	-1.540490	-0.485165
-1.653833	-1.486166	-0.492407	-1.186782	-3.090888	-0.742963	-2.733525	-0.574122	-0.457857	-1.809382	-1.534328	-0.483436
-2.099488	-1.977292	-0.492405	-1.241663	-3.078525	-0.739991	-2.722589	-0.571825	-0.457857	-1.802122	-1.528191	-0.482571
-2.317226	-2.217918	-0.492405	-1.266510	-3.066211	-0.737031	-2.711698	-0.569538	-0.457857	-1.794902	-1.522078	-0.482139
-1.921024	-1.833314	-0.992404	-0.776351	-3.053946	-0.734083	-2.700851	-0.567260	-0.457857	-1.787717	-1.515990	-0.481922
-1.719874	-1.638114	-1.239419	-0.531271	-3.041730	-0.731147	-2.690047	-0.564991	-0.457857	-1.780563	-1.509926	-0.481814
-1.616262	-2.037629	-0.859954	-0.908731	-3.029563	-0.728222	-2.679287	-0.562731	-0.457857	-1.773439	-1.503886	-0.481760
-1.561430	-2.232512	-0.670221	-1.094889	-3.017445	-0.725310	-2.668570	-0.560480	-0.457857	-1.766345	-1.497871	-0.481733
-1.531001	-1.825098	-0.575355	-0.685406	-3.005375	-0.722408	-2.657895	-0.558238	-0.457857	-1.759279	-1.491879	-0.481720
-1.512785	-1.618556	-0.527922	-0.480664	-2.993354	-0.719519	-2.647264	-0.556005	-0.457857	-1.752242	-1.485912	-0.481713
-1.500688	-1.512461	-0.504205	-0.378293	-2.981380	-0.716641	-2.636675	-0.553781	-0.457857	-1.745233	-1.479968	-0.481710
-1.491663	-1.456601	-0.992347	-0.327108	-2.969455	-0.713774	-2.626128	-0.551566	-0.457857	-1.738252	-1.474048	-0.481708
-1.484185	-1.425869	-1.233457	-0.301515	-2.957577	-0.710919	-2.615623	-0.549359	-0.457857	-1.731299	-1.468152	-0.481707
-1.477492	-1.907713	-0.851062	-0.288719	-2.945747	-0.708075	-2.605161	-0.547162	 0.042143	-1.724373	-0.962280	-0.481707
-1.471204	-2.143856	-0.659865	-0.282321	-2.933964	-0.705243	-2.594740	-0.544973	 0.291058	-1.717476	-0.709343	-0.481706
-1.465131	-1.757168	-0.564267	-0.279121	-2.922228	-0.702422	-2.584361	-0.542793	-0.085564	-1.710606	-1.082875	-0.481706
-1.459176	-1.561082	-0.516468	-0.277522	-2.910539	-0.699612	-2.574024	-0.540622	-0.273875	-1.703764	-1.266728	-0.481706
-1.453292	-1.460310	-0.492568	-0.776722	-2.898897	-0.696814	-2.563728	-0.538460	-0.368030	-1.696949	-0.855754	 0.018294
-1.447455	-1.407204	-0.480618	-1.023770	-2.887301	-0.694027	-2.553473	-0.536306	-0.415108	-1.690161	-0.650266	 0.267257
-1.441653	-1.377943	-0.474643	-0.644753	-2.875752	-0.691251	-2.543259	-0.534161	-0.438647	-1.683400	-0.547523	 0.390706
-1.435881	-1.360616	-0.471656	-0.455244	-2.864249	-0.688486	-2.533086	-0.032024	-0.450416	-1.676667	-0.496151	 0.451403
-1.430134	-1.349265	-0.470162	-0.360490	-2.852792	-0.685732	-2.522954	 0.219044	-0.456301	-1.669960	-0.470465	 0.480727
-1.424412	-1.340914	-0.469415	-0.313113	-2.841381	-0.682989	-2.512862	 0.344578	 2.040757	 0.836720	 2.042378	 1.994369
-1.418714	-1.334073	-0.469042	-0.289424	-2.830015	-0.680257	-2.502810	 0.407345	 3.280210	 2.083373	 3.289689	 2.744174
-1.413039	-1.327999	-0.468855	-0.277580	-0.318695	 0.822464	-0.992799	 2.438729	 2.890897	 2.200040	 2.404271	 2.112088
-1.407386	-1.322317	-0.468762	-0.271658	 0.932580	 1.569174	-0.238828	 3.445481	 2.691238	 2.253739	 1.958524	 1.793085
-1.401757	-1.316843	-0.468715	 3.731304	 5.053849	 2.937898	-0.362873	 2.439952	 3.086425	 4.275975	 9.732625	 9.630636
-1.396150	-1.311484	-0.468692	 5.717316	 7.096134	 3.613646	-0.424895	 1.934319	 3.277055	 5.274496	 13.584662	 13.514475
-1.390565	-0.806192	-0.468680	 2.694915	 2.598999	 1.942942	-0.955906	 1.178645	 1.865435	 2.261210	 6.475807	 6.921597
-1.385003	-0.553546	-0.468674	 1.183715	 0.354228	 1.107589	-1.218438	 0.800808	 1.159625	 0.756072	 2.922645	 3.625159
-1.379463	-0.427223	-0.468671	 0.428114	-0.764376	 0.689913	-1.346742	 0.611889	 0.806720	 0.005000	 1.147326	 1.976939
-1.373945	-0.364061	-0.468670	 0.550314	-0.819912	 0.481075	-0.907944	 1.017430	 1.130267	 0.130957	 0.760922	 1.152830
-1.368449	-0.332480	-0.468669	 0.610069	-0.845930	 0.376656	-0.688545	 1.217354	 1.289133	 0.193935	 0.567720	 0.740775
-1.362975	 0.183310	 0.031331	 0.638607	 0.142806	 0.824447	-0.078845	 1.814482	 1.865670	 1.225424	 1.471119	 1.534748
-1.357523	 0.439807	 0.280269	 0.651542	 0.634910	 1.045797	 0.224943	 2.108223	 2.149054	 1.736655	 1.918070	 1.927076
 0.147907	 4.566663	 1.403679	 1.656680	 5.378709	 1.653938	 3.875780	 2.750289	 2.285882	 5.987775	 2.636815	 1.618602
 0.897315	 6.612704	 1.960330	 2.153926	 7.730363	 1.953485	 5.686145	 3.064538	 2.349450	 8.092857	 2.989476	 1.461745
 2.268726	 11.118407	 2.233622	 2.897246	 10.386026	 2.598752	 7.576334	 2.714904	 1.376408	 14.125002	 3.159123	 0.880706
 2.947151	 13.340010	 2.365254	 3.261625	 11.687774	 2.914897	 8.502496	 2.535357	 0.889887	 17.100760	 3.237288	 0.590187
 3.279112	 14.419688	 2.426076	 3.436563	 12.312669	 3.066508	 8.946719	 2.440872	 0.646626	 18.548486	 3.269740	 0.444927
 5.437871	 19.928529	 1.951513	 4.016808	 15.599241	 3.135877	 13.650049	 4.388936	 1.524996	 29.232357	 6.279362	 0.872297
 6.502057	 22.632074	 1.711278	 4.297737	 17.204756	 3.164151	 15.965007	 5.350295	 1.959374	 34.494460	 7.765595	 1.083383
 12.519018	 35.933176	 4.088218	 6.429044	 27.469893	 4.671903	 20.585927	 5.818351	 2.671776	 40.045998	 11.990208	 2.186337
 15.490426	 42.557355	 5.263758	 7.477577	 32.526991	 5.413420	 22.845972	 6.039806	 3.021208	 42.795396	 14.070084	 2.731236
 17.439206	 48.343179	 5.838649	 7.984791	 36.480372	 6.771869	 24.925783	 6.638011	 2.689183	 44.643828	 14.577723	 2.497132
 18.374821	 51.208729	 6.113268	 8.221414	 38.376195	 7.434832	 25.911678	 6.922641	 2.518456	 45.540684	 14.801371	 2.375555
 19.304007	 54.114253	 6.237802	 8.822810	 40.243562	 7.750119	 26.850830	 6.550541	 2.428397	 46.461860	 15.883145	 3.310258
 19.728134	 55.544437	 6.287344	 9.104659	 41.154668	 7.891631	 27.264826	 6.352135	 2.378691	 46.899870	 16.390103	 3.769120
 19.899892	 56.237041	 6.299441	 9.226811	 41.587733	 7.946321	 27.416466	 6.240624	 2.349180	 47.096387	 16.609787	 3.990095
 19.945629	 56.560945	 6.292866	 8.769189	 41.781867	 7.957664	 27.437150	 6.672610	 2.829785	 47.672247	 16.685970	 3.592160
 19.928514	 56.700589	 6.277007	 8.523754	 41.856626	 7.947397	 27.392576	 6.874394	 3.063467	 47.937869	 16.690538	 3.386804
 19.880134	 56.748192	 6.256554	 8.384481	 41.871787	 7.926390	 26.815593	 6.461134	 2.173714	 47.548461	 15.659431	 2.277763
 19.816280	 56.751641	 6.233856	 8.298353	 41.859014	 7.900075	 26.474625	 6.242408	 1.726269	 47.333405	 15.114621	 1.720906
 19.744849	 56.733094	 6.210085	 8.738865	 41.832357	 7.871170	 26.751873	 6.120998	 1.999989	 47.205606	 14.813077	 1.940149
 19.669786	 56.702742	 6.185826	 8.940763	 41.797950	 7.841033	 26.836439	 6.048293	 2.132302	 47.120627	 14.633281	 2.045451
 19.593065	 56.166571	 5.661374	 7.523426	 41.759752	 7.810343	 26.324880	 5.999990	 2.693929	 47.057143	 15.514477	 3.593801
 19.515672	 55.877353	 5.388874	 6.802545	 41.719520	 7.779439	 26.017474	 5.963935	 2.968231	 47.004269	 15.922283	 4.357692
 19.438099	 55.711696	 5.242391	 6.429942	 41.678356	 7.748489	 25.812351	 5.934052	 3.098897	 46.956783	 16.093526	 4.729394
 19.360591	 56.107904	 5.658958	 7.231525	 41.636810	 7.717580	 26.158575	 6.407302	 3.157771	 46.912077	 16.146618	 4.405043
 19.283271	 56.284238	 5.855090	 7.616251	 41.594267	 7.686751	 26.278677	 6.630166	 3.180775	 46.867954	 16.140765	 4.234706
 18.706199	 56.350723	 5.941054	 7.792612	 41.551314	 7.156025	 25.785931	 6.227891	 3.185869	 46.824211	 16.105568	 3.141409
 18.381405	 56.363704	 5.971982	 7.864854	 41.509576	 6.877412	 25.488971	 6.015103	 3.182035	 46.782077	 16.055829	 2.590664
 18.182895	 55.850014	 5.975440	 7.885101	 40.968526	 6.724908	 25.290107	 5.397104	 2.673761	 46.240830	 15.498947	 3.311211
 18.047671	 55.567193	 5.965211	 7.879414	 40.617146	 6.635511	 25.140493	 5.078547	 2.415293	 45.944230	 15.190622	 3.663422
 17.944234	 55.399911	 5.948187	 7.860823	 40.360924	 6.577720	 25.015704	 4.909748	 2.281745	 45.770059	 14.006695	 2.331496
 17.856834	 55.291501	 5.927812	 7.835843	 40.152604	 6.535785	 24.903528	 4.815867	 2.210675	 45.658205	 13.389086	 1.663534
 17.777595	 55.212627	 5.905810	 7.807731	 39.968555	 6.501829	 24.797857	 4.759482	 2.170861	 45.577609	 13.054739	 1.327561
 17.702579	 55.148620	 5.883042	 7.778116	 39.796962	 6.471916	 24.695637	 4.721884	 2.146692	 45.512740	 12.862124	 1.157592
 17.629816	 55.092144	 5.859937	 7.747812	 39.631915	 6.444075	 24.595340	 4.693716	 2.130362	 45.455834	 12.740478	 1.070632
 17.558320	 55.039532	 5.336711	 7.717224	 39.470457	 6.417322	 24.496202	 4.670301	 2.117969	 45.403006	 12.654417	 1.025185
 17.487599	 54.989149	 5.065471	 7.686557	 39.311111	 6.391165	 24.397838	 4.649300	 2.107561	 45.352515	 12.586250	 1.000502
 17.417404	 54.939977	 5.420262	 7.655912	 39.153134	 6.365356	 24.300058	 4.629542	 2.098163	 45.303290	 12.527130	 0.986209
 17.347613	 54.891306	 5.586108	 7.625339	 38.996155	 6.339772	 24.202763	 4.610444	 2.089287	 45.254592	 12.472634	 0.977118
 17.278161	 54.842983	 5.657527	 7.594863	 38.839987	 6.314352	 24.105905	 4.591712	 2.080688	 45.206255	 12.420550	 0.970637
 17.209018	 54.794929	 5.681778	 7.564496	 38.684536	 6.289064	 24.009457	 4.573200	 2.072244	 45.158194	 12.369771	 0.965468
 17.140167	 54.747105	 5.682492	 7.534244	 38.529752	 6.263893	 23.913408	 4.554835	 2.063894	 45.110367	 12.319744	 0.960963
 17.071598	 54.699491	 5.671483	 7.504110	 38.375610	 6.238830	 23.817748	 5.036580	 2.055609	 45.062752	 13.770190	 2.456797
 17.003308	 54.650678	 5.654657	 7.474096	 38.222096	 6.213871	 23.722474	 5.266415	 2.047371	 45.013938	 14.464973	 3.196809
 16.935293	 54.601364	 5.634968	 7.444200	 38.069202	 6.189013	 23.627583	 5.370340	 2.039174	 44.964624	 14.782044	 3.558942
 16.867551	 54.551901	 5.613893	 7.414424	 37.916922	 6.164256	 23.533072	 5.411355	 2.031014	 44.915160	 14.910382	 3.732166
 16.800080	 54.502461	 5.592170	 7.384766	 37.765253	 6.139599	 23.438939	 4.920957	 2.022888	 44.865720	 13.444473	 2.310967
 16.732880	 54.454532	 5.570168	 7.355227	 37.614191	 6.115040	 23.345183	 4.666897	 2.014795	 44.817791	 12.687562	 1.598588
 16.665948	 54.407451	 5.548070	 7.325806	 37.963734	 6.090580	 23.251802	 5.031041	 2.006735	 45.270710	 13.785245	 2.740626
 16.599284	 54.359287	 5.525970	 7.296503	 38.061879	 6.066217	 23.158795	 5.202323	 1.998708	 45.472546	 14.304320	 3.303880
 16.532887	 54.310680	 5.503912	 7.267317	 38.034631	 6.041953	 23.066160	 5.277217	 1.990713	 45.548939	 14.534211	 3.577773
 16.966755	 55.761949	 5.481919	 7.238248	 38.444993	 6.017785	 23.473895	 4.803959	 1.982750	 46.062708	 14.619628	 3.207016
 17.148888	 56.463054	 5.460003	 7.209295	 38.572463	 5.993714	 23.630000	 4.558669	 1.974819	 46.295063	 14.632927	 3.015964
 14.205293	 48.289176	 3.938168	 7.180458	 36.058798	 5.969739	 22.160480	 4.427397	 1.466920	 41.386810	 8.110284	 0.414789
 12.710972	 44.122006	 3.172419	 7.151736	 34.734875	 5.945860	 21.384338	 4.353169	 1.211052	 38.859726	 4.845787	-0.881426
 8.441378	 35.458511	 1.284730	 4.123129	 24.506092	 3.422076	 13.955050	 2.807497	-0.418792	 28.523518	 2.710376	-1.025178
 6.298237	 31.073174	 0.342092	 2.606636	 19.363146	 2.158388	 10.227355	 2.032138	-1.229617	 23.319040	 1.641521	-1.094716
 4.218357	 24.327129	-0.128026	 1.346210	 13.263232	 1.524754	 6.850508	 1.141944	-0.630948	 16.180572	 0.605948	-0.127157
 3.174140	 20.918945	-0.361889	 0.715997	 10.198949	 1.206155	 5.155137	 0.696848	-0.331614	 12.593253	 0.088161	 0.354942
 1.647771	 15.679831	-0.477628	 0.400890	 5.652538	 1.045081	 2.300532	 0.974299	 0.318053	 5.781582	-1.170732	 0.094318
 0.884587	 13.039393	-0.534312	 0.243337	 3.377120	 0.962775	 0.874338	 1.110522	 0.640951	 2.377807	-1.795320	-0.035995
 0.502995	 11.698376	-0.561471	 0.164560	 2.237208	 0.919862	 0.162345	 1.176139	 0.800473	 0.677971	-2.102774	-0.101151
-2.187801	 4.007153	-1.073874	-0.874828	-2.834943	-0.103349	-3.192553	 0.206465	-0.121687	-1.669903	-2.751680	-0.633729
-3.523442	 0.168909	-1.326903	-1.390694	-5.355204	-0.612701	-4.856907	-0.276846	-0.580679	-2.835804	-3.069332	-0.897685
-4.181544	-2.242874	-1.450257	-1.644814	-7.099584	-0.865133	-6.176041	-0.516981	-0.808095	-4.410752	-3.221384	-0.527340
-4.500916	-3.439456	-1.508787	-1.768076	-7.954086	-0.989114	-6.820618	-0.635535	-0.919733	-5.186254	-3.290663	-0.342168
-4.650962	-4.028475	-1.534917	-1.825924	-8.363719	-1.048878	-7.127976	-1.193303	-0.973489	-5.062082	-3.818583	-0.749582
-4.716382	-4.313750	-1.544861	-1.851081	-8.550990	-1.076543	-7.266784	-1.468685	-0.998312	-4.990120	-4.073850	-0.950974
-4.739529	-4.447189	-1.546722	-1.859907	-8.627148	-1.088167	-7.321377	-1.602888	-1.008677	-5.444302	-4.192825	-1.049366
-4.741577	-4.504747	-1.544556	-1.860582	-8.647821	-1.091779	-7.333922	-1.666516	-1.011822	-5.659597	-4.243689	-1.096267
-4.733114	-4.524402	-1.540388	-1.857197	-8.640820	-1.091395	-7.325501	-1.694869	-1.011364	-5.755494	-4.260532	-1.117430
-4.719433	-4.525141	-1.535232	-1.851797	-8.620052	-1.089021	-7.306657	-1.705599	-1.509114	-5.291740	-4.260399	-1.125735
-4.703181	-4.516459	-1.529594	-1.845405	-8.592470	-1.085660	-7.282659	-1.707532	-1.753975	-5.050207	-4.251811	-1.127619
-4.685681	-4.503102	-1.523727	-2.338530	-8.561549	-1.081815	-7.256142	-1.705079	-1.372408	-5.419823	-4.239031	-1.126302
-4.667595	-4.487444	-1.517757	-2.579430	-8.529027	-1.077737	-7.228425	-1.700447	-1.179642	-5.593052	-4.224189	-1.123394
-4.649253	-4.470672	-1.511749	-2.194239	-8.495773	-1.573550	-7.200165	-1.694740	-1.081286	-5.168134	-4.208349	-1.119699
-4.630820	-4.453378	-1.505734	-1.998025	-8.462221	-1.817318	-7.171691	-1.688508	-1.030142	-4.946189	-4.192044	-1.115619
-4.612378	-5.435859	-1.499726	-1.896315	-8.928588	-1.435080	-7.143168	-1.682028	-1.002612	-4.825768	-4.175540	-1.111356
-4.593970	-5.914262	-1.493735	-1.841870	-9.142981	-1.241856	-7.114677	-1.675436	-0.986897	-4.756146	-4.158970	-1.107011
-4.575615	-6.140679	-1.487764	-1.811073	-9.231463	-1.143146	-7.086259	-1.668803	-0.977097	-4.711963	-4.142400	-1.102633
-4.557322	-5.241153	-1.481815	-1.792114	-8.757064	-1.591702	-7.057934	-1.662162	-0.970262	-4.680535	-3.625863	-1.098247
-4.539098	-4.782707	-1.475889	-1.779088	-8.503299	-1.811900	-7.029713	-1.655530	-0.964918	-4.655523	-3.361377	-1.093867
-4.520944	-4.544835	-1.469986	-1.769043	-8.359918	-1.917934	-7.001599	-1.648917	-0.960327	-4.633756	-3.722939	-1.089497
-4.502862	-4.417285	-1.464106	-1.760503	-8.271794	-1.966904	-6.973595	-1.642325	-0.956120	-4.613649	-3.895552	-1.085142
-4.484851	-4.344931	-1.458250	-2.252729	-8.211365	-1.987357	-7.445702	-1.635758	-0.952112	-4.594408	-3.973722	-1.080803
-4.466912	-4.300209	-1.452417	-2.493352	-8.164848	-1.993568	-7.665920	-1.629216	-0.948212	-4.575637	-4.004703	-1.076481
-4.449044	-4.269336	-1.446607	-2.108195	-8.125353	-1.492674	-7.260257	-1.622700	-1.444374	-4.557138	-4.012122	-1.072175
-4.431248	-4.245423	-1.440821	-1.912171	-8.089434	-1.240243	-7.043716	-1.616209	-1.688574	-4.538811	-4.007792	-1.067887
-4.413523	-4.225024	-1.435058	-1.810726	-8.055368	-1.112052	-6.921791	-1.609745	-1.806808	-4.520607	-3.997621	-1.063616
-4.395869	-4.206415	-1.429317	-1.756586	-8.022292	-1.545989	-6.847229	-1.603306	-1.362075	-4.502500	-3.984560	-1.059361
-4.378286	-4.188735	-1.423600	-1.726110	-7.989775	-1.758997	-6.796402	-1.596893	-1.137874	-4.484478	-3.970087	-1.055124
-4.360773	-4.171553	-1.417906	-1.707481	-7.957603	-1.861558	-6.757498	-2.090505	-1.023946	-4.466534	-3.454939	-1.050903
-4.343330	-4.154653	-1.412234	-1.694789	-7.925665	-1.908909	-6.724609	-2.332143	-0.965162	-4.448664	-3.191485	-1.046700
-4.325956	-4.137927	-1.406585	-1.685079	-7.893909	-1.428673	-6.694781	-1.947815	-0.933957	-4.430868	-3.053902	-0.542513
-4.308653	-4.121322	-1.400959	-1.676873	-7.862307	-1.186658	-6.666537	-1.752523	-0.916549	-4.413144	-2.979278	-0.290419
-4.291418	-4.104810	-1.395355	-1.669433	-7.830844	-1.563761	-6.639138	-1.651763	-0.906047	-4.395491	-3.436157	-0.664373
-4.274252	-4.088378	-1.389774	-1.662389	-7.799514	-1.748431	-6.612215	-1.598281	-0.899005	-4.377909	-3.656810	-0.849273
-4.257155	-4.072018	-1.384214	-1.655556	-7.768313	-1.836899	-6.585583	-1.568451	-0.893700	-4.360397	-3.759382	-0.939654
-4.240127	-4.555726	-1.378678	-1.648842	-7.737238	-1.877283	-6.559149	-1.550458	-0.889270	-4.342956	-3.802944	-0.482785
-4.223166	-4.787502	-1.373163	-1.642201	-7.706288	-1.893640	-6.532867	-1.538397	-0.885286	-4.325584	-3.817032	-0.254351
-4.206273	-4.393351	-1.367670	-1.635609	-7.675463	-1.897998	-6.506713	-1.529313	-0.881531	-4.308281	-3.316414	-0.140133
-4.189448	-4.188277	-1.362200	-1.629055	-7.644761	-1.896372	-6.480674	-1.521731	-0.877898	-4.291048	-3.060473	-0.083025
-4.172691	-4.577774	-1.356751	-1.622533	-7.614182	-1.891770	-6.454746	-1.514912	-0.874333	-4.273884	-3.426893	-0.054470
-4.156000	-4.762587	-1.351324	-1.616040	-7.583725	-1.885694	-6.428924	-1.508486	-0.870809	-4.256788	-3.602517	-0.040193
-4.139376	-4.345099	-1.345918	-1.609575	-7.553390	-1.878897	-6.403207	-1.502269	-0.867313	-4.239761	-3.182773	-0.033054
-4.122818	-4.128500	-1.340535	-1.603136	-7.523176	-1.871755	-6.377593	-1.496168	-0.863837	-4.222802	-2.967374	-0.029485
-4.106327	-4.012377	-1.335173	-1.596723	-7.493084	-1.864454	-6.352083	-1.490138	-0.860378	-4.205911	-2.854171	-0.027701
-4.089902	-3.946523	-1.329832	-1.590336	-7.463111	-1.357090	-6.326674	-0.984155	-0.856935	-4.189087	-2.792088	-0.526808
-4.073542	-3.905834	-1.324513	-1.583974	-7.433259	-1.101708	-6.301367	-0.731163	-0.853506	-4.172331	-2.755586	-0.774310
-4.057248	-3.877760	-1.319215	-1.577638	-7.403526	-1.472324	-6.276162	-0.604667	-0.850092	-4.155642	-2.731897	-0.396018
-4.041019	-3.856023	-1.313938	-1.571328	-7.373912	-1.653947	-6.251057	-0.541419	-0.846691	-4.139019	-2.714636	-0.206871
-4.024855	-3.837486	-1.308682	-1.565043	-7.344416	-1.741087	-6.226053	-0.509795	-0.843304	-4.122463	-2.700611	-0.112298
-4.008755	-3.820580	-1.303447	-1.558782	-7.315038	-1.781000	-6.201149	-0.493983	-0.839931	-4.105973	-2.688225	-0.065012
-3.992720	-3.804519	-1.298233	-1.552547	-7.285778	-1.797315	-6.176344	-0.486077	-0.836571	-4.089549	-2.676680	-0.041368
-3.976750	-3.788912	-1.293040	-1.546337	-7.256635	-1.801845	-6.151639	-0.482124	-0.833225	-4.073191	-2.665578	-0.029547
-3.960843	-3.773562	-1.287868	-1.540152	-7.227608	-1.800498	-6.127032	-0.480148	-0.829892	-4.056898	-2.654718	-0.023636
-3.944999	-3.758370	-1.282717	-1.533991	-6.698698	-1.296226	-6.102524	-0.979159	-0.826573	-4.040671	-2.644000	-0.020680
-3.929219	-3.743288	-1.277586	-1.527855	-6.421903	-1.042506	-6.078114	-1.225709	-0.823266	-4.024508	-2.633374	-0.019203
-3.913502	-3.728291	-1.272476	-1.521744	-6.771216	-0.914068	-6.053802	-0.846039	-0.819973	-4.008410	-2.622816	-0.018464
-3.897848	-3.713366	-1.267386	-1.515657	-6.931631	-0.848278	-6.029586	-0.656204	-0.816693	-3.992376	-2.612313	-0.018094
-3.882257	-3.698506	-1.262316	-1.509594	-6.997654	-0.813818	-6.005468	-0.561287	-0.813427	-3.976407	-2.601857	-0.017910
-3.866728	-3.683709	-1.257267	-1.503556	-7.016539	-0.795029	-5.981446	-0.513828	-0.810173	-3.960501	-2.591447	-0.017817
-3.851261	-3.668973	-1.252238	-1.497541	-7.011910	-0.784083	-5.957520	-0.990099	-0.806932	-3.944659	-2.581079	-0.017771
-3.835856	-3.654296	-1.247229	-1.491551	-6.995581	-0.777063	-5.933690	-1.225301	-0.803705	-3.928881	-2.570754	-0.017748
-3.820512	-3.639678	-1.242240	-1.485585	-6.973458	-0.772013	-5.909955	-1.339982	-0.800490	-3.913165	-2.560471	-0.017737
-3.805230	-3.625119	-1.237271	-1.479643	-6.448494	-0.767954	-5.886316	-1.394412	-0.297288	-3.897512	-2.550229	-0.017731
-3.790010	-3.610619	-1.232322	-1.473724	-6.174165	-0.764397	-5.862770	-1.418730	-0.045687	-3.881922	-2.540028	-0.017728
-3.774849	-3.596176	-1.227393	-1.467829	-6.525201	-0.761097	-5.839319	-0.928003	-0.419886	-3.866395	-2.529867	-0.017726
-3.759750	-3.581792	-1.222483	-1.461958	-6.686966	-0.757931	-5.815962	-0.682639	-0.605398	-3.850929	-2.519748	-0.017726
-3.744711	-3.567464	-1.217593	-1.456110	-6.754151	-0.754838	-5.792698	-1.059958	-0.196572	-3.835525	-2.509669	-0.017725
-3.729732	-3.553195	-1.212723	-1.450286	-6.774101	-0.751789	-5.769527	-1.245742	 0.007841	-3.820183	-2.499630	-0.017725
-3.714813	-3.538982	-1.207872	-1.444485	-6.770488	-1.248766	-5.746449	-1.335771	-0.389952	-3.304903	-2.489632	-0.017725
-3.699954	-3.524826	-1.203040	-1.438707	-6.755148	-1.493764	-5.723463	-1.377934	-0.587274	-3.041683	-2.479673	-0.017725
-3.685154	-3.510727	-1.198228	-1.432952	-6.733998	-1.612785	-5.700570	-1.396176	-0.684365	-2.904516	-2.469755	-0.017725
-3.670414	-3.496684	-1.193435	-1.427220	-6.209997	-1.168832	-5.677767	-0.902467	-0.731348	-3.330398	-2.459876	-0.017725
-3.655732	-3.482697	-1.188662	-1.421511	-5.936625	-0.945406	-5.655056	-0.655613	-0.753283	-3.535827	-2.450036	-0.017725
-3.641109	-3.468766	-1.183907	-1.415825	-6.288612	-1.332248	-5.632436	-0.532186	-0.762700	-3.131058	-2.440236	-0.017725
-3.626545	-3.454891	-1.179171	-1.410162	-6.451325	-1.522232	-5.609906	-0.470473	-0.765864	-2.923222	-2.430475	-0.017725
-3.612038	-3.441072	-1.174455	-1.404521	-6.519453	-1.113799	-5.587467	-0.939616	-0.765908	-3.313872	-2.420753	-0.017725
-3.597590	-3.427307	-1.169757	-1.398903	-6.540342	-0.908172	-5.565117	-1.171370	-0.764398	-3.501789	-2.411070	-0.017725
-3.583200	-3.413598	-1.165078	-1.393307	-6.537664	-1.303953	-5.542856	-1.284441	-0.762117	-3.588368	-2.401426	-0.517725
-3.568867	-3.399944	-1.160417	-1.387734	-6.523255	-1.498444	-5.520685	-1.338181	-0.759457	-3.624307	-2.391820	-0.765690
-3.554592	-3.386344	-1.155776	-1.382183	-6.503033	-1.592304	-5.498602	-1.362268	-0.756614	-3.634956	-2.382253	-0.887644
-3.540373	-3.372798	-1.151153	-1.376655	-6.479956	-1.135862	-5.476608	-0.871538	-0.753684	-3.632990	-2.372724	-0.446603
-3.526212	-3.359307	-1.146548	-1.371148	-6.455504	-0.906282	-5.454701	-0.626173	-0.750718	-3.624744	-2.363233	-0.226082
-3.512107	-3.345870	-1.141962	-1.365663	-6.430416	-0.790138	-5.432883	-0.503491	-0.747739	-3.113389	-2.353780	-0.115821
-3.498058	-3.332487	-1.137394	-1.360201	-6.405061	-0.730718	-5.411151	-0.442150	-0.744761	-2.852507	-2.344365	-0.060691
-3.484066	-3.319157	-1.132844	-1.354760	-5.879624	-0.699666	-5.389506	-0.911479	-0.241788	-3.216883	-2.334987	-0.033126
-3.470130	-3.305880	-1.128313	-1.349341	-5.606198	-0.682803	-5.367948	-1.143382	 0.009699	-3.391908	-2.325647	-0.019344
-3.456249	-3.292656	-1.123800	-1.343943	-5.958819	-0.673039	-5.346477	-0.756583	-0.364558	-3.472287	-2.316345	-0.012452
-3.442424	-3.279486	-1.119305	-1.338568	-6.122506	-0.666831	-5.325091	-0.563184	-0.550209	-3.505371	-2.307079	-0.009007
-3.428655	-3.266368	-1.114827	-1.333213	-6.191778	-0.662405	-5.303790	-0.466484	-0.641562	-3.514836	-2.297851	-0.007284
-3.414940	-3.253302	-1.110368	-1.327881	-5.713891	-0.658876	-5.282575	-0.918134	-0.185773	-3.512520	-2.288660	-0.006422
-3.401280	-3.240289	-1.105927	-1.322569	-5.464476	-0.655801	-5.261445	-1.141220	 0.042121	-3.504342	-2.279505	-0.005992
-3.387675	-3.227328	-1.101503	-1.317279	-5.829338	-0.652958	-5.240399	-1.250034	 0.156068	-3.493260	-2.270387	-0.005776
-3.374125	-3.214419	-1.097097	-1.312010	-5.999381	-0.650237	-5.219437	-1.301723	 0.213042	-3.480755	-2.261306	-0.005669
-3.360628	-3.201561	-1.092709	-1.306762	-6.072064	-0.647581	-5.198560	-1.324861	 0.241529	-2.967566	-2.252260	-0.005615
-3.347186	-3.188755	-1.088338	-1.301535	-6.096116	-0.644963	-5.177765	-1.333734	 0.255772	-2.706063	-2.243251	-0.005588
-3.333797	-3.176000	-1.083984	-1.296328	-5.595901	-0.642369	-4.657054	-0.835485	 0.262894	-2.570422	-2.234278	-0.005575
-3.320462	-3.163296	-1.079648	-1.291143	-5.335602	-0.639793	-4.388426	-0.586361	 0.266455	-2.497732	-2.225341	-0.005568
-3.307180	-3.150643	-1.075330	-1.285979	-5.195303	-0.637231	-4.245873	-0.461799	 0.268235	-2.456537	-2.216440	-0.005564
-3.293951	-3.138040	-1.071028	-1.280835	-5.615043	-0.634680	-4.166389	-0.399517	-0.230875	-2.431109	-2.207574	-0.005563
-3.280775	-3.125488	-1.066744	-1.275711	-5.812843	-0.632140	-4.118473	-0.368377	-0.478969	-2.413583	-2.198744	-0.005562
-3.267652	-3.112986	-1.062477	-1.270608	-5.399722	-0.629611	-4.586375	-0.352807	-0.601563	-2.400028	-2.189949	-0.005561
-3.254582	-3.100534	-1.058227	-1.265526	-5.183188	-0.627093	-4.810217	-0.345022	-0.661411	-2.388478	-2.181189	-0.005561
-3.241563	-2.588132	-1.053995	-1.260464	-5.564988	-0.624584	-4.412069	-0.341129	-0.189893	-2.377949	-2.172464	-0.005561
-3.228597	-2.327779	-1.049779	-1.255422	-5.743994	-0.622086	-4.204968	-0.339183	 0.045866	-2.367950	-2.163774	-0.005561
-3.215683	-2.693468	-1.045579	-1.250400	-5.321652	-0.619597	-4.593422	-0.338210	-0.336254	-2.358234	-2.155119	-0.505561
-3.202820	-2.870194	-1.041397	-1.245399	-5.100682	-0.617119	-4.777685	-0.337723	-0.525878	-2.348679	-2.146499	-0.753550
-3.190009	-2.952464	-1.037232	-1.240417	-5.480437	-1.114651	-4.859892	-0.837480	-0.619258	-2.839223	-2.137913	-0.375541
-3.177249	-2.987529	-1.033083	-1.235455	-5.658595	-1.360192	-4.891112	-1.084684	-0.664523	-3.077836	-2.129361	-0.186537
-3.164540	-2.999016	-1.028950	-1.230514	-5.736000	-1.479751	-4.896877	-1.205622	-0.685736	-3.190510	-2.120844	-0.092035
-3.151881	-2.998739	-1.024835	-1.225592	-5.263075	-1.036332	-4.889954	-1.263438	-0.694929	-3.240240	-2.112360	-0.544784
-3.139274	-2.992603	-1.020735	-1.220689	-5.017033	-0.813437	-4.876727	-1.289703	-0.698117	-3.258525	-2.103911	-0.769163
-3.126717	-2.983562	-1.016652	-1.215806	-5.384470	-0.700808	-4.860386	-1.300204	-0.698308	-2.761114	-2.095495	-0.379366
-3.114210	-2.973093	-1.012586	-1.210943	-5.556684	-0.643317	-4.842528	-1.302833	-0.697007	-2.507881	-2.087113	-0.184467
-3.101753	-2.961933	-1.008535	-1.206099	-5.631334	-1.113400	-4.823949	-0.801537	-0.694965	-2.876755	-2.078765	-0.587018
-3.089346	-2.950452	-1.004501	-1.201275	-5.657247	-1.345275	-4.805049	-0.550888	-0.692558	-3.054701	-2.070450	-0.786314
-3.076989	-2.938833	-1.000483	-1.696470	-5.658837	-1.458058	-4.786027	-0.925564	-0.689974	-3.137209	-2.562168	-0.883991
-3.064681	-2.927169	-0.996481	-1.939684	-5.648311	-1.511308	-4.766982	-1.110302	-0.687308	-3.172023	-2.801919	-0.930866
-3.052422	-2.915506	-0.992495	-2.056925	-5.631773	-1.534803	-4.747963	-1.200080	-0.684605	-3.183017	-2.915712	-0.952348
-3.040212	-2.903867	-0.988525	-1.611198	-5.612273	-1.543435	-4.728996	-0.742390	-0.681890	-3.182126	-2.466549	-0.961141
-3.028051	-2.892263	-0.984571	-1.386003	-5.591337	-1.544646	-4.710092	-0.513545	-0.679174	-3.175317	-2.237933	-0.963598
-3.015939	-2.880700	-0.980633	-1.271084	-6.069729	-1.542160	-4.691258	-0.899122	-0.676463	-3.165576	-2.119606	-0.462894
-3.003875	-2.869180	-0.976710	-1.211312	-6.295828	-1.537838	-4.672496	-1.089341	-0.673760	-3.154394	-2.056440	-0.212543
-2.991860	-2.857705	-0.972804	-1.179123	-5.895834	-1.532610	-4.653808	-1.181892	-0.671067	-3.142517	-2.520870	-0.587367
-2.979893	-2.846274	-0.968912	-1.160735	-5.684846	-1.526941	-4.635193	-1.225618	-0.668383	-3.130317	-2.747115	-0.772854
-2.967973	-2.834890	-0.965037	-1.649256	-6.068404	-1.521064	-4.616653	-1.244943	-0.665710	-3.117980	-2.354291	-0.863681
-2.956101	-2.823550	-0.961177	-1.889241	-6.247279	-1.515095	-4.598187	-1.252077	-0.663047	-3.105601	-2.153955	-0.907186
-2.944277	-2.812256	-0.957332	-2.004975	-6.323864	-1.509092	-4.579794	-1.253125	-0.660395	-3.093225	-2.049881	-0.927037
-3.432500	-2.801007	-0.953503	-2.058600	-5.849355	-1.503085	-4.561475	-1.251141	-0.657754	-3.080875	-2.493952	-0.935069
-3.668770	-2.789803	-0.949688	-2.081189	-5.601352	-1.497087	-4.543229	-1.247650	-0.655123	-3.068563	-2.710111	-0.937198
-3.279094	-2.778644	-0.945890	-1.588275	-5.466643	-1.491106	-4.525056	-1.243417	-0.652502	-3.056295	-2.812338	-0.936384
-3.078478	-2.767529	-0.942106	-1.339628	-5.388625	-1.485145	-4.506956	-1.238822	-0.649892	-3.044072	-2.857623	-0.934106
-2.972414	-2.756459	-0.938338	-1.713122	-5.338995	-1.479206	-4.488928	-1.234056	-0.647293	-3.031898	-2.874459	-0.931104
-2.913650	-2.745433	-0.934584	-1.895696	-5.303601	-1.473290	-4.470972	-1.229214	-0.644704	-3.019771	-2.877095	-0.927746
-2.878557	-2.734452	-0.930846	-1.982827	-5.775367	-1.467398	-4.453088	-0.724345	-1.142125	-3.007692	-2.372653	-0.924219
-2.855324	-2.723514	-0.927123	-2.022252	-5.998756	-1.461528	-4.435276	-0.471910	-1.387556	-2.995661	-2.116696	-0.920613
-2.838044	-2.712620	-0.923414	-2.037841	-6.098007	-1.455682	-4.417535	-0.345693	-1.507006	-2.983679	-1.984996	-0.916977
-2.823762	-2.701769	-0.919721	-2.041529	-5.635237	-1.449860	-4.399865	-0.782584	-1.063478	-2.971744	-2.415439	-0.913332
-2.811002	-2.690962	-0.916042	-2.039283	-5.393508	-1.444060	-4.382265	-0.998591	-0.840474	-2.959857	-2.624969	-0.909690
-2.799026	-2.680198	-0.912377	-1.534085	-5.262339	-1.438284	-4.364736	-1.104165	-0.727737	-2.948018	-2.724065	-0.906057
-2.787463	-2.669478	-0.908728	-1.279429	-5.186493	-1.432531	-4.347277	-1.154532	-0.670139	-2.936226	-2.767967	-0.902436
-2.776130	-2.658800	-1.405093	-1.150051	-5.138348	-1.426801	-4.329888	-1.177306	-0.640114	-2.924481	-2.284294	-0.898827
-2.764934	-2.648165	-1.649473	-1.083321	-5.104095	-1.421093	-4.312569	-1.186293	-0.623882	-2.912783	-2.038856	-0.895233
-2.753829	-2.637572	-1.267875	-1.047922	-5.076829	-1.415409	-4.295318	-1.188396	-0.614551	-2.901132	-1.912550	-0.391652
-2.742791	-2.627022	-1.075303	-1.028198	-5.053097	-1.409747	-4.278137	-1.187066	-0.608674	-2.889527	-1.845825	-0.139862
-2.731808	-2.616514	-0.977252	-1.016319	-5.031172	-1.404108	-4.261025	-1.184030	-0.604531	-2.877969	-1.808904	-0.013967
-2.720875	-2.606047	-0.926468	-1.008371	-5.010192	-1.398492	-4.243981	-1.180150	-0.601258	-2.866457	-2.286900	-0.451019
-2.709989	-2.595623	-0.899325	-1.002396	-4.989723	-1.392898	-4.227005	-1.175858	-0.598426	-2.854991	-2.520368	-0.667769
-2.699147	-2.585241	-0.884009	-0.997415	-4.969550	-1.387326	-4.210097	-1.171368	-0.595819	-2.843571	-2.631594	-0.774375
-2.688350	-2.574900	-0.874613	-0.992940	-4.949565	-1.381777	-4.193256	-1.166790	-0.593328	-2.832197	-2.681722	-0.825916
-2.677596	-2.564600	-1.368185	-1.488726	-4.929713	-1.376250	-4.176483	-1.162176	-0.590902	-2.820868	-2.701322	-0.849932
-2.666886	-2.554342	-1.611248	-1.732650	-4.909967	-1.370745	-4.159777	-1.157554	-0.588511	-2.809585	-2.705680	-0.860192
-2.656218	-2.544124	-1.229070	-1.350658	-4.890314	-1.365262	-4.143138	-1.152937	-0.586144	-2.798347	-2.702439	-0.863581
-2.645593	-2.533948	-1.036288	-1.157725	-4.870746	-1.359801	-4.126566	-1.148332	-0.583793	-2.787153	-2.695420	-0.863541
-2.635011	-2.523812	-0.938209	-1.059329	-4.851260	-1.354362	-4.110059	-1.143742	-0.581454	-2.776005	-2.686534	-0.861795
-2.624471	-2.513717	-0.887490	-1.508209	-4.831853	-1.348944	-4.093619	-1.139169	-0.579127	-2.764901	-2.676735	-0.859201
-2.613973	-2.503662	-0.860457	-1.728735	-4.812525	-1.343549	-4.077245	-1.134613	-0.576809	-2.753841	-2.666502	-0.856191
-2.603517	-2.993647	-0.845273	-1.835100	-4.793274	-1.338174	-4.060936	-1.130075	-0.574502	-2.742826	-2.656073	-0.852980
-2.593103	-3.231673	-0.836021	-1.884399	-4.774101	-1.332822	-4.044692	-1.125555	-0.572204	-2.731854	-2.645567	-0.849675
-3.082730	-3.343746	-0.829742	-1.905181	-4.755004	-1.327490	-4.028513	-1.121053	-0.569915	-2.720927	-2.635044	-0.846329
-3.320399	-3.392871	-0.824955	-1.911720	-4.735984	-1.322180	-4.012399	-1.116569	-0.567635	-2.710043	-2.624534	-0.842971
-2.932118	-2.910550	-0.820922	-1.411154	-4.717040	-1.316892	-3.996349	-1.112102	-0.565364	-2.699203	-2.614050	-0.839612
-2.732889	-2.664532	-0.817271	-1.159049	-4.698172	-1.311624	-3.980364	-1.107654	-0.563103	-2.688406	-2.603602	-0.836260
-2.628208	-2.536687	-0.813818	-1.031183	-4.679379	-1.306378	-3.964443	-1.103223	-0.560850	-2.677653	-2.593191	-0.832919
-3.070820	-2.467946	-0.810471	-1.465443	-4.660662	-1.301152	-3.948585	-0.598810	-0.558607	-2.666942	-2.082820	-0.829589
-3.285099	-2.428778	-0.807184	-1.678774	-4.642019	-1.295948	-3.932791	-0.346604	-0.556373	-2.656274	-1.824490	-0.826271
-2.885240	-2.404414	-0.803932	-1.281655	-4.623451	-1.290764	-3.917059	-0.720501	-0.554147	-2.645649	-2.192192	-0.822966
-2.680340	-2.387472	-0.800705	-1.081326	-4.604957	-1.285601	-3.901391	-0.905260	-0.551931	-2.635066	-2.370924	-0.819675
-3.072939	-2.374260	-0.797496	-0.979400	-5.086538	-1.280458	-3.885786	-0.995460	-0.549723	-2.624526	-2.455190	-0.816396
-3.262307	-2.362932	-0.794303	-0.926682	-5.316191	-1.275336	-3.870242	-1.038389	-0.547524	-2.614028	-2.492244	-0.813131
-2.850088	-2.352565	-0.791125	-0.898575	-4.919927	-1.270235	-3.854761	-1.057690	-0.545334	-2.603572	-2.505713	-0.809878
-2.639103	-2.342697	-0.787959	-0.882781	-4.712747	-1.265154	-3.839342	-1.065187	-0.543152	-2.593158	-2.507409	-0.806639
-2.528754	-2.333097	-0.784807	-0.873149	-4.600146	-1.260094	-3.823985	-1.066790	-0.540980	-2.582785	-2.503239	-0.803412
-2.468742	-2.323650	-0.781668	-0.866607	-4.534870	-1.255053	-3.808689	-1.065455	-0.538816	-2.572454	-1.996155	-0.800199
-2.433919	-2.314299	-0.778541	-0.861615	-4.493293	-1.250033	-3.793454	-1.062659	-0.536661	-2.562164	-1.739636	-0.796998
-2.411710	-2.305013	-0.775427	-0.857406	-4.463601	-1.245033	-3.778280	-1.059141	-0.534514	-2.551915	-2.108409	-0.793810
-2.395826	-2.295778	-0.772325	-0.853596	-4.439888	-1.240053	-3.763167	-1.055271	-0.532376	-2.541708	-2.287842	-0.790634
-2.383124	-3.286588	-0.769236	-1.349991	-4.419198	-1.235092	-3.748115	-1.051233	-0.530247	-2.531541	-1.872624	-0.787472
-2.372032	-3.773438	-0.766159	-1.594495	-4.400057	-1.230152	-3.733122	-1.047120	-0.528126	-2.521415	-1.662100	-0.784322
-2.361764	-3.008343	-1.263094	-1.213070	-4.381724	-1.225231	-3.718190	-1.042978	-0.526013	-2.511329	-2.053935	-0.781185
-2.351928	-2.621308	-1.508042	-1.020693	-4.363831	-1.220331	-3.703317	-1.038829	-0.523909	-2.501284	-2.244961	-0.778060
-2.342325	-2.423323	-1.627010	-0.922849	-4.346193	-1.215449	-3.688504	-1.034685	-0.521813	-2.491279	-2.335602	-0.774948
-2.332858	-2.819879	-1.183002	-1.372276	-4.328716	-1.210587	-4.173750	-1.030552	-0.519726	-2.481314	-2.376070	-0.771848
-2.323478	-3.011725	-0.959520	-1.593347	-4.311356	-1.205745	-4.407055	-1.026432	-0.517647	-2.471388	-2.391470	-0.768761
-2.314160	-2.601240	-0.846307	-1.700253	-4.294087	-1.200922	-4.014426	-1.022328	-0.515577	-2.461503	-2.394357	-0.765686
-2.304891	-2.391616	-0.788234	-1.750092	-4.276900	-1.196118	-3.810869	-1.018239	-0.513514	-2.451657	-2.391006	-0.762623
-2.295665	-2.282441	-1.257737	-1.271412	-4.259786	-1.191334	-3.701875	-0.514167	-0.511460	-2.441850	-2.384555	-0.759572
-2.286480	-2.223506	-1.489034	-1.030486	-4.242744	-1.186569	-3.640193	-0.262130	-0.509414	-2.432083	-2.376574	-0.756534
-2.277332	-2.189710	-1.601242	-0.908444	-4.225772	-1.181822	-4.102195	-0.136112	-0.507377	-2.922354	-2.367846	-0.253508
-2.268222	-2.168500	-1.653919	-0.845850	-4.208868	-1.177095	-4.324067	-0.073103	-0.505347	-3.160665	-2.358763	-0.001995
-2.259149	-2.153600	-1.676845	-0.812987	-4.192032	-1.172387	-3.925911	-0.541599	-0.503326	-2.773022	-2.349523	-0.376238
-2.250112	-2.141873	-1.684908	-0.794995	-4.175264	-1.167697	-3.719778	-0.773826	-0.501313	-2.574430	-2.340222	-0.561859
-2.241111	-2.131749	-1.685553	-0.784445	-4.158563	-1.163026	-3.609684	-0.887928	-0.500306	-2.470382	-2.330910	-0.653175
-2.232147	-2.122444	-1.182504	-0.777622	-4.141928	-1.158374	-3.547638	-0.942975	-0.499803	-2.413626	-2.321610	-0.697343
-2.223218	-2.113565	-0.929620	-0.772669	-4.125361	-1.153741	-3.509644	-0.968502	-0.499551	-2.380534	-2.312336	-0.717945
-2.714325	-2.104916	-0.801825	-0.768657	-4.108859	-1.149126	-3.483703	-0.979278	-0.499425	-2.359293	-2.303093	-0.726768
-2.953468	-2.096399	-0.736579	-0.765122	-4.092424	-1.144529	-3.463817	-0.982685	-0.499362	-2.343997	-2.293884	-0.729709
-2.566654	-2.087965	-0.702614	-0.761831	-4.076054	-1.139951	-3.446987	-0.982417	-0.499331	-2.331691	-2.284710	-0.729714
-2.368888	-2.079589	-0.684294	-0.758669	-4.059750	-1.135391	-3.431711	-0.980319	-0.499315	-2.320899	-2.275571	-0.728257
-2.265662	-2.071258	-0.673802	-0.755576	-4.043511	-1.130850	-3.417240	-0.477313	-0.499307	-2.310883	-2.266470	-0.726075
-2.209724	-2.062967	-0.667229	-0.752525	-4.027337	-1.126326	-3.403199	-0.225810	-0.499303	-2.301273	-2.257404	-0.723536
-2.177448	-2.054712	-0.662621	-0.749501	-4.011227	-1.121821	-3.389401	-0.100059	-0.499301	-2.291885	-2.248374	-0.720825
-2.657020	-2.046492	-0.659001	-0.746496	-3.995183	-1.117334	-3.375750	-0.537183	-0.499300	-2.282626	-2.239381	-0.718033
-2.890532	-2.038305	-0.655881	-0.743506	-3.979202	-1.112864	-3.362201	-0.753796	-0.499300	-2.273450	-2.230423	-0.715206
-3.001040	-2.030152	-1.153015	-1.240530	-3.963285	-1.108413	-3.848729	-0.860162	-0.499299	-2.264333	-2.221502	-0.712368
-3.050071	-2.022031	-1.398282	-1.485567	-3.947432	-1.103979	-4.083322	-0.911412	-0.499299	-2.255264	-2.212616	-0.709530
-2.568389	-2.513943	-1.017628	-1.604625	-3.931642	-1.099563	-3.691983	-0.935112	-0.499299	-2.246238	-2.203765	-0.706698
-2.323374	-2.753887	-0.826027	-1.660706	-3.915916	-1.095165	-3.489712	-0.945044	-0.499299	-2.237250	-2.194950	-0.703874
-2.196710	-2.367871	-0.728958	-1.685313	-3.900252	-1.090785	-3.382002	-0.948100	-0.499299	-2.228299	-2.186170	-0.701060
-2.129238	-2.170900	-0.679160	-1.694197	-3.884651	-1.086421	-3.321598	-0.947726	-0.499299	-2.219385	-2.177426	-0.698256
-2.091378	-2.068466	-0.653002	-1.695232	-3.869112	-1.082076	-3.284874	-0.945644	-0.499299	-2.210508	-2.168716	-0.695464
-2.068341	-2.013317	-0.638669	-1.192358	-3.853636	-1.077747	-3.760015	-0.942716	-0.499299	-2.201665	-2.160041	-0.692682
-2.052732	-1.981826	-0.630254	-0.939541	-3.838221	-1.073436	-3.989116	-0.939373	-0.499299	-2.192859	-2.151401	-0.689911
-2.540853	-1.962180	-0.624803	-0.811760	-3.822868	-1.569143	-3.595230	-1.435829	-0.499299	-2.184087	-1.642795	-0.687152
-2.778856	-1.948472	-0.620838	-0.746501	-3.807577	-1.812866	-3.391884	-1.680192	-0.499299	-2.175351	-1.386224	-0.684403
-2.391824	-1.937749	-0.617623	-0.712509	-3.792347	-1.430615	-3.283834	-1.298525	-0.499299	-2.166649	-1.755679	-0.681665
-2.194298	-1.928533	-0.614786	-0.694156	-3.777177	-1.237392	-3.223457	-1.105857	-0.499299	-2.157983	-1.936157	-0.678939
-2.091541	-1.920086	-0.612144	-0.683628	-4.262069	-1.138693	-3.686943	-1.007697	-0.499299	-2.149351	-2.022162	-0.676223
-2.036186	-1.912040	-0.609603	-0.677018	-4.495020	-1.087263	-3.910385	-0.956798	-0.499299	-2.140753	-2.060948	-0.673518
-2.004546	-1.904208	-0.607119	-0.672372	-4.602040	-1.059476	-4.013838	-0.929537	-0.499299	-2.132190	-2.076142	-0.670824
-1.984780	-1.896500	-0.604668	-0.668713	-4.146132	-1.043520	-3.557330	-0.914102	-0.499299	-2.123662	-1.579556	-0.668141
-1.970968	-1.888868	-0.602238	-0.665554	-3.910798	-1.033486	-3.322875	-0.904587	-0.499299	-2.115167	-1.329097	-0.665468
-1.960147	-1.881290	-0.599823	-1.162650	-3.785779	-1.026423	-3.199470	-0.898039	-0.499299	-2.106706	-1.701711	-0.662806
-1.950838	-1.873753	-0.597421	-1.407878	-3.715949	-1.020852	-3.131616	-0.892982	-0.499299	-2.098280	-1.883869	-0.660155
-1.942300	-1.866253	-0.595030	-1.027186	-3.673741	-1.016036	-3.091561	-0.888678	-0.499299	-2.089886	-1.970816	-0.657514
