-0.491535	-0.065052	 0.002151	-0.496604	-0.498271	-0.499550	-0.498432	-0.498040	-0.351020	-0.103214	-0.499352	-0.434272
-0.489681	-0.065052	 0.250757	-0.496604	-0.498271	-0.499641	-0.498459	-0.498040	-0.351020	-0.103214	-0.499352	-0.434272
-0.488755	-0.065052	-0.124941	-0.496604	-0.498271	-0.499686	-0.498472	-0.498040	-0.351020	-0.103214	-0.499352	-0.434272
-0.488291	-0.065052	-0.311788	-0.496604	-0.498271	-0.499709	-0.498479	-0.498040	-0.351020	-0.103214	-0.499352	-0.434272
-0.488060	-0.065052	-0.405211	-0.496604	-0.498271	-0.499721	-0.498482	-0.498040	-0.351020	-0.103214	-0.499352	-0.434272
-0.487944	-0.065052	-0.451923	-0.496604	-0.498271	-0.499726	 0.001516	-0.498040	-0.351020	-0.103214	-0.499352	-0.434272
-0.487886	-0.065052	-0.475279	-0.496604	-0.498271	-0.499729	 0.250513	-0.498040	-0.351020	-0.103214	-0.499352	-0.434272
-0.487857	-0.065052	-0.486957	-0.496604	 0.001729	-0.499731	-0.124989	-0.498040	-0.351020	-0.103214	-0.499352	-0.434272
-0.487842	-0.065052	-0.492796	-0.496604	 0.250726	-0.499731	-0.311739	-0.498040	-0.351020	-0.103214	-0.499352	-0.434272
-0.487835	-0.065052	 0.004284	-0.496604	-0.124776	 0.000268	-0.405114	-0.498040	-0.351020	-0.103214	-0.499352	-0.434272
-0.487832	-0.065052	 0.251822	-0.496604	-0.311526	 0.249268	-0.451802	-0.498040	-0.351020	-0.103214	-0.499352	-0.434272
-0.487830	-0.065052	-0.124409	-0.496604	-0.404901	-0.126233	-0.475146	-0.498040	-0.351020	-0.103214	-0.499352	-0.434272
-0.487829	-0.065052	-0.311524	-0.496604	-0.451589	-0.312979	-0.486817	-0.498040	-0.351020	-0.103214	-0.499352	-0.434272
-0.487828	-0.065052	-0.405081	-0.496604	-0.474933	-0.406353	-0.492653	-0.498040	-0.351020	-0.103214	-0.499352	-0.434272
-0.487828	-0.065052	-0.451859	-0.496604	-0.486605	-0.953039	-0.495571	-0.498040	-0.351020	-0.103214	-0.499352	-0.434272
-0.487828	-0.065052	-0.475249	-0.496604	-0.492440	-1.223383	-0.497030	-0.498040	-0.351020	-0.103214	-0.499352	-0.434272
-0.487828	-0.065052	-0.486943	-0.496604	-0.495358	-0.355568	-0.497760	-0.498040	-0.351020	-0.103214	-0.499352	-0.434272
-0.487828	-0.065052	-0.492791	-0.496604	-0.496817	 0.077315	-0.498125	-0.498040	-0.351020	-0.103214	-0.499352	-0.434272
-0.487828	-0.065052	-0.495714	-0.496604	 0.002453	 0.292737	 0.001693	-0.498040	-0.351020	-0.103214	-0.499352	-0.434272
-0.487828	-0.065052	-0.497176	-0.496604	 0.251085	 0.399431	 0.250599	-0.498040	-0.351020	-0.103214	-0.499352	-0.434272
-0.487828	-0.065052	-0.497907	-0.496604	-0.124599	-0.048234	-0.124948	-0.498040	-0.351020	-0.103214	-0.499352	-0.434272
-0.487828	-0.065052	-0.498272	-0.496604	-0.311441	-0.272067	-0.311721	-0.498040	-0.351020	-0.103214	-0.499352	-0.434272
-0.487828	-0.065052	-0.498455	-0.496604	-0.404861	-0.383983	-0.405107	-0.498040	-0.351020	-0.103214	-0.499352	-0.434272
-0.487828	-0.065052	-0.498547	-0.496604	-0.451572	-0.439941	-0.451800	-0.498040	-0.351020	-0.603214	-0.499352	-0.434272
-0.487828	-0.065052	-0.498592	-0.496604	-0.474927	-0.467920	-0.475147	-0.498040	-0.351020	-0.851008	-0.499352	-0.434272
-0.987828	-0.065052	-0.498615	-0.496604	-0.486605	-0.481910	 0.013180	-0.498040	-0.351020	-0.472707	-0.499352	-0.434272
-1.234852	-0.065052	-0.498626	-0.496604	-0.492443	-0.488904	 0.256340	-0.498040	-0.351020	-0.283556	-0.499352	-0.434272
-0.855401	-0.065052	-0.498632	-0.496604	-0.495363	-0.492402	-0.122080	-0.498040	-0.351020	 0.311019	-0.499352	-0.434272
-0.665675	-0.065052	-0.498635	-0.496604	-0.496822	-0.494151	-0.310288	-0.498040	-0.351020	 0.606495	-0.499352	-0.434272
-0.570812	-0.065052	 0.001364	-0.496604	-0.497552	-0.495025	-0.404393	-0.498040	-0.351020	 0.252430	-0.499352	-0.434272
-0.523381	-0.065052	 0.250360	-0.496604	-0.497917	-0.495462	-0.451445	-0.498040	-0.351020	 0.075397	-0.499352	-0.434272
-0.499665	-0.065052	 0.374858	-0.496604	-0.498100	-0.495681	-0.474971	-0.498040	-0.351020	-0.013120	-0.499352	-0.434272
-0.487807	-0.065052	-0.062892	-0.496604	 0.001809	-0.495790	 0.013266	-0.498040	-0.351020	-0.057378	-0.499352	-0.434272
-0.481878	-0.065052	-0.280767	-0.496604	 0.250760	-0.495845	 0.256381	-0.498040	-0.351020	-0.079507	-0.499352	-0.434272
-0.478914	-0.065052	-0.389704	-0.496604	 0.375235	-0.495872	-0.122061	 0.001960	-0.351020	-0.090572	-0.499352	-0.434272
-0.477431	-0.065052	-0.444172	-0.496604	 0.437473	-0.495886	-0.310281	 0.250956	-0.351020	-0.096104	-0.499352	-0.434272
-0.476690	-0.065052	-0.471407	-0.496604	-0.031408	-0.495892	 0.095609	 0.375454	-0.351020	-0.098870	-0.499352	-0.434272
-0.476320	-0.065052	-0.485024	-0.496604	-0.264848	-0.495896	 0.297551	 0.437703	-0.351020	-0.100253	-0.499352	-0.434272
-0.476134	-0.065052	 0.008168	 0.003396	 0.118432	-0.495897	 0.398522	-0.031173	-0.351020	-0.100945	 0.000648	-0.434272
-0.476042	-0.065052	 0.253761	 0.252390	 0.309069	-0.495898	 0.449007	-0.264610	-0.351020	-0.101290	 0.249647	-0.434272
-0.475995	-0.065052	 0.376557	 0.375883	 0.404387	-0.495899	 0.474250	-0.381329	-0.351020	-0.101463	 0.374146	-0.434272
-0.475972	-0.065052	 0.437956	 0.437630	 0.452046	 0.004101	 0.486871	 0.060312	-0.351020	-0.101550	 0.436396	-0.434272
-0.475961	-0.065052	 0.468655	 0.468504	 0.475876	 0.253093	 0.493182	 0.280128	-0.351020	-0.101593	 0.467520	-0.434272
-0.475955	-0.065052	 0.484004	-0.016059	 0.487790	 0.376584	 0.496337	 0.390036	-0.851020	-0.101615	 0.483083	-0.434272
-0.475952	-0.065052	 0.491679	-0.257340	 0.493748	 0.437330	 0.497915	 0.444990	-1.098318	-0.101625	 0.490864	-0.434272
-0.475951	-0.065052	-0.004484	 0.122020	 0.496727	-0.032297	 0.498704	 0.472467	-0.219276	 0.398369	 0.994755	 0.065728
-0.475950	-0.065052	-0.251564	 0.310697	 0.498216	-0.266107	 0.499098	 0.486206	 0.218926	 0.646570	 1.243703	 0.314597
 1.024051	 0.434948	 0.624896	 0.405036	 0.498961	 0.116988	 0.499295	 0.493075	 0.436712	 0.768881	 1.365191	 1.937904
 1.769003	 0.683078	 1.060124	 0.452205	 0.499333	 0.307536	 0.499394	 0.496510	 0.544296	 0.828254	 1.422962	 2.742436
 2.136451	 0.805281	 1.274747	 0.475790	 0.499519	 0.402809	 0.499443	 0.498227	 0.596785	 0.856165	 1.448886	 3.137607
 3.315167	 1.364527	 1.879079	 0.487582	 1.499612	 0.950446	 1.999468	 2.499086	 2.621730	 3.368352	 6.458899	 5.328128
 3.895537	 1.640303	 2.176279	 0.493478	 1.994659	 1.221269	 2.742481	 3.490515	 3.624910	 4.612685	 8.940967	 6.408350
 8.176771	 1.774358	 1.819932	 0.996426	 1.737203	 1.853695	 3.107017	 3.977266	 4.117244	 5.223137	 10.659155	 6.433485
 10.292471	 1.837569	 1.638831	 1.244901	 1.605516	 2.164937	 3.282342	 4.211713	 4.354191	 5.516696	 11.493495	 6.433135
 12.825505	 1.365373	 1.545365	 0.866152	 1.536725	 1.815605	 3.363089	 4.320045	 4.463483	 5.651855	 11.886009	 6.920094
 14.061305	 1.127489	 1.495728	 0.676778	 1.499393	 1.638007	 3.396575	 4.365354	 4.508983	 5.707861	 12.057709	 7.148760
 14.648611	 1.006767	 1.468018	 0.582091	 1.477803	 1.546287	 3.406457	 3.879187	 4.522624	 5.724336	 11.619100	 7.248338
 14.911792	 0.944635	 1.451282	 0.534747	 1.464096	 1.497517	 3.404566	 3.629317	 4.520372	 5.721092	 11.377434	 7.283431
 15.013033	 0.911803	 1.440045	 0.511075	 1.454341	 1.470235	 3.396815	 3.497624	 4.510210	 5.708034	 11.234330	 7.286340
 15.033424	 0.893630	 1.431569	 0.499239	 1.446575	 1.453708	 3.386161	 3.925045	 4.496129	 6.190115	 11.140596	 7.773216
 15.013513	 0.882792	 1.424485	 0.493321	 1.439814	 1.442571	 3.374084	 4.130051	 4.480124	 6.417811	 11.071635	 8.000134
 14.473570	 0.875629	 1.418108	 0.490362	 1.433568	 1.434139	 3.361321	 4.223883	 4.463193	 6.518368	 11.015149	 8.097139
 14.175731	 0.870311	 1.412096	 0.488883	 1.427590	 1.427071	 3.348242	 4.262164	 4.445836	 6.555409	 10.964988	 8.129253
 12.999056	 0.865922	 1.406278	 0.988143	 1.421758	 1.420698	 3.335033	 3.772704	 2.928300	 5.060744	 6.418079	 3.628988
 12.387073	 0.862004	 1.400568	 1.234798	 1.416010	 1.414682	 3.321784	 3.521407	 2.166710	 4.306280	 4.140881	 1.380597
 9.057532	 0.858329	 1.394923	 0.855163	 0.910315	 0.908857	 1.808543	 1.389219	 0.783105	 1.921944	 2.498555	 0.258138
 7.381305	 0.854782	 1.389322	 0.665345	 0.657468	 0.655945	 1.051922	 0.324610	 0.092504	 0.729776	 1.675680	-0.301363
 6.531782	 0.851306	 1.383754	 0.570437	 0.531044	 0.529488	 0.673612	-0.206214	-0.251601	 0.133692	 1.262537	-0.579392
 4.095656	 0.347873	 0.878214	 0.522982	-0.032168	-0.033740	-0.015543	-0.470152	-0.922462	-0.664350	-0.445734	-1.216692
 2.874273	 0.096156	 0.625444	 0.499255	-0.312583	-0.314160	-0.358712	-0.600653	-1.254705	-1.060446	-1.295561	-1.531633
 1.260276	-0.529703	 0.499058	 0.487391	-0.451604	 0.046819	-0.528892	-0.664441	-1.417653	-0.755581	-1.216184	-1.685411
 0.453278	-0.840321	 0.435866	 0.481460	-0.519934	 0.227309	-0.612584	-0.694878	-1.495966	-0.603149	-1.174222	-1.758622
 0.049779	-0.993328	 0.404270	-0.021506	-0.552922	-0.182446	-0.653037	-0.708646	-1.031974	-0.526932	-1.150976	-1.791563
-0.151971	-1.067539	 0.388472	-0.271940	-0.568244	-0.386140	-0.671877	-0.714086	-0.798842	-0.488824	-1.137098	-1.804385
-0.252846	-0.602361	 0.380572	-0.396113	-0.574738	 0.013193	-0.679916	-1.215366	-0.681145	-0.469770	-1.127912	-1.807162
-0.303283	-0.369772	 0.376623	-0.457158	-0.576823	 0.212860	-0.682559	-1.462573	-0.621169	-0.460243	-1.121082	-1.804930
-0.328502	-0.253477	 0.374648	-0.486644	-0.576707	 0.312693	-0.682510	-1.582757	-0.590059	-0.455480	-1.115438	-1.800209
-0.341111	-0.695330	 0.373661	-0.500355	-0.575496	 0.362610	-0.681121	-1.139443	-1.073386	-0.953098	-1.110397	-1.794257
-0.347416	-0.913982	 0.373167	-0.506183	-0.573742	 0.387568	-0.679067	-0.916394	-1.311936	-1.199006	-1.105665	-1.787705
-0.350568	-1.021043	 0.372920	-0.008072	-0.571721	 0.400047	-0.676686	-0.803483	-0.928110	-0.819070	-1.101098	-1.780866
-0.352144	-1.072317	 0.372797	 0.240983	-0.569571	 0.406287	-0.674146	-0.745646	-0.735108	-0.629102	-1.096621	-1.773899
-0.852932	-0.595707	-0.127265	-0.134490	-0.567362	 0.409407	-0.671534	-0.715352	-0.637523	-0.534118	-1.092198	-1.766881
-1.100619	-0.357402	-0.376041	-0.321206	-0.565126	 0.410967	-0.668889	-0.698835	-0.587651	-0.486626	-1.087811	-1.759853
-1.221766	-0.238249	-0.499180	 0.086452	-0.562883	-0.088253	-0.666235	-0.689212	-0.561639	-0.462880	-1.083451	-1.752833
-1.279653	-0.178673	-0.559504	 0.290281	-0.560640	-0.336689	-0.663580	-0.683041	-0.547562	-0.451007	-1.079113	-1.745831
-1.305922	-0.648885	-0.588427	-0.107805	-0.558402	-0.459736	-0.660931	-0.678602	-1.039457	-0.445070	-1.074794	-1.738853
-1.316392	-0.881752	-0.601653	-0.305836	-0.556170	-0.520094	-0.658290	-0.675034	-1.282341	-0.442102	-1.070494	-1.731900
-1.318973	-0.995957	-0.607037	-0.403844	-0.553947	-0.549112	-0.655658	-0.671907	-1.400733	-0.440618	-1.066211	-1.724974
-1.317621	-1.050839	-0.608504	-0.451844	-0.551732	-0.562465	-0.653036	-0.669006	-0.956891	-0.439876	-1.061946	-1.718074
-1.314312	-1.076069	-0.608017	-0.475844	-0.549525	-0.567990	-0.650425	-0.666223	-0.733943	-0.439505	-1.057698	-1.711202
-1.310035	-1.086481	-0.606559	-0.487844	-0.547327	-0.569605	-0.647823	-0.663505	-0.621448	-0.439319	-1.053467	-1.704358
-1.305286	-1.089493	-0.604620	-0.493844	-0.545138	-0.569270	-0.645232	-0.660824	-0.564182	-0.439226	-1.049253	-1.697540
-1.300310	-0.588814	-0.102445	-0.496844	-0.542957	-0.567965	-0.642651	-0.658168	-1.034535	-0.439180	-1.045056	-1.690750
-1.295231	-0.338475	 0.148643	-0.498344	-0.540785	-0.566179	-0.640080	-0.655528	-1.266702	-0.439157	-1.040876	-1.683987
-1.290112	-0.713305	-0.225813	-0.499094	-0.538622	-0.564157	-0.637520	-0.652903	-0.879788	-0.939145	-1.536713	-1.677251
-1.284982	-0.898544	-0.411841	-0.499469	-0.536468	-0.562022	-0.634970	-0.650290	-0.686331	-1.186261	-1.780566	-1.670542
-1.279857	-0.988996	-0.503659	-0.499657	-0.534322	-0.559835	-0.632430	-0.647688	-0.589602	-1.306952	-1.898444	-1.663860
-1.274745	-0.532063	-1.048377	-0.499750	-0.532185	-0.557626	-0.629900	-0.645097	-0.541238	-0.864443	-1.453350	-1.657205
-1.269650	-0.303596	-1.317550	-0.499797	-0.530056	-0.555410	-0.627381	-0.642516	-0.517056	-0.643188	-1.228786	-1.650576
-1.264574	-0.689363	-0.948963	-0.499821	-0.527936	-0.553196	-0.624871	-0.639946	-0.504965	-0.532560	-1.114496	-1.643974
-1.259516	-0.880096	-0.763509	-0.499832	-0.525824	-0.550987	-0.622372	-0.637386	-0.498919	-0.477247	-1.055351	-1.637398
-1.254479	-0.473321	-0.669625	-0.499838	-0.523721	-0.548785	-0.619882	-1.134836	-0.495896	-0.449590	-1.023786	-1.630848
-1.249461	-0.269934	-0.621532	-0.499841	-0.521626	-0.546591	-0.617403	-1.380297	-0.494385	-0.435761	-1.006019	-1.624325
-1.244463	-0.668240	-0.596339	-0.499843	-0.519539	-0.544405	-0.614933	-0.999776	-0.493629	-0.428847	-0.995159	-1.617827
-1.239485	-0.865260	-0.582600	-0.499843	-0.517461	-0.542228	-0.612473	-0.808277	-0.493251	-0.425390	-0.987760	-1.611356
-1.234527	-0.961645	-0.574593	-0.499844	-0.515391	-0.540059	-0.610023	-0.711294	-0.493063	-0.423661	-0.982100	-1.604911
-1.229589	-1.007722	-0.569456	-0.499844	-0.513330	-0.537899	-0.607583	-0.661573	-0.492968	-0.422797	-0.977317	-1.598491
-1.224671	-1.028653	-0.565759	-0.499844	-0.511276	-0.535747	-0.605153	-0.635490	-0.492921	-0.422365	-0.972980	-1.592097
-1.219772	-0.537019	-0.562786	-0.499844	-0.509231	-0.533604	-0.602732	-0.621229	-0.492897	-0.922149	-0.968875	-1.085729
-1.214893	-0.291202	-0.560180	-0.499844	-0.507194	-0.531470	-0.600321	-0.612885	-0.492885	-1.169197	-0.964893	-0.831386
-1.210034	-0.668294	-0.057762	-0.499844	-0.505165	-0.529344	-0.597920	-0.607503	-0.492880	-0.789889	-0.960980	-1.203060
-1.205194	-0.854749	 0.193447	-0.499844	-0.503145	-0.527227	-0.595529	-0.603609	-0.492877	-0.600234	-0.957109	-1.385748
-1.200373	-0.445894	-0.180949	-0.499844	-0.501132	-0.525118	-0.593146	-0.600462	-0.992875	-0.505407	-0.953267	-0.973955
-1.195571	-0.241466	-0.367036	-0.499844	-0.500126	-0.523017	-0.590774	-0.597694	-1.239889	-0.457994	-0.949448	-0.766934
-1.190789	-0.139252	-0.458973	-0.499844	-0.499623	-0.520925	-0.588411	-0.595120	-1.360422	-0.434287	-0.945646	-0.662304
-1.186026	-0.588146	-0.503840	-0.499844	-0.499371	-0.518842	-0.586057	-0.592648	-0.917726	-0.422434	-0.941862	-1.108873
-1.181282	-0.810518	-0.525176	-0.499844	-0.499245	-0.516766	-0.583713	-0.590231	-0.696378	-0.416507	-0.938094	-1.329047
-1.176557	-0.419639	-0.534751	-0.499844	-0.499183	-0.514699	-0.581378	-0.587848	-0.585705	-0.413544	-0.934341	-0.936036
-1.171850	-0.224199	-0.538450	-0.499844	-0.499151	-0.512640	-0.579052	-0.585485	-0.530368	-0.412062	-0.930603	-0.738444
-1.167163	-0.626479	-0.539215	-0.499844	-0.499135	-0.510590	-0.576736	-0.583137	-0.502699	-0.411321	-0.926881	-0.638566
-1.162494	-0.825561	-0.538517	-0.499844	-0.499128	-0.508547	-0.574429	-0.580802	-0.488865	-0.410951	-0.923173	-0.587550
-1.157844	-0.423053	-0.537093	-0.499844	-0.499124	-0.006513	-0.572132	-0.578477	-0.481948	-0.410765	-0.919481	-0.560969
-1.153213	-0.221799	-0.535309	-0.499844	-0.499122	 0.244504	-0.569843	-0.576162	-0.478489	-0.410673	-0.915803	-0.546610
-1.148600	-0.121172	-0.533351	-0.499844	-0.499121	 0.370012	-0.567564	-0.573857	-0.476760	-0.410627	-0.912140	-0.538366
-1.144006	-0.070859	-0.531308	-0.499844	-0.499120	-0.067233	-0.565293	-0.571562	-0.475895	-0.410603	-0.908491	-1.033183
-1.139430	-0.045702	-0.529229	-0.499844	-0.499120	-0.284847	-0.563032	-0.569275	-0.475463	-0.410592	-0.904857	-1.277536
-1.634872	-0.033124	-0.527135	-0.499844	-0.499120	-0.392649	-0.560780	-0.566998	-0.475247	-0.410586	-0.901238	-0.896669
-1.878333	-0.026835	-0.525038	-0.499844	-0.499120	-0.445549	-0.558537	-0.564730	-0.475139	-0.410583	-0.897633	-0.705203
-1.495819	-0.523690	-0.522943	-0.499844	-0.499120	-0.471999	-0.556303	-0.562471	-0.475085	-0.410582	-0.894042	-1.108443
-1.302336	-0.770077	-0.520854	-0.499844	-0.499120	-0.485224	-0.554078	-0.560221	-0.475058	-0.410581	-0.890466	-1.307040
-1.203377	-0.391237	-0.518772	-0.499844	-0.499120	-0.491837	-0.551861	-0.557981	-0.975044	-0.410581	-0.886904	-0.903327
-1.151688	-0.201817	-0.516698	-0.499844	-0.499120	-0.495143	-0.549654	-0.555749	-1.222087	-0.410580	-0.883356	-0.701470
-1.123644	-0.107107	-0.514631	-0.499844	-0.499120	-0.496796	-0.547455	-0.553526	-1.342671	-0.410580	-0.879823	-0.600542
-1.107430	-0.059752	-0.512573	-0.499844	-0.499120	-0.497623	-0.545265	-0.551312	-0.900036	-0.410580	-0.876304	-0.550078
-1.097141	-0.036075	-0.510523	-0.499844	-0.499120	-0.498036	-0.543084	-0.549106	-0.678718	-0.410580	-0.872798	-0.524846
-1.089823	-0.024236	-0.508481	-0.499844	-0.499120	-0.498243	-0.540912	-0.546910	-0.568060	-0.410580	-0.869307	-0.512230
-1.083999	-0.018317	-0.506447	-0.499844	-0.499120	-0.498346	-0.538748	-0.544722	-0.512730	-0.410580	-0.865830	-0.505922
-1.078931	-0.015357	-0.504421	-0.499844	-0.499120	-0.498398	-0.536593	-0.542543	-0.485066	-0.410580	-0.862367	-0.502768
-1.074249	-0.013877	-0.502403	-0.499844	-0.499120	-0.498424	-0.534447	-0.540373	-0.471233	-0.410580	-0.858917	-0.501191
-1.069769	-0.013137	-0.500394	-0.499844	-0.499120	-0.498437	-0.532309	-1.038212	-0.464317	-0.410580	-0.855482	-0.500402
-1.065398	-0.012767	-0.499389	-0.499844	-0.499120	-0.498443	-0.530180	-1.284059	-0.460859	-0.410580	-0.852060	-0.500008
-1.061091	-0.012582	-0.498887	-0.499844	-0.499120	-0.498446	-0.528059	-1.403923	-0.459130	-0.410580	-0.848651	-0.499811
-1.056823	-0.012490	 0.001365	-0.499844	-0.499120	-0.498448	-0.525947	-0.960807	-0.458266	-0.410580	-0.845257	-0.499712
-1.052585	-0.012444	 0.250487	-0.499844	-0.499120	-0.498449	-0.523843	-0.738214	-0.457833	-0.410580	-0.841876	-0.499663
-1.548368	-0.012421	-0.124952	-0.499844	-0.499120	-0.498449	-0.521748	-0.625886	-0.457617	-0.410580	-0.838508	-0.499639
-1.792172	-0.012409	-0.311670	-0.499844	-0.499120	-0.498449	-0.519661	-0.568695	-0.457509	-0.410580	-0.835154	-0.499626
-1.410002	-0.012403	 0.094970	-0.499844	-0.499120	-0.498449	-0.517582	-0.539076	-0.457455	-0.410580	-0.831814	-0.499620
-1.216861	-0.012400	 0.297287	-0.499844	-0.499120	-0.498449	-0.515512	-0.523248	-0.457428	-0.410580	-0.828486	-0.499617
-1.118244	-0.512399	-0.101554	-0.499844	-0.499120	-0.498449	-0.513450	-0.514319	-0.457415	-0.410580	-0.825172	-0.499615
-1.066895	-0.760373	-0.299974	-0.499844	-0.499120	-0.498449	-0.511396	-0.508844	-0.457408	-0.410580	-0.821872	-0.499615
-1.039190	-0.882344	-0.399184	-0.499844	-0.499120	-0.498449	-0.509351	-0.505100	-0.457404	-0.410580	-0.818584	-0.499614
-1.023315	-0.941321	-0.448789	-0.499844	-0.499120	-0.498449	-0.507313	-0.502225	-0.457403	-0.410580	-0.815310	-0.499614
-1.013362	-0.968808	-0.473591	-0.499844	-0.499120	-0.498449	-0.505284	-0.500787	-0.457402	-0.410580	-0.812049	-0.499614
-1.006379	-0.480560	 0.014007	-0.499844	-0.499120	-0.498449	-0.503263	-0.500068	-0.457401	-0.410580	-0.808801	-0.499614
-1.000888	-0.236435	 0.256803	-0.499844	-0.499120	-0.498449	-0.501250	-0.499709	-0.457401	-0.410580	-0.805565	-0.499614
-0.996152	-0.114373	-0.121798	-0.499844	 0.000880	-0.498449	-0.500243	-0.499529	-0.457401	-0.410580	-0.802343	-0.499614
-0.991802	-0.053342	-0.310099	-0.499844	 0.249879	-0.498449	-0.499740	-0.499440	-0.457401	-0.410580	-0.799134	-0.499614
-0.987651	-0.022826	-0.404249	-0.499844	-0.125622	-0.498449	-0.499488	-0.499395	-0.457401	-0.410580	-0.795937	-0.499614
-0.983609	-0.007569	-0.451324	-0.499844	-0.312370	-0.498449	-0.499362	-0.499372	-0.457401	-0.410580	-0.792753	-0.499614
-0.979629	 0.000060	-0.474861	-0.499844	-0.405745	-0.498449	-0.499300	-0.499361	-0.457401	-0.410580	-0.789582	-0.499614
-0.975688	-0.496125	-0.486630	-0.499844	-0.452432	-0.498449	-0.499268	-0.499355	-0.457401	-0.410580	-0.786424	-0.499614
-0.971773	-0.742233	-0.492514	-0.499844	-0.475775	-0.498449	-0.499252	-0.499353	-0.457401	-0.410580	-0.783278	-0.499614
-0.967881	-0.363311	-0.495457	-0.499844	-0.487447	-0.498449	-0.499245	-0.499351	-0.457401	-0.410580	-0.780145	-0.499614
-0.964006	-0.173849	-0.496928	-0.499844	-0.493283	-0.498449	-0.499241	-0.499350	-0.457401	-0.410580	-0.777025	-0.499614
-0.960149	-0.079119	 0.002337	-0.499844	-0.496201	-0.498449	-0.499239	-0.499350	-0.457401	-0.410580	-0.773917	-0.499614
-0.956307	-0.031754	 0.250966	-0.499844	-0.497660	-0.498449	-0.499238	-0.499350	-0.457401	-0.410580	-0.770821	-0.499614
-0.952482	-0.008071	-0.124720	-0.499844	-0.498389	-0.498449	-0.499237	-0.499350	-0.457401	-0.410580	-0.767738	-0.499614
-0.948672	 0.003770	-0.311562	-0.499844	-0.498754	-0.498449	-0.499237	-0.499350	-0.457401	-0.410580	-0.764667	-0.499614
-0.944877	 0.009691	-0.404983	-0.499844	-0.498936	-0.498449	-0.499237	-0.499350	-0.457401	-0.410580	-0.761608	-0.499614
-0.941097	 0.012651	-0.451693	-0.999844	-0.499027	-0.498449	-0.499237	-0.499350	-0.457401	-0.410580	-0.758562	-0.499614
-0.937333	 0.014132	-0.475048	-1.246844	-0.499073	-0.498449	-0.499237	-0.499350	-0.457401	-0.410580	-0.755527	-0.499614
-1.433584	 0.014872	-0.486726	-0.867357	-0.499096	-0.498449	-0.499237	-0.499350	-0.457401	-0.910580	-0.752505	-0.499614
-1.677849	 0.015242	-0.492565	-0.677613	-0.499107	-0.498449	-0.499237	-0.499350	-0.457401	-1.157759	-0.749495	-0.499614
-1.296138	 0.015427	-0.495484	-0.582741	-0.499113	-0.498449	 0.000763	-0.499350	-0.457401	-0.778539	-0.746497	-0.499614
-1.103453	 0.015519	-0.496944	-0.535305	-0.499116	-0.498449	 0.249762	-0.499350	-0.457401	-0.588928	-0.743511	-0.499614
-1.005290	 0.015566	-0.497674	-0.511587	-0.499117	-0.498449	-0.125739	-0.499350	-0.457401	-0.494123	-0.740537	-0.499614
-0.954393	 0.015589	-0.498039	-0.499728	-0.499118	-0.498449	-0.312487	-0.499350	-0.457401	-0.446721	-0.737575	-0.499614
-0.927138	 0.015600	-0.498221	-0.493799	-0.499118	-0.498449	-0.405861	-0.499350	-0.457401	-0.423019	-0.734625	-0.499614
-0.911711	 0.015606	-0.498312	-0.490834	-0.499119	-0.498449	-0.452548	-0.499350	-0.457401	-0.411169	-0.731686	-0.499614
-0.902205	 0.015609	-0.498358	-0.489352	-0.499119	-0.498449	-0.475891	-0.499350	-0.457401	-0.405243	-0.728759	-0.499614
-0.895666	 0.015610	-0.498381	-0.488610	-0.499119	-0.498449	-0.487563	-0.499350	-0.457401	-0.402281	-0.725844	-0.499614
-0.890619	 0.015611	-0.498392	-0.488240	-0.499119	-0.498449	-0.493399	-0.499350	-0.457401	-0.400799	-0.722941	-0.499614
-0.886324	 0.015611	-0.498398	-0.488055	 0.000881	-0.498449	-0.496317	-0.499350	-0.457401	-0.400059	-0.720049	-0.499614
-0.882412	 0.015612	-0.498401	-0.487962	 0.249880	-0.498449	-0.497776	-0.499350	-0.457401	-0.399688	-0.717169	-0.499614
-1.378700	-0.484388	-0.498402	-0.487916	-0.125621	-0.498449	-0.498505	-0.499350	-0.457401	-0.399503	-0.714300	-0.499614
-1.623093	-0.732419	-0.498403	-0.487892	-0.312370	-0.498449	-0.498870	-0.499350	-0.457401	-0.399411	-0.711443	-0.499614
-1.741555	-0.854474	-0.498403	-0.487881	-0.405744	-0.498449	-0.499052	-0.499350	-0.457401	-0.399364	-0.708597	-0.499614
-1.297066	-0.413548	-0.498403	-0.487875	 0.047569	-0.498449	-0.499144	-0.499350	-0.957401	-0.399341	-0.705763	-0.499614
-1.073116	-0.193086	-0.498403	-0.487872	 0.273224	-0.498449	-0.499189	-0.499350	-1.204486	-0.399330	-0.702940	-0.499614
-0.959443	-0.082854	-0.498404	-0.487871	-0.113949	-0.498449	-0.499212	-0.499350	-0.825126	-0.399324	-0.700128	-0.999614
-0.900915	-0.027738	-0.498404	-0.487870	-0.306533	-0.498449	-0.499223	-0.499350	-0.635445	-0.399321	-0.697328	-1.246615
-0.869966	-0.000181	-0.498404	-0.487870	-0.402825	-0.498449	-0.499229	-0.499350	-0.540605	-0.399320	-0.694538	-0.867128
-0.852814	 0.013598	-0.498404	-0.487869	-0.450971	-0.498449	-0.499232	-0.499350	-0.493185	-0.399319	-0.691760	-0.677384
-0.842566	 0.020488	-0.498404	-0.487869	 0.024956	-0.998449	-0.499233	-0.499350	-0.469475	-0.399319	-0.688993	-0.582513
-0.835778	 0.023933	-0.498404	-0.487869	 0.261918	-1.245453	-0.499234	-0.499350	-0.457620	-0.399318	-0.686237	-0.535077
-0.830726	 0.025655	-0.498404	-0.487869	-0.119601	-0.365969	-0.499234	-0.499350	-0.451693	-0.399318	-0.683492	-0.511359
-0.826548	 0.026516	-0.498404	-0.487869	-0.309358	 0.072745	-0.499235	-0.499350	-0.448729	-0.399318	-0.680758	-0.499500
-0.822815	 0.026947	-0.498404	-0.487869	-0.404237	 0.291080	-0.499235	-0.499350	-0.447247	-0.399318	-0.678035	-0.493570
-0.819310	 0.027162	-0.498404	-0.487869	-0.451676	-0.100772	 0.000765	-0.499350	-0.446506	-0.399318	-0.675323	-0.490606
-0.815926	 0.027270	-0.498404	-0.487869	-0.475396	-0.296698	 0.249764	-0.499350	-0.446136	-0.399318	-0.672622	-0.489123
-0.812609	 0.027323	-0.498404	-0.487869	-0.487256	 0.105339	 0.374263	-0.499350	-0.445950	-0.399318	-0.669931	-0.488382
-0.809331	 0.027350	-0.498404	-0.487869	-0.493186	 0.305343	 0.436513	-0.499350	-0.445858	-0.399318	-0.667252	-0.488012
-0.806081	 0.027364	-0.498404	-0.487869	-0.496151	-0.095666	-0.032363	-0.499350	-0.445811	-0.399318	-0.664583	-0.487826
-0.802850	 0.027371	-0.498404	-0.487869	-0.497633	-0.296170	-0.265798	-0.499350	-0.445788	-0.399318	-0.661924	-0.487734
-0.799635	 0.027374	-0.498404	-0.487869	-0.498375	-0.396422	-0.382515	-0.499350	-0.445777	-0.399318	-0.659277	-0.487687
-0.796435	 0.027376	-0.498404	-0.487869	-0.498745	-0.446548	-0.440874	-0.499350	-0.445771	-0.399318	-0.656640	-0.487664
-0.793248	 0.027376	-0.498404	-0.487869	-0.498931	-0.471611	-0.470053	-0.499350	-0.445768	-0.399318	-0.654013	-0.487653
-0.790075	 0.027377	-0.498404	-0.487869	-0.499023	-0.484143	-0.484643	-0.499350	-0.445767	-0.399318	-0.651397	-0.487647
-0.786914	 0.027377	-0.498404	-0.487869	-0.499069	-0.490409	-0.491938	-0.499350	-0.445766	-0.399318	-0.648791	-0.487644
-0.783767	 0.027377	-0.498404	-0.487869	-0.499093	-0.493541	-0.495585	-0.499350	-0.445766	-0.399318	-0.646196	-0.487642
-0.780631	 0.027377	-0.498404	-0.487869	-0.499104	-0.495108	-0.497409	-0.499350	-0.445765	-0.399318	-0.643611	-0.487642
-0.777509	 0.027377	-0.498404	-0.487869	-0.499110	-0.495891	-0.498321	-0.499350	-0.445765	-0.399318	-0.641037	-0.487641
-0.774399	 0.027377	-0.498404	-0.487869	-0.499113	-0.496283	-0.498777	-0.499350	-0.445765	-0.399318	-0.638473	-0.487641
-0.771301	 0.027377	 0.001596	-0.487869	-0.499114	-0.496479	-0.499005	 0.000650	-0.445765	-0.399318	-0.635919	-0.487641
-0.768216	 0.027377	 0.250593	-0.487869	-0.499115	-0.496576	-0.499119	 0.249649	-0.445765	-0.399318	-0.633375	-0.487641
-0.765143	 0.027377	 0.375092	-0.487869	-0.499115	-0.496625	-0.499176	 0.374148	-0.445765	-0.399318	-0.630842	-0.487641
-0.762083	 0.027377	-0.062659	-0.487869	-0.499116	-0.496650	 0.000796	-0.063602	-0.445765	-0.399318	-0.628318	-0.487641
-0.759034	 0.027377	-0.280534	-0.487869	-0.499116	-0.496662	 0.249780	-0.281474	-0.445765	-0.399318	-0.625805	-0.487641
-0.755998	 0.027377	-0.389471	-0.487869	-0.499116	-0.496668	-0.125728	-0.390411	-0.445765	-0.399318	-0.623302	-0.487641
-0.752974	 0.027377	-0.443940	-0.487869	-0.499116	-0.496671	-0.312479	-0.444879	-0.445765	-0.399318	-0.620809	-0.487641
-0.749962	 0.027377	-0.471174	-0.487869	-0.499116	-0.496673	 0.094145	-0.472113	-0.445765	-0.399318	-0.618325	-0.487641
-0.746962	 0.027377	-0.484791	-0.487869	-0.499116	-0.496674	 0.296455	-0.485730	-0.445765	-0.399318	-0.615852	-0.487641
-0.743975	 0.027377	-0.491600	-0.487869	-0.499116	-0.496674	-0.102389	-0.492538	-0.445765	-0.399318	-0.613389	-0.487641
-0.740999	 0.027377	-0.495004	-0.487869	-0.499116	-0.496674	-0.300809	-0.495943	-0.445765	-0.399318	-0.610935	-0.487641
-0.738035	 0.027377	-0.496706	-0.487869	-0.499116	-0.496674	-0.400019	-0.497645	-0.445765	-0.399318	-0.608491	-0.487641
-0.735082	 0.027377	-0.497557	-0.487869	-0.499116	-0.496674	-0.449624	-0.498496	-0.445765	-0.399318	-0.606057	-0.487641
-0.732142	 0.027377	-0.497983	-0.487869	-0.499116	-0.496674	-0.474427	-0.498921	-0.445765	-0.399318	-0.603633	-0.487641
-0.729214	 0.027377	-0.498196	-0.487869	 0.000884	-0.496674	-0.486828	-0.499134	-0.445765	-0.399318	-0.601219	-0.487641
-0.726297	 0.027377	-0.498302	-0.487869	 0.249882	-0.496674	-0.493028	-0.499241	-0.445765	-0.399318	-0.598814	-0.487641
-0.723392	 0.027377	-0.498355	-0.487869	-0.125618	-0.496674	-0.496129	-0.499294	-0.445765	-0.399318	-0.596419	-0.487641
-0.720498	 0.027377	-0.498382	-0.487869	-0.312367	-0.496674	-0.497679	-0.499320	-0.445765	-0.399318	-0.594033	-0.487641
-0.717616	 0.027377	 0.001605	-0.487869	-0.405741	-0.496674	-0.498454	-0.499334	-0.445765	-0.399318	-0.591657	-0.487641
-0.714746	 0.027377	 0.250595	-0.487869	-0.452428	-0.496674	-0.498842	-0.499340	-0.445765	-0.399318	-0.589290	-0.487641
-0.711887	 0.027377	 0.375090	-0.487869	-0.475771	-0.496674	-0.499035	-0.499344	-0.445765	-0.399318	-0.586933	-0.487641
-0.709039	 0.027377	-0.062662	-0.487869	-0.487443	-0.496674	-0.499132	-0.499345	-0.445765	-0.399318	-0.584585	-0.487641
-0.706203	 0.027377	-0.280538	-0.487869	-0.493279	-0.496674	-0.499181	-0.499346	-0.445765	-0.399318	-0.582247	-0.487641
-0.703378	 0.027377	-0.389475	-0.487869	-0.496197	-0.496674	-0.499205	-0.499347	-0.445765	-0.399318	-0.579918	-0.487641
-0.700565	 0.027377	-0.443944	-0.487869	-0.497656	-0.496674	-0.499217	-0.499347	-0.445765	-0.399318	-0.577598	-0.487641
-0.697762	 0.027377	 0.028821	-0.487869	 0.001615	-0.496674	-0.499223	 0.000653	-0.445765	-0.399318	-0.575288	-0.487641
-0.694971	 0.027377	 0.264201	-0.487869	 0.250248	-0.496674	-0.499226	 0.249652	-0.445765	-0.399318	-0.572987	-0.487641
-0.692191	 0.027377	-0.118109	-0.487869	-0.125435	-0.496674	-0.499228	-0.125849	-0.445765	-0.399318	-0.570695	-0.487641
-0.689423	 0.027377	-0.308263	-0.487869	-0.312275	-0.496674	-0.499228	-0.312597	-0.445765	-0.399318	-0.568412	-0.487641
-0.686665	 0.027377	-0.403341	-0.487869	-0.405694	-0.496674	-0.499229	-0.405970	-0.445765	-0.399318	-0.566138	-0.487641
-0.683918	 0.027377	-0.450879	-0.487869	-0.452404	-0.496674	-0.499229	-0.452657	-0.445765	-0.399318	-0.563874	-0.487641
-0.681183	 0.027377	-0.474648	-0.487869	-0.475759	-0.496674	-0.499229	-0.476001	-0.445765	-0.399318	-0.561618	-0.487641
-0.678458	 0.027377	-0.486533	-0.487869	-0.487436	-0.496674	-0.499229	-0.487672	-0.445765	-0.399318	-0.559372	-0.487641
-0.675744	 0.027377	-0.492475	-0.487869	-0.493275	-0.496674	-0.499229	-0.493508	-0.445765	-0.399318	-0.557134	-0.487641
-0.673041	 0.027377	-0.495447	-0.487869	-0.496195	-0.496674	-0.499229	-0.496426	-0.445765	-0.399318	-0.554906	-0.487641
-0.670349	 0.027377	-0.496932	-0.487869	-0.497654	-0.496674	-0.499229	-0.497885	-0.445765	-0.399318	-0.552686	-0.487641
-0.667667	-0.472623	-0.497675	-0.487869	-0.498384	-0.496674	-0.499229	-0.498615	-0.445765	-0.399318	-0.550475	-0.487641
-0.664997	-0.720677	-0.498046	-0.487869	-0.498749	-0.496674	-0.499229	-0.498979	-0.445765	-0.399318	-0.548273	-0.487641
-0.662337	-0.842767	-0.498232	-0.487869	-0.498931	-0.496674	-0.499229	-0.499162	-0.445765	-0.399318	-0.546080	-0.487641
-0.659687	-0.401883	-0.498325	-0.487869	-0.499023	-0.496674	 0.000771	-0.499253	-0.445765	-0.399318	-0.543896	-0.487641
-0.657049	-0.181440	-0.498371	-0.487869	-0.499068	-0.496674	 0.249769	-0.499299	-0.445765	-0.399318	-0.541720	-0.487641
-0.654420	-0.071219	-0.498394	 0.012131	 0.000909	-0.496674	-0.125731	-0.499321	-0.445765	-0.399318	-0.539554	-0.487641
-0.651803	-0.016108	-0.498406	 0.261106	 0.249896	-0.496674	-0.312479	-0.499333	-0.445765	-0.399318	-0.537395	-0.487641
-1.149196	 0.011447	-0.498412	-0.115426	-0.125611	-0.496674	-0.405853	 0.000662	-0.445765	-0.399318	-0.535246	-0.487641
-1.394599	 0.025224	-0.498415	-0.303692	-0.312362	-0.496674	-0.452540	 0.249657	-0.445765	-0.399318	-0.533105	-0.487641
-1.014020	 0.032113	-0.498416	-0.397825	-0.405737	-0.496674	-0.475884	-0.125845	-0.445765	-0.399318	-0.530972	-0.487641
-0.822464	 0.035558	-0.498417	-0.444892	-0.452425	-0.496674	-0.487556	-0.312593	-0.445765	-0.399318	-0.528849	-0.487641
-0.725424	 0.037280	-0.498417	-0.468425	-0.475769	-0.496674	-0.493391	-0.405967	-0.445765	-0.399318	-0.526733	-0.487641
-0.675648	 0.038141	 0.001582	-0.480191	 0.012559	-0.496674	 0.003691	-0.452654	-0.445765	-0.399318	-0.524626	-0.487641
-0.649508	 0.038572	 0.250579	-0.486075	 0.255721	-0.496674	 0.251230	-0.475998	-0.445765	-0.399318	-0.522528	-0.487641
-0.635191	 0.038787	 0.375078	-0.489016	-0.122698	-0.496674	-0.125000	-0.487670	-0.445765	-0.399318	-0.520438	-0.487641
-0.626791	 0.038894	 0.437327	-0.490487	-0.310905	-0.496674	-0.312113	-0.493505	-0.445765	-0.399318	-0.518356	-0.487641
-0.621354	 0.038948	-0.031549	-0.491223	-0.405008	 0.003326	-0.405669	 0.003577	-0.445765	-0.399318	-0.516282	-0.487641
-0.617404	 0.038975	-0.264985	-0.491590	-0.452060	 0.252319	-0.452447	 0.251116	-0.445765	-0.399318	-0.514217	-0.487641
-0.614202	 0.038989	-0.381704	-0.491774	-0.475586	-0.124187	-0.475836	-0.125114	-0.445765	-0.399318	-0.512160	-0.487641
-0.611379	 0.038995	-0.440063	-0.491866	-0.487349	-0.311439	-0.487531	-0.312226	-0.445765	-0.399318	-0.510112	-0.487641
-0.608750	 0.038999	-0.469243	-0.491912	-0.493231	-0.405064	-0.493378	-0.405782	-0.445765	-0.399318	-0.508071	-0.487641
-0.606223	 0.039000	-0.483833	-0.491935	-0.496171	-0.451877	-0.496302	 0.047439	-0.445765	-0.399318	-0.506039	-0.487641
-0.603753	 0.039001	-0.491127	-0.491947	-0.497642	-0.475284	-0.497764	 0.273049	-0.445765	-0.399318	-0.504015	-0.487641
-0.601315	 0.039002	-0.494775	-0.491952	-0.498377	-0.486987	-0.498495	-0.114146	-0.945765	-0.399318	-0.001999	-0.487641
-0.598898	 0.039002	-0.496599	-0.491955	-0.498745	-0.492838	-0.498860	-0.306741	-1.192874	-0.399318	 0.248009	-0.487641
-0.596497	 0.039002	-0.497510	-0.491957	-0.498928	-0.495764	-0.499043	-0.403038	-1.313548	-0.399318	-0.126987	-0.487641
-0.594108	 0.039002	-0.497966	-0.491957	-0.499020	-0.497227	-0.499134	-0.451187	-1.371017	-0.399318	-0.313481	-0.487641
-0.591730	 0.039002	-0.498194	-0.491958	-0.499066	-0.497959	-0.499180	-0.475262	-0.896894	-0.399318	-0.406728	-0.487641
-0.589363	 0.039002	-0.498308	-0.491958	-0.499089	-0.498324	-0.499203	-0.487299	-0.659833	-0.399318	-0.453351	-0.487641
-0.587005	 0.039002	-0.498365	-0.491958	-0.499101	-0.498507	-0.499214	-0.493317	-0.541302	-0.399318	-0.476663	-0.487641
-0.584657	 0.039002	-0.498394	-0.491958	-0.499106	 0.001401	-0.499220	-0.496327	-0.482037	-0.399318	-0.488319	-0.487641
-0.582318	 0.039002	-0.498408	-0.491958	-0.499109	 0.250353	-0.499223	-0.497831	-0.452404	-0.399318	-0.494147	-0.487641
-0.579988	 0.039002	-0.498415	-0.491958	-0.499111	-0.125171	-0.499224	-0.498584	-0.437588	-0.399318	-0.497061	-0.487641
-0.577668	 0.039002	-0.498419	-0.491958	-0.499111	-0.311932	-0.499225	-0.498960	-0.430179	-0.399318	-0.498518	-0.487641
-0.575358	 0.039002	-0.498421	-0.491958	-0.499112	 0.094688	-0.499225	-0.499148	-0.426475	-0.399318	-0.499246	-0.487641
-0.573056	 0.039002	-0.498421	-0.491958	-0.499112	 0.296995	-0.499225	-0.499242	-0.424623	-0.399318	-0.499611	-0.487641
-1.070764	 0.039002	-0.498422	-0.491958	-0.499112	-0.101851	 0.000775	-0.499289	-0.423697	-0.399318	-0.499793	-0.487641
-1.316481	 0.039002	-0.498422	-0.491958	-0.499112	-0.300273	 0.249773	-0.499312	-0.423234	-0.399318	-0.499884	-0.487641
-1.436215	 0.039002	-0.498422	-0.491958	-0.499112	-0.399484	 0.374272	-0.499324	-0.423003	-0.399318	-0.499929	-0.487641
-0.992970	 0.039002	-0.498422	-0.491958	 0.000888	-0.449090	-0.063478	 0.000670	-0.422887	-0.399318	-0.499952	-0.487641
-0.770248	 0.039002	-0.498422	-0.491958	 0.249886	-0.473892	-0.281351	 0.249666	-0.422829	-0.399318	-0.499963	-0.487641
-1.157792	 0.039002	-0.498422	-0.491958	-0.125615	-0.486294	-0.390287	 0.374164	-0.422800	-0.399318	-0.499969	-0.487641
-1.348474	 0.039002	-0.498422	-0.491958	-0.312363	-0.492494	-0.444755	 0.436412	-0.422786	-0.399318	-0.499972	-0.487641
-0.940736	 0.039002	-0.498422	-0.491958	-0.405737	-0.495595	-0.471990	-0.032463	-0.422779	-0.399318	-0.499973	-0.487641
-0.735801	 0.039002	-0.498422	-0.491958	-0.452424	-0.497145	-0.485607	-0.265898	-0.422775	-0.399318	-0.499974	-0.487641
-0.632272	 0.039002	-0.498422	-0.491958	-0.475768	-0.497920	-0.492415	-0.382616	-0.422773	-0.399318	-0.499975	-0.487641
-0.579450	 0.039002	-0.498422	-0.491958	-0.487439	-0.498307	-0.495819	-0.440974	-0.422772	-0.399318	-0.499975	-0.487641
-0.551986	 0.039002	-0.498422	-0.491958	-0.493275	-0.498501	-0.497521	-0.470154	-0.422772	-0.399318	-0.499975	-0.487641
-0.537205	 0.039002	-0.498422	-0.491958	-0.496193	-0.498598	-0.498373	-0.484744	-0.422772	-0.399318	-0.499975	-0.487641
-0.528769	 0.039002	-0.498422	-0.491958	-0.497652	-0.498647	-0.498798	-0.492038	-0.422771	-0.399318	-0.499975	-0.487641
-0.523511	 0.039002	-0.498422	-0.491958	-0.498382	-0.498671	-0.499011	 0.004314	-0.422771	-0.399318	-0.499975	-0.487641
-0.519845	 0.039002	-0.498422	-0.491958	-0.498746	-0.498683	-0.499117	 0.251489	-0.422771	-0.399318	-0.499975	-0.487641
-0.516980	 0.039002	 0.001578	-0.491958	-0.498929	-0.498689	-0.499170	-0.124923	-0.422771	-0.399318	-0.499975	-0.987641
-0.514519	 0.039002	 0.250575	-0.491958	-0.499020	-0.498692	-0.499197	-0.312127	-0.422771	-0.399318	-0.499975	-1.234666
-0.512265	 0.039002	-0.124927	-0.491958	-0.499066	-0.498693	-0.499210	-0.405729	-0.422771	-0.899318	-0.499975	-0.855215
-0.510117	 0.039002	-0.311677	-0.491958	-0.499088	-0.498694	-0.499217	-0.452530	-0.422771	-1.146520	-0.499975	-0.665489
-0.508028	 0.039002	-0.405052	-0.491958	-0.499100	-0.498695	-0.499220	-0.475930	-0.422771	-0.767333	-0.499975	-0.570626
-0.505971	 0.039002	-0.451739	-0.491958	-0.499105	-0.498695	-0.499222	-0.487630	-0.422771	-0.577739	-0.499975	-0.523195
-0.503935	 0.039002	-0.475083	-0.491958	-0.499108	-0.498695	-0.499223	-0.493480	-0.422771	-0.482943	-0.499975	-0.499479
-0.501913	 0.039002	 0.013245	-0.491958	-0.499110	-0.498695	 0.000777	 0.003595	-0.422771	-0.435544	-0.499975	-0.487622
-0.500902	 0.039002	 0.256406	-0.491958	-0.499110	-0.498695	 0.249775	 0.251131	-0.422771	-0.411845	-0.499975	-0.481693
-0.500397	 0.039002	-0.122014	-0.491958	-0.499111	-0.498695	 0.374274	-0.125101	-0.422771	-0.399996	-0.499975	-0.478728
-0.500144	 0.039002	-0.310223	-0.491958	-0.499111	-0.498695	 0.436524	-0.312215	-0.422771	-0.394071	-0.499975	-0.477246
-0.500017	 0.039002	-0.404327	-0.491958	-0.499111	-0.498695	-0.032352	 0.094229	-0.422771	-0.391108	-0.499975	-0.476505
-0.499954	 0.039002	-0.451379	-0.491958	-0.499111	-0.498695	-0.265787	 0.296449	-0.422771	-0.389627	-0.499975	-0.476134
-0.499923	 0.039002	-0.474905	-0.491958	-0.499111	-0.498695	-0.382504	-0.102441	-0.422771	-0.388887	-0.499975	-0.475949
-0.499907	 0.039002	-0.486668	-0.491958	-0.499111	-0.498695	-0.440863	-0.300883	-0.422771	-0.388516	-0.499975	-0.475856
-0.499899	 0.039002	-0.492550	-0.491958	-0.499111	-0.498695	-0.470042	-0.400104	-0.422771	-0.388331	-0.499975	-0.475810
-0.499895	 0.039002	-0.495491	-0.491958	-0.499111	-0.498695	-0.484632	-0.449715	-0.422771	-0.388239	-0.499975	-0.475787
-0.499893	 0.039002	-0.496961	-0.491958	-0.499111	-0.498695	-0.491927	-0.474520	-0.422771	-0.388192	-0.499975	-0.475775
-0.499892	 0.039002	-0.497696	-0.491958	-0.499111	-0.498695	 0.004426	-0.486923	-0.422771	-0.388169	-0.499975	-0.475769
-0.499892	 0.039002	-0.498064	-0.491958	-0.499111	-0.498695	 0.251600	-0.493124	-0.422771	-0.388158	-0.499975	-0.475767
-0.999891	 0.039002	-0.498248	-0.491958	-0.499111	 0.001305	-0.124812	 0.003775	-0.422771	-0.388152	-0.499975	-0.475765
-1.246891	 0.039002	-0.498340	-0.491958	-0.499111	 0.250302	-0.312016	 0.251224	-0.422771	-0.388149	-0.499975	-0.475764
-0.867404	 0.039002	-0.498386	-0.491958	-0.499111	 0.374801	-0.405618	-0.125052	-0.422771	-0.388147	-0.499975	-0.475764
-0.677660	 0.039002	-0.498409	-0.491958	-0.499111	 0.437050	-0.452419	-0.312187	-0.422771	-0.388147	-0.499975	-0.475764
-0.582788	 0.039002	-0.498420	-0.491958	-0.499111	 0.468175	-0.475820	-0.405755	-0.422771	-0.388146	-0.499975	-0.475764
-0.535352	 0.039002	-0.498426	-0.491958	-0.499111	 0.483737	-0.487520	-0.452539	-0.422771	-0.388146	-0.499975	-0.475764
-0.511634	 0.039002	-0.498429	-0.491958	-0.499111	 0.491519	-0.493370	-0.475931	-0.422771	-0.388146	-0.499975	-0.475764
-0.999775	 0.039002	-0.498430	-0.491958	 0.000889	-0.004591	-0.496295	-0.487627	-0.422771	-0.388146	-0.499975	-0.475764
-1.240870	 0.039002	-0.498431	-0.491958	 0.249887	-0.251644	-0.497757	-0.493475	-0.422771	-0.388146	-0.499975	-0.475764
-0.858453	 0.039002	-0.498431	-0.491958	-0.125614	-0.375171	-0.498489	-0.496399	-0.422771	-0.388146	-0.499975	-0.475764
-0.667245	 0.039002	-0.498431	-0.491958	-0.312362	-0.436934	-0.498854	-0.497861	-0.422771	-0.388146	-0.499975	-0.475764
-0.571641	 0.039002	-0.498431	-0.491958	-0.405736	-0.467816	-0.499037	-0.498592	-0.422771	-0.388146	-0.499975	-0.475764
-0.523838	 0.039002	-0.498431	-0.491958	-0.452423	-0.483257	-0.499129	-0.498957	-0.422771	-0.388146	-0.499975	-0.475764
-0.499937	 0.039002	-0.498431	-0.491958	-0.475767	-0.490977	-0.499174	-0.499140	-0.422771	-0.388146	-0.499975	-0.475764
