-2.248558	-0.893798	-0.618773	-0.785426	-1.805455	-1.124764	-3.093489	 0.036608	-0.452223	-1.666518	-2.036576	-0.203381
-2.239563	-1.374600	-0.616298	-0.782285	-1.798233	-0.620266	-3.080163	 0.048421	-0.452223	-1.659852	-2.028430	-0.191551
-2.230605	-1.611290	-0.613833	-0.779155	-1.791040	-0.368017	-3.067366	 0.054328	-0.452223	-1.653212	-2.020316	-0.185636
-2.221683	-1.725939	-0.611377	-0.776039	-1.783876	-0.741893	-3.054859	-0.442719	-0.452223	-1.646600	-2.012235	-0.182678
-2.212796	-1.779582	-0.608932	-0.772935	-1.776740	-0.926599	-3.042520	-0.689363	-0.452223	-1.640013	-2.004186	-0.181199
-2.203945	-1.802737	-0.606496	-0.769843	-1.769633	-1.016730	-3.030291	-0.810813	-0.452223	-1.633453	-1.996169	-0.180460
-2.195129	-1.810663	-0.604070	-0.766764	-1.762555	-1.059581	-3.018140	-0.869673	-0.452223	-1.626919	-1.988185	-0.180090
-2.186348	-1.810989	-0.601654	-0.763696	-1.755505	-1.078802	-3.006052	-0.897246	-0.452223	-1.620412	-1.980232	-0.179906
-2.177603	-1.807529	-0.599247	-0.760642	-1.748483	-1.086217	-3.494021	-0.909183	-0.452223	-1.613930	-1.972311	-0.179813
-2.168893	-1.802191	-0.596850	-0.757599	-1.741489	-1.087736	-3.730041	-0.913309	-0.452223	-1.607474	-1.964422	-0.179767
-2.160217	-1.295929	-0.594463	-0.754569	-1.734523	-1.086318	-3.340119	-0.413538	-0.452223	-1.601044	-1.956564	-0.179744
-2.151576	-1.041218	-0.592085	-0.751550	-1.727585	-1.083439	-3.139257	-0.163652	-0.452223	-1.594640	-1.948738	-0.179732
-2.142970	-1.412290	-0.589716	-0.748544	-1.720674	-0.579838	-3.032950	-0.038709	-0.452223	-1.588262	-1.940943	-0.179726
-2.134398	-1.594259	-0.587358	-0.745550	-1.713792	-0.328038	-2.973943	 0.023763	-0.452223	-1.581909	-1.933179	-0.179724
-2.125860	-1.181691	-0.585008	-0.742568	-1.706936	-0.202138	-2.938609	 0.054998	-0.452223	-1.575581	-1.925446	-0.179722
-2.117357	-0.973869	-0.582668	-0.739598	-1.700109	-0.139188	-2.915136	 0.070616	-0.452223	-1.569279	-1.917745	-0.179721
-2.108888	-1.368425	-0.580337	-0.736639	-1.693308	-0.607713	-2.897616	 0.078425	-0.452223	-1.563002	-1.910074	-0.179721
-2.100452	-1.562178	-0.578016	-0.733693	-1.686535	-0.839823	-2.883096	 0.082330	-0.452223	-1.556749	-1.902433	-0.179721
-2.092050	-1.655542	-0.575704	-0.730758	-1.679789	-0.953734	-2.870099	 0.084282	-0.452223	-1.550522	-1.894824	-0.179721
-2.083682	-1.698726	-0.573401	-0.727835	-1.673070	-0.508554	-2.857886	 0.085258	-0.452223	-1.544320	-1.887244	-0.179721
-2.075347	-1.716835	-0.571108	-0.724924	-1.666377	-0.285964	-2.846088	 0.085746	-0.452223	-1.538143	-1.879695	-0.179721
-2.067046	-1.722419	-0.568823	-0.722024	-1.659712	-0.674669	-2.834521	-0.414010	-0.452223	-1.531991	-1.872177	-0.179721
-2.058778	-1.721755	-0.566548	-0.719136	-1.653073	-0.866895	-2.823091	-0.662060	-0.452223	-1.525863	-1.864688	-0.179721
-2.050543	-1.217981	-0.564282	-0.716259	-1.646461	-0.460890	-2.811753	-0.784265	-0.452223	-1.519759	-1.857229	-0.179721
-2.042340	-0.964666	-0.562025	-0.713394	-1.639875	-0.257887	-2.800483	-0.843555	-0.452223	-1.513680	-1.849800	-0.179721
-2.034171	-1.336585	-0.559777	-0.710541	-1.633315	-0.156386	-2.789270	-0.871394	-0.452223	-1.507625	-1.842401	-0.179721
-2.026034	-1.519128	-0.557537	-0.707698	-1.626782	-0.105635	-2.778107	-0.883515	-0.452223	-1.501595	-1.835031	-0.179721
-2.017930	-1.606996	-0.555307	-0.704868	-1.620275	-0.080260	-2.766992	-0.887784	-0.452223	-1.495589	-1.827691	-0.179721
-2.009859	-1.647540	-0.553086	-0.702048	-1.613794	-0.567572	-3.255922	-0.888135	-0.452223	-1.489606	-1.820381	-0.179721
-2.001819	-1.664436	-0.550874	-0.699240	-1.607339	-0.809118	-3.492898	-0.886533	-0.452223	-1.483648	-1.813099	-0.179721
-1.993812	-1.169522	-0.548670	-0.696443	-1.600909	-0.427790	-3.103926	-1.383962	-0.452223	-1.477713	-1.805847	-0.179721
-1.985837	-0.920715	-0.546476	-0.693657	-1.594506	-0.237126	-2.904010	-1.628914	-0.452223	-1.471802	-1.798623	-0.179721
-1.977893	-0.794968	-0.544290	-0.690883	-1.588128	-0.141794	-2.798644	-1.247643	-0.452223	-1.465915	-1.791429	-0.179721
-1.969982	-0.730756	-0.542112	-0.688119	-1.581775	-0.094128	-2.740574	-1.055274	-0.452223	-1.460051	-1.784263	-0.179721
-1.962102	-1.197317	-0.539944	-0.685367	-1.575448	-0.070295	-2.706174	-0.957364	-0.452223	-1.454211	-1.777126	-0.179721
-1.954253	-1.427270	-0.537784	-0.682625	-1.569146	-0.058379	-2.683631	-0.906690	-0.452223	-1.448394	-1.770017	-0.179721
-1.946436	-1.538932	-0.535633	-0.679895	-1.562870	-0.052420	-2.667037	-0.879641	-0.452223	-1.442601	-1.762937	-0.179721
-1.938651	-1.591461	-0.533491	-0.677175	-1.556618	-0.049441	-2.653439	-0.864411	-0.452223	-1.436830	-1.755886	-0.179721
-1.930896	-1.614438	-0.531357	-0.674466	-1.550392	-0.047952	-2.641361	-0.855098	-0.452223	-1.431083	-1.748862	-0.179721
-1.923172	-1.122652	-0.529231	-0.671768	-1.544190	-0.547207	-2.630063	-0.848750	-0.452223	-1.425359	-1.741867	-0.179721
-1.915480	-0.875497	-0.527114	-0.669081	-1.538013	-0.794742	-2.619176	-0.843891	-0.452223	-1.419657	-1.734899	-0.179721
-1.907818	-0.750663	-0.525006	-0.666405	-1.531861	-0.916424	-2.608516	-0.839783	-0.452223	-0.913979	-1.727960	-0.179721
-1.900187	-0.686994	-0.522906	-0.663739	-1.525734	-0.975190	-2.597991	-0.836058	-0.452223	-0.661139	-1.721048	-0.179721
-1.892586	-0.653913	-0.520814	-0.661084	-1.019631	-0.502504	-2.587553	-0.332531	-0.452223	-0.534720	-1.714164	-0.179721
-1.885015	-0.636131	-0.518731	-0.658440	-0.765552	-0.266162	-2.577180	-0.080767	-0.452223	-0.471510	-1.707307	-0.179721
-1.877475	-0.626003	-0.516656	-0.655806	-0.637490	-0.147990	-2.566860	 0.045114	-0.452223	-0.439905	-1.700478	-0.179721
-1.869965	-0.619707	-0.514589	-0.653183	-0.572440	-0.088905	-2.556587	 0.108055	 0.047777	-0.424102	-1.693676	-0.179721
-1.862486	-0.615333	-0.512531	-0.650570	-0.538901	-0.059362	-2.546357	 0.139526	 0.296682	-0.416201	-1.686901	-0.179721
-1.355036	-0.111924	-0.010481	-0.147968	 0.978880	 0.455410	-1.036171	 0.655261	 0.420043	 1.087749	-0.680153	-0.179721
-1.099616	 0.139781	 0.240544	 0.103333	 1.732777	 0.710855	-0.281077	 0.910787	 0.480637	 1.834541	-0.176780	-0.179721
 0.029783	 5.765633	 0.866057	 1.228984	 6.604752	 0.836645	 3.096470	 1.536217	 1.009851	 6.202775	 1.074907	-0.179721
 0.592164	 8.555777	 1.175830	 1.787100	 9.017786	 0.897615	 4.772295	 1.844609	 1.271380	 8.365749	 1.696098	-0.179721
 2.371045	 12.428156	 1.327745	 2.061467	 12.701442	 0.926183	 8.097311	 0.994499	-0.100921	 14.426179	 2.002058	-1.179721
 3.252186	 14.331745	 1.400744	 2.193979	 14.510499	 0.938558	 9.736975	 0.569444	-0.784125	 17.415421	 2.150422	-1.675361
 3.684490	 15.251069	 1.434295	 2.255582	 15.382389	 0.942843	 10.534053	 0.356916	-1.122793	 18.869232	 2.220007	-1.918840
 4.892408	 20.678390	 1.448135	 2.781750	 22.285825	 3.443091	 17.409930	 2.750652	 1.210796	 30.055492	 8.250220	-0.536254
 5.484167	 23.339839	 1.452132	 3.038217	 25.679165	 4.681329	 20.799297	 3.937232	 2.370502	 35.626765	 11.236766	 0.153346
 11.767894	 36.618561	 3.451217	 4.659862	 33.317690	 5.788609	 23.945603	 5.020274	 2.443295	 41.390633	 14.701592	 2.496460
 14.873654	 43.230651	 4.439860	 5.458121	 37.055040	 6.328457	 25.464573	 5.549588	 2.474659	 44.245297	 16.397672	 3.658338
 16.890576	 49.509535	 4.923324	 5.844738	 40.842130	 6.584644	 27.170090	 5.802087	 2.485329	 47.145467	 17.709525	 3.729637
 17.861221	 52.627280	 5.154242	 6.025584	 42.713978	 6.699056	 27.965098	 5.916228	 2.485672	 48.573855	 18.327408	 3.757684
 18.808881	 55.664543	 5.258931	 6.603594	 44.628292	 6.742635	 28.805081	 5.961237	 1.980871	 49.766440	 19.098460	 3.764136
 19.243197	 57.160984	 5.300548	 6.878235	 45.563260	 6.750852	 29.165783	 5.971730	 1.725519	 50.340542	 19.444246	 3.759821
 19.421000	 57.887104	 5.310673	 7.001251	 46.008642	 6.741443	 29.287081	 5.965011	 1.594902	 50.605491	 19.577559	 3.750153
 19.970704	 58.728150	 5.305093	 7.048510	 46.209320	 6.723274	 29.288913	 5.949736	 2.026665	 50.715953	 19.604794	 3.737837
 20.204515	 59.126304	 5.291705	 7.057948	 46.287290	 6.700779	 29.231247	 5.930229	 2.237630	 50.748815	 19.579148	 3.724229
 19.780544	 58.803102	 5.274454	 7.048532	 46.303995	 6.676175	 29.144068	 5.908654	 2.338215	 50.242966	 19.027217	 3.710003
 19.529846	 58.619754	 5.255314	 7.029746	 46.290601	 6.650570	 29.042364	 5.886092	 2.383630	 49.968295	 18.714301	 3.695499
 19.365938	 59.006421	 5.235271	 7.006331	 46.262245	 6.624518	 28.933631	 5.863085	 2.401480	 49.809300	 19.021041	 3.680885
 19.245580	 59.177959	 5.214820	 6.980657	 46.226272	 6.598295	 28.821614	 5.839901	 2.405566	 49.708008	 19.135755	 3.666245
 19.147151	 58.742021	 5.194205	 6.953911	 46.186578	 6.572039	 28.708187	 5.816675	 2.402789	 49.635654	 18.654611	 3.651622
 19.059839	 58.502653	 5.173551	 6.926683	 46.145332	 6.545819	 28.594284	 5.793475	 2.396601	 49.578079	 18.377692	 3.637037
 18.978238	 58.361656	 5.152918	 6.899270	 46.103396	 6.519670	 28.480371	 5.770335	 2.388726	 49.527978	 18.203031	 3.622499
 18.899644	 58.269930	 5.132337	 6.871820	 46.061200	 6.493609	 28.366682	 5.747270	 2.380027	 49.481700	 18.079644	 3.608014
 18.822705	 58.202924	 5.111823	 6.844406	 46.018959	 6.467643	 28.253332	 5.724290	 2.370935	 49.437418	 17.982038	 3.593585
 18.746744	 58.148362	 5.091383	 6.817066	 45.976781	 6.441777	 27.640377	 5.701397	 2.361665	 49.394218	 17.897466	 3.579212
 18.671422	 58.100330	 5.071021	 6.789816	 45.934939	 6.416012	 27.279844	 5.678593	 2.352326	 49.351867	 17.819554	 3.564895
 18.596568	 58.055644	 5.050739	 6.762666	 45.893350	 6.390349	 27.545739	 5.655880	 2.342970	 49.310022	 17.745115	 3.550636
 18.522098	 58.012494	 5.030537	 6.735620	 45.851747	 6.364788	 27.623063	 5.633257	 2.333625	 49.268291	 17.672554	 3.536434
 18.447968	 57.470193	 5.010415	 6.708679	 45.810220	 6.339329	 27.106325	 5.610724	 2.324303	 48.726701	 17.601074	 3.522288
 18.374155	 57.178622	 4.990374	 6.681846	 45.769037	 6.313972	 26.794776	 5.588281	 2.315013	 48.435486	 17.530274	 3.508199
 18.300648	 57.012499	 4.970413	 6.655119	 45.728106	 6.288716	 26.586036	 5.565928	 2.305756	 48.269539	 17.459956	 3.494166
 18.227440	 56.909180	 4.950531	 6.628499	 45.687384	 6.263561	 26.428911	 5.543665	 2.296535	 48.166309	 17.390017	 3.480190
 18.154528	 56.837345	 4.930729	 6.601985	 45.646847	 6.238507	 26.297805	 5.521490	 2.287350	 48.094518	 17.320408	 3.466269
 18.081908	 56.781332	 4.911006	 6.575577	 45.606484	 6.213553	 26.179918	 5.499404	 2.278201	 48.038528	 17.251101	 3.452404
 18.009580	 56.733310	 4.891362	 6.549275	 45.566287	 6.188699	 26.068851	 5.477407	 2.269088	 47.990517	 17.182084	 3.438594
 18.437542	 56.689365	 4.871797	 6.523078	 45.026254	 6.163944	 25.961402	 5.455497	 2.260012	 47.946577	 17.113350	 3.424840
 18.613791	 56.647315	 4.852309	 6.496985	 44.736160	 6.139288	 25.855969	 5.433675	 2.250972	 47.904530	 17.044893	 3.411140
 18.164336	 56.606293	 4.832900	 6.470997	 45.071116	 6.114731	 25.751752	 5.411940	 2.241968	 47.863509	 16.976712	 3.397496
 17.904179	 56.566087	 4.813568	 6.445114	 45.218899	 6.090272	 25.648348	 5.390292	 2.233000	 47.823304	 16.908805	 3.383906
 17.738812	 56.526368	 4.794314	 6.419333	 45.273174	 6.065911	 25.545556	 5.368731	 2.224068	 47.783586	 16.841169	 3.370370
 17.620982	 56.486971	 4.775137	 6.393656	 44.780775	 6.041648	 25.443275	 5.347256	 2.215172	 47.744189	 16.773804	 3.356889
 17.527060	 56.447813	 4.756036	 6.368081	 44.515115	 6.017481	 25.341452	 5.325867	 2.206311	 47.705031	 16.706709	 3.343461
 17.445233	 55.908852	 4.737012	 6.342609	 44.362904	 5.993411	 25.240062	 5.304564	 2.197486	 47.666070	 16.639882	 3.330087
 17.369593	 55.620068	 4.718064	 6.317238	 44.267494	 5.969437	 25.139089	 5.283346	 2.188696	 47.627286	 16.573322	 3.316767
 17.297185	 55.956449	 4.699192	 6.291969	 44.200563	 5.945560	 25.038527	 4.762212	 2.179941	 47.588667	 16.507029	 3.303500
 17.226531	 56.105712	 4.680395	 6.266802	 44.148169	 5.921777	 24.938369	 4.493163	 2.171221	 47.550430	 16.441001	 3.290286
 17.156893	 55.661491	 4.661674	 6.241734	 44.603120	 5.898090	 24.838614	 4.850191	 2.162536	 47.512459	 16.375237	 3.277125
 17.087899	 55.420382	 4.643027	 6.216767	 44.811597	 5.874498	 24.739259	 5.018290	 2.153886	 47.474475	 16.309736	 3.264016
 17.019364	 55.280905	 4.624455	 6.191900	 44.896913	 5.851000	 24.640302	 5.091967	 2.145271	 47.436560	 16.244497	 3.250960
 16.951195	 55.692319	 4.605957	 5.667133	 44.920723	 5.827596	 24.541740	 5.118474	 2.136690	 46.398756	 15.179519	 3.737956
 16.883345	 55.879699	 4.587533	 5.394464	 44.914301	 5.804286	 24.443573	 5.121438	 2.128143	 45.861526	 14.618801	 3.973005
 15.315788	 52.455135	 4.069183	 3.747886	 36.892837	 3.281068	 16.845799	 2.112671	-0.380370	 33.574657	 7.310326	 0.082113
 14.504514	 50.728458	 3.802906	 2.920395	 32.824361	 2.017944	 13.028416	 0.610079	-1.628848	 27.388647	 3.656088	-1.855716
 8.571490	 36.350783	 1.662695	 1.502463	 24.232612	 0.884872	 9.101302	-0.139431	-1.747333	 20.753237	 1.328969	-1.817043
 5.599701	 29.118000	 0.592589	 0.793497	 19.905455	 0.318336	 7.127397	-0.512409	-1.802843	 17.407296	 0.167406	-1.794150
 3.608551	 20.957837	 0.057536	 0.439014	 14.710721	 0.035068	 4.630137	-0.697127	-1.326882	 12.706203	-0.911387	-1.279161
 2.609741	 16.852161	-0.209991	 0.261773	 12.094321	-0.106565	 3.377242	-0.787722	-1.087200	 10.339647	-1.446803	-1.020138
 0.107114	 9.273830	-0.343754	-0.326848	 6.267166	-0.677382	-0.753455	-0.831263	-0.965663	 3.640422	-3.210547	-1.389104
-1.139408	 5.481273	-0.410635	-0.619327	 3.353588	-0.960295	-2.809035	-0.851284	-0.903207	 0.296927	-4.082470	-1.570071
-1.757898	 3.581617	-0.444076	-0.763743	 1.896799	-1.099264	-3.827096	-0.859552	-0.870297	-1.368727	-4.508523	-1.657053
-3.062389	 0.128426	-0.960797	-1.334135	-0.831595	-1.166273	-5.826436	-1.361950	-1.352168	-2.695485	-4.711680	-1.697055
-3.705902	-1.591521	-1.216202	-1.615522	-2.188673	-1.197310	-6.810454	-1.609421	-1.589435	-3.350820	-4.803429	-1.713582
-4.018959	-2.944871	-1.340961	-1.752421	-3.360120	-1.210372	-7.286874	-1.729442	-1.704415	-4.170475	-4.839513	-1.718386
-4.166824	-3.612950	-1.400409	-1.817092	-3.936780	-1.214456	-7.509558	-1.785754	-1.758266	-4.570322	-4.847804	-1.717341
-4.732126	-3.938427	-1.427214	-1.845665	-4.216083	-1.214061	-7.605435	-1.810226	-1.781567	-4.260306	-4.842237	-1.713386
-5.004183	-4.092638	-1.437708	-1.856202	-4.346744	-1.211437	-7.637971	-1.818792	-1.789608	-4.097397	-4.829781	-1.707990
-4.629659	-4.161250	-1.440059	-1.857737	-4.403120	-1.207707	-7.638898	-1.819421	-1.790034	-4.508073	-4.813918	-1.701887
-4.433887	-4.187096	-1.438349	-1.854786	-4.422389	-1.203434	-7.624082	-1.816095	-1.786665	-4.703574	-4.796390	-1.695443
-4.327524	-4.191593	-1.434621	-1.849607	-4.423140	-1.198899	-7.601455	-1.810806	-1.781415	-4.791526	-4.778069	-1.688844
-4.265901	-4.185449	-1.429895	-1.843329	-4.414668	-1.194243	-7.574984	-2.304551	-1.775237	-4.325743	-4.759388	-1.682179
-4.226680	-4.174019	-1.424682	-1.836516	-4.401619	-1.189535	-7.546652	-2.545827	-1.768610	-4.085132	-4.740567	-1.675496
-4.198695	-4.159979	-1.419237	-1.829450	-4.886318	-1.184812	-7.517449	-2.160890	-1.761772	-3.957137	-4.721712	-1.668817
-4.176361	-4.144667	-1.413686	-1.822272	-5.117925	-1.180090	-7.487871	-1.964870	-1.754844	-3.885482	-4.702880	-1.662153
-4.656886	-4.128752	-1.408095	-1.815053	-4.723030	-1.175379	-7.458166	-1.863323	-1.747884	-4.342026	-4.684095	-1.655510
-4.886874	-4.112569	-1.402494	-1.807827	-4.516926	-1.170682	-7.428456	-1.809025	-1.740922	-4.560701	-4.665372	-1.648891
-4.491634	-4.096284	-1.396900	-1.800614	-4.405252	-1.666001	-7.398804	-1.778367	-1.733973	-4.660480	-4.646717	-1.642297
-4.285821	-4.079982	-1.391320	-1.793420	-4.340828	-1.909338	-7.369239	-1.759543	-1.727044	-4.700849	-4.628134	-1.635728
-4.174755	-4.063704	-1.385759	-1.786251	-4.300063	-2.026701	-7.339777	-1.746649	-1.720140	-4.711551	-4.609623	-1.629186
-4.611094	-4.047470	-1.380218	-1.779108	-4.271162	-2.081095	-7.810426	-2.236735	-1.713261	-4.207457	-4.591185	-1.622669
-4.819169	-4.031290	-1.374698	-1.771993	-4.248227	-2.104021	-8.029188	-2.476324	-1.706409	-3.948004	-4.572821	-1.616179
-4.913152	-4.015170	-1.369200	-1.764905	-4.228309	-2.111230	-7.622073	-2.090686	-1.699584	-4.310900	-4.554530	-1.609714
-4.950129	-3.999112	-1.363723	-1.757846	-4.209933	-2.110597	-7.404086	-1.894458	-1.692786	-4.483001	-4.536312	-1.603275
-4.958644	-3.983117	-1.358268	-1.750814	-4.192362	-2.106061	-7.780720	-1.792947	-1.686015	-5.059741	-4.518167	-1.596862
-4.952966	-3.967185	-1.352835	-1.743811	-4.175227	-2.099590	-7.952723	-1.738809	-1.679271	-5.336838	-4.500094	-1.590475
-4.940233	-3.951317	-1.347424	-1.736836	-4.158343	-2.092168	-8.022474	-1.708370	-1.672554	-4.464158	-4.482094	-1.584113
-4.924012	-3.935512	-1.342034	-1.729889	-4.141619	-2.084288	-8.041166	-1.689795	-1.665864	-4.020636	-4.464166	-1.577776
-4.906085	-3.919770	-1.336666	-1.722969	-4.125006	-2.076195	-8.034392	-1.677165	-1.659200	-3.791720	-4.446309	-1.571465
-4.887346	-3.904091	-1.331319	-1.716077	-4.108484	-2.068012	-7.514949	-1.667521	-1.652563	-3.670137	-4.428524	-1.565179
-4.868239	-3.888474	-1.325994	-1.709213	-4.092038	-2.059801	-7.241237	-1.659383	-1.645953	-3.602248	-4.410810	-1.558919
-4.848987	-3.872920	-1.320690	-1.702376	-4.075664	-2.051592	-7.590446	-1.652012	-1.639369	-4.061235	-4.393166	-1.552683
-4.829702	-3.857429	-1.315407	-1.695567	-4.059359	-2.043401	-7.749171	-1.645037	-1.632812	-4.281688	-4.375594	-1.546472
-4.810438	-3.841999	-1.310146	-1.688784	-4.043120	-2.035235	-7.812718	-2.138273	-1.126281	-3.882910	-4.358091	-1.540286
-4.791224	-3.826631	-1.304905	-1.682029	-4.026947	-2.027098	-7.828739	-2.379628	-0.871775	-3.676553	-4.340659	-1.534125
-4.772073	-3.811325	-1.299686	-1.675301	-4.010839	-1.518992	-7.821060	-2.495064	-1.243288	-3.566434	-4.323296	-1.527989
-4.752992	-3.796079	-1.294487	-1.668600	-3.994795	-1.262917	-7.801594	-2.547561	-1.425815	-3.504462	-4.306003	-1.521877
-4.733983	-3.780895	-1.289309	-1.661926	-3.978816	-1.132865	-7.776296	-2.568609	-1.513862	-3.466591	-4.288779	-1.515789
-4.715049	-3.765771	-1.284152	-1.655278	-3.962901	-1.565834	-7.748145	-2.073954	-1.054681	-3.440798	-4.271624	-1.509726
-4.696190	-3.750708	-1.279015	-1.648657	-3.947049	-1.778321	-7.718630	-1.823468	-0.823900	-3.421071	-4.254537	-1.503687
-4.677405	-3.735705	-1.273899	-1.642062	-3.931261	-1.880583	-7.188494	-1.695079	-0.707323	-3.404405	-4.237519	-1.497672
-4.658696	-3.720763	-1.268803	-1.635494	-3.915536	-1.927748	-6.910110	-1.627751	-0.647853	-3.389297	-4.220569	-1.491682
-4.640061	-3.705880	-1.263728	-1.628952	-3.899873	-1.947381	-6.757654	-1.590966	-0.616942	-3.874994	-4.203687	-0.985715
-4.621501	-3.691056	-1.258673	-1.622436	-3.884274	-1.953263	-6.668215	-1.569465	-0.600314	-4.109122	-4.186872	-0.732732
-4.603015	-3.676292	-1.253639	-1.615946	-3.868737	-1.952286	-6.610339	-1.555619	-1.090832	-3.717499	-4.170125	-0.606240
-4.584603	-3.661587	-1.248624	-1.609483	-3.853262	-1.947895	-6.568295	-1.545612	-1.332929	-3.515036	-4.153444	-0.542994
-4.566265	-3.646940	-1.243630	-1.603045	-3.837849	-1.941812	-6.534221	-1.537538	-1.450827	-3.407179	-4.136830	-0.511371
-4.048000	-3.632353	-1.238655	-1.596632	-3.822498	-1.934899	-6.504184	-1.530442	-1.506639	-3.346652	-4.120283	-0.995560
-3.781808	-3.617823	-1.233700	-1.590246	-3.807208	-1.927587	-6.476217	-1.523847	-1.531420	-3.309816	-4.103802	-1.234694
-4.141680	-3.603352	-1.228766	-1.583885	-3.791979	-1.920090	-6.949337	-1.517515	-1.540698	-3.784852	-4.087387	-1.351314
-4.312614	-3.588938	-1.223851	-1.577549	-3.776811	-1.912517	-7.171052	-1.511327	-1.542237	-4.013851	-4.071037	-1.406688
-4.389113	-3.574583	-1.218955	-1.571239	-3.761704	-1.904920	-7.267124	-2.005222	-1.039919	-3.619864	-4.054753	-1.431451
-4.418432	-3.560284	-1.214079	-1.564954	-3.746657	-1.897327	-7.300434	-2.247172	-0.787685	-3.416419	-4.038534	-1.440920
-4.424196	-3.546043	-1.209223	-1.558694	-3.731670	-1.889751	-6.802421	-1.863168	-0.660497	-3.308271	-4.022380	-1.442754
-4.418218	-3.531859	-1.204386	-1.552460	-3.716743	-1.882199	-6.540806	-1.668208	-0.595836	-3.247796	-4.006290	-1.440781
-4.406404	-3.517732	-1.199569	-1.546250	-3.701876	-1.874673	-6.397440	-1.567782	-0.562444	-3.211184	-3.990265	-1.436918
-4.391708	-3.503661	-1.194770	-1.540065	-3.687069	-1.867176	-6.313249	-1.514634	-0.544689	-3.186529	-3.974304	-1.432120
-4.375606	-3.489646	-1.189991	-1.533905	-3.672321	-1.859709	-6.258695	-1.485137	-0.534758	-3.167878	-3.958407	-1.426866
-4.358836	-3.475687	-1.185231	-1.527769	-3.657631	-1.852270	-6.219010	-1.967477	-1.028743	-3.152254	-3.942573	-1.421396
-4.341767	-3.461785	-1.180490	-1.521658	-3.643001	-1.844861	-6.186809	-2.203747	-1.272690	-3.138169	-3.926803	-1.415829
-4.324583	-3.447938	-1.175768	-1.515571	-3.628429	-1.337482	-6.158399	-1.817003	-0.891630	-3.124878	-3.911096	-1.410225
-4.307376	-3.434146	-1.171065	-1.509509	-3.613915	-1.082132	-6.131934	-1.620770	-0.700079	-3.112009	-3.895451	-1.404614
-4.290193	-3.420409	-1.166381	-1.503471	-3.599459	-0.952804	-6.106491	-1.519804	-0.603286	-3.099377	-3.879870	-1.399010
-4.273055	-3.406728	-1.161716	-1.497457	-3.585062	-0.886492	-6.081607	-1.466484	-0.553877	-3.086887	-3.864350	-1.393422
-4.255974	-3.393101	-1.157069	-1.491467	-3.570721	-0.851696	-6.057052	-1.436997	-0.528164	-3.074493	-3.848893	-1.387852
-4.238956	-3.379528	-1.152440	-1.485501	-3.556438	-1.332665	-6.032709	-1.419439	-1.014302	-3.062172	-3.833497	-1.382302
-4.222003	-3.366010	-1.147831	-1.479559	-3.542213	-1.569521	-6.008521	-1.407856	-1.254370	-3.049912	-3.818163	-1.376774
-4.205116	-3.352546	-1.143239	-1.473641	-3.528044	-1.184337	-5.984458	-1.399272	-0.871415	-3.037706	-3.802891	-1.371267
-4.188296	-3.339136	-1.138666	-1.467747	-3.513932	-0.990147	-5.960506	-1.392199	-0.679938	-3.025553	-3.787679	-1.365782
-4.171544	-3.325779	-1.134112	-1.461876	-3.499876	-1.391459	-6.436657	-1.385892	-0.584199	-3.013449	-3.772528	-1.360319
-4.154858	-3.312476	-1.129575	-1.456028	-3.485876	-1.588530	-6.660907	-1.379979	-0.536330	-3.001395	-3.757438	-1.354878
-4.138238	-3.299226	-1.125057	-1.450204	-3.471933	-1.683495	-6.259261	-1.374275	-0.512395	-2.989389	-3.742408	-1.349459
-4.121685	-3.286029	-1.120557	-1.444403	-3.458045	-1.727420	-6.046723	-1.368685	-0.500428	-2.977431	-3.727439	-1.344061
-4.105199	-3.272885	-1.116074	-1.438625	-3.444213	-1.745840	-5.928786	-1.363164	-0.494444	-2.965521	-3.712529	-1.338685
-4.088778	-3.259794	-1.111610	-1.432871	-3.430436	-1.751521	-5.858196	-1.357689	-0.491453	-2.953659	-3.697679	-1.333330
-4.072423	-3.246755	-1.107164	-1.427139	-3.416714	-1.750847	-5.811325	-1.352246	-0.489957	-2.941844	-3.682888	-1.327997
-4.056133	-3.233768	-1.102735	-1.421431	-3.403048	-1.747010	-5.776361	-1.346832	-0.489209	-2.930077	-3.668157	-1.322685
-4.039909	-3.220833	-1.098324	-1.415745	-3.389435	-1.741605	-5.747396	-1.341441	-0.488835	-2.918357	-3.653484	-1.317394
-4.023749	-3.207949	-1.093931	-1.410082	-3.375878	-1.735430	-5.721477	-1.336074	-0.488648	-3.406683	-3.638870	-0.812124
-4.007654	-3.195117	-1.089555	-1.404442	-3.362374	-1.728884	-5.697126	-1.330729	-0.488554	-3.643056	-3.624315	-0.559490
-3.991623	-3.182337	-1.085197	-1.398824	-3.848925	-1.722167	-5.673605	-1.325406	-0.488507	-3.253484	-3.609817	-0.933172
-3.975657	-3.169608	-1.080856	-1.393229	-4.083529	-1.715377	-5.650545	-1.320104	-0.488484	-3.052970	-3.595378	-1.117400
-3.959754	-3.156929	-1.076533	-1.387656	-4.192195	-1.708565	-5.627759	-1.314823	-0.488472	-2.947008	-3.580997	-1.206910
-3.943915	-3.144301	-1.072227	-1.382105	-3.737926	-1.701756	-5.605157	-1.309564	-0.488467	-2.888345	-3.566673	-1.249073
-3.928139	-3.131724	-1.067938	-1.376577	-3.504224	-1.694961	-5.582690	-1.304326	-0.488464	-2.853354	-3.552406	-1.267571
-3.912427	-3.119197	-1.063666	-1.371071	-3.380832	-1.688187	-5.560337	-1.299109	-0.988462	-2.830222	-3.538196	-1.274249
-3.896777	-3.106721	-1.059411	-1.365586	-3.312622	-1.681438	-5.538084	-1.293912	-1.235485	-2.813042	-3.524043	-1.275025
-3.881190	-3.094294	-1.055174	-1.360124	-3.272027	-1.174713	-5.515926	-1.288736	-0.856031	-2.798860	-3.509947	-1.272862
-3.865665	-3.081917	-1.050953	-1.354683	-3.245267	-0.920015	-5.493859	-1.283582	-0.666304	-2.786200	-3.495907	-1.269239
-3.850203	-3.069589	-1.046749	-1.349265	-3.225450	-0.791336	-5.471882	-1.778447	-0.571440	-2.774323	-3.481924	-0.764896
-3.834802	-3.057310	-1.042562	-1.343868	-3.209131	-0.725670	-5.449994	-2.021333	-0.524009	-2.762859	-3.467996	-0.512725
-3.819463	-3.045081	-1.038392	-1.338492	-3.194585	-0.691518	-5.428194	-2.138248	-0.500293	-2.751625	-3.454124	-0.386639
-3.804185	-3.032901	-1.034238	-1.333138	-3.180952	-0.673127	-5.906481	-1.692195	-0.488435	-3.240527	-3.440308	-0.823597
-3.788968	-3.020769	-1.030101	-1.327806	-3.167801	-0.662622	-6.132855	-1.466676	-0.482506	-3.477519	-3.426546	-1.039554
-3.773812	-3.008686	-1.025981	-1.322494	-3.154916	-0.656065	-5.733323	-1.351435	-0.479541	-3.088586	-3.412840	-1.145022
-3.758717	-2.996651	-1.021877	-1.317204	-3.142190	-0.651488	-5.522890	-1.291341	-0.478059	-2.888720	-3.399189	-1.195255
-3.743682	-2.984665	-1.017789	-1.311936	-3.129568	-1.147905	-5.407048	-0.758832	-0.477318	-2.783409	-3.385592	-0.717880
-3.728707	-2.972726	-1.013718	-1.306688	-3.117023	-1.392825	-5.338545	-0.492578	-0.476947	-2.725398	-3.372050	-0.479193
-3.713793	-2.960835	-1.009663	-1.301461	-3.104541	-1.012010	-5.793754	-0.859450	-0.476762	-2.691057	-3.358562	-0.859849
-3.698937	-2.948992	-1.005625	-1.296255	-3.092117	-0.820340	-6.008860	-1.040434	-0.476669	-2.668574	-3.345127	-1.047696
-3.684142	-2.937196	-1.001602	-1.291070	-3.079745	-0.723247	-6.103965	-1.128483	-0.476623	-2.652040	-3.331747	-1.139149
-3.669405	-2.925447	-0.997596	-1.285906	-3.067424	-1.173449	-5.639119	-1.170075	-0.476600	-2.638502	-3.318420	-1.182414
-3.654727	-2.913745	-0.993605	-1.280762	-3.055154	-1.395302	-5.396348	-1.188447	-0.476588	-2.626483	-3.305146	-1.201595
-3.640108	-2.402090	-0.989631	-1.275639	-3.042932	-1.002995	-5.264655	-1.195220	-0.476583	-2.615244	-3.291926	-0.708744
-3.625548	-2.142482	-0.985673	-1.270537	-3.030761	-0.805620	-5.188543	-1.196202	-0.476580	-2.604417	-3.278758	-0.462319
-3.611046	-2.508912	-0.981730	-1.265455	-3.018637	-1.205716	-5.140262	-1.194299	-0.476578	-2.593816	-3.265643	-0.839106
-3.596602	-2.686377	-0.977803	-1.260393	-3.006563	-1.402552	-5.105938	-1.190962	-0.476578	-2.583349	-3.252580	-1.025068
-3.582215	-2.769381	-0.973892	-1.255351	-2.994537	-0.997771	-5.078632	-1.186919	-0.476577	-2.572970	-3.239570	-1.115627
-3.567886	-2.805178	-0.969996	-1.250330	-2.982558	-0.794195	-5.054877	-1.182531	-0.476577	-2.562655	-3.226612	-1.158494
-3.553615	-2.817395	-0.966116	-1.245329	-2.970628	-0.691226	-5.032937	-1.177981	-0.476577	-2.552393	-3.213705	-1.177524
-3.539400	-2.817844	-0.962252	-1.240347	-2.958746	-0.638564	-5.511945	-0.673359	-0.476577	-3.042178	-3.200850	-1.184647
-3.525243	-2.812432	-0.958403	-1.235386	-2.946911	-0.611062	-5.739467	-0.421048	-0.476577	-3.280007	-3.188047	-1.185824
-3.511142	-2.804112	-0.954569	-1.230444	-2.935123	-0.596144	-5.341294	-0.794893	-0.476577	-2.891885	-3.175295	-0.684039
-3.497097	-2.794361	-0.950751	-1.225522	-2.923382	-0.587522	-5.132321	-0.979478	-0.476577	-2.692817	-3.162594	-0.433147
-3.483109	-2.783916	-0.946948	-1.220620	-2.911689	-1.082053	-5.017988	-1.069442	-0.476577	-2.588295	-3.149943	-0.807700
-3.469176	-2.773146	-0.943160	-1.215738	-2.900042	-1.326166	-4.951014	-1.112105	-0.476577	-2.531067	-3.137343	-0.992613
-3.455300	-2.762237	-0.939387	-1.210875	-2.888442	-1.445082	-4.907759	-1.131127	-0.476577	-2.497505	-3.124794	-1.082714
-3.441479	-2.751279	-0.935630	-1.206031	-2.876888	-1.501412	-4.876403	-1.138338	-0.476577	-2.475796	-3.112295	-1.125419
-3.427713	-2.740320	-0.931887	-1.201207	-2.865381	-1.526461	-4.851035	-1.139653	-0.476577	-2.460034	-3.099846	-1.144435
-3.414002	-2.729382	-0.928160	-1.196403	-2.853919	-1.535883	-4.828699	-1.138028	-0.476577	-2.447264	-3.087446	-1.151616
-3.400346	-2.718476	-0.924447	-1.191617	-2.842504	-1.037503	-4.807919	-1.134943	-0.476577	-2.936010	-3.075097	-0.652889
-3.386744	-2.707607	-0.920749	-1.186850	-2.831134	-0.787235	-4.787954	-1.131136	-0.476577	-3.173533	-3.062796	-0.403526
-3.373197	-2.696780	-0.917066	-1.182103	-2.819809	-0.661027	-4.768436	-1.126978	-0.476577	-2.785473	-3.050545	-0.278844
-3.359705	-2.685994	-0.913398	-1.177375	-2.808530	-0.596853	-4.749179	-1.122654	-0.476577	-2.586648	-3.038343	-0.216503
-3.346266	-2.675251	-0.909744	-1.172665	-2.797296	-0.563701	-4.730090	-1.618255	-0.476577	-2.482460	-3.026189	-0.185333
-3.332881	-2.664550	-0.906105	-1.167974	-2.786106	-0.546064	-4.711124	-1.861828	-0.476577	-2.425609	-3.014085	-0.169747
-3.319549	-2.653892	-0.902481	-1.163303	-2.774962	-0.536188	-4.692257	-1.979403	-0.476577	-2.392446	-3.002028	-0.161955
-3.306271	-2.643277	-0.898871	-1.158649	-2.763862	-1.030198	-4.673476	-1.533997	-0.476577	-2.371146	-2.990020	-0.158058
-3.293046	-2.632704	-0.895276	-1.154015	-2.752807	-1.274154	-4.654777	-1.309117	-0.476577	-2.355797	-2.978060	-0.156110
-3.279874	-2.622173	-0.891695	-1.149399	-2.741795	-1.393096	-4.636155	-1.194508	-0.476577	-2.343441	-2.966148	-0.155136
-3.266754	-2.611684	-0.888128	-1.144801	-2.730828	-1.449543	-4.617609	-1.135044	-0.476577	-2.332601	-2.954283	-0.154649
-3.253687	-2.601238	-0.884575	-1.140222	-2.719905	-0.974755	-4.599138	-0.603161	-0.476577	-2.322537	-2.942466	-0.154406
-3.240672	-2.590833	-0.881037	-1.135661	-2.709025	-0.737361	-4.580741	-0.337219	-0.476577	-2.312881	-2.930696	-0.154284
-3.227710	-2.580469	-0.877513	-1.131118	-2.698189	-0.618663	-4.562418	-0.204249	-0.476577	-2.303446	-2.918974	-0.154223
-3.214799	-2.570147	-0.874003	-1.126594	-2.687397	-0.559315	-4.544168	-0.137763	-0.476577	-2.294140	-2.907298	-0.154193
-3.201940	-2.559867	-0.870507	-1.122088	-2.676647	-0.529641	-4.525991	-0.104521	-0.476577	-2.284918	-2.895668	-0.154177
-3.189132	-2.549627	-0.867025	-1.117599	-2.665940	-0.514803	-4.507887	-0.587899	-0.476577	-2.275756	-2.884086	-0.154170
-3.176375	-2.539429	-0.863557	-1.113129	-2.655277	-0.507385	-4.489856	-0.827446	-0.476577	-2.266641	-2.872549	-0.154166
-3.163670	-2.529271	-0.860102	-1.108676	-2.644655	-0.503676	-4.471896	-0.945085	-0.476577	-2.257569	-2.861059	-0.154164
-3.151015	-2.519154	-0.856662	-1.104242	-2.634077	-1.001821	-4.454009	-1.001780	-0.476577	-2.248536	-2.849615	-0.154163
-3.138411	-2.509077	-0.853235	-1.099825	-2.623541	-1.247894	-4.436193	-1.028010	-0.476577	-2.239540	-2.838217	-0.154163
-3.125858	-2.499041	-0.849822	-1.095425	-2.613046	-1.367942	-4.418448	-0.539016	-0.476577	-2.230581	-2.826864	-0.654162
-3.113354	-2.489045	-0.846423	-1.091044	-2.602594	-1.424990	-4.400774	-0.294520	-0.476577	-2.221658	-2.815556	-0.901854
-3.100901	-2.479089	-0.843037	-1.086679	-2.592184	-0.950550	-4.383171	-0.672271	-0.476577	-2.212772	-2.804294	-1.023401
-3.088497	-2.469172	-0.839665	-1.082333	-2.581815	-0.713330	-4.365638	-0.859047	-0.476577	-2.203920	-2.793077	-1.081884
-3.076143	-2.459296	-0.836307	-1.078003	-2.571488	-1.094720	-4.348176	-0.950343	-0.476577	-2.195105	-2.781905	-0.608845
-3.063839	-2.449458	-0.832961	-1.073691	-2.561202	-1.282463	-4.330783	-0.993908	-0.476577	-2.186324	-2.770777	-0.372326
-3.051583	-2.439661	-0.829630	-1.069397	-2.550957	-1.373394	-4.313460	-1.013616	-0.476577	-2.177579	-2.759694	-0.254066
-3.039377	-2.429902	-0.826311	-1.065119	-2.540753	-0.915931	-4.296206	-1.021403	-0.476577	-2.168869	-2.748655	-0.194936
-3.027219	-2.420182	-0.823006	-1.060859	-2.530590	-0.687199	-4.279021	-1.023238	-0.476577	-2.160193	-2.737660	-0.165371
-3.015110	-1.910502	-0.819714	-1.056615	-2.520468	-0.572834	-4.761905	-0.522105	-0.476577	-2.151552	-2.726710	-0.650588
-3.003050	-1.652860	-0.816435	-1.052389	-2.510386	-0.515651	-4.992857	-0.271539	-0.476577	-2.142946	-2.715803	-0.890926
-2.491038	-2.021248	-0.813169	-1.048179	-2.500344	-0.487059	-4.597886	-0.646256	-0.476577	-2.134374	-2.704940	-0.508832
-2.231074	-2.200663	-0.809916	-1.043986	-2.490343	-0.472764	-4.391994	-0.831572	-0.476577	-2.125837	-2.694120	-0.317785
-2.597149	-2.285611	-0.806677	-1.039810	-2.480382	-0.465616	-4.280676	-0.922197	-0.976577	-2.117334	-2.683343	-0.222261
-2.774261	-2.323343	-0.803450	-1.035651	-2.470460	-0.462042	-4.216679	-0.965483	-1.223624	-2.108864	-2.672610	-0.174499
-2.856914	-2.337487	-0.800236	-1.031509	-2.460578	-0.460255	-4.176375	-0.985109	-1.344206	-2.100429	-2.661920	-0.150619
-2.892361	-2.339856	-0.797035	-1.027383	-2.450736	-0.459361	-4.147950	-0.492913	-0.901567	-2.092027	-2.651272	-0.638678
-2.904229	-2.336356	-0.793847	-1.023273	-2.440933	-0.458915	-4.125499	-0.246814	-0.680248	-2.083659	-2.640667	-0.880454
-2.904331	-2.329940	-0.790672	-1.019180	-2.431169	-0.958691	-4.606067	-0.623765	-0.569588	-2.575324	-2.630104	-0.999098
-2.898573	-2.322085	-0.787509	-1.015103	-2.421445	-1.205663	-4.836178	-0.810239	-0.514259	-2.815023	-2.619584	-1.056185
-2.889908	-2.313529	-0.784359	-1.011043	-2.411759	-1.326243	-4.441101	-0.901483	-0.486594	-2.428763	-2.609105	-1.082501
-2.879814	-2.304642	-0.781222	-1.006999	-2.402112	-1.383640	-4.235471	-0.945119	-0.472761	-2.231548	-2.598669	-1.093442
-2.869027	-2.295606	-0.778097	-1.002971	-2.392503	-0.909456	-4.124596	-0.464960	-0.465845	-2.128872	-2.588274	-0.596703
-2.857917	-2.286515	-0.774984	-0.998959	-2.382933	-0.672364	-4.061131	-0.224880	-0.462387	-2.073481	-2.577921	-0.348334
-2.846668	-2.277415	-0.771884	-0.994963	-2.373402	-0.553818	-4.021403	-0.104840	-0.460658	-2.041750	-2.567610	-0.224150
-2.835373	-2.268328	-0.768797	-0.990983	-2.363908	-0.994545	-3.993576	-0.044820	-0.459793	-2.021864	-2.557339	-0.162057
-2.824078	-2.259266	-0.765722	-0.987019	-2.354452	-1.212038	-3.971730	-0.014810	-0.459361	-2.007917	-2.547110	-0.131011
-2.812804	-2.250235	-1.262659	-0.983071	-2.345035	-1.317925	-3.952908	-0.499805	-0.459145	-1.996956	-2.536921	-0.115488
-2.801564	-2.241237	-1.507608	-0.979139	-2.335654	-1.368021	-3.935629	-0.740333	-0.459037	-1.987503	-2.526774	-0.107727
-2.790364	-1.732273	-1.126578	-0.975222	-2.326312	-0.890233	-3.919152	-0.858636	-0.458983	-1.978821	-2.516667	-0.603846
-2.779205	-1.475345	-0.934571	-0.971321	-2.317007	-0.651339	-3.903109	-0.915833	-0.458956	-1.970539	-2.506600	-0.849705
-2.768090	-1.844444	-0.837083	-0.967436	-2.307739	-0.531892	-3.887313	-0.942485	-0.958942	-1.962474	-2.496573	-0.470444
-2.757018	-2.024566	-0.786860	-0.963566	-2.298508	-0.472169	-3.871672	-0.953873	-1.206018	-1.954533	-2.486587	-0.280814
-2.745990	-2.110218	-0.760275	-0.959712	-2.289314	-0.442307	-3.856139	-0.957637	-1.326649	-1.946669	-2.476641	-0.185998
-2.735007	-2.148652	-0.745515	-0.955873	-2.280156	-0.427376	-3.840692	-0.957596	-0.884070	-1.938859	-2.466734	-0.138591
-2.724067	-2.163495	-0.736674	-0.952050	-2.271036	-0.419911	-3.825318	-0.955660	-0.662781	-1.931092	-2.456867	-0.114887
-2.713171	-2.166560	-0.730797	-0.948241	-2.261952	-0.416178	-3.810011	-0.952785	-0.552136	-1.923362	-2.447040	-0.103035
-2.702318	-2.163753	-0.726409	-0.944448	-2.252904	-0.414311	-3.794768	-0.949447	-0.496814	-1.915666	-2.437252	-0.097109
-2.691509	-2.158028	-0.722771	-0.940671	-2.243892	-0.413378	-3.779587	-0.945886	-0.469153	-1.908002	-2.427503	-0.094146
-2.680743	-2.150861	-0.719514	-0.936908	-2.234917	-0.412912	-3.764468	-0.942221	-0.455322	-1.900369	-2.417793	-0.092664
-2.670020	-2.142990	-0.716453	-0.933160	-2.225977	-0.912678	-3.749410	-0.938512	-0.448407	-1.892767	-2.408122	-0.091924
-2.659340	-2.134784	-0.713495	-0.929428	-2.217073	-1.159737	-3.734412	-0.934787	-0.444949	-1.885196	-2.398489	-0.091553
-2.648702	-2.126428	-0.710596	-0.925710	-2.208205	-1.280452	-3.719474	-0.931063	-0.443220	-1.877655	-2.388895	-0.091368
-2.638107	-2.118014	-0.707730	-0.922007	-2.199372	-1.338008	-3.704597	-0.927346	-0.442356	-1.870144	-2.379340	-0.091275
-2.627555	-2.109587	-0.704888	-0.918319	-2.190574	-1.363995	-3.689778	-0.923640	-0.441924	-1.862664	-2.369822	-0.091229
-2.617045	-2.101172	-0.702063	-0.914646	-2.181812	-0.874208	-4.175019	-0.419948	-0.441708	-1.855213	-2.360343	-0.091206
-2.606577	-2.092779	-0.699252	-0.910987	-2.173085	-0.629315	-4.408319	-0.168101	-0.441600	-1.847792	-2.350901	-0.091194
-2.596150	-1.584413	-0.696453	-0.907343	-2.164393	-1.006868	-4.015686	-0.042178	-0.441545	-1.840401	-2.341498	-0.591189
-2.585766	-1.328078	-0.693667	-0.903714	-2.155735	-1.192876	-3.812123	 0.020784	-0.441518	-1.833039	-2.332132	-0.839003
-2.575423	-1.197768	-0.690892	-0.900099	-2.147112	-1.283122	-3.703124	 0.052264	-0.441505	-1.825707	-2.322803	-0.460737
-2.565121	-1.130477	-0.688128	-0.896499	-2.138524	-1.325498	-3.641437	 0.068005	-0.441498	-1.818404	-2.313512	-0.271604
-2.554860	-1.094706	-0.685375	-0.892913	-2.129969	-1.343951	-3.603434	 0.075875	-0.441495	-1.811131	-2.304258	-0.177037
-2.544641	-1.574702	-0.682634	-0.889341	-2.121450	-0.850452	-3.577301	 0.079810	-0.441493	-1.803886	-2.295041	-0.129754
-2.534462	-1.810591	-0.679903	-0.885784	-2.112964	-0.603703	-3.557133	 0.081778	-0.441492	-1.796671	-2.285861	-0.106113
-2.524325	-1.924442	-0.677183	-0.882241	-2.104512	-0.980328	-3.539974	 0.082761	-0.441492	-1.789484	-2.276717	-0.094292
-2.514227	-1.977291	-0.674475	-0.878712	-2.096094	-1.165927	-3.524350	 0.083253	-0.441492	-1.782326	-2.267611	-0.088381
-2.504170	-1.999656	-0.671777	-0.875197	-2.087710	-1.256023	-3.509520	-0.416501	-0.441492	-1.775197	-2.258540	-0.085426
-2.494154	-2.006794	-0.669090	-0.871696	-2.079359	-1.298379	-3.495116	-0.664545	-0.441492	-1.768096	-2.249506	-0.083948
-2.484177	-1.506335	-0.666413	-0.868209	-2.071041	-0.816876	-3.480952	-0.786742	-0.441492	-1.761024	-2.240508	-0.583210
-2.474240	-1.254094	-0.663748	-0.864736	-2.062757	-0.576124	-3.466937	-0.846023	-0.441491	-1.753980	-2.231546	-0.830675
-2.464343	-1.125969	-0.661093	-0.861277	-2.054506	-0.955748	-3.453023	-0.873853	-0.441491	-1.746964	-2.222620	-0.452252
-2.454486	-1.059912	-0.658448	-0.857832	-2.046288	-1.142889	-3.439188	-0.885964	-0.441491	-1.739976	-2.213729	-0.263040
-2.444668	-1.024895	-0.655815	-0.854401	-2.038103	-1.233800	-3.425420	-0.890224	-0.441491	-1.733016	-2.204874	-0.168434
-2.434889	-1.505407	-0.653191	-0.850983	-2.029950	-1.276606	-3.411712	-0.890565	-0.441491	-1.726084	-2.196055	-0.121131
-2.425150	-1.741691	-0.650579	-0.847579	-2.021831	-1.295370	-3.398063	-0.888953	-0.441491	-1.719180	-2.187271	-0.097480
-2.415449	-1.355877	-0.647976	-0.844189	-2.013743	-1.302124	-3.384469	-0.886373	-0.441491	-1.712303	-2.178522	-0.585654
-2.405787	-1.161030	-0.645384	-0.840812	-2.005688	-1.302883	-3.370930	-0.883315	-0.441491	-1.705454	-2.169807	-0.827594
-2.396164	-1.561674	-0.642803	-0.837449	-1.997666	-0.800655	-3.357446	-0.880026	-0.441491	-1.698632	-2.161128	-0.446424
-2.386580	-1.758072	-0.640232	-0.834099	-1.989675	-0.549541	-3.344016	-0.876628	-0.441491	-1.691837	-2.152484	-0.255840
-2.377033	-1.352361	-0.637671	-0.830763	-1.981716	-0.423984	-3.330640	-0.873182	-0.441491	-1.685070	-2.143874	-0.160547
-2.367525	-1.147613	-0.635120	-0.827440	-1.973789	-0.361206	-3.317318	-0.869720	-0.441491	-1.678330	-2.135298	-0.112901
-2.358055	-1.043353	-0.632579	-0.824130	-1.965894	-0.329817	-3.304048	-0.866256	-0.441491	-1.671616	-2.126757	-0.089078
-2.348623	-0.989345	-0.630049	-0.820834	-1.958031	-0.814122	-3.290832	-0.862799	-0.441491	-1.664930	-2.118250	-0.077167
-2.339228	-0.960470	-0.627529	-0.817550	-1.950199	-1.053678	-3.277669	-0.859351	-0.441491	-1.658270	-2.109777	-0.071211
-2.329871	-1.444170	-0.625019	-0.814280	-1.942398	-1.170869	-3.264558	-0.355916	-0.441491	-1.651637	-2.101338	-0.068233
-2.320552	-1.682164	-0.622519	-0.811023	-1.934628	-1.226889	-3.251500	-0.104198	-0.441491	-1.645030	-2.092933	-0.066744
-2.311270	-1.797320	-0.620029	-0.807779	-1.926890	-1.252333	-3.738494	 0.021661	-0.441491	-1.638450	-2.084561	-0.065999
-2.302025	-1.851074	-0.617549	-0.804548	-1.919182	-1.262499	-3.973540	 0.084590	-0.441491	-1.631897	-2.076223	-0.065627
-2.292817	-1.874141	-0.615078	-0.801330	-1.911505	-0.765037	-3.582646	 0.116055	-0.441491	-1.625369	-2.067918	-0.065441
-2.283645	-1.881880	-0.612618	-0.798124	-1.903859	-0.516306	-3.380815	 0.131787	-0.441491	-1.618868	-2.059646	-0.065348
-2.274511	-1.881970	-0.610168	-0.794932	-1.896244	-0.891941	-3.273542	 0.139653	-0.441491	-1.612392	-2.051407	-0.065302
-2.265413	-1.878251	-0.607727	-0.791752	-1.888659	-1.077223	-3.213573	 0.143587	-0.441491	-1.605942	-2.043202	-0.065278
-2.256351	-1.872643	-0.605296	-0.788585	-1.881104	-1.167339	-3.177281	 0.145553	-0.441491	-1.599519	-2.035029	-0.065267
-2.247326	-1.366104	-0.602875	-0.785431	-1.873580	-0.709882	-3.152853	 0.146536	-0.441491	-1.093121	-2.026889	-0.065261
-2.238336	-1.111116	-0.600463	-0.782289	-1.866086	-0.481153	-3.134382	 0.147028	-0.441491	-0.838748	-2.018781	-0.065258
