-1.057653	-3.450054	-0.498816	-0.487693	-3.112002	-0.496599	-2.112122	-0.487521	 0.498597	-2.812767	-0.680729	 0.720296
-1.053423	-3.436253	-0.498816	-0.487693	-3.099554	-0.498062	-2.103673	-0.493369	 0.498593	-2.746817	-0.678006	 0.717417
-1.049209	-3.422508	-0.498816	-0.487693	-3.087156	-0.498793	-2.095259	-0.496292	 0.498591	-2.708480	-0.675294	 0.214549
-1.045012	-3.408818	-0.498816	-0.487693	-3.074807	-0.499159	-2.086878	-0.497754	 0.498590	-2.683971	-0.672593	-0.036885
-1.040832	-3.395182	-0.498816	-0.487693	-3.062508	-0.499341	-2.078530	 0.001515	 0.498589	-3.166398	-0.669903	 0.337398
-1.036669	-3.381602	-0.498816	-0.487693	-3.050258	-0.499433	-2.070216	 0.250148	 0.498589	-3.400314	-0.667223	 0.523116
-1.032522	-3.368075	-0.498816	-0.487693	-3.038057	-0.499479	-2.061935	 0.374464	 0.498589	-3.510003	-0.664554	 0.614557
-1.028392	-3.854603	-0.498816	-0.487693	-3.025905	-0.499501	-2.053687	-0.063378	 0.498589	-3.057608	-0.661896	 0.658866
-1.024278	-4.089185	-0.498816	-0.487693	-3.013801	-0.499513	-2.045473	-0.281296	 0.498589	-2.826201	-0.659249	 0.679614
-1.020181	-3.697828	-0.498816	-0.487693	-3.001746	-0.499519	-2.037291	-0.390255	 0.498589	-2.705307	-0.656612	 0.688587
-1.016100	-3.495537	-0.498816	-0.487693	-2.989739	-0.499521	-2.029141	-0.444735	 0.498589	-2.639692	-0.653985	 0.691679
-1.012036	-3.387804	-0.498816	-0.487693	-2.977780	-0.499523	-2.021025	 0.028025	 0.498589	-3.101736	-0.651369	 0.691835
-1.007988	-3.327378	-0.498816	-0.487693	-2.965869	-0.499524	-2.012941	 0.263404	 0.498589	-3.325630	-0.648764	 0.690529
-1.003956	-3.290631	-0.498816	-0.487693	-2.954005	-0.499524	-2.004889	 0.381093	 0.498589	-3.430478	-0.646169	 0.688498
-0.999940	-3.265750	-0.498816	-0.487693	-2.942189	-0.499524	-1.996870	 0.439938	 0.498589	-3.475832	-0.643584	 0.686109
-0.995940	-3.246827	-0.498816	-0.487693	-2.930421	-0.499524	-1.988882	-0.030640	 0.498589	-2.991466	-0.641010	 0.683547
-0.991957	-3.230910	-0.498816	-0.487693	-2.918699	-0.499524	-1.980926	-0.264926	 0.498589	-2.744269	-0.638446	 0.680905
-0.987989	-3.216522	-0.498816	-0.487693	-2.907024	-0.499524	-1.973003	-0.382070	 0.498589	-2.615676	-0.635892	 0.678227
-0.984037	-3.202923	-0.498816	-0.487693	-2.895396	-0.499524	-1.965111	-0.940641	 0.498589	-2.546406	-0.633348	 0.675536
-0.980101	-3.189746	-0.498816	-0.487693	-2.883815	-0.499524	-1.957250	-1.216929	 0.498589	-2.506816	-0.630815	 0.672846
-0.976180	-3.176803	-0.498816	-0.487693	-2.872279	 0.000476	-1.949421	-0.352086	 0.498589	-2.982087	-0.628292	 0.670160
-0.972276	-3.164005	-0.498816	-0.487693	-2.860790	 0.249475	-1.941624	 0.079310	 0.498589	-3.212808	-0.625778	 0.667482
-0.968386	-3.151303	-0.498816	-0.487693	-2.849347	 0.373974	-1.933857	 0.293987	 0.498589	-2.821281	-0.623275	 0.664814
-0.964513	-3.138675	-0.498816	-0.487693	-2.837950	 0.436224	-1.926122	 0.400308	 0.498589	-2.620658	-0.620782	 0.662155
-0.960655	-3.126109	-0.498816	-0.487693	-2.826598	-0.032651	-1.918417	 0.452455	 0.498589	-3.015507	-0.618299	 0.659507
-0.956812	-3.113599	-0.498816	-0.487693	-2.815291	-0.266086	-1.910744	 0.477519	 0.498589	-3.206110	-0.615826	 0.656869
-0.952985	-3.101141	-0.498816	-0.487693	-2.804030	-0.382803	-1.903101	 0.489046	 0.498589	-3.294619	-0.613363	 0.654242
-0.949173	-3.088735	-0.498816	-0.487693	-2.792814	-0.441161	-1.895488	-0.006191	 0.498589	-3.332107	-0.610909	 0.651625
-0.945376	-3.076380	-0.498816	-0.487693	-2.781643	-0.470341	-1.887906	-0.252807	 0.498589	-3.344111	-0.608465	 0.649018
-0.941595	-3.064074	-0.498816	-0.487693	-2.770516	 0.015070	-1.880355	 0.123885	 0.498589	-3.343401	-0.606032	 0.646422
-0.937829	-3.051817	-0.498816	-0.487693	-2.759434	 0.256774	-1.872833	 0.311229	 0.498589	-3.336361	-0.603607	 0.643837
-0.934077	-3.039610	-0.498816	-0.487693	-2.748396	-0.122374	-1.865342	 0.404902	 0.498589	-3.326182	-0.601193	 0.641261
-0.930341	-3.027451	-0.498816	-0.487693	-2.737403	-0.310945	-1.857880	 0.451738	 0.498589	-3.314461	-0.598788	 0.638696
-0.926620	-3.015342	-0.498816	-0.487693	-2.726453	-0.405230	-1.850449	 0.475156	 0.498589	-3.301995	-0.596393	 0.636141
-0.922913	-3.003280	-0.498816	-0.487693	-2.715547	-0.452373	-1.843047	 0.486865	 0.498589	-3.289183	-0.594008	 0.633597
-0.919221	-2.991267	-0.498816	-0.487693	-2.704685	-0.475945	-1.835675	 0.492720	 0.498589	-3.276224	-0.591632	 0.631062
-0.915544	-2.979302	-0.498816	-0.487693	-2.693867	 0.012270	-1.828332	-0.004353	 0.498589	-3.263218	-0.589265	 0.628538
-0.911882	-2.967385	-0.498816	-0.487693	-2.683091	 0.255376	-1.821019	-0.251886	 0.498589	-3.250214	-0.586908	 0.626024
-0.908235	-2.955515	-0.498816	-0.487693	-2.672359	 0.376929	-1.813735	-0.375653	 0.498589	-2.737238	-0.584560	 0.623520
-0.904602	-2.943693	-0.498816	-0.487693	-2.661669	 0.437706	-1.806480	-0.437537	 0.498589	-2.476302	-0.582222	 0.621026
-0.900983	-2.931918	-0.998816	-0.487693	-2.651023	 0.468094	-1.799254	 0.031522	 0.498589	-2.341403	-0.579893	 0.618542
-0.897380	-2.920191	-1.245818	-0.487693	-2.640419	 0.483288	-1.792057	 0.265050	 0.498589	-2.269540	-0.577574	 0.616068
-0.893790	-2.908510	-0.866333	-0.487693	-2.629857	 0.490885	-1.784889	 0.381814	 0.498589	-2.729214	-0.575263	 0.613603
-0.890215	-2.896876	-0.676591	-0.487693	-2.619337	 0.494684	-1.777749	 0.440196	 0.498589	-2.952673	-0.572962	 0.611149
-0.886654	-2.885288	-0.581720	-0.487693	-2.608860	 0.496583	-1.770638	 0.469387	 0.498589	-3.058050	-0.570670	 0.608704
-0.883107	-2.873747	-0.534285	-0.487693	-2.098425	 0.497533	-1.763556	 0.483982	 0.998589	-2.604411	-0.568388	 0.606270
-0.879575	-2.862252	-0.510567	-0.487693	-1.840031	 0.498007	-1.756501	 0.491280	 1.245592	-2.373291	-0.566114	 0.603844
-0.376057	-2.850803	-0.498708	-0.487693	-1.207671	 0.498245	-0.749475	 0.494929	 1.366108	-1.753446	-0.063850	 0.601429
-0.124297	-2.839400	-0.492778	-0.487693	-0.890340	 0.498363	-0.245962	 0.496753	 1.423393	-1.441257	 0.187282	 0.599023
 0.001582	-1.828042	 0.010186	 0.512307	 1.769471	 0.998423	 2.505794	 1.497665	 1.949074	 3.217096	 1.812849	 1.096627
 0.064522	-1.320730	 0.260642	 1.009282	 3.090518	 1.245456	 3.871157	 1.993124	 2.206965	 5.530522	 2.618755	 1.342241
 1.595992	 2.934553	 0.884848	 1.754758	 6.742219	 1.365987	 7.043366	 1.735877	 1.830981	 10.171547	 2.514859	 0.961872
 2.355472	 5.047814	 1.193933	 2.122495	 8.547281	 1.423280	 8.609039	 1.604296	 1.640079	 12.462434	 2.458089	 0.770524
 2.728982	 6.090123	 1.345469	 2.301383	 9.429108	 1.448965	 9.371526	 1.535560	 1.541729	 13.578371	 2.424901	 0.673692
 4.409532	 12.097013	 0.918243	 1.885866	 13.349399	 1.458858	 11.732502	 1.498258	 0.489668	 18.106951	 3.403524	-0.375878
 5.237627	 15.064250	 0.704631	 1.675167	 15.275005	 1.460867	 12.884802	 1.476685	-0.035238	 20.325970	 3.884071	-0.897812
 6.639543	 20.511805	 0.597824	 1.566889	 18.203407	 1.458946	 14.432879	 0.962989	-1.296571	 23.890389	 4.115615	-2.655939
 7.324418	 23.183664	 0.544421	 1.509833	 19.625345	 1.455071	 15.174955	 0.706140	-1.922121	 25.617689	 4.222693	-3.526175
 7.650837	 26.467883	 0.017719	 0.978399	 21.794219	 1.450232	 16.014159	 0.577716	-2.229801	 27.426649	 4.267572	-3.952500
 7.798092	 28.050488	-0.244614	 0.712682	 22.830730	 1.444921	 16.400054	 0.513504	-2.378566	 28.272658	 4.281387	-4.156904
 7.355829	 29.782524	-0.374766	 0.579824	 24.301251	 1.439386	 17.059430	 0.481398	-2.947894	 29.137425	 4.779704	-4.750384
 7.120870	 30.585513	-0.438833	 0.513394	 24.984967	 1.433751	 17.353680	 0.465345	-3.225524	 29.509805	 5.018307	-5.036436
 6.989619	 30.924231	-0.469860	 0.480180	 25.275489	 1.428078	 17.465509	 0.457319	-3.357332	 29.636230	 5.127094	-5.168818
 6.910276	 32.031063	-0.484372	 0.463572	 25.869617	 1.422396	 17.986269	 0.453305	-2.916258	 30.139917	 5.671016	-5.224406
 6.856943	 32.518204	-0.491628	 0.455269	 26.113754	 1.416722	 18.209635	 0.451299	-2.690771	 30.330473	 5.930547	-5.241640
 7.316670	 33.695764	-0.495256	 0.951117	 26.683106	 1.411063	 18.284452	 0.450295	-3.073096	 30.864710	 5.547932	-5.239739
 7.530980	 34.214797	-0.497070	 1.196147	 26.913278	 1.405422	 18.285142	 0.449794	-3.257348	 31.069030	 5.346294	-5.228313
 7.622645	 33.904846	-0.497977	 0.815780	 26.974077	 1.399802	 18.248915	 0.449543	-3.342591	 30.608643	 5.735186	-4.712166
 7.653048	 33.682680	-0.498430	 0.625596	 26.950406	 1.394204	 18.194377	 0.449418	-3.378357	 30.318153	 5.917384	-4.445701
 7.652883	 33.504677	-0.498657	 1.030504	 26.884718	 1.388628	 18.130828	 0.449355	-3.389411	 30.112853	 5.496284	-4.804110
 7.637495	 33.349021	-0.498770	 1.230088	 26.798235	 1.383074	 18.062919	 0.449323	-3.388138	 29.950388	 5.275583	-4.972989
 7.614557	 33.204807	-0.498827	 1.327020	 26.701571	 1.377541	 17.992974	 0.449308	-3.380727	 29.809579	 5.155123	-5.047145
 7.587905	 33.066579	-0.498855	 1.372638	 26.600028	 1.372031	 17.922156	 0.449300	-3.370275	 29.679838	 5.084824	-5.073980
 7.559456	 32.931608	-0.498870	 1.392611	 26.496260	 1.366543	 17.851044	 0.449296	-3.358330	 29.555867	 5.039645	-5.077196
 7.530170	 32.298529	-0.498877	 1.399772	 25.891591	 1.361077	 17.779928	 0.449294	-3.345664	 29.435017	 5.007067	-5.068644
 7.500525	 31.918659	-0.498880	 1.400539	 25.538683	 1.355633	 17.708953	 0.449293	-3.332665	 29.315964	 4.980828	-5.054247
 7.470760	 32.165646	-0.498882	 1.398119	 25.311857	 1.350210	 17.638189	 0.449293	-2.819527	 29.198044	 5.457800	-4.536969
 7.440996	 32.224315	-0.498883	 1.394118	 25.148274	 1.344809	 17.567672	 0.449292	-2.558345	 29.080924	 5.684417	-4.270291
 7.411292	 32.189083	-0.498883	 0.889338	 25.016513	 1.339430	 17.497419	 0.449292	-2.923159	 28.964436	 5.285903	-4.628944
 7.381676	 32.107159	-0.498884	 0.636947	 24.900864	 1.334072	 17.427439	 0.449292	-3.098991	 28.848496	 5.076871	-4.798296
 7.352165	 32.002147	-0.498884	 0.510752	 24.793468	 1.328736	 17.357734	 0.449292	-3.180357	 28.733061	 4.962619	-4.873036
 6.822763	 31.385847	-0.498884	 0.447654	 24.690398	 1.323421	 17.288305	 0.449292	-3.214516	 28.118108	 4.895797	-4.900511
 6.545476	 31.016157	-0.498884	 0.416106	 24.589689	 1.318127	 17.219153	 0.449292	-3.225099	 27.755625	 4.852728	-4.904392
 6.894296	 30.770020	-0.498884	 0.900331	 24.490356	 1.312855	 17.150277	 0.449292	-3.223918	 27.519598	 4.821574	-4.896517
 7.054220	 30.585903	-0.498884	 1.139675	 24.391908	 1.307604	 17.081676	 0.449292	-3.216883	 27.347017	 4.796416	-4.882801
 6.619753	 30.433041	-0.498884	 0.756589	 24.294096	 0.802373	 16.513349	 0.449292	-3.206945	 27.206378	 4.774295	-4.866206
 6.390149	 30.296050	-0.498884	 0.565046	 24.196798	 0.549758	 16.197296	 0.449292	-3.195583	 27.081926	 4.753730	-4.848208
 6.763026	 30.167236	-0.498884	 0.969274	 24.099950	 0.923450	 16.007507	 0.449292	-3.183533	 26.965786	 4.733981	-4.829550
 6.935193	 30.042753	-0.498884	 1.168641	 24.003520	 1.107702	 15.880977	 0.449292	-3.171165	 26.854016	 4.714678	-4.810598
 7.007062	 29.920674	-0.498884	 1.265589	 23.907491	 1.197244	 15.786203	 0.449292	-3.158663	 26.744647	 4.695636	-4.791539
 6.528838	 29.800038	-0.498884	 0.811338	 23.811853	 1.239442	 16.207433	 0.449292	-3.146120	 26.636692	 4.676761	-4.772465
 6.277625	 29.680361	-0.498884	 0.584212	 23.716602	 1.257977	 16.384791	 0.449292	-3.133582	 26.529657	 4.658008	-4.753421
 6.139966	 29.561401	-0.498884	 0.470649	 23.621734	 1.264692	 15.940345	 0.449292	-2.621070	 26.423294	 4.639353	-4.734430
 6.059132	 29.443036	-0.498884	 0.413868	 23.527246	 1.265506	 15.687131	 0.449292	-2.360597	 26.317479	 4.620785	-4.715504
 6.506758	 29.325204	-0.498884	 0.885477	 23.433136	 1.263381	 15.529656	 0.449292	-2.226161	 26.212148	 4.602296	-4.696648
 6.716662	 29.207874	-0.498884	 1.118567	 23.339403	 1.259796	 15.420174	 0.449292	-2.154759	 26.107269	 4.583884	-4.677864
 6.807761	 29.091027	-0.498884	 0.732409	 23.246046	 1.755491	 15.334812	 0.449292	-2.114891	 26.002824	 4.565547	-4.659154
 6.839513	 28.974656	-0.498884	 0.539330	 23.153061	 1.998836	 15.261632	 0.449292	-2.090807	 25.898805	 4.547284	-4.640518
 6.841647	 28.858753	-0.498884	 0.442791	 23.060449	 2.116024	 15.194665	 0.449292	-2.074632	 25.795206	 4.529094	-4.621956
 6.829026	 28.743316	-0.498884	 0.894521	 22.468207	 1.670152	 15.130926	 0.449292	-2.562428	 25.692024	 4.510978	-4.603469
 6.809082	 28.628342	-0.498884	 1.117694	 22.128335	 1.444767	 15.068922	 0.449292	-2.800225	 25.589255	 4.492934	-4.585055
 6.285533	 28.013828	-0.498884	 1.226598	 22.414821	 1.329636	 15.007906	 0.449292	-2.413047	 23.986897	 4.474962	-4.066715
 6.012234	 27.651773	-0.498884	 1.278380	 22.512662	 1.269641	 14.947505	 0.449292	-2.215407	 23.140949	 4.457062	-3.800448
 5.864106	 25.916166	-0.498884	 0.801610	 21.016361	 1.237225	 13.887530	 0.449292	-2.112551	 21.673385	 4.439234	-2.160246
 5.778611	 25.000001	-0.498884	 0.563225	 20.229171	 1.218607	 13.331887	 0.449292	-2.057104	 20.899192	 4.421477	-1.339105
 5.724477	 20.993751	 0.001116	 0.444033	 17.296692	 1.206898	 11.528513	 0.449292	-1.025377	 17.471845	 3.403791	-0.427499
 5.686069	 18.956651	 0.250114	 0.384436	 15.801724	 1.198653	 10.607376	 0.449292	-0.509513	 15.730083	 2.890176	 0.028305
 5.655570	 17.904262	 0.374613	 0.354638	 15.025626	 1.192150	 10.127435	 0.449292	-0.251582	 14.831225	 2.628615	 0.256206
 5.129070	 12.344364	 0.436862	 0.839739	 10.609078	 1.186527	 7.868169	 0.449292	 0.377384	 10.353931	 2.493101	 0.870157
 4.856615	 9.550845	 0.467987	 1.079640	 8.388419	 1.181354	 6.727319	 0.449292	 0.689854	 8.103531	 2.420628	 1.174164
 3.711219	 5.640572	 0.983549	 0.696951	 4.765754	 1.176415	 3.645721	 0.449292	 0.844085	 0.466625	 0.879696	 1.323211
 3.133390	 3.681974	 1.238332	 0.505607	 2.952136	 1.171602	 2.103793	 0.449292	 0.919203	-3.337488	 0.110552	 1.394791
 1.339364	-2.300771	 0.362738	-0.090065	-1.956951	 0.666862	-1.168294	-0.050708	 0.454774	-5.725261	-0.772703	 1.427647
 0.442351	-5.275577	-0.074034	-0.386530	-4.397762	 0.414493	-2.795457	-0.299606	 0.222559	-6.902922	-1.211018	 1.441155
-0.506156	-7.246479	-0.291398	-0.533396	-6.104490	 0.288308	-4.100193	-0.422959	 0.106452	-8.475591	-1.426877	 0.944999
-0.977500	-8.213495	-0.399063	-0.605469	-6.942232	 0.225215	-4.741752	-0.483542	 0.048398	-9.241829	-1.531521	 0.696921
-1.210274	-8.678642	-0.451882	-0.640150	-7.345543	 0.193669	-5.051764	-0.512746	 0.019372	-9.604932	-1.580571	 0.572882
-1.323775	-9.392928	-0.477282	-0.656141	-7.531701	 0.177896	-5.196047	-0.526264	 0.004858	-9.266547	-1.601837	 0.510863
-1.377651	-9.729857	-0.488976	-0.662792	-7.609344	 0.170009	-5.257508	-0.531943	-0.002399	-9.079498	-1.609223	 0.479853
-1.401726	-9.878188	-0.493822	-0.664779	-7.632791	 0.166066	-5.277600	-0.533707	-0.006027	-8.968189	-1.609683	 0.464348
-1.410912	-9.932300	-0.496245	-0.664439	-7.629203	 0.164094	-5.277051	-0.533519	-0.007841	-8.894821	-1.606693	 0.456596
-1.412664	-9.939383	-0.497457	-0.662940	-7.612157	 0.163108	-5.266223	-0.532358	-0.008748	-8.840494	-1.601991	 0.452720
-1.410712	-9.923032	-0.498063	-0.660868	-7.588444	 0.162616	-5.250299	-0.530715	-0.009202	-8.795758	-1.596445	 0.450782
-1.906918	-9.895043	-0.498365	-0.658515	-7.561458	 0.162369	-5.231868	-0.528835	 0.490572	-8.755888	-1.590490	 0.449813
-2.150215	-9.861314	-0.498517	-0.656026	-7.532896	 0.162246	-5.212225	-0.526841	 0.738477	-8.718521	-1.584344	 0.449328
-2.267077	-9.824795	-0.498593	-0.653474	-7.503607	-0.337816	-5.192019	-0.524795	 0.360458	-8.682475	-1.578114	 0.449086
-2.320739	-9.786959	-0.498630	-0.650896	-7.474013	-0.586171	-5.171572	-0.522726	 0.171448	-8.647159	-1.571855	 0.448965
-2.342822	-9.748542	-0.498649	-0.648311	-7.444328	-0.708679	-5.151046	-0.520650	 0.076943	-8.612278	-1.565595	 0.448904
-2.349133	-9.709914	-0.498659	-0.645727	-7.414656	-0.768271	-5.630522	-0.518575	 0.029690	-8.577682	-1.559346	 0.448874
-2.347578	-9.671257	-0.498664	-0.643148	-7.385050	-0.796411	-5.858041	-0.516505	 0.006064	-8.543298	-1.553115	 0.448859
-2.342109	-9.632663	-0.498666	-0.640578	-7.355536	-0.808832	-5.459628	-0.514441	-0.005749	-8.509088	-1.546906	 0.448851
-2.334701	-9.594178	-0.498667	-0.638017	-7.326127	-0.813400	-5.250300	-0.512384	-0.011656	-8.475033	-1.540720	 0.448847
-2.326342	-9.555825	-0.498668	-0.635465	-7.296829	-0.814048	-5.135554	-0.510335	-0.014609	-8.441124	-1.534558	 0.948845
-2.317527	-9.517613	-0.498668	-0.632924	-7.267645	-0.812743	-5.068139	-0.508294	-0.016086	-8.407355	-1.528420	 1.195947
-2.308502	-9.479548	-0.498668	-0.630392	-7.238576	-0.810467	-5.524430	-0.506261	-0.016824	-8.373723	-1.522307	 1.316611
-2.299390	-9.441633	-0.498668	-0.627871	-7.209622	-0.807713	-5.740614	-0.504236	-0.017193	-8.340227	-1.516218	 1.374069
-2.290254	-9.403868	-0.498668	-0.625359	-7.180784	-0.804726	-5.836793	-0.502219	-0.017378	-8.306866	-1.510153	 1.399935
-2.281123	-9.366253	-0.498668	-0.622858	-7.152061	-0.801629	-5.373016	-0.500210	-0.017470	-8.273638	-1.504112	 0.910016
-2.272014	-9.328788	-0.498668	-0.620366	-7.123453	-0.798484	-5.131309	-0.499206	-0.017516	-8.240543	-1.498096	 0.665057
-1.762934	-9.291473	-0.498668	-0.617885	-7.094959	-0.795320	-5.000677	-0.498703	-0.017539	-8.207581	-1.492104	 1.042577
-1.505886	-9.254307	-0.498668	-0.615413	-7.066580	-0.792154	-4.925620	-0.498452	-0.017551	-8.174751	-1.486135	 1.228497
-1.874864	-9.217290	-0.498668	-0.612952	-7.038313	-0.788993	-4.878391	-0.498327	-0.017556	-8.142052	-1.480191	 0.818628
-2.054866	-9.180421	-0.498668	-0.610500	-7.010160	-0.785841	-4.845114	-0.498264	-0.017559	-8.109484	-1.474270	 0.613694
-2.140397	-9.143699	-0.498668	-0.608058	-6.982119	-0.782700	-4.818852	-0.498233	-0.517561	-8.077046	-1.468373	 1.011227
-2.178711	-9.107125	-0.498668	-0.605626	-6.954191	-0.779570	-4.796136	-0.498217	-0.765526	-8.044737	-1.462499	 1.207176
-2.193433	-9.070696	-0.498668	-0.603203	-6.926374	-0.776452	-4.775231	-0.498209	-0.887482	-8.012559	-1.456649	 1.302344
-2.196378	-9.034413	-0.498668	-0.600790	-6.898669	-0.773346	-4.755270	-0.498205	-0.446441	-7.980508	-1.450823	 1.347133
-2.193452	-8.998276	-0.498668	-0.598387	-6.871074	-0.770253	-4.735818	-0.498203	-0.225921	-7.948586	-1.445019	 1.366743
-2.187608	-8.962283	-0.498668	-0.595994	-6.843590	-0.767172	-4.716660	-0.498202	-0.115660	-7.916792	-1.439239	 1.373776
-2.180323	-8.926433	-0.498668	-0.593610	-6.816215	-0.764104	-4.697686	-0.498202	-0.060530	-7.885125	-1.433482	 1.374531
-2.172334	-8.890728	-0.498668	-0.591235	-6.788951	-0.261047	-4.678841	-0.998201	 0.467035	-7.853584	-1.427749	 1.372158
-2.164011	-8.855165	-0.498668	-0.588870	-6.761795	-0.009519	-4.660099	-1.245205	 0.728828	-7.822170	-1.422038	 1.368231
-2.155538	-8.819744	-0.498668	-0.586515	-6.734748	-0.383755	-4.641445	-0.865722	 0.357744	-7.790881	-1.416349	 1.363540
-2.147007	-8.784465	-0.498668	-0.584169	-6.707809	-0.569357	-4.622873	-0.675981	 0.172201	-7.759718	-1.410684	 1.358476
-2.138465	-8.749327	-0.498668	-0.581832	-6.680977	-0.660648	-4.604378	-0.581110	 0.079430	-7.728679	-1.405041	 1.353238
-2.129934	-8.714330	-0.498668	-0.579505	-6.654253	-0.704790	-4.585959	-0.533675	 0.533045	-7.697764	-1.399421	 1.347922
-2.121426	-8.679473	-0.498668	-0.577187	-6.627636	-0.725363	-4.567614	-0.509957	 0.757878	-7.666973	-1.393823	 1.342579
-2.112946	-8.644755	-0.498668	-0.574878	-6.601126	-0.734157	-4.549343	-0.498098	 0.868330	-7.636305	-1.388248	 1.337234
-2.104497	-8.610176	-0.498668	-0.572578	-6.574721	-0.737069	-4.531146	-0.492169	 0.921598	-7.605760	-1.382695	 1.331897
-2.096080	-8.575735	-0.498668	-0.570288	-6.548422	-0.737044	-4.513021	-0.489204	 0.946282	-7.575337	-1.377164	 1.326575
-2.087696	-8.541432	-0.498668	-0.568007	-6.522229	-0.735558	-4.494969	-0.487722	 0.956683	-7.545036	-1.371656	 1.321272
-2.079346	-8.507266	-0.498668	-0.565735	-6.496140	-0.733347	-4.476989	-0.486981	 0.959949	-7.514855	-1.366169	 1.315989
-2.071029	-8.473237	-0.498668	-0.563472	-6.470155	-0.730779	-4.459081	-0.486610	 0.959655	-7.484796	-1.360704	 1.310725
-2.062745	-8.439344	-0.498668	-0.561218	-6.444275	-0.728039	-4.441245	-0.486425	 0.957590	-7.454857	-1.355262	 1.305483
-2.054494	-8.405587	-0.498668	-0.558973	-6.418498	-0.725218	-4.423480	-0.486332	 0.454646	-7.425037	-1.349841	 1.300261
-2.046276	-8.371965	-0.498668	-0.556737	-6.392824	-0.722363	-4.405786	-0.486286	 0.203174	-7.395337	-1.344441	 1.295060
-2.038091	-8.338477	-0.498668	-0.554510	-6.367252	-0.719496	-4.388162	-0.486263	 0.077438	-7.365756	-1.339063	 1.289880
-2.029938	-8.305123	-0.498668	-0.552292	-6.341783	-0.716629	-4.370610	-0.486251	 0.014570	-7.336293	-1.333707	 1.284720
-2.021819	-8.271902	-0.498668	-0.550083	-6.316416	-0.713769	-4.353127	-0.486245	 0.483136	-7.306948	-1.328372	 1.279582
-2.013731	-8.238815	-0.498668	-0.547883	-6.291150	-0.710916	-4.335715	-0.486242	 0.715516	-7.277720	-1.323059	 1.274463
-2.005677	-8.205860	-0.498668	-0.545691	-6.265986	-0.708074	-4.318372	-0.486241	 0.829810	-7.248609	-1.317767	 0.769365
-1.997654	-8.173036	-0.498668	-0.543509	-6.240922	-0.705243	-4.301099	-0.486240	 0.885069	-7.219615	-1.312496	 0.516816
-1.989663	-8.140344	-0.498668	-0.541335	-6.215958	-0.702422	-4.283894	-0.486240	 0.910817	-7.190736	-1.307246	 0.390542
-1.981705	-8.107783	-0.498668	-0.539169	-6.191094	-0.199613	-4.266759	-0.486240	 0.921819	-7.161973	-1.302017	 0.827405
-1.973778	-8.075351	-0.498668	-0.537013	-6.166330	 0.051792	-4.249692	-0.486240	 0.925454	-7.133325	-1.296808	 1.043308
-1.965883	-8.043050	-0.498668	-0.534865	-6.141665	-0.322505	-4.232693	-0.486240	 0.925413	-7.104792	-1.291621	 1.148741
-1.958019	-8.010878	-0.498668	-0.532725	-6.117098	-0.508261	-4.215762	-0.486240	 0.923542	-7.076373	-1.286455	 1.198949
-1.950187	-7.978834	-0.498668	-0.530594	-6.092630	-0.599750	-4.198899	-0.486240	 0.920763	-7.048067	-1.281309	 1.221555
-1.942386	-7.946919	-0.498668	-0.528472	-6.068259	-0.644112	-4.182103	-0.486240	 0.917538	-7.019875	-1.276184	 1.230369
-1.934617	-7.915131	-0.498668	-0.526358	-6.043986	-0.664917	-4.165375	-0.486240	 0.914096	-6.991796	-1.271079	 1.232298
-1.926878	-7.883471	-0.498668	-0.524252	-6.019810	-0.673947	-4.148713	-0.486240	 0.910554	-6.963828	-1.265995	 1.230794
-1.919171	-7.851937	-0.498668	-0.522155	-5.995731	-0.677097	-4.132119	-0.486240	 0.906969	-6.935973	-1.260931	 1.227583
-1.911494	-7.820529	-0.498668	-0.520067	-5.971748	-0.677311	-4.115590	-0.486240	 0.903370	-6.908229	-1.255887	 1.223529
-1.903848	-7.789247	-0.498668	-0.517987	-5.947861	-0.676063	-4.099128	-0.486240	 0.899771	-6.880596	-1.250863	 1.219063
-1.896233	-7.758090	-0.498668	-0.515915	-5.924070	-0.674089	-4.082731	-0.486240	 0.896179	-6.853074	-1.245860	 1.214401
-1.888648	-7.727058	-0.498668	-0.513851	-5.900373	-0.671758	-4.066400	-0.486240	 0.892598	-6.825662	-1.240877	 1.209651
-1.881093	-7.696149	-0.498668	-0.511796	-5.876772	-0.169254	-4.550135	 0.013760	 0.889029	-6.798359	-1.235913	 0.704866
-1.873569	-7.665365	-0.498668	-0.509748	-5.853265	 0.081998	-4.781934	 0.262733	 0.885474	-6.771165	-1.230969	 0.452473
-1.866075	-7.634703	-0.498668	-0.507709	-5.829852	-0.292376	-4.387806	-0.113804	 0.881932	-6.744081	-1.226045	 0.826277
-1.858610	-7.604165	-0.498668	-0.505679	-5.806532	-0.478229	-4.182755	-0.302073	 0.878405	-6.717104	-1.221141	 1.010778
-1.851176	-7.573748	-0.498668	-0.503656	-5.783306	-0.569828	-4.072274	-0.396207	 0.874891	-6.690236	-1.216257	 1.100639
-1.843771	-7.543453	-0.498668	-0.501641	-5.760173	-0.114304	-4.009110	-0.443274	 0.871392	-6.663475	-1.211392	 1.143188
-1.836396	-7.513279	-0.498668	-0.500634	-5.737132	 0.113458	-3.969636	-0.466808	 0.867906	-6.636821	-1.206546	 1.162091
-1.829050	-7.483226	-0.498668	-0.500130	-5.714184	 0.227339	-3.942039	-0.478575	 0.864435	-6.610274	-1.201720	 1.169181
-1.821734	-7.453293	-0.498668	-0.499878	-5.691327	 0.284279	-3.920411	-0.484458	 0.860977	-6.583833	-1.196913	 1.170373
-1.814447	-7.423480	-0.498668	-0.499752	-5.668562	-0.187251	-3.901800	-0.487400	 0.857533	-6.557498	-1.192125	 1.168626
-1.807189	-7.393786	-0.498668	-0.499690	-5.645887	-0.421698	-3.884728	-0.488871	 0.854103	-6.531268	-1.187357	 1.165419
-1.799961	-7.364211	-0.498668	-0.499658	-5.623304	-0.537609	-4.368457	-0.489606	 0.850687	-6.505142	-1.182607	 1.161490
-1.792761	-7.334754	-0.498668	-0.499642	-5.600811	-0.594258	-4.600617	-0.489974	 0.847284	-6.479122	-1.177877	 1.157211
-1.785590	-7.305415	-0.498668	-0.499634	-5.578407	-0.621281	-4.707031	-0.490158	 0.843895	-6.453205	-1.173166	 1.152766
-1.778447	-7.276193	-0.498668	-0.499631	-5.556094	-0.633495	-4.250611	-0.490249	 0.840519	-6.427393	-1.168473	 1.148247
-1.771334	-7.247089	-0.498668	-0.499629	-5.533869	-0.638311	-4.014813	-0.490295	 0.837157	-6.401683	-1.163799	 1.143699
-1.764248	-7.218100	-0.498668	-0.499628	-5.511734	-0.639433	-3.889356	-0.490318	 0.833808	-6.376076	-1.159144	 1.139148
-1.757191	-7.189228	-0.498668	-0.499627	-5.489687	-0.638713	-3.819100	-0.490330	 0.830473	-6.350572	-1.154507	 1.134602
-1.750163	-7.160471	-0.498668	-0.499627	-5.467728	-0.637076	-3.776474	 0.009664	 0.827151	-6.325170	-1.149889	 1.130070
-1.743162	-7.131829	-0.498668	-0.499627	-5.445857	-0.634988	-3.747693	 0.258642	 0.823843	-6.299869	-1.145290	 1.125552
-1.736189	-7.103302	-0.498668	-0.499627	-5.424074	-0.632677	-3.725865	-0.117884	 0.320547	-6.274670	-1.140708	 1.121052
-1.729245	-7.074888	-0.498668	-0.499627	-5.402378	-0.630261	-3.707543	-0.306147	 0.068900	-6.249571	-1.136146	 1.116568
-1.722328	-7.046589	-0.498668	-0.499627	-5.380768	-0.627798	-3.691003	-0.400279	-0.056924	-6.224573	-1.131601	 1.112102
-1.715438	-6.518403	-0.498668	-0.499627	-5.359245	-0.625315	-3.675385	-0.447345	 0.380164	-6.699674	-1.127075	 1.107654
-1.708576	-6.242329	-0.498668	-0.499627	-5.337808	-0.622828	-3.660256	-0.470878	 0.597073	-6.922876	-1.122566	 1.103223
-1.701742	-6.592360	-0.498668	-0.999627	-5.316457	-0.620344	-3.645401	-0.482644	 0.703900	-6.520184	-1.118076	 1.098811
-1.694935	-6.753490	-0.498668	-1.246627	-5.295191	-0.617866	-3.630713	-0.488527	 0.755692	-6.306603	-1.113604	 1.094415
-1.688155	-6.320226	-0.498668	-0.867140	-5.274010	-0.615397	-3.616136	-0.491469	 0.779973	-6.187627	-1.109149	 1.090038
-1.681403	-6.091820	-0.498668	-0.677397	-5.252914	-0.612936	-3.601645	-0.492940	 0.790505	-6.116001	-1.104713	 1.085678
-1.674677	-5.965891	-0.498668	-0.582525	-5.231902	-0.110485	-3.587225	-0.493675	 0.794169	-6.068100	-1.100294	 0.581335
-1.667979	-5.891246	-0.498668	-0.535089	-5.210975	 0.140741	-3.572870	-0.494043	 0.794405	-6.032109	-1.095893	 0.329163
-1.661307	-6.342290	-0.498668	-0.511371	-5.190131	-0.233646	-3.558575	 0.005773	 0.792934	-6.002121	-1.091509	 0.703078
-1.654661	-6.554226	-0.498668	-0.499513	-5.169370	-0.419624	-3.544339	 0.254670	 0.790616	-5.975183	-1.087143	 0.887881
-1.648043	-6.646661	-0.498668	-0.493583	-5.148693	-0.511401	-3.530161	 0.378112	 0.787880	-5.949817	-1.082795	 0.978137
-1.641451	-6.679401	-0.498668	-0.490618	-5.128098	-0.056084	-3.516040	-0.061171	 0.284942	-5.925286	-1.078463	 1.021128
-1.634885	-6.682346	-0.498668	-0.489136	-5.107586	 0.171575	-3.501975	-0.279811	 0.033473	-5.901218	-1.074150	 1.040496
-1.628345	-6.670448	-0.498668	-0.488395	-5.087155	-0.214596	-3.487967	-0.389131	 0.407738	-5.877430	-1.069853	 1.048060
-1.621832	-6.651182	-0.498668	-0.488024	-5.066807	-0.406479	-3.474015	-0.443791	 0.593307	-5.853829	-1.065574	 1.049731
-1.615345	-6.128285	-0.498668	-0.487839	-5.046540	-0.501225	-3.460119	-0.471121	 0.684533	-5.830368	-1.061311	 1.048463
-1.608883	-5.855626	-0.498668	-0.487746	-5.026353	-0.547405	-3.446279	-0.484787	 0.728595	-5.807023	-1.057066	 1.045735
-1.602448	-5.708131	-0.498668	-0.487700	-5.006248	-0.569308	-3.432494	-0.491619	 0.749081	-5.783784	-1.052838	 1.042285
-1.596038	-5.623262	-0.498668	-0.487677	-4.986223	-0.579078	-3.418764	-0.495035	 0.757784	-5.760643	-1.048626	 1.038482
-1.589654	-5.569750	-0.498668	-0.487665	-4.966278	-0.582784	-3.405089	-0.496743	 0.760603	-5.737598	-1.044432	 1.034512
-1.583295	-5.531962	-0.498668	-0.487659	-4.946413	-0.583465	-3.391468	 0.002403	 0.760486	-5.714646	-1.040254	 0.530465
-1.576962	-5.502080	-0.498668	-0.487656	-4.926627	-0.582637	-3.377902	 0.250972	 0.758906	-5.691787	-1.036093	 0.278442
-1.570654	-5.976194	-0.498668	-0.487655	-4.906921	-0.081059	-3.364391	 0.375257	 0.756602	-5.669019	-1.031949	 0.652430
-1.564371	-6.200351	-0.498668	-0.487654	-4.887293	 0.169730	-3.350933	 0.437400	 0.753941	-5.646343	-1.027821	 0.837372
-1.558114	-5.799580	-0.498668	-0.487654	-4.867744	-0.204876	-3.337529	-0.031529	 0.751108	-5.623757	-1.023710	 0.927798
-1.551881	-5.588397	-0.498668	-0.487654	-4.848273	-0.391020	-3.324179	-0.264992	 0.748195	-5.601262	-1.019615	 0.970974
-1.545674	-5.472051	-0.498668	-0.487654	-4.828880	-0.482937	-3.310883	-0.381724	 0.745248	-5.578857	-1.015536	 0.990534
-1.539491	-5.403167	-0.498668	-0.487654	-4.809564	-0.527746	-3.297639	-0.440090	 0.742290	-5.556542	-1.011474	 0.998294
-1.533333	-5.358056	-0.498668	-0.487654	-4.790326	-0.549006	-3.284448	-0.469273	 0.739332	-5.534316	-1.007428	 1.000162
-1.527200	-5.824875	-0.498668	-0.487654	-4.771165	-0.558495	-3.271311	-0.483864	 0.736381	-5.512178	-1.003399	 0.999092
-1.521091	-6.045701	-0.498668	-0.487654	-4.752080	-0.562104	-3.258225	-0.491160	 0.733438	-5.490130	-0.999385	 0.996561
-1.515007	-5.643581	-0.498668	-0.487654	-4.733072	-0.062777	-3.245193	-0.494808	 0.730506	-5.468169	-0.995387	 0.993307
-1.508947	-5.432038	-0.498668	-0.487654	-4.714140	 0.186887	-3.232212	-0.496632	 0.727584	-5.446296	-0.991406	 0.989700
-1.502911	-5.815825	-0.498668	-0.487654	-4.695283	-0.188281	-3.219283	-0.497544	 0.724674	-5.424511	-0.987440	 0.985924
-1.496899	-5.995320	-0.498668	-0.487654	-4.676502	-0.374738	-3.206406	-0.498000	 0.721776	-5.402813	-0.983491	 0.982072
-1.490912	-5.572717	-0.498668	-0.487654	-4.657796	 0.033155	-3.193580	-0.498228	 0.718889	-5.381202	-0.979557	 0.978190
-1.484948	-5.351116	-0.498668	-0.487654	-4.639165	 0.237102	-3.180806	-0.498342	 0.716013	-5.359677	-0.975638	 0.974300
-1.479008	-5.230056	-0.498668	-0.487654	-4.620608	 0.339076	-3.168083	-0.498399	 0.713149	-5.338238	-0.971736	 0.970414
-1.473092	-5.159308	-0.498668	-0.487654	-4.602126	-0.109938	-3.655410	-0.498427	 0.710297	-5.316885	-0.967849	 0.966538
-1.467200	-5.113757	-0.498668	-0.487654	-4.583717	-0.333326	-3.890789	-0.498442	 0.707456	-5.295618	-0.963977	 0.962675
-1.461331	-5.080845	-0.498668	-0.487654	-4.565382	-0.443907	-3.500225	-0.498449	 0.704626	-5.274435	-0.960122	 0.958826
-1.455486	-5.054294	-0.498668	-0.487654	-4.547121	-0.498089	-3.298725	-0.498452	 0.701807	-5.253338	-0.956281	 0.954991
-1.449664	-5.030962	-0.498668	-0.487654	-4.528932	-0.524075	-3.691780	-0.498454	 0.699000	-5.232324	-0.952456	 0.951172
-1.443865	-5.009281	-0.498668	-0.487654	-4.510817	-0.535968	-3.880138	-0.498455	 0.696204	-5.211395	-0.948646	 0.947367
-1.438090	-4.988466	-0.498668	-0.487654	-4.492773	-0.540819	-3.466180	 0.001545	 0.693419	-5.190549	-0.944852	 0.943578
-1.432337	-4.968122	-0.498668	-0.487654	-4.474802	-0.542153	-3.253096	 0.250541	 0.690645	-5.169787	-0.941072	 0.939803
-1.426608	-4.948055	-0.498668	-0.487654	-4.456903	-0.541733	-3.140474	 0.375040	 0.687883	-5.149108	-0.937308	 0.936044
-1.420902	-4.928166	-0.498668	-0.487654	-4.439075	-0.540440	-3.078108	-0.062711	 0.685131	-5.128512	-0.933559	 0.932300
-1.415218	-4.908404	-0.498668	-0.487654	-4.421319	-0.538716	-3.040893	-0.280586	 0.682391	-5.107998	-0.929824	 0.928571
-1.409557	-4.888746	-0.498668	-0.487654	-4.403634	-0.536779	-3.016278	-0.389523	 0.679661	-5.087566	-0.926105	 0.924857
-1.403919	-4.869179	-0.498668	-0.487654	-4.386019	-0.534741	-2.997987	-0.443992	 0.676943	-5.067215	-0.922401	 0.921157
-1.398303	-5.349697	-0.498668	-0.487654	-4.368475	-0.532657	-2.982883	-0.471226	 0.674235	-5.046946	-0.918711	 0.417473
-1.392710	-5.578295	-0.498668	-0.487654	-4.351001	-0.530554	-2.969395	-0.484843	 0.671538	-5.026759	-0.915036	 0.165630
-1.387139	-5.180980	-0.498668	-0.487654	-4.333597	-0.528445	-2.956739	-0.491652	 0.668852	-4.506652	-0.911376	 0.539709
-1.381591	-4.972755	-0.498668	-0.487654	-4.316263	-0.526338	-2.944523	-0.495056	 0.666176	-4.238625	-0.907731	 0.724921
-1.376064	-4.859114	-0.498668	-0.487654	-4.298998	-0.524236	-2.932550	-0.496758	 0.663512	-4.096671	-0.904100	 0.815707
-0.870560	-4.792802	-0.498668	-0.487654	-4.281802	-0.022141	-2.920723	-0.497609	 0.660858	-4.517784	-0.900483	 0.859286
-0.617808	-4.750193	-0.498668	-0.487654	-4.264675	 0.228906	-2.908991	-0.498035	 0.658214	-4.718463	-0.896881	 0.879271
-0.991432	-4.719474	-0.498668	-0.487654	-4.247616	-0.145570	-2.897331	 0.001753	 0.655581	-4.808964	-0.893294	 0.887464
-1.175514	-4.694737	-0.498668	-0.487654	-4.230625	-0.331768	-2.885730	 0.250643	 0.652959	-4.844416	-0.889721	 0.889770
-1.264835	-4.673028	-0.498668	-0.487654	-4.213703	 0.076169	-2.874181	-0.124912	 0.650347	-4.852382	-0.886162	 0.889138
-1.306788	-4.652871	-0.498668	-0.487654	-4.196848	 0.280138	-2.862681	-0.311688	 0.647746	-4.846644	-0.882617	 0.887046
-1.325067	-4.633527	-0.498668	-0.487654	-4.180061	-0.117878	-2.851229	 0.094924	 0.145155	-4.834093	-0.879087	 0.884229
-1.331519	-4.614627	-0.498668	-0.487654	-4.163340	-0.315854	-2.839823	 0.297227	-0.106141	-4.818175	-0.875570	 0.881058
-1.332070	-4.595985	-0.498668	-0.487654	-4.146687	-0.413815	-2.828463	 0.398378	-0.231788	-4.800611	-0.872068	 0.877717
-1.329680	-5.077510	-0.498668	-0.487654	-4.130100	 0.038229	-2.817149	-0.051046	 0.205388	-4.782263	-0.868580	 0.874298
-1.325830	-5.307154	-0.498668	-0.487654	-4.113580	 0.264250	-2.805880	-0.274758	 0.422691	-4.763561	-0.865105	 0.870846
-1.321261	-4.910902	-0.498668	-0.487654	-4.097126	-0.122739	-2.794657	-0.386613	 0.530062	-4.244721	-0.861645	 0.867386
-1.316344	-4.703747	-0.498668	-0.487654	-4.080737	-0.315214	-2.783478	-0.442541	 0.582473	-3.977849	-0.858198	 0.863928
-1.311262	-4.591177	-0.498668	-0.487654	-4.064414	 0.089564	-2.772344	-0.470505	 0.607409	-3.836991	-0.854766	 0.860478
-1.306109	-4.525934	-0.498668	-0.487654	-4.048157	 0.291953	-2.761255	-0.484487	 0.618612	-3.759169	-0.851347	 0.857039
-1.300930	-4.484391	-0.498668	-0.487654	-4.031964	-0.106853	-2.750210	-0.491478	 0.622954	-4.212896	-0.847941	 0.853612
-1.295749	-4.454734	-0.498668	-0.487654	-4.015836	-0.305244	-2.739209	-0.494973	 0.623870	-4.430426	-0.844549	 0.850198
-1.290578	-4.431056	-0.498668	-0.487654	-3.999773	-0.403433	-2.728252	-0.496721	 0.623079	-4.529895	-0.841171	 0.846798
-1.285421	-4.410402	-0.498668	-0.487654	-3.983774	 0.048476	-2.717339	-0.497595	 0.621438	-4.570371	-0.837806	 0.843411
-1.280283	-4.391295	-0.498668	-0.487654	-3.967839	 0.273430	-2.706470	-0.498032	 0.619379	-4.581387	-0.834455	 0.840037
-1.275163	-4.372997	-0.498668	-0.487654	-3.951967	-0.114093	-2.695644	-0.498250	 0.617114	-4.577711	-0.831117	 0.836677
-1.270063	-4.355139	-0.498668	-0.487654	-3.936159	-0.306851	-2.684861	-0.498360	 0.614752	-4.566724	-0.827793	 0.833330
-1.264983	-4.337535	-0.498668	-0.487654	-3.920415	-0.403230	-2.674122	-0.498414	 0.612347	-4.052120	-0.824482	 0.829997
-1.259923	-4.320094	-0.498668	-0.487654	-3.904733	-0.451420	-2.663425	-0.498441	 0.609924	-3.787742	-0.821184	 0.826677
-1.254884	-4.302768	-0.498668	-0.487654	-3.889114	-0.475515	-2.652772	 0.001545	 0.607497	-3.648507	-0.817899	 0.823370
-1.249864	-4.285534	-0.498668	-0.487654	-3.873558	-0.487562	-2.642161	 0.250535	 0.605074	-3.571871	-0.814628	 0.820077
-1.244865	-4.268380	-0.498668	-0.487654	-3.858063	-0.493586	-2.631592	 0.375030	 0.602657	-3.526562	-0.811369	 0.816797
-1.239885	-4.251301	-0.498668	-0.487654	-3.842631	 0.003402	-2.621066	 0.437278	 0.600248	-3.996945	-0.808124	 0.813529
-1.234926	-4.234293	-0.498668	-0.487654	-3.827261	 0.250895	-2.610581	 0.468401	 0.597848	-4.223202	-0.804891	 0.810275
-1.229986	-4.217354	-0.498668	-0.487654	-3.811952	-0.125358	-2.600139	 0.483963	 0.595457	-3.827432	-0.801672	 0.807034
-1.225066	-4.200484	-0.498668	-0.487654	-3.796704	-0.312481	-2.589739	 0.491744	 0.593075	-3.622683	-0.798465	 0.803806
-1.220166	-4.183682	-0.498668	-0.487654	-3.781517	-0.406043	-3.079380	-0.004365	 0.590703	-4.013473	-0.795271	 0.800591
-1.215285	-4.166947	-0.498668	-0.487654	-3.766391	-0.452824	-3.317062	-0.251419	 0.588340	-4.200059	-0.792090	 0.797388
-1.210424	-4.150279	-0.498668	-0.487654	-3.751325	-0.476214	-2.928794	 0.125054	 0.585987	-3.784579	-0.788922	 0.294199
-1.205582	-4.133678	-0.498668	-0.487654	-3.736320	-0.487910	-2.729579	 0.312287	 0.583643	-3.570101	-0.785766	 0.042604
-1.200760	-4.117143	-0.498668	-0.487654	-3.721375	-0.493757	-2.624910	 0.405904	 0.581309	-3.456151	-0.782623	-0.083193
-1.195957	-4.100674	-0.498668	-0.487654	-3.706489	-0.496681	-2.567536	 0.452713	 0.578983	-3.892491	-0.779492	 0.353908
-1.191173	-4.084272	-0.498668	-0.487654	-3.691663	-0.498143	-2.533828	 0.476117	 0.576667	-4.102004	-0.776374	 0.570877
-1.186408	-4.067935	-0.498668	-0.487654	-3.676897	 0.001126	-2.511974	 0.487819	 0.574361	-4.198137	-0.773269	 0.677785
-1.181663	-4.051663	-0.498668	-0.487654	-3.662189	 0.249760	-2.496067	 0.493670	 0.572063	-4.237615	-0.770176	 0.729670
-1.176936	-4.035456	-0.498668	-0.487654	-3.647540	-0.125923	-2.483153	-0.003405	 0.569775	-3.748800	-0.767095	 0.754050
-1.172228	-4.019314	-0.498668	-0.487654	-3.632950	-0.312762	-2.471755	-0.250941	 0.567496	-3.497872	-0.764027	 0.764682
-1.167539	-4.003237	-0.498668	-0.487654	-3.618418	-0.406181	-2.461136	 0.125291	 0.565226	-3.865915	-0.760971	 0.768448
-1.162869	-3.987224	-0.498668	-0.487654	-3.603945	-0.452890	-2.450925	 0.312404	 0.562965	-4.041468	-0.757927	 0.768787
-1.158218	-3.971275	-0.498668	-0.487654	-3.589529	-0.476245	-2.440938	 0.405960	 0.560713	-4.120810	-0.754895	 0.767418
-1.153585	-3.955390	-0.498668	-0.487654	-3.575171	-0.487923	-2.431083	 0.452738	 0.558470	-4.152081	-0.751875	 0.765201
-1.148971	-3.939569	-0.498668	-0.487654	-3.560870	-0.493761	-2.421313	 0.476128	 0.556236	-4.159350	-0.748868	 0.762567
-1.144375	-3.923810	-0.498668	-0.487654	-3.546627	-0.496681	-2.411605	 0.487822	 0.554012	-3.654651	-0.745872	 0.759730
-1.139797	-3.908115	-0.498668	-0.487654	-3.532440	-0.498140	-2.401947	 0.493669	 0.551795	-3.396002	-0.742889	 0.756797
-1.135238	-3.892483	-0.498668	-0.487654	-3.518310	-0.498870	-2.392333	-0.003407	 0.549588	-3.760403	-0.739917	 0.753824
-1.130697	-3.876913	-0.498668	-0.487654	-3.504237	-0.499235	-2.382761	-0.250944	 0.547390	-3.934353	-0.736958	 0.750835
-1.126174	-3.861405	-0.498668	-0.487654	-3.490220	-0.499417	-2.373229	-0.374713	 0.545200	-3.513112	-0.734010	 0.747845
-1.121670	-3.845960	-0.498668	-0.487654	-3.476259	-0.499509	-2.363735	-0.436597	 0.543020	-3.296308	-0.731074	 0.744860
-0.617183	-3.830576	-0.498668	-0.487654	-3.462354	-0.499554	-2.354280	 0.032461	 0.540847	-3.681747	-0.728150	 0.741884
-0.364940	-3.815253	-0.498668	-0.487654	-3.448505	-0.499577	-2.344862	 0.265987	 0.538684	-3.866332	-0.725237	 0.738918
-0.238818	-3.799992	-0.498668	-0.487654	-3.434711	-0.499589	-2.335483	 0.382750	 0.536529	-3.950522	-0.722336	 0.735963
-0.675757	-3.784792	-0.498668	-0.487654	-3.420972	-0.499594	-2.326141	-0.058869	 0.534383	-3.984548	-0.719447	 0.733020
-0.892001	-3.769653	-0.498668	-0.487654	-3.407288	-0.499597	-2.316836	-0.278677	 0.532246	-3.993524	-0.716569	 0.730088
-0.997907	-3.754575	-0.498668	-0.487654	-3.393659	-0.499599	-2.807569	 0.111419	 0.530117	-3.490007	-0.713703	 0.727168
-1.048652	-3.739556	-0.498668	-0.487654	-3.380084	-0.499599	-3.046339	 0.305464	 0.527996	-3.232275	-0.710848	 0.724259
-1.071826	-4.224598	-0.498668	-0.487654	-3.366564	 0.000400	-2.659153	 0.402486	 0.525884	-3.597461	-0.708004	 0.721362
-1.081223	-4.457700	-0.498668	-0.487654	-3.353098	 0.249399	-2.461017	 0.450997	 0.523781	-3.772128	-0.705172	 0.718477
-1.083740	-4.064869	-0.498668	-0.487654	-3.339685	-0.126101	-2.357423	 0.475253	 0.521686	-3.851568	-0.702352	 0.215603
-1.082826	-3.861109	-0.498668	-0.487654	-3.326327	-0.312848	-2.301118	 0.487381	 0.519599	-3.883426	-0.699542	-0.035834
-1.080205	-3.751915	-0.498668	-0.487654	-3.313021	-0.406222	-2.268476	 0.493445	 0.517520	-3.891524	-0.696744	-0.161553
-1.076740	-3.690032	-0.498668	-0.487654	-3.299769	 0.047092	-2.247683	 0.496477	 0.515450	-3.387774	-0.693957	 0.275588
-1.072860	-3.651835	-0.498668	-0.487654	-3.286570	 0.272747	-2.232833	 0.497992	 0.513389	-3.130131	-0.691181	 0.492733
-1.068783	-4.125509	-0.498668	-0.487654	-3.273424	 0.385575	-2.220972	-0.001250	 0.511335	-2.995565	-0.688417	 0.599886
-1.064615	-4.353147	-0.498668	-0.487654	-3.260330	 0.441989	-2.210624	-0.249870	 0.509290	-2.922560	-0.685663	 0.652048
-1.060410	-3.957805	-0.498668	-0.487654	-3.247289	-0.029804	-2.201049	-0.374180	 0.507253	-2.880358	-0.682920	 0.676721
-1.056195	-3.753009	-0.498668	-0.487654	-3.234300	-0.264697	-2.191878	-0.436335	 0.505224	-2.853581	-0.680189	 0.687654
-1.051983	-3.643514	-0.498668	-0.487654	-3.221362	 0.117856	-2.182928	 0.032588	 0.503203	-2.834538	-0.677468	 0.691724
