-1.193801	-3.740145	-0.468940	-0.478316	-2.315971	 0.475060	-0.817183	-0.124026	 1.217231	-3.917647	-0.962894	 0.610057
-1.298764	-3.725184	-0.468940	-0.491487	-2.306707	-0.012788	-0.799259	-0.234491	 0.837833	-3.526970	-0.583744	 0.610995
-1.348438	-3.710283	-0.468940	-0.497062	-2.297480	-0.255710	-0.788734	-0.289724	 0.648133	-3.325359	-0.394169	 0.610240
-1.370478	-3.695442	-0.468940	-0.498845	-2.288290	-0.377172	-0.781915	-0.317341	 0.553283	-3.218306	-0.299382	 0.608643
-1.378714	-3.680660	-0.468940	-0.498735	-2.279137	-0.437902	-0.776955	 0.168851	 0.505859	-3.158557	-0.751988	 0.606631
-1.380058	-3.665938	-0.468940	-0.498680	-2.770020	-0.468268	-1.272931	-0.089363	 0.482146	-3.122485	-0.975882	 0.604416
-1.377967	-3.651274	-0.468940	-0.498653	-3.008940	-0.483450	-1.517381	-0.218470	 0.470290	-3.098276	-1.085430	 0.602104
-1.374169	-3.636669	-0.468940	-0.498639	-3.121904	-0.491042	-1.636083	-0.283024	 0.464362	-3.080024	-1.137813	 0.599748
-1.369530	-3.622122	-0.468940	-0.498632	-3.171917	-0.494837	-1.691924	-0.315300	 0.461398	-3.064774	-1.161625	 0.597375
-1.364481	-3.607634	-0.468940	-0.498629	-2.690479	-0.496735	-1.216349	-0.331439	 0.459916	-3.051050	-1.171160	 0.594999
-1.359237	-3.593203	-0.468940	-0.498627	-2.445342	-0.497684	-0.977080	 0.160492	 0.459175	-3.538113	-1.173566	 0.592626
-1.353907	-3.578830	-0.468940	-0.498626	-2.318373	-0.498159	-0.855970	 0.405153	 0.458804	-3.773595	-1.172417	 0.590258
-1.348545	-3.564515	-0.468940	 0.001374	-2.250506	-0.498396	-0.793945	 0.026183	 0.458619	-3.383317	-0.669500	 0.587899
-1.343178	-3.550257	-0.468940	 0.250372	-2.212207	-0.498514	-0.761469	-0.163301	 0.458526	-3.182192	-0.418041	 0.585548
-0.837819	-3.536056	-0.468940	-0.125130	-2.188710	-0.498574	-1.243773	-0.258044	 0.458480	-3.075668	-0.792312	 0.083206
-0.585139	-3.521912	-0.468940	-0.311879	-2.172631	-0.498603	-1.481473	-0.305415	 0.458457	-3.016467	-0.977114	-0.167964
-0.458799	-3.507824	-0.468940	-0.405254	-2.160278	-0.498618	-1.596884	-0.329100	 0.458445	-2.980952	-1.067192	-0.293550
-0.895629	-3.493793	-0.468940	 0.048059	-2.149806	-0.498626	-1.151165	-0.340943	 0.458440	-2.957304	-0.609916	 0.143657
-1.111379	-3.479818	-0.468940	 0.273713	-2.140291	-0.498629	-0.926895	-0.346865	 0.458437	-2.939613	-0.381278	 0.361099
-1.216600	-3.465898	-0.968940	-0.113461	-2.131272	-0.498631	-0.813355	-0.349825	 0.458435	-2.924923	-0.766959	 0.468663
-1.266567	-3.452035	-1.216002	-0.306046	-2.122518	-0.498632	-0.755185	-0.351306	 0.458434	-2.911758	-0.957494	 0.521293
-1.288917	-3.438227	-1.336607	-0.402339	-2.113914	-0.498633	-0.724706	-0.352046	 0.458434	-2.899378	-1.050466	 0.546460
-1.297470	-3.424474	-0.893995	-0.450485	-2.105401	-0.498633	-0.708078	-0.352416	 0.458434	-2.887414	-1.094664	 0.557900
-1.299134	-3.410776	-0.672689	-0.474558	-2.096951	-0.498633	-0.698381	-0.352601	 0.458434	-2.875681	-1.114486	 0.562481
-1.297365	-3.397133	-0.562036	-0.486595	-2.088549	-0.498633	-0.692155	 0.147306	 0.458434	-3.364087	-1.122128	 0.563638
-1.293889	-3.383544	-0.506710	-0.492613	-2.080187	-0.498633	-0.687671	 0.395966	 0.458434	-3.600585	-1.123690	 0.563086
-1.289570	-3.370010	-0.479046	-0.495622	-2.071863	-0.498633	-0.684062	 0.519006	 0.458434	-3.711160	-1.122220	 0.561686
-1.284840	-3.356530	-0.465215	-0.497127	-2.063574	 0.001367	-1.180897	 0.579242	 0.458434	-3.258803	-1.119244	 0.559865
-1.279915	-3.343104	-0.458299	-0.497879	-2.055319	 0.250364	-1.425958	 0.608081	 0.458434	-3.027013	-1.115523	 0.557838
-1.274902	-3.329731	-0.454841	-0.498255	-2.047097	-0.125137	-1.045147	 0.121227	 0.458434	-2.905527	-1.111439	 0.555713
-1.269856	-3.316412	-0.453112	-0.498443	-2.038908	-0.311887	-0.853413	-0.122200	 0.458434	-2.839216	-1.107183	 0.553544
-1.264804	-3.303147	-0.452248	 0.001463	-1.530753	-0.405261	-1.256223	-0.243914	 0.458434	-2.800514	-1.102848	 0.551356
-1.259758	-3.289934	-0.451815	 0.250413	-1.274629	-0.451949	-1.454309	-0.304770	 0.458434	-2.775640	-1.098484	 0.549164
-1.254725	-3.276775	-0.951599	-0.125112	-1.644531	-0.475292	-1.050048	-0.335199	 0.458434	-2.757701	-1.094114	 0.546974
-1.249710	-3.263667	-1.198589	-0.311873	-1.825453	-0.486964	-0.846626	-0.350413	 0.458434	-2.743252	-1.089749	 0.544789
-1.244713	-3.250613	-1.319192	-0.405254	-1.911901	-0.492800	-0.743628	-0.358020	 0.458434	-2.730570	-1.085396	 0.542612
-1.239735	-3.237610	-0.876614	 0.048056	-1.951128	-0.495718	-0.690848	-0.361824	 0.458434	-2.718794	-1.081058	 0.540442
-1.234776	-3.224660	-0.655325	 0.273708	-1.966761	-0.497177	-0.663182	-0.363725	 0.458434	-2.707491	-1.076735	 0.538281
-1.229837	-3.211761	-0.544681	 0.386534	-1.470613	-0.497906	-1.148078	 0.135324	 0.458434	-3.196448	-0.572429	 0.536128
-1.224918	-3.198914	-0.489358	 0.442947	-1.220590	-0.498271	-1.387260	 0.383580	 0.458434	-3.433555	-0.320275	 0.533984
-0.720018	-3.186119	-0.461697	 0.471154	-1.593637	-0.498454	-1.003598	 0.006444	 0.958434	-3.044767	-0.194199	 0.531848
-0.467569	-3.173374	-0.447867	 0.485257	-1.776228	-0.498545	-0.810527	-0.182124	 1.205517	-2.845062	-0.131161	 0.529720
-0.841344	-3.160681	-0.440951	 0.492309	-1.363605	 0.001410	-0.712757	-0.276408	 1.326153	-2.739918	-0.099642	 0.527602
-1.025801	-3.148038	-0.437494	 0.495835	-1.155392	 0.250384	-0.662642	-0.323550	 1.383578	-2.682077	-0.083882	 0.525491
-1.115609	-3.135446	-0.435765	 0.497597	-1.049391	 0.374871	-0.636359	-0.347121	 1.409408	-2.647907	-0.076002	 0.523389
-0.658102	-2.622904	-0.434901	 0.498479	-0.994504	-0.062885	-0.621998	-0.358907	 1.419453	-2.625595	-0.072062	 0.521296
-0.429349	-2.362412	-0.434468	 0.498920	-0.965181	-0.280762	-0.613602	-0.364799	 1.421616	-2.609233	-0.070092	 0.519210
-0.314972	-2.227963	-0.434252	-0.000860	-0.948648	 0.110300	-0.108193	 0.132254	 1.419850	-2.595866	-0.069107	 0.517134
-0.257784	-2.156551	-0.434144	-0.249749	-0.938517	 0.304828	 0.144511	 0.379523	 1.416131	-2.584017	-0.068615	 0.515065
-0.229190	-1.616675	 0.065910	 0.625807	-0.431595	 0.902092	 0.270863	 1.001903	 1.911447	-1.572949	 0.431631	 1.013005
-0.214893	-1.344583	 0.314805	 1.060582	-0.178134	 1.197725	 0.334039	 1.309845	 2.154291	-1.066291	 0.679891	 1.258953
 0.292256	-0.206392	 0.938125	 1.774979	 2.948597	 1.342555	 2.865627	 1.460580	 1.770919	 5.188158	 2.302164	 1.878917
 0.544231	 0.360840	 1.246662	 2.127199	 4.499812	 1.411995	 4.120627	 1.532725	 1.576458	 8.292497	 3.105452	 2.183901
 0.668627	 0.642600	 1.397820	 2.298350	 5.263317	 1.443752	 4.737375	 1.565588	 1.476463	 9.821872	 3.499278	 2.331416
 2.229238	 5.281631	 1.470302	 2.378986	 6.633016	 1.456680	 5.535041	 1.578822	 1.423713	 13.063858	 3.688405	 1.400215
 3.001964	 7.581305	 1.503457	 2.414385	 7.301860	 1.460205	 5.921209	 1.582255	 1.394596	 14.652239	 3.775214	 0.934615
 5.380778	 13.711380	 1.516961	 2.427185	 10.620340	 1.459039	 7.601678	 1.580801	 0.377306	 19.413948	 4.810894	-0.298185
 6.554666	 16.736735	 1.520652	 2.428705	 12.251703	 1.455541	 8.423348	 1.576915	-0.130058	 21.746451	 5.317041	-0.911524
 8.126152	 21.709888	 1.019449	 2.424605	 14.539618	 1.450888	 9.315693	 1.071825	-1.382466	 25.364545	 6.058468	-2.215143
 8.892501	 24.143098	 0.767811	 2.417714	 15.649921	 1.445669	 9.741450	 0.818147	-2.003400	 27.115627	 6.415582	-2.859915
 9.756357	 27.806551	 0.640960	 2.409446	 17.171552	 1.940178	 9.933994	 0.690179	-2.308618	 29.433434	 7.080593	-3.675292
 10.167045	 29.575337	 0.576506	 2.400510	 17.894981	 2.182564	 10.010012	 0.625071	-2.456000	 30.528835	 7.397608	-4.073999
 10.351233	 30.397042	 0.543255	 2.391259	 18.219458	 2.298906	 10.027850	 0.591397	-2.524484	 31.013287	 7.540686	-4.264407
 10.422256	 32.245457	 0.525609	 2.381870	 18.844609	 1.852247	 10.516677	 0.573444	-2.553540	 32.192518	 7.596857	-4.350701
 10.436781	 33.101477	 0.515770	 2.372430	 19.118245	 1.626107	 10.739080	 0.563357	-2.562903	 32.715390	 7.609637	-4.384974
 10.923141	 34.461572	 0.509839	 2.362984	 19.716280	 1.510236	 10.828358	 0.557207	-2.562439	 32.910349	 7.600782	-4.393273
 11.143502	 35.069976	 0.505866	 2.353554	 19.974668	 1.449512	 10.851162	 0.553030	-2.557084	 32.941618	 7.581171	-4.388618
 10.730955	 33.802821	 0.502875	 2.344151	 20.063396	 1.916373	 10.340816	 0.549844	-2.049303	 31.891307	 7.056242	-3.877524
 10.504045	 33.104173	 0.501380	 2.334780	 20.067456	 2.145037	 10.065982	 0.547157	-1.792329	 31.304469	 6.780715	-3.615243
 10.370035	 32.190037	 0.500632	 2.325443	 19.529343	 1.754621	 9.908983	 0.544725	-2.160772	 30.949615	 6.629941	-3.477397
 10.282558	 31.670418	 0.500259	 2.316143	 19.222304	 1.556685	 9.810979	 0.542424	-2.339934	 30.710999	 6.541596	-3.401795
 10.218430	 31.348306	 0.500072	 2.306879	 19.030954	 1.454999	 9.742552	 0.540194	-2.424478	 30.530746	 6.484517	-3.357341
 10.166057	 31.125198	 0.499978	 2.297652	 18.897600	 1.901450	 9.688989	 0.538002	-2.461731	 29.879918	 6.443122	-3.328489
 10.119643	 30.951840	 0.499931	 2.288461	 18.793394	 2.119980	 9.642937	 0.535835	-2.475360	 29.496046	 6.409621	-3.307463
 10.076290	 30.803604	 0.499908	 2.279308	 18.703913	 2.224567	 10.100718	 0.533684	-1.977196	 29.245886	 6.380119	-3.290378
 10.034547	 30.668175	 0.499896	 2.270190	 18.621943	 2.272203	 10.308491	 0.531546	-1.725157	 29.062814	 6.352666	-3.275288
 9.993690	 30.539395	 0.499891	 2.261110	 18.543879	 1.791381	 9.891345	 0.529418	-1.596190	 28.913519	 6.326290	-3.261223
 9.953356	 30.414184	 0.499888	 2.252065	 18.467915	 1.548349	 9.663824	 0.527299	-1.528773	 28.781343	 6.300501	-3.247696
 9.413363	 30.291001	 0.499886	 1.743057	 18.393149	 1.924222	 9.531190	 0.525189	-1.492141	 28.657957	 6.275058	-3.234465
 9.125620	 30.169073	 0.499885	 1.486085	 18.319129	 2.107559	 9.446076	 0.523088	-1.470915	 28.539194	 6.249837	-3.221406
 8.964072	 30.048015	 0.499885	 1.855140	 18.245629	 1.694645	 9.884798	 0.520996	-1.957402	 28.422972	 6.224777	-3.208460
 8.865694	 29.927632	 0.499885	 2.035220	 18.172535	 1.485625	 10.083511	 0.518912	-2.195758	 28.308248	 6.199848	-3.195596
 8.798970	 29.807826	 0.499885	 2.120829	 18.099789	 1.378562	 10.162304	 0.516836	-2.310067	 28.194498	 6.175033	-3.182799
 8.748143	 29.188547	 0.499885	 2.159221	 18.027362	 1.822487	 9.681218	 0.514769	-1.862374	 27.581462	 6.150326	-3.170060
 8.705335	 28.821769	 0.499885	 2.174021	 17.955238	 2.039917	 9.422274	 0.512710	-1.635697	 27.221007	 6.125721	-3.157376
 9.166606	 28.581470	 0.499885	 2.177044	 17.883410	 2.144117	 9.274476	 0.510659	-1.519541	 27.487059	 6.101216	-3.144745
 9.377986	 28.404638	 0.499885	 2.174195	 17.811873	 2.191720	 9.182323	 0.508616	-1.458656	 27.564578	 6.076810	-3.132165
 8.964497	 28.259767	 0.999885	 2.168428	 17.740624	 2.211044	 9.618067	 0.506582	-1.925418	 27.048054	 6.052502	-3.119636
 8.740651	 28.131101	 1.246885	 2.161219	 17.669661	 2.216244	 9.815831	 0.504555	-2.154015	 26.736729	 6.028292	-3.107157
 8.611694	 28.010764	 0.867397	 2.153307	 17.598981	 1.714402	 9.394686	 0.502537	-2.263548	 27.028215	 6.004179	-3.094728
 8.530250	 27.894814	 0.677653	 2.145060	 17.528585	 1.461055	 9.166166	 0.500527	-2.313568	 27.119319	 5.980162	-3.082349
 8.472631	 27.781281	 0.582782	 2.136663	 17.458471	 1.331967	 9.034031	 0.499522	-2.333851	 27.110450	 5.956241	-3.070020
 8.426991	 27.669180	 0.535346	 1.628207	 17.388637	 1.765017	 9.450160	 0.499019	-1.839285	 26.551812	 5.932416	-3.057740
 8.387408	 27.558015	 0.511628	 1.371740	 17.319082	 1.977146	 9.638491	 0.498768	-1.589312	 26.220507	 5.908687	-3.045509
 8.350921	 27.447538	 0.499769	 1.741276	 17.249806	 1.578832	 9.213004	-0.001358	-1.461647	 26.503076	 5.885052	-3.033327
 8.316049	 27.337626	 0.493839	 1.921823	 17.180807	 1.377313	 8.982685	-0.250417	-1.395146	 26.590789	 5.861512	-3.021193
 8.282050	 27.228215	 0.490874	 2.007891	 17.112084	 1.274203	 8.350021	 0.125053	-1.359239	 26.081289	 5.838066	-3.009109
 8.248555	 27.119271	 0.489392	 2.046737	 17.043635	 1.220305	 8.018254	 0.311787	-1.338638	 25.775395	 5.814713	-2.997072
 8.215377	 27.010779	 0.988651	 2.061989	 16.975461	 1.191024	 8.836997	 0.405154	-1.325702	 26.071509	 5.791455	-2.985084
 8.182424	 26.902728	 1.235304	 2.065461	 16.907559	 1.174059	 9.227058	 0.451837	-1.316608	 26.166831	 5.768289	-2.973144
 8.149648	 26.795113	 1.355667	 2.063059	 16.839929	 1.163263	 9.402854	 0.475179	-1.309446	 26.161968	 5.745216	-2.961251
 8.117027	 26.687931	 0.912897	 2.057736	 16.772569	 1.655560	 8.971594	 0.486850	-1.303261	 26.107222	 5.722235	-2.949406
 8.084547	 26.581178	 0.691511	 2.050970	 16.705479	 1.897413	 8.738884	 0.492685	-1.297574	 26.027744	 5.699346	-2.937608
 8.552203	 26.974853	 0.580819	 1.543499	 16.638657	 1.514061	 8.605516	-0.004397	-1.792147	 24.936109	 5.676548	-2.925858
 8.767992	 27.116954	 0.525472	 1.287691	 16.572102	 1.320123	 8.521888	-0.251935	-2.034860	 24.342602	 5.653842	-2.914155
 8.357918	 26.133486	 0.497799	 1.657724	 16.505814	 1.720902	 8.463198	 0.124296	-2.151661	 23.998350	 5.631227	-2.902498
 8.136986	 25.591452	 0.483963	 1.838684	 16.439790	 1.917048	 8.417044	 0.311410	-2.205525	 23.778916	 5.608702	-2.890888
 8.010687	 23.770336	 0.977044	 1.925125	 15.374031	 1.510895	 7.877225	 0.404967	-1.227938	 20.622080	 4.586267	-1.379324
 7.931769	 22.815879	 1.220645	 1.964323	 14.812535	 1.305609	 7.592640	 0.451746	-0.739144	 19.008732	 4.067922	-0.623543
 7.876605	 22.294928	 1.339517	 1.979914	 14.503285	 1.200765	 7.435732	 0.475135	-0.494748	 18.167267	 3.801650	-0.245652
 7.333380	 17.990905	 0.896036	 1.483719	 11.320272	 0.646151	 5.842720	 0.986830	 0.127451	 13.211883	 3.161444	 0.443294
 7.048187	 15.811519	 0.674295	 1.233647	 9.712491	 0.368844	 5.037715	 1.239680	 0.437051	 10.717678	 2.836298	 0.785502
 4.892064	 11.194562	 1.063425	 1.606643	 6.392391	 0.730191	 4.126747	 1.363120	 1.090357	 5.454128	 2.168703	 1.954351
 3.808531	 8.872929	 1.255085	 1.789182	 4.726196	 0.908681	 3.664831	 1.421867	 1.413523	 2.822354	 1.831903	 2.532529
 1.261315	 1.199009	 0.848021	 0.876508	 0.386979	 0.995752	 0.927468	 0.448279	 1.071633	-2.993534	 0.160513	 1.815396
-0.009722	-2.625001	 0.644490	 0.420171	-1.774725	 1.037122	-0.437594	-0.037464	 0.899228	-5.883859	-0.672160	 1.454633
-1.142679	-5.524108	 0.042724	 0.192003	-3.347704	 0.555649	-2.116520	-0.279289	 0.811572	-7.811473	-1.085487	 1.272064
-1.704606	-6.956815	-0.257041	 0.077918	-4.124353	 0.314913	-2.948392	-0.399160	 0.766296	-8.755802	-1.289153	 1.178601
-1.981036	-7.656389	-0.405810	 0.020876	-4.502875	 0.194545	-3.356767	-0.458057	 0.742216	-9.208566	-1.388001	 1.129699
-2.114736	-8.489464	-0.479085	-0.007645	-5.182373	 0.134361	-3.053425	-0.986471	 0.228740	-9.415625	-1.934450	 0.603086
-2.177090	-8.887357	-0.514618	-0.021905	-5.510399	 0.104269	-2.896253	-1.247649	-0.027998	-9.499909	-2.202714	 0.339780
-2.203788	-9.067733	-1.031284	-0.029036	-5.662734	-0.410777	-2.812190	-0.875220	 0.343633	-9.522883	-2.331903	 0.208127
-2.212675	-9.139425	-1.286521	-0.032601	-5.727272	-0.666448	-2.764701	-0.688000	 0.528018	-9.515278	-2.391576	 0.142300
-2.712676	-9.156848	-0.911057	-0.534383	-5.747957	-0.792439	-3.235523	-0.593388	 0.118786	-9.492461	-2.416510	 0.609387
-2.956251	-9.147211	-0.722253	-0.783202	-5.746763	-0.853598	-3.463521	-0.546083	-0.085831	-9.462113	-2.424094	 0.840777
-2.571639	-9.124118	-0.626784	-0.905548	-5.734674	-0.882348	-3.570137	-0.522430	 0.311861	-9.428075	-2.423022	 0.454328
-2.374959	-9.094369	-0.577987	-0.964665	-5.717185	-0.894901	-3.616091	-0.510603	 0.509288	-9.392268	-2.417643	 0.261103
-2.272262	-9.061365	-0.552530	-0.992176	-5.697041	-0.899362	-3.631744	-0.504690	 0.606588	-9.355652	-2.410129	 0.164491
-2.716575	-9.026807	-0.538748	-1.003892	-5.675615	-0.399786	-3.632276	-0.501733	 0.653830	-9.318705	-2.401566	 0.116185
-2.932410	-8.991543	-0.530806	-1.007718	-5.653594	-0.149997	-3.625277	-0.500255	 0.676049	-9.281669	-2.392499	 0.092032
-2.534030	-8.955999	-0.525790	-1.007609	-5.631320	-0.525103	-3.614540	-0.499516	 0.685762	-9.244661	-2.383198	 0.079955
-2.330569	-8.920386	-0.522240	-1.005539	-5.608965	-0.710855	-3.601964	-0.499146	 0.689228	-9.207742	-2.373800	 0.073917
-2.724585	-8.884809	-0.519428	-0.502497	-5.586614	-0.801938	-3.588498	-0.498962	 0.689575	-9.170941	-1.864373	 0.070898
-2.915355	-8.849323	-0.516989	-0.250976	-5.564310	-0.845694	-3.574614	-0.498869	 0.688369	-9.134272	-1.606949	 0.069388
-2.504528	-8.813952	-0.514740	-0.625216	-5.542074	-0.865793	-3.560551	-0.498823	 0.186392	-9.097742	-1.975538	 0.068634
-2.294927	-8.778709	-0.512591	-0.810337	-5.519917	-0.874070	-3.546426	-0.498800	-0.064597	-9.061355	-2.155144	 0.068256
-2.185956	-8.743601	-0.510495	-0.900906	-5.497842	-0.876444	-3.532300	-0.498788	-0.190091	-9.025112	-2.240278	 0.068068
-2.627317	-8.708630	-0.508431	-0.944208	-5.475854	-0.875874	-3.518200	-0.998783	 0.247161	-8.989012	-2.278194	 0.567973
-2.841859	-8.673797	-0.506385	-0.963884	-5.453952	-0.873838	-3.504142	-1.245782	 0.464419	-8.953056	-2.292520	 0.815790
-2.943018	-8.639103	-0.504354	-0.971755	-5.432136	-0.371076	-3.490133	-1.366296	 0.571684	-9.417244	-2.295069	 0.437572
-2.987509	-8.604547	-0.502334	-0.973731	-5.410408	-0.119696	-3.476176	-1.423580	 0.623959	-9.629576	-2.291748	 0.248462
-3.003691	-8.570129	-0.500323	-0.972767	-5.388767	-0.494005	-3.462273	-0.949260	 0.648744	-9.216057	-2.285511	 0.153908
-3.005742	-8.535848	-0.499318	-0.970342	-5.367212	-0.679423	-3.448425	-0.712100	 0.659790	-8.991693	-2.277834	 0.106630
-3.000751	-8.501705	-0.498815	-0.967194	-5.345743	-0.770403	-3.434631	-0.593520	 0.663971	-8.861976	-2.269455	 0.082992
-2.992265	-8.467698	-0.498564	-0.963691	-5.324360	-0.814170	-3.420893	-0.534230	 0.664725	-8.779653	-2.260743	 0.071172
-2.982054	-8.433827	-0.498438	-0.960020	-5.303063	-0.834337	-3.407210	-0.504585	 0.663771	-8.721097	-2.251883	 0.065263
-2.971005	-8.400092	-0.498375	-0.956271	-5.281850	-0.842712	-3.393581	-0.489762	 0.661968	-8.674494	-2.242967	 0.562308
-2.959560	-8.366492	-0.498344	-0.952492	-5.260723	-0.845197	-3.380007	-0.482351	 0.659747	-8.633937	-2.234041	 0.808712
-2.947942	-8.333026	-0.498328	-0.948705	-5.239680	-0.844745	-3.366487	-0.478646	 0.657321	-8.596471	-2.225128	 0.429803
-2.936260	-8.299694	-0.498320	-0.944922	-5.218721	-0.842830	-3.353021	-0.476793	 0.654798	-8.560621	-2.216239	 0.240349
-2.424570	-8.266495	-0.498316	-0.941148	-5.697846	-0.840190	-3.339609	-0.475866	 0.652232	-8.525646	-2.207380	 0.145622
-2.164899	-8.233429	-0.498315	-0.937386	-5.925055	-0.837196	-3.326250	-0.475403	 0.649650	-8.491177	-2.198553	 0.098259
-2.531253	-8.200495	-0.498314	-0.933638	-5.526355	-0.834030	-3.312945	-0.475171	 0.147065	-8.457029	-2.189760	 0.074577
-2.708635	-8.167693	-0.498313	-0.929904	-5.316749	-0.830785	-3.299693	-0.475056	-0.104228	-8.423110	-2.181002	 0.062736
-2.791554	-8.135022	-0.498313	-0.926185	-5.201732	-0.827508	-3.286495	-0.474998	-0.229874	-8.389371	-2.172278	 0.056816
-2.827265	-8.102482	-0.498313	-0.922480	-5.134050	-0.824221	-3.273349	-0.474969	-0.292697	-8.355791	-2.163589	 0.053855
-2.839394	-8.070072	-0.498313	-0.918790	-5.090077	-0.820935	-3.260255	-0.474954	-0.324109	-8.322356	-2.154935	 0.052375
-2.839756	-8.037792	-0.498313	-0.915115	-5.057998	-0.817657	-3.247214	-0.474947	 0.160185	-8.289061	-2.146316	 0.551635
-2.834256	-8.005641	-0.498313	-0.911455	-5.031906	-0.814389	-3.234225	-0.474944	 0.401043	-8.255902	-2.137730	 0.799163
-2.825849	-7.973618	-0.498313	-0.907809	-5.008849	-0.811133	-3.221288	-0.974942	 0.520189	-8.222877	-2.129179	 0.920834
-2.816010	-7.941724	-0.498313	-0.904178	-4.987349	-0.807889	-3.208403	-1.221991	 0.578483	-8.189985	-2.120663	 0.979584
-2.305479	-7.909957	-0.998313	-0.900561	-4.966667	-0.804658	-3.195570	-0.842577	 0.606356	-8.157225	-2.112180	 0.506883
-2.046623	-7.878317	-1.245316	-0.896959	-4.946434	-0.801440	-3.182787	-0.652871	 0.619024	-8.124595	-2.103731	 0.270532
-1.913620	-7.846804	-1.365833	-0.893371	-4.926465	-0.798234	-3.170056	-0.558017	 0.624095	-8.092097	-2.095316	 0.152357
-1.843557	-7.815417	-0.923119	-0.889797	-4.906668	-0.795041	-3.157376	-0.510591	 0.625372	-8.059729	-2.086935	 0.593269
-1.804978	-7.784155	-0.701762	-0.886238	-4.886995	-0.791861	-3.144746	-0.486877	 0.624757	-8.027490	-2.078587	 0.811657
-2.282156	-7.753018	-0.591083	-0.882693	-5.367424	-0.788694	-3.132167	-0.475021	 0.623202	-7.995380	-2.070273	 0.918791
-2.515227	-7.722006	-0.535744	-0.879163	-5.595943	-0.785539	-3.119639	-0.469092	 0.621181	-7.963398	-2.061992	 0.970306
-2.626265	-7.691118	-0.508074	-0.875646	-5.198554	-0.782397	-3.107160	-0.466128	 0.618932	-7.931545	-2.053744	 0.994020
-2.676310	-7.660354	-0.494239	-0.872143	-4.990257	-0.779267	-3.094732	-0.464646	 0.616574	-7.899818	-2.045529	 1.003841
-2.695879	-7.629712	-0.487322	-0.868655	-4.876544	-0.776150	-3.082353	-0.463905	 0.614167	-8.368219	-2.037347	 0.506724
-2.700233	-7.599194	-0.483863	-0.865180	-4.810162	-0.773045	-3.070023	-0.463534	 0.611739	-8.584746	-2.029197	 0.258166
-2.697001	-7.568797	-0.482134	-0.861719	-4.767484	-0.769953	-3.057743	-0.463349	 0.609307	-8.675407	-2.021081	 0.133887
-2.689998	-7.538522	-0.481269	-0.858272	-4.736695	-0.766873	-3.045512	-0.963257	 0.606877	-8.203206	-2.012996	 0.571747
-2.681130	-7.508368	-0.480837	-0.854839	-4.711889	-0.763806	-3.033330	-1.210284	 0.604453	-7.951643	-2.004944	 0.788658
-2.171351	-7.478334	-0.980621	-0.851420	-4.690112	-0.260751	-3.021197	-0.830883	 0.602038	-7.810461	-1.996925	 0.895103
-1.913139	-7.448421	-1.227552	-0.848014	-4.669886	-0.009223	-3.009112	-0.641183	 0.599630	-7.724532	-1.988937	 0.946322
-2.280723	-7.418627	-0.848068	-0.844622	-4.650474	-0.383459	-2.997076	-0.546332	 0.597232	-7.666290	-1.980981	 0.969936
-2.459218	-7.388953	-0.658327	-0.841244	-4.631506	-0.569062	-2.985087	-0.498907	 0.594844	-7.621953	-1.973057	 0.979756
-2.543191	-7.359397	-0.563456	-0.837879	-4.612797	-0.160354	-2.973147	-0.475195	 0.592464	-7.084629	-1.965165	 0.982687
-2.579922	-7.329959	-0.516021	-0.834527	-4.594254	 0.044000	-2.961254	-0.463338	 0.590094	-6.802873	-1.957304	 0.982182
-2.593055	-7.300639	-0.492303	-0.831189	-4.575831	 0.146177	-2.949409	-0.457410	 0.587734	-6.648952	-1.949475	 0.979965
-2.594409	-7.271437	-0.480444	-0.327864	-4.557505	-0.302735	-2.937612	-0.954446	 0.585383	-7.059002	-1.941677	 0.976902
-2.589894	-7.242351	-0.474515	-0.076202	-4.539264	-0.525687	-2.925861	-1.200061	 0.583042	-7.249089	-1.933910	 0.973422
-2.582466	-7.213382	-0.471550	-0.450371	-4.521101	-0.635666	-2.914158	-0.819977	 0.580709	-7.329254	-1.926175	 0.469743
-2.573602	-7.184528	-0.470067	-0.635806	-4.503014	-0.689164	-2.902501	-0.629935	 0.578387	-7.354517	-1.918470	 0.217903
-2.564041	-7.155790	-0.469326	-0.226881	-4.485000	-0.714428	-2.890891	-0.534914	 0.576073	-7.352390	-1.910796	 0.591983
-2.554151	-7.127167	-0.468956	-0.022419	-4.467060	-0.725580	-2.879328	-0.487404	 0.573769	-7.336625	-1.903153	 0.777091
-2.044118	-7.098658	-0.468770	-0.420188	-4.949191	-0.729683	-2.867810	-0.463649	 0.571474	-7.314101	-1.895540	 0.867720
-1.786033	-7.070263	-0.468678	-0.617436	-5.179394	-0.730267	-2.856339	-0.451771	 0.569188	-7.288256	-1.887958	 0.911118
-2.153934	-7.041982	-0.468631	-0.214431	-5.283676	-0.729097	-2.844914	-0.445832	 0.566911	-7.260809	-1.880406	 0.430909
-2.332841	-7.013815	-0.468608	-0.012929	-5.325042	-0.727057	-2.833534	-0.442863	 0.564643	-7.232618	-1.872885	 0.190804
-2.417272	-6.985759	-0.468597	 0.087823	-5.334991	-0.724586	-2.822200	-0.441378	 0.562385	-7.204114	-1.865393	 0.070751
-2.454483	-6.957816	-0.468591	-0.361802	-4.829276	-0.721907	-2.810911	-0.440636	 0.560135	-7.175511	-1.857932	 0.510725
-2.468106	-6.929985	-0.468588	-0.584991	-4.567772	-0.719128	-2.799667	-0.440265	 0.557895	-7.146916	-1.850500	 0.728810
-2.469953	-6.902265	-0.468587	-0.694969	-4.428407	-0.716307	-2.788469	-0.440079	 0.555663	-6.618381	-1.343098	 0.835959
-2.465934	-6.874656	-0.468586	-0.748349	-4.350146	-0.713469	-2.777315	-0.439986	 0.553441	-6.341934	-1.087726	 0.887647
-2.459000	-6.847157	-0.468585	-0.773435	-4.302472	-0.710629	-2.766206	-0.439940	 0.551227	-6.691580	-0.958375	 0.911613
-2.450629	-6.819769	-0.468585	-0.784381	-4.270126	-0.707793	-2.755141	-0.439917	 0.549022	-6.852320	-0.892041	 0.921724
-2.441559	-6.792490	-0.468585	-0.288263	-4.245477	-0.704965	-2.744120	-0.439905	 0.546826	-6.918664	-1.357223	 0.924917
-2.432159	-6.765320	-0.468585	-0.040204	-4.224711	-0.702147	-2.733144	-0.439899	 0.544639	-6.937866	-1.586169	 0.924656
-2.422614	-6.738258	-0.468585	 0.083825	-4.205920	-0.699339	-2.722211	-0.439896	 0.542460	-6.933553	-1.697012	 0.922678
-1.913015	-6.711305	-0.468585	-0.354160	-4.188150	-0.696542	-2.711322	-0.439895	 0.540290	-6.917538	-1.748818	 0.919847
-1.655408	-6.684460	-0.468585	-0.571569	-4.170925	-0.693756	-2.700477	-0.439894	 0.538129	-6.895728	-1.771119	 0.916597
-2.023810	-6.657722	-0.468585	-0.678695	-4.154004	-0.190982	-2.689675	-0.439894	 0.535976	-6.871075	-1.778683	 0.913146
-2.203226	-6.631091	-0.468585	-0.730686	-4.137270	 0.060406	-2.678916	-0.439894	 0.533833	-6.845055	-1.778893	 0.909601
-2.288169	-6.604567	-0.468585	-0.755117	-4.120662	-0.313900	-2.668201	-0.439894	 0.531697	-6.318407	-1.775439	 0.906016
-2.325894	-6.578149	-0.468585	-0.765773	-4.104150	-0.499677	-2.657528	-0.439893	 0.529570	-6.043500	-1.770169	 0.902419
-2.340029	-6.551836	-0.468585	-0.769548	-4.087718	-0.091195	-2.646898	-0.439893	 0.527452	-6.394509	-1.764003	 0.898823
-2.342389	-6.525629	-0.468585	-0.769889	-4.071360	 0.113047	-2.636310	-0.439893	 0.525342	-6.556523	-1.757405	 0.895234
-2.338879	-6.499526	-0.468585	-0.768519	-4.055071	 0.215167	-2.625765	-0.439893	 0.523241	-6.624092	-1.750604	 0.891657
-1.832453	-6.473528	-0.468585	-0.766300	-4.038849	-0.233772	-2.115262	-0.939893	 0.521148	-6.644494	-1.743716	 0.388092
-1.576588	-6.447634	-0.468585	-0.763662	-4.022692	-0.456877	-1.856801	-1.187014	 0.519063	-6.641365	-1.736799	 0.136309
-1.946014	-6.421844	-0.468585	-0.760821	-4.006601	-0.567069	-2.224374	-0.807705	 0.516987	-6.626524	-1.729880	 0.510418
-2.126096	-6.396156	-0.468585	-0.757884	-3.990575	-0.620811	-2.402976	-0.618051	 0.514919	-6.605880	-1.722975	 0.695703
-2.211525	-6.370572	-0.468585	-0.754906	-3.974612	-0.646332	-1.987114	-0.523224	 0.512860	-6.582388	-1.716090	 0.786584
-2.249646	-6.345089	-0.468585	-0.751913	-3.958714	-0.657749	-1.776041	-0.475811	 0.510808	-6.557524	-1.709229	 0.830269
-2.264130	-6.319709	-0.468585	-0.248919	-3.942879	-0.662120	-2.167374	-0.452104	 0.508765	-6.532026	-1.702394	 0.850364
-2.266815	-6.294430	-0.468585	 0.002578	-3.927107	-0.662972	-2.357923	-0.440251	 0.506730	-6.506265	-1.695586	 0.858671
-2.263619	-6.269252	-0.468585	 0.128327	-3.911399	-0.662070	-2.448101	-0.434324	 0.504703	-6.480423	-1.688804	 0.861090
-2.257500	-6.244175	-0.468585	-0.308799	-3.895753	-0.160297	-2.488113	-0.431361	 0.502684	-6.454593	-1.682049	 0.860572
-2.249938	-6.219199	-0.468585	-0.525870	-3.880170	 0.090590	-2.503063	-0.429879	 0.500673	-6.428820	-1.675321	 0.858594
-2.241672	-6.194322	-0.468585	-0.632920	-3.864650	-0.283967	-2.505502	-0.429138	 0.499668	-6.403128	-1.668619	 0.855891
-2.233072	-6.169545	-0.468585	-0.684965	-3.849191	-0.469929	-2.501706	-0.428768	 0.499165	-6.377527	-1.661945	 0.852833
-2.224323	-6.144866	-0.468585	-0.709513	-3.833794	-0.561597	-2.494812	-0.428583	 0.498914	-6.352022	-1.655297	 0.849605
-2.215518	-6.120287	-0.468585	-0.720319	-3.818459	-0.606125	-2.486389	-0.428490	 0.498788	-6.326617	-1.648676	 0.846298
-2.206701	-6.095806	-0.468585	-0.724260	-3.803185	-0.627088	-1.977222	-0.428444	 0.498725	-5.801312	-1.642081	 0.842959
-2.197898	-6.071423	-0.468585	-0.724774	-3.787972	-0.636273	-1.719702	-0.428420	 0.498694	-5.528107	-1.635513	 0.839610
-2.189117	-6.047137	-0.468585	-0.723580	-3.772821	-0.639575	-1.588018	-0.428409	 0.498678	-5.380995	-1.628971	 0.836263
-2.180367	-6.022948	-0.468585	-0.721539	-3.757729	-0.639940	-2.019263	-0.428403	 0.498670	-5.296971	-1.622455	 0.832923
-2.171648	-5.998857	-0.468585	-0.719079	-3.742698	-0.638842	-2.229984	-0.428400	 0.498667	-5.244534	-1.615965	 0.829594
-2.162963	-5.974861	-0.468585	-0.216416	-3.727728	-0.637017	-2.330464	-0.428399	 0.498665	-5.707931	-1.609501	 0.826277
-2.154312	-5.950962	-0.468585	 0.034916	-3.712817	-0.634835	-2.375842	-0.428398	 0.498664	-5.927286	-1.603063	 0.822973
-2.145695	-5.927158	-0.468585	-0.339418	-3.697965	-0.632478	-2.393688	-0.428398	 0.498663	-5.524671	-1.596651	 0.819682
-2.137112	-5.903449	-0.468585	-0.525158	-3.683173	-0.630040	-2.397788	-0.428398	 0.498663	-5.313119	-1.590265	 0.816403
-2.128564	-5.879835	-0.468585	-0.116606	-3.668441	-0.627565	-2.395034	-0.928397	 0.498663	-5.697140	-1.583904	 0.813137
-2.120050	-5.856316	-0.468585	 0.087670	-3.653767	-0.625078	-2.388873	-1.175541	 0.498663	-5.876988	-1.577568	 0.809885
-2.111570	-5.832891	-0.468585	 0.189808	-3.639152	-0.622589	-2.381027	-1.296267	 0.498663	-5.954799	-1.571258	 0.806645
-2.103123	-5.809559	-0.468585	-0.259123	-3.624595	-0.620104	-2.372357	-1.353796	 0.498663	-5.981639	-1.564973	 0.803419
-2.094711	-5.786321	-0.468585	-0.482172	-3.610097	-0.617627	-2.363295	-1.379738	 0.498663	-5.983042	-1.558713	 0.800205
-2.086332	-5.763176	-0.468585	-0.592287	-3.595657	-0.615157	-2.354056	-0.889897	 0.498663	-5.971774	-1.552478	 0.797004
-2.077987	-5.740123	-0.468585	-0.645939	-3.581274	-0.612698	-2.344747	-0.644977	 0.498663	-5.954220	-1.546268	 0.793816
-2.069675	-5.717162	-0.468585	-0.671366	-3.566949	-0.610247	-2.335421	-0.522517	 0.498663	-5.933569	-1.540083	 0.290641
-2.061396	-5.694294	-0.468585	-0.682686	-3.552681	-0.607806	-2.326106	-0.461287	 0.498663	-5.911418	-1.533923	 0.039053
-2.053150	-5.671517	-0.468585	-0.686958	-3.538470	-0.605375	-2.816815	-0.930672	 0.498663	-5.388564	-1.527787	 0.413260
-2.044938	-5.648831	-0.468585	-0.687711	-3.524316	-0.602954	-3.055554	-1.162564	 0.498663	-5.117405	-1.521676	 0.598788
-2.036758	-5.626235	-0.468585	-0.686711	-3.510219	-0.600542	-3.168335	-1.275722	 0.498663	-4.972133	-1.515589	 0.689983
-2.028611	-5.603730	-0.468585	-0.184840	-3.496178	-0.598140	-2.218164	-0.829523	 0.498663	-5.389844	-1.509527	 0.734019
-2.020497	-5.581315	-0.468585	 0.066096	-3.482194	-0.595747	-1.740542	-0.606423	 0.498663	-5.587084	-1.503489	 0.754480
-1.512415	-5.558990	-0.468585	-0.308436	-3.468265	-0.593364	-1.999205	-0.494873	 0.498663	-6.174135	-1.497475	 0.263161
-1.256365	-5.536754	-0.468585	-0.494336	-3.454392	-0.590991	-2.124021	-0.439098	 0.498663	-6.454139	-1.491485	 0.017502
-1.626339	-5.514607	-0.468585	-0.585926	-3.440574	-0.588627	-2.181931	-0.411211	 0.498663	-5.580672	-0.985519	 0.394672
-1.807334	-5.492549	-0.468585	-0.630366	-3.426812	-0.586272	-2.206407	-0.397267	 0.498663	-5.134524	-0.732536	 0.581713
-1.893855	-5.470579	-0.468585	-0.651236	-3.413105	-0.583927	-2.214183	-0.390295	 0.498663	-5.402074	-1.106044	 0.673696
-1.933154	-5.448696	-0.468585	-0.660327	-3.399452	-0.581592	-2.213627	-0.386809	 0.498663	-5.524509	-1.289839	 0.718157
-1.948859	-5.426901	-0.468585	-0.663533	-3.385854	-0.579265	-2.208923	-0.385066	 0.498663	-5.574433	-1.378790	 0.738862
-1.452783	-5.405194	-0.468585	-0.663803	-3.372311	-0.576948	-2.202162	-0.384195	 0.498663	-5.588146	-1.420329	 0.747695
-1.202831	-5.383573	-0.468585	-0.662610	-3.358822	-0.574640	-2.194391	-0.383759	 0.498663	-5.583799	-1.438176	 0.750598
-1.575949	-5.362039	-0.468585	-0.660691	-3.345386	-0.572342	-2.186132	-0.383541	 0.498663	-5.070467	-1.444187	 0.750543
-1.758610	-5.340591	-0.468585	-0.658413	-3.332005	-0.570052	-2.177647	-0.383432	 0.498663	-4.804686	-1.444292	 0.749015
-1.846058	-5.319228	-0.468585	-0.655962	-3.318677	-0.567772	-2.169066	-0.383378	 0.498663	-4.662718	-1.441455	 0.746755
-1.885915	-5.297951	-0.468585	-0.653430	-3.305402	-0.565501	-2.160455	-0.383351	 0.498663	-4.582693	-1.437160	 0.744137
-1.901992	-5.276760	-0.968585	-0.650862	-3.292181	-0.563239	-2.151846	-0.383337	 0.498663	-5.033674	-0.932147	 0.741344
-1.906194	-5.255652	-1.215648	-0.648281	-3.279012	-0.560986	-2.143254	-0.383330	 0.498663	-5.248196	-0.679640	 0.738471
-1.904475	-5.234630	-1.336254	-0.645700	-3.265896	-0.558742	-2.134689	-0.383327	 0.498663	-5.344531	-0.553387	 0.735563
-1.899809	-5.213691	-0.893643	-0.643122	-3.252832	-0.556507	-1.626155	-0.383325	 0.498663	-5.381817	-0.990260	 0.232644
-1.893687	-5.192837	-0.672338	-0.640553	-3.239821	-0.554281	-1.369652	-0.383324	 0.498663	-5.389622	-1.205842	-0.018816
-1.886850	-5.172065	-0.561685	-0.637992	-3.226862	-0.552064	-1.739175	-0.383324	 0.498663	-4.882730	-1.310791	 0.355455
-1.879672	-5.151377	-0.506359	-0.635441	-3.213954	-0.549856	-1.919718	-0.383324	 0.498663	-4.620532	-1.360433	 0.541130
-1.372337	-5.130771	-0.478696	-0.632899	-3.201098	-0.547656	-2.005790	-0.383324	 0.498663	-4.480716	-1.382435	 0.632515
-1.116940	-5.110248	-0.464864	-0.630368	-3.188294	-0.545466	-2.044642	-0.383323	 0.498663	-4.402127	-1.390626	 0.676759
-1.487519	-5.089807	-0.457948	-0.627847	-3.175541	-0.543284	-2.059901	-0.383323	 0.498663	-4.854185	-1.391924	 0.697439
-1.669092	-5.069448	-0.454490	-0.625335	-3.162839	-0.541111	-2.063380	-0.383323	 0.498663	-5.069601	-1.389787	 0.706343
-1.756177	-5.049170	-0.452761	-0.622834	-3.150187	-0.538946	-2.060986	-0.383323	 0.498663	-5.166740	-1.385943	 0.709364
-1.296033	-5.028974	-0.451897	-0.620343	-3.137587	-0.036791	-2.055672	-0.383323	 0.498663	-5.204781	-0.881257	 0.709450
-1.064289	-5.008858	-0.451465	-0.617861	-3.125036	 0.214287	-2.048914	-0.383323	 0.498663	-5.213316	-0.628914	 0.708074
-1.446752	-4.988822	-0.951249	-0.615390	-3.112536	 0.339826	-1.541450	-0.383323	 0.498663	-5.207140	-0.502742	 0.705973
-1.634325	-4.968867	-1.198238	-0.612928	-3.100086	 0.402596	-1.285651	-0.383323	 0.498663	-5.193650	-0.439657	 0.703514
-1.724468	-4.948992	-0.818843	-0.610477	-3.087686	-0.066019	-1.655691	-0.383323	 0.498663	-5.176544	-0.908114	 0.700883
-1.765910	-4.929196	-0.629145	-0.608035	-3.075335	-0.299258	-1.836660	-0.383323	 0.498663	-5.157673	-1.139589	 0.698171
-1.783017	-4.909479	-0.534296	-0.605602	-3.063033	-0.414812	-1.923109	-0.383323	 0.498663	-4.637960	-0.752585	 0.695424
-1.787970	-4.889841	-0.486872	-0.603180	-3.050781	-0.471528	-1.962315	-0.383323	 0.498663	-4.369866	-0.559082	 0.692665
-1.786860	-4.870282	-0.463160	-0.600767	-3.038578	-0.498830	-1.977914	-0.383323	 0.498663	-4.227616	-0.462331	 0.689906
-1.782734	-4.850800	-0.451304	-0.598364	-3.026424	-0.511429	-1.981727	-0.383323	 0.498663	-4.148320	-0.413956	 0.687152
-1.777114	-4.831397	-0.445375	-0.595971	-3.014318	-0.516680	-1.979663	-0.383323	 0.498663	-4.100534	-0.389768	 0.684406
-1.770761	-4.812072	-0.442411	-0.593587	-3.002261	-0.518262	-1.974675	-0.383323	 0.498663	-4.568536	-0.377674	 0.681670
-1.764055	-4.792823	-0.440929	-0.591213	-2.990252	-0.518013	-1.968242	-0.383323	 0.498663	-4.792464	-0.371627	 0.678944
-1.757188	-4.773652	-0.440188	-0.588848	-2.978291	-0.516853	-1.961102	-0.883323	 0.498663	-4.394395	-0.868604	 0.676228
-1.750253	-4.754557	-0.439818	-0.586492	-2.966378	-0.515242	-1.953624	-1.130557	 0.498663	-4.187368	-1.114361	 0.673524
-1.743300	-4.735539	-0.439633	-0.584146	-2.954512	-0.513409	-1.445992	-0.751418	 0.498663	-4.075893	-1.234519	 0.670830
-1.736350	-4.716597	-0.439540	-0.581810	-2.942694	-0.511469	-1.190300	-0.561848	 0.498663	-4.012227	-1.291889	 0.668146
-1.729416	-4.697731	-0.439494	-0.579483	-2.930923	-0.509480	-1.060585	-0.467064	 0.498663	-3.972497	-1.317875	 0.665474
-1.722505	-4.678940	-0.439471	-0.577165	-2.919200	-0.507471	-1.493865	-0.419671	 0.498663	-4.444767	-0.828181	 0.662812
-1.715618	-4.660224	-0.439459	-0.574856	-2.907523	-0.505455	-1.706651	-0.395975	 0.498663	-4.671067	-0.583334	 0.660161
-1.708757	-4.641583	-0.439453	-0.572557	-2.895893	-0.503440	-1.809205	-0.384127	 0.498663	-4.274423	-0.460910	 0.657520
-1.701922	-4.623017	-0.439450	-0.570266	-2.884309	-0.501430	-1.856659	-0.378203	 0.498663	-4.068345	-0.399698	 0.654890
-1.695115	-4.604525	-0.439449	-0.567985	-3.372772	-0.500425	-1.876577	-0.875241	 0.498663	-3.957582	-0.369092	 0.652270
-1.688335	-4.586107	-0.439448	-0.565713	-3.609281	-0.499923	-1.882744	-1.121015	 0.498663	-3.894506	-0.353789	 0.649661
-1.681581	-4.567762	-0.439448	-0.063450	-3.219844	 0.000329	-1.882049	-0.741169	 0.498663	-3.855306	-0.846138	 0.647063
-1.674855	-4.549491	-0.439448	 0.187681	-3.019464	 0.249453	-1.877939	-0.551246	 0.498663	-3.828073	-1.089635	 0.644474
-1.668156	-4.531293	-0.439448	-0.186753	-2.913637	-0.125985	-1.872136	 0.043716	 0.498663	-4.306855	-0.708717	 0.641896
-1.661483	-4.513168	-0.439447	-0.372848	-2.855107	-0.312701	-1.865502	 0.339919	 0.498663	-4.536675	-0.518259	 0.639329
-1.654837	-4.495115	-0.439447	-0.464778	-2.820249	-0.406059	-1.858468	 0.486749	 0.498663	-4.642052	-0.423029	 0.636772
-1.648218	-4.477135	-0.439447	-0.009629	-2.797249	-0.452738	-1.351247	 0.058896	 0.498663	-4.685246	-0.875415	 0.634224
-1.641625	-4.459226	-0.439447	 0.217945	-2.780201	-0.476077	-1.095949	-0.155030	 0.498663	-4.697386	-1.098952	 0.631688
-1.635059	-4.441389	-0.439447	-0.168267	-2.766150	-0.487747	-1.466619	-0.261993	 0.498663	-4.194037	-0.708075	 0.629161
-1.628518	-4.423624	-0.439447	-0.360265	-2.753621	-0.493582	-1.648279	-0.315475	 0.498663	-3.934981	-0.512637	 0.626644
-1.622004	-4.405929	-0.439447	 0.044841	-2.741874	-0.496499	-1.735449	-0.342215	 0.498663	-3.798101	-0.914918	 0.624138
-1.615516	-4.388306	-0.439447	 0.247394	-2.730540	-0.497958	-1.775389	-0.355586	 0.498663	-3.722338	-1.113424	 0.621641
-1.109054	-4.370752	-0.439447	-0.151330	-2.719435	-0.498687	-1.291728	-0.362271	 0.498663	-4.177164	-1.210053	 0.619154
-0.854618	-4.353269	-0.439447	-0.349591	-2.708466	-0.499052	-1.048282	-0.365614	 0.498663	-4.395313	-1.255754	 0.616678
-0.726199	-4.335856	-0.439447	-0.447627	-2.697586	-0.499234	-0.924949	-0.367285	 0.498663	-4.495160	-1.276002	 0.614211
-1.160795	-4.318513	-0.439447	-0.495553	-2.686773	-0.499325	-1.361679	-0.368121	 0.498663	-4.035894	-0.783533	 0.611754
-1.374901	-4.301239	-0.439447	-0.518429	-2.676014	-0.499371	-1.576448	-0.368538	 0.498663	-3.799108	-0.537299	 0.609307
-1.478777	-4.284034	-0.439447	-0.028784	-2.665305	-0.499394	-1.180249	-0.368747	 0.498663	-3.673590	-0.914182	 0.606870
-1.527549	-4.266898	-0.439447	 0.216038	-2.654641	-0.499405	-0.980582	-0.368852	 0.498663	-3.603735	-1.100041	 0.604443
-1.548783	-4.249830	-0.439447	-0.161551	-2.644021	-0.499411	-0.879187	 0.131096	 0.498663	-3.561740	-0.690399	 0.602025
-1.556260	-4.232831	-0.439447	-0.349267	-2.633444	-0.499414	-0.826933	 0.379808	 0.498663	-3.533703	-0.485578	 0.599617
-1.556870	-4.215900	-0.439447	-0.442051	-2.622910	-0.499415	-1.299257	 0.002907	 0.498663	-4.012673	-0.883167	 0.597218
-1.554061	-4.199036	-0.439447	-0.487374	-2.612418	-0.499416	-1.531876	-0.185544	 0.498663	-4.243174	-1.079401	 0.594829
-1.549554	-4.182240	-0.439447	-0.508969	-2.601968	-0.499416	-1.644657	-0.279769	 0.498663	-4.349478	-1.174966	 0.592450
-1.544210	-4.165511	-0.439447	-0.518706	-2.591560	 0.000584	-1.197532	-0.326882	 0.498663	-3.893718	-0.720207	 0.590080
-1.538460	-4.148849	-0.439447	-0.522518	-2.581194	 0.249582	-0.972469	-0.350438	 0.498663	-3.658962	-0.492828	 0.587720
-1.532520	-4.132253	-0.439447	-0.023371	-2.570869	-0.125918	-0.858442	-0.362216	 0.498663	-4.034736	-0.379139	 0.585369
-1.526497	-4.115724	-0.439447	 0.226203	-2.560586	-0.312666	-0.799940	-0.368105	 0.498663	-4.213802	-0.322294	 0.583028
-1.520444	-4.099261	-0.439447	-0.149011	-2.550343	-0.406040	-0.769206	-0.371050	 0.498663	-3.794549	-0.793871	 0.580695
-1.514389	-4.082864	-0.439447	-0.335569	-2.540142	-0.452726	-0.752363	-0.372522	 0.498663	-3.578172	-1.027129	 0.578373
-1.508345	-4.066533	-0.439447	 0.072196	-2.529981	-0.476070	-1.242470	 0.126742	 0.498663	-3.463260	-0.641238	 0.576059
-1.502318	-4.050267	-0.439447	 0.276079	-2.519861	-0.487742	-1.484058	 0.375122	 0.498663	-3.399107	-0.448292	 0.573755
-1.496312	-4.034066	-0.439447	 0.378020	-2.509782	-0.493577	-1.601401	 0.498065	 0.498663	-3.360361	-0.351819	 0.571460
-1.490329	-4.017930	-0.439447	-0.071009	-2.499743	 0.003505	-1.656635	 0.058294	 0.498663	-3.334344	-0.803582	 0.069174
-1.484368	-4.001858	-0.439447	-0.294484	-2.489744	 0.251045	-1.680828	-0.161591	 0.498663	-3.314720	-1.026953	-0.181969
-1.478431	-3.985850	-0.939447	-0.405185	-2.479785	-0.125186	-1.689515	-0.271534	 0.998663	-3.298317	-1.136138	 0.192460
-1.472518	-3.969907	-1.186569	-0.459504	-2.469866	-0.312298	-1.690461	-0.326505	 1.245665	-3.283552	-1.188240	 0.378540
-1.466628	-3.954027	-0.807262	 0.014364	-2.459986	-0.405854	-1.687552	-0.353991	 1.366181	-3.269632	-0.711810	 0.470451
-1.460761	-3.938211	-0.617608	 0.251298	-2.450146	-0.452632	-1.682728	-0.367734	 1.423466	-3.256160	-0.473595	 0.515282
-1.454918	-3.922458	-0.522782	-0.130235	-2.940346	-0.476021	-1.676960	 0.125395	 0.949147	-3.242939	-0.854488	 0.536577
-1.449099	-3.906769	-0.475368	-0.319978	-3.178584	-0.487715	-1.670734	 0.370722	 0.711987	-3.229869	-1.042463	 0.546109
-1.443302	-3.891141	-0.451662	-0.413830	-3.290870	-0.493563	-1.664292	 0.492154	 0.593407	-3.216901	-1.133990	 0.549764
-1.437529	-3.875577	-0.439808	-0.459740	-2.840207	-0.496486	-1.657755	 0.551642	 0.534117	-3.704008	-0.677303	 0.550484
