-1.893182	-1.680788	-0.575356	-0.499127	-1.071819	-0.593065	-2.650984	-0.977182	 0.359197	-0.995575	-1.614169	-0.016430
-1.885610	-1.674537	-0.573054	-0.493197	-1.037807	-0.589225	-2.859177	-1.222751	 0.359208	-0.967728	-1.607712	 0.203824
-1.878067	-1.668076	-0.570762	-0.490232	-1.018794	-0.586134	-2.457138	-0.842599	 0.359214	-1.451925	-1.601281	 0.313951
-1.870555	-1.661522	-0.568479	-0.488749	-1.007288	-0.583423	-2.252009	-0.652523	 0.359217	-1.690151	-1.594876	 0.369015
-1.863073	-1.654935	-0.566205	-0.988008	-1.499543	-0.580906	-2.145351	-0.557485	 0.359218	-1.805408	-1.588497	 0.396547
-1.855620	-1.648345	-0.563940	-1.234663	-1.741687	-0.578490	-2.087944	-0.509966	 0.359219	-1.859194	-1.582143	 0.410312
-1.848198	-1.641766	-0.561684	-1.355028	-1.358791	-1.076130	-2.555180	-0.486207	 0.359219	-1.382262	-1.575814	 0.417195
-1.840805	-1.635206	-0.559438	-1.412259	-1.165392	-1.321803	-2.782753	-0.474327	 0.359220	-1.141985	-1.569511	 0.420637
-1.833442	-1.628669	-0.557200	-1.437936	-1.066748	-1.441504	-2.890518	-0.468387	 0.359220	-1.020043	-1.563233	 0.422358
-1.826108	-1.622156	-0.554971	-1.447847	-1.515490	-0.998233	-2.938405	-0.465417	 0.359220	-0.957276	-1.556980	 0.423218
-1.818804	-1.615669	-0.552751	-1.449887	-1.735932	-0.775487	-2.956375	-0.463932	 0.359220	-0.924103	-1.550752	 0.423648
-1.811528	-1.609206	-0.550540	-0.948004	-1.842241	-1.163008	-2.459412	-0.463190	 0.359220	-0.905735	-1.544549	-0.076137
-1.804282	-1.602770	-0.548338	-0.697062	-1.891498	-1.353668	-2.207005	-0.462819	 0.359220	-0.894776	-1.538371	-0.324877
-1.797065	-1.596359	-0.546145	-1.071591	-1.912245	-0.945909	-2.576893	-0.462633	 0.359220	-0.887529	-1.532217	 0.051900
-1.789877	-1.589974	-0.543960	-1.255963	-1.918753	-0.740954	-2.755943	-0.462540	 0.359220	-0.882145	-1.526088	 0.240288
-1.782717	-1.083614	-0.541784	-0.845268	-1.918156	-0.637404	-2.839598	-0.462494	 0.359220	-1.377700	-1.519984	-0.165518
-1.775587	-0.829279	-0.539617	-0.639921	-1.914022	-0.584561	-2.875579	-0.462471	 0.359220	-1.621730	-1.513904	-0.367278
-1.768484	-0.700962	-0.537459	-0.537248	-1.908136	-0.557076	-2.887747	-0.462459	 0.359220	-1.740014	-1.507849	-0.467020
-1.761410	-1.135658	-0.535309	-0.485911	-1.901388	-0.542275	-2.388030	-0.462453	 0.359220	-1.295439	-1.501817	-0.015757
-1.754365	-1.349866	-0.533168	-0.460242	-1.894225	-0.533819	-2.134396	-0.462450	 0.359220	-1.071450	-1.495810	 0.209874
-1.747347	-1.453841	-0.531035	-0.947408	-1.886869	-0.528541	-2.003817	-0.462449	 0.359220	-0.957761	-1.489827	 0.322689
-1.740358	-1.502713	-0.528911	-1.188122	-1.879432	-0.524855	-1.934781	-0.462448	 0.359220	-0.899228	-1.483867	 0.379097
-1.733396	-1.524046	-0.526795	-0.805621	-1.371970	-1.021969	-1.896532	-0.962448	-0.140780	-0.868280	-1.977932	 0.407301
-1.726463	-1.531622	-0.524688	-0.614371	-1.116510	-1.267489	-1.873690	-1.209523	-0.389499	-0.851132	-2.220020	 0.421403
-1.719557	-1.032331	-0.522589	-0.518745	-1.487058	-0.887222	-2.358568	-1.330147	-0.012581	-0.840889	-1.836140	 0.428454
-1.712679	-0.781620	-0.520499	-0.470933	-1.668616	-0.696075	-2.595320	-1.387557	 0.175877	-0.834107	-1.641296	 0.431980
-1.705828	-0.655202	-0.518417	-0.447027	-1.755695	-0.599492	-2.708032	-1.413373	 0.270107	-0.829061	-1.540980	 0.433742
-1.699005	-0.590936	-0.516343	-0.435073	-1.795549	-0.550194	-2.758746	-0.923402	 0.317221	-0.824890	-1.487941	 0.434624
-1.692209	-0.557750	-0.514278	-0.429097	-1.811805	-0.524544	-2.778484	-0.678417	 0.340779	-0.821163	-1.458552	 0.435064
-1.685440	-1.040107	-0.512221	-0.426109	-1.316277	-0.511718	-2.782757	-0.555924	 0.352557	-0.817665	-1.440999	 0.435285
-1.678698	-1.278241	-0.510172	-0.424614	-1.066872	-0.505306	-2.779319	-0.494678	 0.358447	-0.814287	-1.429376	 0.435395
-1.671983	-1.394275	-0.508131	-0.423867	-1.440534	-0.502099	-2.772049	-0.464055	 0.361391	-0.810977	-1.420729	-0.064550
-1.665295	-1.449272	-0.506099	-0.423494	-1.623737	-0.500496	-2.762884	-0.448743	 0.362864	-0.807706	-1.413581	-0.313394
-1.658634	-1.473762	-0.504074	-0.423307	-1.711724	-0.999695	-2.252794	-0.441087	 0.363600	-1.304462	-1.407194	 0.063309
-1.652000	-1.483010	-0.502058	-0.423214	-1.752119	-1.246296	-1.994264	-0.437259	 0.363968	-1.549238	-1.401199	 0.251661
-1.645392	-1.484650	-0.500050	-0.423167	-1.768731	-1.366611	-1.861527	-0.435345	 0.364152	-1.668037	-1.395411	 0.345836
-1.638810	-1.482497	-0.499046	-0.423144	-1.273466	-0.923795	-1.791701	-0.434388	 0.364244	-1.223863	-1.389738	-0.107076
-1.632255	-1.478460	-0.498544	-0.423132	-1.024277	-0.702386	-1.753344	-0.433910	 0.364290	-1.000217	-1.384133	-0.332412
-1.625726	-0.973492	-0.498292	-0.423126	-1.398133	-0.591682	-1.730736	-0.433671	 0.364313	-0.886841	-1.378574	 0.056035
-1.619223	-0.721009	-0.498167	-0.423123	-1.581517	-0.536330	-1.716016	-0.433551	 0.364324	-0.828606	-1.373048	 0.250259
-1.612746	-0.594767	-0.498104	-0.423122	-1.169679	-0.508654	-1.705253	-0.433491	 0.364330	-0.797947	-1.367550	 0.347371
-1.606295	-0.531646	-0.498073	-0.423121	-0.962244	-0.494816	-1.696483	-0.433461	 0.364333	-0.781084	-1.362077	 0.395927
-1.599870	-0.500085	-0.498057	-0.423121	-0.857017	-0.487897	-1.688722	-0.433446	-0.135666	-0.771123	-1.356627	 0.420205
-1.593470	-0.484305	-0.498049	-0.423120	-0.802900	-0.484438	-1.681480	-0.433439	-0.384394	-0.764621	-1.351200	 0.432344
-1.587096	-0.476415	-0.498045	-0.423120	-0.774344	-0.482708	-1.674510	-0.433435	-0.507491	-0.759854	-1.345795	 0.438413
-1.580748	-0.472470	-0.498043	-0.423120	-0.758574	-0.481843	-1.667690	 0.066567	-0.067779	-0.755960	-1.340412	 0.441448
-1.574425	-0.470498	-0.498042	-0.423120	-0.749204	-0.481411	-1.660959	 0.315434	 0.152077	-0.752509	-1.335050	 0.442966
-1.568127	-0.469511	-0.498042	-0.423120	-0.243039	-0.481194	-1.154284	 0.438740	 0.762005	-0.249285	-1.329710	 0.443724
-1.561855	-0.469018	-0.498042	-0.423120	 0.010043	-0.481086	-0.899652	 0.499268	 1.064225	 0.002327	-1.324391	 0.444104
-1.055607	 0.031228	-0.498042	 0.076880	 1.136585	 0.018968	 0.728954	 1.028413	 1.212603	 1.128133	-0.819093	 0.944293
-0.801385	 0.280289	-0.498042	 0.325726	 1.695329	 0.267957	 1.538542	 1.289870	 1.284069	 1.686528	-0.566444	 1.191499
 0.326820	 4.403760	 0.501959	 0.949000	 5.970193	 0.891417	 4.938640	 1.417496	 1.317092	 7.461236	 0.559880	 0.812225
 0.888013	 6.448442	 0.998955	 1.257492	 8.087135	 1.200118	 6.622011	 1.478219	 1.330902	 10.322118	 1.119670	 0.622587
 2.665711	 10.953796	 1.244461	 1.408607	 12.125198	 1.351450	 8.947086	 1.005502	 0.335118	 15.726193	 1.396206	-0.972231
 3.545673	 13.175555	 1.364234	 1.481044	 14.111903	 1.424111	 10.087080	 0.768079	-0.161452	 18.385970	 1.531128	-1.764506
 3.976803	 14.255640	 1.421152	 1.514156	 15.073058	 1.457448	 10.634622	 0.648305	-0.408422	 19.673767	 1.595257	-2.155530
 5.183552	 18.765011	 2.946656	 2.027618	 23.021567	 3.471135	 17.886029	 3.587362	 0.969405	 31.275742	 9.124003	 1.654051
 5.774146	 20.973147	 3.700463	 2.279266	 26.933881	 4.467009	 21.461457	 5.043837	 1.653623	 37.053228	 12.855071	 3.547914
 11.556714	 33.030853	 4.568458	 4.400029	 33.328346	 5.954020	 24.199098	 5.259074	 1.991057	 41.918563	 15.687432	 3.983962
 14.413319	 39.032878	 4.991583	 5.447368	 36.446133	 6.682643	 25.514045	 5.355744	 2.155117	 44.324402	 17.066573	 4.193146
 16.307081	 44.507170	 5.192315	 6.458049	 39.425899	 7.032133	 26.617860	 5.393174	 2.732508	 47.000601	 18.219252	 4.288933
 17.217561	 47.222391	 5.281896	 6.948451	 40.893856	 7.192114	 27.114324	 5.401028	 3.014584	 48.316776	 18.756848	 4.328058
 18.136545	 49.558164	 5.315943	 6.678775	 42.105998	 7.257400	 27.807335	 5.394137	 2.649029	 49.453026	 18.987057	 3.838885
 18.557926	 50.704522	 5.322267	 6.531119	 42.690540	 7.275398	 28.096840	 5.379917	 2.461684	 49.999623	 19.063727	 3.587600
 18.730658	 51.256260	 5.314771	 6.444524	 42.961370	 7.269810	 28.184819	 5.362076	 2.363463	 50.251480	 19.063781	 3.455284
 19.279217	 52.510773	 5.300409	 6.888510	 43.575429	 7.252488	 28.172263	 5.842467	 2.309822	 50.356052	 19.525680	 3.882481
 19.513841	 53.115647	 5.282656	 7.095838	 43.860077	 7.229357	 28.109666	 6.070016	 2.278489	 50.385957	 19.716655	 4.087460
 19.591656	 53.395793	 5.263249	 7.184896	 43.980108	 7.203378	 28.022273	 6.171196	 2.258329	 49.878617	 19.772327	 4.181364
 19.591224	 53.513662	 5.243059	 7.214877	 44.017921	 7.176034	 27.922707	 6.209241	 2.243772	 49.602744	 19.760507	 4.219766
 19.551827	 53.050483	 5.222517	 6.715378	 44.014714	 7.148065	 27.817278	 5.715769	 2.232035	 49.442693	 19.715100	 4.230450
 19.493104	 52.797312	 5.201843	 6.453197	 43.991529	 7.119840	 27.709139	 5.458589	 2.221726	 49.341087	 19.653057	 4.227310
 19.424873	 52.649232	 5.181143	 6.309724	 43.958441	 7.091545	 27.599868	 5.819595	 2.212149	 49.268788	 19.582853	 4.217292
 19.352044	 52.553560	 5.160473	 6.225655	 43.920266	 7.063270	 27.490251	 5.987738	 2.202955	 49.211008	 19.508726	 4.203868
 19.277072	 52.484180	 5.139858	 6.171338	 43.879634	 7.035063	 27.380682	 6.059497	 2.193971	 49.160573	 19.432793	 4.188776
 19.201181	 52.428031	 5.119312	 6.631945	 43.837860	 7.006946	 27.271355	 5.583114	 2.185109	 49.113897	 18.856113	 4.172882
 19.124985	 52.378807	 5.098841	 6.848063	 43.795822	 6.978929	 27.162367	 5.334709	 2.176325	 49.069409	 18.531214	 4.156621
 19.048790	 52.333128	 5.078449	 6.941994	 43.253737	 6.951020	 26.553767	 5.700334	 2.167598	 49.026099	 18.332352	 4.140210
 18.972747	 52.289308	 5.058137	 6.974888	 42.961713	 6.923218	 26.197576	 5.871015	 2.158917	 48.983463	 18.196654	 4.123757
 18.396932	 52.246500	 5.037905	 6.977319	 42.794804	 6.895527	 26.467798	 5.944272	 2.650276	 48.941247	 18.092683	 4.107315
 18.073382	 52.204060	 5.017754	 6.964575	 42.690313	 6.867945	 26.549433	 5.968865	 2.889672	 48.899102	 18.004720	 4.090913
 17.876108	 51.661887	 4.997683	 6.944299	 42.617115	 6.840474	 26.536988	 5.969175	 3.003112	 48.357078	 17.924905	 4.074563
 17.742113	 51.369933	 4.977693	 6.920313	 42.559648	 6.813112	 26.477717	 5.957391	 3.053599	 48.065198	 17.849308	 4.058271
 17.639899	 51.203171	 4.957782	 6.894528	 42.510130	 6.785860	 26.395244	 5.939608	 3.072634	 47.898473	 17.775961	 4.042042
 17.553717	 51.099088	 4.937951	 6.867898	 42.464669	 6.758717	 25.801382	 5.418872	 3.075968	 47.794409	 17.703883	 4.025875
 17.475691	 51.026872	 4.918199	 6.840900	 42.421764	 6.731682	 25.454036	 5.148708	 3.071477	 47.722202	 17.632580	 4.009773
 17.401882	 50.970671	 4.898526	 6.813773	 42.380218	 6.704755	 25.230150	 5.503869	 3.063097	 48.166005	 17.561806	 3.493734
 17.330322	 50.922557	 4.878932	 6.786637	 42.339431	 6.677936	 25.068194	 5.669732	 3.052798	 48.367893	 17.491437	 3.229759
 17.760024	 50.878566	 4.859416	 6.759549	 42.299105	 6.651224	 24.937404	 5.740992	 3.041563	 47.948904	 17.421411	 3.591840
 17.938496	 50.836273	 4.839979	 6.732541	 42.258643	 6.624619	 24.822396	 5.764997	 3.029885	 47.719111	 17.351694	 3.764973
 17.491498	 50.794910	 4.820619	 6.705625	 42.218196	 6.598121	 24.715477	 5.765422	 3.018010	 47.583998	 17.282272	 3.843663
 17.233910	 50.754314	 4.801336	 6.678810	 42.178058	 6.571728	 24.612800	 5.754103	 3.006060	 47.496528	 17.213136	 3.875163
 17.071163	 50.714182	 4.782131	 6.652099	 42.138156	 6.545441	 24.512441	 5.736957	 2.994097	 47.432959	 17.144279	 3.883100
 16.955973	 50.674362	 4.763003	 6.625492	 42.098449	 6.519260	 24.413438	 5.716945	 2.982151	 47.381419	 17.075700	 3.879287
 16.864696	 50.634776	 4.743951	 6.598991	 42.058921	 6.493183	 24.315307	 5.695545	 2.970238	 47.335974	 17.007397	 3.869629
 16.785511	 50.095385	 4.724975	 6.572596	 42.019559	 6.467210	 24.217808	 5.673497	 2.458364	 47.293654	 16.939367	 3.857080
 16.712506	 49.806394	 4.706075	 6.546306	 41.980582	 6.441341	 24.120817	 5.651170	 2.198535	 47.253198	 16.871609	 3.843117
 16.642724	 49.642679	 4.687251	 6.520120	 41.941874	 6.415576	 24.024274	 5.128749	 2.564742	 47.213750	 16.804122	 3.828476
 16.574688	 49.541679	 4.668502	 6.494040	 41.903378	 6.389913	 23.928148	 4.858325	 2.741984	 47.174884	 16.736906	 3.813529
 16.507656	 49.472114	 4.649827	 6.468064	 41.865064	 6.364354	 23.832420	 5.213938	 2.824767	 47.136386	 16.669958	 3.798458
 16.441259	 49.418119	 4.631228	 6.442192	 41.826695	 6.338896	 23.737083	 5.380605	 2.860343	 47.097924	 16.603278	 3.783355
 16.375311	 49.371987	 4.612703	 6.416423	 41.788376	 6.313541	 23.642131	 5.452844	 2.872339	 47.059559	 16.536865	 3.768268
 16.309718	 49.829862	 4.594252	 6.390757	 41.750158	 6.288287	 24.047560	 5.477914	 2.872569	 47.021318	 16.970718	 3.753218
 16.244433	 50.039373	 4.575875	 6.365194	 41.711623	 6.263133	 24.201369	 5.479442	 2.866938	 46.982771	 17.152835	 3.738216
 16.179433	 49.624780	 4.557572	 6.339733	 40.673006	 5.738081	 22.229563	 4.469245	 1.858400	 42.944148	 12.209223	 0.223269
 16.114703	 49.392163	 4.539342	 6.314375	 40.074429	 5.465129	 21.203145	 3.957228	 1.352431	 40.847026	 9.722887	-1.527621
 10.050239	 35.250636	 2.021184	 2.789117	 28.196189	 2.818268	 13.649582	 1.694329	-0.402246	 28.720965	 4.465245	-1.396509
 7.010035	 28.137654	 0.762106	 1.027961	 22.224433	 1.494838	 9.860609	 0.564017	-1.275271	 22.624745	 1.838009	-1.328422
 4.481993	 20.539114	 0.132566	 0.648849	 16.206049	 0.833123	 6.453979	-0.000007	-1.207487	 16.543578	 0.025970	-0.791858
 3.214065	 16.713962	-0.182203	 0.459293	 13.176482	 0.502265	 4.744569	-0.280891	-1.171315	 13.482069	-0.876478	-0.523576
 2.576208	 14.775609	-0.339588	 0.364515	 11.641405	 0.336836	 3.883794	-0.420209	-1.150959	 11.930474	-1.324144	-0.389435
 0.753403	 8.780758	-0.418281	-0.682874	 5.853654	-0.245878	-0.552640	-0.488749	-1.138520	 4.633918	-3.044433	-0.822365
-0.155861	 5.777760	-0.457627	-1.203108	 2.959778	-0.535578	-2.760878	-0.521904	-1.130048	 0.990966	-3.895049	-1.036319
-1.608362	 1.270712	-0.977300	-1.459778	-0.487160	-1.178777	-4.855059	-1.037372	-1.623569	-1.825206	-4.310865	-1.140796
-2.328491	-0.976339	-1.234143	-1.584681	-2.202761	-1.496733	-5.888251	-1.292000	-1.866096	-3.224010	-4.509320	-1.190543
-3.182459	-2.093418	-1.359582	-1.643713	-3.052724	-1.652082	-6.391005	-1.416221	-1.983141	-3.914166	-4.599132	-1.212937
-3.601369	-2.645537	-1.419332	-1.669823	-3.469901	-1.726141	-6.628594	-1.475251	-2.037464	-4.250035	-4.634660	-1.221663
-3.802784	-3.415201	-1.446248	-2.179487	-4.170715	-1.759570	-7.233656	-2.001697	-1.560442	-4.408798	-4.643083	-1.223565
-3.895483	-3.791663	-1.456760	-2.428940	-4.511379	-1.772699	-7.520509	-2.259864	-1.319764	-4.479044	-4.637992	-1.222065
-3.933856	-3.971558	-1.459082	-2.548310	-4.672007	-1.775692	-7.648322	-2.383911	-1.197267	-4.505069	-4.626181	-1.218874
-3.945098	-4.053202	-1.457320	-2.602659	-4.742655	-2.273631	-7.696675	-2.440919	-1.133868	-4.509019	-5.111046	-1.214847
-3.942807	-4.085755	-1.453527	-2.624520	-4.768353	-2.517057	-7.705362	-2.464427	-1.100028	-4.501968	-5.342287	-1.210412
-3.933780	-4.093794	-1.448732	-2.130158	-4.771614	-2.133249	-7.694278	-2.471205	-1.080976	-4.489453	-5.446761	-1.205782
-3.921417	-4.089611	-1.443446	-1.879705	-4.763695	-1.937847	-7.673369	-2.469638	-1.069326	-4.474241	-5.487895	-1.201065
-3.907417	-4.079348	-1.437927	-2.251220	-4.750223	-1.836660	-7.647610	-2.463918	-1.061386	-4.457717	-5.497404	-1.196314
-3.892631	-4.066078	-1.432303	-2.431732	-4.734014	-1.782596	-7.619486	-2.456142	-1.055309	-4.440573	-5.491145	-1.191555
-4.377482	-4.051338	-1.426637	-2.016764	-4.716474	-1.752107	-7.590242	-1.947357	-1.050172	-4.423154	-5.477045	-1.186802
-4.610183	-4.035894	-1.420962	-1.806076	-4.698306	-1.733419	-7.560498	-1.690088	-1.045513	-4.405633	-5.459070	-1.182062
-4.716847	-4.020132	-1.415294	-1.697541	-4.679862	-1.720646	-7.530564	-1.558587	-1.041102	-4.388096	-5.439200	-1.177337
-4.260533	-4.004242	-1.409641	-1.640096	-4.661317	-1.710843	-7.500596	-1.989983	-1.036823	-4.370587	-4.918426	-1.172629
-4.024767	-3.988320	-1.404007	-1.608208	-4.642759	-1.702540	-7.470671	-2.200838	-1.032619	-4.353126	-4.649244	-1.167940
-4.399306	-3.972414	-1.398393	-2.089111	-4.624231	-1.695000	-7.440826	-2.301442	-1.028460	-4.335724	-5.005893	-1.163268
-4.577028	-3.956549	-1.392800	-2.324423	-4.605756	-1.687855	-7.411082	-2.346940	-1.024331	-4.318387	-5.173492	-1.158615
-4.656379	-3.940734	-1.387229	-1.936959	-4.587344	-1.680921	-7.381448	-2.364904	-1.020227	-4.301116	-4.746609	-1.153981
-4.686584	-3.924977	-1.381681	-1.740129	-4.569000	-1.674106	-7.351927	-2.369121	-1.016142	-4.283913	-4.524529	-1.149365
-4.192252	-3.909280	-1.376154	-2.138627	-4.550727	-1.667364	-7.322521	-2.366482	-1.012076	-4.766778	-4.904883	-1.144768
-3.937691	-3.893645	-1.370650	-2.332801	-4.532525	-1.660672	-7.293233	-2.360435	-1.008027	-4.997711	-5.084490	-1.140189
-3.803043	-3.878071	-1.365167	-2.424835	-4.514396	-1.654018	-7.264060	-2.352703	-1.003994	-5.102720	-5.163766	-1.135628
-4.228383	-3.862559	-1.359706	-2.465818	-4.496339	-1.647396	-7.235004	-2.344147	-0.999978	-4.644810	-5.192917	-1.131085
-4.431746	-3.847109	-1.354267	-2.481296	-4.478354	-1.640804	-7.206064	-2.335198	-0.995978	-4.407480	-5.197049	-1.126561
-4.524157	-3.831721	-1.348850	-2.484041	-4.460440	-2.134239	-7.177240	-2.326070	-0.991994	-4.280475	-4.688712	-1.122055
-4.561129	-3.816394	-1.343455	-2.480440	-4.442599	-2.375701	-7.148531	-2.316873	-0.988026	-4.208666	-4.426183	-1.117567
-4.570419	-3.801128	-1.338081	-1.973686	-4.424828	-1.991198	-7.119937	-2.307659	-0.984074	-4.164488	-4.286591	-1.113096
-4.565904	-3.785924	-1.332729	-1.717375	-4.407129	-1.795733	-7.091458	-2.298455	-0.980138	-4.134158	-4.208502	-1.108644
-4.554524	-3.770780	-1.327398	-2.086297	-4.389500	-1.694800	-7.063092	-2.789275	-0.976217	-4.110785	-4.161196	-1.104209
-4.539748	-3.755697	-1.322088	-2.265848	-4.371942	-1.641146	-7.034839	-3.028124	-0.972312	-4.090924	-4.129315	-1.099792
-4.523310	-3.740674	-1.316800	-2.350733	-4.354455	-1.611144	-7.006700	-3.141015	-0.968423	-4.072851	-4.105180	-1.095393
-4.506077	-3.725711	-1.311533	-2.388304	-4.337037	-1.592980	-6.978673	-2.190953	-0.964549	-4.055706	-4.084950	-1.091012
-4.488483	-3.710809	-1.306287	-2.402238	-4.319689	-1.580749	-6.950758	-1.713440	-0.960691	-4.039056	-4.066706	-1.086648
-4.470744	-3.695965	-1.301062	-2.404372	-4.302410	-1.571496	-6.922955	-1.472211	-0.956848	-4.022686	-4.549487	-1.082301
-4.452969	-3.681181	-1.295857	-2.400626	-4.285200	-1.563746	-6.895264	-1.349135	-0.953021	-4.006488	-4.780813	-1.077972
-4.435211	-3.666457	-1.290674	-2.393960	-4.268059	-1.556758	-6.867683	-1.785145	-0.949209	-3.990409	-4.886451	-1.073660
-4.417497	-3.651791	-1.285511	-2.385852	-4.250987	-1.550165	-6.840212	-1.998708	-0.945412	-3.974420	-4.929287	-1.069365
-4.399840	-3.637184	-1.280369	-1.877042	-4.233983	-1.543781	-6.812851	-2.101064	-0.941630	-3.958509	-4.440760	-1.065088
-4.382248	-3.622635	-1.275248	-1.619901	-4.217047	-1.537515	-6.785600	-2.147836	-0.937864	-3.942669	-4.188592	-1.060828
-4.364722	-3.608144	-1.270147	-1.488605	-4.200179	-1.531319	-6.758457	-2.166832	-0.934112	-3.926895	-4.054635	-1.056584
-4.347265	-3.593712	-1.265066	-1.420242	-4.183378	-1.525171	-6.731423	-2.171959	-0.930376	-3.911185	-3.979816	-1.052358
-4.329877	-3.579337	-1.260006	-1.383357	-4.166645	-1.519058	-6.704498	-2.170168	-0.926654	-3.895540	-3.934596	-1.048148
-4.312558	-3.565020	-1.254966	-1.862222	-4.149978	-1.512976	-6.677680	-1.664936	-0.922948	-3.879957	-3.904207	-1.043956
-4.295308	-3.550760	-1.249946	-2.096972	-4.133378	-1.506922	-6.650969	-1.410000	-0.919256	-3.864437	-3.881265	-1.039780
-4.278126	-3.536557	-1.244946	-1.709684	-4.116845	-1.500893	-6.624365	-1.780223	-0.915579	-3.848979	-4.362078	-1.035621
-4.261014	-3.522410	-1.239966	-1.513395	-4.100377	-1.494888	-6.597868	-1.961033	-0.911917	-3.833583	-4.592798	-1.031478
-4.243970	-3.508321	-1.235006	-1.912616	-4.083976	-1.488908	-6.571476	-1.547154	-0.908269	-3.818249	-4.698511	-1.027353
-4.226994	-3.494287	-1.230066	-2.107603	-4.067640	-1.482953	-6.545190	-1.337948	-0.904636	-3.802976	-4.741759	-1.023243
-4.210086	-3.480310	-1.225146	-1.700491	-4.051370	-1.477021	-6.519009	-1.231088	-0.901017	-3.787764	-4.253813	-1.019150
-4.193246	-3.466389	-1.220246	-1.494349	-4.035164	-1.471113	-6.492933	-1.175409	-0.897413	-3.772613	-4.002309	-1.015074
-4.176473	-3.452523	-1.215365	-1.388701	-4.019023	-1.465228	-6.466962	-1.145330	-0.893824	-3.757523	-3.869055	-1.011013
-4.159767	-3.438713	-1.210503	-1.333311	-4.002947	-1.459367	-6.441094	-1.628061	-0.890248	-3.742493	-3.794956	-1.006969
-4.143128	-3.424959	-1.205661	-1.303060	-3.986935	-1.453530	-6.415329	-1.865204	-0.886687	-3.727523	-3.750465	-1.002941
-4.126555	-3.411259	-1.200839	-1.285389	-3.970988	-1.447716	-6.389668	-1.979571	-0.883141	-3.712612	-4.220808	-0.998930
-4.110049	-3.397614	-1.196035	-1.274018	-3.955104	-1.441925	-6.364109	-2.032567	-0.879608	-3.697762	-4.446597	-0.994934
-4.093609	-3.384023	-1.191251	-1.765807	-3.939283	-1.936157	-6.338653	-2.054893	-0.876090	-3.682971	-4.050146	-0.990954
-4.077234	-3.370487	-1.186486	-2.007187	-3.923526	-2.178412	-6.313298	-2.061902	-0.872585	-3.668239	-3.844614	-0.986990
-4.060926	-3.357005	-1.181740	-2.123379	-3.907832	-1.794699	-6.288045	-1.561269	-0.869095	-3.653566	-3.734569	-0.983042
-4.044682	-3.343577	-1.177013	-2.176996	-3.892201	-1.600020	-6.262893	-1.308831	-0.865619	-3.638952	-3.672298	-0.979110
-4.028503	-3.330203	-1.172305	-2.199344	-3.876632	-1.499870	-6.237841	-1.180499	-0.862156	-3.624396	-3.633942	-0.975194
-4.012389	-3.316882	-1.167616	-2.206074	-3.861125	-1.446995	-6.212890	-1.114229	-0.858708	-3.609898	-3.607573	-0.971293
-3.996340	-3.303615	-1.162945	-2.205014	-3.845681	-1.417770	-6.188039	-1.078998	-0.855273	-3.595459	-3.587226	-0.967408
-3.980354	-3.290400	-1.158294	-1.700075	-3.830298	-1.400380	-6.163286	-1.059295	-0.851852	-3.581077	-3.569919	-0.963538
-3.964433	-3.277238	-1.153660	-1.445216	-3.814977	-1.388919	-6.138633	-1.047364	-0.848444	-3.566753	-3.554160	-0.959684
-3.948575	-3.264129	-1.149046	-1.315406	-3.799717	-1.380434	-6.114079	-1.539328	-0.345050	-3.552486	-3.539204	-0.955845
-3.932781	-3.251073	-1.144450	-1.248129	-3.784518	-1.373447	-6.089622	-1.781247	-0.093354	-3.538276	-3.524678	-0.952022
-3.917050	-3.238069	-1.139872	-1.712129	-3.769380	-1.867221	-6.065264	-1.898161	-0.467505	-3.524123	-3.510394	-0.948214
-3.901381	-3.225116	-1.135312	-1.939777	-3.754303	-2.109386	-6.041003	-1.952587	-0.652898	-3.510026	-3.496260	-0.944421
-3.885776	-3.212216	-1.130771	-2.049266	-3.739285	-2.225765	-6.016839	-1.975786	-0.743917	-3.495986	-3.482229	-0.940643
-3.870233	-3.199367	-1.126248	-1.599693	-3.724328	-1.779271	-5.992772	-1.483388	-0.787757	-3.482002	-3.468277	-0.936881
-3.854752	-3.186570	-1.121743	-1.372607	-3.709431	-1.553358	-5.968800	-1.235207	-0.808014	-3.468074	-3.454392	-0.933133
-3.839333	-3.173823	-1.117256	-1.256772	-4.194593	-1.937746	-5.944925	-1.109142	-0.316486	-3.454202	-3.940569	-0.929401
-3.823975	-3.161128	-1.112787	-1.196573	-4.427815	-2.125297	-5.921146	-1.044144	-0.070722	-3.440385	-4.174803	-0.925683
-3.808680	-3.148484	-1.108336	-1.164201	-4.035104	-1.714446	-5.897461	-1.009686	-0.447840	-3.426623	-3.783103	-0.921980
-3.793445	-3.135890	-1.103902	-1.145751	-3.831463	-1.506413	-5.873871	-0.990507	-0.634749	-3.412917	-3.580470	-0.918292
-3.778271	-3.123346	-1.099487	-1.134272	-3.722387	-1.399800	-5.850376	-0.978975	-0.726560	-3.399265	-3.472397	-0.914619
-3.763158	-3.110853	-1.095089	-1.126286	-3.660623	-1.343907	-5.826974	-0.971274	-0.770829	-3.385668	-3.411633	-0.910961
-3.748105	-3.098409	-1.090709	-1.120057	-3.622543	-1.313385	-5.803666	-0.965496	-0.791333	-3.372126	-3.374549	-0.907317
-3.733113	-2.586016	-1.086346	-1.114715	-3.596334	-1.795558	-5.780452	-1.460688	-0.799962	-3.358637	-3.349332	-0.903688
-3.718181	-2.325672	-1.082000	-1.109825	-3.576089	-2.032089	-5.757330	-1.704372	-0.802659	-3.345203	-3.330075	-0.900073
-3.703308	-2.691369	-1.077672	-1.605170	-3.558855	-1.645817	-5.734300	-1.322318	-0.802396	-3.331822	-3.313825	-0.896473
-3.688495	-2.868103	-1.073362	-1.848641	-3.543155	-1.450162	-5.711363	-1.129410	-0.800661	-3.318494	-3.299105	-0.892887
-3.673741	-2.950381	-1.069068	-1.966193	-3.528250	-1.349826	-5.688518	-1.531084	-0.798195	-3.305220	-3.285176	-0.889315
-3.659046	-2.985454	-1.064792	-2.020801	-3.513771	-1.297159	-5.665764	-1.728055	-0.795371	-3.292000	-3.271669	-0.885758
-3.644409	-2.996950	-1.060533	-2.043955	-3.499532	-1.268336	-5.643101	-1.322690	-0.792374	-3.278832	-3.258399	-0.882215
-3.629832	-2.996681	-1.056291	-2.051397	-3.485443	-1.251446	-5.620528	-1.118173	-0.789297	-3.265716	-3.245274	-0.878686
-3.615312	-2.990554	-1.052065	-2.051001	-3.471455	-1.240532	-5.598046	-1.014087	-0.786186	-3.252653	-3.232247	-0.875171
-3.600851	-2.981521	-1.047857	-2.046701	-3.457547	-1.232615	-5.575654	-0.960225	-0.783064	-3.239643	-3.219295	-0.871671
-3.586448	-2.971060	-1.043666	-2.040467	-3.443705	-1.226208	-5.553351	-0.931480	-0.779943	-3.226684	-3.206407	-0.868184
-3.572102	-2.959908	-1.039491	-2.033281	-3.429924	-1.220564	-5.531138	-0.915303	-0.276829	-3.213777	-3.193575	-0.864711
-3.557814	-2.948435	-1.035333	-2.025636	-3.416202	-1.215313	-5.509013	-0.905416	-0.025272	-3.200922	-3.180798	-0.861252
-3.543582	-2.936824	-1.031192	-2.017777	-3.402536	-1.210267	-5.486977	-0.898681	 0.100506	-3.188119	-3.168073	-0.857807
-3.529408	-2.925168	-1.027067	-2.009828	-3.388925	-1.205333	-5.465029	-0.893530	 0.163396	-3.175366	-3.155400	-0.854376
-3.515290	-2.913513	-1.022959	-2.001850	-3.375369	-1.200466	-4.943169	-0.889178	-0.305160	-3.162665	-3.642778	-0.850959
-3.501229	-2.901882	-1.018867	-1.993873	-3.361867	-1.195641	-4.673397	-0.885232	-0.537890	-3.150014	-3.878207	-0.847555
-3.487224	-2.890286	-1.014791	-1.985913	-3.348419	-1.190847	-4.529703	-0.881496	-0.652714	-3.137414	-3.987694	-0.844165
-3.473275	-2.878731	-1.010732	-1.977977	-3.335026	-1.186078	-4.949084	-0.877873	-0.708591	-3.624864	-3.534243	-0.840788
-3.459382	-2.867219	-1.006689	-1.970069	-3.321686	-1.181330	-5.148038	-0.874313	-0.735000	-3.860365	-3.301356	-0.837425
-3.445545	-2.355751	-1.002663	-1.462190	-2.808399	-1.176604	-5.236821	-0.870791	-0.246682	-3.469923	-3.178776	-0.834075
-3.431763	-2.096329	-0.998652	-1.206343	-2.547165	-1.171897	-5.270561	-0.867296	-0.002523	-3.268544	-3.111373	-0.830739
-3.418036	-2.462944	-0.994657	-1.576518	-2.911977	-1.167209	-5.276822	-1.363821	 0.119556	-3.161720	-3.071584	-0.827416
-3.404363	-2.640592	-0.990679	-1.757712	-3.087829	-1.162540	-5.269387	-1.608363	 0.180596	-3.102198	-3.045626	-0.824106
-3.390746	-2.723780	-0.986716	-1.344431	-3.169227	-1.657889	-5.255145	-1.726928	-0.288884	-3.066351	-3.026607	-0.820810
-3.377183	-2.759760	-0.982769	-1.135928	-3.203425	-1.901258	-5.237543	-1.782519	-0.522107	-3.042367	-3.011083	-0.817526
-3.363674	-2.772159	-0.978838	-1.029822	-3.214049	-2.018653	-5.218302	-1.806639	-0.637208	-3.024338	-2.997330	-0.814256
-3.350220	-2.772789	-0.974923	-1.474922	-3.212912	-1.573078	-5.198283	-1.815037	-0.693254	-3.009311	-3.484486	-0.810999
-3.336819	-2.767557	-0.971023	-1.693631	-3.205920	-1.348036	-5.177917	-1.815589	-0.719779	-2.995809	-3.720121	-0.807755
-3.323471	-2.759416	-0.967139	-1.799162	-3.196026	-1.233269	-5.157419	-1.312233	-0.231548	-2.983094	-3.830027	-0.304524
-3.310178	-2.749844	-0.963270	-1.848117	-3.184706	-1.173648	-5.136896	-1.058937	 0.012567	-2.970795	-3.877100	-0.052909
-3.296937	-2.239577	-0.959417	-1.368801	-2.672700	-1.141610	-5.116402	-0.930678	-0.365375	-2.958729	-3.892788	-0.427101
-3.283749	-1.980984	-0.955580	-1.127364	-2.412375	-1.123371	-5.095963	-0.864944	-0.552860	-2.946802	-3.892815	-0.612595
-3.270614	-2.348244	-0.951757	-1.504873	-2.777909	-1.612042	-5.075593	-1.830478	-0.645121	-2.934969	-3.385043	-0.703745
-3.257532	-2.526442	-0.947950	-1.689863	-2.954389	-1.852176	-5.055297	-2.307653	-0.689777	-2.923206	-3.125402	-0.747731
-3.244501	-2.610132	-0.944159	-1.778609	-3.036367	-1.968058	-5.035079	-2.540671	-0.710637	-2.911502	-2.989851	-0.768140
-3.231523	-2.646590	-0.940382	-1.819247	-3.071119	-1.521831	-5.014940	-2.151633	-0.219603	-2.399850	-2.916366	-0.776768
-3.218597	-2.659452	-0.936620	-1.835846	-3.082284	-1.296567	-4.994881	-1.953588	 0.025914	-2.140248	-2.873938	-0.779511
-3.205723	-2.660539	-0.932874	-1.340441	-3.081679	-1.181792	-4.974902	-1.351055	 0.148672	-2.006686	-3.347061	-0.779317
-3.192900	-2.655759	-0.929142	-1.091048	-3.075215	-1.122270	-4.955003	-1.048291	 0.210051	-1.936158	-3.575982	-0.777663
-3.180128	-2.648067	-0.925426	-0.964668	-2.565845	-1.590384	-4.935183	-0.895418	-0.259259	-1.897163	-3.682833	-0.775283
-3.167408	-2.638940	-0.921724	-0.899802	-2.307047	-1.820324	-4.915442	-0.817497	-0.492457	-1.873950	-3.728679	-0.772548
-3.154738	-2.629117	-0.918037	-1.365699	-2.173552	-1.431194	-4.395781	-0.777057	-0.607605	-2.358641	-3.744053	-0.769640
-3.142119	-2.618967	-0.914365	-1.594984	-2.102724	-1.234544	-4.128197	-0.755364	-0.663733	-2.595300	-3.744221	-0.766653
-3.129551	-2.608675	-0.910708	-1.705978	-2.063246	-1.134144	-3.986685	-0.743050	-0.690358	-2.707966	-3.736816	-0.763632
-3.117033	-2.598331	-0.907065	-1.757841	-2.539460	-1.081876	-3.908238	-0.735431	-0.202236	-2.258657	-3.225655	-0.760601
-3.104565	-2.587984	-0.903436	-1.780153	-2.771535	-1.053683	-3.861355	-0.730166	 0.041825	-2.030385	-2.964645	-0.757570
-3.092146	-2.577655	-0.899823	-1.287705	-2.381566	-1.037535	-4.330285	-0.726084	 0.163855	-2.412644	-2.828733	-0.754545
-3.079778	-2.567356	-0.896223	-1.039890	-2.182598	-1.027419	-4.555151	-0.722599	 0.224870	-2.598184	-2.755392	-0.751530
-3.067459	-2.057092	-0.892639	-1.414398	-2.079147	-1.520326	-4.658024	-1.219418	 0.255378	-2.185386	-3.213357	-0.748525
-3.055189	-1.798867	-0.889068	-1.598074	-2.023470	-1.762753	-4.699939	-1.464395	 0.270632	-1.975442	-3.434997	-0.745532
-3.042968	-2.166672	-0.885512	-1.186349	-2.491696	-1.879956	-4.711413	-1.083465	 0.278259	-1.866939	-3.038503	-0.742550
-3.030796	-2.345507	-0.881970	-0.978937	-2.719889	-1.934563	-4.707704	-0.891595	 0.282072	-1.809171	-2.834973	-0.739580
-3.018673	-2.429875	-0.878442	-0.873688	-2.828089	-1.957889	-4.696441	-0.794261	 0.283979	-1.776784	-2.727944	-0.736622
-3.006598	-1.967031	-0.874928	-1.319527	-2.876317	-1.965589	-4.681440	-0.744199	-0.215068	-2.257102	-2.669189	-0.733675
-2.994572	-1.732600	-0.871428	-1.538915	-2.894581	-1.965492	-4.664606	-0.717781	-0.463163	-2.491786	-2.634590	-0.730741
-2.982594	-2.112388	-0.867943	-1.645093	-2.897888	-1.461513	-4.146894	-0.703188	-0.085788	-2.603675	-3.112090	-0.727818
-2.970663	-2.297298	-0.864471	-1.694679	-2.893739	-1.207609	-3.880779	-0.694515	 0.102900	-2.654188	-3.343661	-0.724906
-2.958781	-1.884789	-0.861013	-1.715984	-2.385885	-1.078749	-3.740492	-0.688807	 0.197243	-2.674035	-2.952296	-0.722007
-2.946945	-1.675589	-0.857569	-1.723162	-2.128202	-1.012420	-3.663149	-0.684586	 0.244415	-2.678571	-2.751492	-0.719119
-2.935158	-2.068057	-0.854139	-1.223290	-1.995620	-0.977363	-4.117305	-1.181116	-0.231999	-2.675473	-2.645989	-0.216242
-2.923417	-2.259370	-0.850722	-0.971907	-1.925603	-0.957949	-4.335241	-1.426025	-0.468789	-2.668579	-2.588156	 0.035196
-2.911723	-1.850125	-0.847319	-1.344775	-2.386883	-0.946366	-4.435102	-1.045138	-0.085773	-2.159809	-2.554179	-0.339085
-2.900076	-1.642620	-0.843930	-1.527773	-2.611827	-0.938704	-4.475963	-0.853365	 0.105735	-1.902122	-2.532150	-0.524799
-2.888476	-1.535998	-0.840554	-1.615851	-2.718625	-0.933012	-4.487359	-0.756156	 0.201489	-1.769989	-2.516115	-0.616234
-2.876922	-1.979828	-0.837192	-1.656482	-2.266373	-0.928311	-4.484060	-0.706234	-0.250634	-2.200647	-3.003098	-0.160537
-2.865415	-2.196896	-0.833843	-1.673403	-2.036619	-0.924113	-4.473449	-0.679960	-0.475290	-2.410714	-3.239609	 0.067312
-2.853953	-2.300602	-0.830508	-1.178483	-1.918128	-0.920174	-4.459218	-1.165516	-0.586218	-2.510505	-2.850912	-0.318764
-2.842537	-2.347646	-0.827186	-0.929656	-1.855284	-0.916372	-4.443212	-1.404991	-0.640288	-2.555181	-2.651639	-0.510392
-2.831167	-2.366379	-0.823877	-0.803881	-2.320276	-1.412646	-4.426355	-1.021440	-0.165934	-2.572318	-2.547098	-0.604802
-2.819842	-2.370975	-0.820582	-0.739637	-2.547202	-1.656965	-4.409107	-0.828389	 0.071243	-2.575708	-2.489943	-0.650609
-2.808563	-1.868522	-0.817299	-0.706164	-2.155117	-1.775322	-3.891700	-0.730592	 0.189831	-2.572245	-2.456499	-0.672119
-2.797329	-1.614563	-0.814030	-0.688083	-1.955548	-1.830714	-3.626248	-0.680429	 0.249126	-2.565376	-2.434931	-0.681487
-2.786139	-1.484863	-0.810774	-0.677702	-1.852252	-1.854637	-3.486800	-0.654086	 0.278773	-2.556825	-2.419321	-0.684789
-2.774995	-1.917302	-0.807531	-0.671177	-1.797106	-1.362842	-3.410381	-0.639660	 0.293596	-2.047452	-2.406708	-0.685064
-2.763895	-2.128823	-0.804301	-0.666585	-1.766049	-1.115202	-3.365504	-0.631196	 0.301008	-1.789690	-2.395613	-0.683831
-2.752839	-1.729902	-0.801083	-0.662965	-2.247050	-1.489647	-3.336424	-0.625718	 0.304714	-1.657745	-2.885297	-0.681849
-2.741828	-1.527780	-0.797879	-0.659836	-2.482095	-1.673141	-3.315270	-0.621739	 0.306567	-1.588721	-3.123389	-0.679499
-2.730861	-1.924067	-0.794688	-1.156958	-2.094183	-1.261175	-3.798104	-0.618514	-0.192507	-2.551169	-2.735712	-0.676969
-2.719937	-2.117570	-0.791509	-1.402211	-1.896815	-1.053493	-4.030959	-0.615671	-0.440660	-3.025366	-2.537177	-0.674355
-2.709057	-1.709700	-0.788343	-1.021543	-2.294731	-0.947961	-4.138859	-0.613024	-0.063359	-2.255466	-2.433233	-0.171705
-2.698221	-1.503161	-0.785189	-0.829927	-2.488305	-0.893510	-4.184316	-0.610479	 0.125291	-1.867544	-2.376602	 0.079620
-2.687428	-1.397298	-0.782049	-0.732842	-2.579727	-0.864606	-4.198585	-0.607991	 0.219616	-1.670624	-2.343647	 0.205283
-2.676679	-1.341784	-0.778921	-0.683029	-2.620097	-0.848483	-4.197293	-0.605536	-0.233221	-2.069217	-2.322547	 0.268114
-2.665972	-1.311454	-0.775805	-0.656855	-2.634960	-0.838757	-4.188256	-0.603103	-0.458268	-2.263578	-2.307395	 0.299530
-2.655308	-1.793727	-0.772702	-0.642507	-2.137092	-0.832236	-4.175378	-1.100685	-0.569424	-2.355842	-2.295234	-0.184763
-2.644687	-2.030311	-0.769611	-0.634077	-1.884880	-0.827324	-4.160615	-1.346279	-0.623642	-2.397078	-2.284588	-0.425571
-2.634108	-1.644070	-0.766532	-0.628610	-1.755508	-0.823223	-3.644941	-1.465892	-0.649394	-1.912819	-2.274717	-0.044642
-2.623572	-1.448434	-0.763466	-0.624631	-1.687570	-0.819534	-3.380846	-1.522528	-0.660921	-1.667833	-2.265251	 0.145823
-2.613077	-1.848110	-0.760412	-1.121400	-1.650362	-0.816058	-3.742565	-1.047688	-0.165339	-1.542494	-2.256007	 0.241055
-2.602625	-2.043452	-0.757371	-1.366548	-1.628532	-0.812695	-3.915216	-0.809122	 0.082452	-1.476990	-2.246892	 0.288671
-2.592214	-2.136646	-0.754341	-1.485899	-1.614403	-0.809395	-3.993365	-0.688698	 0.206348	-1.441416	-2.237858	 0.312479
-2.581846	-2.178783	-0.751324	-1.042364	-1.604138	-1.306132	-4.024297	-0.627349	 0.268295	-1.920816	-2.228884	-0.175617
-2.571518	-2.195410	-0.748319	-0.819398	-1.595818	-1.550895	-4.031652	-0.595543	 0.299269	-2.155716	-2.219957	-0.418338
-2.561232	-1.699299	-0.745325	-1.206723	-1.588483	-1.169686	-4.027252	-0.578512	 0.314756	-2.268385	-2.211071	-0.038376
-2.550987	-1.448837	-0.742344	-1.397197	-1.581653	-0.977504	-4.017006	-0.568874	 0.322500	-2.319957	-2.202224	 0.151605
-2.540783	-1.321210	-0.739375	-0.989259	-1.575089	-0.879842	-4.003870	-0.562936	 0.326371	-1.841001	-2.193414	 0.246596
-2.530620	-1.255009	-0.736417	-0.784127	-1.568669	-0.829447	-3.989320	-0.558853	 0.328307	-1.598798	-2.184640	 0.294091
-2.520498	-1.219531	-0.733471	-0.680403	-1.562335	-0.802691	-3.474096	-0.555702	 0.329275	-1.974984	-2.175901	 0.317838
-2.510416	-1.199423	-0.730538	-0.627388	-1.556056	-0.787762	-3.210566	-0.553022	 0.329759	-2.158374	-2.167197	 0.329712
-2.500374	-1.187011	-0.727615	-0.599731	-1.549817	-0.778751	-3.072907	-0.550581	 0.330001	-2.245386	-2.158528	 0.335649
-2.490372	-1.678456	-0.724705	-0.584759	-1.543610	-1.272706	-3.498207	-0.548264	-0.169878	-2.284227	-2.149894	-0.161382
-2.480411	-1.919839	-0.721806	-0.576133	-1.537432	-1.516151	-3.703010	-0.546014	-0.418478	-2.299001	-2.141294	-0.408581
-2.470489	-2.036207	-0.718919	-1.070685	-2.031280	-1.134354	-3.297596	-0.543801	-0.041444	-1.801761	-2.132729	-0.530869
-2.460607	-2.090087	-0.716043	-1.314831	-2.273154	-0.941950	-3.089104	-0.541612	 0.147073	-1.550532	-2.124198	-0.590707
-2.450765	-2.112738	-0.713179	-1.433786	-1.889061	-0.844249	-3.479097	-0.539438	 0.241332	-1.422318	-2.115701	-0.619325
-2.440962	-2.119793	-0.710326	-1.490158	-1.694005	-0.793906	-3.666356	-0.537277	 0.288461	-1.355623	-2.107239	-0.632338
-2.431198	-1.619067	-0.707485	-1.015251	-2.093479	-0.767247	-3.752278	-0.535126	 0.312026	-1.319698	-2.098810	-0.637553
-2.421473	-1.366467	-0.704655	-0.776716	-2.288230	-0.752436	-3.787562	-0.532984	 0.323808	-1.299168	-2.090414	-0.638876
-2.411787	-1.237940	-0.701837	-0.656373	-2.380639	-0.743555	-3.797559	-0.530852	 0.329699	-1.286346	-2.082053	-0.638257
-2.402140	-1.671457	-0.699029	-1.095129	-1.921898	-0.737646	-3.294942	-0.528728	 0.332645	-1.277387	-2.073724	-0.136672
-2.392532	-1.884006	-0.696233	-1.311439	-1.689601	-0.733228	-3.038049	-0.526613	 0.334118	-1.270371	-2.065430	 0.114121
-2.382962	-1.986087	-0.693448	-0.916539	-1.570538	-1.229561	-2.904040	-1.024507	 0.334854	-1.764337	-2.057168	 0.239517
-2.373430	-2.032952	-0.690674	-0.718046	-1.508103	-1.474276	-2.831496	-1.270409	 0.335222	-2.006803	-2.048939	 0.302215
-2.363936	-2.052224	-0.687912	-1.117760	-1.473995	-1.093195	-2.789705	-1.390327	 0.335406	-1.623537	-2.040743	-0.166436
-2.354480	-2.057717	-0.685160	-1.314582	-1.454061	-0.901231	-2.763315	-1.447266	 0.335498	-1.429424	-2.032580	-0.399491
-2.345062	-2.056337	-0.682419	-0.909970	-1.441225	-0.803830	-3.244645	-1.472727	 0.335544	-1.829897	-2.024450	-0.514754
-2.335682	-2.051538	-0.679690	-0.706654	-1.431951	-0.753717	-3.477859	-1.482461	 0.335567	-2.025672	-2.016352	-0.571125
-2.326339	-2.045044	-0.676971	-0.603989	-1.424468	-0.727253	-3.587043	-1.484344	 0.335579	-2.119117	-2.008287	-0.598056
-2.317034	-2.037721	-0.674263	-0.551654	-1.417893	-0.712619	-3.134243	-1.482312	 0.335585	-1.661415	-2.000254	-0.610271
-2.307766	-2.029998	-0.671566	-0.525486	-1.411783	-0.703906	-2.902480	-1.478336	 0.335587	-1.430156	-1.992253	-0.615134
-2.298535	-1.522092	-0.668880	-1.012402	-1.405916	-0.698160	-3.281257	-0.973400	 0.335589	-1.812129	-1.984284	-0.616325
-2.289341	-1.266111	-0.666204	-1.252862	-1.400183	-0.693902	-3.463326	-0.720931	 0.335590	-1.998727	-1.976347	-0.615686
-2.280183	-1.136100	-0.663539	-1.370105	-1.394528	-1.190393	-3.547069	-0.594697	 0.335590	-1.587655	-1.968441	-0.614136
-2.271063	-1.069082	-0.660885	-1.425752	-1.388922	-1.435265	-3.581679	-0.531580	 0.335590	-1.379766	-1.960567	-0.612136
-2.261978	-1.033569	-0.658242	-0.950612	-1.383353	-1.054341	-3.091752	-0.500021	 0.335590	-1.773478	-1.952725	-0.109916
-2.252930	-1.013817	-0.655609	-0.713043	-1.377812	-0.862532	-2.841584	-0.484242	 0.335590	-1.966000	-1.944914	 0.141195
-2.243919	-1.001952	-0.652986	-0.594258	-1.372298	-1.265286	-3.211318	-0.476352	 0.335590	-1.557943	-1.937135	 0.266750
-2.234943	-0.994040	-0.650374	-0.534865	-1.366807	-1.463327	-3.389022	-0.472408	 0.335590	-1.351615	-1.929386	 0.329527
-2.226003	-0.988111	-0.647773	-0.505169	-1.361339	-1.559025	-3.470741	-0.470435	 0.335590	-1.246161	-1.921669	 0.360916
-2.217099	-0.983183	-0.645182	-0.990321	-1.355893	-1.103564	-3.504496	-0.469449	 0.335590	-1.191152	-1.913982	 0.376610
-2.208231	-0.978762	-0.642601	-1.229946	-1.350469	-0.874538	-3.514296	-0.468956	 0.335590	-1.161376	-1.906326	 0.384458
-2.199398	-0.974603	-0.640031	-0.846819	-1.345067	-0.758733	-3.012149	-0.968709	 0.335590	-1.144224	-1.898701	-0.111619
-2.190600	-0.970582	-0.637470	-0.655256	-1.339687	-0.699545	-2.756055	-1.215649	 0.335590	-1.133394	-1.891106	-0.358442
-2.181838	-0.966639	-0.634921	-0.559474	-1.334328	-1.168671	-2.623008	-0.836194	 0.335590	-1.625734	-1.883541	 0.019357
-2.173111	-0.962742	-0.632381	-0.511584	-1.328991	-1.399958	-2.551504	-0.646466	 0.335590	-1.867668	-1.876007	 0.208257
-2.164418	-0.958876	-0.629851	-0.487638	-1.323675	-1.012339	-3.010793	-1.051602	 0.335590	-1.484416	-1.868503	 0.302707
-2.155760	-0.955033	-0.627332	-0.475665	-1.318380	-0.817280	-3.233497	-1.251257	 0.335590	-1.290587	-1.861029	 0.349932
-2.147137	-0.951209	-0.624823	-0.469679	-1.313106	-0.718506	-3.337936	-1.348182	 0.335590	-1.191479	-1.853585	 0.373544
-2.138549	-0.947402	-0.622323	-0.466686	-1.307854	-0.667880	-2.883271	-0.893755	 0.335590	-1.639741	-1.846171	 0.385350
-2.129995	-0.943611	-0.619834	-0.465189	-1.302623	-0.641332	-2.651082	-0.666541	 0.335590	-1.859695	-1.838786	 0.391253
-2.121475	-1.439836	-0.617355	-0.464441	-1.297412	-0.626828	-3.030149	-0.552934	 0.335590	-1.465514	-1.831431	-0.105795
-2.112989	-1.684077	-0.614885	-0.464067	-1.292223	-0.618352	-3.212864	-0.496131	 0.335590	-1.266280	-1.824105	-0.353113
-2.104537	-1.302340	-0.612426	-0.463880	-1.287054	-1.112894	-3.297431	-0.467729	 0.335590	-1.164529	-1.816809	 0.024428
-2.096119	-1.109631	-0.609976	-0.463786	-1.281905	-1.356950	-3.332950	-0.453528	 0.335590	-1.111528	-1.809542	 0.213199
