-0.498399	-0.009338	-0.499122	-0.499126	-0.212064	-0.475509	-0.279798	 0.251031	-0.298064	-0.492799	 0.255818	-0.070929
-0.498399	-0.009338	-0.499128	-0.499126	-0.212064	-0.475509	-0.389470	 0.374527	-0.298041	-0.495718	-0.122624	-0.070923
-0.498399	-0.009338	-0.499131	-0.499126	-0.212064	-0.475509	-0.444306	 0.436276	-0.298029	-0.497178	-0.310843	-0.070920
-0.498399	-0.009338	-0.499132	-0.999126	-0.212064	-0.475509	 0.028277	-0.032850	-0.298024	-0.497908	-0.404952	-0.070918
-0.498399	-0.009338	-0.499133	-1.246128	-0.212064	-0.475509	 0.263566	-0.266409	-0.298021	-0.498273	-0.452007	-0.070918
-0.498399	-0.009338	-0.499134	-0.866643	-0.212064	-0.475509	-0.118789	-0.883189	-0.298019	-0.498455	-0.475534	-0.070917
-0.498399	-0.009338	-0.499134	-0.676900	-0.212064	-0.475509	-0.308965	-1.188578	-0.298019	-0.498546	-0.487298	-0.070917
-0.498399	-0.009338	-0.499134	-0.582028	-0.212064	-0.475509	-0.404053	-1.338285	-0.298018	-0.498592	-0.493180	-0.070917
-0.498399	-0.009338	-0.499134	-0.534593	-0.212064	-0.475509	-0.451596	-0.410163	-0.298018	-0.498615	 0.003879	-0.070917
-0.498399	-0.009338	-0.499134	-0.510875	-0.212064	-0.475509	-0.475368	 0.052862	-0.298018	-0.498626	 0.251407	-0.070917
-0.498399	-0.009338	-0.499134	-0.499016	-0.212064	-0.475509	-0.487254	-0.216657	-0.298018	-0.498632	-0.124829	-0.070917
-0.498399	-0.009338	-0.499134	-0.493087	-0.212064	-0.475509	-0.493197	-0.351416	-0.298018	-0.498635	-0.311945	-0.070917
-0.498399	-0.009338	-0.499134	-0.490122	-0.212064	-0.475509	-0.496169	-0.418796	-0.298018	 0.001364	-0.405503	-0.070917
-0.498399	-0.009338	-0.499134	-0.488639	-0.212064	-0.475509	-0.497655	-0.452486	-0.298018	 0.250361	-0.452282	-0.070917
-0.498399	-0.009338	-0.499134	-0.487898	-0.212064	-0.475509	-0.498397	-0.469331	-0.298018	-0.125141	-0.475672	-0.070917
-0.498399	-0.009338	-0.499134	-0.487528	-0.212064	-0.475509	-0.498769	-0.477753	-0.298018	-0.311891	-0.487366	-0.070917
-0.498399	-0.009338	-0.499134	-0.487342	-0.212064	-0.475509	-0.498955	-0.481965	-0.298018	-0.405266	-0.493214	-0.070917
-0.498399	-0.009338	-0.499134	-0.487250	-0.212064	-0.475509	-0.499047	-0.484070	-0.298018	-0.451953	-0.496137	-0.070917
-0.498399	-0.009338	-0.499134	-0.487203	-0.212064	-0.475509	-0.499094	-0.485123	-0.298018	-0.475297	-0.497599	-0.070917
-0.498399	-0.009338	-0.499134	-0.487180	-0.212064	-0.475509	-0.499117	-0.485649	-0.298018	-0.486968	-0.498330	-0.070917
-0.498399	-0.009338	-0.499134	-0.487169	-0.212064	-0.475509	-0.499129	-0.485913	-0.298018	-0.492804	-0.498696	-0.070917
-0.498399	-0.009338	-0.499134	-0.487163	-0.212064	-0.475509	-0.499134	-0.486044	-0.298018	 0.004278	-0.498878	-0.070917
-0.498399	-0.009338	-0.499134	-0.487160	-0.212064	-0.475509	-0.499137	-0.486110	-0.298018	 0.251816	-0.498970	-0.070917
-0.498399	-0.009338	-0.499134	-0.487159	-0.212064	-0.475509	 0.000861	-0.486143	-0.298018	-0.124415	-0.499015	-0.070917
-0.498399	-0.009338	-0.499134	-0.487158	-0.212064	-0.475509	 0.249859	-0.486159	-0.298018	-0.311529	-0.499038	-0.070917
-0.498399	-0.009338	-0.499134	-0.487157	-0.212064	-0.475509	 0.374358	-0.486168	-0.298018	-0.405086	-0.499050	-0.070917
-0.498399	-0.009338	-0.499134	-0.487157	-0.212064	-0.475509	-0.063393	-0.486172	-0.298018	-0.451865	-0.499055	-0.070917
-0.498399	-0.009338	-0.499134	-0.487157	-0.212064	-0.475509	-0.281266	-0.486174	-0.298018	-0.475254	-0.499058	-0.070917
-0.498399	-0.009338	-0.999134	-0.487157	-0.212064	-0.475509	 0.109797	 0.013825	-0.298018	-0.486949	 0.000940	-0.570917
-0.498399	-0.009338	-1.246136	-0.487157	-0.212064	-0.475509	 0.304327	 0.262797	-0.298018	-0.492796	 0.249938	-0.818775
-0.498399	-0.009338	-0.866650	-0.487157	-0.212064	-0.475509	 0.401592	-0.113741	-0.298018	-0.495720	 0.374436	-0.440571
-0.498399	-0.009338	-0.676907	-0.487157	-0.212064	-0.475509	 0.450225	-0.302009	-0.298018	-0.497181	 0.436686	-0.251469
-0.498399	-0.009338	-0.082036	-0.487157	-0.212064	-0.475509	 0.474541	-0.396144	-0.298018	-0.497912	 0.467810	-0.156918
-0.498399	-0.009338	 0.214374	-0.487157	-0.212064	-0.475509	 0.486699	-0.443211	-0.298018	-0.498278	 0.483373	-0.109642
-0.498399	-0.009338	 0.361557	-0.487157	-0.212064	-0.475509	 0.492778	-0.466745	-0.298018	-0.498460	 0.491154	-0.086005
-0.498399	-0.009338	 0.434132	 0.012843	-0.212064	 0.024491	-0.004182	-0.478511	-0.298018	-0.498552	 0.495045	-0.074186
-0.498399	-0.009338	 0.469405	 0.261817	-0.212064	 0.273442	-0.251660	-0.484395	-0.298018	-0.498598	 0.496990	-0.068276
-0.498399	-0.009338	 0.486033	-0.114717	-0.212064	-0.103127	-0.375399	-0.487337	-0.298018	 0.001380	 0.497963	-0.065322
-0.498399	-0.009338	 0.493341	-0.302984	-0.212064	-0.291412	-0.437268	-0.488807	-0.298018	 0.250366	 0.498449	-0.063844
-0.498399	-0.009338	 0.495994	 0.602882	 0.787936	 0.114446	 0.531797	 0.010457	 0.201982	 0.374858	 0.998692	 0.436895
-0.498399	-0.009338	 0.497321	 1.052798	 1.284360	 0.316334	 1.013328	 0.259070	 0.450578	 0.437105	 1.245816	 0.685389
-0.498399	-0.009338	 0.497984	 0.774750	 1.029010	 0.416242	 0.251103	 0.382361	 0.073478	 0.468228	 0.866392	 0.307768
-0.498399	-0.009338	 0.498315	 0.635726	 0.899788	 0.465163	-0.128986	 0.442995	-0.115072	 0.483790	 0.676680	 0.118958
-0.498399	-0.009338	 0.498481	 0.566214	 0.833636	 0.488596	-0.318013	 0.472305	-0.209347	 0.491571	 0.581824	 0.024552
-0.498399	-0.009338	 0.498564	 0.531458	 0.799025	 0.499288	 0.088487	 0.485957	-0.256485	-0.004539	 0.534396	-0.022650
-0.498399	-0.009338	 0.498606	 0.514080	 0.780191	 0.503614	 0.291738	 0.492783	-0.280054	-0.251593	 0.510682	-0.046252
-0.498399	-0.009338	 0.498626	 0.505391	 0.769251	 0.504761	 0.393363	 0.496196	-0.291838	 0.124881	 0.498825	-0.058052
-0.498399	-0.009338	 0.498637	 0.501047	 0.762264	 0.504323	 0.444175	 0.497902	-0.297730	 0.312115	 0.492896	-0.063953
-0.498399	-0.009338	 0.498642	 0.498875	 0.757260	 0.503096	 0.469582	-0.001245	 0.199324	 0.405732	 0.489932	-0.066903
-0.498399	-0.009338	 0.498644	 0.497789	 0.753254	 0.501479	 0.482285	-0.249817	 0.446458	 0.452540	 0.488450	-0.068378
-0.498399	-0.009338	 0.498646	 0.497246	 0.749752	 0.500670	 0.488637	-0.374104	 0.068638	 0.475944	 0.487709	-0.069115
-0.498399	-0.009338	 0.498646	 0.496974	 0.746509	 0.500266	 0.491812	-0.436247	-0.120272	 0.487646	 0.487338	-0.069484
-0.498399	-0.009338	 0.498647	 0.496838	 0.743401	 0.500064	 0.493400	-0.467318	-0.214727	 0.493497	 0.487153	-0.069668
-0.498399	-0.009338	 0.498647	 0.496770	 0.740366	 0.499963	 0.494194	 0.017146	-0.261955	-0.003577	 0.487060	-0.069761
-0.498399	-0.009338	 0.498647	 0.496736	 0.737374	 0.499912	 0.494591	 0.258375	-0.285569	-0.251113	 0.487014	-0.069807
-0.498399	-0.009338	 0.498647	 0.496719	 0.734409	 0.499887	 0.494790	 0.378989	-0.297375	-0.374881	 0.486991	-0.069830
-0.498399	-0.009338	 0.498647	 0.496711	 0.731464	 0.499875	 0.494889	 0.439296	-0.303279	-0.436765	 0.486979	-0.069841
-0.498399	-0.009338	 0.498647	 0.496707	 0.728534	 0.499868	 0.494938	-0.030550	-0.306231	 0.032293	 0.486973	-0.069847
-0.498399	-0.009338	 0.498647	 0.496705	 0.725618	 0.499865	 0.494963	-0.264472	-0.307706	 0.265819	 0.486971	-0.069850
-0.498399	-0.009338	 0.498647	 0.496704	 0.222715	-0.000137	 0.494976	-0.381434	-0.308444	-0.117417	 0.486969	-0.069851
-0.498399	-0.009338	 0.498647	 0.496703	-0.028737	-0.249137	 0.494982	-0.439914	-0.308813	-0.308035	 0.486968	-0.069852
-0.498399	-0.009338	 0.498647	 0.496703	-0.154463	-0.373637	 0.494985	-0.469154	-0.308998	-0.403343	 0.486968	-0.069852
-0.498399	-0.009338	 0.498647	 0.496703	-0.217326	 0.064113	 0.494987	-0.483775	-0.309090	 0.049003	 0.486968	-0.069853
-0.498399	-0.009338	 0.498647	 0.496703	-0.248757	 0.281984	 0.494987	-0.491085	-0.309136	 0.274173	 0.486968	-0.069853
-0.498399	-0.009338	 0.498647	-0.003297	-0.264473	-0.109081	 0.494988	-0.494740	-0.309159	-0.113242	 0.486968	-0.069853
-0.498399	-0.009338	 0.498647	-0.252291	-0.272331	-0.303613	 0.494988	-0.496567	-0.309171	-0.305948	 0.486968	-0.069853
-0.498399	-0.009338	 0.498647	-0.375785	-0.276260	 0.099122	 0.494988	-0.497481	-0.309177	 0.097699	 0.486968	 0.430147
-0.498399	-0.009338	 0.498647	-0.437532	-0.278224	 0.299485	 0.494988	-0.497938	-0.309179	 0.298519	 0.486968	 0.678287
-0.498399	-0.009338	 0.498647	-0.468406	-0.279206	 0.399667	 0.494988	 0.001834	-0.309181	 0.398930	 0.486968	 0.300504
-0.498399	-0.009338	 0.498647	-0.483842	-0.279698	 0.449757	 0.494988	 0.250716	-0.309182	 0.449135	 0.486968	 0.111612
-0.498399	-0.009338	 0.498647	-0.491561	-0.279943	 0.474803	 0.494988	 0.375158	-0.309182	 0.474238	 0.486968	 0.017167
 0.001601	 0.490662	 0.498647	 0.004580	 0.219934	-0.012675	 0.494988	 0.437378	 0.190818	 0.486789	 0.486968	 0.469944
 0.250598	 0.738680	 0.498647	 0.251649	 0.468433	-0.255413	 0.494988	 0.468489	 0.439436	 0.493065	 0.486968	 0.694487
-0.124903	 0.360716	 0.498647	-0.124817	 0.091249	 0.123218	 0.494988	 0.484044	 0.562369	 0.496202	 0.486968	 0.304920
-0.311653	 0.171734	 0.498647	-0.312047	-0.097343	 0.311530	 0.494988	 0.491821	 0.622465	 0.497771	 0.486968	 0.110137
-0.405028	 0.077243	 0.498647	-0.405662	-0.191640	-0.094314	 0.494988	 0.495710	 0.151148	 0.498556	 0.486968	 0.012745
-0.451716	 0.029998	 0.498647	-0.452469	-0.238788	-0.296236	 0.494988	 0.497654	-0.084511	 0.498948	 0.486968	-0.035950
-0.475060	 0.006375	 0.498647	-0.475873	-0.262362	-0.397197	 0.494988	-0.001373	-0.202340	-0.000856	-0.013032	-0.060298
-0.486732	-0.005436	 0.498647	-0.487575	-0.274149	-0.447678	 0.494988	-0.249886	-0.261255	-0.249757	-0.262006	-0.072472
-0.492568	-0.011342	 0.498647	-0.493426	-0.280042	-0.472918	 0.494988	-0.374143	-0.290712	-0.374207	-0.385471	-0.078559
-0.495485	-0.014295	-0.001353	-0.496351	-0.282989	-0.485538	 0.494988	 0.063729	-0.305441	 0.063568	 0.053814	-0.081603
-0.496944	-0.015771	-0.250350	-0.497814	-0.284462	-0.491848	 0.494988	 0.281661	-0.312805	 0.281453	 0.273457	-0.083124
-0.497674	-0.016509	-0.374849	-0.498546	-0.285199	-0.495003	 0.494988	-0.109372	-0.316487	 0.390395	 0.383278	-0.083885
-0.498039	-0.016879	-0.437098	-0.498911	-0.285567	-0.496580	 0.494988	-0.303888	-0.318328	 0.444866	 0.438189	-0.084266
-0.498221	-0.017063	-0.468223	-0.499094	-0.285751	-0.497369	-0.005012	 0.098854	-0.319249	-0.027898	-0.034356	-0.084456
-0.498312	-0.017155	-0.483785	-0.499186	-0.285844	-0.497764	-0.254002	 0.299222	-0.319709	-0.263279	-0.269614	-0.084551
-0.498358	-0.017202	 0.008434	-0.499231	-0.285890	-0.497961	-0.377491	-0.100595	-0.319939	-0.380969	 0.113766	-0.084599
-0.498381	-0.017225	 0.253542	-0.499254	-0.285913	-0.498059	-0.438233	-0.299502	-0.320054	-0.439815	 0.305456	-0.084622
-0.498392	-0.017236	-0.123904	-0.499266	-0.285924	-0.498109	-0.468605	-0.398955	-0.320112	 0.030763	 0.401301	-0.084634
-0.498398	-0.017242	-0.311625	-0.499271	-0.285930	-0.498133	-0.483790	-0.448682	-0.320140	 0.265049	 0.449224	-0.084640
-0.498401	-0.017245	-0.405485	-0.499274	-0.285933	-0.498146	-0.491383	-0.473546	-0.320155	 0.382192	 0.473185	-0.084643
-0.498402	-0.017246	-0.452415	-0.499276	-0.285934	-0.498152	 0.004820	-0.485977	-0.320162	 0.440763	-0.014834	-0.084645
-0.498403	-0.017247	-0.475880	-0.499276	-0.285935	-0.498155	 0.251920	-0.492193	-0.320166	 0.470049	-0.257838	-0.084645
-0.498403	-0.017247	-0.487612	-0.499277	-0.285935	-0.498156	-0.124530	-0.495301	-0.320167	-0.015308	 0.121662	-0.084646
-0.498403	-0.017248	-0.493479	-0.499277	-0.285935	-0.498157	-0.311753	-0.496855	-0.320168	-0.256985	 0.310409	-0.084646
-0.498403	-0.017248	-0.496412	-0.499277	-0.285936	-0.498158	-0.405365	-0.497632	-0.320169	-0.377824	 0.404783	-0.084646
-0.498403	-0.017248	-0.497878	-0.499277	-0.285936	-0.498158	-0.452170	-0.498021	-0.320169	-0.438243	 0.451970	-0.084646
-0.498403	-0.017248	-0.498612	-0.499277	-0.285936	-0.498158	-0.475573	 0.001785	-0.320169	 0.031547	-0.024437	-0.084646
-0.498403	-0.017248	-0.498978	-0.499277	-0.285936	-0.498158	-0.487275	 0.250685	-0.320169	 0.265440	-0.261638	-0.084646
-0.498403	-0.017248	-0.499161	-0.499277	-0.285936	-0.498158	-0.493125	 0.375135	-0.320169	 0.382386	-0.380239	-0.084646
-0.498403	-0.017248	-0.499253	-0.499277	-0.285936	-0.498158	-0.496051	-0.062640	-0.320169	-0.059141	 0.060460	-0.084646
-0.498403	-0.017248	-0.499299	-0.499277	-0.285936	-0.498158	-0.497513	-0.280527	-0.320169	-0.278903	 0.279808	-0.084646
-0.498403	-0.017248	-0.499322	-0.499277	-0.285936	-0.498158	-0.498245	-0.389470	-0.320169	-0.388784	 0.389482	-0.084646
-0.498403	-0.017248	-0.499333	-0.499277	-0.285936	-0.498158	-0.498610	-0.443942	-0.320169	-0.443725	 0.444319	-0.084646
-0.498403	-0.017248	-0.499339	-0.499277	-0.285936	-0.498158	-0.498793	 0.028822	-0.320169	-0.471195	-0.028263	-0.084646
-0.498403	-0.017248	-0.499342	-0.499277	-0.285936	-0.498158	-0.498885	 0.264201	-0.320169	-0.484930	-0.263552	-0.084646
-0.498403	-0.017248	-0.499343	-0.499277	-0.285936	-0.498158	 0.001070	-0.118110	-0.320169	-0.491798	 0.118803	-0.084646
-0.498403	-0.017248	-0.499344	-0.499277	-0.285936	-0.498158	 0.250045	-0.308264	-0.320169	-0.495231	 0.308979	-0.084646
-0.498403	-0.017248	-0.499344	-0.499277	-0.285936	-0.498158	 0.374532	-0.403341	-0.320169	-0.496948	 0.404066	-0.084646
-0.498403	-0.017248	-0.499345	-0.499277	-0.285936	-0.498158	 0.436776	-0.450880	-0.320169	 0.002193	 0.451610	-0.084646
-0.498403	-0.017248	-0.499345	-0.499277	-0.285936	-0.498158	 0.467898	-0.474649	-0.320169	 0.250761	 0.475382	-0.084646
-0.498403	-0.017248	-0.499345	-0.499277	-0.285936	-0.498158	-0.016541	-0.486534	-0.320169	 0.375045	 0.487268	-0.084646
-0.498403	-0.017248	-0.499345	-0.499277	-0.285936	-0.498158	-0.257759	-0.492476	-0.320169	 0.437187	 0.493211	-0.084646
-0.498403	-0.017248	-0.499345	-0.499277	-0.285936	-0.498158	-0.378368	-0.495447	-0.320169	-0.031742	 0.496183	-0.084646
-0.498403	-0.017248	-0.499345	-0.499277	-0.285936	-0.498158	-0.438672	-0.496933	-0.320169	-0.265205	 0.497668	-0.084646
-0.498403	-0.017248	-0.499345	-0.499277	-0.285936	-0.498158	-0.468824	 0.002324	-0.320169	-0.381936	-0.001589	-0.084646
-0.498403	-0.017248	-0.499345	-0.499277	-0.285936	-0.498158	-0.483900	 0.250950	-0.320169	-0.440302	-0.250216	-0.084646
-0.498403	-0.017248	-0.499345	-0.499277	-0.285936	-0.498158	-0.491438	 0.375263	-0.320169	-0.469485	-0.374529	-0.084646
-0.498403	-0.017248	-0.499345	-0.499277	-0.285936	-0.498158	-0.495207	-0.062581	-0.320169	 0.015924	-0.436686	-0.084646
-0.498403	-0.017248	-0.499345	-0.499277	-0.285936	-0.498158	-0.497092	-0.280502	-0.320169	 0.257625	-0.467764	-0.084646
-0.498403	-0.017248	-0.499345	-0.499277	-0.285936	-0.498158	 0.001966	-0.389463	-0.320169	-0.121524	 0.016697	-0.084646
-0.498403	-0.017248	-0.499345	-0.499277	-0.285936	-0.498158	 0.250493	-0.443943	-0.320169	-0.310097	 0.257925	-0.084646
-0.498403	-0.017248	-0.499345	-0.499277	-0.285936	-0.498158	 0.374756	-0.471183	-0.320169	-0.404384	-0.121461	-0.084646
-0.498403	-0.017248	-0.499345	-0.499277	-0.285936	-0.498158	 0.436888	-0.484803	-0.320169	-0.451527	-0.310152	-0.084646
-0.498403	-0.017248	-0.499345	-0.499277	-0.285936	-0.498158	-0.032046	-0.491613	-0.320169	-0.475099	-0.404498	-0.084646
-0.498403	-0.017248	-0.499345	-0.499277	-0.285936	-0.498158	-0.265511	-0.495018	-0.320169	-0.486885	-0.451671	-0.084646
-0.498403	-0.017248	-0.499345	-0.499277	-0.285936	-0.498158	-0.382244	-0.496721	-0.320169	-0.492778	-0.475257	-0.084646
-0.498403	-0.017248	-0.499345	-0.499277	-0.285936	-0.498158	-0.440610	-0.497572	-0.320169	-0.495724	-0.487050	-0.084646
-0.498403	-0.017248	-0.499345	-0.499277	-0.285936	-0.498158	-0.469793	-0.497997	-0.320169	-0.497197	-0.492947	-0.084646
-0.498403	-0.017248	-0.499345	-0.999277	-0.285936	-0.498158	 0.015615	-0.498210	-0.320169	 0.002066	-0.495895	-0.084646
-0.498403	-0.017248	-0.499345	-1.246278	-0.285936	-0.498158	 0.257317	-0.498317	-0.320169	 0.250695	-0.497370	-0.084646
-0.498403	-0.017248	-0.499345	-0.866793	-0.285936	-0.498158	-0.121832	-0.498370	-0.320169	-0.124990	 0.001893	-0.084646
-0.498403	-0.017248	-0.499345	-0.677050	-0.285936	-0.498158	-0.310404	-0.498396	-0.320169	-0.311832	 0.250523	-0.084646
-0.498403	-0.017248	-0.499345	-0.582178	-0.285936	-0.498158	 0.095310	-0.498410	-0.320169	-0.405252	 0.374837	-0.084646
-0.498403	-0.017248	-0.499345	-0.534742	-0.285936	-0.498158	 0.297164	-0.498416	-0.320169	-0.451963	 0.436994	-0.084646
-0.498403	-0.017248	-0.499345	-0.511025	-0.285936	-0.498158	 0.398092	-0.498420	-0.320169	-0.475318	 0.468073	-0.084646
-0.498403	-0.017248	-0.499345	-0.499166	-0.285936	-0.498158	-0.051444	-0.498421	-0.320169	-0.486996	-0.016388	-0.084646
-0.498403	-0.017248	-0.499345	-0.493236	-0.285936	-0.498158	-0.275211	-0.498422	-0.320169	-0.492834	-0.257616	-0.084646
-0.498403	-0.017248	-0.499345	-0.990271	-0.285936	-0.498158	-0.387094	-0.498423	-0.320169	 0.004246	 0.121769	-0.084646
-0.498403	-0.017248	-0.499345	-1.235814	-0.285936	-0.498158	-0.443035	-0.498423	-0.320169	 0.251784	 0.310460	-0.084646
-0.498403	-0.017248	-0.499345	-0.855623	-0.285936	-0.498158	-0.471006	-0.498423	-0.320169	-0.124447	-0.095195	-0.084646
-0.498403	-0.017248	-0.499345	-0.665528	-0.285936	-0.498158	-0.484991	-0.498423	-0.320169	-0.311562	-0.297020	-0.084646
-0.498403	-0.017248	-0.499345	-0.570480	-0.285936	-0.498158	 0.008016	-0.498423	-0.320169	 0.094881	-0.397933	-0.084646
-0.498403	-0.017248	-0.499345	-0.522956	-0.285936	-0.498158	 0.253517	-0.498423	-0.320169	 0.297100	-0.448390	-0.084646
-0.498403	-0.017248	-0.499345	-0.499194	-0.285936	-0.498158	 0.376268	-0.498423	-0.320169	 0.398210	-0.473618	-0.084646
-0.498403	-0.017248	-0.499345	-0.487313	-0.285936	-0.498158	-0.062356	-0.498423	-0.320169	-0.551236	-0.486232	-0.084646
-0.498403	-0.017248	-0.499345	-0.481373	-0.285936	-0.498158	-0.280667	-0.498423	-0.320169	-1.022957	-0.492539	-0.084646
-0.498403	-0.017248	-0.499345	-0.478402	-0.285936	-0.498158	-0.389822	-0.498423	-0.320169	-0.755828	 0.004307	-0.084646
-0.498403	-0.017248	-0.499345	-0.476917	-0.285936	-0.498158	-0.444399	-0.498423	-0.320169	-0.622264	 0.251728	-0.084646
-0.498403	-0.017248	-0.499345	-0.476175	-0.285936	-0.498158	-0.471688	-0.498423	-0.320169	-0.555482	 0.375439	-0.084646
-0.498403	-0.017248	-0.499345	-0.475803	-0.285936	-0.498158	-0.485333	-0.498423	-0.320169	-0.522091	 0.437294	-0.084646
-0.498403	-0.017248	-0.499345	-0.475618	-0.285936	-0.498158	-0.492155	-0.498423	-0.320169	-0.505395	-0.031778	-0.084646
-0.498403	-0.017248	-0.499345	-0.475525	-0.285936	-0.498158	-0.495566	-0.498423	-0.320169	-0.497047	-0.265313	-0.084646
-0.498403	-0.017248	-0.499345	-0.475478	-0.285936	-0.498158	-0.497271	-0.498423	-0.320169	-0.492873	-0.382080	-0.084646
-0.498403	-0.017248	-0.499345	-0.475455	-0.285936	-0.498158	 0.001876	-0.498423	-0.320169	-0.490787	-0.440464	-0.084646
-0.498403	-0.017248	-0.499345	-0.475444	-0.285936	-0.498158	 0.250447	-0.498423	-0.320169	-0.489743	-0.469656	-0.084646
-0.498403	-0.017248	-0.499345	-0.475438	-0.285936	-0.498158	-0.125267	-0.498423	-0.320169	 0.010779	 0.015749	-0.084646
-0.498403	-0.017248	-0.499345	-0.475435	-0.285936	-0.498158	-0.312122	-0.498423	-0.320169	 0.260017	 0.257448	-0.084646
-0.498403	-0.017248	-0.499345	-0.475434	-0.285936	-0.998158	-0.405550	-0.498423	-0.320169	 0.383618	-0.121702	-0.084646
-0.498403	-0.017248	-0.499345	-0.475433	-0.285936	-1.245162	-0.452263	-0.498423	-0.320169	 0.444403	-0.310275	-0.084646
-0.498403	-0.017248	-0.499345	-0.475432	-0.285936	-0.865679	-0.475620	-0.498423	-0.320169	-0.026214	-0.404562	-0.084646
-0.498403	-0.017248	-0.499345	-0.475432	-0.285936	-0.675938	-0.487299	-0.498423	-0.320169	-0.261523	-0.451705	-0.084646
-0.498403	-0.017248	-0.499345	-0.475432	-0.285936	-0.581067	-0.493138	-0.498423	-0.320169	-0.379177	-0.475277	-0.084646
-0.498403	-0.017248	 0.000655	-0.475432	-0.285936	-0.533632	-0.496058	-0.498423	-0.320169	-0.438004	-0.487063	-0.084646
-0.498403	-0.017248	 0.249654	-0.475432	-0.285936	-0.509914	-0.497517	-0.498423	-0.320169	-0.467418	-0.492956	-0.084646
-0.498403	-0.017248	-0.125847	-0.475432	-0.285936	-0.498056	-0.498247	-0.498423	-0.320169	-0.482125	-0.495902	-0.084646
-0.498403	-0.017248	-0.312594	-0.475432	-0.285936	-0.492126	-0.498612	-0.498423	-0.320169	-0.489478	-0.497375	-0.084646
-0.498403	-0.017248	-0.405968	-0.475432	-0.285936	-0.489161	-0.498795	-0.498423	-0.320169	 0.006845	-0.498112	-0.084646
-0.498403	-0.017248	-0.452655	-0.475432	-0.285936	-0.487679	-0.498886	-0.498423	-0.320169	 0.254001	-0.498480	-0.084646
-0.498403	-0.017248	-0.475999	-0.475432	-0.285936	-0.486938	 0.001068	-0.498423	-0.320169	-0.123424	-0.498664	-0.084646
-0.498403	-0.017248	-0.487670	-0.475432	-0.285936	-0.486567	 0.250044	-0.498423	-0.320169	-0.311135	-0.498756	-0.084646
-0.498403	-0.017248	-0.493506	-0.475432	-0.285936	-0.486382	 0.374531	-0.498423	-0.320169	 0.095010	-0.498803	-0.084646
-0.498403	-0.017248	-0.496424	-0.475432	-0.285936	-0.486289	 0.436775	-0.498423	-0.320169	 0.297080	-0.498826	-0.084646
-0.498403	-0.017248	-0.497883	-0.475432	-0.285936	-0.486243	 0.467897	-0.498423	-0.320169	 0.398115	-0.498837	-0.084646
-0.498403	-0.017248	-0.498613	-0.475432	-0.285936	-0.486220	 0.483458	-0.498423	-0.320169	 0.448633	-0.498843	-0.084646
-0.498403	-0.017248	-0.498977	-0.475432	-0.285936	-0.486208	 0.491238	-0.498423	-0.320169	 0.473891	-0.498846	-0.084646
-0.498403	-0.017248	 0.000840	-0.475432	-0.285936	-0.486202	-0.004872	-0.498423	-0.820169	-0.013479	-0.498847	-0.084646
-0.498403	-0.017248	 0.249748	-0.475432	-0.285936	-0.486200	-0.251924	-0.498423	-1.067529	-0.256163	-0.498848	-0.084646
-0.498403	-0.017248	-0.125798	-0.475432	-0.285936	-0.486198	 0.124549	-0.498423	-0.688579	 0.122495	-0.498848	-0.084646
-0.498403	-0.017248	-0.312569	-0.475432	-0.285936	-0.486197	 0.311784	-0.498423	-0.499104	 0.310822	-0.498848	-0.084646
-0.498403	-0.017248	-0.405954	-0.475432	-0.285936	-0.486197	 0.405401	-0.498423	-0.404367	 0.404985	-0.498848	-0.084646
-0.498403	-0.017248	-0.452647	-0.975432	-0.285936	-0.486197	 0.452210	-0.998423	-0.356998	-0.047933	-0.498849	-0.084646
-0.498403	-0.017248	-0.475993	-1.222481	-0.285936	-0.486197	 0.475614	-1.245426	-0.333313	-0.273390	-0.498849	-0.084646
-0.498403	-0.017248	-0.487666	-1.343067	-0.285936	-0.486197	 0.487316	-1.365943	-0.321471	-0.386119	-0.498849	-0.084646
-0.498403	-0.017248	-0.493503	-0.900432	-0.285936	-0.486197	-0.006833	-0.923228	-0.315550	-0.442483	 0.001151	-0.084646
-0.498403	-0.017248	-0.496421	-0.679115	-0.285936	-0.486197	-0.252905	-0.701871	-0.312590	-0.470666	 0.250149	-0.084646
-0.498403	-0.017248	-0.497880	-0.568456	-0.285936	-0.486197	-0.375941	-0.591192	-0.311109	 0.015243	-0.125352	-0.084646
-0.498403	-0.017248	-0.498610	-0.513127	-0.285936	-0.486197	-0.437459	-0.535853	-0.310369	 0.257195	-0.312101	-0.084646
-0.498403	-0.017248	-0.498975	-0.985462	-0.285936	-0.486197	-0.468218	-0.508183	-0.309999	-0.121828	 0.094525	-0.084646
-0.498403	-0.017248	-0.499157	-1.218714	-0.285936	-0.486197	-0.483598	-0.494349	-0.309814	-0.310339	 0.296835	-0.084646
-0.498403	-0.017248	-0.499248	-0.832436	-0.285936	-0.486197	-0.491288	-0.487431	-0.309722	-0.404594	-0.102010	-0.084646
-0.498403	-0.017248	-0.499294	-0.639297	-0.285936	-0.486197	-0.495133	-0.483972	-0.309675	-0.451721	-0.300430	-0.084646
-0.498403	-0.017248	-0.499316	-0.542728	-0.285936	-0.486197	-0.497055	-0.482243	-0.309652	-0.475285	-0.399641	-0.084646
-0.498403	-0.017248	-0.499328	-0.494443	-0.285936	-0.486197	 0.001984	-0.481378	-0.309641	-0.487067	-0.449246	-0.084646
-0.498403	-0.017248	-0.499334	-0.470301	-0.285936	-0.486197	 0.250501	-0.480946	-0.309635	-0.492958	-0.474048	-0.084646
-0.498403	-0.017248	-0.499336	-0.458230	-0.285936	-0.486197	-0.125240	-0.480730	-0.309632	-0.495904	-0.486450	-0.084646
-0.498403	-0.017248	-0.499338	-0.452194	-0.285936	-0.486197	-0.312109	-0.480622	-0.309630	-0.497376	-0.492650	-0.084646
-0.498403	-0.017248	-0.499339	-0.449176	-0.285936	-0.486197	 0.094457	-0.480568	-0.309630	 0.001887	-0.495751	-0.084646
-0.498403	-0.017248	-0.499339	-0.447667	-0.285936	-0.486197	 0.296737	-0.480541	-0.309629	 0.250517	-0.497301	-0.084646
-0.498403	-0.017248	-0.499339	-0.446913	-0.285936	-0.486197	-0.102122	-0.480527	-0.309629	-0.125168	 0.001924	-0.084646
-0.498403	-0.017248	-0.499339	-0.446536	-0.285936	-0.486197	-0.300550	-0.480521	-0.309629	-0.312009	 0.250534	-0.084646
-0.498403	-0.017248	-0.499339	-0.446347	-0.285936	-0.486197	-0.399764	-0.480517	-0.309629	-0.405430	 0.374839	-0.084646
-0.498403	-0.017248	-0.499339	-0.446253	-0.285936	-0.486197	-0.449371	-0.480515	-0.309629	-0.452140	-0.063008	-0.084646
-0.498403	-0.017248	-0.499339	-0.446206	-0.285936	-0.486197	-0.474174	-0.480515	-0.309629	-0.475495	-0.280930	-0.084646
-0.498403	-0.017248	-0.499339	-0.446182	-0.285936	-0.486197	-0.486576	-0.480514	-0.309629	 0.012827	-0.389891	-0.084646
-0.498403	-0.017248	-0.499339	-0.446170	-0.285936	-0.486197	-0.492777	-0.480514	-0.309629	 0.255986	-0.444372	-0.084646
-0.498403	-0.017248	-0.499339	-0.446164	-0.285936	-0.486197	-0.495877	-0.480514	-0.809629	-0.122434	-0.471612	-0.084646
-0.498403	-0.017248	-0.499339	-0.446161	-0.285936	-0.486197	-0.497428	-0.480514	-1.057010	-0.310643	-0.485232	-0.084646
-0.498403	-0.017248	-0.499339	-0.446160	-0.285936	-0.486197	-0.498203	-0.480514	-0.678091	-0.404747	 0.007958	-0.084646
-0.498403	-0.017248	-0.499339	-0.446159	-0.285936	-0.486197	-0.498590	-0.480514	-0.488632	-0.451799	 0.253551	-0.084646
-0.498403	-0.017248	-0.499339	-0.446159	-0.285936	-0.486197	-0.498784	-0.480514	-0.393903	-0.475325	 0.376347	-0.084646
-0.498403	-0.017248	-0.499339	-0.946159	-0.285936	-0.486197	-0.498881	-0.480514	-0.346538	-0.487088	-0.062255	-0.084646
-0.498403	-0.017248	-0.499339	-1.193266	-0.285936	-0.486197	-0.498929	-0.480514	-0.322855	-0.492970	-0.280554	-0.084646
-0.498403	-0.017248	-0.499339	-0.813939	-0.285936	-0.486197	 0.001046	-0.480514	-0.311014	-0.495911	-0.389704	-0.084646
-0.498403	-0.017248	-0.499339	-0.624276	-0.285936	-0.486197	 0.250032	-0.480514	-0.305094	-0.497381	-0.444278	-0.084646
-0.498403	-0.017248	-0.499339	-0.529444	-0.285936	-0.486197	 0.374525	-0.480514	-0.302133	 0.001884	-0.471566	-0.084646
-0.498403	-0.017248	-0.499339	-0.482028	-0.285936	-0.486197	 0.436772	-0.480514	-0.300653	 0.250514	-0.485210	-0.084646
-0.498403	-0.017248	-0.499339	-0.458320	-0.285936	-0.486197	-0.032105	-0.980514	-0.299913	-0.125171	 0.007969	-0.084646
-0.498403	-0.017248	-0.499339	-0.446466	-0.285936	-0.486197	-0.265542	-1.227553	-0.299543	-0.312012	 0.253555	-0.084646
-0.498403	-0.017248	-0.499339	-0.440539	-0.285936	-0.486197	-0.382260	-1.348123	-0.299358	-0.405432	 0.376349	-0.084646
-0.498403	-0.017248	-0.999339	-0.437576	-0.285936	-0.486197	 0.059381	-0.905471	-0.299265	-0.452142	 0.437745	-0.084646
-0.498403	-0.017248	-1.246341	-0.436094	-0.285936	-0.486197	 0.279200	-0.684145	-0.299219	-0.475497	 0.468444	-0.084646
-0.498403	-0.017248	-0.866855	-0.435353	-0.285936	-0.486197	-0.110891	-0.573482	-0.299196	-0.487175	-0.016207	-0.084646
-0.498403	-0.017248	-0.677112	-0.434983	-0.285936	-0.486197	-0.304935	-0.518150	-0.299185	-0.493014	-0.257531	-0.084646
-0.498403	-0.017248	-0.582240	-0.434798	-0.285936	-0.486197	-0.401956	-0.490484	-0.299179	-0.495933	 0.121807	-0.084646
-0.498403	-0.017248	-0.534804	-0.434705	-0.285936	-0.486197	-0.450467	-0.476651	-0.299176	-0.497393	 0.310474	-0.084646
-0.498403	-0.017248	-0.511086	-0.434659	-0.285936	-0.486197	-0.474723	-0.469735	-0.299174	-0.498123	-0.095192	-0.084646
-0.498403	-0.017248	-0.499228	-0.434636	-0.285936	-0.486197	-0.486850	-0.466277	-0.299174	-0.498488	-0.297024	-0.084646
-0.498403	-0.017248	-0.493298	-0.434624	-0.285936	-0.486197	-0.492914	-0.464548	-0.299173	-0.498670	-0.397940	-0.084646
-0.498403	-0.017248	-0.490333	-0.434618	-0.285936	-0.486197	-0.495946	-0.463683	-0.299173	-0.498761	-0.448398	-0.084646
-0.498403	-0.017248	-0.488851	-0.434615	-0.285936	-0.486197	-0.497462	-0.463251	-0.299173	-0.498807	-0.473627	-0.084646
-0.498403	-0.017248	-0.488110	-0.434614	-0.285936	-0.486197	-0.498220	-0.463035	-0.299173	-0.498830	-0.486241	-0.084646
-0.498403	-0.017248	-0.487739	-0.434613	-0.285936	-0.486197	-0.498599	-0.462927	-0.299173	-0.498841	-0.492548	-0.084646
-0.498403	-0.017248	-0.487554	-0.434613	-0.285936	-0.486197	-0.498789	 0.037127	-0.299173	 0.001153	-0.495702	-0.084646
-0.498403	-0.017248	-0.487461	-0.434613	-0.285936	-0.486197	-0.498883	 0.286080	-0.299173	 0.250148	-0.497279	-0.084646
-0.498403	-0.017248	-0.987415	-0.434613	-0.285936	-0.486197	-0.498931	-0.090514	-0.299173	-0.125355	-0.498067	-0.084646
-0.498403	-0.017248	-1.234417	-0.434612	-0.285936	-0.486197	-0.498954	-0.278811	-0.299173	-0.312104	-0.498461	-0.084646
-0.498403	-0.017248	-1.354955	-0.434612	-0.285936	-0.486197	-0.498966	-0.372959	-0.299173	-0.405479	-0.498658	-0.084646
-0.498403	-0.017248	-0.912273	-0.434612	-0.285936	-0.486197	 0.001028	-0.420033	-0.299173	 0.047834	 0.001243	-0.084646
-0.498403	-0.017248	-0.690932	-0.434612	-0.285936	-0.486197	 0.250023	-0.443570	-0.299173	 0.273488	 0.250191	-0.084646
-0.498403	-0.017248	-0.580262	-0.434612	-0.285936	-0.486197	-0.125480	-0.455339	-0.299173	-0.113685	-0.125334	-0.084646
-0.498403	-0.017248	-0.524927	-0.434612	-0.285936	-0.486197	-0.312229	-0.461223	-0.299173	-0.306270	-0.312096	-0.084646
-0.498403	-0.017248	-0.497259	-0.434612	-0.285936	-0.486197	 0.094396	-0.464165	-0.299173	-0.402562	-0.405476	-0.084646
-0.498403	-0.017248	-0.483425	-0.434612	-0.285936	-0.486197	 0.296707	-0.465636	-0.299173	-0.450709	-0.452166	-0.084646
-0.498403	-0.017248	-0.476508	-0.434612	-0.785936	-0.486197	-0.102138	-0.466372	-0.299173	-0.474782	-0.475512	-0.084646
-0.498403	-0.017248	-0.473050	-0.434612	-1.033364	-0.486197	-0.300558	-0.466740	-0.299173	-0.486818	-0.487184	-0.084646
-0.498403	-0.017248	-0.471321	-0.434612	-0.654516	-0.486197	-0.399768	-0.466924	-0.299173	-0.492837	 0.006980	-0.084646
-0.498403	-0.017248	-0.470456	-0.434612	-0.465092	-0.486197	-0.449373	-0.467016	-0.299173	-0.495846	 0.253059	-0.084646
-0.498403	-0.017248	-0.470024	-0.434612	-0.370381	-0.486197	-0.474176	-0.467061	-0.299173	-0.497350	 0.376099	-0.084646
-0.498403	-0.017248	-0.469808	-0.434612	-0.323025	-0.486197	-0.486577	-0.467084	-0.299173	-0.498103	-0.062381	-0.084646
-0.498403	-0.017248	-0.469700	-0.434612	-0.299347	-0.486197	-0.492778	-0.467096	-0.299173	-0.498479	-0.280620	-0.084646
-0.498403	-0.017248	-0.469645	-0.434612	-0.287508	-0.486197	 0.004122	-0.467102	-0.299173	-0.498667	-0.389739	-0.084646
-0.498403	-0.017248	-0.469618	-0.434612	-0.281588	-0.486197	 0.251570	-0.467105	-0.299173	-0.498761	-0.444298	-0.084646
-0.498403	-0.017248	-0.469605	-0.434612	-0.278628	-0.486197	-0.124706	-0.467106	-0.799173	-0.498808	 0.028422	-0.084646
-0.498403	-0.017248	-0.469598	-0.434612	-0.277149	-0.486197	-0.311843	-0.467107	-1.046575	-0.498831	 0.263780	-0.084646
-0.498403	-0.017248	-0.469595	-0.434612	-0.276409	-0.486197	-0.405411	-0.967107	-0.667687	-0.498843	 0.381459	-0.084646
-0.498403	-0.017248	-0.469593	-0.434612	-0.276039	-0.486197	-0.452195	-1.214173	-0.478244	-0.498849	 0.440298	-0.084646
-0.498403	-0.017248	-0.469592	-0.434612	-0.775854	-0.486197	 0.024413	-0.834784	-0.383522	-0.498852	-0.030282	-0.084646
-0.498403	-0.017248	-0.469592	-0.434612	-1.023210	-0.486197	 0.261715	-0.645089	-0.336161	-0.498853	-0.264571	-0.084646
-0.498403	-0.017248	-0.469592	-0.434612	-0.644347	-0.486197	-0.119634	-0.550241	-0.312481	-0.498854	-0.381715	-0.084646
-0.498403	-0.017248	-0.469592	-0.434612	-0.454915	-0.486197	-0.309306	-0.502818	-0.300641	-0.498854	-0.440287	-0.084646
-0.498403	-0.017248	-0.469591	-0.434612	-0.360200	-0.486197	-0.404143	-0.479106	-0.294720	-0.498855	-0.469573	-0.084646
-0.498403	-0.017248	-0.469591	-0.434612	-0.312842	-0.486197	-0.451561	-0.467250	-0.291760	-0.498855	-0.484216	-0.084646
-0.498403	-0.017248	-0.469591	-0.434612	-0.289163	-0.486197	-0.475270	-0.461322	-0.290280	-0.498855	-0.491537	-0.084646
-0.498403	-0.017248	-0.469591	-0.434612	-0.277323	-0.486197	-0.487124	-0.458358	-0.289540	-0.498855	-0.495198	-0.084646
-0.498403	-0.017248	-0.469591	-0.434612	-0.271403	-0.486197	-0.493052	-0.456876	-0.289170	-0.498855	-0.497029	-0.084646
-0.498403	-0.017248	-0.469591	-0.434612	-0.268444	-0.486197	-0.496015	-0.456135	-0.288985	 0.001145	-0.497944	-0.084646
-0.498403	-0.017248	-0.469591	-0.434612	-0.266964	-0.486197	-0.497497	-0.455765	-0.288893	 0.250143	-0.498401	-0.084646
-0.498403	-0.017248	-0.469591	-0.434612	-0.266224	-0.486197	-0.498238	-0.455579	-0.288847	-0.125358	-0.498630	-0.084646
-0.498403	-0.017248	-0.469591	-0.434612	-0.265854	-0.486197	-0.498608	-0.455487	-0.288823	-0.312107	-0.498745	-0.084646
-0.498403	-0.017248	-0.469591	-0.434612	-0.265669	-0.486197	-0.498794	-0.455440	-0.288812	 0.094518	-0.498802	-0.084646
-0.498403	-0.017248	-0.469591	-0.434612	-0.265576	-0.486197	-0.498886	-0.455417	-0.288806	 0.296829	-0.498830	-0.084646
-0.498403	-0.017248	-0.469591	-0.434612	-0.265530	-0.486197	-0.498932	-0.455406	-0.288803	-0.102016	-0.498845	-0.084646
-0.498403	-0.017248	-0.469591	-0.434612	-0.265507	-0.486197	-0.498956	-0.455400	-0.288802	-0.300436	-0.498852	-0.084646
-0.498403	-0.017248	-0.469591	-0.434612	-0.265495	-0.486197	-0.498967	-0.455397	-0.288801	-0.399647	-0.498855	-0.084646
-0.498403	-0.017248	-0.469591	-0.434612	-0.265490	-0.486197	-0.498973	-0.455396	-0.288801	-0.449252	-0.498857	-0.084646
-0.498403	-0.017248	-0.469591	-0.434612	-0.265487	-0.486197	-0.498976	-0.455395	-0.288801	-0.474055	-0.498858	-0.084646
-0.498403	-0.017248	-0.469591	-0.434612	-0.265485	-0.486197	-0.498977	-0.455394	-0.288800	-0.486456	-0.498859	-0.084646
-0.498403	-0.017248	-0.469591	-0.434612	-0.265484	-0.486197	-0.498978	-0.455394	-0.288800	-0.492656	-0.498859	-0.084646
-0.498403	-0.017248	-0.469591	-0.434612	-0.265484	-0.486197	 0.001022	-0.455394	-0.288800	-0.495757	-0.498859	-0.084646
-0.498403	-0.017248	-0.469591	-0.434612	-0.265484	-0.486197	 0.250019	-0.455394	-0.288800	-0.497307	-0.498859	-0.084646
-0.498403	-0.017248	-0.469591	-0.434612	-0.265484	-0.486197	-0.125482	-0.455394	-0.288800	 0.001918	-0.498859	-0.084646
-0.498403	-0.017248	-0.469591	-0.434612	-0.265484	-0.486197	-0.312230	-0.455394	-0.288800	 0.250528	-0.498859	-0.084646
-0.498403	-0.017248	-0.469591	-0.434612	-0.265484	-0.486197	-0.405605	-0.455394	-0.288800	 0.374833	-0.498859	-0.084646
-0.498403	-0.017248	-0.469591	-0.434612	-0.265484	-0.486197	-0.452292	-0.455394	-0.288800	-0.063014	-0.498859	-0.084646
-0.498403	-0.017248	-0.469591	-0.434612	-0.265484	-0.486197	-0.475635	-0.455394	-0.288800	-0.280936	-0.498859	-0.084646
-0.498403	-0.017248	-0.469591	-0.434612	-0.265484	-0.486197	-0.487307	-0.455394	-0.288800	-0.389897	-0.498859	-0.084646
-0.498403	-0.017248	-0.469591	-0.434612	-0.265484	-0.486197	-0.493143	-0.455394	-0.288800	-0.444378	-0.498859	-0.084646
-0.498403	-0.017248	-0.469591	-0.434612	-0.265484	-0.486197	-0.496061	-0.455394	-0.288800	-0.471618	-0.498859	-0.084646
-0.498403	-0.017248	-0.469591	-0.434612	-0.265484	-0.486197	 0.002480	-0.455394	-0.288800	-0.485238	-0.498859	-0.084646
-0.498403	-0.017248	-0.469591	-0.434612	-0.265484	-0.486197	 0.250749	-0.455394	-0.288800	-0.492048	-0.498859	-0.084646
-0.498403	-0.017248	-0.469591	-0.434612	-0.265484	-0.486197	-0.125117	-0.455394	-0.288800	 0.004547	-0.498859	-0.084646
-0.498403	-0.017248	-0.469591	-0.434612	-0.265484	-0.486197	-0.312048	-0.455394	-0.288800	 0.251842	-0.498859	-0.084646
-0.498403	-0.017248	-0.469591	-0.434612	-0.265484	-0.486197	-0.405514	-0.455394	-0.288800	 0.375490	-0.498859	-0.084646
-0.498403	-0.017248	-0.469591	-0.434612	-0.265484	-0.486197	-0.452246	-0.455394	-0.288800	-0.062687	-0.498859	-0.084646
-0.498403	-0.017248	-0.469591	-0.434612	-0.265484	-0.486197	-0.475613	-0.455394	-0.288800	-0.280773	-0.498859	-0.084646
-0.498403	-0.017248	-0.469591	-0.434612	-0.265484	-0.486197	-0.487296	-0.455394	-0.288800	-0.389816	 0.001141	-0.084646
-0.498403	-0.017248	-0.469591	-0.434612	-0.265484	-0.486197	-0.493138	-0.455394	-0.288800	-0.444338	 0.250139	-0.084646
-0.498403	-0.017248	-0.469591	-0.434612	-0.265484	-0.486197	-0.496058	-0.455394	-0.288800	 0.028401	-0.125362	-0.084646
-0.498403	-0.017248	-0.469591	-0.434612	-0.265484	-0.486197	-0.497519	-0.455394	-0.288800	 0.263769	-0.312111	-0.084646
-0.498403	-0.017248	-0.469591	-0.434612	-0.265484	-0.486197	-0.498249	-0.455394	-0.288800	-0.118548	-0.405486	-0.084646
-0.498403	-0.017248	-0.469591	-0.434612	-0.265484	-0.486197	-0.498614	-0.455394	-0.288800	-0.308704	-0.452173	-0.084646
-0.498403	-0.017248	-0.469591	-0.434612	-0.265484	-0.486197	-0.498797	-0.455394	-0.288800	-0.403782	-0.475516	-0.084646
-0.498403	-0.017248	-0.469591	-0.434612	-0.265484	-0.486197	-0.498888	-0.455394	-0.288800	-0.451321	-0.487188	-0.084646
-0.498403	-0.017248	-0.469591	-0.434612	-0.265484	-0.486197	-0.498933	-0.455394	-0.288800	-0.475091	-0.493024	-0.084646
-0.498403	-0.017248	-0.469591	-0.434612	-0.265484	-0.486197	 0.001044	-0.455394	-0.288800	-0.486976	-0.495942	-0.084646
-0.498403	-0.017248	-0.469591	-0.434612	-0.265484	-0.486197	 0.250030	-0.455394	-0.288800	-0.492918	-0.497401	-0.084646
-0.498403	-0.017248	-0.469591	-0.434612	-0.265484	-0.486197	 0.374524	-0.455394	-0.288800	 0.004111	-0.498131	-0.084646
-0.498403	-0.017248	-0.469591	-0.434612	-0.265484	-0.486197	 0.436770	-0.455394	-0.288800	 0.251623	-0.498495	-0.084646
-0.498403	-0.017248	-0.469591	-0.434612	-0.265484	-0.486197	-0.032106	-0.455394	-0.288800	-0.124621	-0.498678	-0.084646
-0.498403	-0.017248	-0.469591	-0.434612	-0.265484	-0.486197	-0.265543	-0.455394	-0.288800	-0.311741	-0.498769	-0.084646
-0.498403	-0.017248	-0.469591	-0.434612	-0.265484	-0.486197	-0.382261	-0.455394	-0.288800	-0.405301	 0.001186	-0.084646
-0.498403	-0.017248	-0.469591	-0.434612	-0.265484	-0.486197	-0.440620	-0.455394	-0.288800	-0.452081	 0.250160	-0.084646
-0.498403	-0.017248	-0.469591	-0.434612	-0.265484	-0.486197	-0.469800	-0.455394	-0.288800	-0.475472	 0.374648	-0.084646
-0.498403	-0.017248	-0.469591	-0.434612	-0.265484	-0.486197	-0.484389	-0.455394	-0.288800	-0.487167	-0.063108	-0.084646
-0.498403	-0.017248	-0.469591	-0.434612	-0.265484	-0.486197	-0.491684	-0.455394	-0.288800	-0.493014	-0.280985	-0.084646
-0.498403	-0.017248	-0.469591	-0.934612	-0.265484	-0.486197	-0.495332	-0.455394	-0.288800	 0.004062	 0.110077	-0.084646
-0.498403	-0.017248	-0.469591	-1.181743	-0.265484	-0.486197	-0.497156	-0.455394	-0.288800	 0.251598	 0.304606	-0.084646
-0.498403	-0.017248	-0.469591	-0.802451	-0.265484	-0.486197	-0.498067	-0.455394	-0.288800	-0.124634	-0.098130	-0.084646
-0.498403	-0.017248	-0.469591	-0.612805	-0.265484	-0.486197	-0.498523	-0.455394	-0.288800	-0.311748	-0.298496	-0.084646
-0.498403	-0.017248	-0.469591	-0.517982	-0.265484	-0.486197	-0.498751	-0.455394	-0.288800	 0.094695	-0.398679	-0.084646
-0.498403	-0.017248	-0.469591	-0.470570	-0.265484	-0.486197	-0.498865	-0.455394	-0.288800	 0.296914	-0.448771	-0.084646
-0.498403	-0.017248	-0.469591	-0.446864	-0.265484	-0.486197	-0.498922	-0.455394	-0.288800	 0.398023	-0.473817	-0.084646
-0.498403	-0.017248	-0.469591	-0.435011	-0.265484	-0.486197	-0.498951	-0.455394	-0.288800	-0.051422	 0.013661	-0.084646
-0.498403	-0.017248	-0.469591	-0.429085	-0.265484	-0.486197	-0.498965	-0.455394	-0.288800	-0.275143	 0.256397	-0.084646
-0.498403	-0.017248	-0.469591	-0.426122	-0.265484	-0.486197	-0.498972	-0.455394	-0.288800	-0.387003	-0.122235	-0.084646
-0.498403	-0.017248	-0.469591	-0.424640	-0.265484	-0.486197	-0.498976	-0.455394	-0.288800	-0.442934	-0.310549	-0.084646
-0.498403	-0.017248	-0.469591	-0.423899	-0.265484	-0.486197	 0.001023	-0.455394	-0.288800	-0.470899	-0.404706	-0.084646
-0.498403	-0.017248	-0.469591	-0.423529	-0.265484	-0.486197	 0.250020	-0.455394	-0.288800	-0.484881	-0.451785	-0.084646
-0.498403	-0.017248	-0.469591	-0.423344	-0.265484	-0.486197	-0.125482	-0.455394	-0.288800	-0.491872	-0.475324	-0.584646
-0.498403	-0.017248	-0.469591	-0.423251	-0.265484	-0.486197	-0.312231	-0.455394	-0.288800	-0.495368	-0.487094	-0.832477
-0.498403	-0.017248	-0.469591	-0.423205	-0.265484	-0.486197	-0.405605	-0.455394	-0.288800	-0.497116	-0.492979	-0.954232
-0.498403	-0.017248	-0.469591	-0.423182	-0.265484	-0.486197	-0.452292	-0.455394	-0.288800	-0.497990	-0.495921	-0.512957
-0.498403	-0.017248	-0.469591	-0.423170	-0.265484	-0.486197	-0.475636	-0.455394	-0.288800	-0.498427	-0.497392	-0.292320
