-0.498058	-0.498146	-0.460588	-0.499457	-0.255258	 0.492317	-0.523412	 0.496792	 0.376357	 0.179184	-0.498167	 0.217557
 0.001699	-0.498146	-0.460588	-0.499457	-0.255258	-0.004036	-0.412890	 0.497757	 0.376380	 0.191006	-0.498167	 0.217557
 0.250575	-0.498146	-0.460588	-0.499457	-0.255258	-0.251211	-0.357629	 0.498239	 0.376392	 0.196918	-0.498167	 0.217557
-0.124987	-0.498146	-0.460588	-0.499457	-0.255258	 0.125201	-0.329999	 0.498481	 0.376397	 0.199873	-0.498167	 0.217557
-0.311767	-0.498146	-0.460588	-0.499457	-0.255258	 0.312404	-0.316184	 0.498601	 0.376400	 0.201351	-0.498167	 0.217557
-0.405157	-0.498146	-0.460588	-0.499457	-0.255258	 0.406005	-0.309276	-0.001338	 0.376402	 0.202090	-0.498167	 0.217557
-0.451852	-0.498146	-0.460588	-0.499457	-0.255258	 0.452806	-0.305822	-0.250306	 0.376402	 0.202459	-0.498167	 0.217557
-0.475200	-0.498146	-0.460588	-0.499457	-0.255258	 0.476206	-0.304095	-0.374789	 0.376403	 0.202644	-0.498167	 0.217557
-0.486873	-0.498146	-0.460588	-0.499457	-0.255258	-0.012093	-0.303232	 0.062969	 0.376403	 0.202737	-0.498167	 0.217557
-0.492710	-0.498146	-0.460588	-0.499457	-0.255258	-0.255242	-0.302800	 0.280847	 0.376403	 0.202783	-0.498167	 0.217557
-0.495629	-0.498146	-0.460588	-0.499457	-0.255258	-0.376817	-0.302584	-0.110215	 0.376403	 0.202806	-0.498167	 0.217557
-0.497088	-0.498146	-0.460588	-0.499457	-0.255258	-0.437604	-0.302476	-0.304743	 0.376403	 0.202817	-0.498167	 0.217557
-0.497817	-0.498146	-0.460588	-0.499457	-0.255258	 0.032002	-0.302422	 0.097993	 0.376403	 0.202823	-0.498167	 0.217557
-0.498182	-0.498146	-0.460588	-0.499457	-0.255258	 0.265802	-0.302395	 0.298360	 0.376403	 0.202826	-0.498167	 0.217557
-0.498365	-0.498146	-0.460588	-0.499457	-0.255258	-0.117298	-0.302382	-0.101457	 0.376403	-0.297173	-0.498167	 0.217557
-0.498456	-0.498146	-0.460588	-0.499457	-0.255258	-0.307847	-0.302375	-0.300363	 0.376403	-0.545577	-0.498167	 0.217557
-0.498501	-0.498146	-0.460588	-0.499457	-0.255258	-0.403122	-0.302372	-0.399816	 0.376403	-0.668192	-0.498167	 0.217557
-0.498524	-0.498146	-0.460588	-0.499457	-0.755258	-0.450759	-0.802370	 0.050458	 0.376403	-0.727918	-0.498167	 0.217557
-0.498536	-0.498146	-0.460588	-0.499457	-1.002748	-0.474578	-1.049765	 0.274593	 0.376403	-0.756205	-0.498167	 0.217557
-0.498541	-0.498146	-0.460588	-0.499457	-0.623992	 0.013513	-0.670867	-0.113339	 0.376403	-0.268780	-0.498167	 0.217557
-0.498544	-0.498146	-0.460588	-0.499457	-0.434614	 0.256555	-0.481419	-0.306303	 0.376403	-0.025067	-0.498167	 0.217557
 0.001454	-0.498146	-0.460588	-0.499457	-0.339925	 0.378076	-0.386695	-0.402785	 0.376403	-0.403211	-0.498167	 0.217557
 0.250451	-0.498146	-0.460588	-0.499457	-0.292581	 0.438837	-0.339332	-0.451025	 0.376403	-0.590720	-0.498167	 0.217557
-0.125051	-0.498146	-0.460588	-0.499457	-0.268908	 0.469217	-0.815651	-0.475146	 0.376403	-0.182918	-0.498167	 0.217557
-0.311801	-0.498146	-0.460588	-0.499457	-0.257072	 0.484407	-1.051227	-0.487206	 0.376403	 0.020983	-0.498167	 0.217557
-0.405176	-0.498146	-0.460588	-0.499457	-0.251154	 0.492002	-1.166441	-0.493236	 0.376403	 0.122933	-0.498167	 0.217557
 0.048137	-0.498146	-0.460588	-0.499457	-0.248195	 0.495800	-0.721485	 0.003749	 0.376403	 0.173908	-0.498167	 0.217557
 0.273790	-0.498146	-0.460588	-0.499457	-0.246716	 0.497698	-0.499007	 0.251240	 0.376403	 0.199396	-0.498167	 0.217557
 0.386617	-0.498146	-0.960588	-0.499457	-0.245976	 0.498648	-0.887768	 0.374985	 0.376403	 0.212140	-0.498167	 0.217557
 0.443030	-0.498146	-1.207667	-0.499457	-0.245606	 0.499122	-1.079595	 0.436858	 0.376403	 0.218512	-0.498167	 0.217557
 0.471237	-0.498146	-0.828297	-0.499457	-0.245421	 0.499360	-0.672966	 0.467794	 0.376403	-0.278302	-0.498167	 0.217557
 0.485340	-0.498146	-0.638612	-0.499457	-0.245329	 0.499478	-0.469651	 0.483262	 0.376403	-0.525159	-0.498167	 0.217557
-0.007608	-0.498146	-0.543769	-0.499457	-0.245282	 0.499538	-0.367994	 0.490997	 0.376403	-0.147043	-0.498167	 0.217557
-0.253081	-0.498146	-0.496348	-0.499457	-0.245259	 0.499567	-0.317165	 0.494864	 0.376403	 0.042014	-0.498167	 0.217557
-0.375818	-0.498146	-0.472637	-0.499457	-0.245248	 0.499582	-0.291751	 0.496797	 0.376403	 0.136543	-0.498167	 0.217557
-0.437186	-0.498146	-0.460782	-0.499457	-0.245242	 0.499590	-0.279044	 0.497764	 0.376403	-0.316192	-0.498167	 0.217557
-0.467870	-0.498146	-0.454854	-0.499457	-0.245239	 0.499593	-0.272690	 0.498247	 0.376403	-0.541022	-0.498167	 0.217557
-0.483212	-0.498146	-0.451891	-0.499457	-0.245238	 0.499595	-0.269514	 0.498489	 0.376403	-0.151905	-0.498167	 0.217557
-0.490883	-0.498146	-0.450409	-0.499457	-0.245237	 0.499596	-0.267925	 0.498610	 0.376403	 0.042653	-0.498167	 0.217557
 0.005281	-0.498146	-0.449668	-0.499457	-0.245237	 0.499597	-0.267131	 0.498670	 0.376403	 0.139932	-0.498167	 0.217557
 0.252361	-0.498146	-0.449297	-0.499457	-0.245236	 0.499597	-0.266734	 0.498700	 0.376403	 0.188572	-0.498167	 0.217557
 0.375900	-0.498146	 0.050888	-0.499457	-0.245236	 0.999597	 0.233465	 0.998716	 0.876403	 0.212891	 0.001833	 0.217557
 0.437670	-0.498146	 0.299879	-0.499457	-0.245236	 1.246598	 0.482097	 1.245726	 1.123650	 0.225051	 0.250829	 0.217557
 0.468555	-0.498146	 0.423276	-0.499457	-0.245236	 1.367111	 0.604951	 1.366245	 1.244532	 0.231131	 0.375327	 0.217557
 0.483998	-0.498146	-0.016119	-0.499457	-0.245236	 1.424392	 1.164923	 1.423531	 1.302242	 0.734171	 0.437576	 0.217557
 0.491719	-0.498146	-0.235816	-0.499457	-0.245236	 1.450070	 1.441459	 1.449213	 1.328377	 0.983217	 0.468701	 0.217557
 0.495579	-0.498146	 0.154335	 0.000543	 0.254764	 1.959957	 3.076291	 2.959104	 1.838736	 2.105275	 0.984263	 0.717557
 0.497510	-0.498146	 0.348322	 0.249542	 0.503254	 2.209961	 3.884285	 3.705111	 2.089217	 2.659850	 1.239044	 0.965121
 0.498475	-0.498146	-0.055769	 0.374041	 0.625996	 2.830043	 5.778897	 5.069213	 2.709778	 4.430708	 1.363448	 1.086479
 0.498957	-0.498146	-0.257815	 0.436291	 0.685869	 3.133184	 6.710856	 5.738397	 3.013398	 5.303734	 1.422673	 1.144741
 0.999199	 0.001854	 0.141162	 0.467416	 0.714315	 3.277881	 6.661550	 6.560174	 3.158574	 5.727894	 1.449323	 1.171467
 1.246320	 0.250851	 0.339571	 0.482978	 0.727052	 3.343385	 6.623672	 6.956299	 3.224554	 5.927669	 1.459695	 1.182433
 1.366894	 0.375349	 0.437699	-0.009241	 0.731941	 3.369319	 6.591562	 7.139656	 3.250964	 5.015302	 1.461941	 1.185529
 1.424207	 0.437598	 0.485691	-0.254347	 0.732911	 3.375496	 6.562388	 7.216689	 3.257613	 4.550913	 1.460136	 1.184700
 1.449900	 0.468722	 0.508620	-0.376900	 0.731929	 3.371821	 6.534735	 7.240618	 3.254410	 4.310545	 1.456317	 1.181918
 0.959795	-0.015715	 0.519022	-0.438177	 0.729976	 3.363247	 6.007894	 6.738053	 2.746306	 3.682221	 0.951502	 0.678169
 0.714742	-0.256934	 0.523163	-0.468815	 0.727543	 3.352251	 5.733511	 6.474300	 2.487777	 3.361951	 0.699095	 0.426294
 0.592216	-0.377543	 0.524180	-0.484134	 0.724877	 3.340070	 4.585402	 4.330002	 1.854054	 2.195733	 0.572891	 0.300357
 0.530953	-0.437848	 0.523637	-0.491794	 0.722099	 3.327324	 4.004472	 3.253482	 1.534752	 1.610564	 0.509789	 0.237388
 0.500322	-0.468000	 0.522320	-0.495624	 0.219272	 2.314322	 2.707161	 2.210868	 1.372670	 1.315929	 0.478238	 0.205904
 0.485006	-0.483076	 0.520619	-0.497539	-0.032142	 1.805218	 2.055685	 1.687224	 1.289208	 1.166569	 0.462463	 0.190161
 0.477348	-0.490614	 0.018731	-0.498496	-0.157849	 1.048074	 1.227139	 1.423075	 1.245066	 0.589855	 0.454575	 0.182290
 0.473519	-0.494384	-0.232213	-0.498975	-0.220702	 0.669502	 0.812866	 1.288683	 1.220592	 0.301498	 0.450631	 0.178355
 0.471605	-0.496268	-0.357685	-0.499214	-0.252129	 0.480216	 0.605729	 1.219178	 1.205964	 0.157319	 0.448659	 0.176387
 0.470647	-0.497210	 0.079579	-0.499334	-0.267842	 0.385573	 0.002161	 0.682126	 0.696267	 0.085230	-0.052327	 0.175403
 0.470169	-0.497681	 0.297177	-0.499394	-0.275699	 0.338251	-0.298421	 0.413600	 0.441418	 0.049185	-0.301713	 0.174911
-0.030071	-0.497917	-0.095053	-0.499424	-0.279627	 0.314590	-0.447513	 0.279337	 0.313994	 0.031163	-0.425304	 0.174665
-0.279130	-0.498035	-0.291168	-0.499439	-0.281592	 0.302760	-0.520866	 0.212206	 0.250282	 0.022152	-0.486002	 0.174542
 0.097397	-0.498094	 0.110774	-0.499446	-0.282574	 0.296845	-0.556354	-0.321360	 0.218426	 0.017646	-0.515257	 0.174481
 0.285661	-0.498123	 0.310720	-0.499450	-0.283065	 0.293887	-0.572915	-0.586433	 0.202498	 0.015393	-0.528796	 0.174450
 0.379792	-0.498138	-0.090328	-0.499452	-0.283310	 0.292408	-0.580016	-0.217266	 0.194534	 0.014267	-0.534480	 0.174435
 0.426858	-0.498145	-0.290853	-0.499453	-0.283433	 0.291669	-0.582392	-0.032683	 0.190552	 0.013704	-0.536243	 0.174427
 0.450391	-0.498149	-0.391115	-0.499453	-0.283494	 0.291299	-0.582411	 0.059609	 0.188561	 0.013422	-0.536048	 0.174423
 0.462158	-0.498151	-0.441246	-0.499453	-0.283525	 0.291115	-0.581256	 0.105754	 0.187565	 0.013281	-0.534878	 0.174421
 0.468041	-0.498152	-0.466311	-0.499453	-0.283540	 0.291022	-0.579518	 0.128827	 0.187067	 0.013211	-0.533226	 0.174420
-0.029017	-0.498152	-0.478844	-0.499453	-0.283548	-0.209024	-1.077493	 0.140364	 0.186818	 0.013176	-0.531337	 0.174420
-0.276495	-0.498152	-0.485110	-0.499453	-0.283552	-0.457629	-1.323330	 0.146132	 0.186694	 0.013158	-0.529334	 0.174420
-0.399185	-0.498152	-0.488244	-0.499453	-0.283554	-0.580519	-1.443110	 0.149016	 0.186632	 0.013149	-0.527277	 0.174419
-0.459487	-0.498152	-0.489810	-0.499453	-0.283555	-0.640557	-1.499874	 0.150458	 0.186601	 0.013145	-0.525199	 0.174419
 0.011402	-0.498153	-0.490594	-0.499453	-0.283555	-0.169175	-1.525143	 0.151179	 0.186585	 0.013143	-0.523113	 0.174419
 0.246847	-0.498153	-0.490985	-0.499453	-0.283555	 0.066516	-1.534677	 0.151540	 0.186577	 0.013142	-0.521028	 0.174419
 0.364569	-0.498153	-0.491181	-0.499453	-0.283556	 0.184361	-1.536355	 0.151720	 0.186573	 0.013141	-0.518948	 0.174419
-0.076570	-0.498153	-0.491279	-0.499453	-0.283556	 0.243284	-1.034118	-0.348190	 0.186571	 0.013141	-0.516874	 0.174419
-0.296104	-0.498153	-0.491328	-0.499453	-0.283556	 0.272746	-0.781936	-0.596449	 0.186570	 0.013141	-0.514807	 0.174419
-0.404840	-0.498153	-0.491352	-0.499453	-0.283556	-0.212524	-1.154785	-0.718889	 0.186570	 0.013141	-0.512749	 0.174419
-0.458181	-0.498153	-0.491365	-0.499453	-0.283556	-0.453763	-1.338155	-0.778426	 0.186570	 0.013141	-0.510698	 0.174419
-0.483828	-0.498153	-0.491371	-0.499453	-0.283556	-0.572992	-0.926796	-0.306519	 0.186570	 0.013141	-0.508655	 0.174419
-0.495633	-0.498153	-0.491374	-0.499453	-0.283556	-0.631223	-0.720086	-0.070565	 0.186570	 0.013141	-0.506621	 0.174419
-0.500520	-0.498153	-0.491375	-0.499453	-0.783556	-0.158959	-0.615705	-0.452588	 0.186570	 0.013141	-0.504594	 0.174419
-0.501953	-0.498153	-0.491376	-0.499453	-1.030989	 0.077173	-0.562491	-0.641931	 0.186570	 0.013141	-0.502576	 0.174419
-0.501663	-0.498153	-0.491376	-0.499453	-1.152148	 0.195239	-0.534866	-0.734939	 0.186570	 0.013141	-0.500566	 0.174419
-0.000515	-0.498153	-0.491377	-0.499453	-0.710181	 0.254272	-1.020039	-0.279788	 0.186570	 0.013141	-0.499560	 0.174419
-0.250942	-0.498153	-0.491377	-0.499453	-0.489198	 0.283788	-0.759615	-0.552212	 0.186570	 0.013141	-0.499058	 0.174419
-0.375153	-0.498153	-0.491377	-0.499453	-0.378706	 0.298547	-0.629403	-0.686775	 0.186570	 0.013141	-0.498807	 0.174419
 0.062741	-0.498153	-0.491377	-0.499453	-0.323460	 0.305926	-1.064297	-0.752413	 0.186570	-0.486859	-0.498681	 0.174419
 0.280687	-0.498153	-0.491377	-0.499453	-0.295837	 0.309615	-1.278745	-0.783597	 0.186570	-0.734886	-0.498618	 0.174419
 0.389660	-0.498153	-0.491377	-0.499453	-0.282026	-0.188540	-0.882983	-0.797559	 0.186570	-0.356933	-0.498587	 0.174419
 0.444147	-0.498153	-0.491377	-0.499453	-0.275120	-0.436244	-0.685102	-0.802917	 0.186570	-0.167957	-0.498571	 0.174419
 0.471390	-0.498153	-0.491377	-0.499453	-0.271667	-0.558728	-0.586162	-0.803979	 0.186570	-0.073469	-0.498563	 0.174419
-0.014988	-0.498153	-0.491377	-0.499453	-0.269941	-0.618608	-0.536691	-0.802900	 0.186570	-0.026224	-0.498559	 0.174419
-0.257175	-0.498153	-0.491377	-0.499453	-0.269078	-0.647191	-0.511956	-0.800757	 0.186570	-0.002602	-0.498557	 0.174419
 0.121732	-0.498153	-0.491377	-0.499453	-0.268646	-0.160131	-0.499589	-0.798088	 0.186570	 0.009209	-0.498556	 0.174419
 0.310184	-0.498153	-0.491377	-0.499453	-0.268430	 0.083399	-0.493405	-0.795163	 0.186570	 0.015114	-0.498556	 0.174419
-0.095590	-0.498153	-0.491377	-0.499453	-0.268322	-0.294836	-0.490313	-0.792116	 0.186570	 0.018067	-0.498556	 0.174419
-0.297474	-0.498153	-0.491377	-0.499453	-0.268269	-0.482607	-0.488767	-0.789014	 0.186570	 0.019543	-0.498555	 0.174419
-0.398416	-0.498153	-0.491377	-0.499453	-0.268242	-0.075152	-0.487994	-0.785892	 0.186570	 0.020281	-0.498555	 0.174419
-0.448887	-0.498153	-0.491377	-0.499453	-0.268228	 0.128576	-0.487608	-0.782765	 0.186570	 0.020651	-0.498555	 0.174419
-0.474123	-0.498153	-0.491377	-0.499453	-0.268221	 0.230439	-0.487414	-0.779642	 0.186570	 0.020835	-0.498555	 0.174419
 0.013260	-0.498153	-0.491377	-0.499453	-0.268218	-0.218629	-0.487318	-0.276528	 0.186570	 0.020927	-0.498555	 0.174419
 0.255949	-0.498153	-0.491377	-0.499453	-0.268216	-0.441827	-0.487269	-0.024971	 0.186570	 0.020974	-0.498555	 0.174419
 0.377294	-0.498153	-0.491377	-0.499453	-0.268215	-0.552097	-0.487245	-0.399192	 0.186570	 0.020997	-0.498555	 0.174419
 0.437967	-0.498153	-0.491377	-0.499453	-0.268215	-0.605907	-0.487233	-0.584756	 0.186570	 0.021008	-0.498555	 0.174419
-0.031697	-0.498153	-0.491377	-0.499453	-0.268215	-0.131492	-0.487227	-0.175997	 0.186570	-0.478986	-0.498555	 0.174419
-0.265526	-0.498153	-0.491377	-0.499453	-0.268215	 0.105715	-0.487224	 0.028382	 0.186570	-0.727025	-0.498555	 0.174419
-0.382441	-0.498153	-0.491377	-0.499453	-0.268215	-0.275681	-0.487223	-0.369428	-0.313430	-0.349095	-0.498555	 0.174419
-0.440898	-0.498153	-0.491377	-0.499453	-0.268215	-0.465065	-0.487222	-0.566799	-0.561804	-0.160129	-0.498555	 0.174419
-0.470127	-0.498153	-0.491377	-0.499453	-0.268215	-0.558448	-0.487221	-0.663956	-0.684370	-0.065647	-0.498555	 0.174419
-0.484741	-0.498153	-0.491377	-0.499453	-0.268215	-0.603836	-0.487221	-0.211012	-0.244039	-0.518405	-0.498555	 0.174419
-0.492048	-0.498153	-0.491377	-0.499453	-0.268215	-0.625232	-0.487221	 0.015460	-0.023874	-0.742843	-0.498555	 0.174419
 0.004298	-0.498153	-0.491377	-0.499453	-0.268215	-0.134636	-0.487221	-0.371304	 0.086209	-0.353126	-0.498555	 0.174419
 0.251470	-0.498153	-0.491377	-0.499453	-0.268215	 0.110661	-0.487221	-0.563170	 0.141250	-0.158268	-0.498555	 0.174419
 0.375056	-0.498153	-0.491377	-0.499453	-0.268215	-0.266690	-0.487221	-0.157593	 0.168771	-0.560839	-0.498555	 0.174419
 0.436849	-0.498153	-0.491377	-0.499453	-0.268215	-0.454077	-0.487221	 0.045195	 0.182531	-0.760198	-0.498555	 0.174419
-0.032254	-0.498153	-0.491377	-0.499453	-0.268215	-0.046488	-0.487221	 0.146590	 0.189412	-0.357958	-0.498555	 0.174419
-0.265803	-0.498153	-0.491377	-0.499453	-0.268215	 0.157307	-0.487221	 0.197287	 0.192852	-0.156838	-0.498555	 0.174419
-0.382578	-0.498153	-0.491377	-0.499453	-0.268215	 0.259204	-0.487221	 0.222635	 0.194572	-0.056278	-0.498555	 0.174419
-0.440965	-0.498153	-0.491377	-0.499453	-0.268215	-0.189848	-0.987221	 0.235310	 0.195432	-0.505999	-0.498555	 0.174419
-0.470159	-0.498153	-0.491377	-0.499453	-0.268215	-0.413095	-1.234247	 0.241647	 0.195862	-0.728947	-0.498555	 0.174419
-0.484756	-0.498153	-0.491377	-0.499453	-0.268215	-0.023447	-0.854797	 0.244815	 0.196077	-0.338518	-0.498555	 0.174419
-0.492054	-0.498153	-0.491377	-0.499453	-0.268215	 0.171378	-0.665072	 0.246400	 0.196184	-0.143303	-0.498555	 0.174419
-0.495703	-0.498153	-0.491377	-0.499453	-0.268215	 0.268790	-0.570210	-0.252808	 0.196238	-0.045695	-0.498555	 0.174419
-0.497528	-0.498153	-0.491377	-0.499453	-0.268215	 0.317496	-0.522778	-0.500908	 0.196265	 0.003108	-0.498555	 0.174419
-0.498440	-0.498153	-0.491377	-0.499453	-0.268215	-0.158151	-0.499063	-0.123460	 0.196278	 0.027510	-0.498555	 0.174419
-0.498896	-0.498153	-0.491377	-0.499453	-0.268215	-0.394707	-0.487205	 0.065264	 0.196285	 0.039711	-0.498555	 0.174419
-0.499124	-0.498153	-0.491377	-0.499453	-0.268215	-0.511722	-0.481276	 0.159626	 0.196288	 0.045811	-0.498555	 0.174419
 0.000762	-0.498153	-0.491377	-0.499453	-0.268215	-0.568972	-0.478312	 0.206807	 0.196290	 0.048862	-0.498555	 0.174419
 0.249703	-0.498153	-0.491377	-0.499453	-0.268215	-0.596345	-0.476829	 0.230398	 0.196291	 0.050387	-0.498555	 0.174419
 0.374174	-0.498153	-0.491377	-0.499453	-0.268215	-0.108784	-0.476088	 0.242193	 0.196291	 0.051149	-0.498555	 0.174419
 0.436410	-0.498153	-0.491377	-0.499453	-0.268215	 0.134997	-0.475718	 0.248090	 0.196291	 0.051531	-0.498555	 0.174419
 0.467527	-0.498153	-0.491377	-0.499453	-0.268215	-0.243113	-0.475532	-0.248961	 0.196292	 0.051721	-0.498555	 0.174419
 0.483086	-0.498153	-0.491377	-0.499453	-0.268215	-0.430926	-0.475440	-0.495994	 0.196292	 0.051817	-0.498555	 0.174419
 0.490866	-0.498153	-0.491377	-0.499453	-0.768215	-0.523594	-0.475393	-0.118025	 0.196292	 0.051864	-0.498555	 0.174419
 0.494755	-0.498153	-0.491377	-0.499453	-1.015678	-0.568696	-0.475370	 0.070960	 0.196292	 0.051888	-0.498555	 0.174419
 0.496700	-0.498153	-0.491377	-0.499453	-1.136884	-0.590020	-0.475359	 0.165452	 0.196292	 0.051900	-0.498555	 0.174419
 0.497673	-0.498153	-0.491377	-0.499453	-1.194970	-0.599458	-0.975353	 0.212698	 0.196292	 0.051906	-0.498555	 0.174419
 0.498159	-0.498153	-0.491377	-0.499453	-1.221507	-0.602960	-1.222399	 0.236321	 0.196292	 0.051909	-0.498555	 0.174419
 0.498402	-0.498153	-0.491377	-0.499453	-0.732280	-0.103498	-1.342984	-0.251867	 0.196292	 0.051910	-0.498555	 0.174419
 0.498523	-0.498153	-0.491377	-0.499453	-0.487666	 0.146233	-1.400349	-0.494481	 0.196292	 0.051911	-0.498555	 0.174419
-0.001416	-0.498153	-0.491377	-0.499453	-0.365359	-0.228902	-0.926116	-0.114314	 0.196292	 0.051912	-0.498555	 0.174419
-0.250383	-0.498153	-0.491377	-0.499453	-0.304206	-0.415261	-0.688999	 0.075769	 0.196292	 0.051912	-0.498555	 0.174419
-0.374866	-0.498153	-0.491377	-0.499453	-0.273629	-0.007237	-0.570441	 0.170811	 0.196292	 0.051912	-0.498555	 0.174419
-0.437108	-0.498153	-0.491377	-0.499453	-0.258341	 0.196775	-0.511162	 0.218332	 0.196292	 0.051912	-0.498555	 0.174419
 0.031771	-0.498153	-0.491377	-0.499453	-0.250697	-0.201219	-0.481522	 0.242092	-0.303708	 0.051912	-0.498555	 0.174419
 0.265210	-0.498153	-0.491377	-0.499453	-0.246874	-0.399018	-0.466703	 0.253973	-0.552101	 0.051912	-0.498555	 0.174419
 0.381929	-0.498153	-0.491377	-0.499453	-0.244963	-0.496724	-0.459293	 0.259913	-0.674696	 0.051912	-0.498555	 0.174419
-0.059712	-0.498153	-0.491377	-0.499453	-0.244008	-0.044388	-0.455588	-0.237117	-0.234399	 0.051912	-0.498555	 0.174419
-0.279529	-0.498153	-0.491377	-0.499453	-0.243530	 0.181780	-0.453735	-0.484164	-0.014251	 0.051912	-0.498555	 0.174419
-0.389438	-0.498153	-0.491377	-0.499453	-0.243291	 0.294864	-0.452809	-0.606225	 0.095823	 0.051912	-0.498555	 0.174419
-0.444392	-0.498153	-0.491377	-0.499453	-0.243172	 0.351406	-0.452346	-0.665799	 0.150861	 0.051912	-0.498555	 0.174419
 0.028130	-0.498153	-0.491377	-0.499453	-0.743112	 0.379677	-0.452114	-0.694135	 0.178379	 0.051912	-0.498555	 0.174419
 0.263390	-0.498153	-0.491377	-0.499453	-0.990596	 0.393813	-0.451999	-0.706858	 0.192138	 0.051912	-0.498555	 0.174419
 0.381021	-0.498153	-0.491377	-0.499453	-0.611862	-0.099119	-0.951941	-0.211780	 0.199018	 0.051912	-0.498555	 0.174419
 0.439836	-0.498153	-0.491377	-0.499453	-0.422495	-0.344401	-1.199008	 0.035758	 0.202458	 0.051912	-0.498555	 0.174419
 0.469243	-0.498153	-0.491377	-0.499453	-0.327811	-0.465863	-1.319649	 0.159528	 0.204178	 0.051912	-0.498555	 0.174419
-0.016053	-0.498153	-0.491377	-0.499453	-0.280470	-0.525419	-0.877090	-0.278588	 0.205038	-0.448088	-0.498555	 0.174419
-0.257699	-0.498153	-0.491377	-0.499453	-0.256799	-0.554027	-0.655810	-0.496212	 0.205468	-0.696192	-0.498555	 0.174419
 0.121479	-0.498153	-0.491377	-0.499453	-0.244963	-0.067166	-0.545170	-0.103596	 0.205683	-0.818355	-0.498555	 0.174419
 0.310066	-0.498153	-0.491377	-0.499453	-0.239046	 0.176265	-0.489850	 0.092712	 0.205790	-0.877556	-0.498555	 0.174419
-0.095640	-0.498153	-0.491377	-0.499453	-0.236087	-0.202020	-0.462190	 0.190865	 0.205844	-0.405283	-0.498555	 0.174419
-0.297491	-0.498153	-0.491377	-0.499453	-0.234607	-0.390002	-0.448360	 0.239942	 0.205871	-0.169146	-0.498555	 0.174419
-0.398416	-0.498153	-0.491377	-0.499453	-0.233868	 0.017163	-0.441445	-0.235519	 0.205884	-0.051078	-0.498555	 0.174419
-0.448879	-0.498153	-0.491377	-0.499453	-0.233498	 0.220746	-0.437987	-0.471828	 0.205891	 0.007956	-0.498555	 0.174419
-0.474110	-0.498153	-0.491377	-0.499453	-0.233313	 0.322537	-0.436259	-0.588566	 0.205894	 0.037473	-0.498555	 0.174419
 0.013274	-0.498153	-0.491377	-0.499453	-0.233220	 0.373433	-0.435394	-0.645525	 0.205896	 0.052232	-0.498555	 0.174419
 0.255965	-0.498153	-0.491377	-0.499453	-0.233174	 0.398880	-0.434962	-0.672599	 0.205897	 0.059611	-0.498555	 0.174419
 0.377311	-0.498153	-0.491377	-0.499453	-0.233151	 0.411604	-0.934746	-0.184737	 0.205897	 0.063301	-0.498555	 0.174419
 0.437983	-0.498153	-0.491377	-0.499453	-0.233139	 0.417966	-1.181769	 0.059195	 0.205897	 0.065146	-0.498555	 0.174419
 0.468320	-0.498153	-0.991377	-0.499453	-0.233134	 0.421147	-1.302423	 0.181160	 0.205898	 0.066068	-0.498555	 0.174419
 0.483488	-0.498153	-1.238394	-0.499453	-0.233131	 0.422738	-1.359903	 0.242143	 0.205898	 0.066529	-0.498555	 0.174419
 0.491072	-0.498153	-0.858932	-0.499453	-0.233129	 0.423533	-0.885809	 0.272634	 0.205898	 0.066760	-0.498555	 0.174419
 0.494864	-0.498153	-0.669201	-0.499453	-0.233129	 0.423931	-0.648762	 0.287880	 0.205898	 0.066875	-0.498555	 0.174419
 0.496760	-0.498153	-0.574335	-0.499453	-0.233128	 0.424129	-0.530238	 0.295503	 0.205898	 0.066933	-0.498555	 0.174419
 0.497708	-0.498153	-0.526902	-0.499453	-0.233128	 0.424229	-0.470976	 0.299314	 0.205898	 0.066962	-0.498555	 0.174419
 0.498182	-0.498153	-0.503186	-0.499453	-0.233128	 0.424279	-0.441346	 0.301220	 0.205898	 0.066976	-0.498555	 0.174419
-0.001581	-0.498153	-0.491328	-0.499453	-0.233128	-0.075697	-0.426530	 0.302173	 0.205898	-0.433017	-0.498555	 0.174419
-0.250460	-0.498153	-0.485399	-0.499453	-0.233128	-0.324533	-0.419122	 0.302649	 0.205898	-0.681147	-0.498555	 0.174419
-0.374899	-0.498153	-0.482434	-0.499453	-0.233128	-0.447804	-0.415419	-0.197113	 0.205898	-0.303354	-0.498555	 0.174419
-0.437119	-0.498153	-0.480952	-0.499453	-0.233128	-0.508298	-0.413567	-0.445600	 0.205898	-0.114457	-0.498555	 0.174419
-0.468229	-0.498153	-0.480211	-0.499453	-0.733128	-0.037407	-0.412641	-0.068455	 0.205898	-0.020009	-0.498555	 0.174419
-0.483784	-0.498153	-0.479840	-0.499453	-0.980662	 0.198038	-0.412178	 0.120117	 0.205898	 0.027216	-0.498555	 0.174419
-0.491561	-0.498153	-0.479655	-0.499453	-1.101972	 0.315761	-0.411946	 0.214403	 0.205898	 0.050828	-0.498555	 0.174419
-0.495450	-0.498153	-0.479562	-0.499453	-0.660181	 0.374623	-0.911830	-0.238454	 0.205898	 0.062634	-0.498555	 0.174419
-0.497394	-0.498153	-0.479516	-0.499453	-0.439285	 0.404053	-1.158949	-0.463499	 0.205898	 0.068537	-0.498555	 0.174419
 0.001634	-0.498153	-0.479493	-0.499453	-0.328837	 0.418769	-0.779696	-0.574645	 0.205898	-0.428512	-0.498555	 0.174419
 0.250146	-0.498153	-0.479481	-0.499453	-0.273613	 0.426126	-0.590070	-0.628847	 0.205898	-0.675185	-0.498555	 0.174419
 0.374403	-0.498153	-0.479475	-0.499453	-0.246001	 0.429805	-0.495257	-0.154581	 0.205898	-0.796678	-0.498555	 0.174419
 0.436531	-0.498153	-0.479473	-0.499453	-0.232195	 0.431644	-0.447850	 0.082552	 0.205898	-0.855588	-0.498555	 0.174419
 0.467595	-0.498153	-0.479471	-0.499453	-0.225292	 0.432564	-0.424147	-0.298882	 0.205898	-0.383214	-0.498555	 0.174419
 0.483127	-0.498153	-0.479470	-0.499453	-0.221841	 0.433024	-0.412295	-0.488238	 0.205898	-0.147027	-0.498555	 0.174419
 0.490893	-0.498153	-0.479470	-0.499453	-0.220115	 0.433254	-0.406369	-0.581561	 0.205898	-0.028933	-0.498555	 0.174419
 0.494776	-0.498153	-0.479470	-0.499453	-0.219252	-0.066631	-0.403406	-0.126873	 0.205898	 0.030113	-0.498555	 0.174419
 0.496717	-0.498153	-0.479470	-0.499453	-0.218821	-0.315441	-0.401925	 0.100471	 0.205898	 0.059637	-0.498555	 0.174419
-0.002312	-0.498153	-0.479470	-0.499453	-0.218605	 0.061283	-0.401184	 0.214143	 0.205898	-0.425602	-0.498555	 0.174419
-0.250824	-0.498153	-0.479470	-0.499453	-0.218497	 0.249645	-0.400814	 0.270979	 0.205898	-0.666399	-0.498555	 0.174419
 0.124920	-0.498153	-0.479470	-0.499453	-0.218443	 0.343826	-0.400629	 0.299397	 0.205898	-0.784983	-0.498555	 0.174419
 0.311791	-0.498153	-0.479470	-0.499453	-0.218416	 0.390916	-0.400536	 0.313606	 0.205898	-0.842468	-0.498555	 0.174419
 0.405226	-0.498153	-0.479470	-0.499453	-0.218403	-0.085538	-0.900490	-0.179289	 0.205898	-0.869411	-0.498555	 0.174419
 0.451944	-0.498153	-0.479470	-0.499453	-0.218396	-0.322642	-1.147666	-0.424392	 0.205898	-0.881090	-0.498555	 0.174419
 0.475303	-0.498153	-0.479470	-0.499453	-0.218393	-0.440074	-1.268464	-0.545605	 0.205898	-0.885143	-0.498555	 0.174419
 0.486982	-0.498153	-0.479470	-0.499453	-0.218391	 0.002325	-0.826085	-0.104878	 0.205898	-0.385392	-0.498555	 0.174419
 0.492822	-0.498153	-0.479470	-0.499453	-0.218390	 0.223524	-0.604895	 0.115486	 0.205898	-0.135516	-0.498555	 0.174419
-0.004258	-0.498153	-0.479470	-0.499453	-0.218390	 0.334124	-0.494300	 0.225668	 0.205898	-0.010578	-0.498555	 0.174419
-0.251796	-0.498153	-0.479470	-0.499453	-0.218390	 0.389424	-0.439003	 0.280758	 0.205898	 0.051891	-0.498555	 0.174419
 0.124436	-0.498153	-0.479470	-0.499453	-0.218390	 0.417074	-0.411354	-0.191696	 0.205898	 0.083125	-0.498555	 0.174419
 0.311550	-0.498153	-0.479470	-0.499453	-0.218389	 0.430899	-0.397530	-0.426595	 0.205898	 0.098742	-0.498555	 0.174419
 0.405107	-0.498153	-0.479470	-0.499453	-0.218389	-0.062189	-0.390618	-0.042722	 0.205898	 0.106551	-0.498555	 0.174419
 0.451886	-0.498153	-0.479470	-0.499453	-0.218389	-0.307622	-0.387161	 0.149215	 0.205898	 0.110455	-0.498555	 0.174419
 0.475275	-0.498153	-0.479470	-0.499453	-0.218389	-0.429232	-0.385433	 0.245184	 0.205898	 0.112407	-0.498555	 0.174419
 0.486970	-0.498153	-0.479470	-0.499453	-0.218389	 0.011064	-0.884569	-0.206832	 0.205898	 0.113383	-0.498555	 0.174419
 0.492817	-0.498153	-0.479470	-0.499453	-0.218389	 0.231212	-1.131370	-0.431522	 0.205898	 0.113872	-0.498555	 0.174419
 0.495741	-0.498153	-0.479470	-0.499453	-0.218389	 0.341287	-1.252014	-0.542555	 0.205898	 0.114116	-0.498555	 0.174419
 0.497202	-0.498153	-0.479470	-0.499453	-0.218389	 0.396324	-0.809591	-0.096764	 0.205898	 0.114238	-0.498555	 0.174419
-0.002067	-0.498153	-0.479470	-0.499453	-0.218389	 0.423842	-0.588379	-0.373869	 0.205898	-0.385701	-0.498555	 0.174419
-0.250699	-0.498153	-0.479470	-0.499453	-0.218389	 0.437601	-0.477773	-0.511119	 0.205898	-0.633900	-0.498555	 0.174419
 0.124986	-0.498153	-0.479470	-0.499453	-0.718389	 0.444481	-0.422470	-0.078448	 0.205898	-0.256235	-0.498555	 0.174419
 0.311826	-0.498153	-0.479470	-0.499453	-0.965953	 0.447921	-0.394819	 0.137888	 0.205898	-0.067402	-0.498555	 0.174419
 0.405247	-0.498153	-0.479470	-0.499453	-1.087307	 0.449641	-0.380993	 0.246056	 0.205898	 0.027014	-0.498555	 0.174419
 0.451957	-0.498153	-0.479470	-0.499453	-1.145567	 0.450501	-0.874080	-0.199860	 0.205898	 0.074222	-0.498555	 0.174419
 0.475312	-0.498153	-0.479470	-0.499453	-1.172290	 0.450931	-1.117889	-0.421526	 0.205898	 0.097826	-0.498555	 0.174419
-0.013011	-0.498153	-0.479470	-0.499453	-0.683253	 0.451146	-0.737071	-0.031073	 0.205898	 0.109628	-0.498555	 0.174419
-0.256169	-0.498153	-0.479470	-0.499453	-0.438734	 0.451253	-0.546661	 0.164153	 0.205898	 0.115529	-0.498555	 0.174419
 0.122252	-0.498153	-0.479470	-0.499453	-0.316475	-0.048693	-0.451456	 0.261767	 0.205898	 0.118480	-0.498555	 0.174419
 0.310461	-0.498153	-0.479470	-0.499453	-0.255345	-0.297569	-0.403854	 0.310573	 0.205898	 0.119955	-0.498555	 0.174419
 0.404565	-0.498153	-0.479470	-0.499453	-0.224781	 0.079086	-0.380053	-0.165023	 0.205898	 0.120693	-0.498555	 0.174419
 0.451617	-0.498153	-0.479470	-0.499453	-0.209498	 0.267413	-0.368152	-0.401541	 0.205898	 0.121062	-0.498555	 0.174419
 0.475143	-0.498153	-0.479470	-0.499453	-0.201857	 0.361577	-0.362202	-0.518523	 0.205898	 0.121246	-0.498555	 0.174419
 0.486906	-0.498153	-0.479470	-0.499453	-0.198036	-0.091341	-0.359227	-0.575743	 0.205898	 0.121338	-0.498555	 0.174419
 0.492788	-0.498153	-0.479470	-0.499453	-0.196126	-0.316711	-0.357739	-0.603087	 0.205898	 0.121384	-0.498555	 0.174419
 0.495729	-0.498153	-0.479470	-0.499453	-0.195171	-0.428313	-0.356996	-0.615499	 0.205898	 0.121407	-0.498555	 0.174419
-0.002801	-0.498153	-0.479470	-0.499453	-0.194693	 0.016967	-0.356624	-0.120448	 0.205898	 0.121419	-0.498555	 0.174419
-0.251063	-0.498153	-0.479470	-0.499453	-0.194455	 0.239606	-0.356438	 0.127077	 0.205898	 0.121425	-0.498555	 0.174419
 0.124806	-0.498153	-0.479470	-0.499453	-0.694335	 0.350926	-0.356345	-0.249161	 0.205898	 0.121428	-0.498555	 0.174419
 0.311739	-0.498153	-0.479470	-0.499453	-0.941887	 0.406586	-0.356298	-0.436029	 0.205898	 0.121429	-0.498555	 0.174419
 0.405206	-0.498153	-0.479470	-0.499453	-0.563284	 0.434416	-0.856275	-0.028217	 0.205898	 0.121430	-0.498555	 0.174419
 0.451939	-0.498153	-0.479470	-0.499453	-0.373983	 0.448331	-1.103551	 0.175689	 0.205898	 0.121430	-0.498555	 0.174419
-0.024694	-0.498153	-0.479470	-0.499453	-0.279332	-0.044712	-0.724487	 0.277642	 0.205898	 0.121430	-0.498555	 0.174419
-0.262009	-0.498153	-0.479470	-0.499453	-0.232007	-0.290157	-0.534955	 0.328618	 0.205898	 0.121430	-0.498555	 0.174419
-0.380666	-0.498153	-0.479470	-0.499453	-0.208344	-0.411809	-0.440189	 0.354107	 0.205898	 0.121430	-0.498555	 0.174419
-0.439994	-0.498153	-0.479470	-0.499453	-0.196513	 0.028432	-0.392806	 0.366851	 0.205898	 0.121430	-0.498555	 0.174419
-0.469658	-0.498153	-0.479470	-0.499453	-0.190597	 0.248553	-0.369115	 0.373223	 0.205898	 0.121431	-0.498555	 0.174419
-0.484490	-0.498153	-0.479470	-0.499453	-0.187639	 0.358613	-0.357269	 0.376409	 0.205898	 0.121431	-0.498555	 0.174419
-0.491906	-0.498153	-0.479470	-0.499453	-0.186160	 0.413643	-0.351346	 0.378002	 0.205898	 0.121431	-0.498555	 0.174419
-0.495615	-0.498153	-0.479470	-0.499453	-0.185421	-0.058842	-0.348385	-0.121202	 0.205898	 0.121431	-0.498555	 0.174419
-0.497469	-0.498153	-0.479470	-0.499453	-0.185051	-0.294022	-0.346904	-0.369562	 0.205898	 0.121431	-0.498555	 0.174419
-0.498396	-0.498153	-0.479470	-0.499453	-0.184866	 0.089447	-0.846164	 0.007493	 0.205898	 0.121431	-0.498555	 0.174419
-0.498859	-0.498153	-0.479470	-0.499453	-0.184774	 0.281181	-1.093103	 0.196021	 0.205898	 0.121431	-0.498555	 0.174419
-0.499091	-0.498153	-0.479470	-0.499453	-0.184727	 0.377048	-1.213892	 0.290284	 0.205898	 0.121431	-0.498555	 0.174419
 0.000793	-0.498153	-0.479470	-0.499453	-0.184704	 0.424982	-0.771617	-0.162584	 0.205898	 0.121431	-0.498555	 0.174419
 0.249734	-0.498153	-0.479470	-0.499453	-0.184693	 0.448949	-0.550480	-0.387787	 0.205898	 0.121431	-0.498555	 0.174419
 0.374204	-0.498153	-0.479470	-0.499453	-0.184687	-0.039068	-0.439911	 0.000838	 0.205898	 0.121431	-0.498555	 0.174419
 0.436440	-0.498153	-0.479470	-0.499453	-0.184684	-0.282022	-0.384627	 0.195150	 0.205898	 0.121431	-0.498555	 0.174419
-0.032443	-0.498153	-0.479470	-0.499453	-0.684683	 0.097551	-0.856985	 0.292306	 0.205898	 0.121431	-0.498555	 0.174419
-0.265881	-0.498153	-0.479470	-0.499453	-0.932313	 0.287337	-1.090505	 0.340884	 0.205898	 0.121431	-0.498555	 0.174419
-0.382601	-0.498153	-0.479470	-0.499453	-0.553768	-0.117770	-1.204617	 0.365173	 0.205898	 0.121431	-0.498555	 0.174419
-0.440960	-0.498153	-0.479470	-0.499453	-0.364495	-0.319277	-1.259036	 0.377318	 0.205898	 0.121431	-0.498555	 0.174419
-0.470140	-0.498153	-0.479470	-0.499453	-0.269859	-0.418989	-1.283618	 0.383390	 0.205898	 0.121431	-0.498555	 0.174419
 0.015270	-0.498153	-0.479470	-0.499453	-0.222541	 0.032192	-1.293293	 0.386426	 0.205898	 0.121431	-0.498555	 0.174419
 0.256974	-0.498153	-0.479470	-0.499453	-0.198882	 0.257782	-1.295524	 0.387944	 0.205898	 0.121431	-0.498555	 0.174419
-0.122175	-0.498153	-0.479470	-0.499453	-0.187052	-0.129422	-0.794045	 0.388703	 0.205898	-0.878569	-0.498555	 0.174419
-0.310746	-0.498153	-0.479470	-0.499453	-0.181137	-0.321991	-0.543305	 0.389083	 0.205898	-1.374812	-0.498555	 0.174419
 0.094968	-0.498153	-0.479470	-0.499453	-0.178180	-0.417247	-0.417935	 0.389272	 0.205898	-0.619192	-0.498555	 0.174419
 0.296824	-0.498153	-0.479470	-0.499453	-0.176701	-0.463849	-0.355250	 0.389367	 0.205898	-0.241381	-0.498555	 0.174419
-0.102248	-0.498153	-0.479470	-0.499453	-0.175962	 0.013870	-0.323907	-0.110585	 0.205898	-0.052476	-0.498555	 0.174419
-0.300781	-0.498153	-0.479470	-0.499453	-0.175592	 0.252730	-0.308236	-0.359341	 0.205898	 0.041976	-0.498555	 0.174419
-0.400048	-0.498153	-0.479470	-0.499453	-0.175408	 0.372160	-0.300401	-0.482502	 0.205898	 0.089203	-0.498555	 0.174419
 0.050319	-0.498153	-0.479470	-0.499453	-0.175315	 0.431875	-0.296483	-0.042871	 0.205898	 0.112816	-0.498555	 0.174419
 0.274500	-0.498153	-0.479470	-0.499453	-0.175269	 0.461732	-0.294524	 0.176944	 0.205898	 0.124622	-0.498555	 0.174419
 0.386591	-0.498153	-0.479470	-0.499453	-0.175246	-0.023339	-0.293544	-0.213148	 0.205898	 0.130526	-0.498555	 0.174419
 0.442637	-0.498153	-0.479470	-0.499453	-0.175234	-0.264858	-0.293055	-0.406988	 0.205898	 0.133477	-0.498555	 0.174419
 0.470660	-0.498153	-0.479470	-0.499453	-0.175228	 0.115395	-0.292810	-0.002706	 0.205898	-0.365047	-0.498555	 0.174419
 0.484671	-0.498153	-0.479470	-0.499453	-0.175226	 0.305522	-0.292687	 0.199435	 0.205898	-0.612582	-0.498555	 0.174419
 0.491677	-0.498153	-0.479470	-0.499453	-0.175224	-0.099415	-0.292626	-0.199495	 0.205898	-0.734629	-0.498555	 0.174419
 0.495180	-0.498153	-0.479470	-0.499453	-0.175223	-0.300874	-0.292596	-0.397763	 0.205898	-0.793939	-0.498555	 0.174419
 0.496931	-0.498153	-0.479470	-0.499453	-0.175223	-0.400599	-0.292580	-0.495705	 0.205898	-0.821888	-0.498555	 0.174419
-0.002193	-0.498153	-0.479470	-0.499453	-0.175223	 0.050539	-0.292573	-0.043488	 0.205898	-0.334163	-0.498555	 0.174419
-0.250753	-0.498153	-0.479470	-0.499453	-0.175223	 0.275104	-0.292569	 0.182620	 0.205898	-0.090300	-0.498555	 0.174419
 0.124967	-0.498153	-0.479470	-0.499453	-0.175223	-0.112613	-0.292567	-0.204326	 0.205898	 0.031631	-0.498555	 0.174419
 0.311826	-0.498153	-0.479470	-0.499453	-0.175223	-0.305471	-0.292566	-0.396617	 0.205898	 0.092597	-0.498555	 0.174419
 0.405256	-0.498153	-0.479470	-0.499453	-0.175223	 0.098100	-0.292565	 0.008416	 0.205898	 0.123080	-0.498555	 0.174419
 0.451970	-0.498153	-0.479470	-0.499453	-0.175223	 0.298883	-0.292565	 0.210932	 0.205898	 0.138321	-0.498555	 0.174419
-0.024672	-0.498153	-0.479470	-0.499453	-0.175223	 0.399274	-0.292565	 0.312190	 0.205898	-0.354058	-0.498555	 0.174419
-0.261991	-0.498153	-0.479470	-0.499453	-0.175223	 0.449469	-0.292565	 0.362820	 0.205898	-0.598555	-0.498555	 0.174419
-0.380650	-0.498153	-0.479470	-0.499453	-0.175223	 0.474567	-0.292565	 0.388134	 0.205898	-0.719117	-0.498555	 0.174419
-0.439980	-0.498153	-0.479470	-0.499453	-0.175223	 0.487116	-0.292565	-0.099209	 0.205898	-0.277719	-0.498555	 0.174419
-0.469645	-0.498153	-0.479470	-0.499453	-0.175223	 0.493390	-0.292565	-0.341707	 0.205898	-0.057020	-0.498555	 0.174419
-0.484477	-0.498153	-0.479470	-0.499453	-0.175223	-0.003472	-0.292565	 0.038212	 0.205898	 0.053330	-0.498555	 0.174419
-0.491894	-0.498153	-0.479470	-0.499453	-0.175223	-0.250903	-0.292565	 0.228172	 0.205898	 0.108505	-0.498555	 0.174419
-0.495602	-0.498153	-0.479470	-0.499453	-0.175223	 0.125381	-0.792565	 0.323152	 0.205898	 0.136092	-0.498555	 0.174419
-0.497456	-0.498153	-0.479470	-0.499453	-0.175223	 0.312520	-1.039980	 0.370642	 0.205898	 0.149886	-0.498555	 0.174419
-0.498383	-0.498153	-0.479470	-0.499453	-0.175223	 0.406090	-0.661112	 0.394387	 0.205898	 0.156783	-0.498555	 0.174419
-0.498846	-0.498153	-0.479470	-0.499453	-0.175223	 0.452875	-0.471679	 0.406259	 0.205898	 0.160231	-0.498555	 0.174419
-0.499078	-0.498153	-0.479470	-0.499453	-0.175223	 0.476267	-0.376962	 0.412195	 0.205898	 0.161955	-0.498555	 0.174419
-0.499194	-0.498153	-0.479470	-0.499453	-0.175223	 0.487963	-0.829604	 0.415164	 0.205898	-0.337183	-0.498555	 0.174419
-0.499252	-0.498153	-0.479470	-0.499453	-0.175223	 0.493811	-1.053360	 0.416648	 0.205898	-0.585079	-0.498555	 0.174419
 0.000719	-0.498153	-0.479470	-0.499453	-0.175223	 0.496735	-0.662684	 0.417390	 0.205898	-0.207361	-0.498555	 0.174419
 0.249703	-0.498153	-0.479470	-0.499453	-0.175223	 0.498197	-0.467346	 0.417761	 0.205898	-0.018502	-0.498555	 0.174419
-0.125805	-0.498153	-0.479470	-0.499453	-0.175223	 0.498928	-0.369677	 0.417946	 0.205898	-0.424073	-0.498555	 0.174419
-0.312556	-0.498153	-0.479470	-0.499453	-0.175223	 0.499294	-0.320842	 0.418039	 0.205898	-0.625199	-0.498555	 0.174419
 0.094068	-0.498153	-0.479470	-0.499453	-0.175223	 0.499477	-0.296425	-0.081915	 0.205898	-0.224109	-0.498555	 0.174419
 0.296379	-0.498153	-0.479470	-0.499453	-0.175223	 0.499568	-0.284216	-0.330728	 0.205898	-0.023564	-0.498555	 0.174419
 0.397535	-0.498153	-0.479470	-0.499453	-0.175223	 0.499614	-0.278112	-0.453975	 0.205898	 0.076708	-0.498555	 0.174419
 0.448112	-0.498153	-0.479470	-0.499453	-0.175223	 0.499637	-0.275060	-0.014445	 0.205898	 0.126844	-0.498555	 0.174419
 0.473401	-0.498153	-0.479470	-0.499453	-0.175223	 0.499648	-0.273534	 0.205321	 0.205898	 0.151912	-0.498555	 0.174419
-0.013954	-0.498153	-0.479470	-0.499453	-0.175223	 0.499654	-0.272771	 0.315204	 0.205898	 0.164446	-0.498555	 0.174419
-0.256630	-0.498153	-0.479470	-0.499453	-0.175223	 0.499657	-0.272389	 0.370145	 0.205898	 0.170714	-0.498555	 0.174419
 0.122033	-0.498153	-0.479470	-0.499453	-0.675223	-0.000342	-0.772198	-0.102384	 0.205898	 0.173847	-0.498555	 0.174419
 0.310363	-0.498153	-0.479470	-0.499453	-0.922872	-0.249341	-1.019559	-0.337499	 0.205898	 0.175414	-0.498555	 0.174419
-0.095473	-0.498153	-0.479470	-0.499453	-0.544356	 0.126160	-1.640705	 0.046088	 0.205898	-0.323803	-0.498555	 0.174419
-0.297387	-0.498153	-0.479470	-0.499453	-0.355098	 0.312907	-1.946755	 0.237882	 0.205898	-0.571765	-0.498555	 0.174419
-0.398345	-0.498153	-0.479470	-0.499453	-0.260469	 0.406281	-1.095274	 0.333779	 0.205898	-0.194107	-0.498555	 0.174419
-0.448824	-0.498153	-0.479470	-0.499453	-0.213154	 0.452967	-0.669534	 0.381728	 0.205898	-0.005278	-0.498555	 0.174419
-0.474063	-0.498153	-0.479470	-0.499453	-0.189497	 0.476311	-0.456664	 0.405702	 0.205898	 0.089137	-0.498555	 0.174419
 0.013317	-0.498153	-0.479470	-0.499453	-0.177668	-0.012018	-0.350228	 0.417689	 0.205898	 0.136344	-0.498555	 0.174419
 0.256006	-0.498153	-0.479470	-0.499453	-0.171754	-0.255181	-0.297011	 0.423683	 0.205898	 0.159948	-0.498555	 0.174419
 0.377350	-0.498153	-0.479470	-0.499453	-0.168797	-0.376763	-0.270402	-0.073320	 0.205898	-0.328250	-0.498555	 0.174419
 0.438023	-0.498153	-0.479470	-0.499453	-0.167318	-0.437554	-0.257098	-0.320681	 0.205898	-0.570716	-0.498555	 0.174419
-0.031641	-0.498153	-0.479470	-0.499453	-0.666579	 0.032051	-0.250445	 0.056774	 0.205898	-0.190323	-0.498555	 0.174419
-0.265471	-0.498153	-0.479470	-0.499453	-0.913878	 0.265850	-0.247119	 0.245502	 0.205898	-0.000127	-0.498555	 0.174419
-0.382385	-0.498153	-0.479470	-0.499453	-0.535205	-0.117251	-0.245456	 0.339866	 0.205898	 0.094972	-0.498555	 0.174419
