-0.495863	-0.498179	-0.469355	-0.493590	 0.010465	 0.472322	-0.017750	-0.252244	-0.498574	 0.216199	-0.498948	 0.027880
-0.497413	-0.498179	-0.469355	-0.493590	 0.010465	 0.486031	-0.017750	-0.252244	-0.498939	 0.263334	-0.498948	 0.027880
 0.001811	-0.498179	-0.469355	-0.493590	 0.010465	-0.007115	-0.017750	-0.252243	-0.499122	-0.213098	-0.498948	 0.027880
 0.250422	-0.498179	-0.469355	-0.493590	 0.010465	-0.252687	-0.017750	-0.252243	-0.499213	-0.449936	-0.498948	 0.027880
 0.374727	-0.498179	-0.469355	-0.493590	 0.010465	-0.375473	-0.017750	-0.252243	-0.499259	-0.566981	-0.498948	 0.027880
-0.063120	-0.498179	-0.469355	-0.493590	 0.010465	 0.063134	-0.017750	-0.252243	 0.000718	-0.124135	-0.498948	 0.027880
-0.281042	-0.498179	-0.469355	-0.493590	 0.010465	 0.281434	-0.017750	-0.252243	 0.249706	 0.097288	-0.498948	 0.027880
-0.390003	-0.498179	-0.469355	-0.493590	 0.010465	 0.390584	-0.017750	-0.252243	-0.125801	 0.207999	-0.498948	 0.027880
-0.444484	-0.498179	-0.469355	-0.493590	 0.010465	 0.445159	-0.017750	-0.252243	-0.312551	 0.263355	-0.498948	 0.027880
-0.471724	-0.498179	-0.469355	-0.493590	 0.010465	-0.027554	-0.017750	-0.252243	-0.405927	 0.291032	-0.498948	 0.027880
-0.485344	-0.498179	-0.469355	-0.493590	 0.010465	-0.262909	-0.017750	-0.252243	-0.452614	 0.304871	-0.498948	 0.027880
-0.492154	-0.498179	-0.469355	-0.493590	 0.010465	 0.119413	-0.017750	-0.252243	-0.475958	 0.311791	-0.498948	 0.027880
-0.495559	-0.498179	-0.469355	-0.493590	 0.010465	 0.309570	-0.017750	-0.252243	-0.487630	 0.315251	-0.498948	 0.027880
-0.497262	-0.498179	-0.469355	-0.493590	 0.010465	 0.404649	-0.017750	-0.252243	-0.493466	 0.316980	-0.498948	 0.027880
-0.498113	-0.498179	-0.469355	-0.493590	 0.010465	 0.452188	-0.017750	-0.252243	-0.496384	 0.317845	-0.498948	 0.027880
-0.498538	-0.498179	-0.469355	-0.493590	 0.010465	 0.475958	-0.017750	-0.252243	-0.497843	 0.318278	-0.498948	 0.027880
 0.001249	-0.498179	-0.469355	-0.493590	 0.010465	-0.012157	-0.017750	-0.252243	-0.498572	 0.318494	-0.498948	 0.027880
 0.250140	-0.498179	-0.469355	-0.493590	 0.010465	-0.255214	-0.017750	-0.252243	-0.498937	 0.318602	-0.498948	 0.027880
-0.125414	-0.498179	-0.469355	-0.493590	 0.010465	 0.123257	-0.017750	-0.752243	-0.499120	 0.318656	-0.498948	 0.027880
-0.312189	-0.498179	-0.469355	-0.493590	 0.010465	 0.311490	-0.017750	-0.999738	-0.499211	 0.318683	-0.498948	 0.027880
 0.094423	-0.498179	-0.969355	-0.493590	 0.010465	-0.094394	-0.017750	-0.620992	-0.499256	 0.318697	-0.498948	 0.027880
 0.296727	-0.498179	-1.216416	-0.493590	 0.010465	-0.296335	-0.017750	-0.431618	-0.499279	 0.318704	-0.498948	 0.027880
 0.397879	-0.498179	-1.337020	-0.493590	 0.010465	-0.397306	-0.017750	-0.336932	-0.499291	 0.318707	-0.498948	 0.027880
-0.051544	-0.498179	-0.894406	-0.493590	 0.010465	 0.052209	-0.017750	-0.289588	-0.499296	 0.318709	-0.498948	 0.027880
-0.275255	-0.498179	-0.673100	-0.493590	 0.010465	 0.275962	-0.017750	-0.265917	-0.499299	 0.318709	-0.498948	 0.027880
-0.387110	-0.498179	-0.562446	-0.493590	 0.010465	 0.387839	-0.017750	-0.254081	-0.499300	-0.181290	-0.498948	 0.027880
-0.443037	-0.498179	-0.507120	-0.493590	 0.010465	 0.443778	-0.017750	-0.248163	-0.499301	-0.429927	-0.498948	 0.027880
 0.028999	-0.498179	-0.479456	-0.493590	 0.010465	 0.471747	-0.017750	-0.745204	-0.499302	-0.052889	-0.498948	 0.027880
 0.264015	-0.498179	-0.465625	-0.493590	 0.010465	 0.485732	-0.017750	-0.991240	-0.499302	 0.135630	-0.498948	 0.027880
 0.381523	-0.498179	-0.458709	-0.493590	 0.010465	-0.007276	-0.017750	-0.611783	-0.499302	 0.229890	-0.498948	 0.027880
 0.440277	-0.498179	-0.455251	-0.493590	 0.010465	-0.252779	-0.017750	-0.422055	-0.499302	 0.277020	-0.498948	 0.027880
 0.469654	-0.498179	-0.453522	-0.493590	 0.010465	-0.375531	-0.017750	-0.327191	-0.499302	 0.300585	-0.498948	 0.027880
 0.484343	-0.498179	-0.452658	-0.493590	 0.010465	 0.063093	-0.017750	-0.279759	-0.499302	 0.312367	-0.498948	 0.027880
 0.491687	-0.498179	-0.452225	-0.493590	 0.010465	 0.281402	-0.017750	-0.256043	-0.499302	 0.318259	-0.498948	 0.027880
-0.004641	-0.498179	-0.452009	-0.493590	 0.010465	 0.390556	-0.517750	-0.244185	-0.499302	 0.321204	-0.498948	 0.027880
-0.251803	-0.498179	-0.451901	-0.493590	 0.010465	 0.445133	-0.765715	-0.238256	-0.499302	 0.322677	-0.498948	 0.027880
 0.124616	-0.498179	-0.451847	-0.493590	 0.010465	 0.472422	-0.387670	 0.264709	-0.499302	 0.323413	-0.498948	 0.027880
 0.311824	-0.498179	-0.451820	-0.493590	 0.010465	 0.486066	-0.198647	 0.514656	-0.499302	 0.323782	-0.498948	 0.027880
-0.094573	-0.498179	-0.451807	-0.493590	 0.010465	 0.492888	-0.104136	 0.138100	 0.000698	 0.323966	-0.498948	 0.027880
-0.296769	-0.498179	-0.451800	-0.493590	 0.010465	 0.496299	-0.056880	-0.050178	 0.249697	 0.324058	-0.498948	 0.027880
-0.397867	-0.498179	-0.451796	-0.493590	 0.010465	 0.498005	-0.033252	-0.144317	 0.374196	 0.324104	-0.498948	 0.027880
 0.051584	-0.498179	 0.048205	-0.493590	 0.010465	 0.498858	-0.021439	 0.308614	 0.436446	 0.324127	-0.498948	 0.027880
 0.275307	-0.498179	 0.297110	-0.493590	 0.010465	 0.499284	-0.015532	 0.533556	 0.467570	 0.324138	-0.498948	 0.027880
 0.387169	-0.498179	-0.079530	-0.493590	 0.010465	 0.999497	 0.487422	 0.644510	 0.483133	 0.324144	-0.498948	 0.027880
 0.443100	-0.498179	-0.267850	-0.493590	 0.010465	 1.246605	 0.736918	 0.698476	 0.490914	 0.324147	-0.498948	 0.027880
 0.471065	-0.498179	-0.362010	-0.493590	 0.010465	 1.367171	 0.859693	 1.223954	 0.494805	 0.324148	-0.498948	 0.027880
 0.485048	-0.498179	-0.409090	-0.493590	 0.010465	 1.424478	 0.919116	 1.483194	 0.496750	 0.324149	-0.498948	 0.027880
 0.492039	-0.498179	-0.432630	-0.493590	 0.010465	 1.450169	 1.446870	 1.609330	 0.497723	 0.824149	 0.001052	 0.027880
 0.495535	-0.498179	-0.444400	-0.493590	 0.010465	 1.460062	 1.706798	 1.668926	 0.498209	 1.071501	 0.250050	 0.027880
 0.497283	-0.498179	-0.450285	-0.493590	 0.010465	 1.462069	 1.832828	 1.695268	 0.498452	 1.192539	 0.374549	 0.027880
 0.498157	-0.498179	-0.453227	-0.493590	 0.010465	 1.460144	 1.891926	 1.704995	 0.498574	 1.250431	 0.436798	 0.027880
 0.498594	-0.498179	-0.454699	-0.493590	 0.010465	 1.456265	 1.917573	 1.706429	 0.498634	 1.276761	 0.467923	 0.027880
-0.001188	-0.498179	 0.044566	-0.493590	 0.010465	 1.951421	 1.426509	 1.703731	 0.498665	 1.287319	-0.016515	 0.027880
-0.250077	-0.498179	 0.293110	-0.493590	 0.010465	 2.194106	 1.179107	 1.698979	 0.498680	 1.290003	-0.257732	 0.027880
-0.374521	-0.498179	 0.416299	-0.493590	 0.010465	 2.310575	 1.053542	 1.193215	 0.498688	 1.288759	 0.121660	 0.027880
-0.436743	-0.498179	 0.476815	-0.493590	 0.010465	 2.363955	 0.988904	 0.938958	 0.498691	 1.285562	 0.310353	 0.027880
 0.032146	-0.498179	 0.505998	-0.493590	 0.010465	 1.885810	 0.954736	 0.810460	 0.498693	 0.781399	-0.095300	 0.027880
 0.265588	-0.498179	 0.519519	-0.493590	 0.010465	 1.643923	 0.935811	 0.744847	 0.498694	 0.529318	-0.297124	 0.027880
 0.382309	-0.498179	 0.525213	-0.493590	 0.010465	 1.520175	 0.924515	 0.710683	 0.498695	 0.403277	-0.398037	 0.027880
 0.440670	-0.498179	 0.526999	-0.493590	 0.010465	 1.455508	 0.917041	 0.692247	 0.498695	 0.340256	-0.448493	 0.027880
 0.469850	-0.498179	 0.526834	-0.493590	 0.010465	 1.420393	 0.911484	 0.681682	 0.498695	 0.308746	-0.473721	 0.027880
-0.015560	-0.498179	 0.025698	-0.493590	 0.010465	 1.400065	 0.406894	 0.675057	 0.498695	 0.292991	-0.486335	 0.027880
-0.257263	-0.498179	-0.224870	-0.493590	 0.010465	 1.387141	 0.154599	 0.670407	 0.498695	 0.285114	-0.492642	 0.027880
 0.121886	-0.498179	-0.350154	-0.493590	 0.010465	 0.877931	 0.028452	 0.666751	-0.001305	 0.281175	-0.495796	 0.027880
 0.310458	-0.498179	-0.412796	-0.493590	 0.010465	 0.623326	-0.034622	 0.663597	-0.250302	 0.279205	-0.497372	 0.027880
 0.404744	-0.498179	 0.055883	-0.493590	 0.010465	 0.496024	-0.066159	 0.660699	 0.125199	 0.278221	-0.498161	 0.027880
 0.451887	-0.498179	 0.289174	-0.493590	 0.010465	 0.432372	-0.081927	 0.657934	 0.311948	 0.277728	-0.498555	 0.027880
 0.475459	-0.498179	-0.095226	-0.493590	 0.010465	-0.099453	-0.089812	 0.155242	-0.094677	 0.277482	-0.498752	 0.027880
 0.487244	-0.498179	-0.287426	-0.493590	 0.010465	-0.364104	-0.093754	-0.096105	-0.296987	 0.277359	-0.498851	 0.027880
 0.493137	-0.498179	-0.383526	-0.493590	 0.010465	-0.495171	-0.095725	-0.221778	-0.398142	 0.277298	-0.498900	 0.027880
 0.496084	-0.498179	-0.431576	-0.493590	 0.010465	-0.059453	-0.096710	-0.284614	 0.051280	 0.277267	-0.498924	 0.027880
 0.497557	-0.498179	-0.455601	-0.493590	 0.010465	 0.158407	-0.097203	-0.316033	 0.274990	 0.277251	-0.498937	 0.027880
-0.001706	-0.498179	-0.467613	-0.493590	 0.010465	-0.232664	-0.097449	-0.331742	-0.113155	 0.277244	-0.498943	 0.027880
-0.250336	-0.498179	-0.473619	-0.493590	 0.010465	-0.426951	-0.097573	-0.339596	-0.306225	 0.277240	-0.498946	 0.027880
 0.125349	-0.498179	-0.476622	-0.493590	 0.010465	-0.522853	-0.097634	-0.343524	-0.402760	 0.277238	-0.498948	 0.027880
 0.312189	-0.498179	-0.478124	-0.493590	 0.010465	-0.569566	-0.097665	-0.345487	-0.451027	 0.277237	-0.498948	 0.027880
 0.405610	-0.498179	-0.478875	-0.493590	 0.010465	-0.091690	-0.097680	-0.346469	 0.024839	 0.277236	-0.498949	 0.027880
 0.452320	-0.498179	-0.479250	-0.493590	 0.010465	 0.147248	-0.097688	-0.346960	 0.261771	 0.277236	-0.498949	 0.027880
 0.475675	-0.498179	-0.479438	-0.493590	 0.010465	 0.266717	-0.097692	-0.347205	 0.380237	 0.277236	-0.498949	 0.027880
 0.487352	-0.498179	-0.479532	-0.493590	 0.010465	-0.173548	-0.597694	-0.347328	 0.439470	 0.277236	-0.498949	 0.027880
 0.493191	-0.498179	-0.479579	-0.493590	 0.010465	-0.392454	-0.845500	-0.347390	 0.469086	 0.277236	-0.498949	 0.027880
 0.496111	-0.498179	-0.479602	-0.493590	 0.010465	-0.000683	-0.467216	-0.347420	-0.016106	 0.277236	-0.498949	 0.027880
 0.497570	-0.498179	-0.479614	-0.493590	 0.010465	 0.195202	-0.278074	-0.347436	-0.257699	 0.277236	-0.498949	 0.027880
-0.001700	-0.498179	-0.979620	-0.493590	 0.010465	-0.206856	-0.183503	-0.347443	-0.378496	 0.277236	-0.498949	 0.027880
-0.250333	-0.498179	-1.226663	-0.493590	 0.010465	-0.406667	-0.136217	-0.347447	-0.438894	 0.277236	-0.498949	 0.027880
-0.374650	-0.498179	-0.847238	-0.493590	 0.010465	-0.005359	-0.112575	-0.347449	-0.469093	-0.222764	-0.498949	 0.027880
-0.436808	-0.498179	-0.657525	-0.493590	 0.010465	 0.195295	-0.100753	-0.347450	-0.484193	-0.471318	-0.498949	 0.027880
-0.467887	-0.498179	-0.562669	-0.493590	 0.010465	 0.295621	-0.094843	-0.347450	-0.491743	-0.594156	-0.498949	 0.027880
-0.483427	-0.498179	-0.515240	-0.493590	-0.489535	-0.154215	-0.591887	-0.347451	-0.495517	-0.154141	-0.498949	 0.027880
-0.491196	-0.498179	-0.491526	-0.493590	-0.737555	-0.377925	-0.838232	-0.347451	-0.497405	 0.065867	-0.498949	 0.027880
 0.004919	-0.498179	-0.479669	-0.493590	-0.359595	 0.011423	-0.959235	-0.347451	-0.498349	 0.175871	-0.498949	 0.027880
 0.251974	-0.498179	-0.473741	-0.493590	-0.170614	 0.206097	-1.017576	-0.347451	-0.498820	 0.230873	-0.498949	 0.027880
-0.124498	-0.498179	-0.470777	-0.493590	-0.076124	 0.303434	-1.044595	-0.347451	-0.499056	 0.258374	-0.498949	 0.027880
-0.311732	-0.498179	-0.469294	-0.493590	-0.028879	 0.352103	-1.055961	-0.347451	-0.499174	 0.272124	-0.498949	 0.027880
-0.405349	-0.498179	-0.468553	-0.493590	-0.005257	-0.123563	-0.559509	-0.347451	-0.499233	 0.278999	-0.498949	 0.027880
-0.452158	-0.498179	-0.468183	-0.493590	 0.006555	-0.360198	-0.311283	-0.347451	-0.499263	 0.282437	-0.498949	 0.027880
-0.475562	-0.498179	-0.467998	-0.493590	 0.012460	-0.477321	-0.187170	-0.347451	-0.499278	 0.284156	-0.498949	 0.027880
 0.012736	-0.498179	-0.467905	-0.493590	 0.015413	-0.034694	-0.125114	-0.347451	 0.000715	 0.285015	-0.498949	 0.027880
 0.255883	-0.498179	-0.467859	-0.493590	 0.016890	 0.186620	-0.094086	-0.347451	 0.249710	 0.285445	-0.498949	 0.027880
-0.122544	-0.498179	-0.467835	-0.493590	 0.017628	-0.202724	-0.078572	-0.347451	-0.125793	 0.285660	-0.498949	 0.027880
-0.310755	-0.498179	-0.467824	-0.493590	 0.017997	-0.396211	-0.070815	-0.347451	-0.312541	 0.285767	-0.498949	 0.027880
 0.095139	-0.498179	-0.467818	-0.493590	 0.018181	-0.491775	-0.066936	-0.347451	 0.094084	 0.285821	-0.498949	 0.027880
 0.297084	-0.498179	-0.467815	-0.493590	 0.018274	-0.538383	-0.064997	-0.347451	 0.296396	 0.285848	-0.498949	 0.027880
 0.398057	-0.498179	-0.467814	-0.493590	 0.018320	-0.560517	-0.064027	-0.347451	 0.397551	 0.285861	-0.498949	 0.027880
 0.448543	-0.498179	-0.467813	-0.493590	 0.018343	-0.570418	-0.063542	-0.347451	 0.448129	 0.285868	-0.498949	 0.027880
 0.473786	-0.498179	-0.467813	-0.493590	 0.018354	-0.574208	-0.063300	-0.347451	 0.473418	 0.285871	-0.498949	 0.027880
-0.013592	-0.498179	-0.467812	-0.493590	 0.018360	-0.074948	-0.063179	-0.347451	 0.486063	 0.285873	-0.498949	 0.027880
-0.256280	-0.498179	-0.467812	-0.493590	 0.018363	 0.174683	-0.063118	-0.347451	 0.492385	 0.285874	-0.498949	 0.027880
 0.122377	-0.498179	-0.467812	-0.493590	 0.018364	 0.299498	-0.063088	-0.347451	-0.004454	 0.285874	-0.498949	 0.027880
 0.310703	-0.498179	-0.467812	-0.493590	 0.018365	 0.361906	-0.063073	-0.347451	-0.251871	 0.285874	-0.498949	 0.027880
-0.095134	-0.498179	-0.467812	-0.493590	 0.018366	-0.106890	-0.063065	-0.347451	-0.375579	 0.285874	-0.498949	 0.027880
-0.297051	-0.498179	-0.467812	-0.493590	 0.018366	-0.340137	-0.063061	-0.347451	-0.437433	 0.285874	-0.498949	 0.027880
-0.398009	-0.498179	-0.467812	-0.493590	 0.018366	 0.044386	-0.063059	-0.847451	-0.468361	 0.285874	-0.498949	 0.027880
-0.448488	-0.498179	-0.467812	-0.493590	 0.018366	 0.236648	-0.063058	-1.094756	-0.483824	 0.285874	-0.498949	 0.027880
-0.473728	-0.498179	-0.467812	-0.493590	 0.018366	 0.332779	-0.063058	-1.215724	-0.491556	 0.285874	-0.498949	 0.027880
-0.486347	-0.498179	-0.467812	-0.493590	 0.018366	-0.119156	-0.063058	-0.773535	 0.004578	 0.285875	-0.498949	 0.027880
-0.492657	-0.498179	-0.467812	-0.493590	 0.018366	-0.343981	-0.063058	-0.552441	 0.251644	 0.285875	-0.498949	 0.027880
-0.495812	-0.498179	-0.467812	-0.493590	 0.018366	-0.455256	-0.063058	-0.441893	-0.124823	 0.285875	-0.498949	 0.027880
-0.497390	-0.498179	-0.467812	-0.493590	 0.018366	-0.509760	-0.063057	-0.386620	-0.312054	 0.285875	-0.498949	 0.027880
 0.001822	-0.498179	-0.967812	-0.493590	 0.018366	-0.035884	-0.063057	-0.358983	-0.405670	 0.285875	-0.498949	 0.027880
 0.250425	-0.498179	-1.214877	-0.493590	 0.018366	 0.201054	-0.063057	-0.345165	-0.452478	 0.285875	-0.498949	 0.027880
-0.125273	-0.498179	-0.835485	-0.493590	 0.018366	 0.319523	-0.563057	-0.338255	-0.475881	 0.285875	-0.498949	 0.027880
-0.312120	-0.498179	-0.645789	-0.493590	 0.018366	 0.378758	-0.810931	-0.334801	-0.487583	 0.285875	-0.498949	 0.027880
-0.405544	-0.498179	-0.550941	-0.493590	 0.018366	 0.408375	-0.932751	-0.333073	-0.493434	 0.285875	-0.498949	 0.027880
-0.452256	-0.498179	-0.503517	-0.493590	 0.018366	-0.076816	-0.491551	-0.332210	-0.496360	 0.285875	-0.498949	 0.027880
-0.475612	-0.498179	-0.479805	-0.493590	 0.018366	-0.318288	-0.270951	-0.331778	-0.497823	 0.285875	-0.498949	 0.027880
 0.012711	-0.498179	-0.467949	-0.493590	 0.018366	-0.437904	-0.160652	-0.331562	-0.498554	 0.285875	-0.498949	 0.027880
 0.255870	-0.498179	-0.462021	-0.493590	 0.018366	-0.496597	-0.105502	-0.331454	-0.498920	 0.285875	-0.498949	 0.027880
-0.122551	-0.498179	-0.459057	-0.493590	 0.018366	-0.524833	-0.577927	-0.331400	 0.000898	 0.285875	-0.498949	 0.027880
-0.310759	-0.498179	-0.457575	-0.493590	 0.018366	-0.537845	-0.812039	-0.331373	 0.249805	 0.285875	-0.498949	 0.027880
 0.095137	-0.498179	-0.456834	-0.493590	 0.018366	-0.543249	-0.427002	-0.331360	-0.125742	 0.285875	-0.498949	 0.027880
 0.297082	-0.498179	-0.456464	-0.493590	 0.018366	-0.544854	-0.234484	-0.331353	-0.312512	 0.285875	-0.498949	 0.027880
 0.398055	-0.498179	-0.456279	-0.493590	 0.018366	-0.544564	-0.138225	-0.331349	-0.405898	 0.285875	-0.498949	 0.027880
-0.051458	-0.498179	-0.456186	-0.493590	 0.018366	-0.043330	-0.090095	-0.331348	 0.047410	 0.285875	-0.498949	 0.027880
-0.275213	-0.498179	-0.456140	-0.493590	 0.018366	 0.207287	-0.066030	-0.331347	 0.273062	 0.285875	-0.498949	 0.027880
 0.112910	-0.498179	-0.456116	-0.493590	 0.018366	-0.167404	-0.053998	-0.331347	-0.114112	 0.285875	-0.498949	 0.027880
 0.305969	-0.498179	-0.456105	-0.493590	 0.018366	-0.353666	-0.047982	-0.331346	-0.306696	 0.285875	-0.498949	 0.027880
-0.097502	-0.498179	-0.456099	-0.493590	 0.018366	 0.054283	-0.044974	-0.331346	-0.402989	 0.285875	-0.498949	 0.027880
-0.298235	-0.498179	-0.456096	-0.493590	 0.018366	 0.258258	-0.043470	-0.331346	-0.451135	 0.285875	-0.498949	 0.027880
 0.101398	-0.498179	-0.456095	-0.493590	 0.018366	 0.360245	-0.042718	-0.331346	-0.475208	 0.285875	-0.498949	 0.027880
 0.300213	-0.498179	-0.456094	-0.493590	 0.018366	 0.411238	-0.042342	-0.331346	-0.487244	 0.285875	-0.498949	 0.027880
 0.399620	-0.498179	-0.456094	-0.493590	 0.018366	 0.436735	-0.042154	-0.331346	-0.493263	 0.285875	-0.498949	 0.027880
 0.449324	-0.498179	-0.456093	-0.493590	 0.018366	 0.449484	-0.042060	-0.831346	-0.496272	 0.285875	-0.498949	 0.027880
 0.474176	-0.498179	-0.456093	-0.493590	 0.018366	 0.455858	-0.042013	-1.078683	-0.497776	 0.285875	-0.498949	 0.027880
 0.486602	-0.498179	-0.456093	-0.493590	 0.018366	-0.040955	-0.041989	-0.699700	-0.498528	 0.285875	-0.498949	 0.027880
 0.492815	-0.498179	-0.456093	-0.493590	 0.018366	-0.288286	-0.041977	-0.510208	-0.498905	 0.285875	-0.498949	 0.027880
-0.004079	-0.498179	-0.456093	-0.493590	 0.018366	-0.410880	-0.041972	-0.415462	 0.000907	 0.285875	-0.498949	 0.027880
-0.251524	-0.498179	-0.456093	-0.493590	 0.018366	-0.471110	-0.041969	-0.368090	 0.249812	 0.285875	-0.498949	 0.027880
-0.375246	-0.498179	-0.456093	-0.493590	 0.018366	-0.500163	-0.041967	-0.344403	-0.125736	 0.285875	-0.498949	 0.027880
-0.437107	-0.498179	-0.456093	-0.493590	 0.018366	-0.513630	-0.041966	-0.332560	-0.312507	 0.285875	-0.498949	 0.027880
-0.468038	-0.498179	-0.456093	-0.493590	 0.018366	-0.519310	-0.041966	-0.326638	-0.405893	 0.285875	-0.498949	 0.027880
 0.016497	-0.498179	-0.456093	-0.493590	 0.018366	-0.521100	-0.041966	-0.823677	-0.452586	 0.285875	-0.498949	 0.027880
 0.257762	-0.498179	-0.456093	-0.493590	 0.018366	-0.520949	-0.041966	-1.069556	-0.475932	 0.285875	-0.498949	 0.027880
-0.121605	-0.498179	-0.956093	-0.493590	 0.018366	-0.519832	-0.041966	-0.689864	-0.487605	 0.285875	-0.498949	 0.027880
-0.310287	-0.498179	-1.203181	-0.493590	 0.018366	-0.518236	-0.041966	-0.500018	-0.493442	 0.285875	-0.498949	 0.027880
-0.404628	-0.498179	-0.823824	-0.493590	 0.018366	-0.516405	-0.041966	-0.405095	-0.496360	 0.285875	-0.498949	 0.027880
-0.451798	-0.498179	-0.634146	-0.493590	 0.018366	-0.514460	-0.041966	-0.357633	-0.497819	 0.285875	-0.498949	 0.027880
-0.475383	-0.498179	-0.539307	-0.493590	 0.018366	-0.012463	-0.041966	-0.333903	-0.498549	 0.285875	-0.498949	 0.027880
-0.487176	-0.498179	-0.491887	-0.493590	 0.018366	 0.238536	-0.041966	-0.322037	-0.498914	 0.285875	-0.498949	 0.027880
-0.493072	-0.498179	-0.468178	-0.493590	 0.018366	 0.364035	-0.041966	-0.316105	-0.499096	 0.285875	-0.498949	 0.027880
 0.003980	-0.498179	-0.456323	-0.493590	 0.018366	 0.426785	-0.041966	-0.313138	-0.499187	 0.285875	-0.498949	 0.027880
 0.251503	-0.498179	-0.450395	-0.493590	 0.018366	 0.458160	-0.041966	-0.311655	-0.499233	 0.285875	-0.498949	 0.027880
-0.124735	-0.498179	-0.447432	-0.493590	 0.018366	 0.473847	-0.041966	-0.310914	-0.499256	 0.285875	-0.498949	 0.027880
-0.311852	-0.498179	-0.445950	-0.493590	 0.018366	 0.481691	-0.041966	-0.310543	-0.499267	 0.285875	-0.498949	 0.027880
-0.405410	-0.498179	-0.445209	-0.493590	 0.018366	-0.014387	-0.541966	-0.310357	-0.499273	 0.285875	-0.498949	 0.027880
-0.452190	-0.498179	-0.444838	-0.493590	 0.018366	-0.261405	-0.789882	-0.310265	-0.499276	 0.285875	-0.498949	 0.027880
 0.024421	-0.498179	-0.444653	-0.493590	 0.018366	 0.116102	-0.411764	-0.310218	-0.499277	 0.285875	-0.498949	 0.027880
 0.261724	-0.498179	-0.444560	-0.493590	 0.018366	 0.304856	-0.222705	-0.310195	-0.499278	 0.285875	-0.498949	 0.027880
 0.380375	-0.498179	-0.444514	-0.493590	-0.481634	-0.100767	-0.128176	-0.310184	 0.000722	 0.285875	-0.498949	 0.027880
 0.439701	-0.498179	-0.444491	-0.493590	-0.729671	-0.302566	-0.080911	-0.310178	 0.249720	 0.285875	-0.498949	 0.027880
 0.469364	-0.498179	-0.444479	-0.493590	-0.851734	-0.402456	-0.057279	-0.310175	 0.374219	 0.285875	-0.498949	 0.027880
 0.484196	-0.498179	-0.444474	-0.493590	-0.410818	 0.048603	-0.045463	-0.310173	-0.063531	 0.285875	-0.498949	 0.027880
 0.491611	-0.498179	-0.444471	-0.493590	-0.190360	 0.274133	-0.039555	-0.310173	-0.281404	 0.285875	-0.498949	 0.027880
-0.004681	-0.498179	-0.444469	-0.493590	-0.580131	-0.113102	-0.036601	 0.189828	-0.390340	 0.285875	-0.498949	 0.027880
-0.251825	-0.498179	-0.444469	-0.493590	-0.773076	-0.305719	-0.035124	 0.438448	-0.444808	 0.285875	-0.498949	 0.027880
 0.124603	-0.498179	-0.444468	-0.493590	-0.367617	-0.402028	-0.034385	 0.061384	-0.472042	 0.285875	-0.498949	 0.027880
 0.311815	-0.498179	-0.444468	-0.493590	-0.164887	-0.450182	-0.034016	-0.127148	-0.485659	 0.285875	-0.498949	 0.027880
 0.405421	-0.498179	-0.444468	-0.493590	-0.063523	 0.025741	-0.033831	-0.721414	-0.492468	 0.285875	-0.498949	 0.027880
 0.452224	-0.498179	-0.444468	-0.493590	-0.012840	 0.262699	-0.033739	-1.015915	-0.495872	 0.285875	-0.498949	 0.027880
 0.475625	-0.498179	-0.444468	-0.493590	 0.012501	 0.381178	-0.033693	-1.160545	-0.497574	 0.285875	-0.498949	 0.027880
 0.487326	-0.498179	-0.444468	-0.493590	 0.025172	-0.059582	-0.033670	-0.730250	-0.498425	 0.285875	-0.498949	 0.027880
 0.493176	-0.498179	-0.444468	-0.493590	 0.031507	-0.278962	-0.033658	-0.515102	-0.498851	 0.285875	-0.498949	 0.027880
 0.496102	-0.498179	-0.444468	-0.493590	 0.034675	-0.388652	-0.033652	-0.407528	-0.499064	 0.285875	-0.498949	 0.027880
 0.497564	-0.498179	-0.444468	-0.493590	 0.036258	-0.443496	-0.033650	-0.353741	-0.499170	 0.285875	-0.498949	 0.027880
-0.001704	-0.498179	-0.444468	-0.493590	 0.037050	 0.029081	-0.533648	-0.326848	-0.499223	 0.285875	-0.498949	 0.027880
-0.250337	-0.498179	-0.444468	-0.493590	 0.037446	 0.264367	-0.781580	-0.313401	-0.499250	 0.285875	-0.498949	 0.027880
 0.125347	-0.498179	-0.444468	-0.493590	 0.037644	-0.117991	-0.403487	-0.306678	-0.499263	 0.285875	-0.498949	 0.027880
 0.312187	-0.498179	-0.444468	-0.493590	 0.037743	-0.308169	-0.214441	-0.303316	-0.499270	 0.285875	-0.498949	 0.027880
 0.405607	-0.498179	-0.444468	-0.493590	 0.037793	-0.403258	-0.119917	-0.301635	-0.499273	 0.285875	-0.498949	 0.027880
 0.452317	-0.498179	-0.444468	-0.493590	 0.037817	-0.450802	-0.072656	-0.300795	-0.499275	 0.285875	-0.498949	 0.027880
 0.475672	-0.498179	-0.444468	-0.493590	 0.037830	-0.474574	-0.049025	-0.300375	-0.499275	 0.285875	-0.498949	 0.027880
 0.487349	-0.498179	-0.444468	-0.493590	 0.037836	-0.486460	-0.037209	-0.300165	-0.499276	 0.285875	-0.498949	 0.027880
 0.493188	-0.498179	-0.444468	-0.493590	 0.037839	-0.492404	-0.031302	-0.300060	-0.499276	 0.285875	-0.498949	 0.027880
-0.003893	-0.498179	-0.444468	-0.493590	 0.037841	-0.495375	-0.528348	-0.300007	-0.499276	 0.285875	-0.498949	 0.027880
-0.251431	-0.498179	-0.444468	-0.493590	 0.037841	-0.496861	-0.774820	-0.299981	-0.499276	 0.285875	-0.498949	 0.027880
-0.375200	-0.498179	-0.444468	-0.493590	 0.037842	-0.497604	-0.396014	-0.299968	-0.499276	 0.285875	-0.498949	 0.027880
-0.437085	-0.498179	-0.444468	-0.493590	 0.037842	-0.497975	-0.206611	-0.299961	-0.499276	 0.285875	-0.498949	 0.027880
-0.468027	-0.498179	-0.444468	-0.493590	 0.037842	-0.498161	-0.111909	-0.299958	-0.499276	 0.285875	-0.498949	 0.027880
 0.016502	-0.498179	-0.444468	-0.493590	 0.037842	 0.001746	-0.064558	-0.299956	-0.499276	 0.285875	-0.498949	 0.027880
 0.257764	-0.498179	-0.444468	-0.493590	 0.037842	 0.250697	-0.040883	-0.299955	-0.499276	 0.285875	-0.498949	 0.027880
-0.121605	-0.498179	-0.444468	-0.493590	-0.462158	 0.375172	-0.029045	-0.299955	-0.499276	 0.285875	-0.498949	 0.027880
-0.310287	-0.498179	-0.444468	-0.493590	-0.710234	 0.437409	-0.023126	-0.299955	-0.499276	 0.285875	-0.498949	 0.027880
-0.404629	-0.498179	-0.444468	-0.493590	-0.832355	 0.468528	-0.020167	-0.299955	-0.499276	 0.285875	-0.498949	 0.027880
-0.451799	-0.498179	-0.444468	-0.493590	-0.891506	 0.484087	-0.018687	-0.299955	-0.499276	 0.285875	-0.498949	 0.027880
-0.475384	-0.498179	-0.444468	-0.493590	-0.419181	-0.008133	-0.017947	-0.299955	-0.499276	-0.214125	-0.498949	 0.027880
-0.487177	-0.498179	-0.444468	-0.493590	-0.183018	-0.253242	-0.017577	-0.299955	-0.499276	-0.462697	-0.498949	 0.027880
-0.493073	-0.498179	-0.444468	-0.493590	-0.064937	-0.375797	-0.017392	-0.299955	-0.499276	-0.585561	-0.498949	 0.027880
 0.003978	-0.498179	-0.444468	-0.493590	-0.005896	-0.437074	-0.017300	-0.299955	-0.499276	-0.145575	-0.498949	 0.027880
 0.251502	-0.498179	-0.444468	-0.493590	 0.023624	-0.467713	-0.017254	-0.299955	-0.499276	 0.074417	-0.498949	 0.027880
-0.124736	-0.498179	-0.444468	-0.493590	 0.038384	-0.483032	-0.517230	-0.299955	 0.000724	 0.184413	-0.498949	 0.027880
-0.311853	-0.498179	-0.444468	-0.493590	 0.045764	-0.490692	-0.765184	-0.299955	 0.249722	 0.239412	-0.498949	 0.027880
 0.094589	-0.498179	-0.444468	-0.493590	 0.049455	 0.005478	-0.887135	-0.299955	-0.125778	 0.266911	-0.498949	 0.027880
 0.296807	-0.498179	-0.444468	-0.493590	 0.051300	 0.252560	-0.946092	-0.299955	-0.312526	 0.280660	-0.498949	 0.027880
 0.397917	-0.498179	-0.444468	-0.493590	 0.052222	-0.123899	-0.473561	-0.299955	-0.405900	 0.287535	-0.498949	 0.027880
 0.448471	-0.498179	-0.444468	-0.493590	 0.052683	-0.311128	-0.237295	-0.299955	-0.452587	 0.290972	-0.498949	 0.027880
 0.473749	-0.498179	-0.444468	-0.493590	 0.052914	-0.404743	-0.119162	-0.299955	-0.475931	 0.292691	-0.498949	 0.027880
-0.013613	-0.498179	-0.444468	-0.493590	 0.053029	 0.048450	-0.060096	-0.299955	-0.487602	 0.293550	-0.498949	 0.027880
-0.256291	-0.498179	-0.444468	-0.493590	 0.053087	 0.274043	-0.030563	-0.299955	-0.493438	 0.293980	-0.498949	 0.027880
-0.377631	-0.498179	-0.444468	-0.493590	 0.053116	 0.386840	-0.015796	-0.299955	-0.496356	 0.294195	-0.498949	 0.027880
-0.438301	-0.498179	-0.444468	-0.493590	 0.053130	 0.443238	-0.008413	-0.299955	-0.497815	 0.294302	-0.498949	 0.027880
-0.468635	-0.498179	-0.444468	-0.493590	 0.053137	 0.471437	-0.004721	-0.799955	-0.498545	 0.294356	-0.498949	 0.027880
-0.483803	-0.498179	-0.444468	-0.493590	 0.053141	 0.485537	-0.002875	-1.047355	-0.498909	 0.294383	-0.498949	 0.027880
-0.491386	-0.498179	-0.444468	-0.493590	 0.053143	-0.007413	-0.001952	-0.668465	-0.499092	 0.294396	-0.498949	-0.472120
-0.495178	-0.498179	-0.444468	-0.493590	 0.053144	-0.252888	-0.001491	-0.479020	-0.499183	 0.294403	-0.498949	-0.720176
-0.497074	-0.498179	-0.444468	-0.493590	 0.053144	-0.375625	-0.001260	-0.384298	-0.499228	 0.294406	-0.498949	-0.842268
 0.001978	-0.498179	-0.444468	-0.493590	 0.053144	-0.436993	-0.001145	-0.336937	-0.499251	 0.294408	-0.498949	-0.401385
 0.250502	-0.498179	-0.444468	-0.493590	 0.053144	-0.467678	-0.001087	-0.313256	-0.499263	 0.294409	-0.498949	-0.180943
 0.374764	-0.498179	-0.444468	-0.493590	 0.053145	 0.016980	-0.001058	-0.301416	-0.499268	 0.294409	-0.498949	-0.070722
 0.436895	-0.498179	-0.444468	-0.493590	 0.053145	 0.258306	-0.001044	-0.295496	-0.499271	 0.294410	-0.498949	-0.015612
-0.032040	-0.498179	-0.444468	-0.493590	 0.053145	-0.121031	-0.001037	-0.292536	-0.499273	 0.294410	-0.498949	 0.011943
-0.265505	-0.498179	-0.444468	-0.493590	 0.053145	-0.309699	-0.001033	-0.291056	-0.499273	 0.294410	-0.498949	 0.025721
-0.382238	-0.498179	-0.444468	-0.493590	 0.053145	-0.404033	-0.001031	-0.290316	-0.499274	 0.294410	-0.498949	 0.032610
-0.440604	-0.498179	-0.444468	-0.493590	 0.053145	-0.451200	-0.001030	-0.289946	-0.499274	 0.294410	-0.498949	 0.036054
-0.469787	-0.498179	-0.444468	-0.493590	 0.053145	-0.474784	-0.001030	-0.289761	-0.499274	 0.294410	-0.498949	 0.037776
 0.015621	-0.498179	-0.444468	-0.493590	 0.053145	-0.486575	-0.001030	-0.289668	-0.499274	 0.294410	-0.498949	 0.038637
 0.257323	-0.498179	-0.444468	-0.493590	 0.053145	-0.492471	-0.001029	-0.289622	-0.499274	 0.294410	-0.498949	 0.039068
-0.121826	-0.498179	-0.444468	-0.493590	 0.053145	-0.495419	-0.001029	-0.289599	 0.000726	 0.294410	-0.498949	 0.039283
-0.310398	-0.498179	-0.444468	-0.493590	 0.053145	-0.496893	-0.001029	-0.289587	 0.249725	 0.294410	-0.498949	 0.039391
-0.404684	-0.498179	-0.444468	-0.493590	 0.053145	-0.497630	-0.501029	-0.289581	-0.125776	-0.205590	-0.498949	 0.039445
-0.451828	-0.498179	-0.444468	-0.493590	 0.053145	-0.497999	-0.749027	-0.289579	-0.312524	-0.454179	-0.498949	 0.039472
 0.024601	-0.498179	-0.444468	-0.493590	 0.053145	 0.001817	-0.371032	-0.289577	-0.405898	-0.077068	-0.498949	 0.039485
 0.261813	-0.498179	-0.444468	-0.493590	 0.053145	 0.250722	-0.182035	-0.289576	-0.452585	 0.111488	-0.498949	 0.039492
 0.380419	-0.498179	-0.444468	-0.493590	 0.053145	 0.375174	-0.087536	-0.289576	-0.475928	 0.205765	-0.498949	 0.039495
-0.060278	-0.498179	-0.444468	-0.493590	 0.053145	 0.437400	-0.040287	-0.289576	-0.487600	 0.252904	-0.498949	 0.039497
-0.279624	-0.498179	-0.444468	-0.493590	 0.053145	 0.468513	-0.016662	-0.289576	-0.493436	 0.276474	-0.498949	 0.039498
-0.389298	-0.498179	-0.444468	-0.493590	 0.053145	-0.015930	-0.004849	-0.289576	-0.496354	 0.288258	-0.498949	 0.039498
-0.444134	-0.498179	-0.444468	-0.493590	 0.053145	-0.257151	 0.001057	-0.289576	-0.497813	 0.294151	-0.498949	 0.039498
-0.471553	-0.498179	-0.444468	-0.493590	 0.053145	-0.377762	 0.004010	-0.289576	-0.498542	 0.297097	-0.498949	 0.039498
-0.485262	-0.498179	-0.444468	-0.493590	 0.053145	-0.438067	 0.005486	-0.289576	-0.498907	 0.298570	-0.498949	 0.039498
-0.492116	-0.498179	-0.444468	-0.493590	 0.053145	 0.031780	 0.006225	-0.289576	-0.499089	 0.299307	-0.498949	 0.039498
-0.495544	-0.498179	-0.444468	-0.493590	 0.053145	 0.265701	 0.006594	-0.289576	-0.499181	 0.299675	-0.498949	 0.039498
-0.497257	-0.498179	-0.444468	-0.493590	 0.053145	 0.382661	 0.006778	-0.289576	-0.499226	 0.299859	-0.498949	 0.039498
 0.001886	-0.498179	-0.444468	-0.493590	 0.053145	-0.058859	 0.006871	-0.289576	-0.499249	 0.299951	-0.498949	 0.039498
 0.250455	-0.498179	-0.444468	-0.493590	 0.053145	-0.278618	 0.006917	-0.289576	-0.499260	 0.299997	-0.498949	 0.039498
-0.125260	-0.498179	-0.444468	-0.493590	 0.053145	 0.111502	 0.006940	-0.289576	-0.499266	 0.300020	-0.498949	 0.039498
-0.312115	-0.498179	-0.444468	-0.493590	 0.053145	 0.305559	 0.006951	-0.289576	-0.499269	 0.300032	-0.498949	 0.039498
-0.405543	-0.498179	-0.444468	-0.493590	-0.446855	-0.097412	 0.006957	-0.789576	-0.499270	 0.300037	-0.498949	 0.039498
-0.452257	-0.498179	-0.444468	-0.493590	-0.694962	-0.297897	 0.006960	-1.036997	-0.499271	 0.300040	-0.498949	 0.039498
-0.475614	-0.498179	-0.444468	-0.493590	-0.317129	-0.398140	 0.006961	-0.658138	-0.499271	 0.300042	-0.498949	 0.039498
-0.487293	-0.498179	-0.444468	-0.493590	-0.128212	-0.448261	 0.006962	-0.468709	-0.499272	 0.300042	-0.498949	 0.039498
-0.493132	-0.498179	-0.444468	-0.493590	-0.033754	-0.473322	 0.006963	-0.373994	-0.499272	 0.300043	-0.498949	 0.039498
-0.496051	-0.498179	-0.444468	-0.493590	 0.013475	 0.014148	 0.006963	-0.326637	-0.499272	 0.300043	-0.498949	 0.039498
-0.497511	-0.498179	-0.444468	-0.493590	 0.037090	 0.256880	 0.006963	-0.302958	-0.499272	 0.300043	-0.498949	 0.039498
-0.498241	-0.498179	-0.444468	-0.493590	 0.048897	-0.121754	 0.006963	-0.291119	-0.499272	 0.300043	-0.498949	 0.039498
-0.498606	-0.498179	-0.444468	-0.493590	 0.054801	-0.310071	 0.006963	-0.285199	-0.499272	 0.300043	-0.498949	 0.039498
-0.498789	-0.498179	-0.444468	-0.493590	 0.057752	-0.404229	 0.006963	-0.282240	-0.499272	 0.300043	-0.498949	 0.039498
-0.498880	-0.498179	-0.444468	-0.493590	 0.059228	-0.451308	 0.006963	-0.280760	-0.499272	 0.300043	-0.498949	 0.039498
-0.498925	-0.498179	-0.444468	-0.493590	 0.059966	 0.025152	 0.006963	-0.280020	 0.000728	 0.300043	-0.498949	 0.039498
-0.498948	-0.498179	-0.444468	-0.493590	 0.060335	 0.262379	 0.006963	-0.279650	 0.249727	 0.300043	-0.498949	 0.039498
-0.498960	-0.498179	-0.444468	-0.493590	 0.060520	 0.380993	 0.006963	-0.279465	 0.374226	 0.300043	-0.498949	 0.039498
 0.001035	-0.498179	-0.444468	-0.493590	 0.060612	-0.059700	 0.006963	-0.279372	-0.063524	 0.300043	-0.498949	 0.039498
 0.250030	-0.498179	-0.444468	-0.493590	 0.060658	-0.279046	 0.006963	-0.279326	-0.281397	 0.300043	-0.498949	 0.039498
 0.374527	-0.498179	-0.444468	-0.493590	 0.060681	-0.388719	 0.006963	-0.279303	-0.390333	 0.300043	-0.498949	 0.039498
 0.436776	-0.498179	-0.444468	-0.493590	 0.060693	-0.443555	 0.006963	-0.279291	-0.444801	 0.300043	-0.498949	 0.039498
 0.467900	-0.498179	-0.444468	-0.493590	 0.060698	-0.470974	 0.006963	-0.779285	-0.472036	-0.199957	-0.498949	 0.039498
 0.483463	-0.498179	-0.444468	-0.493590	 0.060701	-0.484683	 0.006963	-1.026724	-0.485653	-0.448557	-0.498949	 0.039498
 0.491244	-0.498179	-0.444468	-0.493590	 0.060703	-0.491537	-0.493037	-0.647895	-0.492461	-0.571463	-0.498949	 0.039498
 0.495134	-0.498179	-0.444468	-0.493590	 0.060704	-0.494965	-0.741051	-0.458480	-0.495865	-0.631527	-0.498949	 0.039498
 0.497080	-0.498179	-0.444468	-0.493590	 0.060704	 0.003322	-0.363080	-0.363773	-0.497568	-0.160176	-0.498949	 0.039498
 0.498052	-0.498179	-0.444468	-0.493590	 0.060704	 0.251462	-0.174094	-0.316420	-0.498419	 0.075500	-0.498949	 0.039498
 0.498538	-0.498179	-0.444468	-0.493590	 0.060704	 0.375532	-0.079602	-0.292743	-0.498844	 0.193338	-0.498949	 0.039498
-0.001218	-0.498179	-0.444468	-0.493590	 0.060704	 0.437567	-0.032355	-0.280904	-0.499057	 0.252257	-0.498949	 0.039498
-0.250095	-0.498179	-0.444468	-0.493590	 0.060704	 0.468584	-0.008732	-0.274985	-0.499163	 0.281716	-0.498949	 0.039498
-0.374533	-0.498179	-0.444468	-0.493590	 0.060704	 0.484093	 0.003080	-0.272026	 0.000784	-0.203554	-0.498949	 0.039498
-0.436752	-0.498179	-0.444468	-0.493590	 0.060704	 0.491847	 0.008985	-0.270546	 0.249755	-0.444812	-0.498949	 0.039498
-0.467862	-0.498179	-0.444468	-0.493590	 0.060704	-0.004276	 0.011938	-0.269806	 0.374241	-0.564068	-0.498949	 0.039498
-0.483417	-0.498179	-0.444468	-0.493590	 0.060704	-0.251336	 0.013415	-0.269436	 0.436484	-0.622330	-0.498949	 0.039498
-0.491194	-0.498179	-0.444468	-0.493590	 0.060704	-0.374866	 0.014153	-0.269251	-0.032394	-0.150100	-0.498949	 0.039498
-0.495083	-0.498179	-0.444468	-0.493590	 0.060704	-0.436632	 0.014522	-0.269158	-0.265831	 0.086016	-0.498949	 0.039498
-0.497027	-0.498179	-0.444468	-0.493590	 0.060704	-0.467514	 0.014707	-0.269112	-0.382549	 0.204073	-0.498949	 0.039498
 0.002001	-0.498179	-0.444468	-0.493590	 0.060704	-0.482955	 0.014799	-0.269089	-0.440908	 0.263102	-0.498949	 0.039498
 0.250513	-0.498179	-0.444468	-0.493590	 0.060704	-0.490676	 0.014845	-0.269078	-0.470088	 0.292616	-0.498949	 0.039498
-0.125231	-0.498179	-0.444468	-0.493590	 0.060704	-0.494536	 0.014868	-0.269072	-0.484678	 0.307374	-0.498949	 0.039498
-0.312101	-0.498179	-0.444468	-0.493590	 0.060704	-0.496467	 0.014880	-0.269069	-0.491973	 0.314752	-0.498949	 0.039498
-0.405536	-0.498179	-0.444468	-0.493590	 0.060704	-0.497432	 0.014886	-0.269067	-0.495620	 0.318441	-0.498949	 0.039498
-0.452254	-0.498179	-0.444468	-0.493590	 0.060704	-0.497914	 0.014888	-0.269067	-0.497444	 0.320286	-0.498949	 0.039498
 0.024387	-0.498179	-0.444468	-0.493590	 0.060704	-0.498155	 0.014890	-0.269066	-0.498356	 0.321208	-0.498949	-0.460502
 0.261706	-0.498179	-0.444468	-0.493590	 0.060704	-0.498276	 0.014891	-0.269066	-0.498812	 0.321670	-0.498949	-0.708581
 0.380365	-0.498179	-0.444468	-0.493590	 0.060704	-0.498336	 0.014891	-0.269066	-0.499040	 0.321900	-0.498949	-0.830707
-0.060305	-0.498179	-0.444468	-0.493590	 0.060704	-0.498367	 0.014891	-0.269066	-0.499154	 0.322015	-0.498949	-0.389864
-0.279638	-0.498179	-0.444468	-0.493590	 0.060704	-0.498382	 0.014891	-0.269066	-0.499210	 0.322073	-0.498949	-0.169443
-0.389305	-0.498179	-0.444468	-0.493590	 0.060704	 0.001611	 0.014891	-0.269066	-0.499239	 0.322102	-0.498949	-0.059232
-0.444138	-0.498179	-0.444468	-0.493590	 0.060704	 0.250604	 0.014891	-0.269066	-0.499253	 0.322116	-0.498949	-0.004127
-0.471555	-0.498179	-0.444468	-0.493590	 0.060704	 0.375100	 0.014891	-0.269066	 0.000740	 0.322124	-0.498949	 0.023426
-0.485263	-0.498179	-0.444468	-0.493590	 0.060704	 0.437349	 0.014891	-0.269066	 0.249735	 0.322127	-0.498949	 0.037202
 0.007882	-0.498179	-0.444468	-0.493590	 0.060704	 0.468473	 0.014891	-0.269066	-0.125768	 0.322129	-0.498949	 0.044090
 0.253453	-0.498179	-0.444468	-0.493590	 0.060704	 0.484035	 0.014891	-0.269066	-0.312517	 0.322130	-0.498949	 0.047534
 0.376239	-0.498179	-0.444468	-0.493590	 0.060704	 0.491816	 0.014891	-0.269066	-0.405891	 0.322130	-0.498949	 0.049256
-0.062369	-0.498179	-0.444468	-0.493590	 0.060704	 0.495706	 0.014891	-0.269066	-0.452578	 0.322131	-0.498949	 0.050117
-0.280670	-0.498179	-0.444468	-0.493590	 0.060704	 0.497652	 0.014891	-0.269066	-0.475922	 0.322131	-0.498949	 0.050548
 0.110179	-0.498179	-0.444468	-0.493590	 0.060704	-0.001376	 0.014891	-0.269066	-0.487594	 0.322131	-0.498949	 0.050763
 0.304601	-0.498179	-0.444468	-0.493590	 0.060704	-0.249889	 0.014891	-0.269066	-0.493429	 0.322131	-0.498949	 0.050871
-0.098187	-0.498179	-0.444468	-0.493590	 0.060704	-0.374145	 0.014891	-0.269066	-0.496347	 0.322131	-0.498949	 0.050925
-0.298580	-0.498179	-0.444468	-0.493590	 0.060704	-0.436273	 0.014891	-0.269066	-0.497806	 0.322131	-0.498949	 0.050952
 0.101224	-0.498179	-0.444468	-0.493590	 0.060704	 0.032663	 0.014891	-0.269066	 0.001464	 0.322131	-0.498949	 0.050965
 0.300124	-0.498179	-0.444468	-0.493590	 0.060704	 0.266127	 0.014891	-0.269066	 0.250098	 0.322131	-0.498949	 0.050972
 0.399574	-0.498179	-0.444468	-0.493590	 0.060704	 0.382860	 0.014891	-0.269066	 0.374415	 0.322131	-0.498949	 0.050975
-0.050701	-0.498179	-0.444468	-0.493590	 0.060704	-0.058774	 0.014891	-0.769066	-0.063427	 0.322131	-0.498949	 0.050977
-0.274837	-0.498179	-0.444468	-0.493590	 0.060704	-0.278590	 0.014891	-1.016528	-0.281345	 0.322131	-0.498949	 0.050978
 0.113095	-0.498179	-0.444468	-0.493590	 0.060704	-0.388498	 0.014891	-0.637731	-0.390304	 0.322131	-0.498949	 0.050978
 0.306059	-0.498179	-0.444468	-0.493590	 0.060704	-0.443452	 0.014891	-0.448332	-0.444784	 0.322131	-0.498949	 0.050978
-0.097458	-0.498179	-0.444468	-0.493590	 0.060704	 0.029071	 0.014891	-0.353633	-0.472023	-0.177869	-0.498949	 0.050978
-0.298216	-0.498179	-0.444468	-0.493590	 0.060704	 0.264329	 0.014891	-0.306283	-0.485643	-0.426514	-0.498949	 0.050978
 0.101406	-0.498179	-0.444468	-0.493590	 0.060704	-0.118042	 0.014891	-0.282609	-0.492453	-0.049485	-0.498949	 0.050978
 0.300215	-0.498179	-0.444468	-0.493590	 0.060704	-0.308226	 0.014891	-0.270771	-0.495858	 0.139029	-0.498949	 0.050978
 0.399619	-0.498179	-0.444468	-0.493590	 0.060704	-0.403319	 0.014891	-0.264852	-0.497561	 0.233286	-0.498949	 0.050978
-0.050679	-0.498179	-0.444468	-0.493590	 0.060704	-0.450865	 0.014891	-0.261893	-0.498412	 0.280414	-0.498949	 0.050978
-0.274826	-0.498179	-0.444468	-0.493590	 0.060704	-0.474638	 0.014891	-0.260413	-0.498838	 0.303979	-0.498949	 0.050978
-0.386899	-0.498179	-0.444468	-0.493590	 0.060704	 0.013475	 0.014891	-0.259674	-0.499050	 0.315761	-0.498949	 0.050978
-0.442936	-0.498179	-0.444468	-0.493590	 0.060704	 0.256529	 0.014891	-0.259304	-0.499157	 0.321652	-0.498949	 0.050978
 0.029046	-0.498179	-0.444468	-0.493590	 0.060704	 0.378056	 0.014891	-0.259119	-0.499210	-0.175403	-0.498949	 0.050978
 0.264034	-0.498179	-0.444468	-0.493590	 0.060704	 0.438819	 0.014891	-0.259026	-0.499237	-0.422585	-0.498949	 0.050978
-0.118471	-0.498179	-0.444468	-0.493590	 0.060704	-0.030799	 0.014891	-0.258980	-0.499250	-0.044837	-0.498949	 0.050978
-0.308722	-0.498179	-0.444468	-0.493590	 0.060704	-0.264607	 0.014891	-0.258957	-0.499257	 0.144038	-0.498949	 0.050978
-0.403848	-0.498179	-0.444468	-0.493590	 0.060704	-0.381512	 0.014891	-0.258945	-0.499260	 0.238475	-0.498949	 0.050978
