-1.020416	-3.452875	-0.006773	-0.498286	-2.579702	-0.753956	-2.359736	-0.859948	 0.354117	-2.773750	-1.066964	 0.164606
-1.016334	-3.439802	-0.505979	-0.498286	-2.471782	-0.848321	-2.350297	-0.481567	 0.354117	-2.762653	-1.063429	 0.164606
-1.012269	-3.426412	-0.753571	-0.498286	-2.413094	-0.893619	-2.340896	-0.292376	 0.354117	-2.751602	-1.059542	 0.164606
-1.008220	-3.412890	-0.875365	-0.498286	-2.379041	-0.914390	-2.331532	-0.197781	-0.145883	-2.740595	-0.555487	 0.164606
-1.004187	-3.399331	-0.934268	-0.498285	-2.357325	-0.922905	-2.322206	-0.150483	-0.394592	-2.729633	-0.303459	 0.164606
-1.000170	-3.385780	-0.961733	-0.498285	-2.341796	-0.925299	-2.312917	-0.126834	-0.517659	-2.718714	-0.177445	 0.164606
-0.996169	-3.372260	-0.473487	-0.498285	-2.829379	-0.924641	-2.303666	-0.615010	-0.077911	-3.207839	-0.614439	 0.164606
-0.992185	-3.358782	-0.229364	-0.498285	-3.066536	-0.922464	-2.294451	-0.856891	 0.141962	-3.445008	-0.830832	 0.164606
-0.988216	-3.345353	-0.607303	-0.498285	-2.678507	-0.419535	-2.285273	-0.475634	 0.251899	-3.056228	-0.936935	 0.164606
-0.984263	-3.331975	-0.794301	-0.498285	-2.479912	-0.168071	-2.276132	-0.285006	 0.306868	-2.856503	-0.987900	 0.164606
-0.980326	-2.818648	-0.885838	-0.498285	-2.376052	-0.542339	-2.267028	-0.189692	-0.165648	-2.751327	-1.011305	 0.164606
-0.976405	-2.557374	-0.929652	-0.498285	-2.319577	-0.727639	-2.257960	-0.142035	-0.400629	-2.693446	-1.020938	 0.164606
-0.972499	-2.922145	-0.449612	-0.498285	-2.786814	-0.318464	-2.248928	-0.118206	-0.016849	-2.659235	-1.023693	 0.164606
-0.968609	-3.097957	-0.209592	-0.498285	-3.013924	-0.113876	-2.239932	-0.106292	 0.175041	-2.636879	-1.023018	 0.164606
-0.964735	-3.179315	-0.089582	-0.498285	-3.120997	-0.011582	-2.230972	-0.100335	 0.270986	-2.620472	-1.020636	 0.164606
-0.960876	-3.213473	-0.029577	-0.498285	-2.668077	-0.460435	-2.222048	-0.097356	 0.318959	-2.607061	-1.017408	 0.164606
-0.957032	-3.224056	 0.000426	-0.498285	-2.437187	-0.683043	-2.213160	-0.095867	 0.342945	-2.595168	-1.013766	 0.164606
-0.953204	-3.222879	 0.015427	-0.498285	-2.317330	-0.792536	-2.204308	-0.095122	 0.354938	-2.584055	-0.509924	 0.164606
-0.949391	-3.215847	 0.022928	-0.498285	-2.253006	-0.845478	-2.195490	-0.094750	 0.360935	-2.573352	-0.258004	 0.164606
-0.945594	-3.205913	 0.026678	-0.498285	-2.216467	-0.870152	-2.186708	-0.594564	 0.363933	-2.562876	-0.632043	 0.164606
-0.941811	-3.194554	 0.028553	-0.498285	-2.193837	-0.880700	-2.177962	-0.842282	 0.365432	-2.552533	-0.817051	 0.164606
-0.938044	-2.682508	 0.029491	-0.498285	-2.178180	-0.384191	-2.169250	-0.463961	-0.133818	-2.542277	-0.907551	 0.164606
-0.934292	-2.422145	 0.029960	-0.498285	-2.166026	-0.135937	-2.160573	-0.274801	-0.382177	-2.532085	-0.950804	 0.164606
-0.930555	-2.287639	-0.469806	-0.498285	-2.655642	-0.011809	-2.151930	-0.180220	-0.005096	-2.521945	-0.970443	 0.164606
-0.926833	-2.216080	-0.717750	-0.498285	-2.894159	 0.050254	-2.143323	-0.132930	 0.183445	-2.511852	-0.978282	 0.164606
-0.923125	-2.176012	-0.839790	-0.498285	-3.007152	 0.081286	-2.134749	-0.109285	 0.277715	-2.501801	-0.980230	 0.164606
-0.919433	-2.651705	-0.898887	-0.498285	-2.557409	 0.096802	-2.126210	-0.097463	 0.324851	-2.491793	-0.979239	 0.164606
-0.915755	-2.883298	-0.926519	-0.498285	-2.328321	 0.104560	-2.117706	-0.091551	 0.348418	-2.481825	-0.976787	 0.164606
-0.912092	-2.992864	-0.438427	-0.998285	-2.209579	-0.391561	-2.109235	-0.588596	 0.360202	-2.471897	-0.973613	 0.164606
-0.908444	-3.041442	-0.194381	-1.245289	-2.146027	-0.637846	-2.100798	-0.834947	 0.366094	-2.462009	-0.970085	 0.164606
-0.904810	-2.559551	-0.572358	-1.365806	-2.110085	-0.259221	-2.092395	-0.955960	 0.369040	-2.452161	-0.966387	 0.164606
-0.901191	-2.314450	-0.759445	-1.423092	-2.087966	-0.069908	-2.084025	-1.014312	 0.370513	-2.442352	-0.962613	 0.164606
-0.897586	-2.687761	-0.351096	-0.948774	-2.572775	 0.024749	-2.075689	-0.541343	-0.128751	-2.432583	-0.958809	 0.164606
-0.893995	-2.868295	-0.146922	-0.711615	-2.809064	 0.072077	-2.067386	-0.304858	-0.377126	-2.422853	-0.954996	 0.164606
-0.890419	-2.952464	-0.044834	-0.593036	-2.921118	 0.095741	-2.059117	-0.186616	-0.500063	-2.413161	-0.951188	 0.164606
-0.886858	-2.988475	-0.493791	-0.533746	-2.471079	 0.107573	-2.050880	-0.127495	-0.060286	-2.403509	-0.947389	 0.164606
-0.883310	-3.000432	-0.716384	-0.504101	-2.242017	 0.113489	-2.042677	-0.097934	 0.159603	-2.393895	-0.943602	 0.164606
-0.879777	-3.000385	-0.825802	-0.989279	-2.123460	-0.383553	-2.034506	-0.083154	 0.269547	-2.384319	-0.439829	 0.164606
-0.876258	-2.994361	-0.878641	-1.228919	-2.060172	-0.630313	-2.026368	-0.075764	 0.324520	-2.374782	-0.187943	 0.164606
-0.872753	-2.485373	-0.403197	-0.845801	-2.524534	-0.251939	-2.018262	-0.072069	 0.352006	-2.365283	-0.561999	 0.164606
-0.869262	-2.226926	-0.165475	-0.654243	-2.750738	-0.062751	-2.010189	-0.070221	 0.365749	-2.355821	-0.747156	 0.164606
-0.865785	-2.593765	-0.046614	-0.558464	-2.857885	-0.468158	-2.002149	-0.069298	 0.372620	-2.346398	-0.837869	 0.164606
-0.862322	-2.771264	 0.012816	-0.510574	-2.905529	-0.669114	-1.994140	-0.068836	 0.376056	-2.337013	-0.881369	 0.164606
-0.858873	-2.854115	 0.042531	-0.486629	-2.923445	-0.767852	-1.986163	-0.068605	 0.377774	-2.327665	-0.901269	 0.164606
-0.855437	-2.889667	 0.057389	-0.474657	-2.926520	-0.315488	-1.978219	-0.068489	 0.378633	-2.318354	-0.909377	 0.164606
-0.852015	-2.901593	 0.064818	-0.468671	-2.922198	-0.089306	-1.970306	-0.068432	 0.379062	-2.309080	-0.911595	 0.164606
-0.848607	-2.401728	 0.068532	-0.465677	-2.414202	-0.476214	-1.962425	-0.068403	 0.379277	-2.299844	-0.910877	 0.164606
-0.845213	-2.147993	 0.070389	-0.464181	-2.156391	-0.667943	-1.954575	-0.068388	 0.379385	-2.290645	-0.908698	 0.164606
-0.841832	-2.517336	-0.428682	-0.463433	-2.023688	-0.762087	-1.946757	-0.068381	 0.379438	-2.281482	-0.905795	 0.164606
-0.838465	-2.696235	-0.676362	-0.463058	-1.953555	-0.807447	-1.938970	-0.068377	 0.379465	-2.272356	-0.902538	 0.164606
-0.835111	-2.779934	-0.298354	-0.462871	-1.914722	-0.828422	-1.931214	-0.568376	 0.379478	-2.263267	-0.899111	 0.164606
-0.831770	-2.816056	-0.109350	-0.462778	-1.891553	-0.837210	-1.923489	-0.816238	 0.379485	-2.254214	-0.895606	 0.164606
-0.828443	-2.828413	-0.014848	-0.462731	-1.876232	-0.839912	-1.915795	-0.938041	 0.379489	-2.245197	-0.892069	 0.164606
-0.825129	-2.328909	-0.467597	-0.462708	-1.864850	-0.339578	-1.908132	-0.496823	 0.379490	-2.236216	-0.888524	 0.164606
-0.821829	-2.075499	-0.692131	-0.462696	-1.855452	-0.089411	-1.900499	-0.276214	 0.379491	-2.227271	-0.884981	 0.164606
-0.818542	-2.445150	-0.802565	-0.462690	-2.347061	 0.035672	-1.892897	-0.165909	 0.379491	-2.218362	-0.881447	 0.164606
-0.815267	-2.624345	-0.855955	-0.462687	-2.587188	 0.098214	-1.885326	-0.110757	 0.379492	-2.209489	-0.877924	 0.164606
-0.812006	-2.708336	-0.380832	-0.462686	-2.201597	-0.370515	-1.877784	-0.083181	 0.379492	-2.200651	-0.874414	 0.164606
-0.808758	-2.744747	-0.143271	-0.462685	-2.005169	-0.603201	-1.870273	-0.069393	 0.379492	-2.191848	-0.870917	 0.164606
-0.805523	-2.757390	-0.524490	-0.462685	-1.903338	-0.217872	-1.862792	-0.062499	 0.379492	-2.183081	-0.867433	 0.164606
-0.802301	-2.758171	-0.713288	-0.462684	-1.848819	-0.025208	-1.855341	-0.059052	 0.379492	-2.174348	-0.863964	 0.164606
-0.799092	-2.753044	-0.805883	-0.462684	-1.817971	 0.071124	-1.847920	-0.057328	 0.379492	-2.165651	-0.860508	 0.164606
-0.795896	-2.744985	-0.850383	-0.462684	-1.798973	-0.380710	-2.340528	-0.056466	 0.379492	-2.156988	-0.857066	 0.164606
-0.792712	-2.735481	-0.870844	-0.462684	-1.785914	-0.604961	-2.581166	-0.056035	 0.379492	-2.148361	-0.853638	 0.164606
-0.789541	-2.225277	-0.879291	-0.462684	-2.275839	-0.215429	-2.195841	-0.055820	 0.379492	-2.139767	-0.850223	 0.164606
-0.786383	-1.966745	-0.881740	-0.462684	-2.515270	-0.020663	-1.999558	-0.055712	 0.379492	-2.131208	-0.846822	 0.164606
-0.783238	-1.834063	-0.381196	-0.462684	-2.629476	-0.423280	-1.897810	-0.055658	 0.379492	-2.122683	-0.843435	 0.164606
-0.780105	-1.764319	-0.130923	-0.462684	-2.681091	-0.622936	-1.843343	-0.055631	 0.379492	-2.114192	-0.840061	 0.164606
-0.776984	-2.226058	-0.005787	-0.462684	-2.201434	-0.721119	-1.812532	-0.055618	 0.379492	-2.105736	-0.836701	 0.164606
-0.773876	-2.451552	 0.056781	-0.462684	-1.958161	-0.768572	-1.793564	-0.055611	 0.379492	-2.097313	-0.833354	 0.164606
-0.770781	-2.558945	 0.088065	-0.462684	-1.833095	-0.790667	-1.780530	-0.055608	 0.379492	-2.088923	-0.830021	 0.164606
-0.767698	-2.607308	-0.396293	-0.462684	-1.767146	-0.300088	-1.770478	-0.055606	 0.379492	-2.080568	-0.826701	 0.164606
-0.764627	-2.626179	-0.636711	-0.462684	-1.730769	-0.054799	-1.761931	-0.055605	 0.379492	-2.072246	-0.823394	 0.164606
-0.761568	-2.130324	-0.755166	-0.462684	-1.709192	 0.067845	-1.754151	-0.055605	 0.379492	-2.063957	-0.320100	 0.164606
-0.758522	-1.879128	-0.812646	-0.462684	-1.695028	 0.129168	-1.746768	-0.055605	 0.379492	-2.055701	-0.068454	 0.164606
-0.755488	-2.250274	-0.339645	-0.462684	-1.684585	-0.340171	-1.739598	-0.055605	 0.379492	-2.047478	-0.442630	 0.164606
-0.752466	-2.430604	-0.103145	-0.462684	-1.676015	-0.573222	-1.732548	-0.055605	 0.379492	-2.039288	-0.628085	 0.164606
-0.749456	-2.515547	-0.484895	-0.462684	-2.168395	-0.688134	-1.725572	-0.555605	 0.379492	-2.031131	-0.219185	 0.164606
-0.746458	-2.552817	-0.674037	-0.462684	-2.409263	-0.743985	-1.718647	-0.803493	 0.379492	-2.023006	-0.014735	 0.164606
-0.743472	-2.566273	-0.766881	-0.462684	-2.524397	-0.770310	-1.711761	-0.925335	 0.379492	-2.014914	 0.087490	 0.164606
-0.740499	-2.567841	-0.311584	-0.462684	-2.576685	-0.781880	-1.704908	-0.484161	 0.379492	-2.006855	-0.361398	 0.164606
-0.737537	-2.563486	-0.083936	-0.462684	-2.597571	-0.786077	-1.698086	-0.263575	 0.379492	-1.998827	-0.584221	 0.164606
-0.734586	-2.056190	-0.470111	-0.462684	-2.102777	-0.286596	-1.691292	-0.153281	 0.379492	-1.990832	-0.194019	 0.164606
-0.731648	-1.799445	-0.661487	-0.462684	-1.852164	-0.036855	-1.684526	-0.098135	 0.379492	-1.982869	 0.001083	 0.164606
-0.728721	-2.167987	-0.755469	-0.462684	-1.723655	-0.411985	-1.677788	-0.570561	 0.379492	-2.474937	-0.401367	 0.164606
-0.725807	-2.347184	-0.800761	-0.462684	-1.656209	-0.597975	-1.671076	-0.804689	 0.379492	-2.715037	-0.600984	 0.164606
-0.722903	-2.431731	-0.321714	-0.462684	-2.119309	-0.689402	-1.664392	-0.419675	 0.379492	-2.329177	-0.699191	 0.164606
-0.720012	-2.468971	-0.082191	-0.462684	-2.345695	-0.733554	-1.657734	-0.227168	 0.379492	-2.132360	-0.746700	 0.164606
-0.717132	-2.482579	-0.462430	-0.462684	-2.453743	-0.754075	-1.651103	-0.130914	 0.379492	-2.030081	-0.768866	 0.164606
-0.714263	-2.484390	-0.650864	-0.462684	-2.502644	-0.762786	-1.644499	-0.082787	 0.379492	-1.975086	-0.778367	 0.164606
-0.711406	-2.480324	-0.743402	-0.462684	-2.521991	-0.765599	-1.637921	-0.058724	 0.379492	-1.943748	-0.781542	 0.164606
-0.708561	-1.973338	-0.787999	-0.462684	-2.026582	-0.265468	-1.631369	-0.046692	 0.379492	-1.924254	-0.781560	 0.164606
-0.705726	-1.716912	-0.808633	-0.462684	-1.775815	-0.015403	-1.624844	-0.040677	 0.379492	-1.910698	-0.780006	 0.164606
-0.702903	-1.585779	-0.317291	-0.462684	-1.647381	-0.390370	-1.618344	-0.537669	 0.379492	-1.900125	-0.277672	 0.164606
-0.700092	-1.517302	-0.071620	-0.462684	-1.580127	-0.576323	-1.611871	-0.784095	 0.379492	-1.891060	-0.026505	 0.164606
-0.697291	-1.480167	-0.448785	-0.462684	-2.043474	-0.667775	-1.605424	-0.405248	 0.379492	-1.882763	 0.099079	 0.164606
-0.694502	-1.458713	-0.635715	-0.462684	-2.270133	-0.711983	-1.599002	-0.215824	 0.379492	-1.874866	 0.161871	 0.164606
-0.691724	-1.445111	-0.727535	-0.462684	-1.878470	-0.232574	-1.592606	-0.621112	 0.379492	-1.867183	-0.306733	 0.164606
-0.688957	-1.435447	-0.771806	-0.462684	-1.679664	 0.007130	-1.586236	-0.821703	 0.379492	-1.859623	-0.539485	 0.164606
-0.686201	-1.427764	-0.792310	-0.462684	-1.577300	 0.126982	-1.579891	-0.919954	 0.379492	-1.852139	-0.654316	 0.164606
-0.683457	-1.921082	-0.300936	-0.462684	-2.023168	 0.186908	-1.573571	-0.467043	 0.379492	-1.844707	-0.210193	 0.164606
-0.680723	-2.162912	-0.055249	-0.462684	-2.241164	 0.216871	-1.567277	-0.240588	 0.379492	-1.837317	 0.011868	 0.164606
-0.678000	-1.779018	-0.432405	-0.462684	-1.845243	 0.231853	-1.561008	-0.627360	 0.379492	-1.829962	 0.122899	 0.164606
-0.675288	-1.584281	-0.619365	-0.462684	-1.644384	 0.239344	-1.554764	-0.818718	 0.379492	-1.822639	 0.178414	 0.164606
-0.672587	-1.484133	-0.711232	-0.462684	-1.541068	-0.256911	-1.548545	-0.412377	 0.379492	-1.815347	 0.206172	 0.164606
-0.669896	-1.431291	-0.755559	-0.462684	-1.486534	-0.503532	-1.542350	-0.209206	 0.379492	-1.808085	 0.220051	 0.164606
-0.667217	-1.402113	-0.776123	-0.462684	-1.956403	-0.625342	-1.536181	-0.107621	 0.379492	-1.800853	 0.226990	 0.164606
-0.664548	-1.384778	-0.784811	-0.462684	-2.186485	-0.684753	-1.530036	-0.056828	 0.379492	-1.793649	 0.230460	 0.164606
-0.661890	-1.373376	-0.787568	-0.462684	-2.296693	-0.712970	-1.523916	-0.031432	 0.379492	-1.786474	 0.232194	 0.164606
-0.659242	-1.364951	-0.787366	-0.462684	-1.846983	-0.725596	-1.517820	-0.018734	 0.379492	-1.779328	 0.233062	 0.164606
-0.656605	-1.358025	-0.785691	-0.462684	-1.619334	-0.730433	-1.511749	-0.012385	 0.379492	-1.772211	 0.233496	 0.164606
-0.653979	-1.351860	-0.283285	-0.462684	-1.502726	-0.731380	-1.505702	-0.009210	 0.379492	-1.765122	-0.266288	 0.164606
-0.651363	-1.346086	-0.032083	-0.462684	-1.441650	-0.730390	-1.499679	-0.007623	 0.379492	-1.758062	-0.514647	 0.164606
-0.648758	-1.340519	 0.093519	-0.462684	-1.408350	-0.728436	-1.493681	-0.006829	 0.379492	-1.751030	-0.637301	 0.164606
-0.646162	-1.335065	 0.156320	-0.462684	-1.388950	-0.726005	-1.487706	-0.006432	 0.379492	-1.744025	-0.697108	 0.164606
-0.643578	-1.829679	-0.312280	-0.462684	-1.376512	-0.223343	-1.481755	-0.006234	 0.379492	-1.737049	-0.725497	 0.164606
-0.641004	-2.072338	-0.545018	-0.462684	-1.367564	 0.027988	-1.475828	-0.006135	 0.379492	-1.730101	-0.738184	 0.164606
-0.638439	-2.189037	-0.659832	-0.462684	-1.360373	 0.153653	-1.469925	-0.006085	 0.379492	-1.723181	-0.743026	 0.164606
-0.635886	-2.242775	-0.715689	-0.462684	-1.354071	 0.216486	-1.464045	-0.006060	 0.379492	-1.716288	-0.743951	 0.164606
-0.633342	-2.265051	-0.742075	-0.462684	-1.348224	 0.247903	-1.458189	-0.006048	 0.379492	-1.709423	-0.742924	 0.164606
-0.630809	-1.771614	-0.753731	-0.462684	-1.842616	-0.236389	-1.452356	-0.506042	 0.379492	-1.702585	-0.740927	 0.164606
-0.628286	-1.522340	-0.758028	-0.462684	-2.085138	-0.477094	-1.446547	-0.754027	 0.379492	-1.695775	-0.738450	 0.164606
-0.625772	-1.395156	-0.758652	-0.462684	-1.701744	-0.596011	-1.440760	-0.376015	 0.379492	-1.688992	-0.735740	 0.164606
-0.623269	-1.329028	-0.757445	-0.462684	-1.507410	-0.654039	-1.434997	-0.187009	 0.379492	-1.682236	-0.732919	 0.164606
-0.620776	-1.293439	-0.755329	-0.462684	-1.907617	-0.181629	-1.429257	-0.092506	 0.379492	-1.675507	-0.730048	 0.164606
-0.618293	-1.273128	-0.752765	-0.462684	-2.103105	 0.054576	-1.423540	-0.045255	 0.379492	-1.668805	-0.727158	 0.164606
-0.615820	-1.260467	-0.749983	-0.462684	-2.196252	 0.172678	-1.417846	-0.021629	 0.379492	-1.662130	-0.724265	 0.164606
-0.613357	-1.251641	-0.247097	-0.462684	-1.738246	 0.231730	-1.412175	-0.009816	 0.379492	-1.655481	-0.721375	 0.164606
-0.610903	-1.244743	 0.004346	-0.462684	-1.506683	 0.261255	-1.406526	-0.003910	 0.379492	-1.648859	-0.718494	 0.164606
-0.608460	-1.238818	-0.369933	-0.462684	-1.888351	-0.223982	-1.400900	-0.000957	 0.379492	-1.642264	-0.715622	 0.164606
-0.606026	-1.233389	-0.555583	-0.462684	-2.074645	-0.465182	-1.395296	 0.000520	 0.379492	-1.635695	-0.712760	 0.164606
-0.603602	-1.228219	-0.146926	-0.462684	-1.663270	-0.584369	-1.389715	-0.498742	 0.379492	-1.629152	-0.709909	 0.164606
-0.601187	-1.223188	 0.057402	-0.462684	-1.455079	-0.642556	-1.384156	-0.746376	 0.379492	-1.622635	-0.707070	 0.164606
-0.598783	-1.218236	-0.340434	-0.462684	-1.348490	-0.670248	-1.378620	-0.868206	 0.379492	-1.616145	-0.704242	 0.164606
-0.596387	-1.213334	-0.537875	-0.462684	-1.292711	-0.682698	-1.373105	-0.927141	 0.379492	-1.609680	-0.701425	 0.164606
-0.594002	-1.208466	-0.635125	-0.462684	-1.262348	-0.687533	-1.367613	-0.954636	 0.379492	-1.603241	-0.698619	 0.164606
-0.591626	-1.703624	-0.182285	-0.462684	-1.244703	-0.188565	-1.362142	-0.466419	 0.379492	-1.596828	-0.695825	 0.164606
-0.589259	-1.946806	 0.044135	-0.462684	-1.233426	 0.060919	-1.356694	-0.222311	 0.379492	-1.590441	-0.693042	 0.164606
-0.586902	-1.564017	-0.342656	-0.462684	-1.225343	 0.185660	-1.351267	-0.100256	 0.379492	-1.584079	-0.190269	 0.164606
-0.584555	-1.370260	-0.534592	-0.462684	-1.218867	 0.248031	-1.345862	-0.039229	 0.379492	-1.577743	 0.061117	 0.164606
-0.582217	-1.271029	-0.629107	-0.462684	-1.213204	 0.279217	-1.340479	-0.008716	 0.379492	-1.571432	 0.186810	 0.164606
-0.579888	-1.219069	-0.674917	-0.462684	-1.207958	 0.294809	-1.335117	 0.006541	 0.379492	-1.565146	 0.249656	 0.164606
-0.577568	-1.190755	-0.696381	-0.462684	-1.202929	 0.302606	-1.329776	 0.014169	 0.379492	-1.558886	 0.281080	 0.164606
-0.575258	-1.174274	-0.705677	-0.462684	-1.198019	 0.306504	-1.324457	 0.017983	 0.379492	-1.552650	 0.296791	 0.164606
-0.572957	-1.163717	-0.708895	-0.462684	-1.193178	 0.308453	-1.319159	 0.019891	 0.379492	-1.546440	 0.304647	 0.164606
-0.570665	-1.156132	-0.709080	-0.462684	-1.188381	 0.309428	-1.313883	 0.020844	 0.379492	-1.540254	 0.308575	 0.164606
-0.568382	-1.150043	-0.707754	-0.462684	-1.183615	 0.309915	-1.308627	 0.021321	 0.379492	-1.534093	 0.310539	 0.164606
-0.566109	-1.144711	-0.205678	-0.462684	-1.178874	 0.310159	-1.303393	 0.021559	 0.379492	-1.527956	-0.188479	 0.164606
-0.563844	-1.139765	 0.045360	-0.462684	-1.174156	 0.310280	-1.298179	 0.021678	 0.379492	-1.521845	-0.436613	 0.164606
-0.561589	-1.135023	-0.329121	-0.462684	-1.669457	 0.310341	-1.292986	 0.021738	 0.379492	-1.515757	-0.059311	 0.164606
-0.559343	-1.130392	-0.514954	-0.462684	-1.912779	 0.310372	-1.287814	 0.021768	 0.379492	-1.509694	 0.129340	 0.164606
-0.557105	-1.625824	-0.106469	-0.462684	-1.530127	 0.310387	-1.282663	 0.021783	 0.379492	-1.503655	 0.223666	 0.164606
-0.554877	-1.869298	 0.097773	-0.462684	-1.336507	 0.310395	-1.277532	 0.021790	 0.379492	-1.497641	 0.270829	 0.164606
-0.552657	-1.986809	 0.199895	-0.462684	-1.237411	 0.310398	-1.272422	 0.021794	 0.379492	-1.491650	 0.294410	 0.164606
-0.550447	-2.041357	-0.249045	-0.462684	-1.185586	-0.189600	-1.267333	 0.021796	 0.379492	-1.485684	 0.306201	 0.164606
-0.548245	-2.064438	-0.472119	-0.462684	-1.157406	-0.438220	-1.262263	 0.021797	 0.379492	-1.479741	 0.312096	 0.164606
-0.546052	-1.571804	-0.582265	-0.462684	-1.141058	-0.061156	-1.257214	 0.021797	 0.379492	-0.973822	 0.315044	 0.164606
-0.543868	-1.323329	-0.635953	-0.462684	-1.130634	 0.127376	-1.252185	 0.021797	 0.379492	-0.720862	 0.316518	 0.164606
-0.541692	-1.196941	-0.661418	-0.462684	-1.123182	 0.221642	-1.247177	 0.021798	 0.379492	-1.094383	 0.317255	 0.164606
-0.539525	-1.131606	-0.672777	-0.462684	-1.117224	 0.268775	-1.242188	 0.021798	 0.379492	-1.278207	 0.317623	 0.164606
-0.537367	-1.096806	-0.177088	-0.462684	-1.112023	 0.292341	-1.237219	-0.478202	 0.379492	-1.367195	-0.182192	 0.164606
-0.535218	-1.077282	 0.070756	-0.462684	-1.107209	 0.304125	-1.232270	-0.726246	 0.379492	-1.408777	-0.430736	 0.164606
-0.533077	-1.065405	-0.305321	-0.462684	-1.102597	 0.310016	-1.227341	-0.348319	 0.379492	-1.426667	-0.053650	 0.164606
-0.530945	-1.057359	-0.491998	-0.462684	-1.098095	 0.312962	-1.222432	-0.159356	 0.379492	-1.432723	 0.134894	 0.164606
-0.528821	-1.051238	-0.583978	-0.462684	-1.093657	 0.314435	-1.217542	-0.064874	 0.379492	-1.432873	 0.229165	 0.164606
-0.526706	-1.046087	-0.628617	-0.462684	-1.089259	 0.315172	-1.212672	-0.017633	 0.379492	-1.430082	 0.276301	 0.164606
-0.524599	-1.041429	-0.649589	-0.462684	-1.084891	 0.315540	-1.207821	 0.005987	 0.379492	-1.425832	 0.299869	 0.164606
-0.522500	-1.037027	-0.658735	-0.462684	-1.080545	-0.184276	-1.202990	 0.017797	 0.379492	-1.420864	 0.311653	 0.164606
-0.520410	-1.032761	-0.661971	-0.462684	-1.076220	-0.432816	-1.198178	 0.023703	 0.379492	-1.415548	 0.317545	 0.164606
-0.518329	-1.028570	-0.662259	-0.462684	-1.071914	-0.055723	-1.193385	-0.473345	 0.379492	-1.410070	 0.320491	 0.164606
-0.516255	-1.024427	-0.661078	-0.462684	-1.067626	 0.132823	-1.188612	-0.719928	 0.379492	-1.404522	 0.321964	 0.164606
-0.514190	-1.020314	-0.659168	-0.462684	-1.063355	-0.272903	-1.183857	-0.341286	 0.379492	-1.398949	 0.322700	 0.164606
-0.512134	-1.016225	-0.656898	-0.462684	-1.059101	-0.474410	-1.179122	-0.151966	 0.379492	-1.393377	 0.323069	 0.164606
-0.510085	-1.012157	-0.654454	-0.462684	-1.054865	-0.573811	-1.174405	-0.057305	 0.379492	-1.387815	 0.323253	 0.164606
-0.508045	-1.008106	-0.651928	-0.462684	-1.050645	-0.622165	-1.169708	-0.009975	 0.379492	-1.382269	 0.323345	 0.164606
-0.506013	-1.004073	-0.649366	-0.462684	-1.046442	-0.645001	-1.165029	 0.013690	 0.379492	-1.376743	 0.323391	 0.164606
-0.503989	-1.000056	-0.646792	-0.462684	-1.042257	-0.655083	-1.160369	 0.025523	 0.379492	-1.371237	-0.176586	 0.164606
-0.501973	-0.996056	-0.644216	-0.462684	-1.038088	-0.658794	-1.155727	 0.031439	 0.379492	-1.365753	-0.425221	 0.164606
-0.500965	-0.992071	-0.641645	-0.462684	-1.033935	-0.659325	-1.151104	 0.034397	 0.379492	-1.360291	-0.048191	 0.164606
-0.500461	-0.988103	-0.639081	-0.462684	-1.029800	-0.658270	-1.146500	 0.035876	 0.379492	-1.354850	 0.140324	 0.164606
-0.500209	-0.984151	-0.636526	-0.462684	-1.525680	-0.156429	-1.141914	 0.036616	 0.379492	-1.349430	-0.265419	 0.164606
-0.500083	-0.980214	-0.633981	-0.462684	-1.769578	 0.094492	-1.137346	 0.036985	 0.379492	-1.344033	-0.466948	 0.164606
-0.500020	-0.976293	-0.631445	-0.462684	-1.887499	 0.219953	-1.132797	 0.037170	 0.379492	-1.338656	-0.566375	 0.164606
-0.499988	-0.972388	-0.628920	-0.462684	-1.442449	 0.282683	-1.128266	-0.462737	 0.379492	-1.333302	-0.614758	 0.164606
-0.499972	-0.968498	-0.626404	-0.462684	-1.217930	 0.314048	-1.123753	-0.710766	 0.379492	-1.327969	-0.637622	 0.164606
-0.499965	-0.964624	-0.123899	-0.462684	-1.103683	 0.329731	-1.119258	-0.332862	 0.379492	-1.322657	-0.647734	 0.164606
-0.499961	-0.960766	 0.127354	-0.462684	-1.044581	 0.337572	-1.114781	-0.143911	 0.379492	-1.317366	-0.651474	 0.164606
-0.499959	-0.956923	-0.247020	-0.462684	-1.013059	 0.341493	-1.110322	-0.049435	 0.379492	-1.312097	-0.652033	 0.164606
-0.499958	-0.953095	-0.432964	-0.462684	-0.995334	 0.343453	-1.105880	-0.002197	 0.379492	-1.306848	-0.651008	 0.164606
-0.499957	-0.949283	-0.524698	-0.462684	-0.984517	 0.344433	-1.101457	 0.021422	 0.379492	-1.301621	-0.149195	 0.164606
-0.499957	-0.945486	-0.569332	-0.462684	-0.977161	 0.344923	-1.097051	 0.033232	 0.379492	-1.296414	 0.101711	 0.164606
-0.499957	-0.941704	-0.590421	-0.462684	-0.971543	 0.345168	-1.092663	 0.039136	 0.379492	-1.291229	 0.227164	 0.164606
-0.499957	-1.437937	-0.099743	-0.462684	-0.966803	 0.345291	-0.588292	 0.042089	 0.379492	-1.286064	 0.289891	 0.164606
-0.499957	-1.682185	 0.145597	-0.462684	-0.962508	 0.345352	-0.336107	 0.043565	 0.379492	-1.280920	 0.321254	 0.164606
-0.499957	-1.300456	 0.268266	 0.037316	-0.958445	 0.345383	-0.710014	 0.044303	 0.379492	-1.275796	 0.336936	 0.164606
-0.499957	-1.107755	 0.329601	 0.286241	-0.954504	 0.345398	-0.894800	 0.044672	 0.379492	-1.270693	 0.344777	 0.164606
-0.499957	-1.009574	 0.360268	 0.409633	-0.450633	 0.845406	 0.014966	 0.044856	 0.879492	-0.765610	 0.348697	 0.664606
-0.499957	-0.958660	 0.375602	 0.470264	-0.198697	 1.092719	 0.468000	 0.044949	 1.126733	-0.513069	 0.350657	 0.912277
 0.000043	-0.431388	 0.883269	 0.999517	 1.427271	 1.213695	 1.692675	 1.044995	 1.247605	 0.613202	 0.851637	 1.533792
 0.249043	-0.167752	 1.134320	 1.261086	 2.234148	 1.271514	 2.299177	 1.540928	 1.305305	 1.172859	 1.099422	 1.840240
 0.373543	-0.035934	 1.257075	 1.388825	 2.631505	 1.297765	 2.596617	 1.784821	 1.331428	 1.449222	 1.220620	 1.989170
 1.435793	 4.529975	 1.815693	 1.949662	 7.324126	 2.308242	 5.239549	 2.402710	 1.841775	 5.083952	 2.278535	 2.059359
 1.961922	 6.794738	 2.090254	 2.225059	 9.646402	 2.806843	 6.545250	 2.705613	 2.092244	 6.883880	 2.800820	 2.090194
 2.720010	 10.409000	 2.222804	 2.357757	 12.283603	 3.049533	 8.682399	 2.351047	 0.712793	 13.266476	 3.555316	 0.601370
 4.592098	 16.688085	 1.784369	 2.419125	 17.072362	 2.664293	 11.729334	 2.169772	-0.475599	 18.918476	 3.923945	-0.641268
 5.515214	 19.781693	 1.562459	 2.444848	 19.423020	 2.467115	 13.223249	 2.075157	-1.066467	 21.695335	 4.099674	-1.258818
 6.463895	 23.282746	 1.448823	 2.452768	 22.054801	 2.863987	 14.940772	 2.523889	-1.858586	 32.034820	 5.178988	-2.563841
 6.923411	 24.979705	 1.389335	 2.451807	 23.321318	 3.055901	 15.766217	 2.742309	-2.249344	 37.189052	 5.706128	-3.208615
 7.138402	 25.774831	 1.356931	 2.446424	 23.905401	 3.145362	 16.145757	 2.845598	-2.439443	 39.750719	 5.957232	-3.523295
 9.231192	 31.619255	 1.838080	 3.438851	 29.148464	 3.683623	 19.302475	 2.891344	-1.529234	 38.016166	 7.570367	-2.672959
 10.254938	 34.466539	 2.074016	 3.926202	 31.701212	 3.944310	 20.835917	 2.908344	-1.072891	 37.076326	 8.358567	-2.244146
 10.744254	 37.315553	 1.687364	 4.161050	 33.409078	 4.066243	 22.057898	 3.410992	-0.343486	 43.034133	 7.734374	-3.026108
 10.966445	 38.659731	 1.491437	 4.269683	 34.192778	 4.118833	 22.622330	 3.654490	 0.021216	 45.987658	 7.408057	-3.409474
 9.055163	 34.751813	 0.890882	 3.315242	 34.014674	 4.136786	 22.358172	 3.268442	-1.796433	 36.439142	 6.230735	-3.093571
 8.085234	 32.736165	 0.590605	 2.833300	 33.857949	 4.137452	 22.181905	 3.069654	-2.698029	 31.611103	 5.631967	-2.930064
 7.586039	 31.666901	 0.440466	 2.587627	 30.712185	 3.629509	 19.049760	 1.964518	-2.641628	 29.143518	 5.322517	-2.842777
 7.322268	 31.071073	 0.365397	 2.460106	 29.084169	 3.369295	 17.451852	 1.410231	-2.608257	 27.856373	 5.157766	-2.793623
 7.176266	 30.712209	 0.327862	 2.391680	 28.215249	 3.232969	 16.621191	 1.131376	-2.586422	 27.159662	 5.065404	-2.763557
 7.089204	 30.472070	 0.809095	 2.352821	 27.726097	 2.658613	 16.674279	 0.990243	-2.570375	 26.758381	 5.009277	-2.743057
 7.031669	 30.291537	 1.047130	 2.328764	 27.427046	 2.367267	 16.667368	 0.917979	-2.557243	 26.505026	 4.971307	-2.727362
 6.988953	 30.141048	 0.663578	 2.312125	 27.223265	 2.717442	 16.630592	 0.880155	-2.545589	 26.325845	 4.942456	-2.714091
 6.953702	 30.005823	 0.471802	 2.299215	 27.067336	 2.886394	 16.579016	 0.859558	-2.534694	 26.183962	 4.918203	-2.702054
 6.922240	 29.878469	 0.875914	 2.288188	 26.935548	 2.964759	 16.520173	 0.847582	-2.524199	 26.060936	 4.896288	-2.690655
 6.892728	 29.755290	 1.075410	 2.278120	 26.816047	 2.997856	 16.457829	 0.839923	-2.513924	 25.947547	 4.875582	-2.679597
 6.864245	 29.634436	 1.172608	 2.268549	 26.702903	 3.008342	 16.393866	 0.834429	-2.503779	 25.839184	 4.355520	-2.668731
 6.836332	 29.514982	 1.218667	 2.259246	 26.593152	 3.007548	 16.329225	 0.830024	-2.493719	 25.733541	 4.087817	-2.657983
 6.808759	 29.396464	 1.239167	 2.250095	 26.485309	 3.001137	 16.264375	 0.826170	-2.483722	 25.629464	 3.946326	-2.647314
 6.781410	 28.778649	 1.246898	 2.241037	 26.378633	 2.991942	 16.199551	 0.822598	-2.473776	 25.526374	 4.367971	-2.636706
 6.754227	 28.413420	 1.248254	 2.232045	 26.272751	 2.981379	 16.134870	 0.819175	-2.463875	 25.423983	 4.569214	-2.626150
 6.727182	 28.674709	 1.246433	 2.223102	 26.167476	 2.970156	 15.570389	 0.815831	-2.454017	 25.322144	 4.660294	-2.615641
 6.700259	 28.747481	 1.243033	 2.214203	 26.062715	 2.958627	 15.258136	 0.812535	-2.444200	 25.220784	 4.696332	-2.605176
 6.673451	 28.226227	 1.238854	 2.205342	 25.958418	 2.946968	 15.572118	 0.809268	-2.434422	 25.119865	 4.704886	-2.594754
 6.646753	 27.910190	 1.234295	 2.196519	 25.854561	 2.935268	 15.697337	 0.806022	-2.424684	 25.019368	 4.699736	-2.584374
 6.620164	 27.696983	 1.229556	 2.187732	 25.751131	 2.923571	 15.728301	 0.802794	-2.414985	 24.919282	 4.687772	-2.574037
 6.593683	 27.535412	 1.224737	 2.178981	 25.648121	 2.911898	 15.712265	 0.799581	-2.405325	 24.819600	 4.672438	-2.563740
 6.567308	 27.399879	 1.219888	 2.170265	 25.545526	 2.900262	 15.672854	 0.796381	-2.395704	 24.720319	 4.655457	-2.553485
 6.541038	 27.777584	 1.215033	 2.161583	 25.443342	 2.888666	 15.621882	 0.793195	-2.386121	 24.621437	 4.637690	-2.543271
 6.514874	 27.910125	 1.210185	 2.152937	 25.341568	 2.877114	 15.565254	 0.790022	-2.376576	 24.522951	 4.619566	-2.533098
 6.488814	 27.420311	 1.205351	 2.144325	 25.240202	 2.865607	 15.505923	 0.786862	-2.367070	 24.424859	 4.601302	-2.522966
 6.462859	 27.121543	 1.200532	 2.135748	 25.139241	 2.854145	 15.445364	 0.783715	-2.357602	 24.327159	 4.583003	-2.512874
 6.437008	 27.418513	 1.195732	 2.127205	 25.038684	 2.842729	 14.884315	 0.780580	-2.348171	 24.229850	 4.564725	-2.502823
 6.411260	 27.511567	 1.190950	 2.118696	 24.938529	 2.831358	 14.575144	 0.777457	-2.338779	 24.132931	 4.546492	-2.492811
 6.385615	 27.502885	 0.686186	 2.110221	 24.838775	 2.320033	 14.392027	 0.774348	-2.329424	 24.036399	 4.528320	-2.482840
 6.360072	 27.443556	 0.433805	 2.101780	 24.739420	 2.060753	 14.272050	 0.771250	-2.320106	 23.940254	 4.510213	-2.472909
 6.334632	 27.359122	 0.307614	 2.093373	 24.640462	 1.927510	 14.183758	 0.768165	-2.310826	 23.844492	 4.492176	-2.463017
 6.309293	 27.262356	 0.744518	 2.085000	 24.541900	 2.357300	 14.611421	 0.765093	-2.801582	 24.249115	 4.474209	-2.453165
 6.284056	 27.159642	 0.960608	 2.076660	 24.443732	 2.566621	 14.795174	 0.762032	-3.040376	 24.402118	 4.456313	-2.443352
 6.258920	 27.054171	 1.066299	 2.068353	 24.345957	 2.665729	 14.857093	 0.758984	-2.653214	 23.929510	 3.938488	-2.433579
 6.233884	 26.947538	 1.116801	 2.060080	 24.248574	 2.709754	 14.858214	 0.755948	-2.455102	 23.646292	 3.672734	-2.423845
 6.208949	 26.840540	 1.139717	 2.051839	 24.151579	 2.726258	 14.829056	 0.752924	-2.351531	 23.457956	 4.033043	-2.414149
 6.184113	 26.733574	 1.148850	 2.043632	 24.054973	 2.729025	 14.784877	 0.749913	-2.295250	 23.317250	 4.204411	-2.404493
 6.159376	 26.126838	 1.151100	 2.035458	 23.958753	 2.224945	 14.233306	 0.746913	-2.262632	 22.700543	 4.281343	-2.394875
 6.134739	 25.772429	 1.149919	 2.027316	 23.862918	 1.969463	 13.930158	 0.743925	-2.241862	 22.348022	 4.311093	-2.385295
 6.110200	 25.544389	 1.147031	 2.019206	 23.267466	 2.338294	 13.751329	 0.240950	-2.227035	 21.627771	 3.817286	-1.875754
 6.085759	 25.379736	 1.143298	 2.011130	 22.924397	 2.517296	 13.634770	-0.010538	-2.215198	 21.225830	 3.563736	-1.618251
 6.061416	 25.246980	 1.139153	 2.003085	 22.707699	 2.601404	 13.549454	-0.136282	-2.204872	 20.983212	 3.430340	-1.486778
 5.537171	 22.130373	 1.134810	 1.995073	 19.054368	 2.638087	 10.979868	 0.800846	-1.195320	 17.320421	 3.357049	-0.918331
 5.265022	 20.534042	 1.130378	 1.987092	 17.196901	 2.651079	 9.678254	 1.265934	-0.690544	 15.461711	 3.313835	-0.634107
 4.118962	 14.698001	 1.125910	 1.479144	 11.737488	 2.152247	 7.510694	 0.995016	 0.061844	 10.505150	 2.785687	 0.008005
 3.539986	 11.762257	 1.121433	 1.223228	 8.995226	 1.899524	 6.416227	 0.858109	 0.436409	 8.015772	 2.517098	 0.327760
 2.744576	 6.776732	 0.616961	 1.093335	 4.111588	 1.769869	 2.358351	 0.288213	 0.122070	 1.260030	 0.878307	 0.486343
 2.342973	 4.280387	 0.364725	 1.026461	 1.671314	 1.701761	 0.332811	 0.003265	-0.035099	-2.106849	 0.060432	 0.564345
 0.638288	-1.471354	 0.238606	 0.491105	-2.547285	 0.664439	-1.676573	-0.639209	-0.113684	-4.279341	-0.846991	 0.602061
-0.211921	-4.332778	 0.175547	 0.223428	-4.643053	 0.145779	-2.673893	-0.957883	-0.152977	-5.352684	-1.297193	 0.619639
-0.634902	-5.749102	 0.144018	 0.089589	-5.677459	-0.113552	-3.165211	-1.114667	-0.172623	-5.876503	-1.518799	 0.627154
-0.844276	-6.442933	 0.128253	-0.477331	-6.181239	-0.243217	-4.403556	-1.190516	-0.682446	-6.625612	-1.626122	 0.129642
-0.946856	-6.775575	 0.120371	-0.758702	-6.419759	-0.308049	-5.011446	-1.225907	-0.934973	-6.985417	-1.676316	-0.119114
-1.496047	-7.427679	 0.116430	-0.897308	-7.025702	-0.840466	-5.304151	-1.241081	-0.558861	-7.150629	-1.697960	-0.243492
-1.766552	-7.737572	 0.114459	-0.964539	-7.313410	-1.103928	-5.439311	-1.246155	-0.370806	-7.218603	-1.705343	-0.305681
-1.897731	-8.876423	 0.113474	-0.996090	-7.442062	-0.732924	-5.495741	-1.246189	-0.776778	-7.238017	-1.705609	 0.163225
-1.959262	-9.425818	 0.112981	-1.009811	-7.491247	-0.547423	-5.512852	-1.243714	-0.977398	-7.233209	-1.702330	 0.396413
-1.985986	-8.680566	 0.112735	-1.014624	-7.500758	-0.454672	-5.010348	-0.739994	-0.575353	-7.216349	-1.697293	 0.011748
-1.995323	-8.292069	 0.112611	-1.014992	-7.490493	-0.408296	-4.750080	-0.488134	-0.374330	-7.193519	-1.691390	-0.180584
-1.995982	-8.082013	 0.112550	-1.013145	-7.470400	-0.385108	-4.610966	-0.362204	-0.273818	-7.167763	-1.685067	-0.276751
-1.992318	-7.961241	 0.112519	-1.010199	-7.445453	-0.373515	-4.532466	-1.299239	-0.223563	-7.640601	-1.678548	-0.324834
-1.986509	-7.885174	 0.112504	-1.006712	-7.418139	-0.367718	-4.484308	-1.763284	-0.198435	-7.860793	-1.671945	-0.348875
-1.979643	-7.831523	-0.387504	-1.002962	-7.389700	-0.864819	-4.451356	-1.490852	-0.185871	-7.954727	-1.665312	-0.360896
-1.972264	-7.789141	-0.635733	-0.999088	-7.360758	-1.110646	-4.426044	-1.352199	-0.179589	-7.985597	-1.658679	-0.366906
-1.964645	-7.752457	-0.258079	-0.995161	-7.331623	-1.230847	-4.904586	-1.780445	-0.176448	-7.984999	-1.652058	-0.369912
-1.956922	-7.718683	-0.069253	-0.991215	-7.302451	-1.288245	-5.133091	-1.990151	-0.174877	-7.968731	-1.645457	-0.371414
-1.949161	-7.686426	-0.474839	-0.987267	-7.273318	-1.314253	-5.236620	-1.590604	-0.174092	-7.444692	-1.638878	-0.372166
-1.941398	-7.654990	-0.675872	-0.983327	-7.244264	-1.324576	-5.277705	-1.388449	-0.173699	-7.168832	-1.632324	-0.372541
-1.933650	-7.624024	-0.774634	-0.979398	-7.215306	-1.327068	-5.287609	-1.284999	-0.173503	-7.017115	-1.625796	-0.372729
-1.925924	-7.593356	-0.822268	-0.975482	-7.186454	-0.825655	-5.281966	-1.230910	-0.173405	-6.927526	-1.619293	 0.127177
-1.918224	-7.562896	-0.844346	-0.971582	-7.157713	-0.574948	-5.268592	-1.201513	-0.173356	-6.869056	-1.612816	 0.375876
-1.910553	-7.532601	-0.853652	-0.967696	-7.129085	-0.949595	-5.251395	-1.184469	-0.173331	-6.826200	-1.606365	-0.001024
-1.902912	-7.502449	-0.856579	-0.963825	-7.100570	-1.134270	-5.232328	-1.173613	-0.173319	-6.791205	-1.599940	-0.189474
-1.895301	-7.472428	-0.356323	-0.959970	-7.072168	-1.223969	-5.212368	-1.665859	-0.673313	-7.260195	-1.593540	-0.283699
-1.887720	-7.442533	-0.106195	-0.956130	-7.043880	-1.266192	-5.192003	-1.907666	-0.920963	-7.479232	-1.587166	-0.330811
-1.880169	-7.412760	-0.481132	-1.452306	-7.015704	-0.784686	-5.171477	-1.524271	-0.542451	-7.073354	-1.580817	 0.145633
-1.872649	-7.383108	-0.666888	-1.696497	-6.987641	-0.543933	-5.150912	-1.330291	-0.353195	-6.857080	-1.574494	 0.382610
-1.865158	-7.353575	-0.758060	-1.814711	-6.959691	-0.423557	-5.130369	-1.231029	-0.258567	-6.735661	-1.568196	 0.499860
-1.857698	-7.324160	-0.801948	-1.369952	-6.931852	-0.863369	-4.609878	-1.179134	-0.211253	-6.661723	-1.561923	 0.057251
-1.850267	-7.294863	-0.822200	-1.145722	-6.904125	-1.080668	-4.341454	-1.150932	-0.187596	-6.611579	-1.555676	-0.164054
-1.842866	-7.265684	-0.830642	-1.031764	-6.876508	-1.186722	-4.699096	-1.134586	-0.175768	-7.073384	-1.549453	-0.274706
-1.835494	-7.236621	-0.833184	-0.972950	-6.849002	-1.237163	-4.867803	-1.124176	-0.169853	-7.289216	-1.543255	-0.330032
-1.828152	-7.207675	-0.332784	-0.941714	-6.821606	-1.259809	-4.442084	-1.116744	-0.166896	-6.882122	-1.537082	-0.357696
-1.820840	-7.178844	-0.082584	-0.924275	-6.794320	-1.268567	-4.221191	-1.110809	-0.165418	-6.665624	-1.530934	-0.371527
-1.813556	-7.150129	-0.457484	-1.413742	-6.767143	-1.270391	-4.602744	-1.105632	-0.164678	-6.544478	-1.524810	 0.121557
-1.806302	-7.121528	-0.643269	-1.654669	-6.740074	-1.268759	-4.783552	-1.100842	-0.164309	-6.471058	-1.518711	 0.366870
-1.799077	-7.093042	-0.734503	-1.771342	-6.713114	-1.265408	-4.864028	-1.096256	-0.164124	-6.421552	-1.512636	 0.488302
-1.791881	-7.064670	-0.778469	-1.325902	-6.686261	-0.761209	-4.894376	-1.091779	-0.164032	-6.384056	-1.506585	 0.047799
-1.784713	-7.036411	-0.798807	-1.101421	-6.659516	-0.509109	-4.899701	-1.087366	-0.163985	-6.352614	-1.500559	-0.172453
-1.777574	-7.008265	-0.307338	-0.987427	-6.632878	-0.883059	-4.892554	-1.082993	-0.163962	-6.324251	-1.494557	-0.282579
-1.770464	-6.980232	-0.061603	-0.928683	-6.606347	-1.067521	-4.879209	-1.078650	-0.163951	-6.297478	-1.488578	-0.337642
-1.763382	-6.952311	 0.061264	-0.897571	-6.579921	-1.157247	-4.862805	-1.074330	-0.163945	-6.271550	-1.482624	 0.134827
-1.756328	-6.924502	 0.122698	-0.880282	-6.553602	-1.199616	-4.844910	-1.070029	-0.163942	-6.246094	-1.476694	 0.369846
-1.749303	-6.896804	 0.153415	-0.869911	-6.527387	-1.218317	-4.826309	-1.065748	-0.163941	-6.220925	-1.470787	 0.486146
-1.742306	-6.869217	 0.168773	-0.863007	-6.501278	-1.225193	-4.807393	-1.061484	-0.163940	-6.195949	-1.464904	 0.543092
-1.735337	-6.841740	 0.176452	-0.857843	-6.475272	-1.226167	-4.788358	-1.057238	-0.163940	-6.171119	-1.459044	 0.570364
-1.728395	-6.814373	 0.180292	-0.853555	-6.449371	-1.224200	-4.769301	-1.053009	-0.163939	-6.146412	-1.453208	 0.582805
-1.721482	-6.787116	 0.182212	-0.849713	-6.423574	-1.220772	-4.750273	-1.048797	-0.163939	-6.121815	-1.447395	 0.587835
-1.714596	-6.759967	-0.316828	-0.846100	-6.397880	-0.716623	-4.731296	-1.044601	-0.163939	-6.097322	-1.441606	 0.089164
-1.707738	-6.732927	-0.564717	-0.842609	-6.372288	-0.464549	-4.712383	-1.040423	-0.163939	-6.072930	-1.435839	-0.160171
-1.700907	-6.705996	-0.687036	-0.839185	-6.346799	-0.838512	-4.193540	-1.036261	-0.163939	-6.048636	-1.430096	 0.215161
-1.694103	-6.679172	-0.746576	-0.835801	-6.321412	-1.023068	-3.926768	-1.032116	-0.163939	-6.024441	-1.424375	 0.401646
-1.687327	-6.652455	-0.274735	-0.832445	-6.296126	-1.112931	-3.786063	-1.027988	-0.163939	-6.000343	-1.418678	 0.493713
-1.680577	-6.625845	-0.038814	-0.829108	-6.270942	-1.155457	-3.708419	-1.023876	-0.163939	-5.976341	-1.413003	 0.538574
-1.673855	-6.599342	 0.079147	-0.825788	-6.245858	-1.174324	-3.662336	-1.019780	-0.163939	-5.952436	-1.407351	 0.559838
-1.667159	-6.572944	-0.361873	-0.822484	-6.220874	-1.181371	-3.632062	-1.015701	-0.163939	-5.928626	-1.401722	 0.569308
-1.660491	-6.546653	-0.580777	-0.819193	-6.195991	-1.182518	-3.609721	-1.011638	-0.163939	-5.904912	-1.396115	 0.572885
-1.653849	-6.520466	-0.188630	-0.815916	-6.171207	-1.180724	-4.091376	-1.007592	-0.163939	-5.881292	-1.390530	 0.573521
-1.647233	-6.494384	 0.007444	-0.812652	-6.146522	-1.177469	-4.323058	-1.003561	-0.163939	-5.857767	-1.384968	 0.572691
-1.640645	-6.468407	 0.105481	-0.809401	-6.121936	-1.173493	-3.929789	-0.999547	-0.163939	-5.834336	-1.379428	 0.571132
-1.634082	-6.442533	 0.154499	-0.806163	-6.097448	-1.169166	-3.726081	-0.995549	-0.163939	-5.810998	-1.373911	 0.569213
-1.627546	-6.416763	-0.320992	-0.802939	-6.073058	-1.164673	-4.117183	-0.991567	-0.163939	-5.787754	-1.368415	 0.567119
-1.621035	-6.391096	-0.557144	-0.799727	-6.048766	-1.160106	-4.303717	-0.987601	-0.163939	-5.764603	-1.362941	 0.564942
-1.614551	-6.365531	-0.673634	-0.796528	-6.024571	-1.155512	-4.388004	-0.983650	-0.163939	-5.741545	-1.357490	 0.562728
-1.608093	-6.340069	-0.230298	-0.793342	-6.000473	-1.150913	-3.921202	-0.979716	-0.163939	-5.718579	-1.352060	 0.560500
-1.601661	-6.314709	-0.008631	-0.790168	-5.976471	-1.146320	-3.680893	-0.975797	-0.163939	-5.695704	-1.346651	 0.558270
-1.595254	-6.289450	 0.102203	-0.787008	-5.952565	-1.141741	-3.553857	-0.971894	-0.163939	-5.672922	-1.341265	 0.556042
-1.588873	-6.264292	 0.157620	-0.783860	-5.928755	-1.137177	-3.483486	-0.968006	-0.163939	-5.650230	-1.335900	 0.553821
-1.582518	-6.239235	 0.185329	-0.780724	-5.905040	-1.132629	-3.441474	-1.464134	-0.163939	-5.627629	-1.330556	 0.551607
-1.576188	-6.214278	 0.199183	-0.777601	-5.881420	-1.128100	-3.413669	-1.708277	-0.163939	-5.605119	-1.325234	 0.549401
-1.569883	-6.189421	-0.293890	-0.774491	-5.857894	-1.123588	-3.392994	-1.326444	-0.163939	-5.582698	-1.319933	 0.547204
-1.563603	-6.164663	-0.538852	-0.771393	-5.834462	-1.119093	-3.375913	-1.133639	-0.163939	-5.560367	-1.314653	 0.545015
-1.557349	-6.140005	-0.659766	-0.768308	-5.811125	-1.114617	-3.360654	-1.035354	-0.163939	-5.538126	-1.309395	 0.542835
-1.551119	-6.115445	-0.218662	-0.765234	-5.787880	-0.610159	-3.846334	-0.984338	-0.163939	-5.515973	-1.304157	 0.540664
-1.544915	-6.090983	 0.001891	-0.762173	-5.764729	-0.357930	-4.080510	-0.956963	-0.163939	-5.493909	-1.298940	 0.538502
-1.538735	-6.066619	 0.112167	-0.759125	-5.741670	-0.731815	-3.688969	-0.941416	-0.163939	-5.471934	-1.293745	 0.536348
-1.532580	-6.042353	 0.167305	-0.756088	-5.718703	-0.916546	-3.486603	-0.931791	-0.163939	-5.450046	-1.288570	 0.534202
-1.526450	-6.018183	 0.194874	-0.753064	-5.695828	-1.006709	-3.378852	-0.925134	-0.163939	-5.428246	-1.283415	 0.532065
-1.520344	-5.994110	 0.208658	-0.750052	-5.673045	-1.049597	-3.318434	-0.919969	-0.163939	-5.406533	-1.278282	 0.529937
-1.514263	-5.970134	 0.215551	-0.747051	-5.650353	-1.068856	-3.281709	-0.915557	 0.336061	-5.384907	-1.273169	 0.027817
-1.508206	-5.946253	 0.218997	-0.744063	-5.627751	-1.076309	-3.256857	-0.911528	 0.584389	-5.363367	-1.268076	-0.223243
-1.502173	-5.922468	 0.220720	-0.741087	-5.605240	-1.077868	-3.237966	-0.907699	 0.706887	-5.341914	-1.263004	-0.348772
-1.496164	-5.898779	 0.221581	-0.738123	-5.582819	-1.076489	-3.222083	-0.903977	 0.266478	-5.320546	-1.257952	 0.088463
-1.490180	-5.875183	 0.222012	-0.735170	-5.560488	-1.073649	-3.207729	-0.900315	 0.046273	-5.299264	-1.252920	 0.306029
-1.484219	-5.851683	-0.277772	-0.732229	-5.538246	-1.070088	-3.694165	-0.896691	-0.063829	-5.278067	-1.247908	-0.086235
-1.478282	-5.828276	-0.526110	-0.729300	-5.516093	-1.066174	-3.929022	-0.893092	-0.118881	-5.256954	-1.242917	-0.282367
-1.472369	-5.804963	-0.148729	-0.726383	-5.494029	-0.562092	-4.038123	-0.389514	-0.146406	-5.235927	-1.237945	 0.119566
-1.466479	-5.781743	 0.039961	-0.723478	-5.472053	-0.310052	-4.084379	-0.137725	-0.160169	-5.214983	-1.232993	 0.319490
-1.460614	-5.758616	-0.365694	-0.720584	-5.450164	-0.684031	-4.099245	-0.511831	-0.167050	-5.194123	-1.228061	-0.081586
-1.454771	-5.735582	-0.566979	-0.717701	-5.428364	-0.868905	-4.098451	-0.697112	-0.170491	-5.173347	-1.223149	-0.282125
-1.448952	-5.712639	-0.166085	-0.714831	-5.406650	-0.459234	-3.589858	-0.787987	-0.172211	-5.152653	-1.218256	 0.117606
-1.443156	-5.689789	 0.034362	-0.711971	-5.385024	-0.254399	-3.329399	-0.831667	-0.173072	-5.132043	-1.213383	 0.316437
-1.437384	-5.667030	 0.134586	-0.709123	-5.363484	-0.151981	-3.193032	-0.851757	-0.173502	-5.111514	-1.208530	 0.414822
-1.431634	-5.644361	 0.184698	-0.706287	-5.342030	-0.600773	-3.118735	-0.860058	-0.173717	-4.591068	-1.203696	 0.462988
-1.425907	-5.621784	 0.209754	-0.703462	-5.320661	-0.823069	-3.075497	-0.862472	-0.173824	-4.322704	-1.198881	 0.486048
-1.420204	-5.599297	-0.277718	-0.700648	-4.799379	-0.432127	-3.047814	-0.861949	-0.173878	-4.180413	-1.194085	 0.496560
-1.414523	-5.576900	-0.519924	-0.697845	-4.530181	-0.236655	-3.027932	-0.859964	-0.173905	-4.101192	-1.189309	 0.500802
-1.408865	-5.554592	-0.139503	-0.695054	-4.887061	-0.138920	-3.011975	-0.357256	-0.173918	-4.553537	-1.184552	 0.501913
-1.403229	-5.532374	 0.050708	-0.692274	-5.055012	-0.090052	-2.998005	-0.105902	-0.173925	-4.769698	-1.179814	 0.501463
-1.397617	-5.510244	-0.354187	-0.689505	-5.128542	-0.565618	-2.985051	 0.019775	-0.173928	-4.867806	-1.175094	 0.500235
-1.392026	-5.488203	-0.555116	-0.686747	-5.154903	-0.801319	-2.972630	 0.082613	-0.173930	-4.906929	-1.170394	 0.499622
-1.386458	-5.466250	-0.654068	-0.684000	-5.157721	-0.917095	-2.960500	 0.114033	-0.173931	-4.916598	-1.165712	 0.499315
-1.380912	-5.444385	-0.202038	-0.681264	-5.148809	-0.472917	-3.448537	-0.370258	-0.173931	-4.911580	-1.161049	 0.499161
-1.375389	-5.422608	 0.023976	-0.678539	-5.134073	-0.250829	-3.684683	-0.610694	-0.173932	-4.899258	-1.156405	 0.499085
-1.369887	-5.400917	-0.363016	-0.675824	-5.116466	-0.639784	-3.294914	-0.729210	-0.173932	-4.883323	-1.151780	 0.499046
-1.364407	-5.379314	-0.555012	-0.673121	-5.097465	-0.832204	-3.094220	-0.786772	-0.173932	-4.865621	-1.147173	 0.499027
-1.358950	-5.357797	-0.649516	-0.670429	-5.077808	-0.926365	-3.488085	-0.813865	-0.173932	-4.347074	-1.142584	 0.499017
-1.353514	-5.336365	-0.695281	-0.667747	-5.057863	-0.971405	-3.677254	-0.825729	-0.173932	-4.080143	-1.138013	 0.499013
-1.348100	-5.315020	-0.216680	-0.665076	-5.037815	-0.991892	-3.264106	-0.829986	-0.173932	-4.439052	-1.133461	 0.499010
-1.342708	-5.293760	 0.022620	-0.662416	-5.017755	-1.000110	-3.051830	-0.830446	-0.173932	-4.608910	-1.128928	 0.499009
-1.337337	-5.272585	 0.142270	-0.659766	-4.997730	-1.002203	-2.940013	-0.829014	-0.173932	-4.684281	-1.124412	 0.499008
-1.331987	-5.251494	-0.297905	-0.657127	-4.977762	-1.001241	-3.378448	-0.826643	-0.173932	-4.712448	-1.119914	 0.499008
-1.326659	-5.230488	-0.516517	-0.654498	-4.957862	-0.998759	-3.590031	-0.823809	-0.173932	-4.717050	-1.115435	 0.499008
-1.321353	-5.209566	-0.624352	-0.651880	-4.938036	-0.995526	-3.188220	-0.820750	-0.173932	-4.709908	-1.110973	 0.499008
-1.316067	-5.188728	-0.676805	-0.649273	-4.918287	-0.991924	-2.981741	-0.817585	-0.173932	-4.696931	-1.106529	 0.499008
-1.310803	-5.167973	-0.201574	-0.646676	-4.898615	-0.988147	-2.872952	-0.814374	-0.173932	-4.681075	-1.102103	 0.499008
-1.305560	-5.147301	 0.036042	-0.644089	-4.879022	-0.984290	-2.813028	-0.811146	-0.173932	-4.663816	-1.097694	 0.499008
-1.300338	-5.126712	 0.154850	-0.641513	-4.859506	-0.980400	-2.777561	-0.807916	-0.173932	-4.645894	-1.093304	 0.499008
-1.295136	-5.106205	 0.214254	-0.638947	-4.840068	-0.976502	-2.754343	-0.804692	-0.173932	-4.627677	-1.088930	 0.499008
-1.289956	-5.085781	 0.243956	-0.636391	-4.820708	-0.972608	-2.737271	-0.801477	-0.173932	-4.609349	-1.084575	 0.499008
-1.284796	-5.065437	 0.258807	-0.633845	-4.801425	-0.468724	-2.723295	-0.798273	-0.173932	-4.091003	-1.080236	 0.499008
-1.279657	-5.045176	 0.266233	-0.631310	-4.782219	-0.216781	-2.710889	-0.795081	-0.173932	-3.824685	-1.075915	 0.499008
-1.274538	-5.024995	-0.230054	-0.628785	-4.763090	-0.090810	-2.699288	-0.291901	-0.173932	-4.184409	-1.071612	 0.499008
-1.269440	-5.004895	-0.476745	-0.626270	-4.744038	-0.027825	-2.688113	-0.040311	-0.173932	-4.355183	-1.067325	 0.499008
-1.264362	-4.984875	-0.598644	-0.623765	-4.725062	 0.003668	-2.677171	 0.085484	-0.173932	-3.931518	-1.063056	 0.499008
-1.259305	-4.964936	-0.658152	-0.621269	-4.706162	 0.019414	-2.666368	 0.148382	-0.173932	-3.712670	-1.058804	 0.499008
-1.254268	-4.945076	-0.186471	-0.618784	-4.187337	-0.472712	-2.655655	-0.320170	-0.173932	-4.096258	-1.054569	 0.499008
-1.249250	-4.925296	 0.049370	-0.616309	-3.920588	-0.716846	-2.645009	-0.552868	-0.173932	-4.279093	-1.050350	 0.499008
-1.244253	-4.905595	 0.167290	-0.613844	-3.779905	-0.836991	-2.634417	-0.667646	-0.173932	-4.361586	-1.046149	 0.499008
-1.239276	-4.885972	 0.226250	-0.611389	-4.202286	-0.895149	-2.623873	-0.223470	-0.173932	-3.893944	-1.041964	-0.000992
-1.234319	-4.866428	 0.255730	-0.608943	-4.404227	-0.922322	-2.613375	-0.001382	-0.173932	-3.653271	-1.037796	-0.249990
-1.229382	-4.846963	-0.229530	-0.606507	-4.495985	-0.934009	-2.602920	-0.390338	-0.173932	-4.026109	-1.033645	 0.125511
-1.224465	-4.827575	-0.470730	-0.604081	-4.532688	-0.937961	-2.592507	-0.583257	-0.173932	-4.203730	-1.029511	 0.312259
-1.219567	-4.808265	-0.089907	-0.601665	-4.541901	-0.438053	-2.582137	-0.178165	-0.173932	-4.283778	-1.025393	-0.094366
-1.214688	-4.789031	 0.100505	-0.599258	-4.537406	-0.188100	-2.571808	 0.024382	-0.173932	-4.315075	-1.021291	-0.296677
-1.209830	-4.769875	 0.195711	-0.596861	-4.526092	-0.063123	-2.561521	-0.374345	 0.326068	-3.822030	-1.017206	 0.102167
-1.204990	-4.750796	 0.243314	-0.594474	-4.511405	-0.000634	-2.551275	-0.572163	 0.574416	-3.568850	-1.013137	 0.300587
-1.200170	-4.731793	 0.267116	-0.592096	-4.495069	 0.030610	-2.541070	-0.669531	 0.696944	-3.435628	-1.009085	 0.399798
-1.195370	-4.712865	-0.220984	-0.589728	-4.477943	 0.046232	-2.530905	-0.716682	 0.256570	-3.362413	-1.005048	 0.449403
-1.190588	-4.694014	-0.463615	-0.587369	-4.460458	 0.054043	-2.520782	-0.738729	 0.036382	-3.319227	-1.001028	 0.474205
-1.185826	-4.675238	-0.583518	-0.585019	-4.442830	-0.442051	-2.510699	-0.748232	 0.426289	-3.791081	-0.997024	 0.486606
-1.181083	-4.656537	-0.642063	-0.582679	-4.425166	-0.688222	-2.500656	-0.751467	 0.619609	-4.018483	-0.993036	 0.492807
-1.176358	-4.637911	-0.669934	-0.580348	-4.407518	-0.309439	-2.490653	-0.751576	 0.214644	-4.123692	-0.989064	 0.495907
-1.171653	-4.619359	-0.682474	-0.578027	-4.389915	-0.120047	-2.480691	-0.750127	 0.012161	-4.167839	-0.985107	 0.497458
-1.166966	-4.600882	-0.187354	-0.575715	-4.372369	-0.525351	-2.470768	-0.247905	-0.089080	-4.181488	-0.981167	 0.498233
-1.162298	-4.582478	 0.060206	-0.573412	-4.354886	-0.726142	-2.460885	 0.003206	-0.139701	-4.179922	-0.977242	 0.498620
-1.157649	-4.564148	 0.183986	-0.571118	-4.337470	-0.824684	-2.451041	 0.128762	-0.165011	-4.170783	-0.973333	 0.498814
-1.153019	-4.545892	 0.245876	-0.568834	-3.820122	-0.872108	-2.441237	-0.308460	 0.322334	-3.657890	-0.969440	 0.498911
-1.148406	-4.527708	 0.276821	-0.566559	-3.554842	-0.893981	-2.431472	-0.525580	 0.564387	-3.395153	-0.965562	 0.498959
-1.143813	-4.509597	 0.292293	-0.564292	-3.915623	-0.903086	-2.421746	-0.132655	 0.683800	-3.257520	-0.961700	 0.498984
-1.139238	-4.491559	 0.300030	-0.562035	-4.087461	-0.905814	-2.412059	 0.063808	 0.741901	-3.182464	-0.957853	 0.498996
-1.134681	-4.473593	-0.196102	-0.559787	-3.664861	-0.405361	-2.902411	-0.337961	 0.769351	-3.138721	-0.954022	 0.499002
-1.130142	-4.455698	-0.442784	-0.557548	-3.447077	-0.155134	-3.140801	-0.537365	 0.781482	-3.110660	-0.950206	 0.499005
-1.125621	-4.437876	-0.064746	-0.555318	-3.331726	-0.530021	-2.753238	-0.635594	 0.785961	-3.090464	-0.946405	 0.499006
-1.121119	-4.420124	 0.124273	-0.553096	-3.267618	-0.715655	-2.554725	-0.683241	 0.786619	-3.074225	-0.942619	 0.499007
-1.116634	-4.402444	 0.218783	-0.550884	-3.229157	-0.806669	-2.450756	-0.705603	 0.785374	-3.059990	-0.938849	 0.499007
-1.112168	-4.384834	 0.266038	-0.548680	-3.703545	-0.350381	-2.394078	-0.715328	 0.283183	-3.546781	-0.935093	 0.499008
-1.107719	-4.367294	 0.289665	-0.546486	-3.932383	-0.122236	-2.361065	-0.718740	 0.032088	-3.782109	-0.931353	 0.499008
-1.103288	-4.349825	-0.198521	-0.544300	-4.038479	-0.508164	-2.339902	-0.719002	 0.406540	-3.891738	-0.927628	 0.499008
-1.098875	-4.332426	-0.441241	-0.542123	-4.083239	-0.699340	-2.324683	-0.717694	 0.592204	-3.938550	-0.923917	 0.499008
-1.094480	-4.315096	-0.561233	-0.539954	-3.597362	-0.793147	-2.312454	-0.215608	 0.683480	-3.453985	-0.420221	 0.499008
-1.090102	-4.297836	-0.619866	-0.537794	-3.348201	-0.838277	-2.301739	 0.035436	 0.727569	-3.205764	-0.168374	 0.499008
-1.085741	-4.280645	-0.647826	-0.535643	-3.717422	-0.359075	-2.291800	 0.160957	 0.248070	-3.075739	-0.542450	 0.499008
-1.081398	-4.263522	-0.660454	-0.533501	-3.893860	-0.119473	-2.282267	 0.223718	 0.008320	-3.004834	-0.727655	 0.499008
-1.077073	-4.246468	-0.665422	-0.531367	-3.973938	 0.000327	-2.272955	 0.255099	-0.111554	-2.963514	-0.818431	 0.499008
-1.072764	-4.229482	-0.166566	-0.529241	-4.005869	-0.439773	-2.263771	-0.229211	-0.171492	-3.437010	-0.862001	 0.499008
-1.068473	-4.212564	 0.082863	-0.527124	-4.013759	-0.658063	-2.254670	-0.469939	-0.201460	-3.665937	-0.881975	 0.499008
-1.564199	-4.195714	 0.207577	-0.525016	-4.009660	-0.765455	-2.245629	-0.588882	 0.283555	-3.772610	-0.890158	 0.499008
-1.807943	-4.178931	 0.269934	-0.522916	-3.999600	-0.817406	-2.236635	-0.646937	 0.524526	-3.818189	-0.892453	 0.499008
-1.425711	-4.162215	 0.301113	-0.520824	-3.986591	-0.341642	-2.227682	-0.674555	 0.643480	-3.333250	-0.891811	 0.499008
-1.232508	-4.145566	 0.316702	-0.518741	-3.972139	-0.103760	-2.218769	-0.686960	 0.701433	-3.085084	-0.889708	 0.499008
-1.133828	-4.128984	 0.324497	-0.516666	-3.956998	 0.015180	-2.209892	-0.691763	 0.728890	-2.955328	-0.886881	 0.499008
-1.082418	-4.112468	-0.171606	-0.514599	-3.941543	-0.425349	-2.201052	-0.192772	 0.241106	-2.884798	-0.883699	 0.499008
-1.054651	-4.096018	-0.418322	-0.512541	-3.925964	-0.643882	-2.192248	 0.056724	-0.002786	-2.843905	-0.880347	 0.499008
-1.038713	-3.579634	-0.040350	-0.510490	-3.410354	-0.751424	-2.683478	 0.181472	-0.124732	-2.817852	-0.876917	 0.499008
-1.028699	-3.315316	 0.148636	-0.508448	-3.146759	-0.803477	-2.922744	 0.243846	-0.185705	-2.799242	-0.873456	 0.499008
-1.021655	-3.677054	-0.256871	-0.506415	-3.009195	-0.827792	-2.536053	-0.224968	 0.283809	-2.784376	-0.869985	 0.499008
-1.016103	-3.849846	-0.458300	-0.504389	-2.934670	-0.838246	-2.338409	-0.457986	 0.517059	-2.771404	-0.866516	 0.499008
-1.011306	-3.428197	-0.557694	-0.502371	-2.891687	-0.841775	-2.235305	-0.073114	 0.132183	-2.759401	-0.863056	 0.499008
-1.006895	-3.211359	-0.606078	-0.500362	-2.864499	-0.841849	-2.179489	 0.119322	-0.060255	-2.747905	-0.859606	 0.499008
-1.002684	-3.096951	-0.128960	-0.499357	-2.845229	-0.340202	-2.147334	-0.284460	-0.156474	-2.736684	-0.856169	 0.499008
-0.998582	-3.033782	 0.109598	-0.498855	-2.829943	-0.089379	-2.127026	-0.484974	-0.204583	-2.725622	-0.852745	 0.499008
-0.994542	-2.996256	 0.228877	-0.498604	-2.816671	 0.036033	-2.112658	-0.583860	-0.228638	-2.714662	-0.849335	 0.499008
-0.990541	-2.971576	 0.288517	-0.998478	-3.304427	 0.098739	-2.101278	-0.131938	-0.240665	-2.703775	-0.845938	 0.499008
-0.986567	-2.953342	 0.318337	-1.245419	-3.540722	 0.130092	-2.091408	 0.094023	-0.246679	-2.692946	-0.842554	 0.499008
-0.982615	-3.438355	-0.166753	-0.865904	-3.151315	 0.145768	-2.082310	-0.292996	 0.250314	-2.682167	-0.839184	 0.499008
-0.978682	-3.673014	-0.407994	-0.676147	-2.951087	 0.153606	-2.073614	-0.485146	 0.497316	-2.671435	-0.835827	 0.499008
-0.974766	-3.282529	-0.527317	-0.581268	-3.345472	-0.342475	-2.065137	-0.579866	 0.619329	-3.160747	-0.332484	 0.499008
-0.970866	-3.081502	-0.585684	-0.533829	-3.535185	-0.588838	-2.056785	-0.625877	 0.678852	-3.398103	-0.080812	 0.499008
-0.966982	-2.975228	-0.613580	-0.510109	-3.622591	-0.210349	-2.048512	-0.147539	 0.207137	-3.009510	-0.454976	 0.499008
-0.963114	-2.916353	-0.626245	-0.498249	-3.658874	-0.021105	-2.040295	 0.091630	-0.028720	-2.809972	-0.640400	 0.499008
-0.959261	-2.881200	-0.631300	-0.492320	-3.669626	 0.073517	-2.032122	 0.211215	-0.146649	-2.704982	-0.731460	 0.499008
-0.955424	-2.857932	-0.632555	-0.489355	-3.667640	-0.379172	-2.023988	 0.271007	 0.294387	-2.647287	-0.775345	 0.499008
-0.951603	-2.840628	-0.631914	-0.487872	-3.659317	-0.603852	-2.015889	 0.300903	 0.513434	-2.613260	-0.795650	 0.499008
-0.947796	-3.326330	-0.130332	-0.487131	-3.147853	-0.714536	-2.007824	-0.184148	 0.621492	-3.091089	-0.804170	 0.499008
-0.944005	-3.561557	 0.120460	-0.486760	-2.886848	-0.768227	-1.999792	-0.425336	 0.674062	-3.322865	-0.806804	 0.499008
-0.940229	-3.671576	 0.245856	-0.486575	-3.251094	-0.293429	-1.991793	-0.044597	 0.698894	-2.931644	-0.806503	 0.499008
-0.936468	-3.719023	 0.308553	-0.486482	-3.425986	-0.056029	-1.983825	 0.145773	 0.709862	-2.730952	-0.804740	 0.499008
-0.932722	-3.235214	 0.339902	-0.486436	-3.006231	 0.062670	-1.975890	-0.259042	 0.713905	-2.625546	-0.302252	 0.499008
-0.928991	-2.987806	 0.355577	-0.486413	-2.791180	 0.122020	-1.967986	-0.460122	 0.714490	-2.567803	-0.051008	 0.499008
-0.925275	-3.358621	 0.363414	-0.486401	-2.678502	-0.348305	-1.960114	-0.559340	 0.713353	-3.033911	-0.425386	 0.499008
-0.921574	-3.536570	 0.367333	-0.486395	-2.617032	-0.581830	-1.952274	-0.607631	 0.711360	-3.259965	-0.610976	 0.499008
-0.917888	-3.618116	 0.369292	-0.486393	-2.581185	-0.696962	-1.944465	-0.630465	 0.708944	-3.366020	-0.702178	 0.499008
-0.914216	-3.651489	-0.129728	-0.486391	-2.558172	-0.752904	-1.936687	-0.140576	 0.706324	-3.412103	-0.246192	 0.499008
-0.910559	-3.660806	-0.377981	-0.486390	-2.541594	-0.779257	-1.928940	 0.104369	 0.703606	-3.428228	-0.018199	 0.499008
-0.906917	-3.658124	-0.500855	-0.486390	-2.528256	-0.790823	-1.921224	 0.226841	 0.200845	-2.929402	 0.095798	 0.499008
-0.903290	-3.649472	-0.561044	-0.486390	-2.516556	-0.795001	-1.913540	 0.288078	-0.050535	-2.675128	 0.152796	 0.499008
-0.899676	-3.637865	-0.589897	-0.486390	-3.005697	-0.795491	-1.905885	 0.318696	 0.323775	-2.543149	-0.318705	 0.499008
-0.896078	-3.624809	-0.603085	-0.486390	-3.243278	-0.794145	-1.898262	 0.334005	 0.509534	-2.472338	-0.552875	 0.499008
-0.892493	-3.111057	-0.608447	-0.486390	-3.355106	-0.791886	-2.390669	 0.341659	 0.601022	-2.432129	-0.168386	 0.499008
-0.888923	-2.848986	-0.609900	-0.486390	-3.404087	-0.789177	-2.631106	 0.345487	 0.645382	-2.407240	 0.023859	 0.499008
-0.885368	-2.712777	-0.609404	-0.486390	-3.421671	-0.786250	-2.745582	 0.347400	 0.666182	-2.390032	 0.119981	 0.499008
-0.881826	-3.139520	-0.107939	-0.486390	-3.423585	-0.783219	-2.297099	 0.348357	 0.675208	-2.376682	-0.331958	 0.499008
-0.878299	-3.345758	 0.142794	-0.486390	-3.417690	-0.780144	-2.069161	 0.348835	 0.678353	-2.365280	-0.556360	 0.499008
-0.874786	-3.441774	 0.268161	-0.486390	-3.407920	-0.277052	-1.951509	 0.349075	 0.678562	-2.854871	-0.166999	 0.499008
-0.871287	-3.482706	 0.330844	-0.486390	-3.396238	-0.025506	-1.889016	 0.349194	 0.677309	-3.092978	 0.027682	 0.499008
-0.867801	-2.996125	-0.137814	-0.486390	-2.883628	-0.399733	-1.854116	 0.349254	 0.675331	-3.205369	-0.374978	 0.499008
-0.864330	-2.747815	-0.370931	-0.486390	-2.622581	-0.585299	-1.833028	 0.349284	 0.672995	-3.254929	-0.574753	 0.499008
-0.860873	-3.118661	 0.013719	-0.486390	-2.487334	-0.676540	-1.818860	 0.349299	 0.170485	-2.773100	-0.173091	 0.499008
-0.857429	-3.297105	 0.206044	-0.486390	-2.415007	-0.720625	-1.808166	 0.349306	-0.080769	-2.527603	 0.027740	 0.499008
-0.854000	-3.379376	 0.302207	-0.486390	-2.374158	-0.741138	-1.799225	 0.349310	-0.206397	-2.400291	 0.128155	 0.499008
-0.850584	-2.913588	-0.149712	-0.486390	-2.349067	-0.749871	-1.791173	-0.150688	 0.230790	-2.332088	-0.321637	 0.499008
-0.847181	-2.675799	-0.374468	-0.486390	-2.331873	-0.752720	-1.783581	-0.399386	 0.448047	-2.293459	-0.544990	 0.499008
-0.843793	-3.052028	-0.485648	-0.486390	-2.318647	-0.252634	-1.776233	-0.522438	 0.555345	-2.269635	-0.655130	 0.499008
