-0.043152	 0.039663	 0.498629	 0.476188	 0.141262	-0.457871	-0.498910	 0.475311	 0.497973	-0.338869	-0.992364	 0.499291
-0.043152	 0.039663	 0.498629	 0.487860	 0.153059	-0.457871	-0.498910	 0.487370	 0.498064	-0.528011	-1.239379	 0.499291
-0.043152	 0.039663	 0.498629	 0.493696	 0.158958	-0.457871	-0.498910	 0.493400	 0.498109	-0.621147	-1.359914	 0.499291
-0.043152	 0.039663	 0.498629	-0.003385	 0.161907	-0.457871	-0.498910	 0.496414	 0.498132	-0.666287	-0.917221	 0.499291
-0.043152	 0.039663	 0.498629	-0.250925	 0.163382	-0.457871	-0.498910	 0.497922	 0.498144	-0.687434	-0.695874	 0.499291
-0.043152	 0.039663	 0.498629	-0.374695	 0.164119	-0.457871	-0.498910	 0.498676	 0.498149	-0.696590	-0.585201	 0.499291
-0.043152	 0.039663	 0.498629	-0.436580	 0.164488	-0.457871	-0.498910	 0.499052	 0.498152	-0.699757	-0.529864	 0.499291
-0.043152	 0.039663	 0.498629	 0.032477	 0.164672	-0.457871	-0.498910	 0.499241	 0.498154	-0.699935	-0.502196	 0.499291
-0.043152	 0.039663	 0.498629	 0.266003	 0.164765	-0.457871	-0.498910	 0.499335	 0.498154	-0.698623	-0.488361	 0.499291
-0.043152	 0.039663	 0.498629	 0.382766	-0.335189	-0.457871	-0.498910	 0.499382	 0.498155	-0.196573	-0.481444	 0.499291
-0.043152	 0.039663	 0.498629	 0.441147	-0.583496	-0.457871	-0.498910	 0.499406	 0.498155	 0.054452	-0.477986	 0.499291
-0.043152	 0.039663	 0.498629	 0.470338	-0.705986	-0.457871	-0.498910	 0.499418	 0.498155	 0.179965	-0.476256	 0.499291
-0.043152	 0.039663	 0.498629	 0.484933	-0.265574	-0.457871	-0.498910	 0.499423	 0.498155	-0.257279	-0.975392	 0.499291
-0.043152	 0.039663	 0.498629	 0.492231	-0.045368	-0.457871	-0.498910	 0.499426	 0.498155	-0.474511	-1.222010	 0.499291
-0.043152	 0.039663	 0.498629	 0.495880	 0.064735	-0.457871	-0.498910	 0.499428	 0.498155	-0.081744	-0.842383	-0.000709
-0.043152	 0.039663	 0.498629	 0.497704	 0.119787	-0.457871	-0.498910	 0.499429	 0.498155	 0.114639	-0.652569	-0.249708
-0.043152	 0.039663	 0.498629	-0.001384	-0.352687	-0.457871	-0.498910	-0.500571	 0.498155	-0.287169	-0.557662	 0.125793
-0.043152	 0.039663	 0.498629	-0.249927	-0.587274	-0.457871	-0.498910	-0.997570	 0.498155	-0.486695	-0.510208	 0.312540
-0.043152	 0.039663	 0.498629	 0.125802	-0.202924	-0.457871	-0.498910	-0.243080	 0.498155	-0.585086	-0.486481	 0.405914
-0.043152	 0.039663	 0.498629	 0.312663	-0.010749	-0.457871	-0.498910	 0.133142	 0.498155	-0.632914	-0.474618	 0.452601
-0.043152	 0.039663	 0.498629	 0.406094	 0.085339	-0.457871	-0.498910	 0.320234	 0.498155	-0.155467	-0.468686	 0.475945
-0.043152	 0.039663	 0.498629	 0.452809	 0.133383	-0.457871	-0.498910	 0.412766	 0.498155	 0.083257	-0.465720	 0.487616
-0.043152	 0.039663	 0.498629	 0.476167	 0.157405	-0.457871	-0.498910	 0.458021	 0.498155	 0.202619	-0.464238	 0.493452
-0.043152	 0.039663	 0.498629	 0.487845	 0.169416	-0.457871	 0.001090	 0.479642	 0.498155	 0.262299	-0.463496	 0.496370
-0.043152	 0.039663	 0.498629	 0.493685	 0.175421	-0.457871	 0.250088	 0.489450	 0.498155	 0.292140	-0.463125	 0.497829
-0.043152	 0.039663	 0.498629	-0.003396	 0.178424	-0.457871	-0.125414	 0.494354	 0.498155	 0.307060	-0.462940	 0.498559
-0.043152	 0.039663	 0.498629	-0.250935	 0.179925	-0.457871	-0.312162	 0.496806	 0.498155	 0.314520	-0.462847	 0.498923
-0.043152	 0.039663	 0.498629	 0.125296	 0.180676	-0.457871	-0.405537	 0.498032	 0.498155	 0.318250	-0.462801	 0.499106
-0.043152	 0.039663	 0.498629	 0.312408	 0.181051	-0.457871	-0.452224	 0.498645	 0.498155	 0.320115	-0.462778	 0.499197
-0.043152	 0.039663	 0.498629	 0.405964	 0.181239	-0.457871	-0.475567	 0.498952	 0.498155	 0.321048	-0.462766	 0.499243
-0.043152	 0.039663	 0.498629	 0.452742	 0.181333	-0.457871	-0.487239	 0.499105	 0.498155	 0.321514	-0.462760	 0.499265
-0.043152	 0.039663	 0.498629	 0.476131	 0.181380	-0.457871	-0.493075	 0.499181	 0.498155	 0.321747	-0.462757	 0.499277
-0.043152	 0.039663	-0.001371	-0.012175	-0.318597	-0.457871	-0.495993	-0.000780	-0.001845	-0.178136	-0.962756	-0.000717
-0.043152	 0.039663	-0.250368	-0.255326	-0.566948	-0.457871	-0.497452	-0.249760	-0.250841	-0.426722	-1.209830	-0.249713
-0.543152	-0.460337	-0.374867	-0.376902	-0.689493	-0.457871	-0.498182	-0.374249	 0.124661	-1.049664	-1.330453	-0.374211
-0.791065	-0.708416	-0.437116	-0.437690	-0.749141	-0.457871	-0.498546	-0.436494	 0.311411	-1.357790	-1.387862	-0.436460
-0.412944	-0.830543	-0.468241	-0.468084	-0.777348	-0.457871	-0.498729	-0.467616	 0.404786	-1.008521	-1.413676	-0.467584
-0.223884	-0.889701	-0.483803	-0.483281	-0.789840	-0.457871	-0.498820	-0.483178	 0.451474	-0.832568	-1.423705	-0.483147
-0.129353	-0.417382	-0.491584	-0.490880	-0.294482	-0.457871	-0.498865	 0.009042	 0.474818	-0.743278	-1.425851	-0.490928
-0.082088	-0.181222	-0.495475	-0.494679	-0.046802	-0.457871	-0.498888	 0.254149	 0.486490	-0.697326	-1.424068	-0.494818
-0.058456	-0.063143	-0.497420	-0.496579	 0.077037	-0.457871	-0.498900	 0.376702	 0.492326	-0.673046	-1.420332	-0.496764
-0.546639	-0.004103	-0.498393	-0.497528	-0.361043	-0.457871	-0.498905	 0.437979	 0.495244	-0.159609	-1.415631	-0.497736
-0.788662	 0.025417	-0.498879	-0.498003	-0.578485	-0.457871	-0.498908	 0.468618	 0.496703	 0.097109	-1.410459	-0.498223
-0.407611	-0.459823	-0.499122	-0.498241	-0.685614	-0.457871	-0.498910	 0.483937	 0.497432	-0.274531	-0.905062	 0.001534
-0.217086	-0.700553	-0.499244	-0.498359	-0.737593	-0.457871	-0.498910	 0.491596	 0.497797	-0.459060	-0.652364	 0.250410
-0.121824	-0.319035	-0.499305	 0.001581	-0.262003	-0.457871	 0.001089	 0.495426	 0.997979	 0.449964	-0.526014	 0.374848
-0.074192	-0.128277	-0.499335	 0.250549	-0.024209	-0.457871	 0.250087	 0.497341	 1.245074	 0.901757	-0.462840	 0.437067
-0.050377	-0.032897	 0.000650	 0.375032	 0.094689	 0.042129	 0.874586	 1.498299	 2.365637	 2.624947	 1.568747	 1.468176
-0.038469	 0.014793	 0.249641	 0.437274	 0.154138	 0.291044	 1.183837	 1.993779	 2.918946	 3.477846	 2.577340	 1.978733
-0.032515	 0.038637	 0.374136	 0.468395	 0.183862	 0.414422	 1.335477	 2.236540	 3.188657	 3.895633	 3.074465	 2.229032
-0.029538	 0.550560	-0.063616	 0.483955	 0.198724	 0.475036	 1.908322	 2.352963	 2.816595	 5.595900	 6.315884	 1.849223
-0.028049	 0.804396	-0.281489	 0.491736	 0.206155	 0.504271	 2.189782	 2.406235	 2.625675	 6.431442	 7.917479	 1.656380
-0.027305	-0.570802	 0.109574	 0.495626	 0.709871	 0.517822	 3.325570	 2.427952	 1.525345	 11.334678	 12.199238	 0.057031
-0.026933	-1.254509	 0.304105	 0.497571	 0.959301	 0.523534	 3.884541	 2.433911	 0.975181	 13.753821	 14.307156	-0.739559
-0.026747	-0.092487	 0.401370	-0.001457	 1.081599	 0.525332	 4.655140	 2.432011	 0.700098	 14.431046	 17.828285	-2.134781
-0.026654	 0.486386	 0.450002	-0.249970	 1.140340	 0.525177	 5.029588	 2.426201	 0.562557	 14.739442	 19.546150	-2.825332
 0.473392	 0.773691	 0.474319	 0.125774	 1.167313	 1.024049	 4.706003	 2.418455	-0.006213	 14.363545	 20.862555	-3.163576
 0.721469	 0.915222	 0.486477	 0.312643	 1.178410	 1.270440	 4.535447	 2.409761	-0.289449	 14.147620	 21.476399	-3.325695
 0.843568	 0.983874	 0.492556	 0.406077	 1.181580	 1.390601	 4.441438	 2.400611	-0.429921	 14.011795	 21.739141	-3.399778
 0.902686	 1.016095	 0.495595	 0.452794	 1.180796	 0.947660	 4.385739	 1.891254	 0.000984	 13.416130	 19.826508	-2.929872
 0.930322	 1.030109	 0.497115	 0.476153	 1.178043	 0.725180	 4.349230	 1.633811	 0.216436	 13.092657	 18.834364	-2.689999
 0.442224	 1.035028	 0.497875	 0.487832	 1.174316	 0.112935	 3.822350	 2.002337	 0.324162	 10.905382	 14.802608	-1.065162
 0.198174	 1.035407	 0.498255	 0.493672	 1.170112	-0.193188	 3.552318	 2.181858	 0.378025	 9.794308	 12.765188	-0.253863
 0.076150	 0.533525	 0.498445	 0.496592	 0.665678	 0.153751	 2.410738	 2.266896	 0.904957	 7.221405	 10.225022	 0.650671
 0.015138	 0.282584	 0.498540	 0.498052	 0.413461	 0.326219	 1.837410	 2.304711	 1.165559	 5.925656	 8.939570	 1.099828
-0.015369	 0.157114	 0.498587	 0.498782	 0.287352	 0.412453	 1.548218	 1.318934	 0.293007	 3.768522	 4.781535	 0.321309
-0.030622	 0.094379	 0.498611	 0.499147	 0.224298	 0.455570	 1.401103	 0.826045	-0.142109	 2.686732	 2.701271	-0.067951
-0.038248	 0.063011	 0.498623	 0.499329	 0.192771	 0.477129	 1.325038	 0.579601	-0.358513	 2.142628	 1.659897	-0.262581
-0.042061	 0.047327	 0.498629	-0.000580	-0.322993	-0.012092	 0.784508	 0.456378	-0.965565	 1.367378	 0.637973	-0.359896
-0.043968	 0.039485	 0.498632	-0.249533	-0.579197	-0.255700	 0.514243	 0.394767	-1.265946	 0.978569	 0.127011	-0.408554
-0.544921	-0.464436	-0.001367	-0.374010	-0.705628	-0.377504	-0.120890	-0.136038	-1.413004	-0.217015	-0.628470	-0.432882
-0.793306	-0.714460	-0.250363	-0.436248	-0.767180	-0.438406	-0.436944	-0.400107	-1.483412	-0.811982	-1.003443	-0.445047
-0.415415	-0.837542	-0.374861	-0.467367	-0.796298	-0.468857	-0.593465	-1.030814	-1.515509	-1.606651	-1.688173	-0.451129
-0.226470	-0.897163	-0.437110	-0.482927	-0.809206	-0.484082	-0.670226	-1.342844	-1.528462	-1.999183	-2.025791	-0.454170
-0.631997	-0.925059	-0.468235	-0.490707	-0.314016	-0.491695	-0.707112	-1.995549	-1.531856	-1.690666	-2.189874	-0.955690
-0.832686	-0.937102	-0.483797	-0.494596	-0.066421	-0.495501	-0.724068	-2.316605	-1.530482	-1.533643	-2.267208	-1.203536
-0.930963	-0.941224	-0.491578	-0.496541	 0.057376	-0.497405	-0.731063	-2.471858	-1.526737	-1.452378	-2.301185	-1.324556
-0.978044	-0.941395	-0.495469	 0.002486	-0.380725	-0.498356	-1.233085	-2.044230	-1.521819	-1.909004	-2.313504	-0.882175
-0.999533	-0.939597	-0.497414	 0.250997	-0.598138	-0.498832	-1.480625	-1.827183	-1.516326	-2.132585	-2.315011	-0.660985
-0.508236	-0.936823	-0.498387	-0.124748	-0.705213	-0.499070	-1.600939	-1.215439	-1.510558	-2.239663	-2.311132	-1.050390
-0.262588	-0.933568	-0.498873	-0.311619	-0.757127	-0.499189	-1.657654	-0.908360	-1.504664	-2.288509	-2.304578	-1.242212
-0.139764	-0.930079	-0.499116	-0.405055	-0.781465	-0.499248	-1.682582	-0.753617	-1.498720	-2.308257	-2.296705	-1.335256
-0.078351	-0.926482	-0.499238	-0.451773	-0.792023	-0.499278	-1.691632	-0.675049	-1.492762	-2.313475	-2.288191	-1.378921
-0.547645	-0.922838	-0.499299	-0.475132	-0.795696	-0.499293	-1.192755	-0.634571	-0.986809	-2.311447	-2.279374	-0.897908
-0.780258	-0.919177	-0.499329	-0.486811	-0.795934	-0.499300	-0.941929	-0.613144	-0.733833	-2.305814	-2.270425	-0.657402
-0.894539	-0.915516	-0.499344	-0.492651	-0.794461	-0.499304	-0.815133	-0.601247	-0.607345	-2.298397	-2.261427	-0.537149
-0.449662	-0.911861	-0.499352	-0.495571	-0.792138	-0.499306	-1.250359	-0.594120	-1.044101	-2.290107	-2.252423	-0.977022
-0.227223	-0.908218	-0.499356	-0.497031	-0.789398	-0.499307	-1.464601	-0.589383	-1.259517	-2.281398	-2.243435	-1.194125
-0.116004	-0.904587	-0.499358	-0.497761	-0.786454	-0.499307	-1.568364	-0.585845	-1.364276	-2.272498	-2.234472	-0.799854
-0.060394	-0.900969	-0.499359	-0.498125	-0.783415	-0.499308	-1.616901	-0.582911	-1.413717	-2.263521	-2.225539	-0.602718
-0.532590	-0.897366	-0.499359	-0.498308	-0.780335	-0.999308	-1.637839	-1.080284	-1.435511	-2.254523	-2.216639	-0.504151
-0.766678	-0.893777	-0.499359	-0.498399	-0.777240	-1.246309	-1.644990	-1.325815	-1.443493	-2.245534	-2.207774	-0.454867
-0.881720	-0.890202	-0.499359	-0.498445	-0.774144	-0.866823	-1.145262	-0.945438	-1.444582	-2.236566	-2.198944	-0.430225
-0.937248	-0.886641	-0.499360	-0.498468	-0.771055	-0.677080	-0.894106	-0.754120	-1.442234	-2.227626	-2.190148	-0.417904
-0.963026	-0.883094	-0.499360	-0.498479	-0.767974	-0.582209	-0.767243	-0.657335	-1.438181	-2.218719	-2.181388	-0.411743
-0.973938	-0.879562	-0.499360	-0.498485	-0.764903	-0.534773	-1.202530	-0.607821	-0.933286	-1.709846	-2.172662	-0.908663
-0.977424	-0.876044	-0.499360	-0.498488	-0.761845	-0.511055	-1.416898	-0.581948	-0.680839	-1.453008	-2.163972	-1.154312
-0.977205	-0.872540	-0.499360	-0.498489	-0.758798	-0.499196	-1.520820	-1.067899	-1.054615	-1.822196	-2.155316	-0.774336
-0.975142	-0.869049	-0.499360	-0.498490	-0.755763	-0.493267	-1.569531	-1.307767	-1.238646	-2.002408	-2.146695	-0.584349
-0.972164	-0.865573	-0.499360	-0.498490	-0.752740	-0.490302	-1.590650	-0.924606	-0.827817	-2.088148	-2.138108	-0.489355
-0.968736	-0.862111	-0.499360	-0.498490	-0.749729	-0.488820	-1.597986	-0.731942	-0.622402	-2.126671	-2.129555	-0.441858
-0.465092	-0.858663	-0.499360	-0.498490	-0.746730	-0.988078	-1.598444	-0.634532	-0.519694	-2.141601	-2.121037	-0.418109
-0.213270	-0.855228	-0.499360	-0.498490	-0.743743	-1.234733	-1.595475	-0.584752	-0.468341	-2.144754	-2.112553	-0.406235
-0.087359	-0.851807	-0.499360	-0.498490	-0.740768	-1.355098	-1.590805	-0.558793	-0.442664	-2.142034	-2.104103	-0.400298
-0.524403	-0.848400	-0.499360	-0.498490	-0.737805	-0.912329	-1.085298	-1.044747	-0.429825	-2.136396	-2.095686	-0.397329
-0.741003	-0.845006	-0.499360	-0.498490	-0.734854	-0.690945	-0.831385	-1.284663	-0.423406	-2.129315	-2.087304	-0.395845
-0.347387	-0.341626	-0.499360	-0.498490	-0.731914	-0.580253	-0.703273	-0.901572	-0.920196	-1.621530	-2.078954	-0.395103
-0.150579	-0.089936	-0.499360	-0.498490	-0.728987	-0.524907	-0.638067	-0.708989	-1.165758	-1.365410	-2.070639	-0.394732
-0.052176	-0.464091	-0.499360	-0.498490	-0.726071	-0.997234	-1.104318	-0.611665	-0.785716	-1.235132	-2.062356	-0.394546
-0.002974	-0.649492	-0.499360	-0.498490	-0.723167	-1.230458	-1.334303	-0.561974	-0.595695	-1.167783	-2.054107	-0.394454
 0.021627	-0.240523	-0.499360	-0.498490	-0.720274	-0.844143	-0.946167	-0.536104	-0.500684	-1.131907	-2.045890	-0.894407
 0.033928	-0.036038	-0.499360	-0.498490	-0.717393	-0.650985	-0.750982	-0.522149	-0.453179	-1.111778	-2.037707	-1.141595
 0.040078	 0.066204	-0.499360	-0.498490	-0.714523	-0.554406	-0.652279	-0.514155	-0.429426	-1.099529	-2.029556	-1.262412
 0.043153	 0.117325	-0.499360	 0.001510	-0.711665	-0.506117	-0.601820	-1.009146	-0.417550	-1.091231	-2.021438	-0.820054
 0.044691	 0.142886	-0.499360	 0.250507	-0.708818	-0.481972	-0.575487	-1.253633	-0.411612	-1.084916	-2.013352	-0.598874
-0.454540	 0.155666	-0.499360	-0.124995	-0.705983	-0.469900	-0.561223	-0.872880	-0.408643	-1.079601	-2.005298	-0.488285
-0.702249	 0.162056	-0.499360	-0.311745	-0.703159	-0.463864	-0.552997	-0.682503	-0.407158	-1.074795	-1.997277	-0.432990
-0.324203	 0.165251	-0.499360	-0.405120	-0.700347	-0.460846	-0.547794	-1.087315	-0.406416	-1.070252	-1.989288	-0.405343
-0.135180	 0.166849	-0.499360	-0.451807	-0.697545	-0.459337	-0.544108	-1.286737	-0.406045	-1.065849	-1.981331	-0.391519
-0.040668	 0.167648	-0.499360	-0.475151	-0.694755	-0.458582	-0.541184	-0.883475	-0.405859	-1.061525	-1.973406	-0.384607
 0.006588	 0.168047	-0.499360	-0.486823	-0.691976	-0.458205	-0.538645	-0.681845	-0.405766	-1.057248	-1.965512	-0.381151
-0.469785	-0.331753	-0.499360	-0.492659	-0.689208	-0.458016	-0.536304	-0.581029	-0.405720	-1.553004	-1.957650	-0.379423
-0.706078	-0.579990	-0.499360	-0.495577	-0.686451	-0.457922	-0.534065	-0.530622	-0.405697	-1.796784	-1.949819	-0.378559
-0.822341	-0.702452	-0.499360	-0.497036	-0.683705	-0.457875	-0.531882	-0.505418	-0.405685	-1.914593	-1.942020	-0.378127
-0.378594	-0.262034	-0.499360	-0.497765	-0.680971	-0.457851	-0.529731	-0.492816	-0.905679	-1.469433	-1.934252	-0.377911
-0.156721	-0.041824	-0.499360	-0.498130	-0.678247	-0.457839	-0.527600	-0.486515	-1.152865	-1.244804	-1.926515	-0.377803
-0.045785	 0.068281	-0.499360	-0.498312	-0.175534	-0.457833	-0.525484	-0.483364	-0.773658	-1.130450	-1.918809	-0.377749
 0.009683	 0.123333	-0.499360	-0.498403	 0.075823	-0.457831	-0.523379	-0.481789	-0.584054	-1.071240	-1.911134	-0.377722
-0.462582	 0.150859	-0.499360	-0.498449	-0.298499	-0.457829	-0.521284	-0.481002	-0.489253	-1.039611	-1.903489	-0.377709
-0.696846	 0.164622	-0.499360	-0.498472	-0.484314	-0.457828	-0.519199	-0.480608	-0.441852	-1.021781	-1.895875	-0.377702
-0.312115	 0.171504	-0.499360	-0.498483	-0.575882	-0.457828	-1.017121	-0.480411	-0.418151	-1.010858	-1.888292	-0.377699
-0.119750	 0.174944	-0.499360	-0.498489	-0.620330	-0.457828	-1.263053	-0.480312	-0.406301	-1.003396	-1.880739	-0.377697
-0.023567	 0.176665	-0.499360	-0.498492	-0.641225	-0.457828	-1.383000	-0.480263	-0.400376	-0.997674	-1.873216	-0.377696
 0.024524	 0.177525	-0.499360	 0.001507	-0.650348	-0.457828	-0.939968	-0.480239	-0.397413	-0.992829	-1.865723	-0.377696
 0.048570	 0.177955	-0.499360	 0.250503	-0.653591	-0.457828	-0.718452	-0.480226	-0.395932	-0.988430	-1.858260	-0.377695
 0.060593	 0.178170	-0.499360	-0.124999	-0.653899	-0.457828	-0.607694	-0.480220	-0.395191	-1.484263	-1.850827	-0.377695
 0.066604	 0.178278	-0.499360	-0.311749	-0.652744	-0.457828	-0.552315	-0.480217	-0.394821	-1.728219	-1.843424	-0.377695
-0.430390	 0.178331	-0.499360	-0.405124	-0.650864	-0.457828	-0.524626	-0.480216	-0.394636	-1.346252	-1.836050	-0.377695
-0.677032	 0.178358	-0.499360	-0.451811	-0.648625	-0.457828	-0.510781	-0.480215	-0.394543	-1.153341	-1.828706	-0.377695
-0.298506	 0.178372	-0.499360	-0.475155	-0.646214	-0.457828	-0.503859	-0.980214	-0.394497	-1.054964	-1.821391	-0.377695
-0.109243	 0.178379	-0.499360	-0.486827	-0.643720	-0.457828	-0.500398	-1.227254	-0.394474	-1.003863	-1.814105	-0.377695
-0.014612	 0.178382	-0.499360	-0.492663	-0.641191	-0.457828	-0.498667	-1.347825	-0.394462	-0.976406	-1.806849	-0.377695
 0.032704	 0.178384	-0.499360	-0.495581	-0.638649	-0.457828	-0.497802	-0.905174	-0.394457	-0.960780	-1.799621	-0.377695
 0.056362	 0.178384	-0.499360	-0.497040	-0.636106	-0.457828	-0.497369	-0.683848	-0.394454	-0.951077	-1.792423	-0.377695
-0.431809	 0.178385	 0.000640	-0.497769	-0.633567	-0.457828	-0.497153	-1.073185	-0.394452	-0.944342	-1.785253	-0.377695
-0.674055	 0.178385	 0.249639	-0.498134	-0.631036	-0.457828	-0.497044	-1.264929	-0.394451	-0.939100	-1.778112	-0.377695
-0.293345	 0.178385	 0.374138	-0.498316	-0.628513	-0.457828	-0.496990	-0.857887	-0.394451	-0.934611	-1.771000	-0.377695
-0.102990	 0.178385	 0.436388	-0.498407	-0.626000	-0.457828	-0.496963	-0.654366	-0.394451	-0.930506	-1.763916	-0.377695
-0.007813	 0.178385	-0.032487	-0.498453	-0.623496	-0.457828	-0.496950	-0.552606	-0.394451	-1.426601	-1.756860	-0.377695
 0.039776	 0.178385	-0.265922	-0.498476	-0.621002	-0.457828	-0.496943	-0.501726	-0.394451	-1.670803	-1.749833	-0.377695
 0.063571	 0.178385	-0.382639	-0.498487	-0.618518	-0.457828	-0.496940	-0.476286	-0.394451	-1.789074	-1.742833	-0.377695
 0.075468	 0.178385	-0.440998	-0.498493	-0.616044	-0.457828	-0.496938	-0.463566	-0.394451	-1.344395	-1.735862	-0.377695
 0.081416	 0.178385	-0.470177	-0.498496	-0.613580	-0.457828	-0.496937	-0.457206	-0.394451	-1.120256	-1.728919	-0.377695
 0.084391	 0.178385	-0.484767	 0.001503	-0.611126	-0.457828	-0.496937	-0.454026	-0.394451	-1.006394	-1.722003	-0.377695
 0.085878	 0.178385	-0.492062	 0.250499	-0.608681	-0.457828	-0.496937	-0.452436	-0.394451	-0.947678	-1.715115	-0.377695
 0.086621	 0.178385	-0.495709	-0.125003	-0.606246	-0.457828	-0.496936	-0.451641	-0.394451	-0.916542	-1.708254	-0.377695
 0.086993	 0.178385	-0.497533	-0.311753	-0.603821	-0.457828	-0.496936	-0.451243	-0.394451	-0.899204	-1.701421	-0.377695
 0.087179	-0.321615	-0.498445	 0.094872	-0.601406	-0.457828	-0.496936	-0.451044	-0.394451	-0.888771	-1.694616	-0.377695
 0.087272	-0.569972	-0.498901	 0.297182	-0.599001	-0.457828	-0.496936	-0.450945	-0.394451	-0.881797	-1.687837	-0.377695
 0.087318	-0.692513	-0.499129	 0.398337	-0.596605	-0.457828	-0.496936	-0.450895	-0.394451	-0.876561	-1.681086	-0.377695
 0.087342	-0.252154	-0.499243	-0.051086	-0.594218	-0.457828	-0.496936	 0.049130	-0.394451	-0.872200	-1.674362	-0.377695
 0.087353	-0.031974	-0.499300	-0.274796	-0.591841	-0.457828	-0.496936	 0.298044	-0.394451	-0.868284	-1.667664	-0.377695
-0.412641	-0.421885	-0.499328	-0.386651	-0.589474	-0.457828	-0.496936	-0.078593	-0.394451	-0.864597	-1.660993	-0.377695
-0.660813	-0.615216	-0.499342	-0.442579	-0.587116	-0.457828	-0.496936	-0.266912	-0.394451	-0.861032	-1.654349	-0.377695
-0.283081	-0.210265	 0.000650	 0.029457	-0.584768	-0.457828	-0.496936	-0.361071	-0.394451	-0.857535	-1.147732	-0.377695
-0.094215	-0.007789	 0.249646	 0.264472	-0.582428	-0.457828	-0.496936	-0.408150	-0.394451	-0.854078	-0.893141	-0.377695
 0.000218	 0.093449	-0.125857	 0.381980	-0.580099	-0.457828	-0.496936	-0.431690	-0.394451	-0.850648	-1.264569	-0.377695
 0.047435	 0.144068	-0.312605	 0.440734	-0.577778	-0.457828	-0.496936	-0.443460	-0.394451	-0.847239	-1.447010	-0.377695
 0.071043	 0.169377	-0.405980	 0.470111	-0.575467	-0.457828	-0.496936	-0.449345	-0.394451	-0.843847	-1.534972	-0.377695
 0.082847	 0.182032	-0.452667	 0.484799	-0.573165	-0.457828	-0.496936	-0.452288	-0.394451	-0.840470	-1.575707	-0.377695
 0.088749	 0.188359	-0.476010	 0.492143	-0.570873	-0.457828	-0.496936	-0.453759	-0.394451	-0.837107	-1.592842	-0.377695
 0.091700	 0.191523	-0.487682	-0.004185	-0.568589	-0.457828	-0.496936	-0.454494	-0.394451	-0.833758	-1.098189	-0.377695
 0.093176	 0.193105	-0.493518	-0.251347	-0.566315	-0.457828	-0.496936	-0.454862	-0.394451	-0.830423	-0.849656	-0.377695
-0.406086	 0.193896	-0.496436	-0.374929	-0.064050	-0.457828	-0.496936	-0.455046	-0.394451	-0.827101	-1.224187	-0.377695
-0.653907	 0.194291	-0.497895	-0.436720	 0.187083	-0.457828	-0.496936	-0.455138	-0.394451	-0.823793	-1.408255	-0.377695
-0.276014	 0.194489	-0.498624	 0.032385	-0.187351	-0.457828	-0.496936	-0.455184	-0.394451	-0.820497	-1.497105	-0.377695
-0.087067	 0.194588	-0.498989	 0.265934	-0.373444	-0.457828	-0.496936	-0.455207	-0.394451	-0.817215	-1.538357	-0.377695
 0.007406	 0.194637	-0.499171	 0.382709	-0.465371	-0.457828	-0.496936	-0.455219	-0.394451	-0.813946	-1.555825	-0.377695
-0.445357	 0.194662	-0.499263	-0.058904	-0.510221	-0.457828	-0.996936	 0.044776	-0.394451	-0.810691	-1.561412	-0.377695
-0.669942	 0.194674	-0.499308	-0.278709	-0.531535	-0.457828	-1.243942	 0.293683	-0.394451	-0.807448	-1.561071	-0.377695
-0.280446	-0.305320	-0.499331	-0.388612	-0.541087	-0.457828	-0.864464	-0.082948	-0.394451	-0.804218	-1.557779	-0.377695
-0.085698	-0.553706	-0.499342	-0.443563	-0.544761	-0.457828	-0.674724	-0.271264	-0.394451	-0.801001	-1.553025	-0.377695
 0.011676	-0.176295	 0.000652	-0.471039	-0.545501	-0.457828	-0.579854	-0.365422	-0.394451	-0.797797	-1.547551	-0.377695
 0.060363	 0.012411	 0.249648	-0.484776	-0.544779	-0.457828	-0.532420	-0.412501	-0.394451	-0.794606	-1.541729	-0.377695
 0.084707	 0.106763	-0.125854	-0.491645	-0.543330	-0.457828	-0.508702	 0.063960	-0.394451	-0.791428	-1.535747	-0.377695
 0.096879	 0.153940	-0.312603	-0.495080	-0.541522	-0.457828	-0.496844	 0.301109	-0.394451	-0.788262	-1.529696	-0.377695
 0.102964	 0.177528	-0.405977	-0.496797	-0.539538	-0.457828	-0.490914	 0.418608	-0.394451	-0.785109	-1.523624	-0.377695
-0.393993	 0.189322	 0.047336	 0.002344	-0.537471	-0.457828	-0.487949	-0.023716	-0.394451	-1.281968	-1.517552	-0.377695
-0.640689	 0.195219	 0.272991	 0.250912	-0.535367	-0.457828	-0.486467	-0.244877	-0.394451	-1.526841	-1.511494	-0.377695
-0.262263	-0.301832	 0.385819	-0.124804	-0.533248	-0.457828	-0.485726	-0.855458	-0.394451	-1.145733	-1.505453	-0.377695
-0.073050	-0.548760	 0.442233	-0.311661	-0.531126	-0.457828	-0.485355	-1.157816	-0.394451	-0.953650	-1.499434	-0.377695
 0.021557	-0.170633	-0.029561	-0.405090	-0.529008	-0.457828	-0.485170	-0.806075	-0.394451	-0.856086	-0.993438	-0.377695
 0.068860	 0.018431	-0.264454	-0.451804	-0.526895	-0.457828	-0.485077	-0.630204	-0.394451	-0.805786	-0.740440	-0.377695
 0.092512	-0.387037	-0.381901	-0.475161	-0.524788	-0.457828	-0.485031	-0.542269	-0.394451	-0.779126	-1.113941	-0.377695
 0.104338	-0.588186	-0.440625	-0.486840	-0.522690	-0.457828	-0.485008	-0.498301	-0.394451	-0.764290	-1.297717	-0.377695
 0.110251	-0.687182	-0.469986	-0.492679	-0.520600	-0.457828	-0.484996	-0.476318	-0.394451	-0.755374	-1.386641	-0.377695
 0.113207	-0.235108	-0.484667	 0.004401	-0.518517	-0.457828	-0.484991	 0.034674	-0.394451	-1.249423	-1.428153	-0.377695
 0.114685	-0.009071	-0.492008	 0.251939	-0.516443	-0.457828	-0.484988	 0.289079	-0.394451	-1.492960	-1.445969	-0.377695
 0.115425	 0.103948	-0.495678	-0.124293	-0.514378	-0.457828	-0.484986	-0.084806	 0.105549	-1.111256	-1.451950	-0.377695
 0.115794	 0.160457	-0.497513	-0.311407	-0.512320	-0.457828	-0.484986	-0.271748	 0.354338	-0.918945	-1.452024	-0.377695
 0.115979	 0.188712	-0.498431	-0.404965	-0.510271	-0.457828	-0.484985	-0.365219	-0.022474	-0.821336	-1.449157	-0.377695
 0.116071	 0.202839	-0.498889	-0.451743	-0.508230	-0.457828	-0.484985	-0.411955	-0.210880	-0.771084	-1.444831	-0.377695
 0.116117	 0.209903	-0.499119	-0.475133	-0.506197	-0.457828	-0.484985	 0.064677	-0.305083	-0.744516	-1.439787	-0.377695
 0.116141	 0.213435	-0.499234	-0.486827	-0.504172	-0.457828	-0.484985	 0.301911	-0.352184	-0.729797	-1.434395	-0.377695
 0.116152	 0.215201	-0.499291	-0.492675	-0.502155	-0.457828	-0.484985	 0.419449	-0.375735	-0.721007	-1.428842	-0.377695
 0.116158	 0.216084	-0.499320	-0.495598	-0.500147	-0.457828	-0.484985	-0.022855	-0.387510	-0.715187	-0.923218	-0.377695
 0.116161	 0.216525	-0.499334	-0.497060	-0.499142	-0.457828	-0.484985	-0.244008	-0.393398	-0.710859	-0.670406	-0.377695
 0.116162	 0.216746	-0.499341	-0.497791	-0.498640	-0.457828	-0.484985	-0.354584	-0.396342	-0.707281	-1.044001	-0.377695
 0.116163	 0.216856	-0.499345	-0.498157	-0.498389	-0.457828	-0.484985	-0.409872	-0.397814	-0.704085	-1.227962	-0.377695
-0.383837	 0.216911	-0.499346	-0.498339	-0.498264	-0.457828	-0.484985	-0.437516	-0.398550	-0.701086	-1.317119	-0.377695
-0.632069	 0.216939	-0.499347	-0.498431	-0.498201	-0.457828	-0.484985	-0.451338	-0.398917	-0.698189	-1.358885	-0.377695
-0.754424	 0.216953	-0.499348	-0.498476	-0.498169	-0.457828	-0.484985	 0.041751	-0.399101	-0.695351	-0.876967	-0.377695
-0.813848	 0.216960	-0.499348	-0.498499	-0.498154	-0.457828	-0.484985	 0.287226	-0.399193	-0.692547	-0.636008	-0.377695
-0.841814	 0.216963	-0.499348	-0.498511	-0.498146	-0.457828	-0.484985	 0.408898	-0.399239	-0.689765	-0.515528	-0.377695
-0.354057	 0.216965	-0.499348	-0.498516	-0.498142	-0.457828	-0.484985	 0.468673	 0.100738	-0.687000	-0.955289	-0.377695
-0.110179	 0.216966	-0.499348	-0.498519	-0.498140	-0.457828	-0.484985	 0.497503	 0.349525	-0.684249	-1.172379	-0.377695
 0.011760	-0.283034	 0.000652	 0.001479	 0.001861	-0.457828	-0.484985	 0.510866	-0.027278	-1.181511	-0.778145	-0.377695
 0.072730	-0.531468	 0.249651	 0.250476	 0.250858	-0.457828	-0.484985	 0.516499	-0.215680	-1.426784	-0.581028	-0.377695
 0.103215	-0.154125	-0.125850	 0.374974	 0.375356	-0.457828	-0.484985	 0.518271	-0.309881	-1.046077	-0.982469	-0.377695
 0.118457	 0.034547	-0.312598	 0.437223	 0.437605	-0.457828	-0.484985	 0.518117	-0.356981	-0.854392	-1.180422	-0.377695
 0.126078	 0.128883	-0.405972	-0.031652	-0.031270	-0.457828	-0.484985	 0.017004	-0.380531	-0.757224	-1.276642	-0.377695
 0.129889	 0.176050	-0.452659	-0.265089	-0.264708	-0.457828	-0.484985	-0.233553	-0.392306	-0.707320	-1.322006	-0.377695
 0.131794	 0.199634	-0.476002	 0.118193	-0.381426	-0.457828	-0.484985	 0.141169	-0.398194	-0.681054	-1.341953	-0.377695
 0.132747	 0.211426	-0.487674	 0.308830	-0.439786	-0.457828	-0.484985	 0.327498	-0.401138	-0.666611	-1.349203	-0.377695
 0.133223	 0.217322	-0.493510	 0.404149	-0.468965	-0.457828	-0.484985	 0.419635	-0.402610	-0.658085	-1.350115	-0.377695
 0.133461	 0.220270	-0.496427	-0.048191	-0.483555	-0.457828	-0.484985	-0.035320	-0.403346	-0.652523	-1.347869	-0.377695
 0.133580	 0.221744	-0.497886	-0.273360	-0.490850	-0.457828	-0.484985	-0.262798	-0.403714	-0.648448	-1.344055	-0.377695
 0.133640	-0.277519	-0.498616	 0.114055	 0.005502	-0.457828	-0.484985	-0.376536	 0.096102	-0.645122	-1.339467	-0.377695
 0.133670	-0.525597	-0.498981	 0.306760	 0.252675	-0.457828	-0.484985	-0.433406	 0.344819	-0.642175	-1.334504	-0.377695
 0.133685	-0.148088	-0.999163	-0.096888	-0.123739	-0.457828	-0.484985	-0.461840	-0.032010	-0.639423	-1.329363	-0.377695
 0.133692	 0.040666	-1.246256	-0.297711	-0.310945	-0.457828	-0.484985	-0.476058	-0.220425	-0.636774	-1.324144	-0.377695
 0.133696	-0.364957	-0.366815	-0.398122	 0.095451	-0.457828	-0.484985	 0.016834	 0.185368	-0.634181	-1.318897	-0.377695
 0.133698	-0.566227	 0.071880	-0.448328	 0.297646	-0.457828	-0.484985	 0.262260	 0.387082	-0.631621	-1.313646	-0.377695
 0.133699	-0.665327	 0.290206	-0.473430	 0.398743	-0.457828	-0.484985	 0.383957	 0.486761	-0.629084	-1.308404	-0.377695
-0.366301	-0.213349	-0.101648	-0.485982	-0.050708	-0.457828	-0.484985	-0.056205	 0.035428	-0.626561	-1.303176	-0.377695
-0.614568	 0.012641	-0.297575	-0.492258	-0.274433	-0.457828	-0.484985	-0.276286	-0.190238	-0.624052	-1.297966	-0.377695
-0.236976	-0.874365	-0.395538	-0.495395	-0.386296	-0.457828	-0.484985	 0.113673	 0.196928	-0.621555	-1.292776	 0.122305
-0.048180	-1.314344	-0.444520	-0.496964	-0.442227	-0.457828	-0.484985	 0.307646	 0.389343	-0.619068	-1.287606	 0.371060
 0.046218	-0.530826	-0.469011	-0.497749	-0.470193	-0.457828	-0.484985	-0.096371	 0.484388	-0.616591	-1.282456	-0.005802
 0.093417	-0.139066	-0.481256	-0.498141	-0.484176	-0.457828	-0.484985	-0.297379	 0.530751	-0.614125	-1.277326	-0.194233
 0.117017	 0.056813	 0.012621	-0.498337	-0.491167	-0.457828	-0.484985	-0.397883	 0.052778	-0.611668	-1.272217	-0.288448
 0.128816	 0.154753	 0.258547	-0.498435	-0.494663	-0.457828	-0.484985	-0.448135	-0.186208	-0.609221	-1.267128	-0.335556
 0.134716	 0.203723	 0.380501	-0.498484	-0.496411	-0.457828	-0.484985	-0.473261	-0.305701	-0.606784	-1.262060	-0.359110
 0.137666	 0.228208	-0.059527	-0.498509	-0.497285	-0.457828	-0.484985	-0.485824	 0.134552	-0.604357	-1.257011	-0.370887
 0.139141	 0.240450	-0.279541	-0.498521	-0.497722	-0.457828	-0.484985	-0.492105	 0.353529	-0.601940	-1.251983	-0.376775
-0.360121	 0.246572	-0.389548	 0.001473	-0.497940	-0.457828	-0.484985	 0.004754	-0.038127	-0.599532	-1.246975	-0.379720
-0.608034	 0.249632	-0.444552	 0.250467	-0.498049	-0.457828	-0.484985	 0.252180	-0.233956	-0.597134	-1.241988	-0.381192
-0.230278	 0.251163	 0.027946	-0.125036	-0.498104	-0.457828	-0.484985	 0.375894	 0.168130	-0.594745	-1.237020	-0.381928
-0.041400	 0.251928	 0.263195	-0.311787	-0.498131	-0.457828	-0.484985	 0.437750	 0.368033	-0.592366	-1.232072	-0.382296
 0.053038	 0.252310	-0.119181	 0.094838	-0.498145	-0.457828	-0.484985	 0.468678	-0.033152	-0.589997	-1.227143	-0.382480
 0.100258	 0.252502	-0.309366	 0.297148	-0.498152	-0.457828	-0.484985	 0.484143	-0.233744	-0.587637	-1.222235	-0.382572
 0.123868	 0.252597	-0.404458	 0.398302	-0.498155	-0.457828	-0.484985	 0.491875	-0.334040	-0.585286	-1.217346	-0.382618
 0.135673	-0.247355	-0.452005	 0.448880	 0.001843	-0.457828	-0.484985	-0.004259	 0.115812	-0.582945	-1.212476	 0.117359
 0.141575	-0.495836	-0.475778	 0.474168	 0.250839	-0.457828	-0.484985	-0.251326	 0.339606	-0.580613	-1.207626	 0.366113
 0.144526	-0.118588	-0.487664	 0.486813	-0.124664	-0.457828	-0.484985	 0.125141	-0.049623	-0.578291	-1.202796	-0.010740
 0.146002	 0.070036	-0.493608	 0.493135	-0.311414	-0.457828	-0.484985	 0.312372	-0.244238	-0.575978	-1.197985	-0.199166
 0.146740	 0.164347	-0.496579	 0.496296	-0.404790	-0.457828	-0.484985	 0.405987	-0.341545	-0.573674	-1.193193	 0.206621
 0.147109	 0.211503	-0.498065	 0.497877	-0.451478	-0.457828	-0.484985	 0.452794	-0.390199	-0.571379	-1.188420	 0.408289
-0.352707	 0.235081	-0.498808	-0.001333	-0.474821	-0.457828	-0.484985	 0.476198	-0.414526	-0.569094	-1.183666	 0.007904
-0.600910	 0.246870	-0.499179	-0.249937	-0.486493	-0.457828	-0.484985	 0.487900	-0.426689	-0.566817	-1.178932	-0.192289
-0.723313	 0.252765	-0.499365	-0.374239	-0.492329	-0.457828	-0.484985	 0.493751	-0.432771	-0.564550	-1.174216	-0.292386
-0.282823	 0.255712	-0.499458	-0.436390	-0.495247	-0.457828	-0.484985	-0.003324	 0.064188	-0.562292	-0.669519	 0.157566
-0.062578	 0.257186	-0.499504	-0.467465	-0.496706	-0.457828	-0.484985	-0.250860	 0.311545	-0.560043	-0.417171	 0.381327
 0.047544	 0.257923	-0.499528	-0.483003	-0.497436	-0.457828	-0.484985	 0.125372	-0.065894	-0.557803	-0.290996	-0.008003
 0.102606	 0.258291	-0.499539	-0.490772	-0.497800	-0.457828	-0.484985	 0.312484	-0.254613	-0.555571	-0.227909	-0.202668
-0.369864	 0.258475	-0.499545	-0.494656	-0.497983	-0.457828	-0.484985	-0.093959	 0.151027	-0.553349	-0.696366	-0.300000
-0.604414	 0.258567	-0.499548	-0.496598	-0.498074	-0.457828	-0.484985	-0.296180	 0.352734	-0.551136	-0.928264	-0.348666
-0.220011	 0.258613	-0.499549	 0.002430	-0.498120	-0.457828	-0.484985	 0.102709	 0.452478	-0.548931	-1.041893	-0.372999
-0.027809	 0.258636	-0.499550	 0.250942	-0.498142	-0.457828	-0.484985	 0.301151	 0.501246	-0.546735	-1.096397	-0.385166
 0.068291	 0.258648	-0.499550	 0.375198	-0.498154	-0.457828	-0.484985	 0.400371	 0.524530	-0.544548	-1.121347	-0.391249
 0.116342	 0.258654	-0.499551	-0.062674	-0.498160	-0.457828	-0.484985	-0.050018	 0.535076	-0.542370	-1.131529	-0.394291
 0.140367	 0.258657	-0.499551	-0.280609	-0.498162	-0.457828	-0.484985	-0.274212	 0.539258	-0.540201	-1.134337	-0.395812
 0.152379	 0.258658	-0.499551	-0.389577	-0.498164	-0.457828	-0.484985	-0.386309	 0.540262	-0.538040	-1.133466	-0.396572
 0.158386	 0.258659	-0.499551	-0.444061	-0.498165	-0.457828	-0.484985	-0.442358	 0.539682	-0.535888	-1.130766	-0.396952
 0.161389	 0.258659	-0.499551	-0.471302	-0.498165	-0.457828	-0.484985	 0.029618	 0.538313	-0.533744	-1.127160	-0.397142
 0.162890	 0.258659	-0.499551	-0.484923	-0.498165	-0.457828	-0.484985	 0.264603	 0.536555	-0.531609	-1.123109	-0.397237
 0.163641	 0.258659	-0.499551	-0.491734	-0.498165	-0.457828	-0.484985	 0.382095	 0.034606	-0.529483	-1.118846	-0.397285
 0.164017	 0.258659	-0.499551	-0.495139	-0.498165	-0.457828	-0.484985	 0.440841	-0.216368	-0.527365	-1.114485	-0.397309
 0.164204	 0.258659	-0.499551	-0.496842	-0.498165	-0.457828	-0.484985	 0.470214	-0.341855	-0.525255	-1.110085	-0.397321
 0.164298	 0.258659	-0.499551	-0.497693	-0.498165	-0.457828	-0.484985	-0.015099	 0.095401	-1.023154	-1.105673	-0.397327
 0.164345	 0.258659	-0.499551	-0.498119	-0.498165	-0.457828	-0.484985	-0.256755	 0.312964	-1.269062	-1.101265	-0.397329
 0.164369	 0.258659	 0.000449	 0.001668	-0.498165	-0.457828	-0.484985	 0.122417	 0.420685	-0.888986	-1.096867	-0.397331
 0.164380	 0.258659	 0.249448	 0.250559	-0.498165	-0.457828	-0.484985	 0.311000	 0.473488	-0.697930	-1.092483	-0.397332
 0.164386	 0.258659	-0.126052	-0.124996	 0.001835	-0.457828	-0.484985	-0.094709	 0.498837	-0.601388	-1.088115	-0.397332
 0.164389	 0.258659	-0.312799	-0.311772	 0.250831	-0.457828	-0.484985	-0.296562	 0.510463	-0.552107	-1.083763	-0.397332
 0.164391	 0.258659	 0.093827	 0.094840	-0.124671	-0.457828	-0.484985	-0.397489	 0.515232	-0.526461	-0.579429	-0.397332
 0.164391	 0.258659	 0.296139	 0.297143	-0.311421	-0.457828	-0.484985	-0.447952	 0.516577	-0.512637	-0.327261	-0.397332
 0.164392	 0.258659	 0.397296	 0.398295	-0.404797	-0.457828	-0.484985	-0.473184	 0.516213	-0.505725	-0.201178	-0.397332
 0.164392	 0.258659	-0.052126	 0.448870	-0.451484	-0.957828	-0.484985	-0.485800	 0.515000	-0.502268	-0.638136	 0.102668
 0.164392	 0.258659	-0.275834	 0.474158	-0.474828	-1.204912	-0.484985	-0.492108	 0.513365	-0.500540	-0.854465	 0.351462
 0.164392	 0.258659	-0.387688	-0.013198	-0.486500	-0.825550	-0.484985	 0.004738	 0.511525	-0.499676	-0.960488	-0.025341
 0.164392	 0.258659	-0.443615	-0.255875	-0.492336	-0.635869	-0.484985	 0.252158	 0.509585	-0.499244	-1.011366	-0.213743
 0.164392	 0.258659	 0.028421	 0.122787	-0.495254	-0.541029	-0.484985	-0.124132	 0.507600	-0.499028	-1.034681	-0.307943
 0.164392	 0.258659	 0.263439	 0.311115	-0.496713	-0.493608	-0.484985	-0.311276	 0.505596	-0.498920	-1.044222	-0.355044
 0.164392	 0.258659	-0.119053	-0.094721	-0.497442	-0.469898	-0.484985	-0.404848	 0.503587	-0.498866	-1.046885	-0.378594
 0.164392	 0.258659	-0.309295	-0.296638	-0.497807	-0.458043	-0.484985	-0.451634	 0.501579	-0.498839	-1.046118	-0.390369
 0.164392	 0.258659	-0.404416	-0.397597	-0.497990	-0.452116	-0.484985	-0.475027	 0.500575	-0.498826	-1.043643	-0.396257
 0.164392	 0.258659	-0.451977	 0.051924	-0.498081	-0.449152	-0.484985	-0.486724	 0.500073	-0.498819	-1.040324	-0.399200
 0.164392	 0.258659	-0.475757	 0.275682	-0.498126	-0.447670	-0.484985	-0.492572	 0.499823	-0.498816	-1.036590	-0.400672
 0.164392	 0.258659	-0.487648	-0.112440	-0.498149	-0.446929	-0.484985	 0.004504	 0.499697	-0.498814	-1.032657	-0.401408
 0.164392	 0.258659	-0.493593	-0.305499	-0.498160	-0.446559	-0.484985	 0.252039	 0.499634	-0.498813	-1.028633	-0.401776
 0.164392	 0.258659	-0.496565	 0.097971	-0.498166	-0.446373	-0.484985	-0.124194	 0.499603	-0.498813	-0.524572	-0.401960
 0.164392	 0.258659	-0.498051	 0.298703	-0.498169	-0.446281	-0.484985	-0.311309	 0.499587	-0.498812	-0.272542	-0.402052
 0.164392	-0.241341	-0.498795	-0.100931	-0.498170	-0.446235	-0.484985	 0.095133	 0.499579	-0.498812	-0.646527	-0.402098
 0.164392	-0.489858	-0.499166	-0.299746	-0.498171	-0.446211	-0.484985	 0.297351	 0.499575	-0.498812	-0.831478	-0.402121
 0.164392	-0.612640	-0.499352	-0.399154	-0.498172	-0.446200	-0.484985	 0.398460	 0.499574	-0.498812	-0.921921	-0.402133
 0.164392	-0.172560	-0.499445	-0.448858	 0.001828	-0.446194	-0.484985	-0.550986	 0.499573	-0.998812	-0.965117	-0.402138
 0.164392	 0.047480	-0.499491	-0.473710	 0.250825	-0.446191	-0.484985	-1.022707	 0.499572	-1.245815	-0.984699	-0.402141
 0.164392	 0.157500	-0.499514	 0.013864	-0.124677	-0.446190	-0.484985	-0.755580	 0.499572	-0.866330	-0.492481	-0.402143
 0.164392	 0.212510	-0.499526	 0.256648	-0.311428	-0.446189	-0.484985	-0.622016	 0.499572	-0.676588	-0.246373	-0.402143
 0.164392	 0.240015	-0.499532	-0.121960	-0.404803	-0.446189	-0.484985	-0.555234	-0.000428	-0.581717	-0.123318	 0.097856
 0.164392	 0.253768	-0.499535	-0.310263	-0.451491	-0.446188	-0.484985	-0.521843	-0.249428	-0.534281	-0.061791	 0.346660
 0.164392	 0.260644	-0.499536	-0.404414	 0.025165	-0.446188	-0.484985	-0.505147	 0.126073	-0.510563	-0.531027	-0.030129
 0.164392	 0.264082	-0.499537	-0.451490	 0.262490	-0.446188	-0.484985	-0.496799	 0.312820	-0.498705	-0.763645	-0.218523
 0.164392	 0.265801	-0.499537	-0.475028	-0.118848	-0.446188	-0.484985	-0.492626	-0.093807	-0.492775	-0.877961	-0.312720
 0.164392	 0.266660	-0.499537	-0.486797	-0.308517	-0.446188	-0.484985	-0.490539	-0.296119	-0.489810	-0.933135	-0.359819
 0.164392	 0.267090	-0.499538	-0.492681	-0.403351	-0.446188	-0.484985	-0.489495	-0.397275	-0.488328	-0.958745	-0.383368
 0.164392	-0.232695	 0.000462	-0.495623	-0.450768	-0.446188	-0.484985	-0.488973	 0.052147	-0.487587	-0.969581	 0.104857
 0.164392	-0.481122	 0.249461	-0.497095	-0.474476	-0.446188	-0.484985	-0.488713	 0.275855	-0.487216	-0.973039	 0.347784
-0.335608	-0.103877	-0.126039	 0.002170	-0.486331	-0.446188	-0.484985	 0.011418	-0.112291	-0.487031	-0.972814	-0.031934
-0.583937	 0.084745	-0.312786	 0.250799	-0.492258	-0.446188	-0.484985	 0.260460	-0.305364	-0.486938	-0.970757	-0.221794
-0.206437	-0.320943	-0.406160	-0.124886	-0.495221	-0.446188	-0.484985	-0.116038	 0.098100	-0.486892	-0.967791	-0.316723
-0.017687	-0.522334	-0.452847	-0.311728	-0.496703	-0.446188	-0.484985	-0.304287	 0.298829	-0.486869	-0.964378	-0.364188
-0.423312	-0.121582	 0.023810	-0.405148	-0.497444	-0.446188	-0.484985	-0.398411	 0.399194	-0.486857	-0.460750	-0.387920
-0.624466	 0.078794	 0.261137	-0.451859	-0.497815	-0.446188	-0.484985	-0.445474	 0.449376	-0.486851	-0.208936	-0.399786
-0.723392	 0.178982	 0.379801	-0.475214	-0.498000	-0.446188	-0.484985	-0.469005	 0.474467	-0.486849	-0.083029	-0.405720
-0.271211	 0.229076	 0.439133	-0.486892	-0.498092	-0.446188	-0.484985	 0.019230	 0.487012	-0.486847	-0.520075	-0.408686
-0.045120	 0.254123	 0.468799	-0.492730	-0.498139	-0.446188	-0.484985	 0.262332	 0.493285	-0.486846	-0.736684	-0.410169
 0.067926	-0.733354	-0.016368	 0.004350	-0.498162	-0.446188	-0.484985	 0.382872	 0.496422	-0.486846	-0.843082	-0.410911
 0.124448	-1.223651	-0.257949	 0.251888	-0.498173	-0.446188	-0.484985	 0.442136	 0.497990	-0.486846	-0.894382	-0.411282
-0.347290	-0.465371	-0.378739	-0.124344	-0.498179	-0.446188	-0.484985	 0.470764	 0.498774	-0.486846	-0.918141	 0.088533
-0.581522	-0.086231	-0.439134	-0.311458	-0.498182	-0.446188	-0.484985	 0.485079	 0.499166	-0.486846	-0.928136	 0.337263
-0.197006	 0.103339	-0.469332	 0.094985	 0.001816	-0.446188	-0.484985	-0.007764	 0.499362	-0.486846	-0.931258	-0.039543
-0.004748	 0.198124	-0.484430	 0.297203	 0.250812	-0.446188	-0.484985	-0.253184	 0.499460	-0.486846	-0.930950	-0.227947
