-0.542364	-3.389738	-0.498437	-0.403895	-2.834199	-0.499351	-1.788693	 0.481977	 0.452106	-3.721025	-0.577740	 0.507931
-0.540194	-3.376270	-0.498437	-0.451549	-2.822862	-0.499351	-2.280661	 0.482070	 0.452100	-3.206141	-0.575429	 0.505900
-0.538034	-3.362811	-0.498437	-0.475376	-2.811571	-0.499351	-2.521099	 0.482117	 0.452097	-2.943316	-0.573127	 0.503876
-1.035881	-2.849382	-0.498437	-0.487289	-2.800324	 0.000649	-2.135796	 0.482140	 0.452096	-3.306543	-0.570835	 0.501860
-1.281738	-2.587996	-0.498437	-0.493246	-2.789123	 0.249648	-1.939643	 0.482152	 0.452095	-3.480817	-0.568552	 0.500853
-0.901611	-2.952650	-0.498437	-0.496225	-2.777966	-0.125853	-1.838079	 0.482158	 0.452095	-3.560644	-0.566277	 0.500349
-0.710505	-3.128342	-0.498437	-0.497714	-2.766855	-0.312600	-1.783825	 0.482161	 0.452095	-3.593276	-0.564012	 0.500097
-0.613913	-2.709580	-0.498437	-0.498458	-2.755787	-0.405974	-1.753238	 0.482162	 0.452095	-3.602340	-0.561756	 0.499971
-0.564582	-2.495618	-0.498437	-0.498831	-2.744764	-0.452661	-1.734499	 0.482163	 0.452095	-3.599650	-0.559509	 0.499908
-0.538886	-2.384073	-0.498437	-0.499017	-2.733785	-0.476005	-1.721699	 0.482164	 0.452094	-3.591111	-0.557271	 0.499876
-0.525012	-2.823756	-0.498437	-0.499110	-2.722850	-0.487676	-1.711880	 0.482164	 0.452094	-3.579676	-0.555042	 0.499861
-0.517052	-3.037070	-0.498437	-0.499156	-2.711958	-0.493512	-1.703567	 0.482164	 0.452094	-3.566822	-0.552822	 0.499853
-1.012054	-3.137227	-0.498437	-0.499180	-2.701111	-0.496430	-1.696020	 0.482164	 0.452094	-3.053287	-0.550611	 0.499849
-1.256541	-3.180830	-0.498437	-0.499191	-2.690306	-0.497889	-1.688870	 0.482164	 0.452094	-2.791440	-0.548408	 0.499847
-0.875783	-3.196183	-0.498437	-0.499197	-2.679545	-0.498619	-1.681931	 0.482164	 0.452094	-3.155458	-0.546214	 0.499846
-0.685404	-3.197436	-0.498437	-0.499200	-2.668827	-0.498983	-1.675112	 0.482164	 0.452094	-3.330427	-0.544030	 0.499845
-0.590214	-3.191666	-0.498437	-0.499201	-2.658151	-0.499166	-1.668365	 0.482164	 0.452094	-2.910901	-0.541854	 0.499845
-0.542619	-3.182409	-0.498437	-0.499202	-2.647519	-0.499257	-1.661669	 0.482164	 0.452094	-2.696156	-0.539686	 0.499845
-0.518822	-3.171434	-0.498437	-0.499202	-2.636929	-0.499302	-1.655011	 0.482164	 0.452094	-2.583820	-0.537527	 0.499845
-0.506923	-3.159625	-0.498437	-0.499203	-2.626381	-0.499325	-1.648385	 0.482164	 0.952094	-3.522709	-0.535377	 0.499845
-0.500974	-3.147426	-0.498437	-0.499203	-2.615875	-0.499337	-1.641789	 0.482164	 1.199190	-3.983231	-0.533236	 0.499845
-0.497999	-2.635055	-0.498437	-0.499203	-2.605412	-0.499342	-1.635220	 0.482164	 0.819846	-3.704604	-0.531103	 0.499845
-0.496512	-2.374625	-0.498437	-0.499203	-2.594990	-0.499345	-1.628678	 0.482164	 0.630173	-3.558438	-0.528978	 0.499845
-0.995768	-2.240181	-0.498437	-0.499203	-2.584610	-0.499347	-1.622163	 0.482164	 0.535337	-2.978531	-0.526862	 0.499845
-1.242406	-2.168748	-0.498437	-0.499203	-2.574272	-0.499347	-1.615675	 0.482164	 0.487919	-2.683780	-0.524755	 0.499845
-0.862747	-2.128836	-0.498437	 0.000797	-2.563975	-0.499348	-1.609212	 0.482164	 0.964210	-2.531627	-0.022656	 0.499845
-0.672917	-2.104703	-0.498437	 0.249796	-2.553719	-0.499348	-1.602775	 0.482164	 1.199474	-2.450791	 0.228394	 0.499845
-0.578003	-2.088475	-0.498437	 0.374295	-2.543504	-0.499348	-1.596364	 0.482164	 1.314237	-2.405633	 0.353918	 0.499845
-0.530545	-2.076217	-0.498437	 0.436544	-2.533330	-0.499348	-2.089978	 0.482164	 1.368761	-2.378333	 0.416681	 0.499845
-0.506817	-2.065959	-0.498437	 0.467669	-2.523197	-0.499348	-2.331618	 0.482164	 1.393176	-2.359982	 0.448062	 0.499845
-0.494952	-2.056720	-0.498437	-0.016768	-2.513104	 0.000652	-1.947292	 0.482164	 1.402548	-2.346122	-0.036248	 0.499845
-0.489020	-2.048005	-0.498437	-0.257985	-2.503051	 0.249651	-1.752003	 0.482164	 1.404410	-2.334528	-0.277361	 0.499845
-0.486054	-2.039569	-0.498437	 0.121407	-2.493039	-0.125850	-1.651245	 0.482164	 1.402529	-2.824085	-0.396881	 0.499845
-0.484571	-2.031288	-0.498437	 0.310101	-2.483067	-0.312598	-1.597765	 0.482164	 1.398787	-3.062236	-0.455608	 0.499845
-0.483829	-2.023102	 0.001563	 0.404448	-1.973135	-0.405971	-1.567936	 0.482164	 1.394126	-2.674711	-0.483943	 0.499845
-0.483459	-2.014979	 0.250560	 0.451622	-1.715242	-0.452658	-1.549946	 0.482164	 1.389017	-2.476374	-0.497086	 0.499845
-0.483273	-2.006904	 0.375058	 0.475209	-1.583381	-0.476002	-1.537887	 0.482164	 1.383694	-2.372650	-0.502637	 0.499845
-0.483181	-1.998869	-0.062693	 0.487002	-2.014548	-0.487673	-1.528805	 0.482164	 0.878276	-2.316250	-0.504396	 0.499845
-0.483134	-1.990869	-0.280567	 0.492899	-2.225240	-0.493509	-1.521225	 0.482164	 0.625567	-2.283530	-0.504263	 0.499845
-0.483111	-2.482904	-0.389505	 0.495847	-2.325714	-0.496427	-1.514408	 0.482164	 0.999212	-2.262668	-0.503189	 0.499845
-0.483100	-2.722971	-0.443973	 0.497321	-2.371098	-0.497886	-1.507984	 0.482164	 1.183290	-2.247754	-0.501647	 0.499845
-0.483094	-2.337079	-0.471207	 0.498058	-2.388958	 0.001384	-1.501769	 0.982164	 1.272593	-2.235831	-0.499876	 0.499845
-0.483091	-2.140231	-0.484825	 0.498427	-2.393074	 0.250018	-1.495670	 1.229200	 1.314521	-2.225422	-0.498991	 0.499845
-0.483089	-2.037920	 0.008367	 0.498611	-1.890337	 0.374335	-1.489642	 0.849765	 1.332773	-2.215787	-0.498548	 0.499845
-0.483089	-1.982893	 0.253959	 0.498703	-1.636194	 0.436494	-1.483660	 0.660048	 1.339196	-2.206558	-0.498326	 0.499845
-0.483088	-1.951524	 0.376756	 0.498750	-1.506358	 0.467573	-1.477714	 0.565189	 1.339717	-2.197548	-0.498216	 0.499845
-0.483088	-1.931999	 0.438154	 0.498773	-1.438687	 0.483113	-1.471798	 0.517760	 1.337296	-2.188666	-0.498160	 0.499845
-0.483088	-1.918411	 0.468853	 0.498784	-1.402110	 0.490882	-1.465908	 0.494045	 1.333417	-2.179866	-0.498133	 0.499845
-0.483088	-1.907808	-0.015798	 0.498790	-1.381090	 0.494767	-0.960043	 0.982188	 1.328818	-2.171123	-0.498119	 0.499845
-0.483088	-1.898712	-0.257122	 0.498793	-1.367860	 0.496710	-0.707110	 1.223318	 1.323870	-2.162428	-0.498112	 0.499845
-0.483088	-1.390385	 0.122216	 0.498794	-0.358536	 0.997681	-0.080644	 1.340955	 1.818758	-2.153772	 0.001891	 0.499845
-0.483088	-1.134457	 0.310882	 0.498795	 0.144825	 1.245169	 0.231498	 1.396856	 2.061575	-2.145154	 0.250889	 0.499845
 0.016912	-0.504736	 0.905215	 0.998795	 1.895209	 1.865928	 2.386481	 2.421901	 2.678374	 2.363428	 1.875388	 0.999845
 0.265878	-0.189876	 1.199382	 1.245798	 2.763110	 2.171334	 3.454890	 2.927529	 2.980184	 4.603975	 2.680638	 1.246845
 1.889332	 3.967555	 1.843479	 1.866314	 5.689798	 2.319084	 6.480048	 2.673477	 2.124524	 9.710559	 3.076291	 0.867358
 2.694033	 6.030020	 2.160552	 2.171598	 7.135909	 2.388025	 7.973616	 2.541613	 1.694157	 12.234217	 3.267174	 0.677614
 3.089386	 7.045067	 2.314133	 2.319286	 7.841801	 2.417581	 8.701466	 2.470861	 1.476446	 13.466531	 3.355699	 0.582742
 4.280093	 11.536471	 1.885988	 2.388196	 12.177651	 2.427465	 11.546532	 2.430684	 0.365073	 19.053289	 3.393073	-0.964694
 4.864505	 13.750117	 1.669000	 2.417737	 14.312549	 2.427533	 12.940282	 2.405815	-0.189121	 21.797389	 3.404899	-1.733388
 6.145813	 18.325012	 1.557602	 2.427613	 17.847104	 2.422711	 15.108489	 1.388619	-0.964732	 25.620356	 3.903979	-3.112730
 6.771613	 20.566660	 1.499011	 2.427676	 19.571617	 2.415465	 16.158039	 0.880021	-1.349056	 27.472952	 4.144713	-3.793417
 7.069718	 23.141868	 1.466834	 1.922852	 21.391282	 2.407025	 17.148399	 1.125722	-1.537752	 29.340599	 4.756309	-4.624813
 7.204035	 24.378037	 1.447877	 1.667604	 22.254692	 2.398008	 17.607302	 1.245829	-1.628646	 30.212007	 5.051371	-5.029598
 7.756517	 26.444894	 0.935540	 1.537155	 23.140161	 2.388721	 18.300620	 1.303151	-2.170655	 31.585543	 5.188209	-5.221122
 8.016139	 27.421298	 0.679372	 1.469117	 23.534845	 2.379319	 18.609292	 1.329091	-2.436234	 32.206394	 5.245978	-5.306059
 8.129399	 27.852705	 0.551287	 1.432296	 23.684327	 2.369878	 18.725792	 1.339351	-2.563619	 32.451164	 5.264255	-5.337745
 7.669544	 29.011840	 0.487245	 1.911095	 24.711401	 2.360437	 18.746357	 0.841782	-2.621930	 33.008158	 5.262828	-5.842849
 7.425197	 29.531066	 0.455224	 2.145714	 25.173461	 2.351014	 18.719106	 0.592997	-2.645725	 33.219524	 5.251592	-6.082706
 7.788662	 29.730578	 0.439214	 2.258263	 25.353220	 2.341620	 18.668097	 0.968605	-2.652284	 33.258345	 5.735494	-5.689989
 7.954090	 29.770474	 0.431209	 2.309796	 25.392033	 2.332258	 18.605358	 1.153720	-2.650245	 33.211162	 5.965005	-5.483035
 8.020565	 29.730802	 0.427206	 2.330840	 25.360578	 2.322932	 18.536903	 0.743600	-2.643930	 32.621242	 6.067372	-5.369007
 8.037628	 29.651583	 0.425205	 2.336658	 25.294192	 2.313641	 18.465739	 0.538540	-2.635497	 32.262220	 6.106216	-5.301482
 7.530051	 29.552829	 0.424204	 1.834882	 24.710544	 2.304387	 18.393368	 0.936010	-2.626026	 32.018902	 5.613348	-4.757252
 7.262217	 29.444544	 0.423704	 1.581328	 24.370466	 2.295170	 18.320540	 1.132078	-2.616057	 31.833692	 5.356673	-4.476711
 7.114311	 29.331729	 0.423453	 1.451896	 24.152366	 2.285989	 18.247631	 1.227456	-2.605861	 31.677790	 5.218136	-4.328048
 7.526426	 28.716883	 0.423328	 1.384534	 23.995448	 2.276845	 18.174827	 1.272499	-2.595572	 31.536795	 5.138708	-4.745358
 7.716606	 28.353256	 0.423266	 1.348219	 23.869311	 2.267738	 18.102221	 1.292386	-2.585256	 31.403506	 5.088875	-4.943688
 7.295882	 28.115464	 0.423235	 1.827438	 23.758757	 2.258667	 18.029858	 0.799705	-2.574949	 30.774321	 5.053881	-5.032569
 7.071770	 27.940812	 0.423219	 2.062434	 23.656183	 2.249632	 17.957762	 0.553364	-2.564666	 30.399438	 5.026346	-5.066766
 6.946019	 27.797954	 0.423211	 1.675337	 23.557789	 1.740634	 17.885943	 0.930194	-2.554415	 30.151948	 5.002581	-4.573663
 6.869502	 27.671215	 0.423207	 1.479212	 23.461673	 1.483671	 17.814405	 1.115994	-2.544202	 29.968394	 4.980741	-4.318950
 6.817658	 27.052756	 0.423205	 1.878584	 23.366884	 1.852737	 17.243150	 1.206291	-2.534027	 29.817047	 4.959903	-4.683465
 6.778205	 26.690658	 0.423204	 2.073714	 23.272946	 2.032826	 16.924179	 1.248846	-2.523892	 29.682042	 4.939606	-4.855627
 6.745000	 26.456952	 0.423204	 2.166741	 23.179618	 2.118444	 16.731483	 1.267541	-2.513797	 29.555446	 4.919618	-4.931652
 6.714975	 26.287653	 0.423204	 1.708735	 23.086782	 2.156846	 16.602057	 1.274316	-2.503742	 29.433290	 4.899826	-4.959649
 6.686592	 26.150766	 0.423203	 1.477230	 22.994376	 2.171656	 16.504399	 1.275141	-2.493727	 29.313590	 4.880169	-4.963673
 6.659084	 26.030295	 0.423203	 1.858987	 22.402369	 2.174688	 16.922757	 1.273002	-2.483752	 28.695352	 4.860620	-4.955749
 6.632067	 25.918240	 0.423203	 2.045383	 22.062745	 2.171849	 17.097253	 1.269391	-2.473817	 28.330079	 4.841163	-4.941892
 6.605348	 25.810600	 0.423203	 1.634118	 21.849487	 2.166091	 16.649958	 1.265054	-2.463922	 28.591512	 4.821791	-4.925107
 6.578832	 25.705374	 0.423203	 1.426040	 21.699585	 2.158891	 16.393905	 1.260363	-2.454066	 28.664523	 4.802501	-4.906898
 6.552469	 25.601561	 0.423203	 1.319565	 22.081535	 2.150988	 16.733603	 1.255507	-2.444250	 28.643554	 4.783289	-4.388016
 6.526235	 25.498659	 0.423203	 1.263901	 22.227583	 2.142750	 16.869305	 1.250578	-2.434473	 28.575824	 4.764155	-4.120837
 6.500118	 25.396416	 0.423203	 1.233653	 22.255859	 2.134363	 16.903146	 1.245622	-2.424735	 28.484943	 4.745098	-3.979540
 6.974112	 25.294707	 0.423203	 1.216122	 21.725430	 2.125917	 16.386193	 0.740662	-2.415036	 27.882714	 4.726117	-4.401215
 7.196213	 25.193466	 0.423203	 1.204959	 21.417825	 2.117459	 16.095978	 0.488183	-2.405376	 27.527039	 4.707212	-4.602406
 6.792426	 25.092661	 0.423203	 1.696990	 21.721802	 2.109012	 15.919259	 0.861943	-2.395755	 27.294858	 4.688384	-4.193395
 6.577756	 24.992275	 0.423203	 1.938628	 21.829739	 2.100587	 15.799414	 1.046351	-2.386172	 27.124643	 4.669630	-3.981321
 6.457694	 24.892298	 0.423203	 2.055086	 21.339832	 2.092191	 16.208133	 1.136094	-2.376627	 26.985626	 4.650951	-4.367745
 6.384988	 24.792725	 0.423203	 2.108972	 21.053178	 2.083825	 16.379258	 1.178514	-2.367121	 26.862425	 4.632348	-4.551449
 6.336011	 24.693552	 0.423203	 2.131589	 21.368319	 1.575491	 15.931720	 0.697282	-2.357652	 27.247345	 4.613818	-4.633830
 6.298948	 24.594777	 0.423203	 2.138589	 21.482522	 1.319190	 15.676983	 0.456666	-2.348221	 27.384541	 4.595363	-4.665589
 6.267893	 24.496397	 0.423203	 2.137798	 21.496430	 1.188913	 15.518770	 0.336358	-2.338829	 27.398096	 4.576982	-4.672073
 6.239892	 24.398411	 0.423203	 1.633129	 21.460364	 1.621658	 15.408942	 0.776204	-1.829473	 27.350050	 4.558674	-4.665958
 6.213467	 24.300818	 0.423203	 1.378537	 21.399482	 1.833921	 15.323430	 0.993695	-1.572155	 27.271423	 4.540439	-4.653581
 6.187881	 23.203614	 0.923203	 1.248993	 20.326364	 1.435961	 14.250198	 1.100018	-1.940867	 25.677723	 4.522277	-3.638110
 6.162763	 22.610800	 1.170357	 1.181983	 19.751298	 1.234904	 13.687228	 1.150767	-2.120603	 24.832706	 4.504188	-3.125129
 5.637929	 21.270357	 0.791099	 1.146247	 18.925413	 1.632308	 12.879495	 1.173738	-1.705871	 22.862222	 4.486171	-1.863415
 5.365286	 20.560275	 0.601470	 1.126159	 18.476271	 1.826951	 12.451484	 1.182830	-1.495922	 21.835196	 4.468227	-1.231354
 5.218779	 17.165534	 1.006655	 1.113902	 16.215646	 1.420229	 11.213432	 1.184993	-0.888376	 17.780067	 3.950354	-0.414125
 5.135381	 15.440622	 1.206424	 1.105571	 15.057423	 1.214841	 10.574456	 1.183700	-0.584603	 15.725053	 3.684552	-0.005511
 5.083578	 14.550734	 1.303496	 1.099210	 14.450514	 1.110128	 10.235096	 1.180688	-0.432717	 14.670205	 3.544814	 0.198797
 4.547613	 11.578469	 1.349231	 0.593845	 10.119372	 1.055761	 8.045625	 1.176827	 0.143227	 10.615551	 2.968135	 0.800950
 4.271607	 10.075124	 1.369309	 0.341162	 7.942224	 1.026575	 6.939177	 1.172551	 0.429760	 8.575102	 2.675012	 1.099221
 2.625613	 5.806308	 1.376569	 0.714820	 4.342120	 1.009987	 3.374288	 1.168076	 0.571594	 0.541808	 1.023687	 1.245561
 1.800657	 3.668825	 1.377431	 0.899472	 2.540584	 0.999706	 1.591843	 1.163511	 0.641084	-3.459856	 0.199280	 1.315948
 0.386227	-1.402979	 0.875106	 0.489630	-1.361662	 0.492587	-1.299379	 0.658911	 0.674408	-5.945765	-0.711673	 1.348368
-0.318931	-3.925932	 0.623943	 0.284709	-3.302257	 0.239027	-2.736609	 0.406611	 0.689655	-7.171856	-1.163905	 1.361817
-1.169462	-6.174511	-0.001639	-0.317751	-5.262069	 0.112247	-3.946877	-0.219539	 0.695868	-8.268106	-1.386788	 1.365791
-1.590688	-7.281954	-0.313175	-0.617141	-6.227531	 0.048857	-4.541696	-0.530923	 0.697571	-8.797502	-1.495011	 1.365038
-1.797277	-7.818896	-0.467693	-0.765003	-6.695876	 0.017162	-4.828833	-0.684930	 0.697023	-9.043546	-1.545915	 1.361933
-1.896564	-8.570656	-0.543708	-0.837108	-7.415720	 0.001315	-4.962169	-0.260256	 0.695357	-9.147989	-1.568174	 1.357663
-1.942215	-8.927891	-0.580476	-0.871342	-7.759371	-0.006609	-5.018646	-0.047918	 0.693136	-9.181705	-1.576123	 1.352821
-1.961065	-8.587938	-0.097626	-0.886648	-7.414991	-0.010571	-5.536734	-0.441750	 0.190644	-9.680133	-2.076929	 0.847704
-1.966531	-8.401466	 0.143799	-0.892497	-7.228659	-0.012552	-5.783669	-0.636994	-0.060602	-9.908990	-2.322176	 0.595146
-1.965319	-8.791800	-0.235488	-0.893625	-7.621409	-0.513542	-5.895075	-0.732952	 0.313775	-10.003142	-1.939665	 0.468867
-1.960785	-8.968602	-0.423902	-0.892399	-7.801755	-0.762008	-5.938765	-0.779273	 0.499587	-10.030024	-1.745295	 0.405727
-1.954606	-9.038713	-0.516885	-0.890004	-7.875964	-0.884220	-5.948645	-0.800783	 0.591122	-10.023351	-2.145009	 0.374157
-1.947619	-9.055551	-0.562156	-0.887032	-7.897168	-0.943314	-5.941668	-0.809893	 0.635525	-9.999981	-2.339776	 0.358372
-1.940245	-9.045825	-0.583577	-0.883777	-7.891934	-0.970855	-5.926310	-0.812810	 0.656366	-9.968343	-2.432090	 0.350480
-1.932692	-9.022889	-0.593077	-1.380389	-7.873543	-1.482630	-5.906810	-0.812637	 0.665432	-9.932650	-2.473199	 0.346534
-1.925065	-8.993422	-0.596623	-1.624941	-7.848637	-1.734528	-5.885284	-0.810926	 0.668616	-9.895010	-2.488724	 0.344560
-1.917417	-8.960760	-0.597195	-1.243478	-7.820537	-1.356504	-5.862794	-0.808451	 0.168865	-9.856475	-2.491479	 0.343574
-1.909773	-8.926573	-0.596285	-1.051022	-7.790902	-1.165535	-5.839869	-0.805602	-0.081011	-9.817572	-2.487867	 0.343081
-2.402147	-8.891695	-0.594640	-0.953077	-7.760562	-1.068102	-5.816772	-0.802572	-0.205949	-9.778563	-2.481093	 0.842834
-2.642545	-8.856542	-0.592631	-0.902394	-7.729932	-1.017444	-5.793636	-0.799458	-0.268418	-9.739580	-2.472757	 1.090025
-2.756978	-8.821323	-0.590445	-0.875350	-7.699218	-0.990181	-5.770528	-1.296309	 0.200348	-9.700687	-2.463661	 0.710947
-2.808452	-8.786141	-0.588176	-0.860131	-7.668524	-0.974624	-5.747478	-1.541147	 0.433392	-9.661917	-2.454203	 0.521407
-2.828469	-8.751048	-0.585870	-0.850831	-7.637901	-0.964927	-5.724505	-1.659995	 0.548582	-9.623285	-2.444585	 0.426638
-2.832780	-8.716070	-1.083549	-1.344499	-7.607375	-0.958168	-5.701615	-1.215861	 0.604849	-9.584800	-2.434906	 0.379253
-2.829262	-8.681219	-1.329227	-1.587656	-7.576959	-0.952886	-5.678813	-0.992250	 0.631660	-9.546465	-2.425216	 0.355561
-2.821851	-8.146500	-0.948916	-1.205573	-7.546657	-0.948350	-5.656099	-0.878908	 0.143749	-9.508281	-2.415540	 0.343714
-2.812517	-7.863918	-0.757623	-1.012884	-7.516474	-0.944194	-5.633476	-0.820705	-0.100207	-9.470249	-2.405890	 0.337791
-2.802243	-7.707463	-0.660844	-0.914900	-7.486410	-0.940236	-5.610943	-0.790079	 0.277815	-9.432369	-2.396273	 0.834830
-2.791523	-7.614134	-0.611326	-0.864274	-7.456465	-0.936384	-5.588499	-0.773247	 0.465515	-9.394639	-2.386691	 1.080685
-2.780601	-7.552428	-0.585444	-0.837333	-7.426639	-0.932594	-5.566145	-0.763318	 0.558058	-9.357061	-2.377146	 1.200960
-2.769600	-7.506594	-0.571383	-0.822242	-7.396933	-0.928841	-5.543881	-0.756847	 0.603029	-9.319633	-2.367638	 1.258455
-2.758583	-7.468755	-0.563238	-0.813082	-7.367345	-0.925114	-5.521705	-0.752111	 0.624218	-9.282354	-2.358168	 1.284570
-2.747579	-7.934974	-0.558056	-0.806895	-7.337876	-0.921408	-5.499618	-0.748248	 0.633522	-9.245225	-2.348735	 0.795007
-2.736604	-8.151281	-0.554359	-0.802199	-7.308525	-0.917719	-5.477620	-0.744828	 0.636888	-9.208244	-2.339340	 0.550225
-2.725665	-8.242699	-0.551409	-0.798257	-7.279290	-0.914047	-5.455710	-0.741635	 0.637290	-9.171411	-2.329983	 0.427834
-2.714766	-8.271740	-0.548837	-0.794697	-7.250173	-0.910390	-5.433887	-0.738561	 0.636216	-9.134725	-2.320663	 0.366638
-2.703909	-7.769659	-1.046459	-0.791335	-7.221173	-0.906748	-5.412151	-0.735554	 0.634409	-9.098187	-1.811380	 0.836041
-2.693095	-7.504083	-1.292181	-0.788078	-7.192288	-0.903121	-5.390503	-0.732585	 0.632240	-9.061794	-1.554135	 1.068131
-2.682323	-7.356818	-0.911967	-0.784879	-7.163519	-0.899508	-5.368941	-0.729641	 0.629896	-9.025547	-1.422918	 1.181576
-2.671594	-7.268767	-0.720796	-0.781717	-7.134865	-0.895910	-5.347465	-0.726716	 0.627468	-8.989444	-1.354727	 1.235708
-2.660907	-7.210380	-0.624151	-0.778579	-7.106325	-0.892327	-5.326075	-0.723806	 0.625004	-8.953487	-1.318058	 1.260194
-2.650264	-7.666882	-0.574774	-0.775459	-7.077900	-0.888757	-5.304771	-0.720909	 0.622528	-8.917673	-1.297161	 1.269868
-2.639663	-7.878887	-0.549035	-0.772354	-7.049588	-0.885202	-5.283552	-0.718024	 0.620049	-8.882002	-1.284159	 1.272146
-2.629104	-7.468707	-0.535118	-0.769263	-7.021390	-0.881662	-5.262417	-0.715152	 0.617574	-8.846474	-1.775117	 1.270736
-2.618588	-7.249500	-0.527118	-0.766185	-6.993304	-0.878135	-5.241368	-0.712291	 0.615107	-8.811088	-2.016063	 1.267493
-2.608113	-8.125836	-1.022079	-1.263120	-6.965331	-0.874622	-5.220402	-0.709442	 0.612648	-8.775844	-2.132022	 0.763342
-2.597681	-8.546000	-1.266526	-1.508067	-6.937470	-0.871124	-5.199521	-0.706604	 0.610198	-8.740740	-2.185506	 0.511267
-2.587290	-8.238149	-0.885727	-1.127035	-6.909720	-0.867639	-5.178722	-0.703778	 0.607758	-8.705777	-2.207770	 0.385230
-2.576941	-8.068363	-0.694318	-0.935027	-6.882081	-0.864169	-5.158008	-0.700962	 0.605327	-8.670954	-2.214442	 0.322211
-2.566633	-7.467673	-0.597608	-0.837537	-6.854553	-0.860712	-5.137376	-0.698159	 0.602906	-8.636270	-2.213335	 0.790701
-2.556367	-7.153594	-0.548251	-0.787312	-6.827135	-0.857269	-5.116826	-0.695366	 0.600494	-8.601725	-2.208358	 1.022428
-2.546141	-6.982876	-0.523572	-0.760725	-6.799826	-0.853840	-5.096359	-0.692584	 0.598092	-8.567319	-2.201462	 1.135783
-2.535957	-7.383892	-0.511233	-0.745963	-6.772627	-0.850425	-5.075973	-0.689814	 0.595700	-8.533049	-2.193625	 1.189963
-2.525813	-7.568831	-0.505063	-0.737120	-6.745536	-0.847023	-5.055669	-0.687055	 0.593317	-8.498917	-2.185335	 1.214564
-2.515710	-7.645792	-0.501979	-0.731242	-6.718554	-0.843635	-5.035447	-0.684307	 0.590944	-8.464921	-2.176836	 1.224386
-2.505647	-7.668828	-0.500436	-0.726852	-6.691680	-0.840261	-5.015305	-0.681569	 0.588580	-8.431062	-2.168250	 1.226829
-2.495624	-7.164962	-0.499665	-0.723212	-6.664913	-0.836900	-4.995244	-0.678843	 0.586226	-8.397337	-1.659637	 1.225592
-2.485642	-6.899706	-0.499279	-0.719953	-6.638253	-0.833552	-4.975263	-0.676128	 0.583881	-8.363748	-1.403029	 1.222525
-2.475699	-7.253810	-0.499087	-0.716890	-6.611700	-0.830218	-4.955362	-0.673423	 0.581545	-8.330293	-1.272432	 1.218552
-2.465796	-7.415646	-0.498990	-0.713931	-6.585254	-0.826897	-4.935540	-0.670730	 0.579219	-8.296972	-1.204850	 1.214137
-2.455933	-7.481409	-0.498942	-0.711030	-6.558913	-0.823589	-4.915798	-0.668047	 0.576902	-8.263784	-1.168784	 1.209510
-1.946109	-7.499196	-0.498918	-0.708163	-6.532677	-0.820295	-4.896135	-0.665374	 0.574595	-7.730729	-1.648486	 1.204786
-1.688325	-7.493055	-0.498906	-0.705318	-6.506546	-0.817014	-4.876550	-0.662713	 0.572296	-7.449806	-1.884081	 1.200024
-1.556572	-6.975011	-0.498900	-0.702491	-6.480520	-0.813746	-4.857044	-0.660062	 0.570007	-7.795007	-1.997638	 1.195253
-1.487845	-6.703075	-0.498897	-0.699679	-6.454598	-0.810491	-4.837616	-0.657422	 0.567727	-7.951327	-2.050195	 1.190486
-1.950644	-7.054245	-0.498895	-1.196879	-6.428780	-0.807249	-4.818266	-0.654792	 0.565456	-8.013271	-1.572268	 0.685732
-2.177216	-7.215019	-0.498894	-1.442090	-6.403064	-0.804020	-4.798992	-0.652173	 0.563194	-8.028093	-1.331115	 0.433354
-2.285695	-6.780655	-0.498894	-1.061322	-6.377452	-0.800804	-4.779797	-0.649564	 0.560941	-8.019418	-1.708359	 0.807166
-2.335146	-6.550780	-0.498894	-0.869576	-6.351942	-0.797600	-4.760677	-0.646966	 0.558698	-7.999060	-1.892810	 0.991709
-2.355102	-6.423201	-0.498894	-0.772348	-6.326535	-0.794410	-4.741635	-0.644378	 0.556463	-7.972923	-1.980881	 1.081629
-2.360330	-6.346820	-0.498894	-0.722383	-6.301229	-0.791232	-4.722668	-0.641801	 0.554237	-7.443961	-2.020779	 1.124245
-2.358213	-6.296088	-0.498894	-0.696056	-6.276024	-0.788067	-4.703777	-0.639233	 0.552020	-7.165650	-2.036606	 1.143220
-2.352443	-6.258232	-0.498894	-0.681553	-6.250920	-0.784915	-4.684962	-0.636677	 0.549812	-7.512719	-1.540415	 1.150383
-2.344864	-6.226863	-0.498894	-0.672968	-6.225916	-0.781776	-4.666222	-0.634130	 0.547613	-7.670535	-1.290231	 1.151649
-2.336400	-6.198788	-0.498894	-0.667346	-6.201012	-0.778648	-4.647558	-0.631593	 0.545422	-7.733786	-1.163059	 1.149976
-2.327512	-6.172409	-0.498894	-0.663212	-6.176208	-0.775534	-4.628967	-0.629067	 0.543241	-7.749817	-1.097401	 1.146843
-2.318431	-6.146927	-0.498894	-0.659827	-5.651503	-0.772432	-4.610451	-0.626551	 0.541068	-7.742301	-1.062508	 1.142989
-2.309272	-6.121943	-0.498894	-0.656821	-5.378897	-0.769342	-4.592010	-0.624044	 0.538903	-7.723074	-1.043007	 1.138784
-2.300092	-6.097257	-0.498894	-0.654011	-5.232382	-0.766265	-4.573642	-0.621548	 0.536748	-7.698052	-1.031209	 1.134412
-2.290920	-6.072769	-0.498894	-0.651303	-5.648952	-0.763200	-4.555347	-0.619062	 0.534601	-7.670195	-1.023272	 1.129967
-2.281771	-6.048429	-0.498894	-0.648652	-5.845106	-0.760147	-4.537126	-0.616586	 0.532462	-7.640982	-1.017272	 1.125492
-2.272651	-6.524210	-0.498894	-0.646035	-5.931101	-0.757106	-4.518977	-0.614120	 0.530333	-7.611152	-1.012250	 1.121013
-2.263564	-6.748101	-0.498894	-0.643439	-5.962064	-0.754078	-4.500901	-0.611663	 0.528211	-7.581075	-1.007724	 1.116541
-2.254511	-6.346103	-0.498894	-0.640860	-5.465560	-0.751061	-4.482898	-0.609216	 0.526098	-7.050934	-1.003455	 1.112080
-2.245494	-6.133215	-0.498894	-0.638293	-5.207369	-0.748057	-4.464966	-0.606780	 0.523994	-6.772822	-0.999322	 1.107635
-2.236513	-6.014931	-0.498894	-0.635739	-5.568376	-0.745065	-4.447106	-0.604352	 0.521898	-6.620776	-0.995265	 1.103206
-2.227567	-5.943995	-0.498894	-0.633195	-5.737020	-0.742085	-4.429318	-0.601935	 0.519810	-6.531816	-0.991254	 1.098794
-2.218657	-5.896781	-0.498894	-0.630662	-5.809531	-0.739116	-4.411600	-0.599527	 0.517731	-6.474450	-0.987274	 1.094399
-2.209782	-5.861475	-0.498894	-0.628139	-5.834022	-0.736160	-4.393954	-0.597129	 0.515660	-6.432933	-0.983318	 1.090022
-2.200943	-5.832170	-0.498894	-0.625626	-5.834551	-0.733215	-4.376378	-0.594741	 0.513598	-6.399392	-0.979381	 1.085662
-2.192139	-5.805911	-0.498894	-0.623124	-5.823145	-0.730282	-4.358873	-0.592362	 0.511543	-6.869889	-0.975461	 1.081319
-2.183371	-5.781223	-0.498894	-0.620631	-5.805819	-0.727361	-4.341437	-0.589992	 0.509497	-7.090458	-0.971559	 1.076994
-2.174637	-5.757366	-0.498894	-0.618149	-5.785579	-0.724452	-4.324072	-0.587632	 0.507459	-6.686119	-0.967672	 1.072686
-2.165939	-5.733970	-0.498894	-0.615676	-5.763928	-0.721554	-4.306775	-0.585282	 0.505429	-6.471387	-0.963801	 1.068395
-2.157275	-5.710851	-0.498894	-0.613213	-5.741618	-0.718668	-4.289548	-0.582941	 0.503408	-6.851507	-0.959946	 1.064121
-2.148646	-5.687916	-0.498894	-0.610761	-5.719024	-0.715793	-4.272390	-0.580609	 0.501394	-7.027104	-0.956106	 1.059865
-2.140051	-5.665118	-0.498894	-0.608318	-5.696335	-0.712930	-4.255300	-0.578286	 0.500387	-7.100497	-0.952281	 1.055625
-2.131491	-6.142435	-0.498894	-0.605884	-5.673643	-0.710078	-4.238279	-0.575973	 0.499884	-6.622846	-0.948472	 1.051403
-2.122965	-6.367854	-0.498894	-0.603461	-5.650995	-0.707238	-4.221326	-0.573669	 0.499632	-6.371730	-0.944678	 1.047197
-2.114473	-5.967377	-0.998894	-0.601047	-5.628414	-0.704409	-4.204441	-0.571375	 0.499506	-6.733931	-0.940900	 1.043009
-2.106015	-5.756004	-1.245896	-0.598643	-5.605912	-0.701591	-4.187623	-0.569089	 0.499443	-6.900839	-0.937136	 1.038837
-2.097591	-5.639229	-1.366411	-0.596248	-5.583494	-0.698785	-4.170872	-0.566813	 0.499412	-6.970158	-0.933388	 1.034681
-2.089201	-5.569796	-1.423695	-0.593863	-5.561163	-0.695990	-4.154189	-0.564546	 0.499396	-6.990738	-0.929654	 1.030542
-2.080844	-5.524079	-1.449375	-0.591488	-5.538920	-0.693206	-4.137572	-0.562287	 0.499388	-6.487005	-0.925935	 1.026420
-2.072521	-5.490264	-1.459265	-0.589122	-5.516765	-0.690433	-4.121022	-0.560038	 0.499384	-6.223173	-0.922232	 1.022315
-2.064230	-5.462444	-1.461271	-0.586765	-5.494698	-0.687671	-4.104538	-0.557798	 0.499382	-6.079338	-0.918543	 1.018225
-2.055974	-5.437664	-0.959348	-0.584418	-4.972720	-0.684921	-4.088120	-0.555567	 0.499381	-6.495549	-0.914869	 1.014152
-2.047750	-5.414448	-0.708387	-0.582081	-4.702829	-0.682181	-4.071767	-0.553345	 0.499381	-6.689831	-0.911209	 1.010096
-2.039559	-5.392058	-1.082906	-0.579752	-4.559017	-0.679452	-4.055480	-0.551131	 0.499380	-6.773204	-0.907564	 1.006055
-2.031400	-5.370124	-1.267251	-0.577433	-4.478281	-0.676734	-4.039258	-0.548927	 0.499380	-6.801177	-0.903934	 1.002031
-2.023275	-5.348460	-0.856520	-0.575123	-4.929118	-0.674027	-4.023101	-0.546731	 0.499380	-6.301506	-0.900318	 0.998023
-2.015182	-5.326975	-0.651154	-0.572823	-5.143777	-0.671331	-4.007009	-0.544544	 0.499380	-6.040066	-0.896717	 0.994031
-2.007121	-5.305621	-1.048472	-0.570532	-5.240389	-0.668646	-3.990981	-0.542366	 0.499380	-5.897789	-0.893130	 0.990055
-1.999093	-5.284376	-1.244239	-0.568250	-5.278021	-0.665971	-3.975017	-0.540196	 0.499380	-5.815140	-0.889558	 0.986095
-1.991096	-5.263227	-1.339242	-0.565977	-5.286206	-0.663308	-3.959117	-0.538036	 0.499380	-5.762350	-0.885999	 0.982150
-1.983132	-5.242168	-0.883875	-0.563713	-5.279710	-0.660654	-3.943280	-0.535884	 0.499380	-5.724536	-0.882455	 0.978222
-1.975199	-5.221197	-0.656192	-0.561458	-5.265915	-0.658012	-3.927507	-0.533740	 0.499380	-5.694255	-0.878926	 0.974309
-1.967298	-5.200310	-1.042350	-0.559212	-5.248514	-0.655380	-3.911797	-0.031605	 0.499380	-5.667787	-0.875410	 0.970412
-1.959429	-5.179508	-1.232573	-0.556975	-5.229351	-0.652758	-3.896150	 0.219462	 0.499380	-5.643271	-0.871908	 0.966530
-1.951592	-5.158790	-0.824838	-0.554747	-5.209349	-0.650147	-3.880565	-0.155004	 0.499380	-6.119775	-0.868421	 0.962664
-1.943785	-5.138155	-0.620971	-0.552528	-5.188969	-0.647547	-3.865043	-0.341178	 0.499380	-6.344834	-0.864947	 0.958813
-1.936010	-5.117602	-1.019037	-0.550318	-5.168442	-0.644956	-3.849583	-0.433210	 0.499380	-5.944224	-0.861487	 0.954978
-1.928266	-5.097132	-1.215236	-0.548117	-5.147883	-0.642377	-3.834185	-0.478176	 0.499380	-5.732832	-0.858041	 0.951158
-1.920553	-5.076743	-1.310513	-0.545924	-5.127349	-0.639807	-3.818848	-0.499613	 0.499380	-5.616093	-0.854609	 0.947353
-1.912871	-5.056436	-1.355339	-0.543741	-5.106868	-1.137248	-3.803572	-0.509289	 0.499380	-5.546725	-0.851191	 0.943564
-1.905219	-5.036210	-1.374953	-0.541566	-5.086455	-1.382699	-3.788358	-0.513089	 0.499380	-5.501086	-0.847786	 0.939790
-1.897598	-5.516065	-0.881970	-0.539399	-5.066116	-1.002168	-3.773205	-0.513955	 0.499380	-5.467356	-0.844395	 0.936031
-1.890008	-5.744001	-0.635479	-0.537242	-5.045855	-0.810659	-3.758112	-0.513359	 0.499380	-5.439623	-0.841017	 0.932286
-1.882448	-5.346025	-0.512233	-0.535093	-5.025673	-0.713667	-3.743079	-0.512035	 0.499380	-5.414933	-0.837653	 0.928557
-1.874918	-5.137141	-0.450610	-0.532952	-5.005572	-0.663937	-3.728107	-0.510352	 0.499380	-5.391808	-0.834302	 0.924843
-1.867418	-5.022843	-0.419799	-0.530821	-4.485550	-0.637844	-3.713195	-0.508493	 0.499380	-5.369508	-0.830965	 0.921144
-1.859949	-4.955876	-0.404393	-0.528697	-4.217608	-0.623574	-3.698342	-0.506550	 0.499380	-5.347663	-0.827641	 0.917459
-1.852509	-4.912615	-0.396690	-0.526583	-4.075737	-0.615220	-3.683549	-0.504569	 0.499380	-5.326089	-0.824331	 0.913789
-1.845099	-4.881246	-0.392839	-0.524476	-4.496935	-0.609829	-3.668814	-0.502574	 0.499380	-5.304693	-0.821033	 0.910134
-1.837719	-4.855862	-0.390913	-0.522378	-4.697697	-0.605925	-3.654139	-0.500575	 0.499380	-5.283429	-0.817749	 0.906494
-1.830368	-4.833508	-0.389950	-0.520289	-4.288281	-0.602769	-3.639523	-0.499576	 0.499380	-5.262272	-0.814478	 0.902868
-1.823046	-4.812710	-0.389469	-0.518208	-4.075815	-0.599992	-3.624964	-0.499076	 0.499380	-5.241212	-0.811220	 0.899256
-1.815754	-4.792726	-0.889228	-0.516135	-4.461856	-0.597409	-3.610465	-0.498826	 0.499380	-5.220241	-0.807975	 0.895659
-1.808491	-4.773189	-1.136330	-0.514070	-4.645180	-0.594928	-3.596023	-0.498701	 0.499380	-5.199357	-0.804744	 0.892076
-1.801257	-4.753913	-0.757114	-0.512014	-4.727186	-0.592502	-3.581639	 0.001361	 0.499380	-5.178558	-0.801525	 0.888508
-1.794052	-4.734806	-0.567506	-0.509966	-4.758570	-0.590109	-3.567312	 0.250390	 0.499380	-5.157843	-0.798319	 0.884954
-1.786876	-4.715821	-0.472702	-0.507926	-4.764682	-0.587737	-3.553043	 0.374904	 0.499380	-5.137212	-0.795125	 0.881414
-1.279728	-4.696935	-0.425300	-0.505894	-4.758197	-0.585381	-3.538831	-0.062839	 0.499380	-5.616663	-0.791945	 0.877889
-1.024609	-4.678136	-0.401599	-0.503871	-4.745450	-0.583036	-3.524675	-0.280709	 0.499380	-5.844196	-0.788777	 0.874377
-1.395511	-5.159417	-0.889748	-0.501855	-4.729612	-0.580703	-3.510577	 0.110356	 0.499380	-5.445819	-0.785622	 0.870880
-1.577429	-5.388777	-1.131067	-0.500848	-4.712265	-0.578379	-3.496534	 0.304885	 0.499380	-5.236536	-0.782479	 0.867396
-1.664869	-4.992220	-0.748982	-0.500344	-4.694202	-0.576065	-3.482548	-0.097850	 0.499380	-5.121840	-0.779349	 0.863926
-1.705085	-4.784751	-0.557939	-0.500092	-4.675818	-0.573761	-3.468618	-0.298216	 0.499380	-5.054477	-0.776232	 0.860471
-1.721702	-4.671861	-0.962418	-0.499966	-4.157311	-0.571466	-3.454744	-0.398400	 0.499380	-5.010822	-0.773127	 0.857029
-1.726534	-4.606299	-1.161923	-0.499903	-3.890780	-0.569180	-3.440925	-0.448491	 0.499380	-4.979060	-0.770035	 0.853601
-1.725487	-4.564436	-1.258953	-0.499871	-3.750266	-0.566903	-3.427161	-0.473537	 0.499380	-4.953284	-0.766954	 0.850186
-1.721515	-4.534460	-0.804756	-0.499856	-4.172790	-0.564635	-3.413452	-0.486060	 0.499380	-4.930541	-0.763887	 0.846786
-1.716094	-4.510462	-0.577658	-0.499848	-4.374861	-0.562377	-3.399798	-0.492321	 0.499380	-4.909354	-0.760831	 0.843398
-1.709962	-4.489491	-0.464109	-0.499844	-3.966742	-0.560127	-3.386199	 0.004548	 0.499380	-5.388985	-0.757788	 0.340025
-1.703488	-4.470068	-0.407334	-0.499842	-3.755566	-0.557887	-3.372654	 0.251980	 0.499380	-5.617062	-0.754757	 0.088338
-1.696857	-4.451455	-0.378947	-0.499841	-3.642889	-0.555655	-3.359164	-0.124304	 0.499380	-5.219411	-0.751738	 0.462495
-1.690161	-4.433283	-0.364753	-0.499840	-3.579490	-0.553433	-3.345727	-0.311445	 0.499380	-5.010942	-0.748731	 0.647900
-1.683446	-4.415367	-0.357656	-0.499840	-3.540759	-0.551219	-3.332344	 0.094984	 0.499380	-5.397102	-0.745736	 0.738936
-1.676736	-4.397614	-0.354108	-0.499840	-3.514389	-0.549014	-3.319015	 0.297196	 0.499380	-5.578616	-0.742753	 0.782794
-1.670040	-4.379978	-0.352333	-0.499840	-3.994228	-0.546818	-3.305739	 0.398302	 0.499380	-5.157853	-0.739782	 0.803069
-1.663366	-4.362435	-0.351446	-0.499840	-4.225199	-0.544631	-3.292516	 0.448855	 0.499380	-4.937997	-0.736823	 0.811560
-1.656715	-4.344974	-0.351003	-0.499840	-4.331772	-0.542452	-3.279346	 0.474132	 0.499380	-4.818632	-0.733875	 0.814166
-1.650090	-4.327588	-0.350781	-0.499840	-4.376182	-0.540282	-3.266228	-0.013230	 0.499380	-4.749552	-0.730940	 0.813835
-1.643490	-4.310275	-0.350670	-0.499840	-4.389546	-0.538121	-3.253164	-0.255910	 0.499380	-4.705651	-0.728016	 0.812043
-1.636916	-4.293032	-0.350615	-0.499840	-4.387422	-0.535969	-3.240151	-0.377250	 0.499380	-5.174376	-0.725104	 0.809526
-1.630369	-4.275860	-0.350587	-0.499840	-4.377590	-0.533825	-3.227190	-0.437920	 0.499380	-5.397453	-0.722204	 0.806654
-1.623847	-4.258756	-0.350573	-0.499840	-3.863938	-0.531690	-3.214282	-0.468254	 0.499380	-4.997750	-0.719315	 0.803610
-1.617352	-4.241721	-0.350566	-0.499840	-3.600411	-0.529563	-3.201424	-0.483422	 0.499380	-4.788703	-0.716438	 0.800487
-1.610883	-4.224754	-0.350563	-0.499840	-3.961974	-0.527445	-3.188619	-0.491006	 0.499380	-4.675020	-0.713572	 0.797331
-1.604439	-4.207854	-0.350561	-0.499840	-4.134109	-0.525335	-3.175864	-0.494798	 0.499380	-4.609056	-0.710718	 0.794164
-1.598021	-4.191023	-0.350560	-0.499840	-4.211564	-0.523234	-3.163161	-0.496694	 0.499380	-4.566987	-0.707875	 0.790999
-1.591629	-4.174259	-0.350560	-0.499840	-3.741713	-0.521141	-3.150508	-0.497641	 0.499380	-4.536904	-0.705043	 0.787841
-1.585263	-4.157562	-0.350559	-0.499840	-3.500244	-0.519056	-3.137906	-0.498115	 0.499380	-4.512848	-0.702223	 0.784692
-1.578922	-4.140932	-0.850559	-0.499840	-3.372992	-0.516980	-3.125354	 0.001648	 0.499380	-4.491842	-0.699414	 0.781555
-1.572606	-4.124368	-1.097858	-0.499840	-3.302874	-0.514912	-3.112853	 0.250526	 0.499380	-4.472398	-0.696616	 0.778429
-1.566316	-4.107870	-0.718817	-0.499840	-3.261350	-0.512852	-3.100402	 0.374966	 0.499380	-4.453770	-0.693830	 0.775316
-1.560050	-4.091439	-0.529297	-0.499840	-3.234148	-0.510801	-3.088000	 0.437185	 0.499380	-4.435586	-0.691055	 0.772215
-1.553810	-4.075073	-0.934537	-0.499840	-3.214133	-0.508758	-3.075648	-0.031705	 0.499380	-4.417659	-0.688290	 0.769126
-1.547595	-4.058773	-1.134477	-0.499840	-3.197738	-0.506723	-3.063345	-0.265149	 0.499380	-4.399896	-0.685537	 0.766050
-1.541405	-4.042538	-1.231778	-0.499840	-3.183177	-0.504696	-3.051092	-0.381871	 0.499380	-4.382250	-0.682795	 0.762985
-1.535239	-4.026368	-0.777771	-0.499840	-3.169560	-0.502677	-3.038888	-0.440232	 0.499380	-4.364698	-0.680064	 0.759934
-1.529098	-4.010262	-0.550767	-0.499840	-3.156439	-0.500666	-3.026732	-0.469412	 0.499380	-4.347228	-0.677344	 0.756894
-1.522982	-3.994221	-0.437265	-0.499840	-3.643592	-0.499661	-2.514625	-0.484002	 0.499380	-4.329833	-0.674634	 0.753866
-1.516890	-3.978244	-0.380514	-0.499840	-3.878907	-0.499158	-2.254567	-0.491298	 0.499380	-4.312511	-0.671936	 0.750851
-1.510822	-4.462331	-0.852139	-0.499840	-3.488336	-0.498907	-2.620548	-0.494945	 0.499380	-4.295259	-0.669248	 0.747847
-1.504779	-4.694482	-1.085304	-0.499840	-3.286855	-0.498781	-2.797566	-0.496769	 0.499380	-4.278077	-0.666571	 0.744856
-0.998760	-4.300704	-0.699249	-0.499840	-3.179944	-0.498718	-2.880126	 0.002319	 0.499380	-4.260965	-0.663905	 0.741877
-0.745750	-4.096001	-0.506222	-0.499840	-3.120342	-0.498687	-2.915480	 0.250860	 0.499380	-4.243921	-0.661249	 0.738909
-0.619245	-3.985867	-0.409708	-0.499840	-3.084420	-0.498671	-2.927256	 0.375131	 0.499380	-4.226945	-0.658604	 0.735953
-1.055993	-3.923049	-0.861451	-0.499840	-3.060362	-0.498663	-2.927266	 0.437266	 0.499380	-4.210037	-0.655970	 0.733010
-1.271381	-3.883919	-1.084696	-0.499840	-3.042260	-0.498659	-2.921416	 0.468334	 0.499380	-4.193197	-0.653346	 0.730078
-1.376102	-3.856665	-0.693703	-0.499840	-3.027161	-0.498657	-2.912660	 0.483868	 0.499380	-4.176424	-0.650732	 0.727157
-1.425501	-3.835379	-0.498206	-0.499840	-3.013587	-0.498656	-2.902474	 0.491635	 0.499380	-4.159718	-0.648130	 0.724249
-1.447250	-3.817107	-0.900458	-0.499840	-3.500801	-0.498656	-2.891597	-0.004482	 0.499380	-4.143080	-0.645537	 0.721352
-1.455187	-3.800374	-1.098979	-0.499840	-3.736431	-0.498656	-2.880397	-0.251539	 0.499380	-4.126507	-0.642955	 0.718466
-1.456229	-3.784440	-0.695644	-0.499840	-3.346302	-0.498656	-2.869058	 0.124933	 0.499380	-4.110001	-0.640383	 0.715592
-1.453836	-3.768936	-0.493976	-0.499840	-3.145325	-0.498656	-2.857673	 0.312166	 0.499380	-4.093561	-0.637821	 0.712730
-1.449736	-3.753677	-0.393143	-0.499840	-3.038948	-0.498656	-2.846289	 0.405782	 0.499380	-4.077187	-0.635270	 0.709879
-1.444795	-3.738571	-0.842726	-0.499840	-2.979895	-0.498656	-2.834926	 0.452590	 0.499380	-4.060878	-0.632729	 0.707040
-1.439445	-3.723571	-1.064933	-0.499840	-2.944526	-0.498655	-2.823598	 0.475994	 0.499380	-4.044635	-0.630198	 0.704211
-1.433901	-3.708654	-1.173462	-0.499840	-3.421024	-0.498655	-2.812309	-0.012304	 0.499380	-4.028456	-0.627677	 0.201395
-1.428273	-3.693808	-1.225163	-0.499840	-3.651477	-0.498655	-2.801063	-0.255451	 0.499380	-4.012342	-0.625167	-0.050014
-0.922613	-3.679027	-0.748459	-0.499840	-3.258940	-0.498655	-2.789860	-0.377025	 0.499380	-3.996293	-0.622666	 0.324282
-0.669784	-3.664308	-0.510107	-0.499840	-3.056939	-0.498655	-2.778701	-0.437812	 0.499380	-3.980308	-0.620175	 0.510033
-1.043369	-3.649649	-0.390932	-0.499840	-2.950228	-0.498655	-2.267587	 0.031794	 0.499380	-3.964387	-0.617695	 0.601516
-1.227328	-3.635050	-0.331344	-0.499840	-2.891186	-0.498655	-2.008517	 0.265595	 0.499380	-3.948529	-0.615224	 0.645872
-1.316484	-3.620509	-0.301550	-0.499840	-2.856001	-0.498655	-1.875483	 0.382495	 0.499380	-3.932735	-0.612763	 0.666670
-1.358251	-3.606027	-0.286653	-0.499840	-2.832766	-0.498655	-2.305481	-0.059055	 0.499380	-3.917004	-0.610312	 0.675694
-1.376335	-3.591603	-0.279204	-0.499840	-2.815530	-0.498655	-2.515009	-0.278829	 0.499380	-3.901336	-0.607871	 0.678836
-1.382588	-3.577236	-0.275480	-0.499840	-2.801315	-0.498655	-2.614324	-0.388715	 0.499380	-3.885731	-0.605439	 0.679043
-1.382937	-3.562928	-0.273618	-0.499840	-2.788634	-0.498655	-2.658554	-0.443659	 0.499380	-3.870188	-0.603017	 0.677789
-1.380344	-3.548676	-0.272687	-0.499840	-3.276741	-0.498655	-2.675264	 0.028869	 0.499380	-3.854707	-0.600605	 0.675808
-1.376293	-3.534481	-0.272221	-0.499840	-3.513265	-0.498655	-2.678235	 0.264131	 0.499380	-3.839288	-0.598203	 0.673470
-1.371523	-3.520343	-0.771989	-0.999840	-3.124027	-0.498655	-2.674358	 0.381761	 0.499380	-4.323931	-0.595810	 0.670959
-1.366404	-3.506262	-1.019329	-1.246840	-2.923939	-0.498655	-2.667078	 0.440577	 0.499380	-4.556635	-0.593427	 0.668366
-1.361122	-3.492237	-1.140465	-1.367353	-2.818447	-0.498655	-2.658119	 0.469984	 0.499380	-4.663409	-0.591053	 0.665739
-1.355769	-3.478268	-0.698511	-0.924633	-2.760275	-0.498655	-2.648341	 0.484688	 0.499380	-4.207255	-0.588689	 0.663098
-1.350392	-3.464355	-0.477533	-0.703273	-2.725785	-0.498655	-2.638175	 0.492040	 0.499380	-3.971676	-0.586334	 0.660457
-1.345014	-3.450497	-0.367044	-0.592594	-2.703157	-0.498655	-2.627836	 0.495716	 0.499380	-3.846414	-0.583989	 0.157821
-1.339645	-3.436695	-0.311800	-0.537254	-2.686483	-0.498655	-2.617431	 0.497554	 0.499380	-3.776341	-0.581653	-0.093497
-0.834292	-3.422949	-0.284178	-0.509584	-2.672806	-0.498655	-2.607015	 0.498473	 0.499380	-3.733892	-0.579326	 0.280844
-0.581616	-3.409257	-0.270367	-0.495749	-2.660649	-0.498655	-2.596613	 0.498933	 0.499380	-3.705285	-0.577009	 0.466704
-0.955278	-3.395620	-0.263461	-0.488831	-2.649273	-0.498655	-2.586240	 0.499162	 0.499380	-3.683628	-0.574701	 0.558329
-1.139451	-3.382037	-0.260008	-0.485372	-2.638310	-0.498655	-2.575902	 0.499277	 0.499380	-3.665475	-0.572402	 0.602842
-1.228890	-3.368509	-0.258282	-0.483643	-2.627573	-0.498655	-2.565602	 0.499335	 0.499380	-3.649104	-0.570113	 0.623803
-1.270973	-3.355035	-0.257419	-0.482778	-2.616972	-0.498655	-2.055341	-0.000637	 0.499380	-3.633653	-0.567832	 0.632995
