-0.498019	-0.857722	-0.404581	-0.474862	-4.281266	-0.113974	-2.838443	 0.380595	 0.785619	-1.376932	-1.002651	 0.515520
-0.498019	-0.854291	-0.404581	-0.474862	-4.264140	-0.102129	-2.777185	 0.440565	 0.282478	-1.419333	-0.998640	 0.513458
-0.498019	-0.850874	-0.404581	-0.474862	-4.247084	-0.096207	-2.741125	 0.469549	 0.030908	-1.437610	-0.994646	 0.511404
-0.498019	-0.847470	-0.404581	-0.474862	-4.230095	-0.593245	-2.717684	 0.484041	 0.405122	-1.443837	-0.990667	 0.509359
-0.498019	-0.844080	-0.404581	-0.474862	-4.213175	-0.839584	-2.700576	 0.491287	 0.590671	-1.444051	-0.986705	 0.507321
-0.498019	-0.840704	-0.404581	-0.474862	-4.196322	-0.960582	-3.186654	-0.005091	 0.681893	-1.441269	-0.982758	 0.505292
-0.498019	-0.837341	-0.404581	-0.474862	-4.179537	-1.018918	-3.422348	-0.252276	 0.725958	-1.437001	-0.978827	 0.503271
-0.498019	-0.833992	-0.404581	-0.474862	-4.662819	-0.545931	-3.032879	-0.375869	 0.746450	-1.432001	-0.974911	 0.501258
-0.498019	-0.830656	-0.404581	-0.474862	-4.894168	-0.309438	-2.832858	-0.437665	 0.755162	-1.426648	-0.971012	 0.500251
-0.498019	-0.827333	-0.404581	-0.474862	-4.999591	-0.191191	-2.727581	-0.468563	 0.757991	-1.421128	-0.967128	 0.499748
-0.498019	-0.824024	-0.904581	-0.474862	-5.042093	-0.632068	-3.169699	-0.484013	 0.257883	-1.415537	-0.963259	 0.499496
-0.498019	-0.820728	-1.151772	-0.474862	-5.053174	-0.850360	-3.383534	-0.491737	 0.007830	-1.409922	-0.959406	 0.499370
-0.498019	-1.317445	-1.272569	-0.474862	-5.048586	-0.957369	-3.483256	-0.495599	 0.382803	-1.404306	-0.955569	 0.499307
-0.498019	-1.562175	-1.330181	-0.474862	-5.036205	-1.008745	-3.525952	-0.497531	 0.568774	-1.398700	-0.951746	 0.499276
-0.498019	-1.180926	-1.356212	-0.474862	-4.519966	-1.032312	-3.540162	-0.498496	 0.660250	-1.393111	-0.947939	 0.499260
-0.498019	-0.988703	-1.366462	-0.474862	-4.253839	-1.041984	-3.540159	-0.498979	 0.704484	-1.387542	-0.944148	 0.499252
-0.498019	-0.890998	-1.368834	-0.474862	-4.112801	-1.044717	-3.533077	-0.499220	 0.225104	-1.381993	-0.940371	 0.499249
-0.498019	-0.840559	-1.367278	-0.474862	-4.034338	-1.043988	-3.522483	-0.499341	-0.014586	-1.376466	-0.936609	 0.499247
-0.498019	-0.813759	-1.363768	-0.474862	-3.987194	-1.041538	-3.510163	-0.499401	-0.134431	-1.370960	-0.932863	 0.499246
-0.998019	-0.798785	-1.359293	-0.474862	-3.955743	-1.038234	-3.497007	 0.000569	 0.305647	-1.365477	-0.929132	 0.499245
-1.245023	-0.789731	-1.354346	-0.474862	-3.932168	-1.034512	-3.483462	 0.249552	 0.524194	-1.360015	-0.925415	 0.499245
-0.865541	-0.783642	-1.349173	-0.474862	-4.412564	-1.030590	-3.469749	-0.125956	 0.631982	-1.354575	-0.921713	 0.499245
-0.675800	-0.779043	-1.343899	-0.474862	-4.642976	-1.026575	-3.455981	-0.312707	 0.684397	-1.349156	-0.918027	 0.499245
-1.080929	-1.275194	-1.338585	-0.474862	-4.248435	-1.022523	-3.442212	-0.406082	 0.209130	-1.343760	-0.914354	 0.499245
-1.280522	-1.519727	-1.333261	-0.474862	-4.043457	-1.018460	-3.428471	-0.452770	-0.028503	-1.338385	-0.910697	 0.499245
-0.877358	-1.138465	-0.827943	-0.474862	-3.933291	-1.014400	-3.414771	-0.476114	 0.352680	-1.333031	-0.907054	 0.499245
-0.675776	-0.946320	-0.575284	-0.474862	-3.870561	-1.010349	-3.401119	-0.487786	 0.541804	-1.327699	-0.903426	 0.499245
-0.574985	-0.848739	-0.448955	-0.474862	-3.831581	-1.006311	-3.387518	 0.006378	 0.634905	-1.322388	-0.899812	 0.499245
-0.524590	-0.798446	-0.385790	-0.474862	-3.804506	-1.002287	-3.373969	 0.252459	 0.679999	-1.317099	-0.896213	 0.499245
-0.499392	-0.771803	-0.354208	-0.474862	-3.783413	-0.998279	-3.360474	 0.375499	 0.701096	-1.311830	-0.892628	 0.499245
-0.486793	-0.756991	-0.338417	-0.474862	-3.765342	-0.494286	-2.847033	 0.437020	 0.710200	-1.306583	-0.889058	 0.499245
-0.480494	-0.748101	-0.330521	-0.474862	-3.748812	-0.242290	-2.585645	 0.467780	 0.713313	-1.301357	-0.885501	 0.499245
-0.477344	-0.742178	-0.326573	-0.474862	-3.733083	-0.116292	-2.450302	-0.016840	 0.713437	-1.296151	-0.881959	 0.499245
-0.475769	-0.737743	-0.324599	-0.474862	-3.717783	-0.053292	-2.378001	-0.258147	 0.712072	-1.290967	-0.878432	 0.499245
-0.474982	-0.734060	-0.823612	-0.474862	-3.702728	-0.521793	-2.837239	-0.378801	 0.709968	-1.285803	-0.874918	 0.499245
-0.474588	-0.730757	-1.070474	-0.474862	-3.687826	-0.754063	-3.060265	-0.439128	 0.707500	-1.280660	-0.871418	 0.499245
-0.974391	-0.727651	-0.691270	-0.474862	-3.673029	-0.868225	-2.665212	-0.469291	 0.704856	-0.775537	-0.867933	 0.499245
-1.221344	-0.724649	-0.501668	-0.474862	-3.658314	-0.923341	-2.463145	-0.484373	 0.702130	-0.522976	-0.864461	 0.499245
-1.341884	-0.721704	-0.406867	-0.474862	-3.643669	-0.948942	-2.357589	-0.491913	 0.699368	-0.396695	-0.861003	 0.499245
-0.899229	-0.718794	-0.359466	-0.474862	-3.629088	-0.459794	-2.300307	 0.004316	 0.696593	-0.333555	-0.857559	 0.499245
-0.677902	-0.715908	-0.335766	-0.474862	-3.614569	-0.215220	-2.267180	 0.251430	 0.693819	-0.301984	-0.854129	 0.499245
-0.567238	-0.713038	-0.323916	-0.474862	-3.100109	-0.092932	-2.246148	 0.374987	 0.691049	-0.286199	-0.850712	 0.499245
-0.511906	-0.710183	-0.317991	-0.474862	-2.837708	-0.031789	-2.231182	 0.436765	 0.688288	-0.278307	-0.847309	 0.499245
-0.484240	-0.707341	-0.315028	-0.474862	-2.701357	-0.001217	-1.719267	 0.467654	 1.185536	-0.274361	-0.843920	 0.499245
-0.470407	-0.704511	-0.313547	-0.474862	-2.628051	 0.014069	-1.460895	 0.483099	 1.430795	-0.272387	-0.840544	 0.499245
-0.463491	-0.701693	 0.187194	-0.474862	-2.586289	 0.521712	-0.829303	 0.990821	 1.550072	 0.728599	-0.337182	 0.499245
-0.460033	-0.698886	 0.436188	-0.474862	-2.560319	 0.773474	-0.513508	 1.241685	 1.606372	 1.225633	-0.085501	 0.499245
-0.458304	-0.696090	 0.559315	-0.474862	-2.542265	 0.897305	-0.355610	 1.364132	 1.631196	 1.470705	 0.040339	 0.499245
 0.042561	-0.193306	 0.619514	 0.025138	-0.028190	 1.957179	 4.723339	 1.922383	 2.140297	 11.089809	 1.603260	 0.499245
 0.291906	 0.058086	 0.648254	 0.274088	 1.223876	 2.481081	 7.243209	 2.196546	 2.389548	 15.857944	 2.378387	 0.499245
 0.915497	 1.183782	 0.161269	 0.897517	 5.844957	 2.737022	 11.983618	 2.328687	 1.508896	 23.700759	 3.259644	-0.000755
 1.224213	 1.742012	-0.082223	 1.206189	 8.134566	 2.859007	 14.320374	 2.389836	 1.067314	 27.559079	 3.691991	-0.249754
 1.375506	 3.516526	 0.296031	 0.857496	 16.258521	 2.414037	 21.455438	 1.915508	-0.654729	 42.425404	 5.899916	-1.374253
 1.448099	 4.393201	 0.483810	 0.682131	 20.271734	 2.187614	 24.965789	 1.675462	-1.510997	 49.846273	 6.987662	-1.931505
 1.981354	 4.820998	 0.576356	 0.093436	 26.229771	 2.570481	 28.664012	 1.552568	-1.934396	 60.044463	 7.515385	-2.705154
 2.242952	 5.024400	 0.621291	-0.200912	 29.144414	 2.756007	 30.448399	 1.488261	-2.141380	 65.127643	 7.763160	-3.085020
 2.368742	 5.115645	 0.642426	-0.348086	 30.537617	 2.842887	 31.276127	 1.453260	-2.240176	 67.653383	 7.871025	-3.268024
 2.426648	 4.650853	 1.151667	 0.078327	 33.170357	 2.880468	 33.125784	 0.932923	-2.784895	 72.400465	 8.409000	-3.352624
 2.450632	 4.410086	 1.402965	 0.290524	 34.415121	 2.893422	 33.980661	 0.672755	-3.050596	 74.757064	 8.660094	-3.388049
 1.957675	 4.281363	 1.025306	 0.395617	 35.466183	 2.894086	 34.338428	 0.542671	-3.176814	 77.418488	 8.767818	-3.898915
 1.708267	 4.208697	 0.835181	 0.447162	 35.918679	 2.888629	 34.447920	 0.477628	-3.233317	 78.732793	 8.803929	-4.145528
 1.580645	 4.164091	 0.738828	 0.472935	 36.572185	 2.880134	 34.933551	 0.945107	-3.254988	 79.371899	 8.804305	-4.260051
 1.513928	 4.133550	 0.689367	 0.485821	 36.824487	 2.870143	 35.105528	 1.176022	-3.259271	 79.674592	 8.786883	-4.308563
 1.477675	 4.110073	 0.163357	 0.492264	 36.876484	 2.859427	 35.120961	 1.288665	-3.254885	 79.309147	 8.760634	-4.324105
 1.456666	 4.090161	-0.099649	 0.495486	 36.828626	 2.848372	 35.058405	 1.342184	-3.246191	 79.107983	 8.730040	-4.323196
 1.443290	 4.072065	-0.231151	 0.497097	 36.731135	 2.837170	 34.957135	 1.366152	-3.235369	 78.989033	 8.697344	-4.314097
 1.433742	 4.054909	-0.296903	 0.497902	 36.609122	 2.825917	 34.836789	 1.375356	-3.223509	 79.411264	 8.663667	-4.300938
 1.426120	 4.038255	-0.329778	 0.498305	 36.475142	 2.814661	 34.707183	 1.377189	-3.211156	 79.604158	 8.629569	-4.285783
 1.419471	 4.021885	-0.346216	 0.498506	 36.335469	 2.803426	 34.573224	 1.375347	-3.198581	 79.682456	 8.595328	-4.269664
 1.413322	 4.005689	-0.354435	 0.498607	 36.193241	 2.792224	 34.437367	 1.371679	-3.185922	 79.703530	 8.561086	-4.253097
 1.407433	 3.989612	 0.141456	 0.498657	 36.050025	 2.781061	 34.300835	 0.867109	-3.173246	 79.696064	 8.526911	-4.236341
 1.401685	 3.973627	 0.388126	 0.498682	 35.906604	 2.769940	 34.164240	 0.614824	-3.160587	 79.674560	 8.492838	-4.219524
 1.896019	 3.957719	 0.510192	-0.001305	 35.763367	 2.758862	 34.027888	 0.988682	-3.147962	 79.646109	 8.458884	-4.202710
 2.138406	 3.941881	 0.569960	-0.250296	 35.620508	 2.747827	 33.891928	 1.172885	-3.135378	 79.617122	 8.425058	-4.185931
 2.254837	 3.926110	 0.598585	-0.374792	 35.478123	 2.736836	 33.756437	 1.262273	-3.122841	 79.586356	 8.391362	-4.169203
 1.808310	 3.910404	 0.611643	 0.062960	 35.336259	 2.725889	 33.621449	 1.304264	-3.110352	 79.554765	 8.357798	-4.152534
 1.582324	 3.894761	 0.616922	 0.280835	 35.194938	 2.714986	 33.486982	 1.322566	-3.097911	 79.524386	 8.324368	-4.135928
 1.966617	 3.879182	 0.618318	 0.389772	 35.054171	 2.704126	 33.353044	 0.829036	-3.085520	 79.493317	 8.291071	-4.119386
 2.154063	 3.863665	 0.617776	 0.444241	 34.913960	 2.693309	 33.219637	 0.582271	-3.073178	 79.460284	 8.257907	-4.102910
 1.743102	 3.848210	 0.616271	 0.471475	 34.774307	 2.682536	 33.086760	 0.458888	-3.060886	 79.426340	 8.224876	-4.086499
 1.534958	 3.832817	 0.614289	 0.485092	 34.635212	 2.671806	 32.954415	 0.397197	-3.048642	 79.392231	 8.191976	-4.070153
 1.928232	 3.817486	 0.612073	 0.491901	 34.496672	 2.661119	 32.822597	 0.866351	-3.036448	 78.858109	 8.159208	-4.053873
 2.120226	 3.802216	 0.609745	 0.495305	 34.358685	 2.650474	 32.691307	 1.098257	-3.024302	 78.575282	 8.126572	-4.037657
 2.211598	 3.787007	 0.607367	 0.497007	 34.221251	 2.639872	 32.560542	 1.211550	-3.012205	 78.418164	 8.094065	-4.021507
 2.252679	 3.771859	 1.104967	 0.497859	 34.084366	 2.629313	 32.430300	 0.765547	-3.000156	 78.323965	 8.061689	-4.005421
 2.268631	 3.756772	 1.350563	 0.498284	 33.948029	 2.618796	 32.300579	 0.542545	-2.988155	 78.259627	 8.029442	-3.989399
 1.772038	 3.741745	 0.970168	 0.498497	 33.812236	 2.608320	 32.171377	 0.931044	-2.976203	 78.710289	 7.997325	-3.973441
 1.521191	 3.726778	 0.778791	 0.498603	 33.676987	 2.597887	 32.042691	 1.122655	-2.964298	 78.920366	 7.965335	-3.957547
 1.393227	 3.711871	 0.681928	 0.498656	 33.542280	 2.587496	 31.914520	 1.215832	-2.952441	 78.510211	 7.933474	-3.941717
 1.326714	 3.697023	 0.632326	 0.498683	 33.408110	 2.577146	 31.786862	 1.259802	-2.940631	 78.290001	 7.901740	-3.925950
 1.290937	 3.682235	 0.606360	 0.498696	 33.274478	 2.566837	 31.659715	 1.279180	-2.928868	 78.164824	 7.870133	-3.910247
 1.270539	 3.667506	 0.592216	 0.498703	 33.141380	 2.556570	 31.533076	 1.286271	-2.917153	 78.087224	 7.838653	-3.894606
 1.257839	 3.652836	 0.583988	 0.498706	 33.008815	 2.546343	 31.406944	 1.287230	-2.905484	 78.033472	 7.807298	-3.879027
 1.248999	 3.638225	 0.578722	 0.498708	 32.876779	 2.036158	 31.281316	 1.285134	-2.893862	 78.491705	 7.776069	-3.863511
 1.242099	 3.623672	 0.574942	 0.498709	 32.745272	 1.778013	 31.156191	 1.281519	-2.882287	 78.706189	 7.744965	-3.848057
 1.736178	 3.609177	 0.571910	 0.498709	 33.114291	 2.145901	 31.031566	 1.277156	-2.870758	 78.798857	 7.713985	-3.832665
 1.978757	 3.594740	 0.569256	 0.498709	 33.231834	 2.324818	 30.907440	 1.272429	-2.859275	 78.830075	 7.683129	-3.817334
 2.095604	 3.580361	 0.566796	 0.498710	 33.223907	 2.409268	 31.283810	 0.767530	-3.347838	 78.830630	 7.652396	-3.802065
 2.149603	 3.566040	 0.564437	 0.498710	 33.153511	 2.446506	 31.408675	 0.515081	-3.584446	 78.814527	 7.621787	-3.786857
 1.672195	 3.551776	 0.062134	-0.001290	 32.052147	 2.460158	 29.908040	 0.888856	-2.695109	 73.290160	 7.591299	-3.271709
 1.431101	 3.537569	-0.189018	-0.250288	 31.439563	 2.462036	 29.100908	 1.073218	-2.246828	 70.513913	 7.560934	-3.008622
 1.308174	 3.523418	-0.314594	-0.374787	 31.071618	 2.458047	 28.640754	 1.162884	-2.019091	 69.110113	 7.530691	-2.871588
 1.244341	 3.509325	 0.122618	 0.062964	 23.826237	 2.451145	 23.354316	 1.205212	-1.901639	 53.392599	 6.000568	-1.797601
 1.210063	 3.495287	 0.340105	 0.280838	 20.170385	 2.442805	 20.674961	 1.223881	-1.839345	 45.458492	 5.226565	-1.259161
 1.190572	 2.481306	 0.447733	 0.389775	 11.809431	 2.433766	 13.799293	 1.230730	-1.304644	 31.416390	 2.830659	 0.011501
 1.178485	 1.971381	 0.500436	 0.444243	 7.622056	 2.424397	 10.347611	 1.231680	-1.035754	 24.360591	 1.632706	 0.644267
 1.170108	 1.213496	 0.025681	-0.028522	 0.521499	 1.914883	 1.607979	 0.729689	-0.899775	 10.798081	 0.033730	 0.958096
 1.163596	 0.834553	-0.211696	-0.263903	-3.015621	 1.657315	-2.747574	 0.478694	-0.830258	 4.022355	-0.762628	 1.112467
 0.158026	-0.354919	 0.169615	-0.381593	-6.271075	 1.025731	-5.911145	-0.146804	-0.793978	 0.139999	-1.657689	 1.187119
-0.343064	-0.946566	 0.359169	-0.440438	-7.879750	 0.709940	-7.474780	-0.458008	-0.774322	-1.793694	-2.100114	 1.221921
-0.591920	-1.239313	 0.452849	-0.469860	-8.665110	 0.552044	-8.238521	-0.612071	-0.762985	-2.753086	-2.316242	 1.236809
-0.214667	-1.382622	-0.001405	-0.484572	-9.038889	-0.026904	-8.602387	-1.187571	-0.755814	-3.225357	-2.419240	 1.241749
-0.026040	-1.451225	-0.228531	-0.491927	-9.206953	-0.315166	-8.766388	-1.471795	-0.750730	-3.454097	-2.465696	 1.241726
-0.431727	-1.482487	-0.342095	-0.495605	-9.272235	-0.458091	-9.330527	-1.610394	-0.746697	-3.561102	-2.483899	 1.239231
-0.632896	-1.495090	-0.398876	-0.497444	-9.286201	-0.528351	-9.592808	-1.676196	-0.743196	-3.607268	-2.487996	 1.235510
-0.231812	-1.498376	-0.427267	-0.498363	-9.774584	-0.562284	-9.704238	-1.205613	-0.739965	-3.623044	-2.485061	 1.231186
-0.031270	-1.497016	-0.441463	-0.498823	-9.998249	-0.578058	-9.740321	-0.968852	-0.736877	-3.623654	-2.478629	 1.226570
-0.430999	-1.493345	-0.448560	-0.499053	-10.089638	-0.584757	-9.738810	-1.349007	-0.733865	-4.116711	-2.470468	 1.221818
-0.629202	-1.488530	-0.452109	-0.499168	-10.114971	-0.586924	-9.718580	-1.535626	-0.730897	-4.354020	-2.461463	 1.217008
-0.726649	-1.483155	-0.453884	-0.499225	-10.107356	-0.586829	-9.689069	-1.625491	-0.727958	-4.463492	-2.452056	 1.212179
-0.773724	-1.477512	-0.454771	-0.499254	-9.583350	-0.585608	-9.654994	-1.166993	-0.725038	-4.009082	-2.442467	 1.207350
-0.795620	-1.471746	-0.455214	-0.499269	-9.303228	-0.583829	-9.618714	-0.936327	-0.722134	-3.774767	-2.432807	 1.202530
-0.804933	-1.465932	-0.955436	-0.499276	-9.145120	-1.081775	-9.581410	-0.819582	-0.719243	-3.650529	-2.423130	 1.197725
-0.807961	-1.460104	-1.202636	-0.499279	-9.048093	-1.327589	-9.543669	-0.759805	-0.716365	-3.581358	-2.413465	 1.192936
-0.807853	-1.454282	-0.823336	-0.499281	-8.981677	-0.947349	-9.505787	-1.228516	-0.713499	-3.539747	-2.403825	 1.188166
-0.806183	-1.448474	-0.633686	-0.499282	-8.930638	-0.756095	-9.467910	-1.459477	-0.710645	-3.511946	-2.394217	 1.183414
-0.803739	-1.442684	-0.538861	-0.499282	-8.887360	-0.659338	-9.430112	-1.071576	-0.207802	-3.991077	-2.384643	 1.178680
-0.800915	-1.436916	-0.491449	-0.499283	-8.848032	-0.609834	-9.392428	-0.876259	 0.043619	-4.221702	-2.375106	 1.173966
-0.797907	-1.431169	-0.467742	-0.499283	-8.810751	-0.583962	-9.354876	-0.777238	 0.169330	-4.328110	-2.365607	 1.169270
-0.294813	-1.425445	-0.955889	-0.499283	-8.774564	-0.569910	-9.317466	-0.726371	 0.232185	-3.872445	-2.356145	 1.164593
-0.043266	-1.419744	-1.197075	-0.499283	-8.738993	-0.561772	-9.280201	-0.699587	 0.263613	-3.637779	-2.346721	 1.159934
-0.417492	-1.414065	-0.814791	-0.499283	-8.703801	-0.556595	-9.243082	-1.184849	 0.279327	-4.013640	-2.337334	 1.155295
-0.603022	-1.408409	-0.623649	-0.499283	-8.668868	-0.552904	-9.206111	-1.424140	 0.287184	-4.192791	-2.327984	 1.150674
-0.694210	-1.402775	-0.528078	-0.499283	-9.134133	-0.549961	-9.169287	-1.040459	-0.208888	-4.273623	-2.318673	 1.146071
-0.738233	-1.397164	-0.480292	-0.499283	-9.347567	-0.547395	-9.132610	-0.847304	-0.455514	-4.305330	-2.309398	 1.141487
-0.758680	-1.391575	-0.956400	-0.499283	-9.435162	-0.545022	-9.096080	-0.749419	-0.077422	-3.812509	-2.300160	 1.136921
-0.767345	-1.386009	-1.191588	-0.499283	-9.459914	-0.542750	-9.059696	-0.699173	 0.111623	-3.559459	-2.290960	 1.132373
-0.770126	-1.380465	-0.806329	-0.499283	-9.453321	-0.540534	-9.023457	-0.672752	 0.206146	-3.926322	-2.281796	 1.127843
-0.769970	-1.374943	-0.613699	-0.499283	-9.431131	-0.538349	-8.987363	-0.658249	 0.253408	-4.101167	-2.272669	 1.123332
-0.768353	-1.369444	-0.517385	-0.499283	-9.401218	-0.536184	-8.951414	-0.649710	 0.277038	-4.180037	-2.263578	 1.118839
-0.766011	-1.363966	-0.469227	-0.499283	-9.367519	-0.534033	-8.915608	-1.144159	 0.288854	-3.710954	-2.254524	 1.114363
-0.763312	-1.358510	-0.445149	-0.499283	-9.332002	-0.531894	-8.879946	-1.388105	 0.294761	-3.469929	-2.245506	 1.109906
-0.760442	-1.353076	-0.433109	-0.499283	-9.295650	-1.029765	-8.844426	-1.006815	 0.297715	-3.342959	-2.236524	 1.105466
-0.757491	-1.347664	-0.427089	-0.499283	-9.258956	-1.275645	-8.809048	-0.814918	 0.299192	-3.273042	-2.227577	 1.101044
-0.754507	-1.342273	-0.924080	-0.499283	-9.222164	-0.895543	-8.773812	-0.717724	 0.299931	-3.231677	-2.218667	 1.096640
-0.751512	-1.336904	-1.169733	-0.499283	-9.185397	-0.704460	-8.738717	-0.667886	 0.300300	-3.204614	-2.209792	 1.092254
-0.748517	-1.331556	-1.289728	-0.499283	-9.148717	-1.107892	-8.703762	-0.641731	 0.300484	-3.684727	-2.200953	 1.087885
-0.745529	-1.326230	-1.346907	-0.499283	-9.112152	-1.306586	-8.668947	-0.627422	 0.300577	-3.916454	-2.192149	 1.083533
-0.742550	-1.320925	-1.372688	-0.499283	-9.075719	-1.402922	-8.634271	-0.619041	 0.300623	-4.024022	-2.183381	 1.079199
-0.739581	-1.315641	-1.382781	-0.499283	-9.039424	-0.948091	-8.599734	-0.613630	 0.300646	-3.569542	-2.174647	 1.074882
-0.736623	-1.310379	-1.385042	-0.499283	-9.003270	-0.720676	-8.565335	-0.609708	 0.300657	-3.336072	-2.165949	 1.070583
-0.733677	-1.305137	-0.883398	-0.499283	-8.967259	-1.106968	-8.531074	-0.606535	 0.300663	-3.213132	-2.157285	 1.066300
-0.730743	-1.299917	-0.632576	-0.499283	-8.931391	-1.297128	-8.496949	-0.603742	 0.300666	-3.145481	-2.148656	 1.062035
-0.727820	-1.294717	-1.007165	-0.499283	-8.895666	-1.389233	-8.462962	-0.601143	 0.300668	-3.605500	-2.140061	 1.057787
-0.724909	-1.289538	-1.191696	-0.499283	-8.860083	-1.432323	-8.429110	-0.598647	 0.300668	-3.827379	-2.131501	 1.053556
-0.722009	-1.284380	-0.781209	-0.499283	-8.824643	-1.450918	-8.395393	-1.096207	 0.300669	-3.430220	-2.122975	 1.049342
-0.719121	-1.279243	-0.575966	-0.499283	-8.789345	-1.457276	-8.361812	-1.341799	 0.300669	-3.225574	-2.114483	 1.045144
-0.716245	-1.274126	-0.473344	-0.499283	-8.754187	-1.457527	-8.328365	-1.461420	 0.300669	-3.117209	-2.106025	 1.040964
-0.713380	-1.269029	-0.422033	-0.499283	-8.719170	-1.454738	-8.295051	-1.018069	 0.300669	-3.557009	-2.097601	 1.036800
-0.710526	-1.263953	-0.396378	-0.499283	-8.684294	-1.450439	-8.261871	-0.795244	 0.300669	-3.768916	-2.089211	 1.032653
-0.707684	-1.258897	-0.383550	-0.499283	-8.149557	-0.945397	-8.228823	-1.182686	-0.199331	-3.366907	-2.080854	 1.028522
-0.704853	-1.253862	-0.377136	-0.499283	-7.866958	-0.692876	-8.195908	-1.373267	-0.447932	-3.159973	-2.072530	 1.024408
-0.702034	-1.248846	-0.373929	-0.499283	-7.710491	-0.566616	-8.163124	-0.965430	-0.070840	-3.550600	-2.064240	 1.020310
-0.699226	-1.243851	-0.372326	-0.499283	-7.617149	-0.503486	-8.130472	-0.760396	 0.117706	-3.738031	-2.055983	 1.016229
-0.696429	-1.238875	-0.871524	-0.499283	-8.055430	-0.471921	-8.097950	-0.656769	 0.211979	-3.323895	-2.047759	 1.012164
-0.693643	-1.233920	-1.118382	-0.499283	-8.257583	-0.456138	-8.065558	-0.603849	 0.259116	-3.111008	-2.039568	 1.008115
-0.690868	-1.228984	-1.239080	-0.499283	-8.341740	-0.448247	-8.033296	-0.576287	 0.282684	-2.998768	-2.031410	 1.004083
-0.688105	-1.224068	-0.796710	-0.499283	-8.366967	-0.444301	-8.001163	-0.561408	 0.294468	-2.936875	-2.023284	 1.000067
-0.685353	-1.219172	-0.575524	-0.499283	-8.362796	-0.442328	-7.969158	-0.552876	 0.300360	-2.900179	-2.015191	 0.996066
-1.182611	-1.214295	-0.964932	-0.499283	-8.343993	-0.441342	-7.937282	-0.547521	 0.303306	-2.876104	-2.007130	 0.992082
-1.427881	-1.209438	-1.156927	-0.499283	-8.317942	-0.440849	-7.905532	-0.543759	 0.304779	-2.858362	-1.999102	 0.988114
-1.047169	-1.204600	-0.750227	-0.499283	-7.788332	-0.940602	-7.873910	-0.540799	-0.194484	-2.843810	-1.991106	 0.984161
-0.855480	-1.199782	-0.546876	-0.499283	-7.509010	-1.187598	-7.842415	-0.538243	-0.442728	-2.830875	-1.983141	 0.980225
-0.758309	-1.194983	-0.445201	-0.499283	-7.854889	-1.308227	-7.811045	-0.535893	-0.065468	-2.818772	-1.975209	 0.976304
-0.708400	-1.190203	-0.394364	-0.499283	-8.011427	-1.365684	-7.779801	-0.533651	 0.123161	-2.807107	-1.967308	 0.972399
-0.682129	-1.185442	-0.368945	-0.499283	-8.073361	-1.391566	-7.748682	-0.531468	 0.217476	-2.795684	-1.959439	 0.968509
-0.667682	-1.180700	-0.356236	-0.499283	-7.588057	-0.901672	-7.717687	-0.529317	 0.264634	-2.784404	-1.951601	 0.964635
-0.659152	-1.175977	-0.349881	-0.499283	-7.331199	-0.656725	-7.686816	-0.527188	 0.288213	-2.773218	-1.943794	 0.960776
-0.653586	-1.171274	-0.346704	-0.499283	-7.688622	-1.034252	-7.656069	-0.525073	-0.199998	-2.762100	-1.936019	 0.956933
-0.649506	-1.166588	-0.345115	-0.499283	-7.851241	-1.220191	-7.625445	-0.522969	-0.442727	-2.751040	-1.928275	 0.953106
-0.646176	-1.161922	-0.344321	-0.499283	-7.416523	-1.310349	-7.594943	-0.520876	-0.062720	-2.740029	-1.920562	 0.949293
-0.643225	-1.157274	-0.343923	-0.499283	-7.185200	-1.352627	-7.564563	-0.518792	 0.127283	-2.729066	-1.912880	 0.945496
-0.640469	-1.152645	-0.343725	-0.499283	-7.055631	-0.870976	-7.534305	-0.516716	 0.222284	-2.718149	-1.905228	 0.941714
-0.637816	-1.148035	-0.343626	-0.499283	-6.976994	-0.630150	-7.504168	-0.514649	 0.269785	-2.707275	-1.897607	 0.937947
-0.635219	-1.143443	-0.343576	-0.499283	-6.923879	-0.509737	-7.474151	-0.512590	 0.293536	-2.696446	-1.890017	 0.934195
-0.632655	-1.138869	-0.843551	-0.499283	-6.883580	-0.949531	-7.444254	-1.010540	 0.305411	-2.685660	-1.882457	 0.930459
-0.630113	-1.134313	-1.090852	-0.499283	-6.849744	-1.166649	-7.414477	-1.256498	 0.311348	-2.674917	-1.874927	 0.926737
-0.627587	-1.129776	-1.211826	-0.499283	-6.819194	-1.272441	-7.384819	-0.876472	 0.314317	-2.664217	-1.867427	 0.923030
-0.625073	-1.125257	-1.269647	-0.499283	-6.790342	-1.322580	-7.355280	-0.686459	 0.315802	-2.653560	-1.859958	 0.919338
-0.622572	-1.120756	-1.295903	-0.499283	-7.262393	-1.344904	-7.325859	-0.591452	 0.316544	-2.642946	-1.852518	 0.915660
-0.620081	-1.116273	-1.306386	-0.499283	-7.482950	-1.353332	-7.296556	-0.543949	 0.316915	-2.632374	-1.845108	 0.911998
-0.617600	-1.111808	-0.808994	-0.499283	-7.577821	-0.854822	-7.267369	-0.520197	 0.317100	-3.121845	-1.837727	 0.908350
-0.615129	-1.107361	-0.560298	-0.499283	-7.609911	-0.605567	-7.238300	-0.508322	 0.317193	-3.359357	-1.830376	 0.904716
-0.612669	-1.102931	-0.435950	-0.499283	-7.610672	-0.480940	-7.209347	-0.502384	 0.317240	-3.470920	-1.823055	 0.901097
-0.610218	-1.098519	-0.873776	-0.499283	-7.595830	-0.918626	-7.180509	-0.499415	 0.317263	-3.019536	-1.815763	 0.897493
-0.607777	-1.094125	-1.090066	-0.499283	-7.573247	-1.134757	-7.151787	-0.497930	 0.317274	-2.788708	-1.808500	 0.893903
-0.605346	-1.089749	-0.695598	-0.499283	-7.046854	-0.740120	-7.123180	-0.497188	 0.317280	-2.668178	-1.801266	 0.890327
-0.602925	-1.085390	-0.498364	-0.499283	-6.770616	-0.542802	-7.094687	-0.496817	 0.317283	-2.602818	-1.794061	 0.886766
-0.600513	-1.081048	-0.899747	-0.499283	-7.119509	-0.944143	-7.066309	-0.496631	 0.317285	-2.565063	-1.786884	 0.883219
-0.598111	-1.076724	-1.097837	-0.499283	-7.279019	-1.142122	-7.038043	-0.496539	 0.317285	-2.541131	-1.779737	 0.879686
-0.595718	-1.072417	-0.694289	-0.999283	-7.343896	-0.738432	-7.009891	-0.996492	 0.317286	-2.524131	-1.772618	 0.876167
-0.593336	-1.068128	-0.492516	-1.246284	-7.361517	-0.536587	-6.981852	-1.243476	 0.317286	-2.510616	-1.765527	 0.872663
-0.590962	-1.063855	-0.391629	-1.366798	-7.355570	-0.435664	-6.953924	-1.363987	 0.317286	-2.498865	-1.758465	 0.869172
-0.588598	-1.059600	-0.341186	-0.924081	-7.337897	-0.385203	-6.926109	-0.921274	 0.317286	-2.488015	-1.751431	 0.865695
-0.586244	-1.055361	-0.315964	-0.702722	-7.314420	-0.359972	-6.898404	-0.699917	 0.317286	-2.477635	-1.744426	 0.862233
-0.583899	-1.051140	-0.803353	-0.592043	-6.788099	-0.347357	-6.870810	-0.589239	 0.317286	-2.467511	-1.737448	 0.858784
-0.581563	-1.046935	-1.044466	-0.536703	-6.512416	-0.341049	-6.843327	-0.533899	 0.317286	-2.457534	-1.730498	 0.855349
-0.579237	-1.042747	-1.162452	-0.509033	-6.862100	-0.337895	-6.815954	-0.506230	 0.317286	-2.947651	-1.723576	 0.851927
-0.576920	-1.038576	-1.218883	-0.495198	-7.022519	-0.336318	-6.788690	-0.492395	 0.317286	-3.185833	-1.716682	 0.848520
-0.574613	-1.034422	-0.744549	-0.488281	-7.088363	-0.835530	-6.761535	-0.485478	 0.317286	-2.798077	-1.709815	 0.845125
-0.572314	-1.030284	-0.507381	-0.484822	-7.106976	-1.082466	-6.734489	-0.482019	 0.317286	-2.599378	-1.702976	 0.841745
-0.570025	-1.026163	-0.388798	-0.483093	-7.102031	-1.203276	-6.707551	-0.480289	 0.317286	-2.495227	-1.696164	 0.838378
-0.567745	-1.022059	-0.329506	-0.482228	-6.585365	-1.261032	-6.680721	-0.479425	 0.317286	-2.438369	-1.689379	 0.835024
-0.565474	-1.017970	-0.299860	-0.481796	-6.314894	-1.287273	-6.653998	-0.478992	 0.317286	-2.405178	-1.682622	 0.831684
-0.563212	-1.013899	-0.785037	-0.981580	-6.667570	-1.297766	-6.627382	-0.478776	 0.317286	-2.383838	-1.675891	 0.828358
-0.560959	-1.009843	-1.025085	-1.228509	-6.829868	-1.300396	-6.600873	-0.478668	 0.317286	-2.368443	-1.669188	 0.825044
-0.558715	-1.005804	-1.142579	-0.849022	-6.397032	-1.299105	-6.574469	-0.478614	 0.317286	-2.356039	-1.662511	 0.821744
-0.556480	-1.001780	-1.198806	-0.659279	-6.168686	-1.295864	-6.548171	-0.478587	 0.317286	-2.345150	-1.655861	 0.818457
-0.554254	-0.997773	-1.224409	-0.564408	-6.542632	-0.791658	-6.521979	-0.478574	 0.817286	-2.335037	-1.649237	 0.815183
-0.552037	-0.993782	-1.234710	-0.516972	-6.715772	-0.539555	-6.495891	-0.478567	 1.064651	-2.325331	-1.642641	 0.811922
-0.549829	-0.989807	-0.737371	-0.493254	-6.788564	-0.913504	-6.469907	-0.478564	 0.685710	-2.315846	-1.636070	 0.808675
-0.547630	-0.985848	-0.488702	-0.481395	-6.811238	-1.097903	-6.444027	-0.478562	 0.496239	-2.306491	-1.629526	 0.805440
-0.545439	-0.981904	-0.364367	-0.475466	-6.808906	-1.187538	-6.418251	-0.478561	 0.401504	-2.297220	-1.623008	 0.802218
-0.543258	-0.977977	-0.302199	-0.472501	-6.794128	-0.729802	-6.392578	-0.478561	 0.354136	-2.288008	-1.616516	 0.799009
-0.541085	-0.974065	-0.271116	-0.471019	-6.773180	-0.500933	-6.367008	-0.478560	 0.330453	-2.278844	-1.610049	 0.795813
-0.538920	-0.970169	-0.255574	-0.470277	-6.249201	-0.386499	-6.341540	-0.478560	 0.318611	-2.269723	-1.603609	 0.792630
-0.536765	-0.966288	-0.247803	-0.469907	-5.975761	-0.329282	-6.316174	-0.478560	 0.312690	-2.260641	-1.597195	 0.789460
-0.534617	-0.962423	-0.243918	-0.469721	-5.827637	-0.800673	-6.290909	-0.478560	 0.309729	-2.251597	-1.590806	 0.786302
-0.532479	-0.958573	-0.241975	-0.469629	-5.742216	-1.033825	-6.265746	-0.478560	 0.308249	-2.242590	-1.584443	 0.783157
-0.530349	-0.954739	-0.741003	-0.469583	-5.688191	-0.647867	-6.240683	-0.478560	 0.307509	-2.233620	-1.578105	 0.780024
-0.528228	-0.950920	-0.988038	-0.469559	-5.649911	-0.454888	-6.215720	-0.478560	 0.307139	-2.224685	-1.571793	 0.776904
-0.526115	-0.947116	-1.109085	-0.469548	-5.619548	-0.358398	-6.190857	-0.478560	 0.306954	-2.215786	-1.565505	 0.773796
-0.524010	-0.943328	-0.667148	-0.469542	-5.593187	-0.810153	-6.166094	-0.478560	 0.306861	-1.706923	-1.559243	 0.770701
-0.521914	-0.939554	-0.446180	-0.469539	-5.568874	-1.033507	-6.141429	-0.478560	 0.306815	-1.450095	-1.553006	 0.767618
-0.519827	-0.935796	-0.335695	-0.469538	-5.545628	-1.142670	-6.116863	-0.478560	 0.806792	-1.819295	-1.546794	 0.764548
-0.517747	-0.932053	-0.280453	-0.469537	-5.522960	-1.194748	-6.092396	-0.478560	 1.054167	-1.999518	-1.540607	 0.761490
-0.515676	-0.928325	-0.252832	-0.469537	-5.500626	-1.218294	-6.068026	-0.478560	 0.675251	-2.085270	-1.534445	 0.758444
-0.513614	-0.924612	-0.239022	-0.469536	-5.478502	-1.227583	-6.043754	-0.478560	 0.485793	-2.123804	-1.528307	 0.755410
-0.511559	-0.920913	-0.732116	-0.469536	-5.456527	-1.229753	-6.019579	-0.478560	 0.391064	-2.138746	-1.522194	 0.752388
-0.509513	-0.917229	-0.976213	-0.469536	-5.434671	-1.228375	-5.995501	-0.478560	 0.343700	-2.141910	-1.516105	 0.749379
-0.507475	-0.913560	-1.095821	-0.469536	-5.412917	-1.225232	-5.971519	-0.478560	 0.320018	-2.139201	-1.510041	 0.746381
-0.505445	-0.909906	-0.653194	-0.469536	-5.391258	-1.221216	-5.947633	-0.478560	 0.308177	-2.133574	-1.504000	 0.743396
-0.503423	-0.906267	-0.431881	-0.469536	-5.369689	-1.216773	-5.923842	-0.478560	 0.302256	-2.126505	-1.497984	 0.740422
-0.501410	-0.902642	-0.821224	-0.469536	-5.848208	-0.712128	-5.900147	-0.478560	 0.299296	-2.118731	-1.491993	 0.737460
-0.500403	-0.899031	-1.013475	-0.469536	-6.074814	-0.459805	-5.876546	-0.478560	 0.297816	-2.110622	-1.486025	 0.734511
-0.499899	-0.895435	-0.607188	-0.469536	-6.175515	-0.333643	-5.853040	-0.478560	 0.297076	-2.102363	-1.480080	 0.731572
-0.499648	-0.891853	-0.404045	-0.469536	-6.213312	-0.270563	-5.829628	-0.478560	 0.296706	-2.094045	-1.474160	 0.728646
-0.499522	-0.888286	-0.802474	-0.469536	-6.219709	-0.739022	-5.806310	-0.478560	 0.296521	-2.585715	-1.468264	 0.725732
-0.499459	-0.884733	-0.999286	-0.469536	-6.210455	-0.970837	-5.783084	-0.478560	 0.296428	-2.825395	-1.462390	 0.722829
-0.499427	-0.881194	-1.095300	-0.469536	-6.193426	-1.084339	-5.759952	-0.478560	 0.296382	-2.939105	-1.456541	 0.719937
-0.499412	-0.877669	-1.140925	-0.469536	-5.672558	-1.138695	-5.736912	-0.478560	 0.296359	-2.489854	-1.450715	 0.717058
-0.499404	-0.874158	-1.161364	-0.469536	-5.401821	-1.163486	-5.713964	-0.478560	 0.296347	-2.261147	-1.444912	 0.714189
-0.499400	-0.870662	-0.669220	-0.469536	-5.756190	-1.173505	-5.691109	-0.478560	 0.296341	-2.142729	-1.439132	 0.711333
-0.499398	-0.867179	-0.423148	-0.469536	-5.921154	-1.176148	-5.668344	-0.478560	 0.296338	-2.079472	-1.433376	 0.708487
-0.499397	-0.863710	-0.800112	-0.469536	-5.991463	-0.675112	-5.645671	-0.478560	 0.796337	-2.043810	-1.427642	 0.705653
-0.499396	-0.860255	-0.986239	-0.469536	-6.014495	-0.424594	-5.623088	-0.478560	 1.043744	-2.021963	-1.421932	 0.702831
-0.499396	-0.856814	-0.576959	-0.469536	-6.013935	-0.799334	-5.600596	 0.021440	 0.664865	-2.007040	-1.416244	 0.700019
-0.499396	-0.853387	-0.372318	-0.469536	-6.001629	-0.984357	-5.578193	 0.270397	 0.475425	-1.995594	-1.410579	 0.697219
-0.499396	-0.849974	-0.269998	-0.469536	-5.983497	-1.074529	-5.555881	 0.393837	 0.380705	-1.985902	-1.404937	 0.694430
-0.499396	-0.846574	-0.718838	-0.469536	-5.962500	-0.617286	-5.533657	-0.045478	 0.333345	-1.977104	-1.399317	 0.691653
-0.499396	-0.843187	-0.940922	-0.469536	-5.940119	-0.388664	-5.511522	-0.265135	 0.309666	-1.968768	-1.393720	 0.688886
-0.499396	-0.839815	-1.049639	-0.469536	-5.917093	-0.774354	-5.489476	-0.374964	 0.297826	-1.960680	-1.388145	 0.686131
-0.499396	-0.836455	-1.101680	-0.469536	-5.893791	-0.964878	-5.467518	-0.429878	 0.291906	-1.952730	-1.382592	 0.683386
-0.499396	-0.833110	-0.625393	-0.469536	-5.870400	-0.557830	-5.445648	-0.457335	 0.288946	-1.944866	-1.377062	 0.680653
-0.499396	-0.829777	-0.387250	-0.469536	-5.847010	-0.354305	-5.423866	-0.471064	 0.287466	-1.937060	-1.371554	 0.677930
-0.499396	-0.826458	-0.268178	-0.469536	-5.823668	-0.252543	-5.402170	-0.477928	 0.786726	-1.929298	-1.366067	 0.675218
-0.499396	-0.823152	-0.208643	-0.469536	-5.800396	-0.201662	-5.380562	-0.481360	 1.033784	-1.921574	-1.360603	 0.672517
-0.499396	-0.819860	-0.178875	-0.469536	-5.777206	-0.176222	-5.359039	-0.483076	 1.154751	-1.913885	-1.355161	 0.669827
-0.499396	-0.816580	-0.663991	-0.469536	-5.754103	-0.663501	-5.337603	-0.483934	 0.712683	-1.906227	-1.349740	 0.667148
-0.499396	-0.813314	-0.904250	-0.469536	-5.731089	-0.904840	-5.316253	-0.484363	 0.491649	-1.898602	-1.344341	 0.664479
-0.999396	-0.810061	-1.022091	-0.469536	-5.708167	-0.523216	-5.294988	-0.484578	 0.381132	-1.891007	-1.338964	 0.661821
-1.246397	-0.806820	-1.078732	-0.469536	-5.685335	-0.332405	-5.273808	-0.484685	 0.325874	-1.883443	-1.333608	 0.659174
-1.366911	-0.803593	-0.604781	-0.469536	-5.662594	-0.236999	-5.252713	-0.484739	 0.298245	-1.875909	-1.328273	 0.656537
-1.424193	-0.800379	-0.367806	-0.469536	-5.639943	-0.189296	-5.231702	-0.484766	 0.284430	-1.868405	-1.322960	 0.653911
-0.949871	-0.797177	-0.749319	-0.469536	-5.617384	-0.165445	-5.210775	-0.484779	 0.277523	-1.860931	-1.317668	 0.651296
-0.712710	-0.793988	-0.937813	-0.469536	-5.594914	-0.153519	-5.189932	-0.484786	 0.274069	-1.853488	-1.312398	 0.648690
-0.594130	-0.790812	-1.029808	-0.469536	-5.572535	-0.147556	-5.169172	-0.484789	 0.272342	-1.846074	-1.307148	 0.646096
-0.534839	-0.787649	-1.073562	-0.469536	-5.550244	-0.144575	-5.148495	-0.484791	 0.771479	-1.838689	-1.301920	 0.643511
-0.505194	-0.784499	-1.093204	-0.469536	-5.528043	-0.143084	-5.127901	-0.484792	 1.018506	-1.831335	-1.296712	 0.640937
-0.490372	-0.781361	-0.600799	-0.469536	-5.505931	-0.642339	-5.107390	-0.484792	 1.139488	-1.824009	-1.291525	 0.638374
-0.482960	-0.778235	-0.354597	-0.469536	-5.483908	-0.889683	-5.086960	-0.484792	 1.197459	-1.816713	-1.286359	 0.635820
-0.479255	-0.775122	-0.731496	-0.469536	-5.461972	-0.511081	-5.066612	-0.484792	 1.223933	-1.809446	-1.281214	 0.633277
-0.477402	-0.772022	-0.917728	-0.469536	-5.440124	-0.321780	-5.046346	-0.484792	 1.234669	-1.802209	-1.276089	 0.630744
-0.476475	-0.768934	-0.508637	-0.469536	-5.418364	-0.227129	-5.026161	-0.484792	 0.737547	-1.795000	-1.270984	 0.628221
-0.476012	-0.765858	-0.304091	-0.469536	-5.396690	-0.179804	-5.006056	-0.484792	 0.488985	-1.787820	-1.265900	 0.625708
-0.475781	-0.762794	-0.201818	-0.469536	-5.375103	-0.156141	-4.986032	-0.484792	 0.364705	-1.780669	-1.260837	 0.623205
-0.475665	-0.759743	-0.150682	-0.469536	-5.353603	-0.644310	-4.966088	-0.484792	 0.802564	-1.773546	-1.255793	 0.620712
-0.475607	-0.756704	-0.125113	-0.469536	-5.332189	-0.886129	-4.946223	-0.484792	 1.019013	-1.766452	-1.250770	 0.618229
-0.475578	-0.753678	-0.612329	-0.469536	-5.310860	-0.504783	-4.926438	-0.484792	 0.624767	-1.759386	-1.245767	 0.615756
-0.475564	-0.750663	-0.853738	-0.469536	-5.289616	-0.314110	-4.906733	-0.484792	 0.427644	-1.752348	-1.240784	 0.613293
-0.475556	-0.747660	-0.472252	-0.469536	-5.268458	-0.218774	-4.887106	-0.484792	 0.829082	-1.745339	-1.235821	 0.610840
-0.475553	-0.744670	-0.281509	-0.469536	-5.247384	-0.171105	-4.867557	-0.484792	 1.027340	-1.738358	-1.230878	 0.608397
-0.475551	-0.741691	-0.186138	-0.469536	-5.226394	-0.147271	-4.848087	-0.484792	 0.624018	-1.731404	-1.225954	 0.605963
-0.475550	-0.738724	-0.138452	-0.469536	-5.205489	-0.135354	-4.828695	-0.484792	 0.422357	-1.724479	-1.221050	 0.603539
-0.475550	-0.735769	-0.114609	-0.469536	-5.184667	-0.129396	-4.809380	-0.484792	 0.321527	-1.717581	-1.216166	 0.601125
-0.475549	-0.732826	-0.102688	-0.469536	-5.163928	-0.126416	-4.790142	-0.484792	 0.271111	-1.710710	-1.211301	 0.598721
-0.475549	-0.729895	-0.096727	-0.469536	-5.143273	-0.124927	-4.770982	-0.484792	 0.245904	-1.703867	-1.206456	 0.596326
-0.475549	-0.726975	-0.093747	-0.469536	-5.122699	-0.624182	-4.751898	-0.484792	 0.733300	-1.697052	-1.201630	 0.593941
-0.475549	-0.724067	-0.092257	-0.469536	-5.102209	-0.871563	-4.732890	-0.484792	 0.974556	-1.690264	-1.196824	 0.591565
-0.475549	-0.721171	-0.091511	-0.469536	-5.081800	-0.993015	-4.713959	-0.484792	 1.092753	-1.683503	-1.192037	 0.589198
-0.475549	-0.718286	-0.091139	-0.469536	-5.061473	-1.051512	-4.695103	-0.484792	 1.149430	-1.676769	-1.187268	 0.586842
-0.475549	-0.715413	-0.090953	-0.469536	-5.041227	-1.078541	-4.676323	-0.484792	 1.175356	-1.670062	-1.182519	 0.584494
-0.475549	-0.712552	-0.090860	-0.469536	-5.021062	-1.089844	-4.657617	-0.484792	 1.185916	-1.663381	-1.177789	 0.582156
-0.475549	-0.709701	-0.090813	-0.469536	-5.000978	-1.093293	-4.638987	-0.484792	 1.188803	-1.656728	-1.173078	 0.579828
-0.475549	-0.706863	-0.090790	-0.469536	-4.980974	-1.092825	-4.620431	-0.484792	 1.187864	-1.650101	-1.168386	 0.577508
-0.475549	-0.704035	-0.090778	-0.469536	-4.961050	-1.090405	-4.601949	-0.484792	 1.185020	-1.643501	-1.163712	 0.575198
-0.475549	-0.701219	-0.090772	-0.469536	-4.941206	-1.087020	-4.583541	-0.484792	 0.681234	-1.636927	-1.159057	 0.572898
-0.475549	-0.698414	-0.090769	-0.469536	-4.921441	-1.083160	-4.565207	-0.484792	 0.429341	-1.630379	-1.154421	 0.570606
-0.475549	-0.695620	-0.090768	-0.469536	-4.901755	-1.079071	-4.546946	-0.484792	 0.803394	-1.623857	-1.149804	 0.568324
-0.475549	-0.692838	-0.090767	-0.469536	-4.882148	-1.074877	-4.528759	-0.484792	 0.988066	-1.617362	-1.145204	 0.566050
-0.475549	-0.690067	-0.090767	-0.469536	-4.862619	-0.570638	-4.510643	-0.484792	 0.578056	-1.610892	-1.140624	 0.563786
-0.475549	-0.687306	-0.090767	-0.469536	-4.843169	-0.318519	-4.492601	-0.484792	 0.373052	-1.604449	-1.136061	 0.561531
-0.475549	-0.684557	-0.090766	-0.469536	-4.823796	-0.192460	-4.474631	-0.484792	 0.270549	-1.598031	-1.131517	 0.559285
-0.475549	-0.681819	-0.090766	-0.469536	-4.804501	-0.129430	-4.456732	 0.015208	 0.719298	-1.591639	-1.126991	 0.557048
-0.475549	-0.679092	-0.090766	-0.469536	-4.785283	-0.097915	-4.438905	 0.264177	 0.941336	-1.585272	-1.122483	 0.554819
-0.475549	-0.676375	-0.090766	-0.469536	-4.766142	-0.582157	-4.421149	-0.112364	 1.050029	-1.578931	-1.117993	 0.552600
-0.475549	-0.673670	-0.090766	-0.469536	-4.747077	-0.822146	-4.403465	-0.300635	 1.102057	-1.572616	-1.113521	 0.550390
-0.475549	-0.670975	-0.090766	-0.469536	-4.728089	-0.940016	-4.385851	-0.894770	 1.125764	-1.566325	-1.109067	 0.548188
-0.475549	-0.668291	-0.090766	-0.469536	-4.709177	-0.996835	-4.368308	-1.188860	 1.135318	-1.560060	-1.104631	 0.545995
-0.475549	-0.665618	-0.090766	-0.469536	-4.690340	-0.523137	-4.350834	-0.832939	 1.137805	-1.553820	-1.100212	 0.543812
-0.475549	-0.662956	-0.090766	-0.469536	-4.671579	-0.286288	-4.333431	-0.654979	 1.136768	-1.547604	-1.095811	 0.541636
-0.475549	-0.660304	-0.090766	-0.469536	-4.652892	-0.167864	-4.316097	-0.565999	 1.133978	-1.541414	-1.091428	 0.539470
-0.475549	-0.657662	-0.090766	-0.469536	-4.634281	-0.108652	-4.298833	-0.521509	 1.130321	-1.535248	-1.087062	 0.537312
-0.475549	-0.655032	-0.090766	-0.469536	-4.615744	-0.079046	-4.281638	-0.499263	 1.126239	-1.529107	-1.082714	 0.535163
-0.475549	-0.652412	-0.090766	-0.469536	-4.597281	-0.564243	-4.264511	-0.488141	 1.121954	-1.522991	-1.078383	 0.533022
-0.475549	-0.649802	-0.090766	-0.469536	-4.578892	-0.804742	-4.247453	-0.482580	 1.117576	-1.516899	-1.074070	 0.530890
-0.475549	-0.647203	-0.090766	-0.469536	-4.560576	-0.922902	-4.230463	-0.479799	 1.113160	-1.510831	-1.069773	 0.528766
-0.475549	-0.644614	-0.090766	-0.469536	-4.542334	-0.979899	-4.213541	-0.478409	 1.108735	-1.504788	-1.065494	 0.526651
-0.475549	-0.642036	-0.090766	-0.469536	-4.524164	-0.506324	-4.196687	-0.477714	 1.104314	-1.498769	-1.061232	 0.524545
-0.475549	-0.639467	-0.090766	-0.469536	-4.506068	-0.269537	-4.179900	-0.477366	 1.099904	-1.492774	-1.056987	 0.522446
-0.475549	-0.636910	-0.590766	-0.469536	-4.488043	-0.651143	-4.163181	-0.477192	 1.095507	-1.486803	-1.052759	 0.520357
-0.475549	-0.634362	-0.838585	-0.469536	-4.470091	-0.839880	-4.146528	-0.477105	 1.091127	-1.480855	-1.048548	 0.518275
-0.475549	-0.631824	-0.960321	-0.469536	-4.452211	-0.932192	-4.129942	-0.477062	 1.086763	-1.474932	-1.044354	 0.516202
-0.475549	-0.629297	-0.519025	-0.469536	-4.434402	-0.976299	-4.113422	-0.477040	 1.082417	-1.469032	-1.040177	 0.514137
-0.475549	-0.626780	-0.298377	-0.469536	-4.416664	-0.996311	-4.096968	-0.477029	 1.078087	-1.463156	-1.036016	 0.512081
