-0.660091	-3.740053	 0.161424	 0.243126	-3.885332	-0.458070	-1.999846	-0.014567	 0.910770	-4.650064	-0.854946	 0.717350
-0.657451	-3.725093	-0.335511	 0.258722	-3.432289	-0.458070	-2.444002	-0.014562	 0.907132	-4.146997	-0.851527	 0.714481
-0.654821	-3.710192	-0.582314	 0.266519	-3.199809	-0.458070	-2.660304	-0.014559	 0.903507	-3.888175	-0.848121	 0.711623
-0.652202	-3.695352	-0.204057	 0.270418	-3.077634	-0.458070	-2.762702	-0.514557	 0.899894	-4.251506	-0.844728	 0.708777
-0.649593	-3.680570	-0.014929	 0.272368	-3.010636	-0.458070	-2.808171	-0.762527	 0.896295	-4.423942	-0.841349	 0.705941
-0.646995	-3.665848	-0.420365	 0.273342	-2.971249	-0.458070	-2.825198	-0.384491	 0.892710	-4.000967	-0.837984	 0.703118
-0.644407	-3.651185	-0.621431	 0.273830	-2.945692	-0.458070	-2.828027	-0.195473	 0.889140	-3.782323	-0.834632	 0.700305
-0.641829	-3.636580	-0.720319	-0.225927	-3.427074	-0.958070	-2.323780	-0.100964	 0.885583	-3.665874	-0.831293	 0.697504
-0.639262	-3.622034	-0.768125	-0.474353	-3.659947	-1.205154	-2.068017	-0.053710	 0.882041	-3.600551	-0.827968	 0.694714
-0.636705	-3.607545	-0.790396	-0.597121	-3.768599	-1.325791	-1.936511	-0.030083	 0.878513	-3.560819	-0.824656	 0.691935
-0.634158	-3.593115	-0.299906	-0.157065	-3.315170	-1.383217	-1.867148	-0.018269	 0.874999	-3.533910	-0.821358	 0.689167
-0.631621	-3.578743	-0.054661	 0.062963	-3.082732	-1.409049	-1.828871	-0.012362	 0.871499	-3.513442	-0.818072	 0.686411
-0.629095	-3.564428	-0.432039	 0.172977	-2.960812	-1.419095	-2.306152	-0.009409	 0.868013	-3.496222	-0.814800	 0.683665
-0.626579	-3.550170	-0.619109	 0.227984	-2.894175	-1.421260	-2.539225	-0.007932	 0.864541	-3.480654	-0.811541	 0.680930
-0.624072	-3.535969	-0.211031	 0.255487	-3.355201	-0.919495	-2.650217	-0.507194	 0.861083	-3.465940	-0.808295	 0.678207
-0.621576	-3.521826	-0.006993	 0.269239	-3.578081	-0.668613	-2.700191	-0.754812	 0.857638	-3.451681	-0.805061	 0.675494
-1.119090	-3.507738	-0.404973	-0.223885	-3.181920	-0.543172	-2.219677	-0.376616	 0.854208	-3.937676	-0.801841	 0.672792
-1.364613	-3.493707	-0.602358	-0.469013	-2.978268	-0.480451	-1.975942	-0.187518	 0.850791	-4.171826	-0.798634	 0.670101
-1.484155	-3.479732	-0.699450	-0.590149	-2.870892	-0.449091	-1.850610	-0.092969	 0.847388	-4.280090	-0.795439	 0.667420
-1.040718	-3.465814	-0.746404	-0.149294	-2.811677	-0.433411	-1.784493	-0.045694	 0.843998	-3.825444	-0.792257	 0.664751
-0.817805	-3.451950	-0.768294	 0.071133	-2.776565	-0.425571	-1.747998	-0.022057	 0.840622	-3.591380	-0.789088	 0.662092
-0.705159	-3.438142	-0.277658	 0.181347	-2.753526	-0.421651	-1.726328	-0.010239	 0.837260	-3.467634	-1.285932	 0.659443
-0.647651	-3.424390	-0.032340	 0.236453	-2.736546	-0.419691	-1.712083	-0.004329	 0.833911	-3.399072	-1.530788	 0.656806
-1.117717	-3.410692	 0.090318	 0.264007	-2.722616	-0.418711	-2.201565	-0.001375	 0.830575	-3.358131	-1.149665	 0.654178
-1.349574	-3.397050	 0.151648	 0.277784	-2.710234	-0.418221	-2.440924	 0.000103	 0.827253	-3.331026	-0.957567	 0.651562
-1.462340	-3.383461	 0.182313	-0.215328	-2.698647	-0.417976	-2.555243	-0.499159	 0.823944	-3.310865	-0.859986	 0.648955
-1.515572	-3.369928	 0.197645	-0.460467	-2.687480	-0.417853	-2.607064	-0.746792	 0.820648	-3.294204	-0.809671	 0.646360
-1.039051	-3.356448	 0.205311	-0.581625	-2.676544	-0.417792	-2.127656	-0.868621	 0.817365	-3.279318	-0.782995	 0.643774
-0.799665	-3.343022	 0.209144	-0.640799	-2.665744	-0.417761	-1.884656	-0.927554	 0.814096	-3.265346	-0.768144	 0.641199
-0.678852	-3.329650	 0.211061	-0.668986	-2.655035	-0.417746	-1.759872	-0.955047	 0.810839	-3.251857	-0.759212	 0.638634
-0.617329	-3.316331	 0.212019	-0.181685	-2.644391	-0.417738	-1.694210	-0.466829	 0.807596	-3.238636	-0.753246	 0.636080
-0.585456	-3.303066	 0.212498	 0.061966	-2.633802	-0.417735	-1.658122	-0.222720	 0.804366	-3.225575	-0.748768	 0.633535
-0.568412	-3.289854	 0.212738	 0.183791	-2.623261	-0.417733	-1.636834	-0.100665	 0.801148	-3.212619	-0.745041	 0.631001
-0.558788	-3.276694	 0.212858	 0.244704	-2.612765	-0.417732	-1.622959	-0.039638	 0.797944	-3.199742	-0.741694	 0.628477
-0.552877	-2.763588	 0.212917	 0.275160	-2.602312	-0.417731	-1.612803	-0.009124	 0.794752	-3.186930	-0.738544	 0.625963
-0.548828	-2.502533	 0.212947	 0.290388	-2.591902	-0.417731	-1.604520	 0.006133	 0.791573	-3.174175	-0.735499	 0.623459
-0.545714	-2.867523	 0.212962	 0.298002	-2.581534	-0.417731	-1.597186	 0.513761	 0.788407	-3.161475	-0.732511	 0.620966
-0.543072	-3.043553	 0.212970	 0.301809	-2.571208	-0.417731	-1.590339	 0.765532	 0.785253	-3.148828	-0.729558	 0.618482
-0.540670	-3.125129	 0.212974	 0.303713	-2.560923	-0.417731	-1.583749	 0.889383	 0.782112	-3.136231	-0.726628	 0.616008
-0.538392	-3.159503	 0.212975	 0.304664	-2.550679	-0.417731	-1.577299	 0.449283	 0.778983	-3.123686	-0.723716	 0.613544
-0.536181	-3.170303	 0.212976	 0.305140	-2.540477	-0.417731	-1.570933	 0.229232	 0.775868	-3.111191	-0.720818	 0.611090
-0.534008	-3.169340	 0.212977	 0.305378	-2.530315	-0.417731	-1.564621	 0.119207	 0.772764	-3.098746	-0.717934	 0.608645
-0.531857	-3.162522	 0.212977	 0.305497	-2.520193	-0.417731	-1.558348	 0.064194	 0.769673	-3.086351	-0.715061	 0.606211
-0.529723	-3.152802	 0.212977	 0.305557	-2.510113	-0.417731	-1.552107	 0.536688	 0.766594	-3.074006	-0.712201	 0.603786
-0.527600	-3.141656	 0.212977	 0.305586	-2.500072	-0.417731	-1.545895	 0.770916	 0.763528	-3.061710	-0.709352	 0.601371
-0.525488	-2.629821	 0.212977	 0.305601	-1.990072	 0.082269	-1.039710	 0.886020	 1.260474	-2.549463	-0.706514	 0.598965
-0.523385	-2.369668	 0.212977	 0.305609	-1.732112	 0.331105	-0.785550	 0.941570	 1.505432	-2.289265	-0.703688	 0.596569
-0.521291	-2.235373	 0.212977	 0.305612	-1.600183	 0.454363	-0.657408	 0.967351	 1.624410	-2.155108	-0.700873	 0.594183
-0.019206	-1.664023	 0.712977	 0.305614	-0.531283	 1.014836	 0.407722	 1.478255	 1.680413	-1.083988	-0.198070	 0.591806
 0.231837	-1.376162	 0.960551	 0.305615	 0.002093	 1.291923	 0.937342	 1.729728	 1.704941	-0.548427	 0.053332	 0.589439
 0.857358	 2.269944	 1.581922	 0.805616	 4.267709	 1.927328	 5.199217	 2.351503	 2.213746	 4.719353	 1.179033	 1.087081
 1.167153	 4.081166	 1.888201	 1.053005	 6.383451	 2.239905	 7.311233	 2.656444	 2.462704	 7.333268	 1.737274	 1.332733
 2.319097	 7.474991	 2.036951	 1.674098	 9.424323	 2.391088	 9.848394	 2.302991	 1.081759	 14.120332	 3.011803	-0.047598
 2.888127	 9.150167	 2.106955	 1.980055	 10.919829	 2.461596	 11.092204	 2.122366	 0.391287	 17.472049	 3.640495	-0.734908
 4.165727	 14.466104	 1.637603	 1.628461	 15.642751	 2.491785	 14.189437	 1.528170	-0.953949	 23.606260	 4.446303	-2.575718
 4.793641	 17.084508	 1.400591	 1.450110	 17.963481	 2.501836	 15.703480	 1.229204	-1.621969	 26.613884	 4.838703	-3.487290
 5.096754	 18.354305	 1.279757	 1.358392	 19.083278	 2.501837	 16.426066	 1.077860	-1.951399	 28.058454	 5.024440	-3.934278
 5.237511	 21.949954	 1.217023	 1.809999	 22.602770	 2.496834	 18.253062	 1.000335	-2.611552	 31.221732	 6.106889	-5.149010
 5.297133	 23.696688	 1.183347	 2.031279	 24.310271	 2.489349	 19.126400	 0.959727	-2.935085	 32.734602	 6.633734	-5.743648
 4.816231	 26.519168	 1.164210	 1.637414	 26.111986	 2.480643	 20.023069	 0.937585	-3.090335	 34.422541	 6.882836	-6.028291
 4.567109	 27.871725	 1.152351	 1.437995	 26.957017	 2.471346	 20.429565	 0.924683	-3.161468	 35.194290	 6.993123	-6.157986
 4.933912	 29.489555	 0.644140	 1.335808	 27.823928	 2.461773	 21.091140	 0.916409	-3.690570	 36.508233	 7.534059	-6.210259
 5.106712	 30.236255	 0.390035	 1.282247	 28.200002	 2.452083	 21.378422	 0.910455	-3.946681	 37.089559	 7.788378	-6.223870
 5.182553	 31.047639	 0.762983	 1.753009	 29.330886	 2.442353	 21.478732	 0.905669	-4.066331	 37.804881	 7.899452	-6.218200
 5.209957	 31.389613	 0.947184	 1.983943	 29.835405	 2.432622	 21.485729	 0.901475	-4.117785	 38.085501	 7.938967	-6.202941
 5.213184	 31.497137	 1.037023	 2.094980	 30.026985	 2.422911	 21.446242	 0.897583	-4.135173	 38.149079	 7.942768	-6.182935
 5.204365	 31.487690	 1.079688	 1.646087	 30.062337	 2.413229	 21.383685	 0.893849	-4.135562	 37.604443	 7.928776	-6.160607
 5.189564	 31.420009	 1.098776	 1.419245	 30.019818	 2.403581	 21.309764	 0.890203	-4.127484	 37.258005	 7.905950	-6.137166
 4.671814	 31.323465	 1.106084	 1.303440	 29.938604	 2.393970	 21.230332	 0.886606	-4.115207	 37.010963	 7.878771	-6.113218
 4.404631	 31.212738	 1.107512	 1.243162	 29.838282	 2.384395	 21.148314	 0.883042	-4.100862	 36.813914	 7.849478	-6.089066
 4.262765	 31.095171	 1.106007	 1.210657	 29.228645	 2.374858	 21.065173	 0.879501	-3.585517	 36.642156	 7.819191	-6.064860
 4.183590	 30.974433	 1.103046	 1.192049	 28.866589	 2.365359	 20.981638	 0.875978	-3.321704	 36.483336	 7.788470	-6.040675
 4.635793	 30.852356	 1.099366	 1.680397	 28.628552	 2.355898	 20.898074	 0.872472	-3.183681	 36.331277	 7.757594	-6.016550
 4.851719	 30.729857	 1.095334	 1.920234	 28.452752	 2.346474	 20.814663	 0.868981	-3.108579	 36.182889	 7.726702	-5.992503
 4.949547	 30.607393	 1.091135	 2.035833	 28.308298	 2.337088	 20.731495	 0.865504	-3.064961	 36.036626	 7.695865	-5.968542
 4.988366	 30.485191	 1.086862	 2.089329	 28.179744	 2.327740	 20.648615	 0.862042	-3.037109	 35.891714	 7.665116	-5.944673
 4.997721	 30.363364	 1.082560	 2.111791	 28.059364	 2.318429	 20.566043	 0.858594	-3.017164	 35.747765	 7.634473	-5.920896
 4.492385	 30.241967	 1.078253	 2.118754	 27.943296	 1.809155	 20.483790	 0.855159	-3.001198	 35.104582	 7.603944	-5.897214
 4.231742	 30.121028	 1.073952	 2.117984	 27.829608	 1.551919	 20.401861	 0.851739	-2.987244	 34.714068	 7.573532	-5.873626
 4.593479	 30.000558	 1.069661	 1.613365	 27.717332	 1.920711	 20.320256	 0.848332	-2.974321	 34.450164	 7.543240	-5.850132
 4.764437	 29.880563	 1.065386	 1.358837	 27.605984	 2.100528	 20.238976	 0.844938	-2.961936	 34.249839	 7.513069	-5.826731
 4.340045	 29.761044	 1.061126	 1.729365	 27.495320	 2.185876	 20.158021	 0.341559	-2.949845	 34.581578	 7.483017	-5.803424
 4.120018	 29.642002	 1.056882	 1.910429	 27.385220	 2.224007	 20.077390	 0.089869	-2.937923	 34.677621	 7.453085	-5.780211
 4.002204	 29.523435	 1.052655	 1.996778	 27.275619	 2.238549	 19.997080	-0.035976	-2.926111	 34.656095	 7.423273	-5.757090
 3.935528	 29.405341	 1.048444	 2.035787	 27.166486	 2.241313	 19.917092	 0.401101	-2.914376	 34.576063	 7.393580	-5.734061
 3.894453	 29.287720	 1.044250	 2.051141	 27.057805	 2.238208	 19.837424	 0.617964	-2.902703	 34.467054	 7.364006	-5.711125
 3.866208	 29.170569	 1.040073	 2.054685	 26.949567	 2.232184	 19.758074	 0.724725	-2.891085	 33.843834	 7.334550	-5.688281
 3.844410	 29.053887	 1.035913	 2.052341	 26.841765	 2.224721	 19.679042	 0.776443	-2.879517	 33.465783	 7.305211	-5.665528
 4.325866	 28.437672	 1.031770	 2.047069	 26.734396	 2.216554	 19.600325	 0.800646	-2.867997	 33.210582	 7.275991	-5.642865
 4.556979	 28.073921	 1.027642	 2.040349	 26.627457	 2.208054	 19.521924	 0.811097	-2.856524	 33.017071	 7.246887	-5.620294
 4.162960	 28.336625	 0.523532	 2.032922	 26.520947	 2.199405	 19.443836	 1.314680	-2.845097	 32.854668	 7.217899	-5.597813
 3.958412	 28.410779	 0.271477	 2.025158	 26.414863	 2.190699	 19.366061	 1.562835	-2.833717	 32.708082	 7.189027	-5.575422
 3.848630	 28.390886	 0.145449	 2.017241	 26.309203	 2.181982	 19.288597	 1.683290	-2.822382	 32.569666	 7.160271	-5.553120
 3.786262	 27.824197	 0.082435	 2.009263	 26.203967	 2.173277	 19.211443	 1.239911	-2.811092	 32.435595	 7.131630	-5.530907
 3.747630	 27.486338	 0.050928	 2.001272	 26.099151	 2.164595	 19.134597	 1.016628	-2.799848	 32.303957	 7.103104	-5.508784
 4.220896	 27.263111	 0.535175	 0.993290	 25.994754	 2.155942	 19.058058	 0.903399	-3.288648	 32.173793	 7.074691	-5.486749
 4.448140	 27.097418	 0.775259	 0.489299	 25.890775	 2.147322	 18.981826	 0.845205	-3.525494	 32.044624	 7.046393	-5.464802
 4.552412	 26.960708	 0.893271	 0.737304	 25.787212	 1.638734	 18.905899	 0.814534	-3.136392	 31.916209	 7.018207	-5.442942
 4.595234	 26.838705	 0.950254	 0.859335	 25.684063	 1.382180	 18.830275	 0.797630	-2.936346	 31.788425	 6.990134	-5.421171
 4.107370	 27.224270	 0.976731	 0.918388	 25.581327	 1.751651	 18.754954	 0.787617	-2.830851	 31.161212	 6.462174	-4.899486
 3.856198	 27.361833	 0.987963	 0.945960	 25.479001	 1.932145	 18.679934	 0.781056	-2.772652	 30.786538	 6.186325	-4.629888
 3.723402	 27.375616	 0.991581	 0.957799	 25.377085	 2.018166	 18.605215	 0.776226	-2.738124	 30.538377	 6.036580	-4.486368
 3.649823	 25.327728	 0.991399	 0.961779	 23.775577	 2.056969	 17.030794	 0.772268	-2.715453	 27.353716	 5.449933	-3.905923
 3.605881	 24.257225	 0.989326	 0.961837	 22.930475	 2.072178	 16.212671	 0.768752	-2.698732	 25.713047	 5.146884	-3.609049
 3.576786	 20.175600	 0.986315	 0.959943	 18.963753	 2.075608	 13.772820	 1.265464	-1.685007	 20.344568	 3.985671	-1.453988
 3.555143	 18.102599	 0.982843	 0.957079	 16.950398	 2.073165	 12.530229	 1.510296	-1.176802	 17.630377	 3.399416	-0.377860
 3.537255	 11.534040	 1.479148	 0.953739	 11.413846	 2.067802	 9.386358	 1.629201	-0.421363	 11.743449	 2.600662	 0.658808
 3.521272	 8.239829	 1.723350	 0.950168	 8.633816	 2.060996	 7.801937	 1.685158	-0.043643	 8.788271	 2.197681	 1.173751
 2.506270	 3.582832	 1.841515	 0.946490	 3.732093	 2.053484	 3.497292	 1.209654	 0.145217	 0.799017	-0.007399	 1.427845
 1.995786	 1.256482	 1.896679	 0.942765	 1.283571	 2.045637	 1.346584	 0.970434	 0.239647	-3.181230	-1.105514	 1.551528
 1.737574	 0.095447	 1.920357	 0.939024	 0.061640	 2.037637	 0.272838	 0.849361	 0.286862	-5.157031	-1.650164	 1.610019
 0.605509	-3.982939	 1.428308	 0.435284	-3.547005	 1.029578	-2.262433	 0.287368	 0.310470	-7.630665	-1.918099	 1.635928
 0.040530	-6.006010	 1.180411	 0.183413	-5.337016	 0.525549	-3.520473	 0.006372	 0.322273	-8.847274	-2.047695	 1.645558
-0.240911	-7.501487	 0.554597	 0.057478	-6.717768	-0.226466	-4.639936	-0.634127	 0.328175	-9.935451	-2.108138	 1.647063
-0.380587	-8.231232	 0.241691	-0.005490	-7.391947	-0.600516	-5.188149	-0.951826	 0.331126	-10.457492	-2.134023	 1.644519
-0.949384	-8.578182	 0.085237	-0.036974	-7.712904	-0.785593	-5.950782	-0.608137	 0.332602	-10.696553	-2.142645	 1.639962
-1.230746	-8.733807	 0.007011	-0.052715	-7.857315	-0.876189	-6.318672	-0.436293	 0.333339	-10.794213	-2.142654	 1.634413
-1.368403	-8.793840	-0.032103	-0.560586	-8.413517	-0.919554	-5.989244	-0.350370	 0.333708	-10.821259	-2.138373	 1.628381
-1.434220	-8.806149	-0.051659	-0.812385	-8.673678	-0.939311	-5.813210	-0.307409	 0.333893	-10.813085	-2.131964	 1.622120
-1.464128	-8.794667	-0.061438	-0.936156	-8.785891	-0.947271	-5.713919	-0.285929	 0.333985	-10.787388	-2.124509	 1.615758
-1.476094	-8.771360	-0.066327	-0.995921	-8.324201	-0.949340	-6.153044	-0.275188	 0.334031	-10.753017	-2.116547	 1.609358
-1.479101	-8.742210	-0.068772	-1.023693	-8.077632	-0.948472	-6.359423	-0.269818	 0.334054	-10.714394	-2.108349	 1.602953
-1.477640	-8.710209	-0.069994	-0.535476	-8.438685	-1.446143	-6.449480	-0.767133	 0.334066	-11.173730	-2.100049	 1.096557
-1.473957	-8.676852	-0.070605	-0.291367	-8.601612	-1.691091	-6.481430	-1.013262	 0.334071	-11.380133	-2.091716	 0.842178
-1.469175	-8.642886	-0.570911	-0.669313	-8.665546	-1.809693	-6.484378	-1.133807	-0.165926	-11.460161	-2.083383	 0.713814
-1.463855	-8.608686	-0.818921	-0.856191	-8.680054	-1.865137	-6.472877	-1.191571	-0.414593	-11.477095	-2.075066	 0.648460
-1.958278	-9.074436	-0.940792	-0.947544	-8.669919	-1.889018	-6.454204	-1.217955	-0.537599	-11.462573	-2.566774	 0.614617
-2.200584	-9.288231	-0.999603	-0.991143	-8.647532	-1.897133	-6.431997	-1.228658	-0.597782	-11.432417	-2.806511	 0.596534
-2.316852	-9.376125	-1.026891	-1.010873	-8.619088	-1.897380	-6.408073	-1.231530	-0.626557	-11.394534	-2.920287	 0.586336
-1.870119	-9.401143	-1.038427	-1.018676	-8.587685	-1.893708	-6.383343	-1.730498	-0.639634	-11.352879	-2.971107	 0.580085
-1.643906	-9.394800	-1.042095	-1.020525	-8.554871	-1.888092	-6.358261	-1.975523	-0.644867	-11.309429	-2.990473	 0.575811
-2.027964	-9.372852	-1.041837	-1.519405	-9.021420	-1.881519	-6.833053	-2.093594	-1.146183	-11.765172	-2.994137	 0.572531
-2.215169	-9.343176	-1.039625	-1.764808	-9.235718	-1.874482	-7.055834	-2.148207	-1.393546	-11.968602	-2.989973	 0.569753
-2.303967	-8.809711	-0.536444	-1.383490	-8.823967	-1.867229	-6.652667	-1.671107	-0.513946	-11.045973	-2.981919	 1.067230
-2.343580	-8.526426	-0.284854	-1.190826	-8.601268	-1.859883	-6.438585	-1.430169	-0.074146	-10.564412	-2.971945	 1.312839
-1.858621	-8.368297	-0.659059	-1.092498	-8.973161	-1.352505	-6.319094	-1.307322	 0.145754	-10.803465	-2.461033	 1.432526
-1.613393	-8.272813	-0.844095	-1.041345	-9.140417	-1.097125	-6.246950	-1.243529	 0.255704	-10.900907	-2.201678	 1.489266
-1.488043	-8.208716	-0.934554	-0.513789	-8.705430	-0.967752	-6.198528	-1.209274	 0.310679	-10.927631	-2.068115	 1.514543
-1.422643	-8.160378	-0.977734	-0.250010	-8.471395	-0.901389	-6.162017	-1.189796	 0.338167	-10.419085	-1.997465	 1.524103
-1.387228	-8.119985	-0.997282	-0.118121	-8.337903	-0.866537	-6.131511	-1.177716	 0.351911	-10.144990	-1.958286	 1.525815
-1.366817	-8.083629	-1.005023	-0.552177	-8.254749	-1.347448	-6.104055	-1.169345	-0.141218	-9.988201	-1.934858	 1.023616
-1.353919	-8.049357	-1.006867	-0.767232	-8.196828	-1.584246	-6.078175	-1.162838	-0.386513	-9.890144	-1.919322	 0.771474
-1.344788	-8.016190	-0.505772	-0.872795	-8.151590	-1.199003	-6.053130	-1.157271	-0.007897	-9.821531	-1.907746	 1.144364
-1.337551	-7.983641	-0.255225	-0.923620	-8.112758	-1.004755	-6.028551	-1.152184	 0.181411	-9.767719	-1.898165	 1.327775
-1.331272	-7.951464	-0.129951	-0.947083	-8.077194	-1.406009	-6.004254	-0.647347	 0.276065	-9.721385	-1.889598	 1.416457
-1.325482	-7.919537	-0.067314	-0.956874	-8.043329	-1.603022	-5.980145	-0.394928	 0.323392	-9.678868	-1.881552	 1.457789
-1.319948	-7.887799	-0.035996	-0.959836	-8.010378	-1.697928	-5.956179	-0.268719	 0.347055	-9.638337	-1.873782	 1.475456
-1.314552	-7.856217	-0.020336	-0.959391	-7.977947	-1.741796	-5.932331	-0.205614	 0.358887	-9.598875	-1.866165	 1.481303
-1.309236	-7.824777	-0.012507	-0.957251	-7.945841	-1.760158	-5.908590	-0.174062	 0.364803	-9.560026	-1.858640	 1.481253
-1.303970	-7.793471	-0.508592	-0.454271	-7.913960	-1.265782	-5.884950	-0.658286	 0.367761	-9.521559	-1.851175	 1.478265
-1.298740	-7.762293	-0.754625	-0.202781	-7.882256	-1.017052	-5.861408	-0.898113	 0.369240	-9.483359	-1.843755	 1.473821
-1.293538	-7.731242	-0.875640	-0.077036	-7.850702	-0.891150	-5.837960	-0.515750	-0.130021	-9.445369	-1.836372	 1.468660
-1.288360	-7.700316	-0.934155	-0.014163	-7.819287	-0.826668	-5.814608	-0.324569	-0.378392	-9.407559	-1.829023	 1.463152
-1.283205	-7.669514	-0.461427	-0.482727	-7.788004	-1.292903	-5.791349	-0.728978	-0.001325	-9.369915	-1.821705	 1.457483
-1.278071	-7.638836	-0.225063	-0.715106	-7.756849	-1.522502	-5.768184	-0.928916	 0.187209	-9.332428	-1.814417	 1.451745
-1.272958	-7.608280	-0.106881	-0.329401	-7.725820	-1.133797	-5.745111	-0.526627	 0.281476	-9.295095	-1.807159	 1.445984
-1.267866	-7.577847	-0.047790	-0.136548	-7.694916	-0.937955	-5.722130	-0.325483	 0.328610	-9.257912	-1.799930	 1.440223
-1.262794	-7.547536	-0.018244	-0.040122	-7.664136	-0.838549	-5.699242	-0.224911	 0.352176	-9.220880	-1.792730	 1.434474
-1.257743	-7.517346	-0.503471	-0.491908	-7.633479	-1.287368	-5.676445	-0.174625	 0.363960	-9.683996	-1.785559	 1.428741
-1.252712	-7.487276	-0.744107	-0.715915	-7.602945	-1.508306	-5.653739	-0.149482	 0.369851	-9.895260	-1.778417	 1.423029
-1.247701	-7.457327	-0.862456	-0.826038	-7.572534	-1.115316	-5.631124	-0.136910	 0.372797	-9.980679	-1.771303	 1.417339
-1.242711	-7.427498	-0.919669	-0.879227	-7.542243	-0.917376	-5.608599	-0.130624	 0.374270	-10.003256	-1.764218	 1.411670
-1.237740	-7.397788	-0.446321	-0.903957	-7.512074	-1.316967	-5.586165	-0.627482	 0.375007	-9.494493	-1.757161	 1.406024
-1.232789	-7.368197	-0.209648	-0.914464	-7.482026	-1.513330	-5.563820	-0.873661	 0.375375	-9.222140	-1.750133	 1.400400
-1.227858	-7.338724	-0.091311	-0.417868	-7.452098	-1.108092	-5.541565	-0.494512	 0.375559	-9.068064	-1.743132	 1.394798
-1.222946	-7.309369	-0.032142	-0.169570	-7.422290	-0.904067	-5.519399	-0.304937	 0.375651	-8.973198	-1.736160	 1.389219
-1.218054	-7.280132	-0.002558	-0.045421	-7.392600	-0.800655	-5.497321	-0.210149	 0.375697	-8.908008	-1.729215	 1.383662
-1.213182	-7.251011	 0.012234	 0.016654	-7.363030	-0.747554	-5.475332	-0.162756	 0.375720	-8.857728	-1.722298	 1.378128
-1.208329	-7.222007	 0.019630	 0.047691	-7.333578	-0.719615	-5.453431	-0.139059	 0.375732	-8.814972	-1.715409	 1.372615
-1.203496	-7.193119	 0.023328	-0.436791	-7.304244	-0.704262	-5.431617	-0.627210	 0.375737	-8.776050	-1.708547	 1.367125
-1.198682	-7.164346	 0.025177	-0.677189	-7.275027	-0.695207	-5.409890	-0.869055	 0.375740	-8.739115	-1.701713	 1.361656
-1.193887	-7.135689	 0.026102	-0.795553	-7.245926	-1.189308	-5.388251	-0.487756	 0.375742	-8.703243	-1.694906	 1.356210
-1.189112	-7.107146	 0.026564	-0.852907	-7.216943	-1.432991	-5.366698	-0.297107	 0.375742	-8.667972	-1.688127	 1.350785
-1.184355	-7.078718	 0.026795	-0.879763	-7.188075	-1.051480	-5.345231	-0.701782	 0.375743	-8.633072	-1.681374	 1.345382
-1.174900	-7.022201	 0.026968	-0.895380	-7.130685	-0.762001	-5.302555	-0.999765	 0.375743	-8.563974	-1.667950	 1.334640
-1.170200	-6.994112	-0.473003	-0.395582	-7.102163	-0.711981	-5.281345	-0.546499	 0.375743	-8.529690	-1.661278	 1.329302
-1.165519	-6.966136	-0.721042	-0.145683	-7.073754	-0.685647	-5.260219	-0.319866	 0.375743	-8.495556	-1.654633	 1.323984
-1.160857	-6.938271	-0.343124	-0.520733	-7.045459	-1.171161	-5.239178	-0.206549	 0.375743	-8.461567	-1.648015	 1.318688
-1.156214	-6.910518	-0.154165	-0.706467	-7.017277	-1.410605	-5.218222	-0.149891	 0.375743	-8.427717	-1.641423	 1.313414
-1.151589	-6.882876	-0.059685	-0.797549	-6.989208	-1.527027	-5.197349	-0.121562	 0.375743	-8.394005	-1.634857	 1.308160
-1.146982	-6.855345	-0.012446	-0.841313	-6.961251	-1.581951	-5.176559	-0.107397	 0.375743	-8.360428	-1.628317	 1.302927
-1.142394	-6.827923	-0.488826	-0.861425	-6.933406	-1.606139	-5.155853	-0.600315	 0.375743	-7.826986	-1.621804	 1.297716
-1.137825	-6.800612	-0.725085	-0.869718	-6.905673	-1.614972	-5.135230	-0.844587	 0.375743	-7.545677	-1.615317	 1.292525
-1.133274	-6.773409	-0.841292	-0.872108	-6.878050	-1.616142	-5.114689	-0.964546	 0.375743	-7.390495	-1.608856	 1.287355
-1.128740	-6.746316	-0.897481	-0.871555	-6.850538	-1.113491	-5.094230	-0.522356	 0.375743	-7.798433	-1.602420	 1.282205
-1.124226	-6.719330	-0.923668	-0.869536	-6.823136	-0.860945	-5.073853	-0.301261	 0.375743	-7.985989	-1.596011	 1.277076
-1.119729	-6.692453	-0.934862	-0.366791	-6.795843	-0.733455	-5.053558	-0.190714	 0.375743	-8.063420	-1.589627	 1.271968
-1.115250	-6.665683	-0.938566	-0.115419	-6.768660	-0.668498	-5.033343	-0.135440	 0.375743	-8.085854	-1.583268	 1.266880
-1.110789	-6.639021	-0.438534	 0.010267	-6.741585	-1.134812	-5.013210	-0.107803	 0.375743	-7.580854	-1.576935	 1.261813
-1.106346	-6.612464	-0.188518	 0.073110	-6.714619	-1.364767	-4.993157	-0.093985	 0.375743	-7.314202	-1.570627	 1.256765
-1.101920	-6.586015	-0.563510	 0.104532	-6.687760	-0.976555	-4.973185	-0.087075	 0.375743	-7.666782	-1.564345	 1.251738
-1.097512	-6.559671	-0.749129	 0.120242	-6.661009	-0.781272	-4.953292	-0.083621	 0.375743	-7.827032	-1.558087	 1.246731
-1.093122	-6.533432	-0.840069	 0.128098	-6.634365	-0.682459	-4.933479	-0.081893	 0.375743	-7.891183	-1.551855	 1.241745
-1.088750	-6.507298	-0.383677	-0.367974	-6.607828	-0.631885	-4.913745	-0.581030	 0.375743	-7.407348	-1.545648	 1.236778
-1.084395	-6.481269	-0.155481	-0.614283	-6.581396	-0.605436	-4.894090	-0.828438	 0.375743	-7.151583	-1.539465	 1.231830
-1.080057	-6.455344	-0.041383	-0.235715	-6.555071	-0.591053	-4.874513	-0.949990	 0.375743	-7.509909	-1.533307	 1.226903
-1.075737	-6.429522	 0.015666	-0.046432	-6.528850	-0.582708	-4.855015	-1.008623	 0.375743	-7.673336	-1.527174	 1.221996
-1.071434	-6.403804	 0.044190	 0.048210	-6.502735	-0.577387	-4.835595	-0.535805	 0.375743	-7.739376	-1.521065	 1.217108
-1.067148	-6.378189	 0.058453	 0.095531	-6.476724	-0.573582	-4.816253	-0.299396	 0.375743	-7.756785	-1.514981	 1.212239
-1.062880	-6.352676	 0.065584	 0.119191	-5.950817	-1.070540	-4.796988	-0.681191	 0.375743	-7.749941	-1.508921	 1.207390
-1.058628	-6.327266	 0.069149	 0.131022	-5.677014	-1.315884	-4.777800	-0.869963	 0.375743	-7.731033	-1.502885	 1.202561
-1.054394	-6.301957	 0.070932	 0.136937	-5.529306	-1.435434	-4.758689	-0.962232	 0.375743	-7.706154	-1.496874	 1.197750
-1.050176	-6.276749	 0.071824	 0.139894	-5.444689	-0.992099	-4.739654	-0.506257	 0.375743	-7.678353	-1.490886	 1.192959
-1.045976	-6.251642	 0.072269	 0.141373	-5.391660	-0.769334	-4.720695	-0.278269	 0.375743	-7.649151	-1.484923	 1.188187
-1.041792	-6.226635	 0.072492	-0.357888	-5.354468	-0.656858	-4.701813	-0.164276	 0.375743	-7.619310	-1.478983	 1.183435
-1.037624	-6.201729	 0.072603	-0.605804	-5.325238	-0.599531	-4.683005	-0.107279	 0.375743	-7.589210	-1.473067	 1.178701
-1.033474	-7.176922	 0.072659	-0.228054	-5.800031	-1.069784	-4.164273	-0.078780	 0.375743	-7.559043	-1.467175	 1.173986
-1.029340	-7.648214	 0.072687	-0.039179	-6.024877	-1.301830	-3.897616	-0.064531	 0.375743	-7.528901	-1.461306	 1.169290
-1.025223	-6.867621	 0.072701	 0.055258	-6.124801	-0.914785	-4.257026	-0.057407	 0.375743	-6.998832	-1.455461	 1.164613
-1.021122	-6.465151	 0.072708	 0.102477	-6.162314	-0.720207	-4.427498	-0.053844	 0.375743	-6.720861	-1.449639	 1.159955
-1.017037	-6.251790	 0.072711	 0.126086	-6.168671	-0.621867	-4.503538	-0.052063	 0.375743	-6.568989	-1.443841	 1.155315
-1.012969	-6.133033	 0.072713	-0.362109	-5.659499	-0.571650	-4.532399	-0.551173	 0.375743	-6.480219	-1.438065	 1.150694
-1.008917	-6.061626	 0.072714	-0.604506	-5.394612	-0.545498	-4.537706	-0.798627	 0.375743	-6.423051	-1.432313	 1.146091
-1.504882	-6.013942	-0.427286	-0.724011	-5.751910	-0.531384	-4.531274	-0.420262	 0.375743	-6.881735	-1.426584	 1.141506
-1.748862	-5.978167	-0.675431	-0.782077	-5.918340	-0.523292	-4.519009	-0.231079	 0.375743	-7.096397	-1.420877	 1.136940
-1.366867	-5.948395	-0.297656	-0.809429	-5.989385	-0.518216	-4.503862	-0.636488	 0.375743	-7.189105	-1.415194	 1.132393
-1.173899	-5.921672	-0.108769	-0.821432	-6.012787	-0.514652	-4.487312	-0.837108	 0.375743	-7.220896	-1.409533	 1.127863
-1.075454	-5.896520	-0.014325	-0.825766	-6.012416	-0.511847	-4.470095	-0.435343	 0.375743	-7.222286	-1.403895	 1.123352
-1.024277	-5.872202	 0.032897	-0.826273	-6.000206	-0.509427	-4.452581	-0.234461	 0.375743	-7.208533	-1.398279	 1.118858
-0.996742	-5.848347	 0.056507	-0.824873	-5.982125	-0.507203	-4.434953	-0.134019	 0.375743	-7.187268	-1.392686	 1.114383
-0.981036	-5.824770	 0.068313	-0.822526	-5.461157	-0.505081	-4.417305	-0.583799	 0.375743	-7.162303	-1.387115	 1.109925
-0.971253	-5.801380	 0.074216	-0.819712	-5.190792	-0.503014	-4.399682	-0.806621	 0.375743	-7.135546	-1.381567	 1.105486
-0.964438	-5.778129	-0.422833	-0.816671	-5.545769	-0.500978	-4.382106	-0.415974	 0.375743	-7.107950	-1.376041	 1.101064
-0.959116	-5.754993	-0.669518	-0.813524	-5.711456	-0.499961	-4.364589	-0.220650	 0.375743	-7.079991	-1.370537	 1.096659
-0.954547	-5.731962	-0.291027	-0.310329	-5.282545	-0.999452	-4.347136	-0.622988	 0.875743	-7.051907	-1.365054	 1.092273
-0.950362	-5.709028	-0.101782	-0.058732	-5.058382	-1.246200	-4.329751	-0.822106	 1.122992	-7.023818	-1.359594	 1.087904
-0.946378	-5.686189	-0.507160	-0.432933	-5.436632	-0.866588	-4.312433	-0.419623	 0.743875	-6.995782	-1.354156	 1.083552
-0.942501	-5.663443	-0.708024	-0.618420	-5.614128	-0.676782	-4.295184	-0.218381	 0.554317	-6.967828	-1.348739	 1.079218
-0.938685	-5.640788	-0.806638	-0.709555	-5.691292	-0.581879	-4.278004	-0.117761	 0.459538	-6.939972	-1.343344	 1.074901
-0.934907	-5.618225	-0.354134	-0.253521	-5.218337	-0.534427	-4.260892	-0.567450	 0.412149	-6.912219	-1.337971	 1.070601
-0.931156	-5.595752	-0.127882	-0.025505	-4.972369	-0.510701	-4.243848	-0.790261	 0.388454	-6.884574	-1.332619	 1.066319
-0.927426	-5.573369	-0.014756	-0.411496	-5.339933	-0.498838	-4.226873	-0.399640	 0.376607	-6.357038	-1.327289	 1.062054
-0.923713	-5.551075	 0.041806	-0.602897	-5.512299	-0.492907	-4.209966	-0.204329	 0.370683	-6.081610	-1.321979	 1.057805
-0.920017	-5.528871	 0.070088	-0.197009	-5.587113	-0.489941	-4.193126	-0.106674	 0.367721	-6.432284	-1.316691	 1.053574
-0.916336	-5.506755	 0.084229	 0.005935	-5.613196	-0.488458	-4.176353	-0.057847	 0.366240	-6.594055	-1.311425	 1.049360
-0.912671	-5.484728	 0.091299	-0.392593	-5.114959	-0.487717	-4.159648	-0.533433	 0.365500	-6.661429	-1.306179	 1.045162
-0.909020	-5.462790	 0.094834	-0.590274	-4.856607	-0.487346	-4.143009	-0.769208	 0.365129	-6.681659	-1.300954	 1.040982
-0.905384	-5.440938	 0.096602	-0.687539	-4.718235	-0.487161	-4.126437	-0.885085	 0.364944	-6.678370	-1.295750	 1.036818
-0.901762	-5.419175	-0.402514	-0.234602	-5.139889	-0.487068	-4.109931	-0.441022	 0.364852	-6.663375	-1.290567	 1.032671
-0.898155	-5.397498	-0.650269	-0.008134	-5.339593	-0.487022	-4.093492	-0.218991	 0.364805	-6.642581	-1.285405	 1.028540
-0.894562	-5.375908	-0.272351	 0.105101	-5.428366	-0.486999	-3.577118	-0.107975	 0.364782	-6.618940	-1.280264	 1.024426
-0.890984	-5.354404	-0.083391	 0.161718	-5.461718	-0.486987	-3.312809	-0.052467	 0.364771	-6.593929	-1.275142	 1.020328
-0.887420	-5.332987	 0.011088	 0.190026	-5.467405	-0.486981	-3.174558	-0.024713	 0.364765	-6.568286	-1.270042	 1.016247
-0.883870	-5.311655	 0.058328	 0.204181	-5.459301	-0.486978	-3.099360	-0.010836	 0.364762	-6.542379	-1.264962	 1.012182
-0.880335	-5.290408	 0.081948	 0.211258	-5.444347	-0.486977	-3.055712	-0.003898	 0.364761	-6.516393	-1.259902	 1.008133
-0.876814	-5.269246	 0.093758	 0.214796	-5.426012	-0.486976	-3.027864	-0.000428	 0.364760	-6.490419	-1.254862	 1.004101
-0.873306	-5.248169	 0.099663	-0.283434	-5.406028	-0.486976	-3.507941	-0.498694	 0.864759	-6.464503	-1.249843	 1.000084
-0.869813	-5.227177	 0.102616	-0.530986	-5.385265	-0.486976	-3.740003	-0.745832	 1.112030	-6.438668	-1.244843	 0.996084
-0.866334	-5.206268	 0.104092	-0.653205	-5.364154	-0.486976	-3.848089	-0.867416	 1.232946	-6.412924	-1.239864	 0.992099
-0.862869	-5.185443	 0.104830	-0.712764	-5.342912	-0.986976	-3.894220	-0.426230	 1.290697	-6.387278	-1.234905	 0.988131
-0.859417	-5.164701	 0.105199	-0.740999	-5.321648	-1.234002	-3.909405	-0.205636	 1.316875	-6.361732	-1.229965	 0.984179
-0.855979	-5.144042	 0.105383	-0.753577	-5.300415	-0.854553	-3.909149	-0.095340	 1.327278	-6.336287	-1.225045	 0.980242
-0.852555	-5.123466	 0.105476	-0.758335	-5.279241	-0.664828	-3.901202	-0.040192	 1.329805	-6.310942	-1.220145	 0.976321
-0.849145	-5.102972	 0.105522	-0.259187	-5.258137	-0.569966	-3.889443	-0.012617	 0.828403	-5.785699	-1.215264	 0.972416
-0.845749	-5.082561	 0.105545	-0.009613	-5.237111	-0.522535	-3.875808	 0.001170	 0.577702	-5.512556	-1.210403	 0.968526
-0.842366	-5.062230	 0.105556	 0.115174	-5.216166	-0.498819	-3.861266	 0.008063	 0.452352	-5.865506	-1.205562	 0.964652
-0.838996	-5.041981	 0.105562	 0.177567	-5.195303	-0.486961	-3.846301	 0.011510	 0.389677	-6.029544	-1.200739	 0.960793
-0.835640	-5.021813	 0.105565	 0.208764	-5.174523	-0.481032	-3.831156	 0.013233	 0.358339	-6.099176	-1.195937	 0.956950
-0.832298	-5.001726	-0.394433	 0.224362	-5.153825	-0.478068	-3.815952	 0.014095	 0.342670	-6.121654	-1.191153	 0.953122
-0.828968	-4.981719	-0.642644	 0.232161	-5.133210	-0.476586	-3.800748	 0.014526	 0.334836	-6.120605	-1.186388	 0.949310
-0.825653	-4.961792	-0.264967	-0.263939	-4.612677	-0.975845	-3.785575	-0.485259	 0.830919	-6.107841	-1.181643	 0.945512
-0.822350	-4.941945	-0.076129	-0.510469	-4.344227	-1.222524	-3.770448	-0.733181	 1.076306	-6.089269	-1.176916	 0.941730
-0.819061	-4.922177	 0.018290	-0.132220	-4.201850	-0.842925	-3.755374	-0.855180	 1.196356	-6.067842	-1.172208	 0.937964
-0.815784	-4.902489	 0.065500	 0.056904	-4.122542	-0.653126	-3.740356	-0.914225	 1.253749	-6.045036	-1.167520	 0.934212
-0.812521	-4.882879	 0.089104	 0.151467	-4.074802	-0.558226	-3.725396	-0.441801	 0.779823	-5.521588	-1.162849	 0.930475
-0.809271	-4.863347	 0.100907	 0.198748	-4.042878	-0.510776	-3.710496	-0.205589	 0.542859	-5.249868	-1.158198	 0.926753
-0.806034	-4.843894	 0.106808	 0.222388	-4.018894	-0.487051	-3.695654	-0.087483	 0.424378	-5.104051	-1.153565	 0.923046
-0.802810	-4.824518	 0.109759	 0.234209	-3.998912	-0.475189	-3.180872	-0.028430	 0.865137	-5.021227	-1.148951	 0.919354
-0.799599	-4.805220	 0.111234	 0.240119	-3.980963	-0.469257	-2.918148	 0.001097	 1.082905	-4.969937	-1.144355	 0.915676
-0.796400	-4.785999	 0.111971	-0.256926	-4.464063	-0.466292	-3.281476	 0.015860	 1.189188	-4.934456	-1.139778	 0.912014
-0.793215	-4.766855	 0.112340	-0.503941	-4.695719	-0.464809	-3.455850	 0.023241	 1.239738	-4.906917	-1.135219	 0.908366
-0.790042	-4.747788	 0.112525	-0.125946	-4.801691	-0.464068	-3.035777	 0.026932	 0.762433	-5.383389	-1.130678	 0.904732
-0.786882	-4.728797	 0.112617	 0.063051	-4.844863	-0.463697	-2.820509	 0.028778	 0.523780	-5.609905	-1.126155	 0.901113
-0.783734	-4.709882	-0.387337	 0.157550	-4.356672	-0.463512	-3.207664	 0.029700	 0.404453	-5.211490	-1.121650	 0.897509
-0.780599	-4.691042	-0.635539	 0.204799	-4.104840	-0.463419	-3.394052	 0.030162	 0.344790	-5.002656	-1.117164	 0.893919
-0.777477	-4.672278	-0.757873	 0.228424	-3.971218	-0.463373	-3.480085	 0.030392	 0.314959	-4.888652	-1.112695	 0.890343
-0.774367	-4.653589	-0.817279	 0.240236	-3.896732	-0.463349	-3.515970	 0.030508	 0.800043	-4.822101	-1.108244	 0.886782
-0.771269	-4.634974	-0.845229	 0.246142	-3.851844	-0.463338	-3.526808	 0.030565	 1.040015	-4.779314	-1.103811	 0.883234
-0.768184	-4.616435	-0.357458	 0.249095	-4.321786	-0.463332	-3.525152	-0.469406	 0.657441	-5.248447	-1.099396	 0.879702
-0.765112	-4.597969	-0.113572	 0.250572	-4.547174	-0.463329	-3.517277	-0.717453	 0.466154	-5.471579	-1.094999	 0.876183
-0.762051	-4.579577	 0.008371	 0.251310	-4.650323	-0.463328	-3.506321	-0.839545	 0.370510	-5.071755	-1.090619	 0.872678
-0.759003	-4.561259	 0.069342	 0.251679	-4.692390	-0.463327	-3.493852	-0.898668	 0.322688	-4.862500	-1.086256	 0.869187
-0.755967	-4.543014	 0.099828	-0.248136	-4.203955	-0.463327	-3.480655	-0.926314	 0.798778	-5.248565	-1.081911	 0.865711
-0.752943	-4.524842	 0.115071	-0.496548	-3.952306	-0.463326	-3.467121	-0.938229	 1.034272	-5.430329	-1.077583	 0.862248
-0.749931	-4.506742	 0.122692	-0.619264	-3.819081	-0.463326	-3.453447	-0.942286	 1.149480	-5.509986	-1.073273	 0.858799
-1.246932	-4.488715	-0.373497	-0.179138	-3.745096	-0.463326	-2.939731	-0.442422	 0.704555	-5.538636	-1.068980	 0.855364
-1.491944	-4.470760	-0.619852	 0.040925	-3.700762	-0.463326	-2.678020	-0.192490	 0.482092	-5.541826	-1.064704	 0.851942
-1.110976	-4.452877	-0.241298	-0.349043	-3.671281	-0.463326	-2.542333	-0.567524	 0.370861	-5.032331	-1.060445	 0.848534
-0.919032	-4.435066	-0.052020	-0.542550	-3.649258	-0.463326	-2.469675	-0.753156	 0.315245	-4.768538	-1.056204	 0.845140
-0.821606	-4.417326	 0.042618	-0.637831	-3.630992	-0.463326	-2.428553	-0.344094	 0.787437	-4.627632	-1.051979	 0.841760
-0.771445	-4.399656	 0.089938	-0.684005	-3.614633	-0.463326	-2.403217	-0.139563	 1.021014	-4.548205	-1.047771	 0.838393
-0.744921	-4.382058	 0.113597	-0.205632	-3.599257	-0.463326	-2.885793	-0.037298	 0.635293	-4.499555	-1.043580	 0.835039
-0.730223	-4.364529	 0.125427	 0.033555	-3.584401	-0.463326	-3.120344	 0.013835	 0.442433	-4.466327	-1.039405	 0.831699
-0.721443	-4.347071	 0.131342	 0.153148	-3.569834	-0.463326	-3.230910	 0.039401	 0.346003	-4.440848	-1.035248	 0.828372
-0.715627	-4.329683	 0.134300	 0.212945	-3.555440	-0.463326	-3.279510	-0.447816	 0.797788	-4.919277	-1.031107	 0.825059
-0.711300	-4.312364	 0.135778	 0.242843	-3.541161	-0.463326	-3.297154	-0.689554	 1.021181	-5.147696	-1.026982	 0.821758
-0.707722	-4.295115	 0.136518	 0.257792	-3.526968	-0.463326	-3.299346	-0.308561	 0.630388	-4.751154	-1.022874	 0.818471
-0.704525	-4.277934	 0.136887	 0.265267	-3.512846	-0.463326	-3.293839	-0.118064	 0.434992	-4.544173	-1.018783	 0.815197
-0.701524	-4.260823	-0.362928	-0.230996	-3.498787	-0.463326	-3.284509	-0.022816	 0.337294	-4.932009	-1.014708	 0.811937
-0.698626	-4.243779	-0.611110	-0.477673	-3.484789	-0.463326	-3.273294	 0.024809	 0.288445	-5.115287	-1.010649	 0.808689
-0.695786	-4.226804	-0.233482	-0.099562	-3.470848	-0.463326	-3.261162	-0.451379	 0.764020	-4.696328	-1.006606	 0.805454
-0.692980	-4.209897	-0.044668	 0.089493	-3.456963	-0.463326	-3.248598	-0.687618	 0.999329	-4.478295	-1.002580	 0.802232
-0.690197	-4.193057	 0.049738	 0.184020	-3.443135	-0.463326	-3.235844	-0.803890	 1.114514	-4.360757	-0.998570	 0.799023
-0.687430	-4.176285	-0.403058	-0.268716	-3.929362	-0.463326	-3.223020	-0.860185	 1.169647	-4.293502	-0.994575	 0.795827
-0.684677	-4.159580	-0.627745	-0.493641	-4.163645	-0.463326	-3.210188	-0.886500	 1.194764	-4.251422	-0.990597	 0.792644
-0.681937	-4.142942	-0.238383	-0.104667	-3.771990	-0.463326	-2.697378	-0.397832	 1.204883	-4.721963	-0.986635	 0.289473
-0.679209	-4.126370	-0.043702	 0.089821	-3.569402	-0.463326	-2.436603	-0.153498	 1.207512	-4.946849	-0.982688	 0.037888
-0.676492	-4.109864	 0.053638	 0.187064	-3.461374	-0.463326	-2.801864	-0.531331	 1.206407	-5.048948	-0.978757	 0.412095
-0.673786	-4.093425	 0.102308	 0.235686	-3.400654	-0.463326	-2.978161	-0.718429	 1.203443	-5.089696	-0.974842	 0.597627
-0.671090	-4.077051	-0.373357	-0.240003	-3.363614	-0.463326	-3.060000	-0.810167	 1.199560	-4.599809	-0.970943	 0.688826
-0.668406	-4.060743	-0.609491	-0.476416	-3.338441	-0.463326	-3.094636	-0.854232	 1.195228	-4.346645	-0.967059	 0.732865
-0.665732	-4.044500	-0.725867	-0.593197	-3.319227	-0.463326	-3.105695	-0.874468	 1.190680	-4.211877	-0.963191	 0.753331
-0.663069	-4.028322	-0.282371	-0.150167	-3.303021	-0.963326	-3.104991	-0.382797	 1.186033	-4.136338	-0.959338	 0.762017
-0.660417	-4.012209	-0.060622	 0.071347	-3.288344	-1.210400	-3.098431	-0.136961	 1.181347	-4.090447	-0.955501	 0.764818
-0.657775	-3.996160	 0.050252	 0.182105	-3.774458	-0.831021	-3.088967	-0.014043	 0.676651	-4.059413	-0.951679	 0.764683
-0.655144	-3.980175	 0.105689	 0.237483	-4.008994	-0.641332	-3.078076	 0.047416	 0.424303	-4.035839	-0.947872	 0.763087
-0.652524	-3.964255	 0.133407	 0.265173	-3.617775	-1.046488	-3.066496	-0.421855	 0.298129	-4.016027	-0.944081	 0.760766
-0.649914	-3.948398	 0.147267	 0.279017	-3.415712	-1.246162	-3.054596	-0.654708	 0.235042	-3.998129	-0.940304	 0.758088
-0.647314	-3.932604	 0.154196	 0.285940	-3.808254	-0.843108	-2.542561	-0.269359	 0.203498	-3.981219	-0.936543	 0.755239
-0.644725	-3.916874	 0.157661	 0.289401	-3.996123	-0.641580	-2.282482	-0.076685	 0.187727	-3.964836	-0.932797	 0.752309
-0.642146	-3.901206	 0.159394	 0.291131	-4.081689	-0.540817	-2.148398	 0.019652	 0.179841	-3.948747	-0.929066	 0.749346
-1.139577	-3.885601	 0.160260	-0.208003	-3.616138	-0.990435	-2.077328	-0.432179	 0.675898	-3.932838	-0.925349	 0.746371
-1.385019	-3.870059	 0.160693	-0.456156	-3.377061	-1.212364	-2.037780	-0.656327	 0.921582	-3.917049	-0.921648	 0.743397
-1.004479	-3.854579	 0.160909	-0.078824	-3.751247	-0.820460	-2.014009	-0.266640	 1.042090	-3.901352	-0.917961	 0.740429
-0.812961	-3.839160	 0.161018	 0.109842	-3.930089	-0.624508	-1.998144	-0.071796	 1.100019	-3.885732	-0.914290	 0.737470
-0.715959	-3.823804	-0.338928	 0.204175	-3.511292	-0.526532	-2.486246	 0.025626	 1.126667	-3.870182	-0.910632	 0.734522
-0.666220	-3.808508	-0.587223	 0.251341	-3.295709	-0.477544	-2.724349	 0.074336	 1.137685	-3.854698	-0.906990	 0.731585
-0.640118	-3.793274	-0.209700	-0.225075	-3.681757	-0.453050	-2.837475	 0.098692	 1.140896	-3.839277	-0.903362	 0.728659
-0.625839	-3.778101	-0.020938	-0.461881	-3.866645	-0.440803	-2.888137	 0.110870	 1.140214	-3.823919	-0.899749	 0.725744
-0.617476	-3.762989	 0.073443	-0.578886	-3.950986	-0.434679	-2.907591	 0.116958	 1.137593	-3.808623	-0.896150	 0.722841
-0.612076	-3.747937	 0.120633	-0.135997	-3.485086	-0.431618	-2.411463	 0.120003	 1.134013	-3.793389	-0.892565	 0.719950
-0.608163	-3.732945	 0.144228	 0.085448	-3.246098	-0.430087	-2.159569	 0.121525	 1.129962	-3.778215	-0.888995	 0.717070
-1.104998	-3.718013	-0.343974	 0.196170	-3.120589	-0.429321	-2.529806	 0.122286	 1.125685	-3.763102	-0.885439	 0.714202
-1.350212	-3.703141	-0.586411	 0.251531	-3.051845	-0.428938	-2.709125	 0.122667	 1.121304	-3.748050	-0.881897	 0.711345
-0.969628	-3.688329	-0.205972	 0.279212	-3.011507	-0.428747	-2.293007	 0.122857	 1.116879	-4.233057	-0.878369	 0.708500
-0.778158	-3.673575	-0.015752	 0.293052	-2.985395	-0.428651	-2.081195	 0.122952	 1.112442	-4.466125	-0.874856	 0.705666
-0.681249	-3.658881	 0.079358	 0.299972	-2.966421	-0.428604	-1.971550	 0.123000	 1.108007	-4.073261	-0.871356	 0.202843
