-0.480263	 0.264687	-0.450525	 0.498049	-0.423742	-0.487431	 0.300248	 0.498873	 0.365353	-0.499536	-0.260128	-0.010013
-0.480263	 0.381417	-0.573421	 0.498289	-0.423742	-0.487384	 0.399473	 0.498884	 0.365537	-0.499536	-0.260128	-0.010013
-0.480263	 0.439783	-0.133477	 0.498409	-0.423742	-0.487361	 0.449086	 0.498890	 0.365629	-0.499536	-0.260128	-0.010013
-0.480263	 0.468965	 0.086495	 0.498468	-0.423742	-0.487350	 0.473892	 0.498893	 0.365676	-0.499536	-0.260128	-0.010013
-0.480263	-0.016443	-0.303519	-0.001502	-0.423742	-0.487344	-0.013705	-0.001106	 0.365699	-0.499536	-0.260128	-0.010013
-0.480263	-0.258144	-0.497138	-0.250484	-0.423742	-0.487341	-0.256500	-0.250103	 0.365710	-0.499536	-0.260128	-0.010013
-0.480263	-0.378994	-0.092567	 0.125025	-0.423742	-0.487340	 0.122102	-0.374601	 0.365716	-0.499536	-0.260128	-0.010013
-0.480263	-0.439420	 0.109719	 0.311779	-0.423742	-0.487339	 0.310401	-0.436851	 0.365719	-0.499536	-0.260128	-0.010013
-0.480263	 0.030368	 0.210862	 0.405155	-0.423742	-0.487339	 0.404551	 0.032025	 0.365720	 0.000464	-0.260128	-0.010013
-0.480263	 0.264261	 0.261433	 0.451844	-0.423742	-0.487338	 0.451626	 0.265461	 0.365721	 0.249463	-0.260128	-0.010013
-0.480263	 0.381208	 0.286719	 0.475188	-0.423742	-0.487338	 0.475163	 0.382179	 0.365721	 0.373962	-0.260128	-0.010013
-0.480263	-0.060319	 0.299362	 0.486860	-0.423742	-0.487338	 0.486932	 0.440538	 0.365721	-0.063788	-0.260128	-0.010013
-0.480263	-0.280078	 0.305683	 0.492696	-0.423742	-0.487338	 0.492817	 0.469717	 0.365721	-0.281660	-0.260128	-0.010013
-0.480263	 0.110042	 0.308844	 0.495614	-0.423742	-0.487338	 0.495759	 0.484307	 0.365721	-0.390596	-0.260128	-0.010013
-0.480263	 0.304102	 0.310424	 0.497073	-0.423742	-0.487338	 0.497230	 0.491602	 0.365721	-0.445064	-0.260128	-0.010013
-0.480263	 0.401131	 0.311215	 0.497802	-0.423742	-0.487338	 0.497965	-0.004751	 0.365721	-0.472298	-0.260128	-0.010013
-0.480263	 0.449646	 0.311610	 0.498167	-0.423742	-0.487338	 0.498333	-0.251925	 0.365722	-0.485915	-0.260128	-0.010013
-0.480263	 0.473904	 0.311807	-0.001650	-0.423742	-0.487338	 0.498517	 0.124488	 0.365722	-0.492723	-0.260128	-0.010013
-0.480263	 0.486033	 0.311906	-0.250556	-0.423742	-0.487338	 0.498609	 0.311693	 0.365722	-0.496128	-0.260128	-0.010013
-0.480263	 0.492097	 0.311955	-0.375009	-0.423742	-0.487338	 0.498655	 0.405295	 0.365722	-0.497830	-0.260128	-0.010013
-0.480263	 0.495129	 0.311980	 0.062764	-0.423742	-0.487338	 0.498678	 0.452096	 0.365722	-0.498681	-0.260128	-0.010013
-0.480263	 0.496645	 0.311992	 0.280650	-0.423742	-0.487338	 0.498689	 0.475497	 0.365722	-0.499106	-0.260128	-0.010013
 0.019737	 0.497403	 0.311999	-0.110407	-0.423742	-0.487338	 0.498695	 0.487197	 0.365722	-0.499319	-0.260128	-0.010013
 0.268697	 0.497782	 0.312002	-0.304933	-0.423742	-0.487338	 0.498698	 0.493047	 0.365722	-0.499425	-0.260128	-0.010013
-0.107858	 0.497972	 0.312003	 0.097804	-0.423742	-0.487338	-0.001301	-0.004028	 0.365722	 0.000521	-0.260128	-0.010013
-0.296135	 0.498067	 0.312004	 0.298172	-0.423742	-0.487338	-0.250297	-0.251563	 0.365722	 0.249494	-0.260128	-0.010013
-0.390274	 0.498114	 0.312004	-0.101644	-0.423742	-0.487338	 0.125204	-0.375331	 0.365722	-0.126020	-0.260128	-0.010013
-0.437344	 0.498138	 0.312005	-0.300550	-0.423742	-0.487338	 0.311954	-0.437214	 0.365722	-0.312774	-0.260128	-0.010013
-0.460878	 0.498150	 0.312005	-0.400002	-0.423742	-0.487338	 0.405329	-0.468156	 0.365722	-0.406151	-0.260128	-0.010013
-0.472646	-0.001845	 0.312005	-0.449729	-0.423742	-0.487338	-0.047984	 0.016373	 0.365722	-0.452839	-0.260128	-0.010013
-0.478529	-0.250838	 0.312005	-0.474592	-0.423742	-0.487338	-0.273638	 0.257635	 0.365722	-0.476183	-0.260128	-0.010013
-0.481471	 0.124665	 0.312005	 0.012977	-0.423742	 0.012662	 0.113535	 0.378267	 0.365722	 0.012145	-0.260128	-0.010013
-0.482942	 0.311417	 0.312005	 0.255760	-0.423742	 0.261637	 0.306120	 0.438583	 0.365722	 0.255308	-0.260128	-0.010013
 0.016323	 0.404792	 0.312005	 0.377151	-0.423742	 0.385103	 0.402413	 0.468740	 0.365722	 0.376889	-0.260128	-0.010013
 0.264924	 0.451480	 0.312005	 0.437847	-0.423742	 0.445819	 0.450559	 0.483819	 0.365722	 0.437680	-0.260128	-0.010013
-0.111803	 0.474824	 0.312005	-0.031805	-0.423742	-0.024837	 0.474632	 0.491359	 0.365722	-0.031925	-0.260128	-0.010013
-0.300166	 0.486496	 0.312005	-0.265628	-0.423742	-0.260164	 0.486669	 0.495128	 0.365722	-0.265724	-0.260128	-0.010013
-0.394348	 0.492332	 0.312005	-0.382540	-0.423742	-0.377828	 0.492687	 0.497013	 0.365722	-0.382624	-0.260128	-0.010013
-0.441439	-0.004750	 0.312005	 0.059005	-0.423742	-0.436660	-0.004304	 0.497956	 0.365722	-0.441074	 0.239872	-0.010013
-0.464984	-0.252287	 0.312005	 0.278776	-0.423742	-0.466076	-0.251796	 0.498427	 0.365722	-0.470298	 0.488392	-0.010013
-0.476757	 0.123944	 0.312005	 0.388661	-0.423742	-0.480784	 0.124457	 0.498663	 0.365722	 0.015089	 0.111178	-0.010013
-0.482643	 0.311059	 0.312005	 0.443604	-0.423742	-0.488138	 0.311583	 0.498780	 0.365722	 0.256782	-0.077428	-0.010013
-0.485586	 0.404617	 0.812005	 0.471075	-0.423742	-0.491815	 0.405145	 0.498839	 0.365722	-0.122372	 0.328268	-0.010013
-0.487058	 0.451396	 1.059381	 0.484811	-0.423742	-0.493653	 0.451927	 0.498869	 0.365722	-0.310945	 0.529649	-0.010013
 0.512206	-0.025215	 0.680455	 0.491679	 0.076258	 0.005428	 0.475317	 0.498883	 0.365722	-0.405232	 0.128877	-0.010013
 1.008816	-0.262516	 0.490992	 0.495113	 0.325105	 0.253959	 0.487013	 0.498891	 0.365722	-0.452376	-0.071509	-0.010013
 1.254109	-0.381167	 0.396261	 0.496830	 0.448381	 0.377220	 0.492860	 0.498895	 0.365722	-0.475947	-0.171702	-0.010013
 1.373757	-0.440493	 0.348895	 0.497688	 0.508876	 0.437849	 0.495784	 0.498896	 0.365722	-0.487733	-0.221799	-0.010013
 1.430595	-0.470155	 0.325213	 0.498117	 0.537984	 0.468164	 0.497246	 0.498897	 0.365722	-0.493626	-0.246847	-0.010013
 1.456038	-0.984987	 0.313371	 0.498332	 0.051404	-0.016679	 0.497977	 0.498898	 0.365722	-0.496573	-0.259371	-0.010013
 1.465797	-1.239403	 0.307450	 0.498439	-0.191886	-0.258097	 0.498342	 0.498898	 0.365722	-0.498046	-0.265633	-0.010013
 1.467726	-1.363623	 0.304490	 0.498493	-0.313531	-0.378806	 0.498525	 0.498898	 0.365722	-0.498783	-0.268764	-0.010013
 1.465750	-1.422758	 0.303010	 0.498520	-0.374353	-0.439161	 0.498617	 0.498898	 0.365722	-0.499151	-0.270330	-0.010013
 1.461835	-0.949361	 0.302270	 0.498533	-0.404764	 0.030662	 0.498662	 0.498898	 0.365722	 0.000665	-0.271112	-0.010013
 1.456962	-0.712663	 0.301900	 0.498540	-0.419970	 0.264572	 0.498685	 0.498898	 0.365722	 0.249572	-0.271504	-0.010013
 1.451621	-0.594314	 0.301715	 0.498543	-0.427573	 0.381527	 0.498697	 0.498898	 0.365722	 0.374025	-0.271700	-0.010013
 1.446058	-0.535139	 0.301622	 0.498545	-0.431374	-0.059995	 0.498702	 0.498898	 0.365722	-0.063748	-0.271797	-0.010013
 1.440396	-0.505552	 0.301576	 0.498546	-0.433275	-0.279753	 0.498705	 0.498898	 0.365722	-0.281631	-0.271846	-0.010013
 1.434695	-0.490758	 0.301553	 0.498546	-0.434225	-0.389632	 0.498707	 0.498898	 0.365722	 0.109427	-0.271871	-0.010013
 1.428987	-0.483361	 0.301541	 0.498546	-0.434701	-0.444572	 0.498707	 0.498898	 0.365722	 0.303955	-0.271883	-0.010013
 1.423286	-0.479663	 0.301535	 0.498547	-0.434938	 0.027958	 0.498708	 0.498898	 0.365722	-0.098781	-0.271889	-0.010013
 1.417600	-0.477814	 0.301533	 0.498547	-0.435057	 0.263223	 0.498708	 0.498898	 0.365722	-0.299146	-0.271892	-0.010013
 1.411934	 0.023111	 0.301531	-0.001453	-0.435116	 0.380855	 0.498708	 0.498898	 0.365722	-0.399328	-0.271894	-0.010013
 1.406288	 0.272525	 0.301530	-0.250450	-0.435146	 0.439671	 0.498708	 0.498898	 0.365722	-0.449420	-0.271894	-0.010013
 0.900664	 0.396188	 0.301530	 0.125051	-0.435161	-0.030921	 0.498708	 0.498898	 0.365722	-0.474465	-0.271895	-0.010013
 0.647852	 0.456980	 0.301530	 0.311801	-0.435168	-0.265214	 0.498708	 0.498898	 0.365722	-0.486988	-0.271895	-0.010013
 0.521445	 0.486341	 0.301530	 0.405175	-0.435172	-0.382361	 0.498708	 0.498898	 0.365722	-0.493249	-0.271895	-0.010013
 0.458242	-0.000011	 0.301530	 0.451863	-0.435174	-0.440934	 0.498708	 0.498898	 0.365722	-0.496380	-0.271895	-0.010013
 0.426641	-0.243186	 0.301530	 0.475207	-0.435175	-0.470221	 0.498708	 0.498898	 0.365722	-0.497946	-0.271895	-0.010013
 0.410840	-0.364774	 0.301530	 0.486878	-0.435175	-0.484864	 0.498708	 0.498898	 0.365722	-0.498728	-0.271895	-0.010013
 0.402940	-0.425568	 0.301530	 0.492714	-0.435175	-0.492186	 0.498708	 0.498898	 0.365722	-0.499120	-0.271895	-0.010013
 0.398990	 0.044035	 0.301530	 0.495632	-0.435176	-0.495846	 0.498708	 0.498898	 0.365722	-0.499315	-0.271895	-0.010013
 0.397015	 0.277809	 0.301530	 0.497091	-0.435176	-0.497677	 0.498708	 0.498898	 0.365722	-0.499413	-0.271895	-0.010013
-0.103973	 0.393673	 0.301530	 0.497821	-0.435176	-0.498592	 0.498708	 0.498898	 0.365722	-0.499462	-0.271895	-0.010013
-0.353257	 0.450586	 0.301530	 0.498186	-0.435176	-0.499050	 0.498708	 0.498898	 0.365722	-0.499486	-0.271895	-0.010013
-0.476694	 0.478028	 0.301530	 0.498368	-0.435176	-0.499278	 0.498708	 0.498898	 0.365722	-0.499499	-0.271895	-0.010013
-0.537212	-0.009262	 0.301530	 0.498459	-0.435176	-0.499393	 0.498708	 0.498898	 0.365722	-0.499505	-0.271895	-0.010013
-0.566276	-0.252908	 0.301530	 0.498505	-0.435176	-0.499450	 0.498708	 0.498898	 0.365722	-0.499508	-0.271895	-0.010013
-0.579617	-0.374730	-0.198470	 0.498527	-0.435176	-0.499479	-0.001292	 0.498898	 0.365722	-0.499509	-0.271895	-0.010013
-0.585101	-0.435641	-0.447073	 0.498539	-0.435176	-0.499493	-0.250289	 0.498898	 0.365722	-0.499510	-0.271895	-0.010013
-0.586662	-0.466097	-0.569984	 0.498545	-0.435176	-0.499500	 0.125212	 0.498898	 0.365722	-0.499510	-0.271895	-0.010013
-0.586267	-0.481325	-0.630053	 0.498547	-0.435176	-0.499504	 0.311961	 0.498898	 0.365722	-0.499511	-0.271895	-0.010013
-0.084897	-0.488939	-0.658707	 0.498549	-0.435176	-0.499505	 0.405336	-0.001102	 0.365722	-0.499511	-0.271895	-0.010013
 0.165788	-0.492746	-0.671660	 0.498550	-0.435176	-0.499506	 0.452023	-0.250100	 0.365722	-0.499511	-0.271895	-0.010013
 0.291130	-0.494649	-0.676767	 0.498550	-0.435176	-0.499507	 0.475367	-0.374598	 0.365722	-0.499511	-0.271895	-0.010013
 0.353802	-0.495601	-0.177957	 0.498550	-0.435176	-0.499507	 0.487038	 0.063152	 0.365722	-0.499511	-0.271895	-0.010013
 0.385137	-0.496077	 0.071449	 0.498550	-0.435176	-0.499507	 0.492874	 0.281026	 0.365722	-0.499511	-0.271895	-0.010013
-0.099195	-0.496315	 0.196151	 0.498550	-0.435176	-0.499507	 0.495792	 0.389962	 0.365722	-0.499511	-0.271895	-0.010013
-0.340194	-0.496434	 0.258502	 0.498550	-0.435176	-0.499507	 0.497251	 0.444431	 0.365722	-0.499511	-0.271895	-0.010013
-0.459531	-0.496493	-0.210322	 0.498550	-0.435176	-0.499507	 0.497981	-0.028335	 0.365722	-0.499511	-0.271895	-0.010013
-0.518042	-0.496523	-0.443376	 0.498550	-0.435176	-0.499507	 0.498346	-0.263716	 0.365722	-0.499511	-0.271895	-0.010013
-0.546144	-0.496538	-0.058550	-0.001450	-0.435176	-0.499507	-0.001472	 0.118594	 0.365722	-0.499511	-0.271895	-0.010013
-0.559047	-0.496545	 0.133863	-0.250447	-0.435176	-0.499507	-0.250378	 0.308747	 0.365722	-0.499511	-0.271895	-0.010013
-0.564354	-0.496549	 0.230070	-0.374945	-0.435176	-0.499507	-0.374831	 0.403823	 0.365722	-0.499511	-0.271895	-0.010013
-0.565869	 0.003449	 0.278173	-0.437195	-0.435176	-0.499507	-0.437058	 0.451362	 0.365722	-0.499511	-0.271895	-0.010013
-0.565491	-0.247559	-0.197776	 0.031681	-0.435176	-0.499507	 0.031829	 0.475131	 0.365722	-0.499511	-0.271895	-0.010013
-0.564172	-0.373063	-0.434402	 0.265117	-0.435176	-0.499507	 0.265271	 0.487015	 0.365722	-0.499511	-0.271895	-0.010013
-0.562387	-0.435814	-0.051374	-0.118164	-0.435176	-0.499507	-0.118008	 0.492958	 0.365722	-0.499511	-0.271895	-0.010013
-0.560373	-0.467190	 0.140141	-0.308802	-0.435176	-0.499507	-0.308645	 0.495929	 0.365722	-0.499511	-0.271895	-0.010013
-0.558250	-0.482878	 0.235898	-0.404121	-0.435176	-0.499507	-0.403964	 0.497414	 0.365722	-0.499511	-0.271895	-0.010013
-0.556076	-0.490722	 0.283776	 0.048219	-0.435176	-0.499507	-0.451623	-0.001843	 0.365722	 0.000489	-0.271895	-0.010013
-0.553881	-0.494644	 0.307716	 0.273388	-0.435176	-0.499507	-0.475453	-0.250469	 0.365722	 0.249488	-0.271895	-0.010013
-0.551680	-0.496605	 0.319685	 0.385973	-0.435176	-0.499507	-0.487367	-0.374783	 0.365722	 0.373988	-0.271895	-0.010013
-0.549481	 0.002414	 0.325670	 0.442265	-0.435176	-0.499507	 0.006675	-0.436939	 0.365722	-0.063763	-0.271895	-0.010013
-0.547286	 0.250921	 0.328663	 0.470411	-0.435176	-0.499507	 0.252695	-0.468018	 0.365722	-0.281635	-0.271895	-0.010013
-0.545099	-0.124826	 0.330159	 0.484484	-0.435176	-0.499507	 0.375705	 0.016443	 0.365722	-0.390571	-0.271895	-0.010013
-0.542920	-0.311698	 0.330907	 0.491521	-0.435176	-0.499507	 0.437210	 0.257672	 0.365722	-0.445039	-0.271895	-0.010013
-0.540748	-0.405134	 0.331281	 0.495039	-0.435176	-0.499507	 0.467962	 0.378286	 0.365722	-0.472273	-0.271895	-0.010013
-0.538586	-0.451852	 0.331468	 0.496798	-0.435176	-0.499507	 0.483339	 0.438593	 0.365722	-0.485890	-0.271895	-0.010013
-0.536431	-0.475211	 0.331562	-0.002322	-0.435176	-0.499507	-0.008973	 0.468747	 0.365722	 0.007302	-0.271895	-0.010013
-0.534286	-0.486890	 0.331608	-0.250880	-0.435176	-0.499507	-0.254127	 0.483824	 0.365722	 0.252897	-0.271895	-0.010013
-0.532149	-0.492730	 0.331632	-0.375158	-0.435176	-0.499507	-0.376703	 0.491362	 0.365722	 0.375694	-0.271895	-0.010013
-0.530020	 0.004350	 0.331643	 0.062702	-0.435176	-0.499507	 0.062008	-0.004869	 0.365722	-0.062907	-0.271895	-0.010013
-0.527900	 0.251887	 0.331649	 0.280632	-0.435176	-0.499507	 0.280363	-0.251982	 0.365722	-0.281205	-0.271895	-0.010013
-0.525788	-0.124344	 0.331652	 0.389596	-0.435176	-0.499507	 0.389540	 0.124462	 0.365722	-0.390354	-0.271895	-0.010013
-0.523685	-0.311459	 0.331654	 0.444079	-0.435176	-0.499507	 0.444129	 0.311681	 0.365722	-0.444928	-0.271895	-0.010013
-0.521590	-0.405016	 0.331654	-0.028680	-0.435176	-0.499507	 0.471423	 0.405291	 0.365722	-0.472215	-0.271895	-0.010013
-0.519504	-0.451795	 0.331655	-0.264057	-0.435176	-0.499507	 0.485070	 0.452096	 0.365722	-0.485859	-0.271895	-0.010013
-0.517426	 0.024816	 0.331655	 0.118255	-0.435176	-0.499507	 0.491894	 0.475499	 0.365722	-0.492681	-0.271895	-0.010013
-0.515356	 0.262119	 0.331655	 0.308410	-0.435176	-0.499507	 0.495305	 0.487200	 0.365722	-0.496092	-0.271895	-0.010013
-0.513295	 0.380770	 0.331655	 0.403487	-0.435176	-0.499507	 0.497011	 0.493051	 0.365722	-0.497797	-0.271895	-0.010013
-0.011242	 0.440095	 0.331655	 0.451026	-0.435176	-0.499507	 0.497864	 0.495976	 0.365722	-0.498650	-0.271895	-0.010013
 0.239785	 0.469758	 0.331655	 0.474795	-0.435176	-0.499507	 0.498291	 0.497439	 0.365722	-0.499076	-0.271895	-0.010013
-0.134702	-0.015410	 0.331655	 0.486680	-0.435176	-0.499507	 0.498504	 0.498170	 0.365722	-0.499290	-0.271895	-0.010013
-0.320927	-0.256994	 0.331655	 0.492622	-0.435176	-0.499507	 0.498611	 0.498536	 0.365722	-0.499396	-0.271895	-0.010013
-0.413025	 0.122215	 0.331655	 0.495593	-0.435176	-0.499507	-0.001336	 0.498719	 0.365722	-0.499449	-0.271895	-0.010013
-0.458064	 0.310816	 0.331655	 0.497079	-0.435176	-0.499507	-0.250307	 0.498810	 0.365722	-0.499476	-0.271895	-0.010013
-0.479577	-0.094883	 0.331655	 0.497822	-0.435176	-0.499507	 0.125208	 0.498856	 0.365722	-0.499489	-0.271895	-0.010013
-0.489331	-0.296732	 0.331655	 0.498193	-0.435176	-0.499507	 0.311964	 0.498878	 0.365722	-0.499496	-0.271895	-0.010013
-0.494209	-0.397656	 0.331655	 0.498379	-0.435176	-0.499507	 0.405341	 0.498890	 0.365722	-0.499499	-0.271895	-0.010013
-0.496647	 0.051882	 0.331655	 0.498472	-0.435176	-0.499507	-0.047970	-0.001104	-0.134278	-0.499501	-0.271895	-0.010013
-0.497867	 0.275648	 0.331655	 0.498518	-0.435176	-0.499507	-0.273623	-0.250099	-0.383010	-0.499502	-0.271895	-0.010013
-0.498476	-0.112469	-0.168345	 0.498541	-0.435176	-0.499507	 0.113551	 0.125403	-0.006112	 0.000498	-0.271895	-0.010013
-0.498781	-0.305526	-0.417008	 0.498553	-0.435176	-0.499507	 0.306136	 0.312153	 0.182337	 0.249497	-0.271895	-0.010013
-0.498934	 0.097945	-0.040009	 0.498559	-0.435176	-0.499507	 0.402429	 0.405527	 0.276561	-0.126004	-0.271895	-0.010013
-0.499010	 0.298678	 0.148491	 0.498561	-0.435176	-0.499507	 0.450575	 0.452215	 0.323673	-0.312751	-0.271895	-0.010013
-0.499048	-0.100955	 0.242741	-0.001437	-0.435176	-0.499507	-0.025352	 0.475558	 0.347229	-0.406125	-0.271895	-0.010013
-0.499067	-0.299771	 0.289866	-0.250433	-0.435176	-0.499507	-0.262312	 0.487230	 0.359008	-0.452812	-0.271895	-0.010013
-0.499076	-0.399179	 0.313429	-0.374932	-0.435176	-0.499507	-0.380793	 0.493066	 0.364897	-0.476155	-0.271895	-0.010013
-0.499081	 0.051117	 0.325210	-0.437181	-0.435176	-0.499507	-0.440033	 0.495984	 0.367841	-0.487827	-0.271895	-0.010013
-0.499084	 0.275262	 0.331100	-0.468305	-0.435176	-0.499507	-0.469653	 0.497443	 0.369313	-0.493663	-0.271895	-0.010013
-0.499085	-0.112665	 0.334046	 0.016132	-0.435176	-0.499507	 0.015537	 0.498173	 0.370049	-0.496581	-0.271895	-0.010013
-0.499085	-0.305627	 0.335518	 0.257350	-0.435176	-0.499507	 0.257130	 0.498537	 0.370418	-0.498040	-0.271895	-0.010013
-0.499086	 0.097891	-0.163745	 0.377959	-0.435176	-0.499507	 0.377927	 0.498720	 0.370602	-0.498769	-0.271895	-0.010013
-0.499086	 0.298648	-0.412051	 0.438263	-0.435176	-0.499507	 0.438325	 0.498811	 0.370694	-0.499134	-0.271895	-0.010013
-0.499086	 0.399026	-0.034883	-0.031584	-0.435176	-0.499507	 0.468525	 0.498857	 0.370740	-0.499316	-0.271895	-0.010013
-0.499086	 0.449215	 0.153701	-0.265505	-0.435176	-0.499507	 0.483624	 0.498879	 0.370763	-0.499407	-0.271895	-0.010013
-0.499086	 0.474310	 0.247993	-0.382466	-0.435176	-0.499507	 0.491174	 0.498891	 0.370774	-0.499453	-0.271895	-0.010013
-0.499086	-0.013143	 0.295139	 0.059054	-0.435176	-0.499507	-0.005051	 0.498896	 0.370780	-0.499476	-0.271895	-0.010013
-0.499086	-0.255868	 0.318712	 0.278813	-0.435176	-0.499507	-0.252161	 0.498899	 0.370783	-0.499487	-0.271895	-0.010013
-0.499086	-0.377231	 0.330498	 0.388692	-0.435176	-0.499507	 0.124284	 0.498901	 0.370784	-0.499493	-0.271895	-0.010013
-0.499086	-0.437912	 0.336391	 0.443632	-0.435176	-0.499507	 0.311505	 0.498901	 0.370785	-0.499496	-0.271895	-0.010013
-0.499086	 0.031747	 0.339338	 0.471101	-0.435176	-0.499507	-0.594885	-0.001098	 0.370785	-0.499497	-0.271895	-0.010013
-0.499086	 0.265574	 0.340811	 0.484836	-0.435176	-0.499507	-1.045077	-0.250096	 0.370785	-0.499498	-0.271895	-0.010013
-0.499086	-0.117512	 0.341548	-0.008296	-0.435176	-0.499507	-0.267182	 0.125405	 0.370785	-0.499498	-0.271895	-0.010013
-0.499086	-0.308054	 0.341916	-0.253860	-0.435176	-0.499507	 0.120744	 0.312154	 0.370786	-0.499498	-0.271895	-0.010013
-0.499086	-0.403325	 0.342100	 0.123359	-0.435176	-0.499507	 0.313689	 0.405528	 0.370786	 0.000501	-0.271895	-0.010013
-0.499086	-0.450961	 0.342192	 0.310967	-0.435176	-0.499507	 0.409149	 0.452216	 0.370786	 0.249500	-0.271895	-0.010013
-0.499086	-0.474779	 0.342239	 0.404771	-0.435176	-0.499507	 0.455869	 0.475559	 0.370786	 0.374000	-0.271895	-0.010013
-0.499086	-0.486688	-0.157738	 0.451673	-0.435176	-0.499507	 0.478224	-0.012769	 0.370786	-0.063750	-0.271895	-0.010013
-0.499086	-0.492642	-0.406412	 0.475124	-0.435176	-0.499507	 0.488401	-0.255931	 0.370786	-0.281623	-0.271895	-0.010013
-0.499086	 0.004381	-0.029438	-0.013151	-0.435176	-0.499507	 0.493489	 0.122488	 0.370786	-0.390559	-0.271895	-0.010013
-0.499086	 0.251889	 0.159049	-0.256285	-0.435176	-0.499507	 0.496033	 0.310696	 0.370786	-0.445027	-0.271895	-0.010013
-0.499086	-0.124356	 0.253292	 0.122148	-0.435176	-0.499507	-0.002695	 0.404800	 0.370786	 0.027739	-0.271895	-0.010013
-0.499086	-0.311478	 0.300414	 0.310363	-0.435176	-0.499507	-0.251056	 0.451852	 0.370786	 0.263121	-0.271895	-0.010013
-0.499086	 0.094961	 0.323975	 0.404470	-0.435176	-0.499507	-0.375237	 0.475378	 0.370786	-0.119188	-0.271895	-0.010013
-0.499086	 0.297178	 0.335755	 0.451524	-0.435176	-0.499507	-0.437327	 0.487141	 0.370786	-0.309339	-0.271895	-0.010013
-0.499086	 0.398286	 0.341646	 0.475051	-0.435176	-0.499507	-0.468372	 0.493022	 0.370786	-0.404415	-0.271895	-0.010013
-0.499086	-0.051159	 0.344591	 0.486815	-0.435176	-0.499507	-0.483895	-0.004037	 0.370786	-0.451953	-0.271895	-0.010013
-0.499086	-0.274881	 0.346063	 0.492696	-0.435176	-0.499507	-0.491656	-0.251565	 0.370786	-0.475722	-0.271895	-0.010013
-0.499086	 0.113258	 0.346799	 0.495637	-0.435176	-0.499507	 0.004463	-0.375328	 0.370786	-0.487606	-0.271895	-0.010013
-0.499086	 0.306325	 0.347168	 0.497108	-0.435176	-0.499507	 0.251522	-0.437210	 0.370786	-0.493548	-0.271895	-0.010013
-0.499086	 0.402858	 0.347352	-0.002157	-0.435176	-0.499507	-0.624949	 0.031849	 0.370786	-0.496520	-0.271895	-0.010013
-0.499086	 0.451125	 0.347444	-0.250787	-0.435176	-0.499507	-1.060181	 0.265377	 0.370786	-0.498005	-0.271895	-0.010013
-0.499086	 0.475258	 0.347490	-0.375101	-0.435176	-0.499507	-0.774807	 0.382141	 0.370786	-0.498748	-0.271895	-0.010013
-0.499086	 0.487325	 0.347513	-0.437259	-0.435176	-0.499507	-0.632120	 0.440522	 0.370786	-0.499119	-0.271895	-0.010013
-0.499086	 0.493358	 0.347524	-0.468338	-0.435176	-0.499507	-0.560776	 0.469713	 0.370786	-0.499305	-0.271895	-0.010013
-0.499086	 0.496375	 0.347530	 0.016123	-0.435176	-0.499507	-0.025104	 0.484309	-0.129214	-0.499398	-0.271895	-0.010013
-0.499086	 0.497883	 0.347533	 0.257352	-0.435176	-0.499507	 0.241711	 0.491607	-0.377956	-0.499444	-0.271895	-0.010013
-0.499086	 0.498637	-0.152466	 0.377967	-0.935176	-0.499507	 0.374101	 0.495256	-0.001073	-0.499467	-0.271895	-0.010013
-0.499086	 0.499014	-0.401160	 0.438274	-1.182305	-0.499507	 0.439283	 0.497080	 0.187368	-0.499479	-0.271895	-0.010013
-0.499086	 0.499203	-0.024207	 0.468428	-0.803011	-0.499507	 0.470865	 0.497992	 0.281589	-0.499485	-0.271895	-0.010013
-0.499086	 0.499297	 0.164269	 0.483505	-0.613364	-0.499507	 0.485652	 0.498448	 0.328699	-0.499488	-0.271895	-0.010013
-0.499086	-0.000656	-0.241493	 0.491043	-0.518541	-0.499507	 0.492044	 0.498676	 0.352254	-0.499489	-0.271895	-0.010013
-0.499086	-0.249631	-0.443080	 0.494812	-0.471129	-0.499507	 0.495240	 0.498790	 0.364032	-0.499490	-0.271895	-0.010013
-0.499086	-0.374118	-0.542583	 0.496697	-0.447423	-0.499507	 0.496838	 0.498847	 0.369920	-0.499490	-0.271895	-0.010013
-0.499086	-0.436362	-0.591051	 0.497639	-0.435570	-0.499507	-0.002363	 0.498876	 0.372865	 0.000509	-0.271895	-0.010013
-0.499086	-0.467484	-0.614006	 0.498110	-0.429644	-0.499507	-0.250960	 0.498890	 0.374337	 0.249508	-0.271895	-0.010013
-0.499086	 0.016955	-0.124210	 0.498346	-0.426681	-0.499507	-0.375259	 0.498897	 0.375073	-0.125992	-0.271895	-0.010013
-0.499086	 0.258172	 0.120689	 0.498464	-0.425199	-0.499507	-0.437408	 0.498901	 0.375441	-0.312739	-0.271895	-0.010013
-0.499086	 0.378780	 0.243138	 0.498523	-0.424458	-0.499507	 0.031517	 0.498903	 0.375625	 0.093887	-0.271895	-0.010013
-0.499086	 0.439084	 0.304362	 0.498552	-0.424088	-0.499507	 0.264979	 0.498904	 0.375717	 0.296199	-0.271895	-0.010013
-0.499086	 0.469236	 0.334975	 0.498567	-0.423902	-0.499507	 0.381710	 0.498904	 0.375763	-0.102645	-0.271895	-0.010013
-0.499086	 0.484312	 0.350281	 0.498574	-0.423810	-0.499507	 0.440075	 0.498904	 0.375786	-0.301064	-0.271895	-0.010013
-0.499086	 0.491850	 0.357934	 0.498578	-0.423764	-0.499507	 0.469258	 0.498904	 0.375798	-0.400273	-0.271895	-0.010013
-0.499086	 0.495619	 0.361760	 0.498580	-0.423740	-0.499507	 0.483849	 0.498904	 0.375803	-0.449878	-0.271895	-0.010013
-0.499086	 0.497504	 0.363674	 0.498580	-0.423729	-0.499507	 0.491145	 0.498904	 0.375806	-0.474680	-0.271895	-0.010013
-0.499086	-0.001554	 0.364630	 0.498581	-0.423723	-0.499507	 0.494793	 0.498904	 0.375808	-0.487082	-0.271895	-0.010013
-0.499086	-0.250081	 0.365109	 0.498581	-0.423720	-0.499507	 0.496617	 0.498904	 0.375809	-0.493282	-0.271895	-0.010013
-0.499086	 0.125655	 0.365348	-0.001419	-0.423719	-0.499507	 0.497528	 0.498904	 0.375809	 0.003617	-0.271895	-0.010013
-0.499086	 0.312520	 0.365467	-0.250416	-0.423718	-0.499507	 0.497984	 0.498904	 0.375809	 0.251066	-0.271895	-0.010013
-0.499086	 0.405953	 0.365527	 0.125086	-0.423718	-0.499507	 0.498212	 0.498904	 0.375809	-0.125209	-0.271895	-0.010013
-0.499086	 0.452669	 0.365557	 0.311835	-0.423717	-0.499507	 0.498326	 0.498904	 0.375809	-0.312344	-0.271895	-0.010013
-0.499086	 0.476027	 0.365572	 0.405210	-0.423717	-0.499507	 0.498383	 0.498904	 0.375809	-0.405912	-0.271895	-0.010013
 0.000914	 0.487706	 0.365580	 0.451897	-0.423717	-0.499507	-0.001588	-0.001096	 0.375809	-0.452695	-0.271895	-0.010013
 0.249912	 0.493546	 0.365583	 0.475241	-0.423717	-0.499507	-0.250571	-0.250093	 0.375809	-0.476087	-0.271895	-0.010013
-0.125589	-0.003534	 0.365585	 0.486913	-0.423717	-0.499507	 0.124938	 0.125408	 0.375809	-0.487783	-0.271895	-0.010013
-0.312337	-0.251073	 0.365586	 0.492749	-0.423717	-0.499507	 0.311691	 0.312156	 0.375809	-0.493631	-0.271895	-0.010013
 0.094289	 0.125157	 0.365587	 0.495667	-0.423717	-0.499507	 0.405068	 0.405531	 0.375809	-0.496555	-0.271895	-0.010013
 0.296600	 0.312270	 0.365587	 0.497126	-0.423717	-0.499507	 0.451757	 0.452218	 0.375809	-0.498017	-0.271895	-0.010013
-0.102244	 0.405826	 0.365587	 0.497855	-0.423717	-0.499507	 0.475101	 0.475562	 0.375809	-0.498748	-0.271895	-0.010013
-0.300664	 0.452604	 0.365587	 0.498220	-0.423717	-0.499507	 0.486773	 0.487233	 0.375809	-0.499113	-0.271895	-0.010013
-0.399875	 0.475993	 0.365587	 0.498402	-0.423717	-0.499507	 0.492609	 0.493069	 0.375809	-0.499296	-0.271895	-0.010013
-0.449480	 0.487688	 0.365587	-0.001506	-0.423717	-0.499507	 0.495527	 0.495987	 0.375809	-0.499388	-0.271895	-0.010013
-0.474282	 0.493535	 0.365587	-0.250458	-0.423717	-0.499507	 0.496986	 0.497446	 0.375809	-0.499433	-0.271895	-0.010013
-0.486683	 0.496459	-0.134413	 0.125066	-0.423717	-0.499507	 0.497715	 0.498176	 0.375809	-0.499456	-0.271895	-0.010013
-0.492884	 0.497920	-0.383144	 0.311827	-0.423717	-0.499507	 0.498080	 0.498540	 0.375809	-0.499468	-0.271895	-0.010013
-0.495984	 0.498651	-0.006246	 0.405208	-0.423717	-0.499507	-0.001737	-0.001277	 0.375809	 0.000527	-0.271895	-0.010013
-0.497534	 0.499017	 0.182203	 0.451898	-0.423717	-0.499507	-0.250643	-0.250184	 0.375809	 0.249523	-0.271895	-0.010013
-0.498309	 0.499199	 0.276428	-0.024757	-0.423717	-0.499507	 0.124904	-0.374637	 0.375809	 0.374021	-0.271895	-0.010013
-0.498697	 0.499291	 0.323540	-0.262082	-0.423717	-0.499507	 0.311677	-0.436864	 0.375809	 0.436270	-0.271895	-0.010013
-0.498891	 0.499337	 0.347096	-0.380744	-0.423717	-0.499507	 0.405063	-0.467977	 0.375809	 0.467394	-0.271895	-0.010013
-0.498988	 0.499359	 0.358874	 0.059925	-0.423717	-0.499507	 0.451756	 0.016466	 0.375809	-0.017043	-0.271895	-0.010013
-0.499036	 0.499371	 0.364763	 0.279258	-0.423717	-0.499507	 0.475103	 0.257686	 0.375809	-0.258259	-0.271895	-0.010013
-0.499060	-0.000624	-0.132292	 0.388925	-0.423717	-0.499507	 0.486776	 0.378296	 0.375809	-0.378867	-0.271895	-0.010013
-0.499072	-0.249619	-0.379561	 0.443758	-0.423717	-0.499507	 0.492613	 0.438601	 0.375809	-0.439171	-0.271895	-0.010013
-0.499078	 0.125883	-0.001942	 0.471175	-0.423717	-0.499507	 0.495531	 0.468753	 0.375809	-0.469323	-0.271895	-0.010013
-0.499081	 0.312631	 0.186867	 0.484883	-0.423717	-0.499507	 0.496990	 0.483830	 0.375809	-0.484399	-0.271895	-0.010013
-0.499083	 0.406005	 0.281272	 0.491737	-0.423717	-0.499507	-0.002280	 0.491368	 0.375809	-0.491937	-0.271895	-0.010013
-0.499084	 0.452692	 0.328474	 0.495164	-0.423717	-0.499507	-0.250912	 0.495137	 0.375809	-0.495706	-0.271895	-0.010013
-0.499084	 0.476036	 0.352076	 0.496878	-0.423717	-0.499507	-0.375228	 0.497021	 0.375809	-0.497591	-0.271895	-0.010013
 0.000916	 0.487707	 0.363876	 0.497735	-0.423717	-0.499507	 0.062614	-0.002036	 0.375809	-0.498533	-0.271895	-0.010013
 0.249914	 0.493543	 0.369777	 0.498163	-0.423717	-0.499507	 0.280534	-0.250563	 0.375809	-0.499004	-0.271895	-0.010013
-0.125587	 0.496461	 0.372727	 0.498377	-0.423717	-0.499507	-0.110506	 0.125174	 0.375809	 0.000760	-0.271895	-0.010013
-0.312336	 0.497920	 0.374202	 0.498484	-0.423717	-0.499507	-0.305023	 0.312040	 0.375809	 0.249642	-0.271895	-0.010013
-0.405710	 0.498650	 0.374939	 0.498538	-0.423717	-0.499507	 0.097718	 0.405473	 0.375809	 0.374082	-0.271895	-0.010013
-0.452397	 0.499014	 0.375308	 0.498565	-0.423717	-0.499507	 0.298088	 0.452190	 0.375809	 0.436302	-0.271895	-0.010013
-0.475740	 0.499197	 0.375492	 0.498578	-0.423717	-0.499507	 0.398273	 0.475548	 0.375809	 0.467413	-0.271895	-0.010013
-0.487412	 0.499288	 0.375585	 0.498585	-0.423717	-0.499507	 0.448366	 0.487227	 0.375809	 0.482968	-0.271895	-0.010013
-0.493248	 0.499334	 0.375631	 0.498588	-0.423717	-0.499507	 0.473412	 0.493067	 0.375809	 0.490745	-0.271895	-0.010013
-0.496166	 0.499356	 0.375654	-0.001410	-0.423717	-0.499507	 0.485935	-0.004013	 0.375809	 0.494634	-0.271895	-0.010013
-0.497625	 0.499368	 0.375665	-0.250407	-0.423717	-0.499507	 0.492196	-0.251551	 0.375809	 0.496578	-0.271895	-0.010013
-0.498354	 0.499373	 0.375671	 0.125095	-0.423717	-0.499507	 0.495327	 0.124680	 0.375809	-0.002449	-0.271895	-0.010013
-0.498719	 0.499376	 0.375674	 0.311845	-0.423717	-0.499507	 0.496893	 0.311794	 0.375809	-0.250960	-0.271895	-0.010013
-0.498901	 0.499378	 0.375675	 0.405220	-0.423717	-0.499507	-0.002325	 0.405351	 0.375809	-0.375216	-0.271895	-0.010013
-0.498993	 0.499378	 0.375676	 0.451907	-0.423717	-0.499507	-0.250930	 0.452129	 0.375809	-0.437344	-0.271895	-0.010013
-0.499038	 0.499379	 0.375677	 0.475251	-0.423717	-0.499507	 0.124767	 0.475518	 0.375809	-0.468407	-0.271895	-0.010013
-0.499061	 0.499379	 0.375677	 0.486923	-0.423717	-0.499507	 0.311615	 0.487213	 0.375809	-0.483939	-0.271895	-0.010013
-0.499072	 0.499379	 0.375677	 0.492759	-0.423717	-0.499507	 0.405038	 0.493060	 0.375809	-0.491705	-0.271895	-0.010013
-0.499078	 0.499379	 0.375677	 0.495677	-0.423717	-0.499507	 0.451750	 0.495984	 0.375809	-0.495588	-0.271895	-0.010013
-0.499081	 0.499379	 0.375677	 0.497136	-0.423717	-0.499507	 0.475106	 0.497446	 0.375809	-0.497530	-0.271895	-0.010013
-0.499082	 0.499379	 0.375677	 0.497865	-0.423717	-0.499507	 0.486784	 0.498176	 0.375809	-0.498501	-0.271895	-0.010013
-0.499083	 0.499379	 0.375677	 0.498230	-0.423717	-0.499507	 0.492623	 0.498542	 0.375809	-0.498986	-0.271895	-0.010013
-0.499083	 0.499379	 0.375677	 0.498412	-0.423717	-0.499507	-0.004457	-0.001275	 0.375809	-0.499229	-0.271895	-0.010013
-0.499084	 0.499379	 0.375677	 0.498503	-0.423717	-0.499507	-0.251994	-0.250182	 0.375809	-0.499350	-0.271895	-0.010013
-0.499084	 0.499379	 0.375677	-0.001451	-0.423717	-0.499507	 0.124237	 0.125365	 0.375809	 0.000589	-0.271895	-0.010013
-0.499084	 0.499379	 0.375677	-0.250425	-0.423717	-0.499507	 0.311352	 0.312137	 0.375809	 0.249558	-0.271895	-0.010013
-0.499084	 0.499379	 0.375677	-0.374913	-0.423717	-0.499507	 0.404909	 0.405522	 0.375809	 0.374042	-0.271895	-0.010013
-0.499084	 0.499379	-0.124323	 0.062844	-0.423717	-0.499507	 0.451688	-0.047785	 0.375809	-0.063716	-0.271895	-0.010013
-0.499084	 0.499379	-0.373074	 0.280721	-0.423717	-0.499507	 0.475077	-0.273436	 0.375809	-0.281592	-0.271895	-0.010013
 0.000916	 0.499379	 0.003793	 0.389659	-0.423717	-0.499507	 0.486772	 0.113738	 0.375809	-0.390530	-0.271895	-0.010013
 0.249914	 0.499379	 0.192227	 0.444129	-0.423717	-0.499507	 0.492619	 0.306323	 0.375809	-0.444999	-0.271895	-0.010013
-0.125587	 0.499379	 0.286444	 0.471363	-0.423717	-0.499507	 0.495543	-0.097384	 0.375809	-0.472233	-0.271895	-0.010013
-0.312335	 0.499379	 0.333553	 0.484980	-0.423717	-0.499507	 0.497005	-0.298235	 0.375809	-0.485850	-0.271895	-0.010013
-0.405709	 0.499379	 0.357107	 0.491789	-0.423717	-0.499507	 0.497736	 0.101339	 0.375809	 0.007341	-0.271895	-0.010013
-0.452396	 0.499379	 0.368884	 0.495193	-0.423717	-0.499507	 0.498101	 0.300124	 0.375809	 0.252936	-0.271895	-0.010013
-0.475740	 0.499379	 0.374773	 0.496896	-0.423717	-0.499507	 0.498284	 0.399517	 0.375809	-0.124267	-0.271895	-0.010013
-0.487411	 0.499379	 0.377717	 0.497747	-0.423717	-0.499507	 0.498375	 0.449213	 0.375809	-0.311865	-0.271895	-0.010013
-0.493247	 0.499379	 0.379189	 0.498172	-0.423717	-0.499507	 0.498421	 0.474061	 0.375809	-0.405665	-0.271895	-0.010013
-0.496165	 0.499379	 0.379925	 0.498385	-0.923717	-0.499507	 0.498444	 0.486485	 0.375809	 0.047436	-0.271895	-0.010013
-0.497624	 0.499379	 0.380293	 0.498491	-1.170870	-0.499507	 0.498455	 0.492697	 0.375809	 0.272985	-0.271895	-0.010013
-0.498354	 0.499379	 0.380477	 0.498545	-0.791610	-0.499507	 0.498461	-0.004197	 0.375809	 0.385759	-0.271895	-0.010013
-0.498718	 0.499379	 0.380569	 0.498571	-0.601980	-0.499507	 0.498464	-0.251641	 0.375809	 0.442147	-0.271895	-0.010013
-0.498901	 0.499379	-0.119385	-0.001416	-0.507165	-0.499507	 0.498465	 0.124636	 0.375809	-0.029660	-0.271895	-0.010013
-0.498992	 0.499379	-0.368123	-0.250406	-0.459758	-0.499507	 0.498466	 0.311773	 0.375809	-0.264560	-0.271895	-0.010013
-0.499038	 0.499379	 0.008742	 0.125099	-0.436054	-0.499507	-0.001534	 0.405342	 0.375809	-0.382010	-0.271895	-0.010013
-0.499060	 0.499379	 0.197174	 0.311850	-0.424202	-0.499507	-0.250530	 0.452126	 0.375809	-0.440735	-0.271895	-0.010013
-0.499072	 0.499379	 0.291390	 0.405225	-0.418276	-0.499507	-0.375029	 0.475518	 0.375809	-0.470098	-0.271895	-0.010013
-0.499077	-0.000621	 0.338498	 0.451913	-0.415313	-0.499507	 0.062722	 0.487214	 0.375809	-0.484779	-0.271895	-0.010013
-0.499080	-0.249620	 0.362052	 0.475257	-0.413832	-0.499507	 0.280596	 0.493062	 0.375809	-0.492119	-0.271895	-0.010013
-0.499082	-0.374119	 0.373829	 0.486929	-0.413091	-0.499507	-0.110466	 0.495986	 0.375809	-0.495790	-0.271895	-0.010013
-0.499082	-0.436369	 0.379718	 0.492765	-0.412721	-0.499507	-0.304995	 0.497448	 0.375809	-0.497625	-0.271895	-0.010013
-0.499083	-0.467494	 0.382662	 0.495683	-0.412536	-0.499507	 0.097741	 0.498179	 0.375809	-0.498543	-0.271895	-0.010013
-0.499083	-0.483056	 0.384134	 0.497142	-0.412443	-0.499507	 0.298108	 0.498545	 0.375809	-0.499001	-0.271895	-0.010013
-0.499083	 0.009163	 0.384870	 0.497871	-0.412397	-0.499507	 0.398292	 0.498727	 0.375809	-0.499231	-0.271895	-0.010013
-0.499083	 0.254269	 0.385238	 0.498236	-0.412373	-0.499507	 0.448383	 0.498819	 0.375809	-0.499345	-0.271895	-0.010013
-0.499083	 0.376823	 0.385422	 0.498419	-0.412362	-0.499507	 0.473429	 0.498865	 0.375809	-0.499403	-0.271895	-0.010013
-0.499083	 0.438099	 0.385514	 0.498510	-0.412356	-0.499507	 0.485952	 0.498887	 0.375809	-0.499431	-0.271895	-0.010013
-0.499083	 0.468738	 0.385560	 0.498555	-0.412353	-0.499507	 0.492214	 0.498899	 0.375809	-0.499446	-0.271895	-0.010013
-0.499083	 0.484057	 0.385583	 0.498578	-0.412352	-0.499507	 0.495344	 0.498904	 0.375809	-0.499453	-0.271895	-0.010013
-0.499083	 0.491717	 0.385595	 0.498590	-0.412351	-0.499507	 0.496910	 0.498907	 0.375809	-0.499457	-0.271895	-0.010013
-0.499083	 0.495546	 0.385601	 0.498595	-0.412351	-0.499507	 0.497692	 0.498909	 0.375809	-0.499458	-0.271895	-0.010013
-0.499083	 0.497461	 0.385603	 0.498598	-0.412351	-0.499507	 0.498084	 0.498909	 0.375809	-0.499459	-0.271895	-0.010013
-0.499083	 0.498419	 0.385605	 0.498600	-0.412350	-0.499507	 0.498279	 0.498910	 0.375809	-0.499460	-0.271895	-0.010013
-0.499083	 0.498897	 0.385606	 0.498600	-0.412350	-0.499507	 0.498377	 0.498910	 0.375809	-0.499460	-0.271895	-0.010013
-0.499083	 0.499137	 0.385606	 0.498601	-0.412350	-0.499507	 0.498426	 0.498910	 0.375809	-0.499460	-0.271895	-0.010013
 0.000917	 0.499256	 0.385606	 0.498601	-0.412350	-0.499507	-0.001549	 0.498910	 0.375809	 0.000540	-0.271895	-0.010013
 0.249915	 0.499316	 0.385606	 0.498601	-0.412350	-0.499507	-0.250534	 0.498910	 0.375809	 0.249539	-0.271895	-0.010013
-0.125586	 0.499346	 0.385606	 0.498601	-0.412350	-0.499507	 0.124974	 0.498910	 0.375809	 0.374038	-0.271895	-0.010013
-0.312334	 0.499361	 0.385606	 0.498601	-0.412350	-0.499507	 0.311726	 0.498910	 0.375809	 0.436288	-0.271895	-0.010013
-0.405708	 0.499369	 0.385606	 0.498601	-0.412350	-0.499507	 0.405103	 0.498910	 0.375809	-0.032587	-0.271895	-0.010013
-0.452395	 0.499372	 0.385606	 0.498601	-0.412350	-0.499507	 0.451791	 0.498910	 0.375809	-0.266022	-0.271895	-0.010013
-0.475739	 0.499374	 0.385606	 0.498601	-0.412350	-0.499507	 0.475135	 0.498910	 0.375809	-0.382739	-0.271895	-0.010013
-0.487411	 0.499375	 0.385606	 0.498601	-0.412350	-0.499507	 0.486807	 0.498910	 0.375809	-0.441098	-0.271895	-0.010013
-0.493247	 0.499376	 0.385606	 0.498601	-0.412350	-0.499507	 0.492643	 0.498910	 0.375809	-0.470277	-0.271895	-0.010013
-0.496165	-0.000624	-0.114394	 0.498601	-0.412350	-0.499507	 0.495561	 0.498910	 0.375809	-0.484867	-0.271895	-0.010013
-0.497623	-0.249623	-0.363165	 0.498601	-0.412350	-0.499507	 0.497020	 0.498910	 0.375809	-0.492162	-0.271895	-0.010013
 0.001647	 0.125878	 0.013673	 0.498601	-0.412350	-0.499507	 0.497750	 0.498910	 0.375809	 0.004191	-0.271895	-0.010013
 0.250280	 0.312625	 0.202092	 0.498601	-0.412350	-0.499507	 0.498114	 0.498910	 0.375809	 0.251366	-0.271895	-0.010013
 0.374597	-0.094001	 0.296302	 0.498601	-0.412350	-0.499507	 0.498297	 0.498910	 0.375809	 0.374954	-0.271895	-0.010013
 0.436756	-0.296313	 0.343407	 0.498601	-0.412350	-0.499507	 0.498388	 0.498910	 0.375809	 0.436748	-0.271895	-0.010013
-0.032165	 0.102531	 0.366959	 0.498601	-0.412350	-0.499507	 0.498434	 0.498910	 0.375809	-0.032355	-0.271895	-0.010013
-0.265624	 0.300951	 0.378735	 0.498601	-0.412350	-0.499507	 0.498456	 0.498910	 0.375809	-0.265904	-0.271895	-0.010013
-0.382353	 0.400160	 0.384623	 0.498601	-0.412350	-0.499507	 0.498468	 0.498910	 0.375809	-0.382678	-0.271895	-0.010013
-0.440717	 0.449765	 0.387568	 0.498601	-0.412350	-0.499507	 0.498474	 0.498910	 0.375809	-0.441066	-0.271895	-0.010013
-0.469900	 0.474568	 0.389040	 0.498601	-0.412350	-0.499507	 0.498476	 0.498910	 0.375809	-0.470259	-0.271895	-0.010013
-0.484491	 0.486969	 0.389776	 0.498601	-0.412350	-0.499507	 0.498478	 0.498910	 0.375809	-0.484856	-0.271895	-0.010013
-0.491786	 0.493169	 0.390144	 0.498601	-0.412350	-0.499507	 0.498479	 0.498910	 0.375809	-0.492154	-0.271895	-0.010013
-0.495434	 0.496270	-0.109672	 0.498601	-0.412350	-0.499507	 0.498479	 0.498910	 0.375809	-0.495804	-0.271895	 0.489987
-0.497258	 0.497820	-0.358361	 0.498601	-0.412350	-0.499507	 0.498479	 0.498910	 0.375809	-0.497628	-0.271895	 0.738007
-0.498170	 0.498595	 0.018508	-0.001399	-0.412350	-0.499507	-0.001521	-0.001090	 0.375809	 0.001460	-0.271895	 0.360045
-0.498626	 0.498983	 0.206943	-0.250396	-0.412350	-0.499507	-0.250518	-0.250088	 0.375809	 0.250002	-0.271895	 0.171064
-0.498854	 0.499176	 0.301160	-0.374895	-0.412350	-0.499507	-0.375016	-0.374587	 0.375809	 0.374274	-0.271895	 0.076574
-0.498968	 0.499273	-0.151731	 0.062856	-0.412350	-0.499507	 0.062735	 0.063164	 0.375809	-0.063591	-0.271895	 0.029328
-0.499025	 0.499322	-0.376967	 0.280730	-0.412350	-0.499507	 0.280609	 0.281037	 0.375809	-0.281520	-0.271895	 0.005706
-0.499053	 0.499346	 0.011619	 0.389667	-0.412350	-0.499507	 0.389546	 0.389974	 0.375809	-0.390484	-0.271895	 0.493894
