-0.233988	-0.467186	-0.261051	-0.024900	-0.380365	-1.366931	-0.398805	 0.426672	-0.140441	-0.414871	-0.498703	-0.469520
-0.673020	-0.467209	-0.261051	-0.023054	-0.380365	-0.924213	-0.449284	 0.426770	-0.140439	-0.414871	-0.498703	-0.469520
-0.890312	-0.467221	-0.261051	-0.022131	-0.380365	-0.702854	-0.474523	 0.426819	-0.140438	-0.414871	-0.498703	-0.469520
-0.996743	-0.467226	-0.761051	-0.021669	-0.380365	-0.592174	-0.487142	 0.426844	-0.140438	-0.414871	-0.498703	-0.469520
-1.047752	-0.467229	-1.008529	-0.021439	-0.380365	-0.536834	-0.493452	 0.426856	-0.140438	-0.414871	-0.498703	-0.469520
-0.571058	-0.467231	-0.629756	-0.021323	-0.380365	-0.509164	 0.003393	 0.426862	-0.140438	-0.414871	-0.498703	-0.469520
-0.332712	-0.467231	-0.440370	-0.021265	-0.380365	-0.495329	 0.250815	 0.426865	-0.140438	-0.414871	-0.498703	-0.469520
-0.713539	-0.467232	-0.845676	-0.021237	-0.380365	-0.488412	-0.125474	 0.426867	-0.140438	-0.414871	-0.498703	-0.469520
-0.901763	-0.467232	-1.045828	-0.021222	-0.380365	-0.484953	-0.312615	 0.426867	-0.140438	-0.414871	-0.498703	-0.469520
-0.993696	-0.467232	-1.143412	-0.021215	-0.380365	-0.483224	-0.406185	 0.426868	-0.140438	-0.414871	-0.498703	-0.469520
-0.537491	-0.467232	-0.689721	-0.021211	-0.380365	-0.482359	-0.452971	 0.426868	-0.140438	-0.414871	-0.498703	-0.469520
-0.309388	-0.467232	-0.462876	-0.021210	-0.380365	-0.481927	-0.476363	 0.426868	-0.140438	-0.414871	-0.498703	-0.469520
-0.695337	-0.467232	-0.849454	-0.021209	-0.380365	-0.481711	-0.488060	 0.426868	-0.140438	-0.414871	-0.498703	-0.469520
-0.886149	-0.467232	-1.040271	-0.021208	-0.380365	-0.481603	-0.493908	 0.426868	-0.140438	-0.414871	-0.498703	-0.469520
-0.979401	-0.467232	-0.633217	-0.021208	-0.380365	-0.481549	 0.003168	-0.073132	-0.140438	-0.414871	-0.498703	-0.469520
-1.023881	-0.467232	-0.429690	-0.021208	-0.380365	-0.481522	 0.250706	-0.321986	-0.140438	-0.414871	-0.498703	-0.469520
-1.043985	-0.467232	-0.327926	-0.021208	-0.380365	-0.481508	-0.125526	 0.054729	-0.140438	-0.414871	-0.498703	-0.469520
-1.051909	-0.467232	-0.277045	-0.021208	-0.380365	-0.481501	-0.312638	 0.243087	-0.140438	-0.414871	-0.498703	-0.469520
-1.053751	-0.467232	-0.251604	-0.021208	-0.380365	-0.481498	-0.406194	 0.337265	-0.140438	-0.414871	-0.498703	-0.469520
-1.052561	-0.467232	-0.238883	-0.021208	-0.380365	-0.481496	 0.047028	-0.115645	-0.140438	-0.414871	-0.498703	-0.469520
-1.049863	-0.467232	-0.232523	-0.021208	-0.380365	-0.481495	 0.272639	-0.340964	-0.140438	-0.414871	-0.498703	-0.469520
-0.546420	-0.467232	-0.229343	-0.021208	-0.380365	-0.481495	-0.114556	-0.452490	-0.140438	-0.414871	-0.498703	-0.469520
-0.294698	-0.467232	-0.227753	-0.021208	-0.380365	-0.481495	-0.307150	-0.507125	-0.140438	-0.414871	-0.498703	-0.469520
-0.668837	-0.467232	-0.226958	-0.021208	-0.380365	-0.481495	 0.096553	-0.033319	-0.140438	-0.914871	-0.498703	-0.469520
-0.853821	-0.467232	-0.226560	-0.021208	-0.380365	-0.481495	 0.297404	 0.203584	-0.140438	-1.162042	-0.498703	-0.469520
-0.444235	-0.467232	-0.226362	-0.021208	-0.380365	 0.018505	-0.102170	-0.177965	-0.140438	-0.782808	-0.498703	-0.469520
-0.239442	-0.467232	-0.226262	-0.021208	-0.380365	 0.267468	-0.300954	-0.367620	-0.140438	-0.593192	-0.498703	-0.469520
-0.137046	-0.467232	-0.226213	-0.021208	-0.380365	 0.390917	-0.400346	-0.461333	-0.140438	-0.498383	-0.498703	-0.469520
-0.085847	-0.467232	-0.226188	-0.021208	-0.380365	-0.048387	 0.049958	-0.007080	-0.140438	-0.450979	-0.498703	-0.469520
-0.060248	-0.467232	-0.226175	-0.021208	-0.380365	-0.268040	 0.274110	 0.220047	-0.140438	-0.427277	-0.498703	-0.469520
-0.047449	-0.467232	-0.226169	-0.021208	-0.380365	-0.377866	 0.386185	 0.333610	-0.140438	-0.415426	-0.498703	-0.469520
-0.041049	-0.467232	-0.226166	-0.021208	-0.380365	-0.432779	 0.442223	 0.390392	-0.140438	-0.409501	-0.498703	-0.469520
-0.537849	-0.467232	-0.226164	-0.521208	-0.380365	-0.460235	-0.029758	-0.081217	-0.140438	-0.406538	-0.498703	-0.469520
-0.784180	-0.467232	-0.226164	-0.769165	-0.380365	-0.473964	-0.264745	-0.315916	-0.140438	-0.405056	-0.498703	-0.469520
-0.405284	 0.032768	 0.273837	-0.391110	-0.380365	-0.480828	 0.117762	-0.432164	-0.140438	-0.404316	-0.498703	-0.469520
-0.215836	 0.281702	 0.522289	-0.202082	-0.380365	-0.484260	 0.308014	-0.489191	-0.140438	-0.403945	-0.498703	-0.469520
-0.121112	 0.405108	 0.644974	-0.107568	-0.380365	-0.485976	 0.403141	-0.516613	-0.140438	-0.403760	-0.498703	-0.469520
-0.073750	-0.034246	 0.704781	-0.060311	-0.380365	-0.486834	 0.450704	-0.029235	-0.140438	-0.403668	-0.498703	-0.469520
-0.050070	-0.253923	 0.733155	-0.036683	-0.380365	-0.487263	 0.474485	 0.214454	-0.140438	-0.403621	-0.498703	-0.469520
-0.038229	-0.363761	 0.745820	-0.024869	-0.380365	-0.487477	-0.013624	 0.336298	-0.140438	-0.403598	-0.498703	-0.469520
-0.032309	-0.418681	 0.750635	-0.018962	-0.380365	-0.487585	-0.256675	 0.397220	-0.140438	-0.403587	-0.498703	-0.469520
-0.029349	 0.053860	 0.751531	-0.016008	 0.119635	-0.487638	-0.378201	 0.427681	-0.140438	 0.096419	 0.001297	-0.469520
-0.027869	 0.289077	 0.750475	-0.014531	 0.368396	-0.487665	-0.438963	 0.442912	-0.140438	 0.345229	 0.250294	-0.469520
 1.972871	 0.905637	 0.748448	-0.013793	 0.491542	 0.012322	-0.469345	 0.450527	-0.140438	-0.031554	 0.374793	-0.469520
 2.965294	 1.210873	 0.745941	-0.013424	 0.551885	 0.261290	-0.484535	 0.454335	-0.140438	-0.219945	 0.437042	-0.469520
 3.453590	 1.360459	 0.743201	-0.013239	 0.580833	 0.384754	-0.492131	 0.456238	-0.140438	-0.314141	 0.468167	-0.469520
 5.189854	 1.432231	 0.740350	-0.013147	 0.594087	 0.445470	 0.004072	 0.457190	-0.140438	 0.138761	 0.983729	 0.530480
 6.044134	 1.465110	 0.737450	-0.013101	 0.599499	 0.474815	 0.251172	 0.457666	-0.140438	 0.364029	 1.238512	 1.027419
 9.457477	 1.478553	 0.734530	 0.486922	 1.100995	 0.988479	 2.374723	 2.457904	 2.359562	 1.975484	 2.362917	 5.272840
 11.138407	 1.482290	 0.731608	 0.734960	 1.348539	 1.242307	 3.427501	 3.449107	 3.599843	 2.774038	 2.918144	 7.376514
 13.453234	 0.981187	 0.728689	 0.357013	 1.469118	 1.366229	 3.444930	 3.935828	 4.710303	 2.166169	 4.688811	 4.409390
 14.579111	 0.730636	 0.725778	 0.168039	 1.526228	 1.425209	 3.446720	 4.170343	 5.253892	 1.859119	 5.561226	 2.922944
 14.110639	 0.605360	 0.722877	 0.073553	 1.051617	 0.951731	 1.940717	 2.278791	 3.014091	 1.202489	 3.484566	 1.676848
 13.849119	 0.542722	 0.719986	 0.026309	 0.813157	 0.714992	 1.187716	 1.333015	 1.892642	 0.873083	 2.443420	 1.053800
 13.691184	 0.511403	 0.717107	 0.002687	 0.692778	 0.596623	 0.811216	 0.860127	 1.330376	 0.707292	 1.920043	 0.742276
 13.585150	 0.495743	 0.714238	-0.009123	 0.631443	 0.537438	 0.622965	 0.623683	 1.047706	 0.623314	 1.655561	 0.586514
 13.505174	 0.487914	 0.711382	-0.015029	 0.599636	 0.507846	 0.528840	 0.505461	 0.904841	 0.580246	 1.520538	 0.508633
 12.938336	-0.016001	 0.708536	-0.017982	 0.582597	 0.493049	 0.481778	 0.446350	 0.331885	 0.557638	 0.950255	-0.030308
 12.630174	-0.266919	 0.705702	-0.019458	 0.572946	 0.485651	 0.458246	 0.416794	 0.045406	 0.545264	 0.665114	-0.298640
 10.451449	 0.108658	 0.702879	-0.020196	 0.566994	 0.481952	 0.446481	 0.402017	-0.097833	 0.038011	 0.022543	-0.431672
 9.345541	 0.296447	 0.700068	-0.020565	 0.562896	 0.480103	 0.440598	 0.394628	-0.169452	-0.215616	-0.297502	-0.497058
 6.276108	 0.390341	 0.697267	-0.020750	 0.059729	 0.479178	-0.062343	 0.390933	-0.705262	-0.342429	-0.956290	-1.028627
 4.734978	 0.437288	 0.694478	-0.020842	-0.191854	 0.478716	-0.312684	 0.389086	-0.970685	-0.405836	-1.282453	-1.291290
 3.958025	 0.460761	 0.691700	-0.020888	-0.317646	 0.478484	-0.436728	 0.388162	-1.100924	-0.437539	-1.442318	-1.419514
 2.063187	-0.027502	 0.688934	-0.020911	-0.380542	-0.021631	 0.002372	 0.387701	-0.663581	-0.453391	-1.019046	-1.480531
 1.115768	-0.270602	 0.686178	-0.020923	-0.411990	-0.270645	 0.221922	 0.387470	-0.444910	-0.461316	-0.806218	-1.507956
 0.142058	-0.391125	 0.183433	-0.020928	-0.427714	-0.394113	-0.168303	-0.112646	-0.835574	-0.465279	-1.198618	-1.518598
-0.343133	-0.450363	-0.067939	-0.020931	-0.435576	-0.454812	-0.362299	-0.361478	-1.028454	-0.467261	-1.391636	-1.520860
-0.584073	-0.478962	-0.193625	-0.020933	-0.939507	-0.484130	-0.458184	 0.015327	-1.122451	-0.968251	-1.484975	-1.518945
-0.702892	-0.492247	-0.256468	-0.020934	-1.188585	-0.497763	-0.505019	 0.203729	-1.167017	-1.215808	-1.528488	-1.514954
-0.760658	-0.497878	-0.287890	-0.020934	-0.810249	-0.503556	-0.527332	-0.702070	-1.186876	-1.336660	-1.047101	-1.509936
-0.787905	-0.499687	-0.303601	-0.020934	-0.621081	-0.505434	-0.537390	-1.151754	-1.194393	-1.394171	-0.805276	-1.504417
-0.799898	-0.499588	-0.311456	-0.020934	-0.526497	-0.505358	-0.541323	-1.373393	-1.195747	-1.420023	-0.683236	-1.498660
-0.804270	-0.499539	-0.315384	-0.520934	-0.479205	-0.504310	-0.542200	-0.481022	-1.194030	-1.430057	-0.621094	-1.492796
-0.804839	-0.499514	-0.317348	-0.768892	-0.455559	-0.502779	-0.541552	-0.034837	-1.190787	-1.432194	-0.588905	-1.486890
-0.803513	-0.499502	-0.318330	-0.390838	-0.443736	-0.501011	-0.540146	 0.188256	-1.186790	-0.930394	-0.571697	-1.480975
-0.801245	-0.499496	-0.318821	-0.201810	-0.437825	-0.500128	-0.538366	 0.299802	-1.182426	-0.679494	-0.561984	-1.475067
-0.798514	-0.499493	-0.819066	-0.107297	-0.434869	-0.999686	-0.536402	-0.144425	-1.177888	-0.554044	-1.056023	-0.969175
-0.795556	-0.499491	-1.066550	-0.060040	-0.433391	-1.246466	-0.534352	-0.365361	-1.173273	-0.491319	-1.299943	-0.716229
-0.792492	-0.999491	-0.687664	-0.536412	-0.432652	-0.866870	-0.532262	-0.474656	-1.168627	-0.959956	-1.418814	-1.089756
-0.789382	-1.246491	-0.498221	-0.772572	-0.432283	-0.677072	-0.530157	-0.528136	-1.163977	-1.191418	-1.475175	-1.273593
-0.786254	-1.367005	-0.403500	-0.888634	-0.432098	-0.582173	-0.528048	-0.553713	-1.159333	-1.304303	-1.500292	-1.362596
-0.783123	-1.424286	-0.356139	-0.444656	-0.432005	-0.534723	-0.525942	-0.565343	-1.154701	-0.857911	-1.009800	-0.904195
-0.779998	-1.449964	-0.332459	-0.222667	-0.431959	-0.510998	-0.523841	-0.570003	-1.150086	-0.634715	-0.763515	-0.674994
-0.776882	-0.959851	-0.320618	-0.611673	-0.431936	-0.499136	-0.521747	-0.571185	-0.645487	-0.523117	-1.139339	-0.560394
-0.773776	-0.714795	-0.314698	-0.804174	-0.431925	-0.493205	-0.519661	-0.570630	-0.393187	-0.467318	-1.324220	-0.503094
-0.770682	-0.592267	-0.311738	-0.898431	-0.431919	-0.490239	-0.517582	-0.569213	-0.767038	-0.439419	-0.913642	-0.974444
-0.767600	-0.531003	-0.310258	-0.943575	-0.431916	-0.488756	-0.515512	-0.567369	-0.951681	-0.425469	-0.707347	-1.207227
-0.764530	-0.500371	-0.309518	-0.964169	-0.431915	-0.488015	-0.513450	-0.565316	-1.041730	-0.418494	-0.603198	-1.320739
-1.261472	-0.485055	-0.809148	-0.472497	-0.431914	-0.487644	-0.511397	-0.563163	-0.584491	-0.415007	-0.551123	-0.874626
-1.506426	-0.477397	-1.056346	-0.226660	-0.431913	-0.487459	-0.509351	-0.560964	-0.355872	-0.413263	-0.525086	-0.651570
-1.625400	-0.473568	-1.177337	-0.103742	-0.431913	-0.487366	-0.507314	-0.058747	-0.741562	-0.412391	-0.512067	-0.540041
-1.681399	-0.471653	-1.235236	-0.042283	-0.431913	-0.487320	-0.505284	 0.192361	-0.932152	-0.411955	-0.505558	-0.484277
-1.705923	-0.470696	-0.761600	-0.011554	-0.431913	-0.487297	-0.503263	 0.317915	-1.025202	-0.411737	-0.502303	-0.456395
-1.714724	-0.470218	-0.524781	 0.003811	-0.431913	-0.487285	-0.501250	 0.380692	-1.069491	-0.411628	-0.500676	-0.442454
-1.715678	-0.469978	-0.406372	 0.011493	-0.431913	-0.487279	-0.500244	-0.087919	-0.589407	-0.411574	-0.499862	-0.435484
-1.712721	-0.469859	-0.347168	 0.015335	-0.431913	-0.487277	-0.499740	-0.321112	-0.349366	-0.411546	-0.499455	-0.431999
-1.207824	-0.469799	-0.817565	 0.017255	-0.431913	-0.487275	-0.499489	-0.436600	-0.229345	-0.411533	-0.499252	-0.430256
-0.953969	-0.469769	-1.050188	 0.018216	-0.431913	-0.487274	-0.499363	-0.493239	-0.169334	-0.411526	-0.499150	-0.429385
-1.325641	-0.469754	-0.663934	 0.018696	-0.431913	-0.487274	-0.499300	-0.520459	-0.139329	-0.411523	-0.499099	-0.428949
-1.508083	-0.469746	-0.470807	 0.018936	-0.431913	-0.487274	-0.499269	-0.532974	-0.124327	-0.411521	-0.499074	-0.428731
-1.595923	-0.469743	-0.374243	 0.019056	-0.431913	-0.487274	-0.499253	-0.538140	-0.116825	-0.411520	-0.499061	-0.428622
-1.636475	-0.469741	-0.325962	 0.019116	-0.431913	-0.487274	-0.499245	-0.039637	-0.113075	-0.411520	-0.499055	-0.428568
-1.653397	-0.469740	-0.301821	 0.019146	-0.431913	-0.487274	-0.499241	 0.209615	-0.111199	-0.411519	-0.499051	-0.428541
-1.658518	-0.469739	-0.289750	 0.019161	-0.431913	-0.487274	-0.499239	 0.334241	-0.110262	-0.411519	-0.499050	-0.428527
-1.657751	-0.469739	-0.283715	 0.019168	-0.431913	-0.487274	-0.499238	 0.396554	-0.109793	-0.411519	-0.499049	-0.428520
-1.654053	-0.469739	-0.280698	 0.019172	-0.431913	-0.487274	-0.999238	 0.427710	-0.109558	-0.411519	-0.499049	-0.928517
-1.648904	-0.469739	-0.279189	 0.019174	-0.431913	-0.487274	-1.246239	 0.443288	-0.109441	-0.411519	-0.499048	-1.175658
-1.643041	-0.469739	-0.278434	 0.019175	-0.431913	-0.487274	-1.366753	 0.451077	-0.109383	-0.411519	-0.499048	-1.296383
-1.636836	-0.469739	-0.278057	-0.480825	-0.431913	-0.487274	-0.924036	 0.454972	-0.609353	-0.411519	-0.499048	-0.853911
-1.630472	-0.469739	-0.277869	-0.728863	-0.431913	-0.487274	-0.702677	 0.456919	-0.857120	-0.411519	-0.499048	-0.632675
-1.624042	-0.469739	-0.277774	-0.350928	-0.431913	-0.487274	-0.591997	 0.457893	-0.478793	-0.411519	-0.499048	-0.522058
-1.617591	-0.469739	-0.277727	-0.161961	-0.431913	-0.487274	-0.536658	 0.458380	-0.289630	-0.411519	-0.499048	-0.466749
-1.611144	-0.469739	-0.277703	-0.067477	-0.431913	-0.487274	-0.508988	 0.458623	-0.195049	-0.411519	-0.499048	-0.439094
-1.604711	-0.469739	-0.277692	-0.020235	-0.431913	-0.487274	-0.495153	 0.458745	-0.147758	-0.411519	-0.499048	-0.425267
-1.098298	-0.469739	-0.277686	 0.003386	-0.431913	-0.487274	-0.488236	-0.041194	-0.624112	-0.411519	-0.499048	-0.418353
-0.843907	-0.469739	-0.277683	 0.015196	-0.431913	-0.487274	-0.484777	-0.290082	-0.860089	-0.411519	-0.499048	-0.414896
-0.715533	-0.469739	-0.277681	 0.021102	-0.431913	-0.487274	-0.483047	-0.413447	-0.975885	-0.411519	-0.499048	-0.413168
-1.150172	-0.469739	-0.777681	 0.024054	-0.431913	-0.487274	-0.482183	-0.474057	-0.531600	-0.411519	-0.499048	-0.912304
-1.364321	-0.469739	-1.025125	 0.025530	-0.431913	-0.487274	-0.481750	-0.503292	-0.309457	-0.411519	-0.499048	-1.159049
-1.468239	-0.469739	-0.646302	 0.026269	-0.431913	-0.487274	-0.481534	-0.016844	-0.198386	-0.411519	-0.499048	-0.779610
-1.517054	-0.469739	-0.456890	 0.026638	-0.431913	-0.487274	-0.481426	 0.226379	-0.142850	-0.411519	-0.499048	-0.589890
-1.038329	-0.469739	-0.362185	 0.026822	-0.431913	-0.487274	-0.481372	-0.652009	-0.615082	-0.411519	-0.499048	-0.495030
-0.797848	-0.469739	-0.314832	 0.026914	-0.431913	-0.487274	-0.481345	-1.088142	-0.849024	-0.411519	-0.499048	-0.447601
-1.176493	-0.469739	-0.291155	 0.026961	-0.431913	-0.487274	-0.481332	-0.803160	-0.463828	-0.411519	-0.499048	-0.923886
-1.362705	-0.469739	-0.279317	 0.026984	-0.431913	-0.487274	-0.481325	-0.659633	-0.271231	-0.411519	-0.499048	-1.159228
-1.452713	-0.469739	-0.273398	 0.026995	-0.431913	-0.487274	-0.481322	-0.086837	-0.174932	-0.411519	-0.499048	-0.774110
-1.494631	-0.469739	-0.270438	 0.027001	-0.431913	-0.487274	-0.481320	 0.199561	-0.126783	-0.411519	-0.499048	-0.581551
-1.512518	-0.469739	-0.268959	 0.027004	-0.431913	-0.487274	-0.481319	 0.342760	-0.102708	-0.411519	-0.499048	-0.485271
-1.018400	-0.469739	-0.268219	 0.027005	-0.431913	-0.487274	-0.481319	-0.085641	-0.590670	-0.411519	-0.499048	-0.437132
-0.770293	-0.469739	-0.267849	 0.027006	-0.431913	-0.487274	-0.481318	-0.298813	-0.832495	-0.411519	-0.499048	-0.413062
-1.145194	-0.469739	-0.267664	 0.027006	-0.431913	-0.487274	-0.481318	-0.404375	-0.451258	-0.411519	-0.499048	-0.401027
-1.329605	-0.469739	-0.267571	 0.027007	-0.431913	-0.487274	-0.481318	-0.456136	-0.260640	-0.411519	-0.499048	-0.395009
-0.918783	-0.469739	-0.267525	-0.472993	-0.431913	-0.487274	-0.481318	-0.981001	-0.665330	-0.411519	-0.499048	-0.392000
-0.712355	-0.469739	-0.267502	-0.721047	-0.431913	-0.487274	-0.481318	-1.240422	-0.865536	-0.411519	-0.499048	-0.390496
-0.608130	-0.469739	-0.267490	-0.343136	-0.431913	-0.487274	-0.481318	-0.367132	-0.463507	-0.411519	-0.499048	-0.389744
-0.555009	-0.469739	-0.267485	-0.154180	-0.431913	-0.487274	-0.481318	 0.068500	-0.262493	-0.411519	-0.499048	-0.389368
-0.527445	-0.469739	-0.267482	-0.059703	-0.431913	-0.487274	-0.481318	 0.285308	-0.161985	-0.411519	-0.499048	-0.389180
-1.013663	-0.469739	-0.267480	-0.012464	-0.431913	-0.487274	-0.481318	-0.107292	-0.611732	-0.411519	-0.499048	-0.389086
-1.253772	-0.469739	-0.267480	 0.011156	-0.431913	-0.487274	-0.481318	-0.303592	-0.834482	-0.411519	-0.499048	-0.389039
-1.370839	-0.469739	-0.267479	 0.022965	-0.431913	-0.487274	-0.481318	-0.401742	-0.943743	-0.411519	-0.499048	-0.389015
-1.426397	-0.469739	-0.267479	 0.028870	-0.431913	-0.487274	-0.481318	-0.450818	-0.996267	-0.411519	-0.499048	-0.389004
-0.951212	-0.469739	-0.267479	 0.031823	-0.431913	-0.487274	-0.481318	 0.024645	-0.520432	-0.411519	-0.499048	-0.888998
-0.713619	-0.469739	-0.267479	 0.033299	-0.431913	-0.487274	-0.481318	 0.261376	-0.282514	-0.411519	-0.499048	-1.136217
-0.594823	-0.469739	-0.767479	 0.034037	-0.431913	-0.487274	 0.018682	 0.379742	-0.163555	-0.411519	-0.499048	-0.757059
-0.535425	-0.469739	-1.014944	 0.034406	-0.431913	-0.487274	 0.267645	 0.438924	-0.104076	-0.411519	-0.499048	-0.567481
-0.505726	-0.469739	-1.136152	 0.034591	-0.431913	-0.487274	 0.391093	 0.468516	-0.074336	-0.411519	-0.499048	-0.472691
-0.490876	-0.469739	-0.694241	 0.034683	-0.431913	-0.487274	-0.048212	-0.016689	-0.059466	-0.411519	-0.499048	-0.425297
-0.483451	-0.469739	-0.473285	 0.034729	-0.431913	-0.487274	-0.267865	-0.258287	-0.052031	-0.411519	-0.499048	-0.401599
-0.979739	-0.469739	-0.362808	-0.465248	-0.431913	-0.487274	-0.377691	-0.379086	-0.548314	-0.411519	-0.499048	-0.389751
-1.224931	-0.469739	-0.307569	-0.713306	-0.431913	-0.487274	-0.432604	-0.439486	-0.794366	-0.411519	-0.499048	-0.383826
-0.844586	-0.469739	-0.279949	-0.335412	-0.431913	-0.487274	 0.039939	 0.030314	-0.415311	-0.411519	-0.499048	-0.380864
-0.654414	-0.469739	-0.266140	-0.146465	-0.431913	-0.487274	 0.275186	 0.264214	-0.225784	-0.411519	-0.499048	-0.379383
-0.559328	-0.469739	-0.259235	-0.051992	-0.431913	-0.487274	 0.391788	-0.118836	-0.631020	-0.411519	-0.499048	-0.378643
-0.511785	-0.469739	-0.255782	-0.004755	-0.431913	-0.487274	 0.449073	-0.309357	-0.831566	-0.411519	-0.499048	-0.378272
-0.488014	-0.469739	-0.254056	 0.018863	-0.431913	-0.487274	 0.476702	-0.404618	-0.929774	-0.411519	-0.499048	-0.378087
-0.976128	-0.469739	-0.253193	 0.030672	-0.431913	-0.487274	-0.010492	-0.452248	-0.476822	-0.411519	-0.499048	-0.377995
-1.217257	-0.469739	-0.252761	 0.036577	-0.431913	-0.487274	-0.254088	-0.476063	-0.250347	-0.411519	-0.499048	-0.377948
-1.334904	-0.469739	-0.252546	 0.039529	-0.431913	-0.487274	 0.124113	-0.487971	-0.137109	-0.411519	-0.499048	-0.377925
-1.390823	-0.469739	-0.252438	 0.041005	-0.431913	-0.487274	 0.312209	-0.493925	-0.080490	-0.411519	-0.499048	-0.377914
-0.915889	-0.469739	-0.252384	 0.041743	-0.431913	-0.487274	-0.094743	 0.003099	-0.052180	-0.411519	-0.499048	-0.377908
-0.678422	-0.469739	-0.252357	 0.042112	-0.431913	-0.487274	-0.297216	 0.250610	-0.038026	-0.411519	-0.499048	-0.377905
-0.559688	-0.469739	-0.252343	 0.042297	-0.431913	-0.487274	-0.398453	-0.125634	-0.030948	-0.411519	-0.499048	-0.377903
-0.500321	-0.469739	-0.252337	 0.042389	-0.431913	-0.487274	-0.449071	-0.312753	-0.027409	-0.411519	-0.499048	-0.377903
-0.470638	-0.469739	-0.252333	 0.042435	-0.431913	-0.487274	-0.474380	-0.406312	-0.025640	-0.411519	-0.499048	-0.377902
-0.455796	-0.469739	-0.252332	 0.042458	-0.431913	-0.487274	-0.487035	-0.453092	-0.024755	-0.411519	-0.499048	-0.377902
-0.448375	-0.469739	-0.252331	 0.042470	-0.431913	-0.487274	-0.493362	-0.476481	-0.024313	-0.411519	-0.499048	-0.377902
-0.944665	-0.469739	-0.252330	 0.042476	-0.431913	-0.487274	-0.496525	 0.011824	-0.024092	-0.411519	-0.499048	-0.377902
-1.189928	-0.469739	-0.252330	 0.042479	-0.431913	-0.487274	-0.498107	 0.254976	-0.023981	-0.411519	-0.499048	-0.377902
-1.309689	-0.469739	-0.252330	 0.042480	-0.431913	-0.487274	-0.498898	 0.376552	-0.023926	-0.411519	-0.499048	-0.377902
-1.366710	-0.469739	-0.252330	 0.042481	-0.431913	-0.487274	-0.499294	 0.437340	-0.023898	-0.411519	-0.499048	-0.377902
-1.392374	-0.469739	-0.252330	 0.042481	-0.431913	-0.487274	-0.499491	 0.467734	-0.023885	-0.411519	-0.499048	-0.377902
-1.402369	-0.469739	-0.252330	 0.042481	-0.431913	-0.487274	-0.499590	 0.482931	-0.023878	-0.411519	-0.499048	-0.377902
-1.404542	-0.469739	-0.252330	 0.042481	-0.431913	-0.487274	-0.499640	 0.490530	-0.023874	-0.411519	-0.499048	-0.377902
-1.402816	-0.469739	-0.252330	 0.042481	-0.431913	-0.487274	-0.499664	-0.005671	-0.023872	-0.411519	-0.499048	-0.377902
-1.399150	-0.469739	-0.252330	 0.042481	-0.431913	-0.487274	-0.499677	-0.252768	-0.023872	-0.411519	-0.499048	-0.377902
-1.394526	-0.469739	-0.252330	 0.042481	-0.431913	-0.487274	-0.499683	 0.123684	-0.023871	-0.411519	-0.499048	-0.377902
-1.389434	-0.469739	-0.252330	 0.042481	-0.431913	-0.487274	-0.499686	 0.310910	-0.023871	-0.411519	-0.499048	-0.377902
-1.384120	-0.469739	-0.252330	 0.042481	-0.431913	-0.487274	-0.499688	-0.095478	-0.023871	-0.411519	-0.499048	-0.377902
-1.378705	-0.469739	-0.252330	 0.042481	-0.431913	-0.487274	-0.499688	-0.297668	-0.023871	-0.411519	-0.499048	-0.377902
-1.373251	-0.469739	-0.252330	 0.042481	-0.431913	-0.487274	-0.499689	 0.101238	-0.023871	-0.411519	-0.499048	-0.377902
-1.367788	-0.469739	-0.252330	 0.042481	-0.431913	-0.487274	-0.499689	 0.299690	-0.023871	-0.411519	-0.499048	-0.377902
-1.362332	-0.469739	-0.252330	 0.042481	-0.431913	-0.487274	-0.499689	 0.398916	-0.023871	-0.411519	-0.499048	-0.377902
-1.356891	-0.469739	-0.252330	 0.042481	-0.431913	-0.487274	-0.499689	 0.448529	-0.023871	-0.411519	-0.499048	-0.377902
-1.351467	-0.469739	-0.252330	 0.042481	-0.431913	-0.487274	-0.499689	 0.473335	-0.023871	-0.411519	-0.499048	-0.377902
-0.846063	-0.469739	-0.252330	 0.042481	-0.431913	-0.487274	-0.499689	 0.485739	-0.023871	-0.411519	-0.499048	-0.377902
-0.593361	-0.469739	-0.252330	 0.042481	-0.431913	-0.487274	-0.499689	 0.491940	-0.023871	-0.411519	-0.499048	-0.377902
-0.967010	-0.469739	-0.252330	-0.457519	-0.431913	-0.487274	-0.499689	-0.004959	-0.023871	-0.411519	-0.499048	-0.377902
-1.151153	-0.469739	-0.252330	-0.705603	-0.431913	-0.487274	-0.499689	-0.252405	-0.023871	-0.411519	-0.499048	-0.377902
-0.740554	-0.469739	-0.252330	-0.327739	-0.431913	-0.487274	 0.000311	 0.123872	-0.523871	-0.411519	-0.499048	-0.377902
-0.535255	-0.469739	-0.252330	-0.138806	-0.431913	-0.487274	 0.249310	 0.311011	-0.771823	-0.411519	-0.499048	-0.377902
-0.432605	-0.469739	-0.252330	-0.044340	-0.431913	-0.487274	 0.373810	 0.404580	-0.893760	-0.411519	-0.499048	-0.377902
-0.381280	-0.469739	-0.252330	 0.002893	-0.431913	-0.487274	-0.063940	 0.451364	-0.452697	-0.411519	-0.499048	-0.377902
-0.355618	-0.469739	-0.252330	 0.026510	-0.431913	-0.487274	-0.281812	 0.474757	-0.232165	-0.411519	-0.499048	-0.377902
-0.342786	-0.469739	 0.247670	 0.038318	-0.431913	-0.487274	 0.109252	 0.486453	-0.121899	-0.411519	-0.499048	-0.877902
-0.336371	-0.469739	 0.496175	 0.044222	-0.431913	-0.487274	 0.303784	 0.492301	-0.066766	-0.411519	-0.499048	-1.125146
-0.333163	-0.469739	 0.118938	 0.047174	-0.431913	-0.487274	 0.401049	-0.004775	-0.039200	-0.411519	-0.499048	-0.746024
-0.331559	-0.469739	-0.069681	 0.048650	-0.431913	-0.487274	 0.449682	-0.252309	-0.025417	-0.411519	-0.499048	-0.556462
-0.330757	-0.469739	-0.163990	 0.049388	-0.431913	-0.487274	-0.026001	 0.123923	-0.018525	-0.411519	-0.499048	-0.461682
-0.330356	-0.469739	-0.211145	 0.049757	-0.431913	-0.487274	-0.262840	 0.311040	-0.015079	-0.411519	-0.499048	-0.414291
-0.330156	-0.469739	-0.234722	 0.049942	-0.431913	-0.487274	-0.381259	 0.404598	-0.013356	-0.411519	-0.499048	-0.390596
-0.330055	-0.469739	-0.246511	 0.050034	-0.431913	-0.487274	-0.440469	 0.451377	-0.012495	-0.411519	-0.499048	-0.378748
-0.330005	-0.469739	-0.252405	 0.050080	-0.431913	-0.487274	-0.470073	-0.025234	-0.012064	-0.911519	-0.499048	-0.372825
-0.329980	-0.469739	-0.255352	 0.050103	-0.431913	-0.487274	-0.484876	-0.262535	-0.011849	-1.158696	-0.499048	-0.369863
-0.329968	-0.469739	-0.256826	 0.050115	-0.431913	-0.487274	-0.492277	 0.118814	-0.011741	-0.779473	-0.499048	-0.368382
-0.329961	-0.469739	-0.257563	 0.050121	-0.431913	-0.487274	-0.495978	 0.308488	-0.011687	-0.589861	-0.499048	-0.367641
-0.829958	-0.469739	-0.257931	 0.050123	-0.431913	-0.487274	-0.497828	 0.403325	-0.011660	-0.495055	-0.499048	-0.367271
-1.077297	-0.469739	-0.258115	 0.050125	-0.431913	-0.487274	-0.498753	 0.450744	-0.011647	-0.447652	-0.499048	-0.367086
-0.698317	-0.469739	-0.258207	 0.050126	-0.431913	-0.487274	 0.000784	 0.474453	-0.011640	-0.423951	-0.499048	-0.366993
-0.508827	-0.469739	-0.258253	 0.050126	-0.431913	-0.487274	 0.249553	 0.486308	-0.011637	-0.412100	-0.499048	-0.366947
-0.914082	-0.469739	-0.258276	 0.050126	-0.431913	-0.487274	-0.126063	 0.492235	-0.011635	-0.406175	-0.499048	-0.366924
-1.114071	-0.469739	-0.258288	 0.050126	-0.431913	-0.487274	-0.312868	 0.495199	-0.011634	-0.403212	-0.499048	-0.366912
-1.211437	-0.469739	-0.258294	 0.050126	-0.431913	-0.487274	-0.406270	 0.496681	-0.011634	-0.401731	-0.499048	-0.366907
-0.757503	-0.469739	-0.258296	-0.449874	-0.431913	-0.487274	 0.047028	-0.002579	-0.011634	-0.900990	-0.499048	-0.366904
-0.530535	-0.469739	-0.258298	-0.697974	-0.431913	-0.487274	 0.272677	-0.251204	-0.011634	-1.147819	-0.499048	-0.366902
-0.917052	-0.469739	-0.258299	-0.320132	-0.431913	-0.487274	-0.114498	-0.375517	-0.011633	-0.768445	-0.499048	-0.366902
-1.107703	-0.469739	-0.258299	-0.131211	-0.431913	-0.487274	-0.307083	-0.437674	-0.011633	-0.578757	-0.499048	-0.366901
-1.200432	-0.469739	-0.258299	-0.536750	-0.431913	-0.487274	 0.096625	-0.468752	-0.011633	-0.483914	-0.499048	-0.366901
-1.244210	-0.469739	-0.258299	-0.737636	-0.431913	-0.487274	 0.297478	-0.484291	-0.011633	-0.436492	-0.499048	-0.366901
-0.763523	-0.469739	-0.258299	-0.336201	-0.431913	-0.487274	 0.397905	 0.007939	-0.011633	-0.412781	-0.499048	-0.366901
-0.523179	-0.469739	-0.258299	-0.135484	-0.431913	-0.487274	 0.448118	 0.253054	-0.011633	-0.400925	-0.499048	-0.366901
-0.403007	-0.469739	-0.258299	-0.035125	-0.431913	-0.487274	 0.473225	 0.375612	-0.011633	-0.394998	-0.499048	-0.366901
-0.842922	-0.469739	-0.258299	 0.015054	-0.431913	-0.487274	-0.014222	 0.436890	-0.011633	-0.392034	-0.499048	-0.866901
-1.060313	-0.469739	-0.258299	 0.040144	-0.431913	-0.487274	-0.256942	 0.467530	-0.011633	-0.390552	-0.499048	-1.114167
-0.666453	-0.469739	-0.258299	 0.052689	-0.431913	-0.487274	-0.378302	 0.482849	-0.011633	-0.389811	-0.499048	-0.735077
-0.469523	-0.469739	-0.258299	 0.058961	-0.431913	-0.487274	-0.438982	 0.490509	-0.011633	-0.389440	-0.499048	-0.545532
-0.371059	-0.469739	-0.258299	 0.062097	-0.431913	-0.487274	 0.030678	-0.005661	-0.011633	-0.389255	-0.499048	-0.450760
-0.321826	-0.469739	-0.258299	 0.063665	-0.431913	-0.487274	 0.264507	-0.252742	-0.011633	-0.389163	-0.499048	-0.403374
-0.297210	-0.469739	-0.258299	 0.064449	-0.431913	-0.487274	-0.118578	 0.123717	-0.011633	-0.389116	-0.499048	-0.379681
-0.284902	-0.469739	-0.258299	 0.064841	-0.431913	-0.487274	-0.309117	 0.310946	-0.011633	-0.389093	-0.499048	-0.367834
-0.278748	-0.469739	-0.258299	 0.065037	-0.431913	-0.487274	-0.404387	 0.404561	-0.011633	-0.389082	-0.499048	-0.361911
-0.275671	-0.469739	-0.258299	-0.434865	-0.431913	-0.487274	-0.452022	 0.451368	-0.011633	-0.389076	-0.499048	-0.358949
-0.274132	-0.469739	-0.258299	-0.682946	-0.431913	-0.487274	-0.475839	 0.474772	-0.011633	-0.389073	-0.499048	-0.357468
-0.773363	-0.469739	-0.258299	-0.305125	-0.431913	-0.487274	-0.487748	-0.013526	-0.011633	-0.389071	-0.499048	-0.356728
-1.020433	-0.469739	-0.258299	-0.116214	-0.431913	-0.487274	-0.493702	-0.256672	-0.011633	-0.389071	-0.499048	-0.356358
-1.141433	-0.469739	-0.758299	-0.021759	-0.431913	-0.487274	 0.003321	 0.121756	-0.011633	-0.389070	-0.499048	-0.356173
-1.199408	-0.469739	-1.005783	 0.025469	-0.431913	-0.487274	 0.250831	 0.309969	-0.011633	-0.389070	-0.499048	-0.356080
-1.225881	-0.469739	-0.627018	 0.049083	-0.431913	-0.487274	 0.374587	 0.404076	-0.011633	-0.389070	-0.499048	-0.356034
-1.236613	-0.469739	-0.437635	 0.060890	-0.431913	-0.487274	 0.436464	 0.451129	-0.011633	-0.389070	-0.499048	-0.356011
-1.239484	-0.469739	-0.342944	 0.066793	-0.431913	-0.487274	 0.467403	 0.474656	-0.011633	-0.389070	-0.499048	-0.355999
-0.738435	-0.469739	-0.295599	 0.069745	-0.431913	-0.487274	-0.017127	-0.013581	-0.011633	-0.389070	-0.499048	-0.355993
-0.487910	-0.469739	-0.271926	 0.071221	-0.431913	-0.487274	-0.258389	-0.256696	-0.011633	-0.389070	-0.499048	-0.355990
-0.862648	-0.469739	-0.760089	 0.071959	-0.431913	-0.487274	 0.120980	 0.121747	-0.011633	-0.889070	-0.499048	-0.355989
-1.047542	-0.469739	-1.001675	 0.072328	-0.431913	-0.487274	 0.309663	 0.309968	-0.011633	-1.136292	-0.499048	-0.355988
-1.137524	-0.469739	-0.619981	 0.072512	-0.431913	-0.487274	 0.404005	-0.095922	-0.011633	-0.757136	-0.499048	-0.355988
-1.180060	-0.469739	-0.429134	 0.072604	-0.431913	-0.487274	 0.451176	-0.297863	-0.011633	-0.567558	-0.499048	-0.355988
-0.698883	-0.469739	-0.333710	 0.072650	-0.431913	-0.487274	 0.474762	 0.101167	-0.511633	-0.472769	-0.499048	-0.355988
-0.458295	-0.469739	-0.285999	 0.072673	-0.431913	-0.487274	 0.486554	 0.299681	-0.759610	-0.425374	-0.499048	-0.355988
-0.338000	-0.469739	-0.262143	 0.072685	-0.431913	-0.487274	 0.492451	 0.398938	-0.881583	-0.401677	-0.499048	-0.355988
-0.777853	 0.030261	-0.250215	 0.072691	-0.431913	-0.487274	-0.004601	 0.448567	-0.440563	-0.389828	-0.499048	-0.355988
-0.995344	 0.279201	-0.244251	 0.072694	-0.431913	-0.487274	-0.252124	 0.473381	-0.220053	-0.383904	-0.499048	-0.355988
-1.101664	 0.402614	-0.241269	 0.072695	-0.431913	-0.487274	-0.375885	-0.014212	-0.109797	-0.380942	-0.499048	-0.355988
-1.152408	 0.463269	-0.239778	 0.072696	-0.431913	-0.487274	-0.437766	-0.257005	-0.054670	-0.379461	-0.499048	-0.355988
-1.175374	-0.007452	-0.239032	 0.072696	-0.431913	-0.487274	-0.468706	 0.121599	-0.027106	-0.878720	-0.499048	-0.355988
-1.184460	-0.242812	-0.238660	 0.072696	-0.431913	-0.487274	-0.484176	 0.309900	-0.013324	-1.125594	-0.499048	-0.355988
-0.686616	-0.360492	-0.238473	 0.072696	-0.431913	-0.487274	 0.008089	 0.404051	-0.006433	-0.746286	-0.499048	-0.355988
-0.437694	-0.419332	-0.238380	 0.072696	-0.431913	-0.487274	 0.253221	 0.451126	-0.002988	-0.556632	-0.499048	-0.355988
-0.813233	-0.448752	-0.238334	 0.072696	-0.431913	-0.487274	 0.375787	 0.474664	-0.001265	-0.461805	-0.499048	-0.355988
-0.998625	-0.463462	-0.238310	 0.072697	-0.431913	-0.487274	 0.437069	 0.486433	-0.000404	-0.414391	-0.499048	-0.355988
-1.088953	-0.470817	-0.238299	 0.072697	-0.431913	-0.487274	 0.467711	 0.492317	 0.000027	-0.390685	-0.499048	-0.355988
-1.131758	-0.474495	-0.238293	 0.072697	-0.431913	-0.487274	 0.483032	 0.495259	-0.499758	-0.378831	-0.499048	-0.355988
-1.150812	-0.476334	-0.238290	 0.072697	-0.431913	-0.487274	 0.490692	 0.496730	-0.747651	-0.372905	-0.499048	-0.355988
-1.157999	-0.477253	-0.238288	 0.072697	-0.431913	-0.487274	 0.494522	 0.497466	-0.369606	-0.369941	-0.499048	-0.355988
-1.159262	-0.477713	-0.238288	 0.072697	-0.431913	-0.487274	 0.496437	 0.497834	-0.180584	-0.368460	-0.499048	-0.355988
-1.157572	-0.477943	-0.238287	 0.072697	-0.431913	-0.487274	 0.497395	-0.001982	-0.086073	-0.367719	-0.499048	-0.355988
-1.154416	-0.478057	-0.238287	 0.072697	-0.431913	-0.487274	 0.497874	-0.250887	-0.038818	-0.367348	-0.499048	-0.355988
-0.650535	 0.021885	-0.238287	 0.072697	-0.431913	-0.487274	-0.001887	 0.124661	-0.015190	-0.367163	-0.499048	-0.355988
-0.398595	 0.270813	-0.238287	 0.072697	-0.431913	-0.487274	-0.250764	 0.311434	-0.003376	-0.367070	-0.499048	-0.355988
-0.272625	 0.394237	-0.238287	 0.072697	-0.431913	-0.487274	-0.375203	 0.404821	 0.002531	-0.367024	-0.499048	-0.355988
-0.709639	-0.045086	-0.238287	 0.072697	-0.431913	-0.487274	-0.437422	 0.451515	 0.005485	-0.367001	-0.499048	-0.355988
-0.925854	-0.264748	-0.238287	 0.072697	-0.431913	-0.487274	-0.468531	 0.474861	 0.006961	-0.366989	-0.499048	-0.355988
-0.531677	-0.374578	-0.238287	 0.072697	-0.431913	-0.487274	 0.015914	-0.013465	 0.007700	-0.366984	-0.499048	-0.355988
-0.334588	-0.429494	-0.238287	 0.072697	-0.431913	-0.487274	 0.257136	-0.256625	 0.008069	-0.366981	-0.499048	-0.355988
-0.736044	-0.456952	-0.238287	-0.427303	-0.431913	-0.487274	-0.122253	 0.121795	 0.008253	-0.366979	-0.499048	-0.355988
-0.934497	-0.470680	-0.238287	-0.675449	-0.431913	-0.487274	-0.310945	 0.310005	 0.008346	-0.366979	-0.499048	-0.355988
-1.031457	-0.477545	-0.238287	-0.297674	-0.431913	-0.487274	-0.405290	 0.404109	 0.008392	-0.366978	-0.499048	-0.355988
-1.077681	-0.480977	-0.238287	-0.108787	-0.431913	-0.487274	-0.452463	 0.451162	 0.008415	-0.366978	-0.499048	-0.355988
-1.098545	-0.482693	-0.238287	-0.014344	-0.431913	-0.487274	-0.476049	 0.474688	 0.008427	-0.366978	-0.499048	-0.355988
-1.106738	-0.483551	-0.238287	 0.032878	-0.431913	-0.487274	-0.487843	-0.013549	 0.008432	-0.366978	-0.499048	-0.355988
-1.108604	-0.483980	-0.238287	 0.056489	-0.431913	-0.487274	-0.493739	-0.256664	 0.008435	-0.366978	-0.499048	-0.355988
-1.107317	-0.484195	-0.238287	 0.068295	-0.431913	-0.487274	 0.003312	-0.378221	 0.008437	-0.366978	-0.499048	-0.355988
-1.104461	-0.484302	-0.238287	 0.074197	-0.431913	-0.487274	 0.250838	-0.439000	 0.008437	-0.366978	-0.499048	-0.355988
-1.100830	-0.484356	-0.238287	 0.077149	-0.431913	-0.487274	 0.374600	 0.030611	 0.008438	-0.366978	-0.499048	-0.355988
-1.096820	-0.484382	-0.238287	 0.078624	-0.431913	-0.487274	 0.436481	 0.264416	 0.008438	-0.366978	-0.499048	-0.355988
-1.092629	-0.484396	-0.238287	 0.079362	-0.431913	-0.487274	 0.467422	 0.381318	 0.008438	-0.366978	-0.499048	-0.355988
-1.088357	-0.484403	-0.238287	 0.079731	-0.431913	-0.487274	 0.482892	 0.439769	 0.008438	-0.366978	-0.499048	-0.355988
-1.084053	-0.484406	-0.238287	 0.079916	-0.431913	-0.487274	 0.490627	 0.468995	 0.008438	-0.366978	-0.499048	-0.355988
-0.579741	-0.484408	-0.238287	 0.080008	-0.431913	-0.487274	-0.005505	 0.483608	 0.008438	-0.366978	-0.499048	-0.355988
-0.327585	-0.484408	-0.238287	 0.080054	-0.431913	-0.487274	-0.252568	 0.490914	 0.008438	-0.366978	-0.499048	-0.355988
-0.201507	-0.484409	-0.238287	 0.080077	-0.431913	-0.487274	 0.123901	 0.494567	 0.008438	-0.366978	-0.499048	-0.355988
-0.138468	-0.484409	-0.238287	 0.080089	-0.431913	-0.487274	 0.311134	 0.496394	 0.008438	-0.366978	-0.499048	-0.355988
-0.106949	-0.484409	-0.238287	 0.080094	-0.431913	-0.487274	 0.404751	 0.497307	 0.008438	-0.366978	-0.499048	-0.355988
-0.091189	-0.484409	-0.238287	 0.080097	-0.431913	-0.487274	 0.451559	 0.497764	 0.008438	-0.366978	-0.499048	-0.355988
-0.083309	-0.484409	-0.238287	 0.080099	-0.431913	-0.487274	 0.474964	 0.497992	 0.008438	-0.366978	-0.499048	-0.355988
-0.079369	-0.484409	-0.238287	 0.080099	-0.431913	-0.487274	 0.486666	 0.498106	 0.008438	-0.366978	-0.499048	-0.355988
-0.077399	-0.484409	-0.238287	 0.080100	-0.431913	-0.487274	 0.492517	 0.498163	 0.008438	-0.366978	-0.499048	-0.355988
-0.576414	-0.484409	-0.738287	 0.080100	-0.931913	-0.487274	-0.004558	 0.498192	 0.008438	-0.366978	-0.499048	-0.355988
-0.823771	-0.484409	-0.985810	 0.080100	-1.179049	-0.487274	-0.252092	 0.498206	 0.008438	-0.366978	-0.499048	-0.355988
-0.445307	-0.484409	-0.607105	 0.080100	-0.799765	-0.487274	 0.124141	 0.498213	 0.008438	-0.366978	-0.499048	-0.355988
-0.256075	-0.484409	-0.417753	 0.080100	-0.610123	-0.487274	 0.311257	 0.498217	 0.008438	-0.366978	-0.499048	-0.355988
-0.661459	-0.484409	-0.323077	 0.080100	-0.515302	-0.487274	-0.095185	 0.498219	 0.008438	-0.366978	-0.499048	-0.355988
-0.862018	-0.484409	-0.275739	 0.080100	-0.467891	-0.487274	-0.297403	 0.498220	 0.008438	-0.366978	-0.499048	-0.355988
-0.960172	-0.484409	-0.252070	 0.080100	-0.444186	-0.487274	-0.398512	 0.498220	 0.008438	-0.366978	-0.499048	-0.355988
-1.007132	-0.484409	-0.240235	 0.080100	-0.432333	-0.487274	-0.449066	 0.498220	 0.008438	-0.366978	-0.499048	-0.355988
-1.028504	-0.484409	-0.234318	 0.080100	-0.426407	-0.487274	-0.474344	 0.498220	 0.008438	-0.366978	-0.499048	-0.355988
-0.537090	 0.015591	-0.231359	-0.419900	-0.423444	-0.487274	-0.486982	-0.001780	 0.008438	-0.366978	-0.499048	-0.355988
-0.291383	 0.264560	-0.229880	-0.668060	-0.421962	-0.487274	-0.493301	-0.250776	 0.008438	-0.366978	-0.499048	-0.355988
-0.668530	-0.111983	-0.229140	-0.290308	-0.421221	-0.487274	 0.003539	 0.124726	 0.008438	-0.366978	-0.499048	-0.355988
-0.855012	-0.300254	-0.228770	-0.101432	-0.420851	-0.487274	 0.250958	 0.311476	 0.008438	-0.366978	-0.499048	-0.355988
-0.446170	-0.394390	-0.228585	-0.006993	-0.420666	-0.487274	 0.374668	-0.095148	 0.008438	-0.366978	-0.499048	-0.355988
-0.241749	-0.441458	-0.228493	 0.040226	-0.420573	-0.487274	 0.436523	-0.297457	 0.008438	-0.366978	-0.499048	-0.355988
-0.139538	-0.464992	-0.228447	 0.063835	-0.420527	-0.487274	-0.032550	 0.101388	 0.008438	-0.366978	-0.499048	-0.355988
-0.088433	-0.476759	-0.228424	 0.075640	-0.420504	-0.487274	-0.266083	 0.299811	 0.008438	-0.366978	-0.499048	-0.355988
-0.062880	-0.482642	-0.228412	 0.081542	-0.420492	-0.487274	-0.382849	 0.399022	 0.008438	-0.366978	-0.499048	-0.355988
-0.550104	-0.485584	-0.228406	 0.084493	-0.420486	-0.487274	 0.058768	 0.448627	 0.008438	-0.366978	-0.499048	-0.355988
-0.791641	-0.487055	-0.228403	 0.085969	-0.420484	-0.487274	 0.278575	 0.473430	 0.008438	-0.366978	-0.499048	-0.355988
-0.910343	-0.487790	-0.228402	 0.086707	-0.420482	-0.487274	 0.388479	-0.014169	 0.008438	-0.366978	-0.499048	-0.355988
-0.967637	-0.488158	-0.228401	 0.087076	-0.420481	-0.487274	 0.443431	-0.256964	 0.008438	-0.366978	-0.499048	-0.355988
-0.494233	-0.488342	-0.228401	-0.412740	-0.420481	-0.487274	-0.029093	 0.121638	 0.008438	-0.366978	-0.499048	-0.355988
-0.257531	-0.488434	-0.228401	-0.660823	-0.420481	-0.487274	-0.264352	 0.309938	 0.008438	-0.366978	-0.499048	-0.355988
-0.139181	-0.488480	-0.228401	-0.283046	-0.420481	-0.487274	-0.381981	-0.095911	 0.008438	-0.366978	-0.499048	-0.355988
-0.080005	-0.488503	-0.228401	-0.094158	-0.420481	-0.487274	-0.440796	-0.297833	 0.008438	-0.366978	-0.499048	-0.355988
-0.050418	-0.488514	-0.228401	 0.000286	-0.420481	-0.487274	-0.470203	-0.398793	 0.008438	-0.366978	-0.499048	-0.355988
-0.035624	-0.488520	-0.228401	 0.047508	-0.420481	-0.487274	 0.015093	 0.050726	 0.008438	-0.366978	-0.499048	-0.355988
-0.028227	-0.488523	-0.228401	 0.071119	-0.420481	-0.487274	 0.256740	 0.274486	 0.008438	-0.366978	-0.499048	-0.355988
-0.024528	-0.488524	-0.228401	 0.082925	-0.420481	-0.487274	-0.122436	 0.386365	-0.491562	-0.366978	-0.499048	-0.355988
-0.022679	-0.488525	-0.228401	 0.088828	-0.420481	-0.487274	-0.311021	 0.442305	-0.739579	-0.366978	-0.499048	-0.355988
-0.021754	-0.488525	-0.228401	 0.091779	-0.420481	-0.487274	-0.405313	 0.470275	-0.361612	-0.366978	-0.499048	-0.355988
-0.021292	-0.488526	-0.228401	 0.093255	-0.420481	-0.487274	-0.452460	 0.484260	-0.172629	-0.366978	-0.499048	-0.355988
-0.521061	 0.011474	-0.228401	 0.093993	-0.420481	-0.487274	 0.023967	 0.491253	-0.078137	-0.366978	-0.499048	-0.355988
-0.768904	 0.260451	-0.228401	 0.094362	-0.420481	-0.487274	 0.261180	 0.494749	-0.030891	-0.366978	-0.499048	-0.355988
-0.890792	 0.383921	-0.228401	 0.094546	-0.420481	-0.487274	 0.379786	 0.496497	-0.007268	-0.366978	-0.499048	-0.355988
-0.949710	-0.055359	-0.228401	-0.405362	-0.420481	-0.487274	-0.060911	 0.497371	-0.495457	-0.366978	-0.499048	-0.355988
-0.977152	-0.274999	-0.228401	-0.653505	-0.420481	-0.487274	-0.280256	 0.497808	-0.737584	-0.366978	-0.499048	-0.355988
