-0.499724	-0.429492	-0.487734	-0.481201	-0.652620	-0.366861	-0.662789	-1.065242	-0.499321	-0.845224	-0.469245	-0.080402
-0.499724	-0.401052	-0.487734	-0.481201	-0.650009	-0.366800	-0.660138	-1.186297	-0.499321	-0.935810	-0.469245	-0.454568
-0.499724	-0.386831	-0.487734	-0.481201	-0.647409	-0.366770	-0.657497	-1.244210	-0.499321	-0.979049	-0.469245	-0.639993
-0.499724	-0.379721	-0.487734	-0.481201	-0.644819	-0.366754	-0.654867	-0.770563	-0.499321	-1.498625	-0.469245	-0.731055
-0.499724	-0.376166	-0.487734	-0.481201	-0.642240	-0.366747	-0.652248	-0.533739	-0.499321	-1.754376	-0.469245	-0.774942
-0.499724	-0.374389	-0.487734	-0.481201	-0.639671	-0.366743	-0.649639	-0.415327	-0.499321	-1.878232	-0.469245	-0.795248
-0.499724	-0.873500	-0.487734	-0.481201	-0.637113	-0.866741	-0.647040	-0.356121	-0.499321	-1.436155	-0.969245	-0.803769
-0.499724	-1.120310	-0.487734	-0.481201	-0.634564	-1.114006	-0.644452	-0.326518	-0.499321	-1.213129	-1.216306	-0.806406
-0.499724	-1.240981	-0.487734	-0.481201	-1.132026	-0.734917	-0.641874	-0.311716	-0.999321	-1.099635	-0.836910	-0.806106
-0.499724	-1.298593	-0.487734	-0.481201	-1.377498	-0.545372	-0.639307	-0.304316	-1.246322	-1.040916	-0.647212	-0.804344
-0.499724	-1.324687	-0.487734	-0.481201	-0.996988	-0.950599	-0.636750	-0.300615	-0.866836	-1.009592	-1.052363	-0.801858
-0.499724	-1.335032	-0.487734	-0.481201	-0.805500	-1.150501	-0.634203	-0.298765	-0.677093	-0.991974	-1.252024	-0.799016
-0.499724	-1.337514	-0.487734	-0.481201	-0.708528	-0.747752	-0.631666	-0.797840	-0.582221	-0.481216	-0.848951	-0.296003
-0.499724	-1.336075	-0.487734	-0.481201	-0.658819	-0.546377	-0.629139	-1.044784	-0.534786	-0.225837	-0.647414	-0.044497
-0.499724	-0.832686	 0.012266	 0.018799	-0.132746	-0.445689	-0.626623	-0.665672	-0.011068	-0.098147	-0.546646	 0.081257
-0.499724	-0.580992	 0.261242	 0.267762	 0.130291	-0.395346	-0.624116	-0.476116	 0.249766	-0.034303	-0.496262	 0.144133
-0.499724	-0.455145	 0.384709	 0.391210	 0.261809	-0.370174	-0.621620	-0.381338	 0.379161	-0.002380	-0.471070	 0.175572
 0.000276	-0.392221	 0.445426	-0.048096	 0.327568	-0.357588	-0.619133	 0.166051	 0.442842	 0.013581	 0.041526	 0.191291
 0.249275	-0.360759	 0.474773	-0.267749	 0.360447	-0.351295	-0.616657	 0.438318	 0.473669	 0.021561	 0.296716	 0.199150
 0.373775	 0.154971	 0.488438	 0.122425	 0.376887	-0.348148	-0.114190	 0.573031	 0.488074	 0.025552	 0.423207	 0.203080
 0.436025	 0.411496	 0.494266	 0.316487	 0.385107	-0.346575	 0.137043	 0.638972	 0.494271	 0.027547	 0.485353	 0.205045
 0.467150	 0.038421	 0.496180	 0.412496	 0.389217	-0.345789	 0.262660	 0.670532	 0.496369	 0.028544	 0.515331	 0.206028
 0.482712	-0.148116	 0.497137	 0.459484	 0.391272	-0.345395	 0.325468	 0.684909	 0.497418	 0.029043	 0.529230	 0.206519
 0.490494	 0.258616	 0.497615	 0.481965	 0.392299	-0.345199	 0.356872	 0.190698	-0.002058	 0.029293	 0.035093	 0.206764
 0.494384	 0.460651	 0.497855	 0.492197	 0.392813	-0.345100	 0.372574	-0.056407	-0.250792	 0.029417	-0.211976	 0.206887
 0.496330	 0.560343	 0.497974	 0.496308	 0.393070	-0.345051	 0.380426	-0.179960	-0.375160	 0.029480	-0.335510	 0.206949
-0.002698	 0.108869	 0.498034	-0.002638	-0.106802	-0.345027	-0.115649	-0.741736	-0.437343	-0.470489	-0.397277	-0.293021
-0.251208	-0.116868	 0.498064	-0.251107	-0.355524	-0.345014	-0.362463	-1.020017	-0.468435	-0.718533	-0.428161	-0.541419
-0.375463	-0.229736	-0.001921	-0.375342	-0.478677	-0.345008	-0.484651	-0.656561	-0.483981	-0.840621	-0.443602	-0.664039
-0.437591	-0.286171	-0.250910	-0.437459	-0.539049	-0.345005	-0.544532	-0.474833	-0.491754	-0.899740	-0.451323	-0.723776
-0.468655	-0.814388	-0.375404	-0.468518	-0.568037	-0.345004	-0.573263	-0.383969	-0.495640	-0.927382	-0.455184	-0.752077
-0.484186	-1.075811	-0.437651	-0.484047	-0.581337	-0.345003	-0.586425	-0.338537	-0.497584	-0.939293	-0.457114	-0.764667
-0.491952	-0.703848	 0.031225	-0.491812	-0.086797	-0.345002	-0.091806	-0.315821	 0.001445	-0.443346	-0.458079	-0.269407
-0.495835	-0.517867	 0.264663	-0.495694	 0.160473	-0.345002	 0.155503	-0.304463	 0.249958	-0.195372	-0.458562	-0.021777
-0.497777	-0.424876	 0.381382	-0.497635	 0.284107	-0.345002	 0.279157	-0.298784	 0.374215	-0.071385	-0.458803	 0.102038
 0.001252	-0.378381	 0.439741	 0.001394	 0.345925	-0.345002	 0.340985	-0.795945	-0.063657	 0.490608	 0.041076	 0.163945
 0.249767	-0.355133	 0.468921	 0.249908	 0.376834	-0.345002	 0.371898	-1.041939	-0.281590	 0.769499	 0.289934	 0.194899
 0.374024	 0.156491	 0.483511	 0.374165	 0.392288	-0.345002	 0.887355	-0.162360	 0.109444	 0.906848	 0.413286	 0.210376
 0.436152	 0.410966	 0.490806	 0.436293	 0.400015	-0.345002	 1.142278	 0.275995	 0.303960	 0.973434	 0.473888	 0.218114
 0.467216	 0.536873	 0.494454	 0.467357	 0.903879	-0.345002	 1.266945	 0.493744	 0.401217	 1.004647	 0.503120	 0.721983
 0.482748	 0.598501	 0.496277	 0.482890	 1.152995	-0.345002	 1.326495	 0.601195	 0.449846	 1.018182	 0.516671	 0.971466
 0.490515	 0.627995	 0.497189	 0.490656	 1.274749	 0.154998	 1.353498	 1.153504	 0.474161	 1.022886	 0.522387	 1.093766
 0.494398	 0.641427	 0.497645	 0.494539	 1.332833	 0.403688	 1.364239	 1.426246	 0.486318	 1.023183	 0.524188	 1.152483
 0.496339	 0.646833	 0.497873	 0.496480	 1.359093	 0.526728	 1.366859	 1.559220	 0.492397	 1.021284	 0.524037	 1.179420
 0.497310	 0.648232	 0.497987	 0.497451	 1.369452	 0.586949	 1.365430	 1.122322	 0.995436	 1.018296	 0.522913	 1.190475
 0.497795	 0.647632	 0.498044	 0.497936	 1.371872	 0.615765	 1.361988	 0.902502	 1.243959	 1.014772	 0.521308	 1.193600
 0.498038	 0.646038	 0.498072	 0.498179	 1.370334	 0.628884	 1.357549	 1.291227	 1.365235	 1.010987	 0.519466	 1.192769
 0.498159	 0.643952	 0.498087	 0.498300	 1.366827	 0.634159	 1.352624	 1.482229	 1.422900	 1.007080	 0.517510	 1.189969
 0.498220	 0.641625	 0.498094	 0.498361	 1.362347	 0.635518	 1.347466	 1.074384	 1.448772	 1.003120	 0.515501	 1.186195
 0.498250	 0.639183	 0.498097	 0.498391	 1.357391	 0.634923	 1.342202	 0.869128	 1.458758	 0.999142	 0.513469	 1.181943
 0.498265	 0.636689	 0.498099	 0.498406	 1.352208	 0.633358	 1.336897	 1.265173	 1.460814	 0.995163	 0.511430	 1.177462
 0.498273	 0.634173	 0.498100	 0.498414	 1.346923	 0.631311	 1.331581	 1.459873	 1.458916	 0.991191	 0.509392	 1.172876
 0.498277	 0.631652	 0.498101	 0.498418	 1.341597	 0.629029	 1.326270	 1.553913	 1.455053	 0.987230	 0.507358	 1.168246
 0.498279	 0.629133	 0.498101	 0.498420	 1.336261	 0.626635	 1.320973	 1.597638	 1.450219	 0.983283	 0.505331	 1.163603
 0.498280	 0.626621	 0.498101	 0.498421	 1.330932	 0.624189	 1.315693	 1.616217	 1.444912	 0.979351	 0.503311	 1.158964
 0.498280	 0.624116	 0.498101	 0.498421	 1.325616	 0.621723	 1.310432	 1.622238	 1.439378	 0.975434	 0.501298	 1.154336
 0.498280	 0.621621	 0.498101	 0.498421	 1.320317	 0.619251	 1.305191	 1.621991	 1.433744	 0.971533	 0.500291	 1.149723
 0.498280	 0.619135	 0.498101	 0.498422	 1.315038	 0.616782	 1.299971	 1.618624	 1.428071	 0.967647	 0.499788	 1.145126
 0.498281	 0.616658	 0.498101	 0.498422	 1.309779	 0.614319	 1.294771	 1.613711	 1.422389	 0.963776	 0.499537	 1.140546
 0.498281	 0.614192	 0.498101	 0.498422	 1.304540	 0.611863	 1.289593	 1.608036	 1.416715	 0.959921	 0.499411	 1.135985
 0.498281	 0.611735	 0.498101	 0.498422	 1.299322	 0.609417	 1.284434	 1.601994	 1.411056	 0.956082	 0.499348	 1.131441
 0.498281	 0.609288	 0.498101	 0.498422	 1.294125	 0.606980	 1.279297	 1.595781	 1.405416	 0.952257	 0.499316	 1.126915
 0.498281	 0.606851	 0.498101	 0.498422	 1.288949	 0.604552	 1.274179	 1.589496	 1.399796	 0.948448	 0.499301	 1.122408
 0.498281	 0.604424	 0.498101	 0.498422	 1.283793	 0.602134	 1.269083	 1.583186	 1.394198	 0.944655	 0.499293	 1.117918
 0.498281	 0.602006	 0.498101	 0.498422	 1.278658	 0.599725	 1.264006	 1.576878	 0.888622	 0.940876	 0.499289	 1.113446
 0.498281	 0.599598	 0.498101	 0.498422	 1.273543	 0.597326	 1.258950	 1.570583	 0.635833	 0.937112	 0.499287	 1.108993
 0.498281	 0.597199	 0.498101	 0.498422	 1.268449	 0.594937	 1.253914	 1.564306	 0.509439	 0.933364	 0.499286	 1.104557
 0.498281	 0.594811	 0.498101	 0.498422	 1.263375	 0.592557	 1.248899	 1.558052	 0.446242	 0.929631	 0.499286	 1.100138
 0.498281	 0.592431	 0.498101	 0.498422	 1.258322	 0.090187	 1.243903	 1.051822	 0.414644	 0.925912	 0.499285	 1.095738
 0.498281	 0.590062	 0.498101	 0.498422	 1.253288	-0.160998	 1.238928	 0.797615	 0.398844	 0.922208	 0.499285	 1.091355
 0.498281	 0.587701	 0.498101	 0.498422	 1.248275	-0.286590	 1.233972	 0.669425	 0.390945	 0.918520	 0.499285	 1.086989
 0.498281	 0.585351	 0.498101	 0.498422	 1.243282	-0.349387	 1.229036	 0.604247	 0.386995	 0.914845	 0.499285	 1.082642
 0.498281	 0.583009	 0.498101	 0.498422	 1.238309	-0.380785	 1.224120	 0.570581	 0.385020	 0.911186	 0.499285	 1.078311
 0.498281	 0.580677	 0.498101	 0.498422	 0.733356	-0.396484	 1.219223	 0.552673	 0.384033	 0.907541	 0.499285	 1.073998
 0.498281	 0.578355	 0.498101	 0.498422	 0.480879	-0.404334	 1.214347	 0.542650	 0.383539	 0.903911	 0.499285	 1.069702
 0.498281	 0.576041	 0.498101	 0.498422	 0.354641	-0.408258	 1.209489	 0.536573	 0.383292	 0.900296	 0.499285	 1.065423
 0.498281	 0.573737	 0.498101	 0.498422	 0.291522	-0.410221	 1.204651	 0.532474	 0.383169	 0.896694	 0.499285	 1.061161
 0.498281	 0.571442	 0.498101	 0.498422	 0.759962	-0.411202	 1.199833	 0.529367	 0.383107	 0.893108	 0.499285	 1.056917
 0.498281	 0.569156	 0.498101	 0.498422	 0.991725	-0.411692	 1.195033	 0.526762	 0.383076	 0.889535	 0.499285	 1.052689
 0.498281	 0.566880	 0.498101	 0.498422	 1.105160	-0.411938	 1.190253	 0.524410	 0.383061	 0.885977	 0.499285	 1.048478
 0.498281	 0.564612	 0.498101	 0.498422	 1.159440	-0.412060	 1.185492	 0.522191	 0.383053	 0.882433	 0.499285	 1.044284
 0.498281	 0.562354	 0.498101	 0.498422	 1.184153	-0.412122	 1.180750	 0.520041	 0.383049	 0.878903	 0.499285	 1.040107
 0.498281	 0.560104	 0.498101	 0.498422	 1.194091	-0.412152	 1.176027	 0.517930	 0.383047	 0.875388	 0.499285	 1.035947
 0.498281	 0.557864	 0.498101	 0.498422	 1.196653	-0.412168	 1.171323	 0.515843	 0.383046	 0.871886	 0.499285	 1.031803
 0.498281	 0.555632	 0.498101	 0.498422	 1.195535	-0.412175	 0.166638	 0.513772	 0.383046	 0.868399	 0.499285	 1.027676
 0.498281	 0.553410	 0.498101	 0.498422	 1.192587	-0.412179	-0.334029	 0.511713	 0.383045	 0.864925	 0.499285	 1.023565
 0.498281	 0.551196	 0.498101	 0.498422	 0.688734	-0.412181	-0.082693	 0.509665	 0.383045	 0.861465	 0.499285	 1.019471
 0.498281	 0.548991	 0.498101	 0.498422	 0.436807	-0.412182	 0.042975	 0.507625	 0.383045	 0.858020	 0.499285	 1.015393
 0.498281	 0.546795	 0.498101	 0.498422	 0.310844	-0.412183	 0.105809	 0.505594	 0.383045	 0.854587	 0.499285	 1.011331
 0.498281	 0.544608	 0.498101	 0.498422	 0.247863	-0.412183	 0.137226	 0.503571	 0.383045	 0.351169	-0.000715	 0.507286
 0.498281	 0.542430	 0.498101	 0.498422	 0.216372	-0.412183	 0.152935	 0.501557	 0.383045	 0.099460	-0.249714	 0.255263
 0.498281	 0.040260	 0.498101	-0.001578	 0.200626	-0.412183	 0.160789	 0.500550	-0.116955	-0.026395	-0.374213	 0.129252
 0.498281	-0.210825	 0.498101	-0.250575	 0.192754	-0.412183	 0.164716	 0.500046	-0.365721	-0.089322	-0.436462	 0.066246
 0.498281	-0.336367	-0.001899	 0.124926	 0.188817	-0.412183	 0.166680	-0.000206	-0.488875	-0.120786	-0.467587	 0.034743
 0.498281	-0.399138	-0.250895	 0.311676	 0.186849	-0.412183	 0.167662	-0.249331	-0.549228	-0.136517	-0.483150	 0.018992
-0.001719	-0.430524	-0.375393	-0.094949	 0.185865	-0.412183	-0.331847	-0.373893	-0.578185	-0.144383	-0.490931	 0.011116
-0.250716	-0.446217	-0.437642	-0.297258	 0.185373	-0.412183	-0.579939	-0.436174	-0.591450	-0.148316	-0.494822	 0.007178
-0.375214	-0.454063	-0.468767	-0.398413	 0.185127	-0.412183	-0.702329	-0.467315	-0.596872	-0.150283	-0.496767	 0.005210
-0.437463	-0.457986	-0.484329	 0.051010	 0.185004	-0.412183	-0.261875	-0.482885	-0.598379	-0.151266	-0.497739	 0.004225
-0.468588	-0.459948	-0.492110	 0.274720	 0.184942	-0.412183	-0.041647	-0.490670	-0.597933	-0.151758	-0.498226	 0.003733
 0.015850	-0.460929	-0.496001	-0.113424	 0.184912	-0.412183	 0.068466	-0.494563	-0.596515	-0.652003	-0.498469	 0.003487
 0.257068	-0.461419	-0.497946	-0.306494	 0.184896	-0.412183	 0.123523	-0.496509	-0.594615	-0.899822	-0.498591	 0.003364
 0.377677	-0.461664	-0.498919	 0.096972	-0.315111	-0.412183	 0.151051	-0.497482	-0.592480	-0.521436	-0.498651	-0.496698
 0.437982	-0.461787	-0.499405	 0.297704	-0.563485	-0.412183	 0.164816	-0.497969	-0.590232	-0.332243	-0.498682	-0.744735
 0.468134	-0.461848	-0.499648	-0.101931	-0.686048	-0.412183	 0.171698	-0.498212	-0.587932	-0.237646	-0.498697	-0.366768
 0.483210	-0.461879	-0.499770	-0.300744	-0.745712	-0.412183	 0.175139	-0.498334	-0.585611	-0.190348	-0.498705	-0.177785
 0.490748	-0.461894	-0.499831	-0.400151	-0.773934	-0.412183	 0.176859	-0.498395	-0.583283	-0.166699	-0.498708	-0.083293
 0.494517	-0.461902	-0.499861	-0.449855	-0.286440	-0.412183	 0.177720	-0.498425	-0.580958	-0.154874	-0.498710	-0.036047
 0.496402	-0.461906	-0.499876	-0.474707	-0.042693	-0.412183	 0.178150	-0.498440	-0.578638	-0.148962	-0.498711	-0.012424
 0.497344	-0.461908	-0.499884	-0.487133	-0.420820	-0.412183	 0.178365	 0.001552	-0.576325	-0.146006	-0.498712	-0.000613
 0.497815	-0.461909	-0.499888	-0.493345	-0.608285	-0.412183	 0.178472	 0.250545	-0.574021	-0.144528	-0.498712	 0.005293
 0.498051	-0.461909	-0.499890	-0.496452	-0.200427	-0.412183	 0.178526	-0.124958	-0.571725	-0.143789	-0.498712	 0.008246
 0.498169	-0.461909	-0.499890	-0.498005	 0.003503	-0.412183	 0.178553	-0.311709	-0.569439	-0.143419	-0.498712	 0.009722
 0.498227	-0.461910	-0.499891	-0.498782	 0.105467	-0.412183	 0.178566	-0.405085	-0.567161	-0.143234	-0.498712	 0.010461
 0.498257	-0.461910	-0.499891	-0.499170	 0.156450	-0.412183	 0.178573	-0.451772	-0.564892	-0.143142	-0.498712	 0.010830
-0.001728	-0.461910	-0.499891	-0.499364	 0.181941	-0.412183	 0.178576	-0.475116	-0.562633	-0.143096	-0.498712	 0.011014
-0.250718	-0.461910	-0.499891	-0.499461	 0.194687	-0.412183	 0.178578	-0.486788	-0.560382	-0.143073	-0.498712	 0.011106
-0.375212	-0.461910	-0.499891	-0.499510	 0.201059	-0.412183	 0.178579	-0.492624	-0.558141	-0.143061	-0.498712	 0.011153
-0.437460	-0.461910	-0.499891	-0.499534	 0.204246	-0.412183	 0.178579	-0.495542	-0.555908	-0.143055	-0.498712	-0.488824
-0.468583	-0.461910	-0.499891	-0.499546	 0.205839	-0.412183	 0.178580	-0.497001	-0.553685	-0.143053	-0.498712	-0.736835
 0.015855	-0.461910	-0.499891	-0.499552	 0.206636	-0.412183	-0.321420	-0.497730	-0.551470	-0.143051	-0.498712	-0.358871
 0.257073	-0.461910	-0.499891	-0.499555	 0.207034	-0.412183	-0.569777	-0.498095	-0.549264	-0.143050	-0.498712	-0.169889
 0.377683	-0.461910	 0.000109	-0.499557	 0.207233	-0.412183	-0.192320	-0.498278	-0.547067	-0.143050	-0.498712	-0.075398
 0.437987	-0.461910	 0.249108	-0.499558	 0.207333	-0.412183	-0.003591	-0.498369	-0.544879	-0.143050	-0.498712	-0.028152
 0.468140	-0.461910	-0.126392	-0.499558	 0.207382	-0.412183	 0.090774	-0.498414	-0.542699	-0.143050	-0.498712	-0.004529
 0.483216	-0.461910	-0.313138	-0.499558	 0.207407	-0.412183	 0.137956	-0.498437	-0.540528	-0.143050	-0.498712	 0.007282
 0.490754	-0.461910	-0.406511	-0.499558	 0.207420	-0.412183	 0.161547	-0.498449	-0.538366	-0.143050	-0.498712	 0.013188
-0.005477	-0.461910	-0.453198	 0.000442	 0.207426	-0.412183	 0.173342	-0.498454	-0.536213	-0.143050	-0.498712	 0.016140
-0.252589	-0.461910	-0.476541	 0.249441	 0.207429	-0.412183	 0.179240	-0.498457	-0.534068	-0.143050	-0.498712	 0.017617
 0.123855	-0.461910	-0.488213	-0.126060	 0.207431	-0.412183	 0.182189	-0.498458	-0.531932	-0.143050	-0.498712	 0.018355
 0.311076	-0.461910	-0.494048	-0.312807	 0.207431	-0.412183	 0.183664	-0.498459	-0.529804	-0.143050	-0.498712	 0.018724
 0.404687	-0.461910	-0.496966	-0.406180	 0.207432	-0.912183	 0.184401	-0.498460	-0.527685	-0.143050	-0.498712	 0.018909
 0.451492	-0.461910	-0.498425	-0.452867	 0.207432	-1.159359	 0.184769	-0.498460	-0.525574	-0.143050	-0.498712	 0.019001
-0.025105	-0.461910	-0.499155	-0.476211	-0.292568	-0.780133	-0.315046	-0.498460	-0.523472	-0.143050	-0.498712	 0.019047
-0.262400	-0.461910	-0.499520	-0.487882	-0.540983	-0.590521	-0.563324	-0.498460	-0.521378	-0.143050	-0.498712	 0.019070
-0.381048	-0.461910	-0.499702	-0.493718	-0.663611	-0.495714	-0.685840	-0.498460	-0.519292	-0.143050	-0.498712	 0.019082
 0.059628	-0.461910	 0.000207	-0.496636	-0.223353	-0.448311	-0.745481	-0.498460	-0.517215	-0.143050	-0.498712	 0.019088
 0.278966	-0.461910	 0.249161	-0.498095	-0.003224	-0.424610	-0.773692	-0.498460	-0.515146	-0.143050	-0.498712	 0.019090
 0.388634	-0.461910	-0.126362	-0.498824	 0.106840	-0.412759	-0.286193	-0.998460	-0.513086	-0.143050	-0.498712	 0.019092
 0.443469	-0.461910	-0.313120	-0.499189	 0.161873	-0.406834	-0.042444	-1.245463	-0.511033	-0.143050	-0.498712	 0.019093
 0.470886	-0.461910	-0.406498	-0.499372	-0.310611	-0.403871	-0.420569	-0.865980	-0.508989	-0.143050	-0.498712	 0.019093
 0.484595	-0.461910	-0.453188	-0.499463	-0.545287	-0.402390	-0.608035	-0.676238	-0.506953	-0.143050	-0.498712	 0.019093
 0.491449	-0.461910	 0.023467	-0.499508	-0.161065	-0.401649	-0.200176	-0.581367	-0.504925	-0.143050	-0.498712	 0.019093
 0.494876	-0.461910	 0.260795	-0.499531	 0.031046	-0.401279	 0.003753	-0.533932	-0.502906	-0.143050	-0.498712	 0.019093
 0.496590	-0.461910	 0.379459	-0.499543	 0.127102	-0.401093	 0.105718	-0.510214	-0.500894	-0.143050	-0.498712	 0.019093
 0.497446	-0.461910	-0.061210	-0.499548	 0.175129	-0.401001	 0.156700	-0.498355	-0.499888	-0.143050	-0.498712	 0.019093
 0.497875	-0.461910	-0.280540	-0.499551	 0.199143	-0.400954	 0.182191	-0.492426	-0.499385	-0.143050	-0.498712	 0.019093
 0.498089	-0.461910	-0.390205	-0.499552	 0.211150	-0.400931	 0.194937	-0.489461	-0.499134	-0.143050	-0.498712	 0.019093
 0.498196	-0.461910	-0.445038	-0.499553	 0.217154	-0.400920	 0.201309	-0.487979	-0.499008	-0.143050	-0.498712	 0.019093
 0.498250	-0.461910	 0.027546	 0.000446	-0.279845	-0.400914	 0.204496	-0.487237	-0.498945	-0.143050	-0.498712	 0.019093
 0.498276	-0.461910	 0.262838	 0.249445	-0.526790	-0.400911	 0.206089	-0.486867	-0.498914	-0.143050	-0.498712	 0.019093
-0.001710	-0.461910	-0.119517	 0.373945	-0.148715	-0.400910	 0.206886	-0.486682	-0.498898	-0.143050	-0.498712	 0.019093
-0.250700	-0.461910	-0.309690	 0.436195	 0.040322	-0.400909	 0.207284	-0.486589	-0.498890	-0.143050	-0.498712	 0.019093
-0.375195	-0.461910	-0.404777	 0.467319	 0.134841	-0.400909	 0.207483	-0.486543	-0.498886	-0.143050	-0.498712	 0.019093
 0.062557	-0.461910	 0.047680	-0.017118	 0.182100	-0.400908	-0.292417	-0.486519	-0.498884	-0.143050	-0.498712	 0.019093
 0.280433	-0.461910	 0.272908	-0.258334	 0.205730	-0.400908	-0.540783	-0.486508	-0.498883	-0.143050	-0.498712	 0.019093
 0.389371	-0.461910	-0.114478	-0.378942	-0.282455	-0.400908	-0.163387	 0.013498	 0.001117	-0.143050	-0.498712	-0.480907
 0.443840	-0.461910	-0.307167	-0.439246	-0.525007	-0.400908	 0.025310	 0.262474	 0.250115	-0.143050	-0.498712	-0.728945
 0.471074	-0.461910	-0.403512	 0.030602	-0.144747	-0.400908	-0.380341	-0.114061	-0.125386	-0.143050	-0.498712	-0.351010
 0.484692	-0.461910	-0.451684	 0.264526	 0.045383	-0.400908	-0.581594	-0.302329	-0.312135	-0.143050	-0.498712	-0.162043
-0.008500	-0.461910	 0.024230	-0.118513	 0.140447	-0.400908	-0.180655	-0.396462	-0.405509	-0.143050	-0.498712	-0.067559
-0.254092	-0.461910	 0.261186	-0.309029	 0.187980	-0.400908	 0.019814	-0.443529	-0.452196	-0.143050	-0.498712	-0.020317
-0.376888	-0.461910	 0.379665	-0.404287	 0.211746	-0.400908	 0.120049	-0.467063	-0.475540	-0.143050	-0.498712	 0.003304
 0.061714	-0.461910	-0.061096	 0.048084	-0.276371	-0.400908	 0.170166	-0.478829	-0.487212	-0.143050	-0.498712	 0.015114
 0.280014	-0.461910	-0.280473	 0.273269	-0.518900	-0.400908	 0.195225	-0.484713	-0.493048	-0.143050	-0.498712	 0.021020
 0.389164	-0.461910	-0.390161	 0.385861	-0.138642	-0.900908	 0.207754	-0.487654	-0.495965	-0.143050	-0.498712	-0.476028
 0.443739	-0.461910	-0.445005	 0.442157	 0.051487	-1.148106	 0.214019	-0.489125	-0.497424	-0.143050	-0.498712	-0.722605
-0.028973	-0.461910	-0.472427	 0.470305	 0.146551	-0.768915	 0.217151	-0.489861	-0.498154	-0.143050	-0.498712	-0.343956
-0.264326	-0.461910	-0.486138	 0.484379	 0.194084	-0.579319	 0.218717	-0.490228	-0.498519	-0.143050	-0.498712	-0.154631
 0.117997	-0.961910	-0.492994	-0.008584	-0.282150	-0.484521	 0.219500	-0.490412	-0.498701	-0.143050	-0.498712	-0.059968
 0.308159	-1.208986	-0.496422	-0.254062	-0.518750	-0.437122	 0.219892	-0.490504	-0.498792	-0.143050	-0.498712	-0.012637
 0.403239	-1.329612	-0.498136	-0.376802	-0.635540	-0.413423	 0.220088	-0.490550	-0.498838	-0.143050	-0.498712	 0.011028
 0.450779	-0.887024	-0.498993	-0.438171	-0.192430	-0.401573	 0.220186	-0.990573	-0.498861	-0.143050	-0.498712	 0.022861
 0.474550	-0.665731	-0.499421	-0.468856	 0.029125	-0.395648	 0.220234	-1.237603	-0.498872	-0.143050	-0.498712	 0.028778
 0.486435	-0.555084	-0.499635	-0.484198	 0.139903	-0.392686	-0.279741	-0.858149	-0.498878	-0.143050	-0.498712	 0.031736
 0.492377	-0.499760	-0.499742	-0.491870	 0.195291	-0.391205	-0.528169	-0.668422	-0.498881	-0.143050	-0.498712	 0.033215
 0.495348	-0.472099	-0.499796	-0.495705	 0.222986	-0.390464	-0.150830	-0.573559	-0.498882	-0.143050	-0.498712	 0.033954
 0.496834	-0.458268	-0.499823	-0.497623	 0.236833	-0.390094	 0.037839	-0.526127	-0.498883	-0.143050	-0.498712	 0.034324
 0.497577	-0.451352	-0.499836	-0.498582	 0.243757	-0.389908	 0.132174	-0.502411	-0.498883	-0.143050	-0.498712	 0.034509
 0.497948	-0.447895	-0.499843	-0.499061	 0.247218	-0.389816	 0.179341	-0.490553	-0.498883	-0.143050	-0.498712	 0.034601
 0.498134	-0.446166	-0.499846	-0.499301	 0.248949	-0.389770	 0.202925	-0.484624	-0.498883	-0.143050	-0.498712	 0.034648
 0.498227	-0.445301	-0.499848	 0.000579	 0.249815	-0.889746	 0.214717	-0.481660	-0.498883	-0.143050	-0.498712	-0.465329
 0.498273	-0.444869	-0.499849	 0.249518	 0.250248	-1.136955	 0.220613	-0.480177	-0.498883	-0.143050	-0.498712	-0.713387
 0.498297	-0.444653	-0.499849	-0.126012	 0.250464	-0.757792	 0.223561	-0.479436	-0.498883	-0.143050	-0.498712	-0.335493
 0.498308	-0.444545	-0.499849	-0.312774	 0.250572	-0.568210	 0.225035	-0.479066	-0.498883	-0.143050	-0.498712	-0.146546
 0.498314	-0.444491	-0.499849	-0.406155	 0.250626	-0.473419	 0.225772	-0.478880	-0.498883	-0.143050	-0.498712	-0.052073
 0.498317	-0.444464	-0.499849	-0.452846	 0.250653	-0.426023	 0.226140	-0.478788	-0.498883	-0.143050	-0.498712	-0.004836
-0.001682	-0.444450	-0.499849	-0.476191	 0.250667	-0.402326	-0.273676	-0.478741	-0.498883	-0.143050	-0.498712	 0.018783
-0.250678	-0.444444	-0.499849	-0.487864	 0.250673	-0.390477	-0.522036	-0.478718	-0.498883	-0.143050	-0.498712	 0.030592
-0.375176	-0.444440	-0.499849	-0.493700	 0.250677	-0.384552	-0.644676	-0.478707	-0.498883	-0.143050	-0.498712	 0.036496
 0.062575	-0.444438	-0.499849	-0.496618	 0.250679	-0.381590	-0.204461	-0.478701	-0.498883	-0.143050	-0.498712	 0.039449
 0.280450	-0.444438	-0.499849	-0.498077	 0.250679	-0.380109	 0.015646	-0.478698	-0.498883	-0.143050	-0.498712	 0.040925
-0.110612	-0.444437	-0.999849	 0.001193	 0.250680	-0.379368	 0.125700	-0.478697	-0.498883	-0.143050	-0.498712	 0.041663
-0.305140	-0.444437	-1.246850	 0.249827	 0.250680	-0.378998	 0.180727	-0.478696	-0.498883	-0.143050	-0.498712	 0.042032
 0.097596	-0.444437	-0.867362	-0.125855	 0.250680	-0.378813	 0.208240	-0.478695	-0.498883	-0.143050	-0.498712	 0.042216
 0.297963	-0.444437	-0.677618	-0.312694	 0.250680	-0.378720	 0.221997	-0.478695	-0.498883	-0.143050	-0.498712	 0.042309
 0.398147	-0.444437	-0.582747	-0.406113	 0.250680	-0.378674	 0.228875	-0.478695	-0.498883	-0.143050	-0.498712	 0.042355
 0.448239	-0.444437	-0.535311	-0.452822	 0.250680	-0.378651	 0.232314	-0.478695	-0.498883	-0.143050	-0.498712	 0.042378
 0.473285	-0.444437	-0.511593	-0.476177	 0.250680	-0.378639	 0.234034	-0.478695	-0.498883	-0.143050	-0.498712	 0.042389
 0.485808	-0.444437	-0.499734	 0.012145	-0.249320	-0.378634	 0.234894	-0.478695	-0.498883	-0.143050	-0.498712	 0.042395
 0.492069	-0.444437	-0.493804	 0.255306	-0.497821	-0.378631	 0.235324	-0.478695	-0.498883	-0.143050	-0.498712	 0.042398
-0.004800	-0.444437	 0.009161	-0.123114	-0.120579	-0.378629	-0.264461	-0.478695	 0.001117	-0.143050	-0.498712	 0.042399
-0.252232	-0.444437	 0.259619	-0.311321	 0.068042	-0.378628	-0.512825	-0.478695	 0.250114	-0.143050	-0.498712	 0.042400
-0.375947	-0.444437	-0.116172	 0.094576	 0.162352	-0.378628	-0.135485	-0.478695	-0.125387	-0.143050	-0.498712	-0.457599
-0.437805	-0.444437	-0.304068	 0.296523	 0.209508	-0.378628	 0.053185	-0.478695	-0.312136	-0.143050	-0.498712	-0.705684
 0.031266	-0.444437	 0.101984	-0.102503	 0.233085	-0.378628	 0.147520	-0.478695	-0.405510	-0.143050	-0.498712	-0.327819
 0.264801	-0.444437	 0.303994	-0.301013	 0.244874	-0.378628	 0.194688	-0.478695	-0.452197	-0.143050	-0.498712	-0.138886
 0.381568	-0.444437	 0.403987	-0.400269	 0.250768	-0.378628	 0.218271	-0.478695	-0.475541	-0.143050	-0.498712	-0.044420
 0.439952	-0.444437	-0.047024	-0.449896	 0.253716	-0.378628	 0.230063	-0.478695	-0.487213	-0.143050	-0.498712	 0.002813
 0.469144	-0.444437	-0.272530	-0.474710	 0.255189	-0.378628	 0.235959	-0.478695	-0.493048	-0.143050	-0.498712	 0.026430
-0.016260	-0.444437	-0.385283	-0.487117	 0.255926	-0.378628	 0.238907	-0.478695	-0.495966	-0.143050	-0.498712	 0.038238
-0.257959	-0.444437	-0.441659	-0.493320	 0.256294	-0.378628	 0.240381	-0.478695	-0.497425	-0.143050	-0.498712	 0.044142
-0.378808	-0.444437	 0.030153	-0.496422	 0.256479	-0.378628	 0.241118	-0.478695	-0.498155	-0.143050	-0.498712	 0.047094
-0.439233	-0.444437	 0.265055	-0.497973	 0.256571	-0.378628	 0.241487	-0.478695	-0.498520	-0.143050	-0.498712	 0.048570
-0.469445	-0.444437	-0.117494	-0.498748	-0.243383	-0.378628	 0.241671	-0.478695	-0.498702	-0.143050	-0.498712	 0.049308
-0.484551	-0.444437	-0.307769	-0.499136	-0.491874	-0.378628	 0.241763	-0.478695	-0.498793	-0.143050	-0.498712	 0.049677
-0.492104	-0.444437	-0.402906	-0.499330	-0.114638	-0.378628	 0.241809	-0.478695	-0.498839	-0.143050	-0.498712	 0.049862
-0.495881	-0.444437	-0.450475	-0.499427	 0.073980	-0.378628	 0.241832	-0.478695	-0.498862	-0.143050	-0.498712	 0.049954
 0.002231	-0.444437	-0.474259	-0.499475	 0.168289	-0.378628	 0.241844	-0.478695	-0.498873	-0.643050	-0.498712	 0.050000
 0.250286	-0.444437	-0.486151	-0.499499	 0.215443	-0.378628	 0.241849	-0.478695	-0.498879	-0.890764	-0.498712	 0.050023
-0.125686	-0.444437	-0.492097	 0.000489	 0.239020	-0.378628	 0.241852	-0.478695	-0.498881	-0.512344	-0.498712	 0.050035
-0.312669	-0.444437	-0.495070	 0.249482	 0.250809	-0.378628	 0.241854	-0.478695	-0.498883	-0.323134	-0.498712	 0.050041
 0.093839	-0.444437	-0.496557	 0.373978	 0.256703	-0.378628	 0.241855	-0.478695	-0.498884	-0.228529	-0.498712	 0.050044
 0.296093	-0.444437	-0.497300	 0.436226	 0.259650	-0.378628	 0.241855	-0.478695	-0.498884	-0.181226	-0.498712	 0.050045
-0.102780	-0.444437	-0.497672	 0.467350	 0.261124	-0.378628	-0.258145	-0.478695	-0.498884	-0.157575	-0.498712	 0.050046
-0.301214	-0.444437	-0.497857	 0.482912	 0.261861	-0.378628	-0.506629	-0.478695	-0.498884	-0.145749	-0.498712	 0.050046
-0.400430	-0.444437	-0.497950	 0.490693	 0.262229	-0.378628	-0.629360	-0.478695	-0.498884	-0.139836	-0.498712	 0.050046
-0.450039	-0.444437	-0.997997	-0.005416	 0.262413	-0.378628	-0.689222	 0.021305	-0.498884	-0.136880	-0.498712	 0.050046
-0.474843	-0.444437	-1.245024	-0.252468	 0.262506	-0.378628	-0.717654	 0.270262	-0.498884	-0.135402	-0.498712	 0.050046
-0.487245	-0.444437	-0.365553	 0.124006	-0.237448	-0.378628	-0.230379	-0.106297	-0.498884	-0.134663	-0.498712	 0.050046
-0.493446	-0.444437	 0.073154	 0.311243	-0.485951	-0.378628	 0.013259	-0.294577	-0.498884	-0.134293	-0.498712	 0.050046
-0.496546	-0.444437	 0.291484	-0.095139	-0.108733	-0.878628	 0.135078	-0.388717	-0.498884	-0.634108	-0.498712	 0.050046
-0.498097	-0.444437	 0.399629	-0.297327	 0.079876	-1.125871	 0.195988	-0.435787	-0.498884	-0.881748	-0.498712	 0.050046
-0.498872	-0.444437	 0.452687	 0.101579	 0.174181	-0.746746	 0.226443	-0.459322	-0.498884	-1.003309	-0.498712	 0.050046
-0.499259	-0.444437	 0.478204	 0.300031	 0.221333	-0.557183	 0.241670	-0.471090	-0.498884	-1.061840	-0.498712	 0.050046
-0.499453	-0.444437	 0.489955	 0.399257	 0.244909	-0.462402	 0.249284	-0.476973	-0.498884	-1.088865	-0.498712	 0.050046
 0.000450	-0.444437	-0.005173	-0.051130	 0.256697	-0.415011	 0.253090	-0.479915	-0.498884	-0.600145	-0.498712	 0.050046
 0.249401	-0.444437	-0.251736	-0.275321	 0.262591	-0.391316	 0.254994	-0.481386	-0.498884	-0.355786	-0.498712	 0.050046
 0.373876	-0.444437	-0.375018	-0.387416	 0.265538	-0.379468	 0.255946	-0.982122	-0.498884	-0.233606	-0.498712	 0.050046
 0.436114	-0.444437	-0.436659	-0.443463	 0.267012	-0.373545	 0.256421	-1.229524	-0.498884	-0.172516	-0.498712	 0.050046
 0.467233	-0.444437	-0.467479	-0.471487	 0.267748	-0.370583	 0.256659	-0.850271	-0.498884	-0.141971	-0.498712	 0.050046
 0.482792	-0.444437	-0.482890	-0.485499	 0.268117	-0.369102	 0.256778	-0.660644	-0.498884	-0.126698	-0.498712	 0.050046
-0.009428	-0.444437	-0.490595	-0.492505	 0.268301	-0.368361	 0.256838	-1.065831	-0.498884	-1.119062	-0.498712	 0.050046
-0.254535	-0.444437	-0.494447	-0.496008	 0.268393	-0.367991	 0.256868	-1.265483	-0.498884	-1.611021	-0.498712	 0.050046
-0.377088	-0.444437	-0.496374	-0.497760	 0.268439	-0.367806	 0.256882	-1.362378	-0.498884	-1.852795	-0.498712	 0.050046
-0.438365	-0.444437	-0.497337	-0.498635	 0.268462	-0.367713	 0.256890	-0.907907	-0.498884	-1.469492	-0.498712	-0.449954
-0.469003	-0.444437	-0.497818	-0.499073	 0.268474	-0.367667	 0.256894	-0.680672	-0.498884	-1.275669	-0.498712	-0.698054
-0.484323	-0.444437	 0.001941	 0.000708	 0.268479	-0.367644	 0.256895	-0.567054	-0.498884	-0.676593	-0.498712	-0.320211
-0.491982	-0.444437	 0.250817	 0.249597	 0.268482	-0.367632	 0.256896	-0.510245	-0.498884	-0.377056	-0.498712	-0.131290
 0.004188	-0.444437	-0.124745	-0.125958	 0.268484	-0.367627	 0.256897	-0.481841	-0.498884	-0.227287	-0.498712	-0.036830
 0.251272	-0.444437	-0.311525	-0.312732	 0.268484	-0.367624	 0.256897	-0.467639	-0.498884	-0.152402	-0.498712	 0.010401
 0.374815	-0.444437	-0.404915	 0.093880	-0.231515	-0.367622	 0.256897	-0.960537	-0.498884	-0.114960	-0.498712	 0.034016
 0.436586	-0.444437	-0.451610	 0.296186	-0.480052	-0.367622	 0.256897	-1.204080	-0.498884	-0.096239	-0.498712	 0.045823
 0.467471	-0.444437	-0.474958	 0.397338	-0.602863	-0.367621	 0.256897	-1.322956	-0.498884	-0.086878	-0.498712	 0.051727
 0.482914	-0.444437	-0.486632	-0.052085	-0.662818	-0.367621	 0.256897	-0.879510	 0.001116	-0.082198	-0.498712	 0.054679
 0.490635	-0.444437	-0.492469	-0.275794	-0.691349	-0.367621	 0.256897	-0.657788	 0.250113	-0.079858	-0.498712	 0.056155
-0.005504	-0.444437	-0.495387	-0.387649	-0.204175	-0.367621	 0.256897	-0.546926	-0.125388	-0.578688	-0.498712	 0.056893
-0.252570	-0.444437	-0.496846	-0.443576	 0.039412	-0.367621	 0.256897	-0.491496	-0.312136	-0.825948	-0.498712	 0.057262
 0.123897	-0.444437	-0.497576	-0.471539	 0.161205	-0.367621	 0.256897	-0.463780	-0.405511	-0.447431	-0.498712	-0.442554
 0.311129	-0.444437	-0.497941	-0.485521	 0.222102	-0.367621	 0.256897	-0.449922	-0.452198	-0.258173	-0.498712	-0.690577
-0.095254	-0.444437	-0.498123	 0.007488	 0.252550	-0.367621	-0.243103	-0.442994	-0.475542	-0.163544	-0.498712	-0.312711
-0.297443	-0.444437	-0.498214	 0.252992	 0.267775	-0.367621	-0.491616	-0.439529	-0.487213	-0.116229	-0.498712	-0.123778
-0.398537	-0.444437	-0.498260	 0.375743	 0.275387	-0.367621	-0.614393	-0.437797	-0.493049	-0.092572	-0.498712	-0.029312
-0.449084	-0.444437	 0.001717	-0.062881	 0.279193	-0.367621	-0.174307	-0.436931	-0.495967	-0.080744	-0.498712	 0.017921
-0.474358	-0.444437	 0.250703	-0.281190	 0.281096	-0.367621	 0.045736	-0.436498	-0.497426	-0.074829	-0.498712	 0.041538
-0.486995	-0.444437	 0.375195	 0.109656	 0.282047	-0.367621	 0.155757	-0.436281	-0.498156	-0.071872	-0.498712	 0.053346
-0.493313	-0.444437	 0.437442	 0.304077	 0.282523	-0.367621	 0.210768	-0.436173	-0.498520	-0.070393	-0.498712	 0.059251
 0.003528	-0.444437	 0.468565	 0.401288	 0.282761	-0.867621	 0.238274	-0.436119	-0.498703	-0.069654	-0.498712	 0.062203
 0.250947	-0.444437	 0.484126	 0.449894	 0.282880	-1.114886	 0.252026	-0.436092	-0.498794	-0.069285	-0.498712	 0.063679
-0.125343	-0.444437	-0.008093	-0.025804	 0.282939	-0.735794	 0.258903	-0.436078	-0.498840	-0.069100	-0.498712	 0.064417
-0.312485	-0.444437	-0.253202	-0.262649	 0.282969	-0.546248	 0.262341	-0.436072	-0.498862	-0.069007	-0.498712	 0.064786
-0.406056	-0.444437	-0.375756	-0.381072	 0.282984	-0.451475	 0.264060	-0.436068	-0.498874	-0.068961	-0.498712	 0.064970
 0.047159	-0.444437	-0.437034	 0.059717	 0.282991	-0.404088	 0.264919	-0.436066	-0.498880	-0.068938	-0.498712	 0.065062
 0.272765	-0.444437	-0.467672	 0.279110	 0.282995	-0.380395	 0.265349	-0.436066	-0.498882	-0.068926	-0.498712	 0.065109
 0.385569	-0.444437	-0.482992	-0.111194	 0.282997	-0.368548	 0.265564	-0.436065	-0.498884	-0.068921	-0.498712	 0.065132
 0.441970	-0.444437	-0.490651	-0.305342	 0.282998	-0.362625	 0.265671	-0.436065	-0.498885	-0.068918	-0.498712	 0.065143
 0.470171	-0.444437	 0.005519	 0.097583	 0.282998	-0.359663	 0.265725	-0.436065	-0.498885	-0.068916	-0.498712	 0.065149
 0.484272	-0.444437	 0.252601	 0.298045	 0.282999	-0.358183	 0.265752	-0.436065	-0.498885	-0.068916	-0.498712	 0.065152
 0.491322	-0.444437	 0.376141	 0.398276	 0.282999	-0.357442	 0.265766	-0.436065	-0.498885	-0.068915	-0.498712	 0.065153
 0.494847	-0.444437	 0.437912	 0.448392	 0.282999	-0.357072	 0.265772	-0.436065	-0.498885	-0.068915	-0.498712	 0.065154
 0.496609	-0.444437	 0.468797	 0.473449	 0.282999	-0.356887	 0.265776	-0.436065	-0.498885	-0.068915	-0.498712	 0.065154
 0.497491	-0.444437	 0.484240	 0.485978	 0.282999	-0.356794	 0.265777	-0.436065	-0.498885	-0.068915	-0.498712	-0.434845
 0.497931	-0.444437	 0.491961	 0.492243	 0.282999	-0.356748	 0.265778	-0.436065	-0.498885	-0.068915	-0.498712	-0.682976
 0.498152	-0.444437	 0.495822	 0.495375	 0.282999	-0.356725	 0.265779	-0.436065	-0.498885	-0.068915	-0.498712	-0.305179
 0.498262	-0.444437	 0.497752	 0.496941	 0.282999	-0.356713	 0.265779	-0.436065	-0.498885	-0.068915	-0.498712	-0.116280
 0.498317	-0.444437	 0.498717	 0.497724	 0.282999	-0.356708	 0.265779	-0.436065	-0.498885	-0.068915	-0.498712	-0.021831
 0.498344	-0.444437	 0.499200	 0.498116	 0.282999	-0.356705	 0.265779	-0.436065	-0.498885	-0.068915	-0.498712	 0.025394
 0.498358	-0.444437	-0.000559	-0.001689	 0.282999	-0.356703	-0.234221	-0.436065	-0.498885	-0.068915	-0.498712	 0.049006
 0.498365	-0.444437	-0.249438	-0.250588	 0.282999	-0.356702	-0.482753	-0.436065	-0.498885	-0.068915	-0.498712	 0.060812
 0.498369	-0.444437	-0.373877	-0.375037	 0.282999	-0.356702	-0.605556	-0.436065	-0.498885	-0.068915	-0.498712	 0.066715
 0.498370	-0.444437	 0.063903	 0.062738	 0.282999	-0.356702	-0.165501	-0.436065	 0.001115	-0.068915	-0.498712	 0.069667
 0.498371	-0.444437	 0.281790	 0.280624	 0.282999	-0.356702	 0.054527	-0.436065	 0.250113	-0.068915	-0.498712	 0.071143
-0.001628	-0.444437	 0.390733	-0.110432	 0.282999	-0.356702	 0.164541	-0.436065	-0.125389	-0.068915	-0.498712	 0.071881
-0.250625	-0.444437	 0.445205	-0.304958	 0.282999	-0.356702	 0.219547	-0.436065	-0.312137	-0.068915	-0.498712	 0.072250
 0.124877	-0.444437	-0.027559	-0.402220	 0.282999	-0.356702	 0.247051	-0.436065	-0.405512	-0.568915	-0.498712	 0.072434
 0.311627	-0.444437	-0.262940	-0.450852	 0.282999	-0.356702	 0.260803	-0.436065	-0.452199	-0.816777	-0.498712	 0.072526
 0.405002	-0.444437	-0.380631	 0.024833	 0.282999	-0.356702	 0.267679	-0.436065	-0.475543	-0.438579	-0.498712	 0.072572
 0.451689	-0.444437	-0.439476	 0.261674	 0.282999	-0.356702	 0.271116	-0.436065	-0.487214	-0.249480	-0.498712	 0.072595
 0.475033	-0.444437	-0.468899	 0.380094	 0.282999	-0.356702	 0.272835	-0.436065	-0.493050	-0.154930	-0.498712	 0.072607
 0.486705	-0.444437	 0.016389	-0.060695	-0.217001	-0.356702	-0.226305	-0.436065	-0.495968	-0.107655	-0.498712	 0.072613
 0.492541	-0.444437	 0.258030	-0.280087	-0.465567	-0.356702	-0.474424	-0.436065	-0.497427	-0.084018	-0.498712	 0.072616
-0.004541	-0.444437	-0.121149	 0.110217	-0.088422	-0.356702	-0.097039	-0.436065	-0.498157	-0.072199	-0.498712	 0.072617
-0.252079	-0.444437	-0.309738	 0.304368	 0.100151	-0.356702	 0.091654	-0.436065	-0.498521	-0.066290	-0.498712	 0.072618
 0.124152	-0.444437	 0.095967	 0.401443	 0.194437	-0.356702	 0.186000	-0.436065	 0.001296	-0.063335	-0.498712	 0.072618
 0.311267	-0.444437	 0.297817	 0.449981	 0.241580	-0.356702	 0.233173	-0.436065	 0.250203	-0.061858	-0.498712	 0.072618
-0.095175	-0.444437	-0.101259	-0.025750	 0.265152	-0.356702	 0.256760	-0.436065	-0.125344	-0.061119	-0.498712	 0.072618
-0.297394	-0.444437	-0.299796	-0.262613	 0.276938	-0.356702	 0.268553	-0.436065	-0.312115	-0.060750	-0.498712	 0.072618
-0.398503	-0.444437	-0.399064	-0.381044	 0.282830	-0.356702	 0.274450	-0.436065	-0.405501	-0.060565	-0.498712	 0.072618
 0.050943	-0.444437	 0.051302	 0.059740	 0.285777	-0.356702	 0.277398	-0.436065	 0.047806	-0.060473	-0.498712	 0.072619
 0.274665	-0.444437	 0.275481	 0.279131	 0.287250	-0.356702	 0.278872	-0.436065	 0.273457	-0.060427	-0.498712	 0.072619
 0.386526	-0.444437	 0.387571	-0.111173	 0.287987	-0.356702	 0.279609	-0.436065	-0.113717	-0.060404	-0.498712	 0.072619
 0.442456	-0.444437	 0.443616	-0.305322	 0.288355	-0.356702	 0.279978	-0.436065	-0.306303	-0.060392	-0.498712	 0.072619
 0.470422	-0.444437	-0.028362	-0.402397	 0.288539	-0.356702	 0.280162	-0.436065	-0.402595	-0.060386	-0.498712	 0.072619
 0.484404	-0.444437	-0.263350	-0.450934	 0.288631	-0.356702	 0.280254	-0.436065	-0.450742	-0.060384	-0.498712	 0.072619
 0.491396	-0.444437	 0.119156	 0.024797	 0.288677	-0.356702	 0.280300	-0.436065	-0.474815	-0.060382	-0.498712	-0.427381
 0.494891	-0.444437	 0.309406	 0.261662	 0.288700	-0.356702	 0.280323	-0.436065	-0.486851	-0.060381	-0.498712	-0.675527
 0.496639	-0.444437	 0.404531	 0.380094	 0.288712	-0.356702	 0.280335	-0.436065	-0.492870	-0.060381	-0.498712	-0.797752
 0.497513	-0.444437	-0.047907	-0.060690	 0.288718	-0.356702	 0.280341	-0.436065	-0.495879	-0.560381	-0.498712	-0.357025
 0.497950	-0.444437	-0.273125	-0.280079	 0.288720	-0.356702	 0.280343	-0.436065	-0.497383	-0.808260	-0.498712	-0.136661
 0.498168	-0.444437	 0.114266	 0.110227	-0.211278	-0.356702	 0.280345	-0.436065	-0.498136	-0.430087	-0.498712	-0.026479
 0.498278	-0.444437	 0.306958	 0.304378	-0.459855	-0.356702	 0.280346	-0.436065	-0.498512	-0.241001	-0.498712	 0.028612
 0.498332	-0.444437	 0.403304	 0.401454	-0.082726	-0.356702	 0.280346	-0.436065	-0.498700	-0.146458	-0.498712	 0.056157
 0.498360	-0.444437	 0.451477	 0.449992	 0.105838	-0.356702	 0.280346	-0.436065	-0.498794	-0.099186	-0.498712	 0.069930
 0.498373	-0.444437	 0.475564	-0.025739	 0.200120	-0.356702	 0.280346	-0.436065	-0.498841	-0.075550	-0.498712	 0.076816
 0.498380	-0.444437	 0.487607	-0.262601	 0.247261	-0.356702	 0.280346	-0.436065	-0.498864	-0.063732	-0.498712	 0.080259
 0.498383	-0.444437	 0.493629	-0.381033	 0.270832	-0.356702	 0.280346	-0.436065	-0.498876	-0.057824	-0.498712	 0.081981
 0.498385	-0.444437	 0.496639	-0.440248	 0.282617	-0.356702	 0.280346	-0.436065	-0.498882	-0.054869	-0.498712	 0.082842
 0.498386	-0.444437	 0.498145	-0.469856	 0.288509	-0.356702	 0.280346	-0.436065	-0.498885	-0.053392	-0.498712	 0.083272
-0.001614	-0.444437	-0.001103	-0.484660	 0.291456	-0.356702	 0.280346	-0.436065	-0.498886	-0.052653	-0.498712	-0.416513
-0.250610	-0.444437	-0.249725	-0.492062	 0.292929	-0.356702	 0.280346	-0.436065	-0.498887	-0.052284	-0.498712	-0.664572
 0.124892	-0.444437	-0.374037	 0.004237	 0.293666	-0.356702	 0.280346	-0.436065	-0.498888	-0.052099	-0.498712	-0.286777
 0.311642	-0.444437	-0.436193	 0.251385	 0.294034	-0.356702	 0.280346	-0.436065	-0.498888	-0.052007	-0.498712	-0.097879
 0.405017	-0.444437	-0.467271	 0.374960	 0.294218	-0.356702	 0.280346	-0.436065	-0.498888	-0.051961	-0.498712	-0.003430
