-0.411742	 0.250175	 0.499748	-0.250642	 0.498545	 0.498985	 0.020338	 0.498730	 0.498158	 0.233678	 0.451205	-0.250031
-0.411742	-0.125327	 0.499748	 0.125078	 0.498545	 0.498985	 0.019600	 0.498943	 0.498376	 0.343535	 0.451205	 0.125472
-0.411742	-0.312077	 0.499748	 0.311936	 0.498545	 0.498985	 0.019231	 0.499049	 0.498486	 0.398463	 0.451205	 0.312221
-0.411742	-0.405452	 0.499748	-0.094635	 0.498545	 0.498985	 0.019046	 0.499102	 0.498540	 0.425927	 0.451205	 0.405596
-0.411742	-0.452139	 0.499748	-0.296918	 0.498545	 0.498985	 0.018954	 0.499129	 0.498567	 0.439659	 0.451205	 0.452283
-0.411742	 0.024517	 0.499748	 0.101941	 0.498545	 0.498985	 0.018908	 0.499142	-0.001419	 0.446525	 0.451205	 0.475627
-0.411742	 0.261843	 0.499748	 0.300368	 0.498545	 0.498985	 0.018884	 0.499149	-0.250409	 0.449958	 0.451205	 0.487299
-0.411742	-0.119494	 0.499748	 0.399582	 0.498545	 0.498985	 0.018873	 0.499152	 0.125096	 0.451675	 0.451205	-0.006865
-0.411742	-0.309161	 0.499748	 0.449189	 0.498545	 0.498985	 0.018867	 0.499154	 0.311847	 0.452533	 0.451205	-0.252945
-0.411742	-0.403994	 0.499748	 0.473992	 0.498545	 0.498985	 0.018864	 0.499155	 0.405222	 0.452962	 0.451205	-0.375985
-0.411742	-0.451411	 0.499748	 0.486394	 0.498545	 0.498985	 0.018863	 0.499155	 0.451910	 0.453176	 0.451205	 0.062495
-0.411742	-0.475119	 0.499748	 0.492595	 0.498545	 0.498985	 0.018862	 0.499155	 0.475254	 0.453284	 0.451205	 0.280733
-0.411742	-0.486974	 0.499748	 0.495695	-0.001455	 0.498985	 0.018862	 0.499155	 0.486926	 0.453337	 0.451205	 0.389852
-0.411742	-0.492901	 0.499748	 0.497246	-0.250452	 0.498985	 0.018862	 0.499155	 0.492762	 0.453364	 0.451205	 0.444411
-0.411742	 0.004136	 0.499748	-0.001979	 0.125050	 0.498985	 0.018862	 0.499155	 0.495680	 0.453378	 0.451205	 0.471691
-0.411742	 0.251652	 0.499748	-0.250589	 0.311799	 0.498985	 0.018861	 0.499155	 0.497139	 0.453384	 0.451205	 0.485331
-0.411742	-0.124590	 0.499748	 0.125106	 0.405174	 0.498985	 0.018861	 0.499155	 0.497868	 0.453388	 0.451205	-0.007849
-0.411742	-0.311710	 0.499748	 0.311952	 0.451861	 0.498985	 0.018861	 0.499155	 0.498233	 0.453389	 0.451205	-0.253437
-0.411742	-0.405269	 0.499748	 0.405375	 0.475205	 0.498985	 0.018861	 0.499155	 0.498416	 0.453390	 0.451205	-0.376231
-0.411742	 0.047951	 0.499748	 0.452086	 0.486877	 0.498985	 0.018861	-0.000845	 0.498507	 0.453391	 0.451205	 0.062372
-0.411742	 0.273558	 0.499748	 0.475442	 0.492713	 0.498985	 0.018861	-0.249843	 0.498552	 0.453391	 0.451205	 0.280671
-0.411742	 0.386362	 0.499748	 0.487120	 0.495631	 0.498985	 0.018861	 0.125658	 0.498575	 0.453391	 0.451205	 0.389821
-0.411742	 0.442764	 0.499748	 0.492959	 0.497090	 0.498985	 0.018861	 0.312406	 0.498587	 0.453391	 0.451205	 0.444396
-0.411742	 0.470965	 0.499748	 0.495878	 0.497819	 0.498985	 0.018861	 0.405780	 0.498592	 0.453391	 0.451205	 0.471684
-0.411742	 0.485066	 0.499748	 0.497338	 0.498184	 0.498985	 0.018861	 0.452467	 0.498595	 0.453391	 0.451205	 0.485327
-0.411742	-0.007884	 0.499748	-0.001932	 0.498366	 0.498985	 0.018861	 0.475811	 0.498597	 0.453391	 0.451205	 0.492149
-0.411742	-0.253357	 0.499748	-0.250565	 0.498458	 0.498985	 0.018861	 0.487482	 0.498597	 0.453391	 0.451205	 0.495560
-0.411742	-0.376094	 0.499748	-0.374881	 0.498503	 0.498985	 0.018861	 0.493318	 0.498598	 0.453391	 0.451205	 0.497266
-0.411742	 0.062538	 0.499748	 0.062960	 0.498526	 0.498985	 0.518861	 0.496236	 0.498598	 0.453391	 0.451205	 0.498118
-0.411742	 0.280851	 0.499748	 0.280880	 0.498537	 0.498985	 0.766824	 0.497695	 0.498598	 0.453391	 0.451205	 0.498545
-0.411742	 0.390008	 0.499748	 0.389839	 0.498543	 0.498985	 0.388775	 0.498425	 0.498598	 0.453391	 0.451205	-0.001242
-0.411742	 0.444586	 0.499748	 0.444319	 0.498546	 0.498985	 0.199751	 0.498789	 0.498598	 0.453391	 0.451205	-0.250134
-0.411742	 0.471876	 0.499748	 0.471559	 0.498547	-0.001015	 0.605239	 0.498972	 0.498598	 0.453391	 0.451205	 0.125421
-0.411742	 0.485520	 0.499748	 0.485179	 0.498548	-0.250013	 0.805961	 0.499063	 0.498598	 0.453391	 0.451205	 0.312196
-0.411742	 0.492342	 0.499748	 0.491989	 0.498548	 0.125488	 0.404309	 0.499109	 0.498598	 0.453391	 0.451205	 0.405584
-0.411742	 0.495754	 0.499748	 0.495394	 0.498549	 0.312237	 0.203483	 0.499131	 0.498598	 0.453391	 0.451205	 0.452277
-0.411742	 0.497459	 0.499748	 0.497097	 0.498549	 0.405611	 0.103070	 0.499143	 0.498598	 0.453391	 0.451205	 0.475624
-0.411742	 0.498312	 0.499748	 0.497948	 0.498549	 0.452298	 0.552864	 0.499149	 0.498598	 0.453391	 0.451205	-0.012702
-0.411742	 0.498738	 0.499748	 0.498373	 0.498549	 0.475642	 0.775755	 0.499151	 0.498598	 0.453391	 0.451205	-0.255863
-0.411742	 0.498952	 0.499748	 0.498586	 0.498549	 0.487314	 0.385204	 0.499153	 0.498598	 0.453391	 0.951205	 0.122556
-0.411742	 0.499058	 0.499748	 0.498693	 0.498549	 0.493150	 0.189928	 0.499154	 0.498598	 0.453391	 1.198303	 0.310764
-0.411742	 0.499111	 0.499748	 0.498746	 0.498549	 0.496068	 0.592290	 0.499154	 0.498598	 0.453391	 0.818961	 0.404868
-0.411742	 0.499138	 0.499748	 0.498772	 0.498549	 0.497526	 0.791482	 0.499154	 0.498598	 0.453391	 0.629290	 0.451919
-0.411742	 0.499151	 0.499748	 0.498786	 0.498549	 0.498256	-0.110904	 0.499154	 0.498598	 0.453391	 0.534454	 0.475445
-0.411742	 0.499158	 0.499748	 0.498792	 0.498549	 0.498621	-0.560070	 0.499154	 0.498598	 0.453391	 0.487036	 0.487208
-0.411742	 0.499161	 0.499748	 0.498796	 0.498549	 0.498803	-0.782635	 0.499154	 0.498598	 0.453391	 0.463327	 0.493090
-0.411742	 0.499163	 0.499748	-0.001203	 0.498549	 0.498894	 0.108093	 0.499154	 0.498598	 0.453391	 0.451473	 0.496031
-0.411742	 0.499164	 0.499748	-0.250199	 0.498549	 0.498940	 0.551460	 0.499154	 0.498598	 0.453391	 0.445546	 0.497501
-0.411742	 0.499164	 0.499748	 0.125302	 0.498549	 0.498963	 0.771153	 0.499154	 0.498598	 0.953391	 0.942582	 0.498236
-0.411742	 0.499165	 0.499748	 0.312051	 0.498549	 0.498974	 0.879019	 0.499154	 0.498598	 1.200484	 1.188221	 0.498604
-0.411742	 0.499165	 0.499748	 0.405426	 0.498549	 0.498980	 0.930977	 0.499154	 0.498598	 0.821136	 0.808173	 0.498788
-0.411742	 0.499165	 0.499748	 0.452113	 0.498549	 0.498983	 0.954991	 0.499154	 0.498598	 0.631461	 0.618149	 0.498879
-0.411742	 0.499165	 0.499748	-0.024543	 0.498549	 0.498984	 0.965040	 0.499154	 0.498598	 0.536624	 0.523137	 0.498925
-0.411742	 0.499165	 0.499748	-0.261869	 0.498549	 0.498985	 0.968114	 0.499154	 0.498598	 0.489206	 0.475631	 0.498948
-0.411742	 0.499165	 0.499748	-0.380532	 0.498549	 0.498985	 0.967708	 0.499154	 0.498598	 0.465496	 0.451878	 0.498960
-0.411742	 0.499165	 0.499748	 0.060137	 0.998549	 0.498985	 0.965571	 0.499154	 0.498598	 0.453642	 0.440001	 0.498966
-0.411742	 0.499165	 0.499748	 0.279470	 1.245552	 0.498985	 0.962576	 0.499154	 0.498598	 0.447714	 0.434063	 0.498969
-0.411742	 0.499165	 0.499748	 0.389136	 0.366068	 0.498985	 0.959159	 0.499154	 0.498598	 0.444751	 0.431094	 0.498970
-0.411742	 0.499165	 0.499748	 0.443969	-0.072647	 0.498985	 0.955539	 0.499154	 0.498598	 0.443269	 0.429609	 0.498971
-0.411742	 0.499165	 0.499748	 0.471386	 0.209018	 0.498985	 0.951825	 0.499154	 0.498598	 0.442528	 0.428867	 0.498971
-0.411742	 0.499165	 0.499748	 0.485094	 0.349851	 0.498985	 0.948072	 0.499154	 0.498598	 0.442158	 0.428496	 0.498971
-0.411742	 0.499165	 0.499748	 0.491948	 0.420267	 0.498985	 0.944307	 0.499154	 0.498598	 0.441972	 0.428310	 0.498971
-0.411742	 0.499165	 0.499748	 0.495375	 0.455475	 0.498985	 0.940543	 0.499154	 0.498598	 0.441880	 0.428217	 0.498971
-0.411742	 0.499165	 0.499748	 0.497089	 0.473079	 0.498985	 0.936788	 0.499154	 0.498598	 0.441833	 0.428171	 0.498971
-0.411742	 0.499165	 0.499748	-0.002055	 0.481881	 0.498985	 0.433044	 0.499154	 0.498598	 0.441810	 0.428148	 0.498971
-0.411742	 0.499165	 0.499748	-0.250624	 0.486282	 0.498985	 0.181172	 0.499154	 0.498598	 0.441799	 0.428136	 0.498971
-0.411742	-0.000835	 0.499748	 0.125092	 0.488483	 0.498985	 0.055236	 0.499154	 0.498598	 0.441793	 0.428130	 0.498971
-0.411742	-0.249834	 0.499748	 0.311948	 0.489583	 0.498985	-0.007732	 0.499154	 0.498598	 0.441790	 0.428128	 0.498971
-0.411742	 0.125667	 0.499748	 0.405376	 0.490133	 0.498985	-0.039216	 0.499154	 0.498598	 0.441789	 0.428126	 0.498971
-0.411742	 0.312415	 0.499748	 0.452090	 0.490408	 0.498985	-0.054958	 0.499154	 0.498598	 0.441788	 0.428125	 0.498971
-0.411742	 0.405789	 0.499748	 0.475447	 0.490546	 0.498985	-0.062829	 0.499154	 0.498598	 0.441788	 0.428125	 0.498971
-0.411742	 0.452476	 0.499748	 0.487125	 0.490615	 0.498985	-0.066764	 0.499154	 0.498598	 0.441787	 0.428125	 0.498971
-0.411742	 0.475820	 0.499748	 0.492965	 0.490649	 0.498985	-0.068732	 0.499154	 0.498598	 0.441787	 0.428125	 0.498971
-0.411742	-0.012508	 0.499748	 0.495884	 0.490666	 0.498985	-0.069716	-0.000846	 0.498598	 0.441787	 0.428125	-0.001029
-0.411742	-0.255671	 0.499748	 0.497344	 0.490675	 0.498985	-0.070208	-0.249844	 0.498598	 0.441787	 0.428125	-0.250027
-0.411742	-0.377252	 0.499748	-0.001926	-0.009321	 0.498985	-0.070454	 0.125657	 0.498598	 0.441787	 0.428125	 0.125474
-0.411742	-0.438043	 0.499748	-0.250559	-0.258300	 0.498985	-0.070577	 0.312405	 0.498598	 0.441787	 0.428125	 0.312223
-0.411742	 0.031562	 0.499748	-0.374875	 0.118225	 0.498985	 0.429362	 0.405779	-0.001402	 0.441787	 0.428125	 0.405597
-0.411742	 0.265362	 0.499748	-0.437033	 0.306487	 0.498985	 0.677472	 0.452466	-0.250399	 0.441787	 0.428125	 0.452284
-0.411742	-0.117738	 0.499748	 0.031888	-0.099381	 0.498985	-0.200324	 0.475809	 0.125102	 0.441787	 0.428125	 0.475628
-0.411742	-0.308286	 0.499748	 0.265347	-0.301305	 0.498985	-0.637065	 0.487481	 0.311852	 0.441787	 0.428125	 0.487300
-0.411742	-0.403560	 0.499748	 0.382076	-0.401261	 0.498985	-0.853288	 0.493317	 0.405226	 0.441787	 0.428125	 0.493136
-0.411742	 0.048803	 0.499748	 0.440441	 0.049764	 0.498985	-0.459261	 0.496235	 0.451914	 0.441787	 0.428125	-0.003946
-0.411742	 0.273982	 0.499748	 0.469623	 0.274275	 0.498985	-0.262247	 0.497694	 0.475257	 0.441787	 0.428125	-0.251485
-0.411742	 0.386571	 0.499748	-0.015786	 0.386530	 0.498985	-0.163740	 0.498423	-0.013071	 0.441787	 0.428125	 0.124745
-0.411742	 0.442866	 0.499748	-0.257488	 0.442658	 0.498985	-0.114487	 0.498788	-0.256232	 0.441787	 0.428125	 0.311859
-0.411742	-0.028987	 0.499748	-0.378339	 0.470722	 0.498985	-0.089860	 0.498971	 0.122187	 0.441787	 0.428125	 0.405415
-0.411742	-0.263911	 0.499748	-0.438764	 0.484754	 0.498985	-0.077547	 0.499062	 0.310396	 0.441787	 0.428125	 0.452193
-0.411742	 0.118627	 0.499748	 0.031023	 0.491770	 0.498985	 0.428610	 0.499107	 0.404500	 0.441787	 0.428125	 0.475583
-0.411742	 0.308893	 0.499748	 0.264915	 0.495278	 0.498985	 0.679818	 0.499130	 0.451552	 0.441787	 0.428125	 0.487277
-0.411742	-0.095974	 0.499748	-0.118139	 0.497032	 0.498985	 0.303561	 0.499142	 0.475078	 0.441787	 0.428125	 0.493125
-0.411742	-0.297405	 0.499748	-0.308664	 0.497909	 0.498985	 0.115432	 0.499147	 0.486841	 0.441787	 0.428125	 0.496048
-0.411742	-0.398121	 0.499748	-0.403926	 0.498347	 0.498985	 0.021368	 0.499150	 0.492723	 0.441787	 0.428125	 0.497510
-0.411742	 0.051521	 0.499748	 0.048443	 0.498566	 0.498985	-0.025665	 0.499152	 0.495664	-0.058213	 0.428125	 0.498241
-0.411742	 0.275340	 0.499748	 0.273626	 0.498676	 0.498985	-0.049181	 0.499152	 0.497134	-0.307096	 0.428125	 0.498606
-0.411742	 0.387249	 0.499748	 0.386217	 0.498731	 0.498985	-0.060939	 0.499153	 0.497869	 0.069574	 0.428125	 0.498789
-0.411742	 0.443204	 0.499748	 0.442513	 0.498758	 0.498985	-0.066818	 0.499153	 0.498237	 0.257909	 0.428125	 0.498880
-0.411742	 0.471181	 0.499748	 0.470661	 0.498772	 0.498985	-0.069757	 0.499153	 0.498421	 0.352076	 0.928125	 0.498926
-0.411742	 0.485170	 0.499748	 0.484735	 0.498779	 0.498985	-0.071227	 0.499153	 0.498512	 0.399160	 1.175268	 0.498949
-0.411742	 0.492164	 0.499748	 0.491771	 0.498782	 0.498985	-0.071962	 0.499153	 0.498558	 0.422702	 0.795995	 0.498960
-0.411742	 0.495661	 0.499748	 0.495290	 0.498784	 0.498985	-0.072329	 0.499153	 0.498581	 0.434473	 0.606359	 0.498966
-0.411742	 0.497410	 0.499748	 0.497049	 0.498785	 0.498985	-0.072513	 0.499153	 0.498593	 0.440358	 0.511541	 0.498969
-0.411742	-0.001716	 0.499748	 0.497929	 0.498785	 0.498985	-0.072605	 0.499153	 0.498599	 0.443301	 0.464132	 0.498970
-0.411742	-0.250277	 0.499748	 0.498369	 0.498785	 0.498985	-0.072651	 0.499153	 0.498601	 0.444773	 0.440427	 0.498971
-0.411742	 0.125442	 0.499748	 0.498589	 0.498785	 0.498985	 0.427326	 0.499153	 0.498603	 0.445508	 0.428575	 0.498971
-0.411742	 0.312300	 0.499748	 0.498698	 0.498785	 0.498985	 0.675460	 0.499153	 0.498604	 0.445876	 0.422649	 0.498972
-0.411742	 0.405728	 0.499748	 0.498753	 0.498785	 0.498985	 0.297680	 0.499153	-0.001396	 0.446060	 0.419686	 0.498972
-0.411742	 0.452443	 0.499748	 0.498781	 0.498786	 0.498985	 0.108790	 0.499153	-0.250393	 0.446152	 0.418204	 0.498972
-0.411742	 0.475800	 0.499748	 0.498795	 0.498786	 0.498985	 0.014345	 0.499153	 0.125108	 0.446198	 0.417463	-0.001028
-0.411742	 0.487478	 0.499748	 0.498802	 0.498786	 0.498985	-0.032878	 0.499153	 0.311858	 0.446221	 0.417093	-0.250026
-0.411742	 0.493318	 0.499748	 0.498805	 0.498786	 0.498985	-0.056489	 0.499153	 0.405233	 0.446232	 0.416908	-0.374525
-0.411742	-0.003763	 0.499748	 0.498807	 0.498786	 0.498985	-0.068295	 0.499153	 0.451920	 0.446238	 0.416815	 0.063225
-0.411742	-0.251301	 0.499748	 0.498808	 0.498786	 0.498985	-0.074198	 0.499153	 0.475264	 0.446241	 0.416769	 0.281099
-0.411742	-0.375070	 0.499748	 0.498808	 0.498786	 0.498985	-0.077149	 0.499153	 0.486936	 0.446242	 0.416746	 0.390035
-0.411742	-0.436955	 0.499748	 0.498808	 0.498786	 0.498985	-0.078625	 0.499153	 0.492772	 0.446243	 0.416734	 0.444504
-0.411742	-0.467897	-0.000252	 0.498808	 0.498786	 0.498985	-0.079363	 0.499153	 0.495690	 0.446244	 0.416728	-0.028262
-0.411742	-0.483369	-0.249252	 0.498808	 0.498786	 0.498985	-0.079731	 0.499153	 0.497149	 0.446244	 0.416725	-0.263643
-0.411742	-0.491104	 0.126248	 0.498808	 0.498786	 0.498985	-0.079916	 0.499153	 0.497878	 0.446244	 0.416724	 0.118667
-0.411742	-0.494972	 0.312995	 0.498808	 0.498786	 0.498985	-0.080008	 0.499153	 0.498243	 0.446244	 0.416723	 0.308819
-0.411742	-0.496906	 0.406368	 0.498808	 0.498786	 0.498985	-0.080054	 0.499153	 0.498425	 0.446244	 0.416723	 0.403896
-0.411742	 0.002127	 0.453055	 0.498808	 0.498786	 0.498985	-0.080077	 0.499153	 0.498516	 0.446244	 0.416723	 0.451434
-0.411742	 0.250641	 0.476398	 0.498808	 0.498786	 0.498985	-0.080089	 0.499153	 0.498562	 0.446244	 0.416723	 0.475203
-0.411742	 0.374899	 0.488070	-0.001192	 0.498786	 0.498985	-0.080095	 0.499153	 0.498585	 0.446244	 0.416723	 0.487088
-0.411742	 0.437027	 0.493906	-0.250189	 0.498786	 0.498985	-0.080098	 0.499153	 0.498596	 0.446244	 0.416723	 0.493030
-0.411742	-0.031909	 0.496824	-0.374688	 0.498786	 0.498985	-0.080099	 0.499153	 0.498602	 0.446244	 0.416723	 0.496001
-0.411742	-0.265375	 0.498283	-0.436937	 0.498786	 0.498985	-0.080100	 0.499153	 0.498605	 0.446244	 0.416723	 0.497487
-0.411742	 0.117892	 0.499012	-0.468062	 0.498786	 0.498985	-0.080100	 0.499153	 0.498606	 0.446244	 0.416723	 0.498229
-0.411742	 0.308523	 0.499377	-0.483624	 0.498786	 0.498985	-0.080100	 0.499153	 0.498607	 0.446244	 0.416723	 0.498601
-0.411742	 0.403839	 0.499559	-0.491406	 0.498786	 0.498985	-0.080100	 0.499153	 0.498607	 0.446244	 0.416723	 0.498787
-0.411742	-0.048503	 0.499650	 0.004704	 0.498786	 0.498985	-0.080100	 0.499153	 0.498607	 0.446244	 0.416723	 0.498879
-0.411742	-0.273673	 0.499696	 0.251757	 0.498786	 0.498985	-0.080100	 0.499153	 0.498607	 0.446244	 0.416723	 0.498926
-0.411742	-0.386257	 0.499719	 0.375283	 0.498786	 0.498985	-0.080100	 0.499153	 0.498607	 0.446244	 0.416723	 0.498949
-0.411742	-0.442550	 0.499730	 0.437047	 0.498786	 0.498985	-0.080100	 0.499153	 0.498607	 0.446244	 0.416723	 0.498961
-0.411742	-0.470696	 0.499736	 0.467928	 0.498786	 0.498985	-0.080100	 0.499153	 0.498607	 0.446244	 0.416723	 0.498966
-0.411742	-0.484769	 0.499739	 0.483369	 0.498786	 0.498985	-0.080100	 0.499153	 0.498607	 0.446244	 0.416723	 0.498969
-0.411742	-0.491806	 0.499740	 0.491090	 0.498786	 0.498985	-0.080100	 0.499153	 0.498607	 0.446244	 0.416723	 0.498971
-0.411742	-0.495324	 0.499741	 0.494950	 0.498786	 0.498985	-0.080100	 0.499153	 0.498607	 0.446244	 0.416723	 0.498972
-0.411742	-0.497083	 0.499741	 0.496880	 0.498786	 0.498985	-0.080100	 0.499153	 0.498607	 0.446244	 0.416723	 0.498972
-0.411742	-0.497963	 0.499741	 0.497845	 0.498786	 0.498985	-0.080100	 0.499153	 0.498607	 0.446244	 0.416723	 0.498972
-0.411742	-0.498402	 0.499742	 0.498327	 0.498786	 0.498985	-0.080100	 0.499153	 0.498607	 0.446244	 0.416723	 0.498972
-0.411742	-0.498622	 0.499742	 0.498569	 0.498786	 0.498985	-0.080100	 0.499153	 0.498607	 0.446244	 0.416723	 0.498972
-0.411742	-0.498732	 0.499742	 0.498689	 0.498786	 0.498985	-0.080100	 0.499153	 0.498607	 0.446244	 0.416723	 0.498972
-0.411742	-0.498787	 0.499742	 0.498750	 0.498786	 0.498985	-0.080100	 0.499153	 0.498607	 0.446244	 0.416723	 0.498972
-0.411742	-0.498815	 0.499742	 0.498780	 0.498786	 0.498985	-0.080100	 0.499153	 0.498607	 0.446244	 0.416723	 0.498972
-0.411742	-0.498828	 0.499742	 0.498795	 0.498786	 0.498985	-0.080100	 0.499153	 0.498607	 0.446244	 0.416723	 0.498972
-0.411742	-0.498835	 0.499742	 0.498802	 0.498786	 0.498985	-0.080100	 0.499153	 0.498607	 0.446244	 0.416723	 0.498972
-0.411742	-0.498839	 0.499742	 0.498806	 0.498786	 0.498985	-0.080100	 0.499153	 0.498607	 0.446244	 0.416723	 0.498972
-0.411742	-0.498840	 0.499742	 0.498808	 0.498786	 0.498985	-0.580100	-0.000847	 0.498607	 0.446244	 0.416723	 0.498972
-0.411742	-0.498841	 0.499742	 0.498809	 0.498786	 0.498985	-0.827940	-0.249845	 0.498607	 0.446244	 0.416723	 0.498972
-0.411742	-0.498842	 0.499742	-0.001191	 0.498786	 0.498985	-0.449709	 0.125656	 0.498607	 0.446244	 0.416723	 0.498972
-0.411742	-0.498842	 0.499742	-0.250188	 0.498786	 0.498985	-0.260593	 0.312404	 0.498607	 0.446244	 0.416723	 0.498972
-0.411742	-0.498842	 0.499742	 0.125313	 0.498786	 0.498985	-0.166035	 0.405778	 0.498607	 0.446244	 0.416723	 0.498972
-0.411742	-0.498842	 0.499742	 0.312062	 0.498786	 0.498985	-0.118756	 0.452465	 0.498607	 0.446244	 0.416723	 0.498972
-0.411742	-0.498842	-0.000258	-0.094563	 0.498786	 0.498985	-0.095116	 0.475808	 0.498607	 0.446244	 0.416723	 0.498972
-0.411742	-0.498842	-0.249258	-0.296873	 0.498786	 0.498985	-0.083297	 0.487480	 0.498607	 0.446244	 0.416723	 0.498972
-0.411742	-0.498842	-0.373758	-0.398029	 0.498786	 0.498985	-0.077387	 0.493316	 0.498607	 0.446244	 0.416723	 0.498972
-0.411742	 0.001158	 0.063993	-0.448606	 0.498786	 0.498985	-0.574432	 0.496234	 0.498607	 0.446244	 0.416723	 0.498972
-0.411742	 0.250156	 0.281864	-0.473895	 0.498786	 0.498985	-0.820811	 0.497693	 0.498607	 0.446244	 0.416723	 0.498972
-0.411742	 0.374654	 0.390800	-0.486539	 0.498786	 0.498985	-0.441867	 0.498422	 0.498607	 0.446244	 0.416723	 0.498972
-0.411742	 0.436904	 0.445268	-0.492862	 0.498786	 0.498985	-0.252395	 0.498787	 0.498607	 0.446244	 0.416723	 0.498972
-0.411742	 0.468028	 0.472502	 0.003977	 0.498786	-0.001015	-0.157658	 0.498969	 0.498607	 0.446244	 0.416723	 0.498972
-0.411742	 0.483591	 0.486119	 0.251395	 0.498786	-0.250013	-0.110290	 0.499061	 0.498607	 0.446244	 0.416723	 0.498972
-0.411742	-0.008628	-0.007073	 0.375104	-0.001214	 0.125488	-0.086606	 0.499106	 0.498607	 0.446244	 0.416723	 0.498972
-0.411742	-0.253736	-0.252668	 0.436958	-0.250212	 0.312237	-0.074764	 0.499129	 0.498607	 0.446244	 0.416723	 0.498972
-0.411742	-0.376290	-0.375466	 0.467886	-0.374711	 0.405611	-0.068843	 0.499140	 0.498607	 0.446244	 0.416723	 0.498972
-0.411742	-0.437566	 0.063136	-0.016651	 0.063040	 0.452298	-0.565883	 0.499146	 0.498607	 0.446244	 0.416723	 0.498972
-0.411742	-0.468205	 0.281433	-0.257917	 0.280913	 0.475642	-0.812277	 0.499149	 0.498607	 0.446244	 0.416723	 0.498972
-0.411742	-0.483524	 0.390581	-0.378549	 0.389850	 0.487314	-0.433356	 0.499150	 0.498607	 0.446244	 0.416723	 0.498972
-0.411742	-0.491184	 0.445156	-0.438866	 0.444319	 0.493150	-0.243896	 0.499151	 0.498607	 0.446244	 0.416723	 0.498972
-0.411742	-0.495014	 0.472443	 0.030976	 0.471553	 0.496068	-0.149166	 0.499151	 0.498607	 0.446244	 0.416723	 0.498972
-0.411742	-0.496929	 0.486086	 0.264895	 0.485170	 0.497527	-0.101801	 0.499152	 0.498607	 0.446244	 0.416723	 0.498972
-0.411742	-0.497886	 0.492908	 0.381855	 0.491979	 0.498256	-0.078118	 0.499152	 0.498607	 0.446244	 0.416723	 0.498972
-0.411742	-0.498365	 0.496319	 0.440335	 0.495383	 0.498621	-0.066277	 0.499152	 0.498607	 0.446244	 0.416723	 0.498972
-0.411742	-0.498604	 0.498024	 0.469575	 0.497085	 0.498803	-0.060356	 0.499152	 0.498607	 0.446244	 0.416723	 0.498972
-0.411742	 0.001276	 0.498877	-0.015806	-0.002064	 0.498894	-0.057396	 0.499152	 0.498607	 0.446244	 0.416723	-0.001028
-0.411742	 0.250214	 0.499303	-0.257493	-0.250636	 0.498940	-0.055916	 0.499152	 0.498607	 0.446244	 0.416723	-0.250026
-0.411742	-0.125317	 0.499517	 0.121663	 0.125078	 0.498963	-0.055176	 0.499152	 0.498607	 0.446244	 0.416723	 0.125475
-0.411742	-0.312081	 0.499623	 0.310239	 0.311933	 0.498974	-0.054806	 0.499152	 0.498607	 0.446244	 0.416723	 0.312224
-0.411742	-0.405463	 0.499676	 0.404528	-0.094639	 0.498980	 0.445379	 0.499152	 0.498607	 0.446244	 0.416723	-0.094402
-0.411742	-0.452154	 0.499703	 0.451672	-0.296923	 0.498983	 0.693581	 0.499152	 0.498607	 0.446244	 0.416723	-0.296713
-0.411742	 0.024501	 0.499716	-0.024756	 0.101936	 0.498984	 0.315798	 0.499152	-0.001393	 0.446244	 0.416723	 0.102132
-0.411742	 0.261826	 0.499723	-0.261968	 0.300363	 0.498985	 0.126906	 0.499152	-0.250390	 0.446244	 0.416723	 0.300552
-0.411742	 0.380488	 0.499726	-0.380574	 0.399577	 0.498985	 0.032460	 0.499152	-0.374888	 0.446244	 0.416723	 0.399762
-0.411742	 0.439819	 0.499728	 0.060124	 0.449184	 0.498985	 0.485238	 0.499152	 0.062862	 0.446244	 0.416723	 0.449368
-0.411742	 0.469485	 0.499729	 0.279470	 0.473987	 0.498985	 0.709750	 0.499152	 0.280736	 0.446244	 0.416723	 0.474170
-0.411742	-0.015682	 0.499729	-0.110856	 0.486389	 0.498986	 0.320138	-0.000848	 0.389674	 0.446244	 0.416723	 0.486571
-0.411742	-0.257264	 0.499730	-0.305017	 0.492590	 0.498986	 0.125332	-0.249847	 0.444142	 0.446244	 0.416723	 0.492772
-0.411742	 0.121945	 0.499730	 0.097903	 0.495690	 0.498986	 0.027929	 0.125654	 0.471376	 0.446244	 0.416723	 0.495872
-0.411742	 0.310547	 0.499730	 0.298361	 0.497240	 0.498986	-0.020773	 0.312402	 0.484993	 0.446244	 0.416723	 0.497422
-0.411742	-0.095152	 0.499730	-0.101410	 0.498015	 0.498986	-0.045124	-0.094224	 0.491802	 0.446244	 0.416723	 0.498198
-0.411742	-0.296999	 0.499730	-0.300293	 0.498403	 0.498986	-0.057299	-0.296535	 0.495206	 0.446244	 0.416723	 0.498585
-0.411742	-0.397923	 0.499730	-0.399735	 0.498597	 0.498986	-0.063387	-0.397690	 0.496908	 0.446244	 0.416723	 0.498779
-0.411742	 0.051615	 0.499730	 0.050544	 0.498694	 0.498986	-0.066430	 0.051732	 0.497760	 0.446244	 0.416723	 0.498876
-0.411742	 0.275382	 0.499730	 0.274682	 0.498742	 0.498986	-0.067952	 0.275441	 0.498185	 0.446244	 0.416723	 0.498924
-0.411742	-0.112735	 0.499730	 0.386751	 0.498766	 0.498986	-0.068713	 0.387295	 0.498398	 0.446244	 0.416723	 0.498948
-0.411742	-0.305792	 0.499730	 0.442786	 0.498778	 0.498986	-0.069094	 0.443222	 0.498504	 0.446244	 0.416723	 0.498961
-0.411742	-0.402320	 0.499730	 0.470803	 0.498785	 0.498986	-0.069284	 0.471186	 0.498557	 0.446244	 0.416723	 0.498967
-0.411742	-0.450584	 0.499730	 0.484812	 0.498788	 0.498986	-0.069379	 0.485167	 0.498584	 0.446244	 0.416723	 0.498970
-0.411742	-0.474716	 0.499730	 0.491816	 0.498789	 0.498986	-0.069427	 0.492158	 0.498597	 0.446244	 0.416723	 0.498971
-0.411742	-0.486782	 0.499730	 0.495318	 0.498790	 0.498986	-0.069451	 0.495654	 0.498604	 0.446244	 0.416723	 0.498972
-0.411742	-0.492815	 0.499730	 0.497069	 0.498790	 0.498986	-0.069462	 0.497402	 0.498607	 0.446244	 0.416723	 0.498972
-0.411742	-0.495832	 0.499730	 0.497945	 0.498790	 0.498986	-0.069468	-0.001725	-0.001391	 0.446244	 0.416723	 0.498972
-0.411742	-0.497340	 0.499730	 0.498382	 0.498790	 0.498986	-0.069471	-0.250286	-0.250387	 0.446244	 0.416723	 0.498973
-0.411742	-0.498094	 0.499730	 0.498601	 0.498791	-0.001014	-0.069473	 0.125433	 0.125114	 0.446244	 0.416723	 0.498973
-0.411742	-0.498471	 0.499730	 0.498711	 0.498791	-0.250012	-0.069474	 0.312291	 0.311864	 0.446244	 0.416723	 0.498973
-0.411742	-0.498660	 0.499730	-0.001235	 0.498791	 0.125489	-0.069474	 0.405719	 0.405239	 0.446244	 0.416723	 0.498973
-0.411742	-0.498754	 0.499730	-0.250205	 0.498791	 0.312237	-0.069474	 0.452434	 0.451926	 0.446244	 0.416723	 0.498973
-0.411742	-0.498801	 0.499730	-0.374690	 0.498791	 0.405611	-0.069474	 0.475791	-0.024730	 0.446244	 0.416723	 0.498973
-0.411742	-0.498825	 0.499730	-0.436933	 0.498791	 0.452299	-0.069474	 0.487469	-0.262055	 0.446244	 0.416723	 0.498973
-0.411742	-0.498837	 0.499730	 0.031946	 0.498791	 0.475642	-0.069474	 0.493309	 0.119282	 0.446244	 0.416723	 0.498973
-0.411742	-0.498842	 0.499730	 0.265384	 0.498791	 0.487314	-0.069474	 0.496228	 0.308949	 0.446244	 0.416723	 0.498973
-0.411742	-0.498845	-0.000270	-0.117897	 0.498791	 0.493150	-0.069474	 0.497688	 0.403783	 0.446244	 0.416723	 0.498973
-0.411742	-0.498847	-0.249270	-0.308535	 0.498791	 0.496068	-0.069474	 0.498418	 0.451200	 0.446244	 0.416723	 0.498973
-0.411742	-0.498848	 0.126231	 0.096145	 0.498791	 0.497527	-0.069474	 0.498783	 0.474908	 0.446244	 0.416723	-0.001027
-0.411742	-0.498848	 0.312977	 0.297484	 0.498791	 0.498256	-0.069474	 0.498966	 0.486763	 0.446244	 0.416723	-0.250025
-0.411742	 0.001152	 0.406351	 0.398154	 0.498791	 0.498621	 0.430526	 0.499057	 0.492690	 0.446244	 0.416723	 0.125476
-0.411742	 0.250149	 0.453037	 0.448488	 0.498791	 0.498803	 0.678665	 0.499102	 0.495653	 0.446244	 0.416723	 0.312224
-0.411742	-0.125352	 0.476381	 0.473656	-0.001209	 0.498894	 0.300880	 0.499125	 0.497135	 0.446244	 0.416723	 0.405599
-0.411742	-0.312101	 0.488052	 0.486239	-0.250207	 0.498940	 0.111988	 0.499137	 0.497876	 0.446244	 0.416723	 0.452286
-0.411742	-0.405475	 0.493888	 0.492531	-0.374706	 0.498963	 0.017542	 0.499142	 0.498246	 0.446244	 0.416723	 0.475629
-0.411742	-0.452162	 0.496806	-0.004323	 0.063045	 0.498974	-0.029681	 0.499145	 0.498432	 0.446244	 0.416723	 0.487301
-0.411742	-0.475506	 0.498265	-0.251748	 0.280919	 0.498980	-0.053292	 0.499147	 0.498524	 0.446244	 0.416723	 0.493137
-0.411742	-0.487178	 0.498994	 0.124540	 0.389855	 0.498983	-0.065098	 0.499147	 0.498570	 0.446244	 0.416723	-0.003945
-0.411742	-0.493014	 0.499359	 0.311682	 0.444324	 0.498984	-0.071001	 0.499148	 0.498594	 0.446244	 0.416723	-0.251484
-0.411742	-0.495932	 0.499542	-0.094747	 0.471558	-0.001015	-0.073952	 0.499148	 0.498605	 0.446244	 0.416723	 0.124746
-0.411742	-0.497391	 0.499633	-0.296959	 0.485175	-0.250013	-0.075428	 0.499148	 0.498611	 0.446244	 0.416723	 0.311860
-0.411742	-0.498120	 0.499678	-0.398065	 0.491984	 0.125489	-0.076166	-0.000852	-0.001386	 0.446244	 0.416723	 0.405416
-0.411742	-0.498485	 0.499701	-0.448618	 0.495388	 0.312237	-0.076535	-0.249850	-0.250382	 0.446244	 0.416723	 0.452195
-0.411742	-0.498667	 0.499713	-0.473894	 0.497090	 0.405611	-0.076719	-0.374349	-0.374880	 0.446244	 0.416723	 0.475584
-0.411742	 0.001242	 0.499718	-0.486533	 0.497941	 0.452299	-0.076811	 0.063401	 0.062871	 0.446244	 0.416723	 0.487278
-0.411742	 0.250194	 0.499721	-0.492852	 0.498367	 0.475642	-0.076858	 0.281274	 0.280746	 0.446244	 0.416723	 0.493126
-0.411742	 0.374670	 0.499723	 0.003989	 0.498579	 0.487314	-0.076881	 0.390210	 0.389683	 0.446244	 0.416723	 0.496049
-0.411742	 0.436908	 0.499723	 0.251407	 0.498686	 0.493150	-0.076892	 0.444679	 0.444151	 0.446244	 0.416723	 0.497511
-0.411742	-0.031973	 0.499724	 0.375117	 0.498739	 0.496068	-0.076898	 0.471913	 0.471386	 0.446244	 0.416723	 0.498242
-0.411742	-0.265412	 0.499724	 0.436971	 0.498766	 0.497527	-0.076901	 0.485530	 0.485003	 0.446244	 0.416723	 0.498608
-0.411742	 0.117869	 0.499724	 0.467898	 0.498779	 0.498256	-0.076902	 0.492338	 0.491811	 0.446244	 0.416723	 0.498790
-0.411742	 0.308507	 0.499724	 0.483362	 0.498786	 0.498621	-0.076903	 0.495743	 0.495216	 0.446244	 0.416723	 0.498882
-0.411742	 0.403826	 0.499724	 0.491094	 0.498789	 0.498803	-0.076903	 0.497445	 0.496918	 0.446244	 0.416723	 0.498927
-0.411742	 0.451485	 0.499724	 0.494960	 0.498791	 0.498895	-0.076903	-0.001704	 0.497769	 0.446244	 0.416723	 0.498950
-0.411742	 0.475315	 0.499724	 0.496893	 0.498791	 0.498940	-0.076904	-0.250277	 0.498194	 0.446244	 0.416723	 0.498962
-0.411742	-0.012770	 0.499724	-0.002141	 0.498792	 0.498963	-0.076904	 0.125437	 0.498407	 0.446244	 0.416723	 0.498967
-0.411742	-0.255811	 0.499724	-0.250655	 0.498792	 0.498974	-0.076904	 0.312291	 0.498513	 0.446244	 0.416723	 0.498970
-0.411742	-0.377331	 0.499724	-0.374912	 0.498792	 0.498980	-0.076904	 0.405718	 0.498567	 0.446244	 0.416723	 0.498972
-0.411742	-0.438092	 0.499724	-0.437041	 0.498792	 0.498983	 0.423096	 0.452432	-0.001407	 0.446244	 0.416723	-0.001028
-0.411742	-0.468472	 0.499724	-0.468105	 0.498792	 0.498984	 0.671250	 0.475789	-0.250391	 0.446244	 0.416723	-0.250025
-0.411742	-0.483662	 0.499724	 0.016363	-0.001208	 0.498985	 0.293488	-0.012533	 0.125117	 0.446244	 0.416723	 0.125476
-0.411742	-0.491257	 0.499724	 0.257595	-0.250205	 0.498985	 0.104607	-0.255692	 0.311870	 0.446244	 0.416723	 0.312225
-0.411742	-0.495054	 0.499724	 0.378211	-0.374704	 0.498986	 0.010167	-0.377271	 0.405246	 0.446244	 0.416723	 0.405599
-0.411742	 0.003047	 0.499724	 0.438519	 0.063046	 0.498986	-0.037053	 0.061939	 0.451935	 0.446244	 0.416723	 0.452286
-0.411742	 0.251095	 0.499724	 0.468673	 0.280920	 0.498986	-0.060664	 0.280542	 0.475279	 0.446244	 0.416723	 0.475630
-0.411742	-0.124881	 0.499724	-0.016250	 0.389857	-0.001014	-0.072469	 0.389843	 0.486951	 0.446244	 0.416723	 0.487301
-0.411742	-0.311867	 0.499724	-0.257709	 0.444325	-0.250012	-0.078371	 0.444494	 0.492787	 0.446244	 0.416723	 0.493137
-0.411742	 0.094640	 0.499724	 0.121561	 0.471560	 0.125489	-0.081322	 0.471819	 0.495705	 0.446244	 0.416723	-0.003945
-0.411742	 0.296891	 0.499724	 0.310195	 0.485177	 0.312237	-0.082798	 0.485482	 0.497164	 0.446244	 0.416723	-0.251484
-0.411742	-0.101983	 0.499724	 0.404512	 0.491985	 0.405612	-0.083536	 0.492313	 0.497893	 0.446244	 0.416723	 0.124747
-0.411742	-0.300419	 0.499724	 0.451670	 0.495390	 0.452299	-0.083905	 0.495729	 0.498258	 0.446244	 0.416723	 0.311860
-0.411742	-0.399636	 0.499724	 0.475249	 0.497092	 0.475642	-0.084089	 0.497437	 0.498440	 0.446244	 0.416723	 0.405417
-0.411742	-0.449245	 0.499724	-0.012961	 0.497943	 0.487314	-0.084181	 0.498291	-0.001468	 0.446244	 0.416723	 0.452195
-0.411742	-0.474050	 0.499724	-0.256064	 0.498368	 0.493150	-0.084228	 0.498718	-0.250420	 0.446244	 0.416723	 0.475584
-0.411742	-0.486452	 0.499724	-0.377615	-0.001419	 0.496068	-0.084251	 0.498931	 0.125104	 0.446244	 0.416723	 0.487279
-0.411742	-0.492653	 0.499724	-0.438391	-0.250310	 0.497527	-0.084262	 0.499038	 0.311865	 0.446244	 0.416723	 0.493126
-0.411742	-0.495754	 0.499724	 0.031221	 0.125244	 0.498256	-0.084268	 0.499091	 0.405245	 0.446244	 0.416723	 0.496050
-0.411742	-0.497304	 0.499724	 0.265025	 0.312020	 0.498621	-0.084271	 0.499118	 0.451936	 0.446244	 0.416723	 0.497512
-0.411742	-0.498079	 0.499724	-0.118072	-0.094592	 0.498803	-0.084272	 0.499131	 0.475281	 0.446244	 0.416723	 0.498243
-0.411742	-0.498467	 0.499724	-0.308619	-0.296896	 0.498895	-0.084273	 0.499138	 0.486953	 0.446244	 0.416723	 0.498608
-0.411742	-0.498660	 0.499724	-0.403892	-0.398048	 0.498940	-0.084273	 0.499141	 0.492790	 0.446244	 0.416723	 0.498791
-0.411742	 0.001243	 0.499724	 0.048471	 0.051376	 0.498963	-0.084273	 0.499143	 0.495708	 0.446244	 0.416723	 0.498882
-0.411742	 0.250192	 0.499724	 0.273651	 0.275087	 0.498974	-0.084274	 0.499144	 0.497167	 0.446244	 0.416723	 0.498928
-0.411742	-0.125333	 0.499724	 0.386241	-0.113058	 0.498980	-0.084274	 0.499144	 0.497896	 0.446244	 0.416723	 0.498951
-0.411742	-0.312094	 0.499724	 0.442536	-0.306128	 0.498983	-0.084274	 0.499144	 0.498261	 0.446244	 0.416723	 0.498962
-0.411742	-0.405475	 0.499724	-0.029316	 0.097337	 0.498984	-0.084274	 0.499144	-0.001557	 0.446244	 0.416723	-0.001032
-0.411742	-0.452165	 0.499724	-0.264240	 0.298068	 0.498985	-0.084274	 0.499144	-0.250463	 0.446244	 0.416723	-0.250027
-0.411742	-0.475510	 0.499724	 0.118298	-0.101567	-0.001015	-0.084274	 0.499144	 0.125084	 0.446244	 0.416723	-0.374525
-0.411742	-0.487183	 0.499724	 0.308565	-0.300382	-0.250012	-0.084274	 0.499144	 0.311857	 0.446244	 0.416723	-0.436774
-0.411742	-0.493019	 0.499724	 0.403699	-0.399789	-0.374511	-0.084274	 0.499145	 0.405243	 0.446244	 0.416723	-0.467898
-0.411742	 0.004063	 0.499724	-0.048734	 0.050507	 0.063239	-0.084274	 0.499145	 0.451936	 0.446244	 0.416723	-0.483460
-0.411742	 0.251601	 0.499724	-0.273949	 0.274654	 0.281113	-0.084274	 0.499145	 0.475282	 0.446244	 0.416723	-0.491241
-0.411742	-0.124629	 0.499724	 0.113444	 0.386727	 0.390049	-0.084274	 0.499145	 0.486956	 0.446244	 0.416723	-0.495132
-0.411742	-0.311743	 0.499724	 0.306139	 0.442764	 0.444518	-0.084274	 0.499145	 0.492792	 0.446244	 0.416723	-0.497077
-0.411742	 0.094700	 0.499724	-0.097513	 0.470782	 0.471752	-0.084274	-0.000855	 0.495710	 0.446244	 0.416723	-0.498050
-0.411742	 0.296920	 0.499724	-0.298337	 0.484791	 0.485369	-0.084274	-0.249854	 0.497170	 0.446244	 0.416723	-0.498536
-0.411742	-0.101971	 0.499724	-0.398749	 0.491796	 0.492177	-0.084274	 0.125647	 0.497899	 0.446244	 0.416723	-0.498779
-0.411742	-0.300414	 0.499724	-0.448955	 0.495298	 0.495582	-0.084274	 0.312395	 0.498264	 0.446244	 0.416723	-0.498901
-0.411742	-0.399636	 0.499724	 0.025942	 0.497049	 0.497284	-0.084274	 0.405769	 0.498446	 0.446244	 0.416723	 0.001038
-0.411742	-0.449247	 0.499724	 0.262388	 0.497925	 0.498135	-0.084274	 0.452456	 0.498538	 0.446244	 0.416723	 0.250006
-0.411742	-0.474052	 0.499724	 0.380612	 0.498363	 0.498560	-0.084274	 0.475800	 0.498583	 0.446244	 0.416723	 0.374490
-0.411742	-0.486455	 0.499724	-0.060276	 0.498581	 0.498773	-0.084274	 0.487472	 0.498606	 0.446244	 0.416723	 0.436732
-0.411742	-0.492656	 0.499724	-0.279718	 0.498691	 0.498880	-0.084274	 0.493307	 0.498617	 0.446244	 0.416723	 0.467853
-0.411742	-0.495757	 0.499724	-0.389439	-0.001254	 0.498933	-0.084274	 0.496225	 0.498623	 0.446244	 0.416723	 0.483413
-0.411742	-0.497307	 0.499724	-0.444300	-0.250225	 0.498959	-0.084274	 0.497684	 0.498626	 0.446244	 0.416723	 0.491193
-0.411742	-0.498082	 0.499724	-0.471730	 0.125290	 0.498973	-0.084274	-0.001586	 0.498627	 0.446244	 0.416723	 0.495084
-0.411742	-0.498470	 0.499724	-0.485445	 0.312046	 0.498979	-0.084274	-0.250220	 0.498628	 0.446244	 0.416723	 0.497029
-0.411742	-0.498664	 0.499724	-0.492303	 0.405424	 0.498983	-0.084274	 0.125464	 0.498628	 0.446244	 0.416723	-0.001999
-0.411742	-0.498761	 0.499724	-0.495731	 0.452113	 0.498984	-0.084274	 0.312303	 0.498629	 0.446244	 0.416723	-0.250511
-0.411742	-0.498809	 0.499724	-0.497446	 0.475457	 0.498985	-0.084274	 0.405723	 0.498629	 0.446244	 0.416723	-0.374766
-0.411742	 0.001167	 0.499724	 0.001697	 0.487130	 0.498986	-0.084274	 0.452432	 0.498629	 0.446244	 0.416723	 0.063106
-0.411742	 0.250152	 0.499724	 0.250267	 0.492966	 0.498986	-0.084274	 0.475787	 0.498629	 0.446244	 0.416723	 0.281040
-0.411742	-0.125355	 0.499724	-0.125448	 0.495884	 0.498986	-0.584274	 0.487465	 0.498629	 0.446244	 0.416723	 0.390007
-0.411742	-0.312107	 0.499724	-0.312304	 0.497343	 0.498986	-0.832105	 0.493303	 0.498629	 0.446244	 0.416723	 0.444490
-0.411742	-0.405483	 0.499724	 0.094269	 0.498072	 0.498986	-0.453861	 0.496223	 0.498629	 0.446244	 0.416723	-0.028268
-0.411742	-0.452171	 0.499724	 0.296553	 0.498437	 0.498986	-0.264739	 0.497682	 0.498629	 0.446244	 0.416723	-0.263645
-0.411742	-0.475515	 0.499724	-0.102304	 0.498620	 0.498986	 0.329822	 0.498412	 0.498629	 0.446244	 0.416723	-0.381334
-0.411742	-0.487187	 0.499724	-0.300731	 0.498711	 0.498986	 0.625254	 0.498777	 0.498629	 0.446244	 0.416723	-0.440178
-0.411742	-0.493023	 0.499724	-0.399944	 0.498756	 0.498986	 0.771128	 0.498960	 0.498629	 0.446244	 0.416723	-0.469600
-0.411742	-0.495941	 0.499724	 0.050449	 0.498779	 0.498986	 0.342232	 0.499051	 0.498629	 0.446244	 0.416723	 0.015689
-0.411742	-0.497400	 0.499724	 0.274644	 0.498790	 0.498986	 0.127783	 0.499097	 0.498629	 0.446244	 0.416723	 0.257332
-0.411742	-0.498129	 0.499724	-0.113258	 0.498796	 0.498986	 0.020559	-0.000881	 0.498629	 0.446244	 0.416723	 0.378153
-0.411742	-0.498494	 0.499724	-0.306207	 0.498799	 0.498986	-0.033053	-0.249868	 0.498629	 0.446244	 0.416723	 0.438563
-0.411742	 0.001324	 0.499724	-0.402682	 0.498800	 0.498986	-0.059859	-0.374361	 0.498629	-0.053756	 0.416723	-0.031231
-0.411742	 0.250230	 0.499724	-0.450919	 0.498801	 0.498986	-0.073262	-0.436608	 0.498629	-0.302649	 0.416723	-0.265127
-0.411742	 0.374683	 0.499724	 0.024962	 0.498802	 0.498986	-0.079964	 0.032269	 0.498629	 0.074008	 0.416723	 0.117926
-0.411742	 0.436910	 0.499724	 0.261901	 0.498802	 0.498986	-0.083314	 0.265705	 0.498629	 0.262337	 0.416723	 0.308450
-0.411742	 0.468023	 0.499724	 0.380371	 0.498802	 0.498986	-0.084990	 0.382423	 0.498629	 0.356501	 0.416723	 0.403712
-0.411742	-0.016420	 0.499724	-0.060394	 0.498802	 0.498986	-0.085827	 0.440782	 0.498629	 0.403583	 0.416723	 0.451343
-0.411742	-0.257640	 0.499724	-0.279775	 0.498802	 0.498986	-0.086246	 0.469962	 0.498629	 0.427124	 0.416723	 0.475159
-0.411742	-0.378250	 0.499724	-0.389465	 0.498802	 0.498986	-0.086456	 0.484551	 0.498629	 0.438895	 0.416723	 0.487066
-0.411742	-0.438555	 0.499724	-0.444310	 0.498802	 0.498986	-0.086560	 0.491846	 0.498629	 0.444780	 0.416723	 0.493020
-0.411742	-0.468707	 0.499724	-0.471732	 0.498802	 0.498986	-0.086613	 0.495494	 0.498629	 0.447722	 0.416723	 0.495997
-0.411742	-0.483784	 0.499724	-0.485444	 0.498802	 0.498986	-0.086639	 0.497317	 0.498629	 0.449194	 0.416723	 0.497486
-0.411742	 0.008678	 0.499724	 0.007701	 0.498802	 0.498986	-0.086652	 0.498229	 0.498629	 0.449929	 0.416723	 0.498230
-0.411742	 0.253907	 0.499724	 0.253271	 0.498802	 0.498986	-0.086659	 0.498685	 0.498629	 0.450297	 0.416723	 0.498602
-0.411742	 0.376521	 0.499724	 0.376056	 0.498802	 0.498986	-0.086662	 0.498913	 0.498629	 0.450481	 0.416723	 0.498788
-0.411742	-0.062172	 0.499724	-0.062551	 0.498802	 0.498986	-0.086663	 0.499027	 0.498629	 0.450573	 0.416723	-0.001119
-0.411742	-0.280516	 0.499724	-0.280852	 0.498802	 0.498986	-0.086664	 0.499084	 0.498629	 0.450619	 0.416723	-0.250070
-0.411742	 0.110311	 0.499724	 0.109997	 0.498802	 0.498986	-0.086665	 0.499113	 0.498629	 0.450642	 0.416723	-0.374546
-0.411742	 0.304723	 0.499724	 0.304420	 0.498802	 0.498986	-0.086665	 0.499127	 0.498629	 0.450654	 0.416723	-0.436784
-0.411742	-0.098071	 0.499724	 0.401631	 0.498802	 0.498986	-0.086665	 0.499134	 0.498629	 0.450659	 0.416723	 0.032097
-0.411742	-0.298467	 0.499724	 0.450237	 0.498802	 0.498986	-0.086665	 0.499137	 0.498629	 0.450662	 0.416723	 0.265536
-0.411742	-0.398664	 0.499724	 0.474540	-0.001198	 0.498986	-0.586665	 0.499139	 0.498629	 0.450664	 0.416723	 0.382255
-0.411742	-0.448763	 0.499724	 0.486691	-0.250196	 0.498986	-0.834492	 0.499140	 0.498629	 0.450664	 0.416723	 0.440615
-0.411742	-0.473813	 0.499724	 0.492767	-0.374695	 0.498986	-0.956240	 0.499141	 0.498629	 0.450665	 0.416723	 0.469795
-0.411742	-0.486337	 0.499724	 0.495805	 0.063056	 0.498986	-0.514959	-0.000859	 0.498629	 0.450665	 0.416723	 0.484384
-0.411742	-0.492600	 0.499724	 0.497324	 0.280930	 0.498986	-0.294318	-0.249857	 0.498629	 0.450665	 0.416723	 0.491679
-0.411742	-0.495731	 0.499724	 0.498083	 0.389867	-0.001014	-0.183998	 0.125644	 0.498629	 0.450665	 0.416723	-0.004673
-0.411742	-0.497296	 0.499724	 0.498463	 0.444335	-0.250012	-0.128837	 0.312392	 0.498629	 0.450665	 0.416723	-0.251847
