-0.004954	 0.055659	-0.101993	-0.474851	-0.139966	-0.445480	-0.460872	 0.038051	 0.497791	-0.440640	-0.498874	 0.007641
 0.183493	 0.292448	-0.300413	-0.486630	-0.128142	-0.445480	-0.460872	 0.132482	 0.498263	-0.440640	-0.498874	 0.253115
-0.222284	 0.409784	-0.399624	 0.007481	-0.122230	-0.445480	-0.460872	 0.179697	 0.498499	-0.440640	-0.498874	 0.375852
-0.423916	 0.467397	-0.449229	 0.253534	-0.119274	-0.445480	-0.460872	 0.203304	 0.498617	-0.440640	-0.498874	 0.437220
-0.023481	 0.495154	-0.474032	 0.376560	-0.117796	-0.445480	-0.460872	 0.215108	 0.498676	-0.440640	-0.498874	 0.467904
 0.176737	 0.507987	-0.486433	 0.438073	-0.117057	-0.445480	-0.460872	 0.221010	 0.498705	-0.440640	-0.498874	 0.483246
 0.276846	 0.513361	-0.492634	 0.468829	-0.116688	-0.445480	-0.460872	 0.223961	 0.498720	-0.440640	-0.498874	 0.490918
 0.326900	 0.015011	-0.495734	-0.015792	-0.116503	-0.445480	-0.460872	 0.225436	 0.498727	-0.440640	 0.001126	 0.494753
 0.351927	-0.234164	-0.497284	-0.257103	-0.116411	-0.445480	-0.460872	 0.226174	 0.498731	-0.440640	 0.250124	 0.496671
 0.364441	-0.358752	-0.498059	 0.122242	-0.116364	-0.445480	-0.460872	-0.273457	-0.001267	-0.440640	-0.125377	 0.497630
 0.370698	-0.421045	-0.498447	 0.310912	-0.116341	-0.445480	-0.460872	-0.521727	-0.250264	-0.440640	-0.312126	 0.498109
-0.126174	-0.452192	-0.498640	-0.094754	-0.116330	-0.445480	-0.460872	-0.144321	 0.125238	-0.440640	-0.405500	-0.001651
-0.373364	-0.467766	-0.498737	-0.296585	-0.116324	-0.445480	-0.460872	 0.044381	 0.311987	-0.440640	-0.452187	-0.250528
 0.004283	 0.024448	-0.498786	 0.102499	-0.116321	-0.445480	-0.460872	 0.138733	-0.094638	-0.440640	-0.475531	-0.374967
 0.193106	 0.269521	-0.498810	 0.301038	-0.116320	-0.445480	-0.460872	 0.185908	-0.296948	-0.440640	-0.487203	-0.437186
 0.287517	 0.391028	-0.498822	 0.400307	-0.116319	-0.445480	-0.460872	 0.209496	-0.398103	-0.440640	-0.493039	-0.468296
 0.334723	-0.049243	-0.498828	-0.050058	-0.116319	-0.445480	-0.460872	-0.278710	-0.448681	-0.440640	-0.495957	-0.483851
 0.358326	-0.269379	-0.498831	-0.274240	-0.116318	-0.445480	-0.460872	-0.521279	-0.473969	-0.440640	-0.497416	-0.491628
-0.129873	 0.120554	-0.498833	-0.386331	-0.116318	-0.445480	-0.460872	-0.641036	-0.486614	-0.440640	-0.498145	-0.495517
-0.372736	 0.314499	-0.498833	-0.442376	-0.116318	-0.445480	-0.460872	-0.699393	-0.492936	-0.440640	-0.498510	-0.497461
-0.492936	-0.089546	-0.498834	-0.470399	-0.616318	-0.445480	-0.460872	-0.727056	-0.496097	-0.440640	-0.498692	 0.001566
-0.551810	-0.291568	-0.498834	-0.484411	-0.864086	-0.445480	-0.460872	-0.739378	-0.497678	-0.440640	-0.498783	 0.250079
-0.080026	-0.392579	-0.498834	 0.008584	-0.485746	-0.445480	-0.460872	-0.244035	 0.001532	-0.440640	-0.498829	 0.374335
 0.155867	-0.443084	-0.498834	 0.254078	-0.296576	-0.445480	-0.460872	 0.003636	 0.250135	-0.440640	-0.498852	 0.436464
 0.273813	-0.468337	-0.498834	 0.376825	-0.201991	-0.445480	-0.460872	 0.127471	 0.374437	-0.440640	-0.498863	 0.467528
 0.332786	-0.480964	-0.498834	 0.438198	-0.154698	-0.445480	-0.460872	 0.189389	 0.436588	-0.440640	-0.498869	 0.483060
 0.362272	-0.487277	-0.498834	 0.468885	-0.131052	-0.445480	-0.460872	 0.220348	 0.467663	-0.440640	-0.498872	 0.490826
 0.377016	-0.490433	-0.498834	 0.484228	-0.119229	-0.445480	 0.039128	 0.235828	 0.483201	 0.059360	 0.001127	 0.494709
 0.384387	-0.492012	-0.498834	 0.491900	-0.113317	-0.445480	 0.288050	 0.243567	 0.490970	 0.308241	 0.250124	 0.496650
 0.388073	 0.007199	 0.001166	 0.495736	-0.110361	 0.054520	 0.411437	 0.747437	 0.494854	 0.431568	 0.374622	 0.497621
 0.389916	 0.255792	 0.250163	 0.497654	-0.108883	 0.303411	 0.472060	 0.996869	 0.496797	 0.492121	 0.436872	 0.498106
 0.390837	 0.379079	 0.374662	 0.498613	-0.108144	 0.426751	 0.501307	 1.119093	 0.497768	 0.021293	 0.467996	 0.498349
 0.391298	 0.439718	 0.436912	 0.499092	-0.107775	 0.487322	 0.514869	 1.177722	 0.498253	-0.214122	 0.483559	 0.498471
 0.391528	 0.469037	 0.468036	 0.499332	-0.107590	 0.516511	 0.520593	 1.204564	 0.498496	-0.331829	 0.491340	 0.498531
 0.391644	 0.483697	 0.483599	 0.499452	-0.107498	 0.030014	 0.522403	 0.715522	 0.498617	 0.109318	-0.004770	 0.498562
 0.391701	 0.491026	 0.491380	 0.499512	-0.107452	-0.213234	 0.522259	 0.471001	 0.498678	 0.328790	-0.251823	 0.498577
 0.391730	 0.494691	 0.495271	 0.499542	-0.107429	-0.334858	 0.521143	 0.848741	 0.498708	 0.437429	-0.375349	 0.498584
 0.391744	 0.496524	 0.497216	 0.499557	-0.107417	-0.395670	 0.519545	 1.035157	 0.498724	 0.490657	-0.437112	 0.498588
 0.391752	 0.497440	 0.498189	 0.999564	 0.392589	 0.073924	 0.517710	 1.125923	 0.498731	 0.516183	 0.032006	 0.498590
 0.391755	 0.497898	 0.498675	 1.246569	 0.640806	 0.307634	 0.515761	 1.168872	 0.498735	 0.527863	 0.265563	 0.498591
 0.391757	 0.998127	 0.498918	 0.867084	 0.763137	 0.423406	 0.513759	 1.187923	 0.998737	 0.532623	 0.382341	 0.998591
 0.391758	 1.245245	 0.499040	 0.677342	 0.822532	 0.480214	 0.511734	 1.195035	 1.245740	 0.533929	 0.440731	 1.245594
 0.391758	 1.365819	 0.499100	 0.582470	 0.850465	 0.507544	 0.509702	 1.196186	 1.366257	 0.533511	 0.469925	 1.366111
 0.391759	 0.923133	 0.499131	 1.035035	 0.862675	 0.520139	 0.507671	 1.194367	 0.923541	 0.532236	 0.484523	 0.923396
 0.391759	 0.701790	 0.499146	 1.258342	 0.867030	 0.525371	 0.505644	 1.191073	 0.702183	 0.530537	 0.491821	 0.702038
 0.391759	 0.591119	 0.499154	 1.367032	 0.867465	 0.026926	 0.503623	 1.187050	 0.591505	 0.528630	 0.495471	 0.591359
 0.391759	 0.535783	 0.499157	 1.418426	 0.865947	-0.222297	 0.501610	 1.182672	 0.536165	 0.526622	 0.497295	 0.536020
 0.391759	 1.008115	 0.499159	 1.441183	 0.863458	 0.153092	 0.500603	 1.178127	 1.008495	 0.524570	 0.498208	 1.008350
 0.391759	 1.241321	 0.499160	 1.449634	 0.860493	 0.339729	 0.500100	 1.173507	 1.241699	 0.522498	 0.498664	 1.241554
 0.391759	 1.354974	 0.999161	 1.450943	 0.857294	 0.431995	 0.499848	 1.168859	 0.855351	 0.520422	 0.498892	 1.355206
 0.391759	 1.408864	 1.246163	 1.448693	 0.853987	 0.477080	 0.499722	 1.164207	 0.662177	 0.518347	 0.499006	 1.409095
 0.391759	 1.432883	 1.366677	 1.444675	 0.850632	 0.498578	 0.499659	 1.159562	 0.565590	 0.516277	 0.499063	 1.433113
 0.391759	 1.441979	 1.423960	 1.439785	 1.347260	 0.508286	 0.499628	 1.154929	 0.517296	 0.514213	 0.499091	 0.942208
 0.391759	 1.443624	 1.449639	 1.434470	 1.591886	 0.512105	 0.499612	 1.150313	 0.493150	 0.512157	 0.499106	 0.696756
 0.391759	 1.441557	 1.459528	 1.428954	 1.210527	 0.512982	 0.499604	 1.145713	 0.481076	 0.510109	 0.499113	 1.074029
 0.391759	 1.437644	 1.461534	 1.423349	 1.018188	 0.512393	 0.499600	 1.141131	 0.475040	 0.508069	 0.499116	 1.259763
 0.391759	 1.432820	 1.459609	 1.417712	 1.420367	 0.511075	 0.499598	 1.136566	 0.472021	 0.506037	 0.499118	 0.849740
 0.391759	 1.427552	 1.455732	 1.412068	 1.617812	 0.509396	 0.499597	 1.132020	 0.470512	 0.504012	 0.499119	 0.644728
 0.391759	 1.422074	 0.950889	 1.406434	 1.212904	 0.507542	 0.499597	 1.127492	 0.469757	 0.501996	 0.499119	 0.542222
 0.391759	 1.416501	 0.698468	 1.400815	 1.008834	 0.505603	 0.499597	 1.122982	 0.469380	 0.500988	 0.499120	 0.490969
 0.391759	 1.410893	 1.072257	 0.895215	 0.905189	 0.503626	 0.499596	 0.618491	 0.469191	 0.500484	 0.499120	 0.465342
 0.391759	 1.405279	 1.256260	 0.642416	 0.851764	 0.501635	 0.499596	 0.366245	 0.469097	 0.500232	 0.499120	 0.452529
 0.391759	 1.399672	 1.345381	 0.516016	 0.823454	 0.500639	 0.499596	 0.240122	 0.469050	 0.500106	 0.499120	 0.446122
 0.391759	 0.894080	 0.887072	 0.952816	 0.807709	 0.500141	 0.499596	 0.177060	 0.469026	 0.000043	 0.499120	 0.442919
 0.391759	 0.641285	 0.657918	 1.168436	 0.798253	 0.499892	 0.499596	 0.145529	 0.469015	-0.248988	 0.499120	 0.441317
 0.391759	 0.514887	 0.543341	 0.773479	 0.291947	 0.499767	-0.000404	 0.129764	 0.469009	-0.373504	 0.499120	 0.440517
 0.391759	 0.451688	 0.486052	 0.576000	 0.038794	 0.499705	-0.249403	 0.121881	 0.469006	-0.435762	 0.499120	 0.440116
 0.391759	 0.420088	 0.457408	 0.477260	-0.087782	-0.000326	 0.126098	 0.117940	 0.469004	-0.466891	-0.000880	 0.439916
 0.391759	 0.404289	 0.443086	 0.427891	-0.151071	-0.249341	 0.312845	 0.115969	 0.469004	-0.482455	-0.249878	 0.439816
 0.391759	 0.396389	 0.435925	 0.403206	 0.317285	-0.373848	-0.093782	 0.114984	 0.469003	-0.490237	-0.374377	 0.439766
 0.391759	 0.392439	 0.432344	 0.390863	 0.549892	-0.436102	-0.296094	 0.114491	 0.469003	-0.494128	-0.436627	 0.439741
 0.391759	 0.390464	 0.430554	 0.384692	 0.664630	-0.467229	-0.397251	 0.114245	 0.469003	-0.496074	-0.467752	 0.439728
 0.391759	 0.389476	 0.429659	 0.381607	 0.220441	-0.482792	 0.052171	 0.114122	 0.469003	-0.497047	-0.483314	 0.439722
 0.391759	 0.388983	 0.429211	 0.380064	-0.001654	-0.490574	 0.275879	 0.114060	 0.469003	-0.497533	-0.491095	 0.439719
-0.108241	 0.388736	 0.428987	 0.379292	-0.112701	-0.494465	 0.387733	 0.114029	 0.469003	-0.497776	-0.494986	 0.439717
-0.357025	 0.388612	 0.428876	 0.378907	-0.168225	-0.496410	 0.443660	 0.114014	 0.469003	-0.497898	-0.496931	 0.439717
 0.019795	 0.388551	-0.071180	 0.378714	-0.195987	 0.002617	-0.028377	-0.385994	 0.469003	-0.497959	-0.497904	 0.439716
 0.208205	 0.388520	-0.320066	 0.378617	-0.209868	 0.251127	-0.263394	-0.634225	 0.469003	-0.497989	-0.498390	 0.439716
 0.302410	 0.388504	-0.443371	 0.378569	-0.216808	-0.124617	-0.380903	-0.256576	 0.469003	-0.498004	-0.498633	 0.439716
 0.349513	 0.388497	-0.503890	 0.378545	-0.220279	-0.311489	-0.439657	-0.067752	 0.469003	-0.498012	-0.498755	 0.439716
 0.373064	 0.388493	-0.533021	 0.378533	-0.222014	-0.404925	-0.469034	 0.026660	 0.469003	-0.498016	-0.498816	 0.439716
 0.384839	 0.388491	-0.546462	 0.378527	-0.222881	-0.451643	 0.016277	 0.073866	 0.469003	 0.001982	 0.001154	 0.439716
 0.390727	 0.388490	-0.552062	 0.378524	-0.223315	-0.475002	 0.257930	 0.097469	 0.469003	 0.250977	 0.250136	 0.439716
 0.393671	 0.388489	-0.053747	 0.378522	-0.223532	-0.486681	 0.378756	 0.609271	 0.469003	 0.375475	-0.125372	 0.439716
 0.395143	 0.388489	 0.195410	 0.378522	-0.223640	-0.492521	 0.439169	 0.862930	 0.469003	 0.437724	-0.312125	 0.439716
 0.395879	 0.388489	 0.319989	 0.378521	-0.223695	 0.004559	 0.469376	 0.987526	 0.469003	-0.031152	 0.094499	 0.439716
 0.396247	 0.388489	 0.382278	 0.378521	-0.223722	 0.252096	 0.484479	 1.047600	 0.469003	-0.264590	 0.296808	 0.439716
 0.396431	 0.388489	 0.413423	 0.378521	-0.223735	-0.124136	-0.007969	 0.075421	 0.469003	-0.381308	-0.102037	 0.439716
 0.396523	 0.388489	 0.428995	 0.378521	-0.223742	-0.311251	-0.253193	-0.408875	 0.469003	-0.439668	-0.300458	 0.439716
 0.396569	 0.388489	 0.436781	 0.378521	-0.223745	-0.404808	-0.375805	-0.649236	 0.469003	-0.468848	-0.399668	 0.439716
 0.396592	 0.388489	-0.059326	 0.378521	-0.223747	-0.451587	-0.437110	-0.267638	-0.030997	-0.483437	-0.449273	 0.439716
 0.396604	 0.388489	-0.306268	 0.378521	-0.223748	-0.474976	-0.467763	-0.076838	-0.279935	-0.490732	-0.474076	 0.439716
 0.396609	 0.388489	 0.071367	 0.378521	-0.723748	-0.486671	-0.483090	 0.018561	 0.096654	-0.494380	-0.486477	 0.439716
 0.396612	 0.388489	 0.260185	 0.378521	-0.971301	-0.492519	-0.490753	 0.066261	 0.284948	-0.496204	-0.492678	 0.439716
-0.103386	 0.388489	-0.145407	 0.378521	-0.592640	 0.004558	 0.005415	 0.090111	 0.379095	 0.002885	 0.004222	 0.439716
-0.352179	 0.388489	-0.347100	 0.378521	-0.403309	 0.252093	 0.252496	 0.102036	 0.426169	 0.251425	 0.251669	 0.439716
 0.024627	 0.388489	-0.446849	 0.378521	-0.308644	-0.124140	-0.123963	 0.107998	 0.449706	 0.375695	 0.375393	 0.439716
 0.213030	 0.388489	-0.495631	 0.378521	-0.261311	-0.311255	-0.311192	 0.110980	 0.461474	 0.437830	 0.437255	 0.439716
 0.307231	 0.388489	-0.518933	 0.378521	-0.237645	-0.404813	-0.404806	 0.112470	 0.467358	 0.468897	 0.468186	 0.439716
 0.354332	 0.388489	-0.529499	 0.378521	-0.225812	-0.451592	-0.451614	 0.113215	 0.470300	-0.015569	-0.016348	 0.439716
 0.377882	 0.388489	-0.533702	 0.378521	-0.219895	-0.474981	-0.475017	 0.113588	 0.471771	-0.256802	-0.257614	 0.439716
-0.110343	 0.388489	-0.034728	 0.378521	-0.216937	-0.486676	-0.486719	 0.113774	 0.472507	 0.122581	 0.121753	 0.439716
-0.353258	 0.388489	 0.214759	 0.378521	-0.215458	-0.492524	-0.492570	 0.113868	 0.472875	 0.311269	 0.310435	 0.439716
 0.026477	 0.388489	 0.339503	 0.378521	-0.214718	-0.495447	 0.004505	 0.113914	 0.473058	-0.094387	-0.095225	 0.439716
 0.216344	 0.388489	 0.401874	 0.378521	-0.214348	-0.496909	 0.252039	 0.113937	 0.473150	-0.296215	-0.297053	 0.439716
 0.311278	 0.388489	-0.066940	 0.378521	-0.714163	-0.497640	-0.124194	 0.113949	 0.473196	-0.397129	-0.397966	 0.439716
 0.358745	 0.388489	-0.300275	 0.378521	-0.961643	-0.498005	-0.311310	 0.113955	 0.473219	-0.447586	-0.448423	 0.439716
 0.382478	 0.388489	-0.415876	 0.378521	-1.082964	-0.498188	-0.404868	 0.113958	 0.473231	-0.472814	-0.473652	 0.439716
 0.394345	 0.388489	-0.472613	 0.378521	-0.641217	-0.498280	-0.451647	 0.113959	 0.473237	-0.485429	-0.486266	 0.439716
 0.400278	 0.388489	-0.499923	 0.378521	-0.420343	-0.498325	-0.475036	 0.113960	 0.473239	-0.491736	-0.492573	 0.439716
 0.403245	-0.111511	-0.512524	 0.378521	-0.309906	-0.498348	 0.013269	 0.113960	 0.473241	-0.494889	-0.495727	 0.439716
 0.404728	-0.360288	-0.517774	 0.378521	-0.254687	-0.498359	 0.256419	 0.113961	 0.473242	-0.496466	-0.497304	 0.439716
 0.405470	 0.016542	-0.019353	 0.378521	-0.227078	-0.498365	 0.377994	 0.113961	 0.473242	-0.497254	-0.498092	 0.439716
 0.405841	 0.204956	 0.229858	 0.378521	-0.213274	-0.498368	 0.438781	 0.113961	 0.473242	-0.497649	-0.498486	 0.439716
 0.406026	 0.299164	-0.145537	 0.378521	-0.206371	-0.498369	-0.030825	 0.113961	-0.026758	-0.497846	-0.498683	 0.439716
 0.406119	 0.346268	-0.332192	 0.378521	-0.202920	-0.498370	-0.264628	 0.113961	-0.275704	-0.497944	-0.498782	 0.439716
 0.406165	 0.369819	-0.424482	 0.378521	-0.201194	-0.498371	-0.381529	 0.113961	-0.399128	-0.497993	-0.498831	 0.439716
 0.406188	 0.381595	 0.030406	 0.378521	-0.200332	-0.498371	-0.439979	 0.113961	 0.040205	-0.498018	-0.498856	 0.439716
 0.406200	 0.387483	 0.257850	 0.378521	-0.199900	-0.498371	-0.469205	 0.113961	 0.259872	-0.498030	-0.498868	 0.439716
 0.406206	 0.390427	-0.128427	 0.378521	-0.199685	-0.498371	-0.483817	 0.113961	-0.130295	-0.498037	-0.498874	-0.060284
 0.406209	 0.391899	-0.320537	 0.378521	-0.199577	-0.498371	-0.491124	 0.113961	-0.324338	-0.498040	-0.498877	-0.309164
-0.093790	 0.392635	 0.084434	 0.378521	-0.199523	-0.498371	-0.494777	 0.113961	 0.079678	-0.498041	-0.498879	 0.067513
-0.342602	 0.393003	 0.286919	 0.378521	-0.199496	-0.498371	-0.496603	 0.113961	 0.281686	-0.498042	-0.498880	 0.255851
 0.034175	 0.393187	 0.388161	 0.378521	-0.199482	-0.498371	-0.497517	 0.113961	 0.382690	-0.498042	-0.498880	-0.149980
 0.222564	 0.393279	 0.438783	 0.378521	-0.199476	-0.498371	-0.497973	 0.113961	 0.433192	-0.498043	-0.498880	-0.351784
 0.316758	 0.393325	 0.464093	 0.378521	-0.199472	-0.498371	-0.498202	 0.113961	 0.458443	-0.498043	-0.498880	-0.451579
 0.363855	-0.606652	 0.476749	 0.378521	-0.199471	-0.498371	-0.498316	-0.386039	-0.028932	-0.498043	-0.498880	-0.000373
 0.387404	-1.103427	 0.483076	 0.378521	-0.199470	-0.498371	-0.498373	-0.634267	-0.271587	-0.498043	-0.498880	 0.225229
 0.399178	-0.348614	 0.486240	 0.378521	-0.199469	-0.498371	-0.498401	-0.256616	 0.108115	-0.498043	-0.498880	 0.338031
 0.405065	 0.028792	 0.487822	 0.378521	-0.199469	-0.498371	-0.498416	-0.067791	 0.297965	-0.498043	-0.498880	 0.394431
 0.408009	 0.217495	 0.488613	 0.378521	-0.199469	-0.498371	-0.498423	 0.026622	 0.392890	-0.498043	-0.498880	 0.422632
 0.409480	 0.311847	 0.489009	 0.378521	-0.199469	-0.498371	-0.498426	 0.073829	 0.440353	-0.498043	-0.498880	 0.436732
 0.410216	 0.359023	 0.489206	 0.378521	-0.199469	-0.498371	-0.498428	-0.402568	 0.464084	-0.498043	-0.498880	 0.443782
 0.410584	 0.382611	 0.489305	 0.378521	-0.199469	-0.498371	-0.498429	-0.639009	 0.475950	-0.498043	-0.498880	 0.447307
 0.410768	 0.394405	 0.489355	 0.378521	-0.199469	-0.498371	-0.498430	-0.755478	 0.481883	-0.498043	-0.498880	 0.449070
 0.410860	 0.400302	 0.489379	 0.378521	-0.199469	-0.498371	-0.498430	-0.311969	 0.484849	-0.498043	-0.498880	 0.449951
 0.410906	 0.403250	 0.489392	 0.378521	-0.199469	-0.498371	-0.498430	-0.090214	 0.486333	-0.498043	-0.498880	 0.450392
-0.089071	 0.404724	 0.489398	 0.378521	-0.199469	-0.998371	-0.498430	 0.020663	 0.487074	-0.498043	-0.498880	 0.450612
-0.337881	 0.405461	 0.489401	 0.378521	-0.199469	-1.245374	-0.498430	 0.076102	 0.487445	-0.498043	-0.498880	 0.450722
 0.038887	 0.405830	-0.010597	-0.121479	-0.199469	-0.865891	-0.498430	 0.103821	 0.487630	-0.498043	-0.498880	 0.450777
 0.227271	 0.406014	-0.259575	-0.370236	-0.199469	-0.676149	-0.498430	 0.117681	 0.487723	-0.498043	-0.498880	 0.450805
 0.321463	-0.093894	-0.383047	 0.006623	-0.199469	-0.581279	-0.498430	 0.124611	 0.487769	-0.498043	-0.498880	 0.450818
 0.368559	-0.342660	-0.443770	 0.195053	-0.199469	-0.533843	-0.498430	 0.128075	 0.487793	-0.498043	-0.498880	 0.450825
 0.392107	-0.465860	-0.473123	 0.289268	-0.199469	-0.510126	-0.498430	 0.129808	 0.487804	-0.498043	-0.498880	 0.450829
 0.403881	-0.026282	-0.486794	-0.163625	-0.199469	-0.498267	-0.498430	 0.130674	 0.487810	-0.498043	-0.498880	-0.049170
 0.409768	 0.193507	-0.492629	-0.388838	-0.199469	-0.492337	-0.498430	 0.131107	 0.487813	-0.498043	-0.498880	-0.298070
 0.412712	 0.303401	 0.004454	-0.000216	-0.199469	-0.989373	-0.498430	-0.368676	 0.487814	-0.498043	-0.498880	 0.078573
 0.414183	 0.358349	 0.251992	 0.194094	-0.199469	-1.234917	-0.498430	-0.616831	 0.487815	-0.498043	-0.498880	 0.266895
-0.085081	-0.114178	 0.375761	-0.208750	-0.199469	-0.854729	-0.498430	-0.239178	 0.487815	-0.498043	-0.498880	 0.361056
-0.333544	-0.349268	 0.437646	-0.408949	-0.199469	-0.664635	-0.498430	-0.050352	 0.487816	-0.498043	-0.498880	 0.408136
 0.043388	 0.034356	-0.031412	-0.007831	-0.199469	-0.569588	-0.498430	 0.044061	 0.487816	-0.498043	-0.498880	 0.431676
 0.231854	 0.226168	-0.264940	 0.192729	-0.199469	-0.522064	-0.498430	 0.091268	 0.487816	-0.498043	-0.498880	 0.443447
 0.326088	 0.322074	-0.381704	 0.293008	-0.199469	-0.498302	-0.498430	 0.114871	 0.487816	-0.498043	-0.498880	 0.449332
 0.373204	-0.129973	 0.059914	 0.343148	-0.199469	-0.486421	-0.498430	 0.126673	 0.487816	-0.498043	-0.498880	 0.452274
 0.396762	-0.354832	 0.279720	 0.368218	-0.199469	-0.480481	-0.498430	 0.132573	 0.487816	-0.498043	-0.498880	 0.453745
 0.408541	 0.033897	 0.389623	 0.380753	-0.199469	-0.477511	-0.498430	 0.135524	 0.487816	-0.498043	-0.498880	 0.454481
 0.414431	 0.228262	 0.444575	 0.387021	-0.199469	-0.476026	-0.498430	 0.136999	 0.487816	-0.498043	-0.498880	 0.454849
 0.417376	 0.325444	 0.472050	-0.109846	-0.699469	-0.475283	-0.498430	 0.137737	 0.487816	-0.498043	-0.498880	 0.455033
 0.418848	 0.374036	 0.485788	-0.357065	-0.947070	-0.474912	-0.498430	 0.138105	 0.487816	-0.498043	-0.498880	 0.455125
 0.419584	-0.101669	 0.492657	 0.020533	-0.568481	-0.474726	-0.498430	 0.138290	 0.487816	-0.498043	-0.498880	 0.455171
 0.419953	-0.338366	 0.496092	 0.209333	-0.379187	-0.474633	-0.498430	 0.138382	 0.487816	-0.498043	-0.498880	 0.455194
 0.420137	-0.455565	 0.497809	 0.303732	-0.284540	-0.474587	-0.498430	 0.138428	 0.487816	-0.498043	-0.498880	 0.455205
 0.420229	-0.513019	 0.498667	 0.350932	-0.237216	-0.474564	-0.498430	 0.138451	 0.487816	-0.498043	-0.498880	 0.455211
 0.420275	-0.040605	-0.000903	 0.374532	-0.213554	-0.474552	-0.498430	-0.361537	 0.487816	-0.498043	-0.498880	-0.044786
 0.420298	 0.195603	-0.249688	-0.113668	-0.701723	-0.474546	-0.498430	-0.109809	 0.487816	-0.498043	-0.498880	 0.206305
 0.420309	 0.313706	-0.374080	-0.356564	-0.943428	-0.474543	-0.498430	 0.016056	 0.487816	-0.498043	-0.498880	 0.331850
 0.420315	-0.127242	 0.063724	 0.023187	-0.561910	-0.474542	-0.498430	 0.078988	 0.487816	-0.498043	-0.498880	 0.394623
 0.420318	-0.346580	 0.281623	 0.213062	-0.371151	-0.474541	-0.498430	 0.110454	 0.487816	-0.498043	-0.498880	 0.426009
 0.420319	 0.044883	-0.109428	 0.308000	-0.275772	-0.474541	-0.498430	 0.126187	 0.487816	-0.498043	-0.498880	 0.441703
 0.420320	 0.240614	-0.303952	 0.355469	-0.228082	-0.474541	-0.498430	 0.134054	 0.487816	-0.498043	-0.498880	 0.449549
 0.420320	 0.338480	-0.401214	 0.379203	-0.204237	-0.474541	-0.498430	 0.137987	 0.487816	-0.498043	-0.498880	 0.453473
 0.420320	 0.387413	-0.449845	-0.108930	-0.192315	-0.474540	-0.498430	 0.139954	-0.012184	-0.498043	-0.498880	 0.455434
 0.420321	 0.411880	-0.474161	-0.351802	-0.186353	-0.474540	-0.498430	 0.140937	-0.261160	-0.498043	-0.498880	 0.456415
 0.420321	 0.424113	-0.486318	 0.027951	-0.183373	-0.474540	-0.498430	 0.141429	-0.384627	-0.498043	-0.498880	 0.456905
 0.420321	 0.430229	-0.492397	 0.217828	-0.181883	-0.474540	-0.498430	 0.141674	-0.445345	-0.498043	-0.498880	 0.457151
 0.420321	 0.433288	-0.495437	 0.312766	-0.181137	-0.474540	-0.498430	 0.141797	 0.025308	-0.498043	-0.498880	 0.457273
 0.420321	 0.434817	-0.496956	 0.360235	-0.180765	-0.474540	-0.498430	 0.141859	 0.260635	-0.498043	-0.498880	 0.457335
 0.420321	-0.064419	-0.497716	-0.116030	-0.180579	-0.474540	-0.498430	 0.141890	-0.121702	-0.498043	-0.498880	-0.042635
 0.420321	-0.312909	-0.498096	-0.352978	-0.180485	-0.474540	-0.498430	 0.141905	-0.311862	-0.498043	-0.498880	-0.291534
 0.420321	 0.063969	-0.498286	 0.029727	-0.180439	-0.474540	-0.498430	 0.141913	 0.094062	-0.498043	-0.498880	-0.414903
 0.420321	 0.252407	-0.498381	 0.221080	-0.180416	-0.474540	-0.498430	 0.141916	 0.297024	-0.498043	-0.498880	-0.475511
 0.420321	 0.346627	-0.498429	 0.316757	-0.180404	-0.474540	-0.498430	 0.141918	 0.398505	-0.498043	-0.498880	-0.504743
 0.420321	 0.393736	 0.001548	-0.135405	-0.180398	-0.474540	-0.498430	 0.141919	 0.449245	-0.498043	-0.498880	-0.018291
 0.420321	 0.417291	 0.250533	-0.360311	-0.180395	-0.474540	-0.498430	 0.141920	 0.474616	-0.498043	-0.498880	 0.224935
 0.420321	-0.070931	 0.375025	-0.471593	-0.180394	-0.474540	-0.498430	 0.141920	 0.487301	-0.498043	-0.498880	 0.346548
 0.420321	-0.313924	 0.437271	-0.526069	-0.180393	-0.474540	-0.498430	 0.141920	 0.493643	-0.498043	-0.498880	 0.407355
-0.079679	-0.434307	 0.468395	-0.552145	-0.680393	-0.474540	-0.998430	 0.141920	 0.496815	-0.498043	-0.498880	 0.437758
-0.328520	-0.493389	 0.483956	-0.564027	-0.928032	-0.474540	-1.245433	 0.141920	 0.498400	-0.498043	-0.498880	 0.452960
 0.048214	-0.021825	 0.491737	-0.568816	-0.549500	-0.474540	-0.865950	 0.141920	 0.499193	-0.498043	-0.498880	 0.460561
 0.236582	 0.213957	 0.495627	-0.570064	-0.360234	-0.474540	-0.676208	 0.141920	 0.499589	-0.498043	-0.498880	 0.464361
 0.330765	 0.331848	 0.497573	-0.569545	-0.265601	-0.474540	-0.581337	 0.141920	 0.499788	-0.498043	-0.498880	 0.466261
-0.122143	 0.390794	-0.001455	-0.068147	-0.718284	-0.474540	-0.533902	 0.141920	 0.499887	-0.498043	-0.498880	 0.467211
-0.347447	 0.420266	-0.249968	 0.182552	-0.942284	-0.474540	-0.510184	 0.141920	 0.499936	-0.498043	-0.498880	 0.467686
 0.041046	 0.435003	-0.374224	 0.307901	-0.551952	-0.474540	-0.498325	 0.141920	 0.499961	-0.498043	-0.498880	 0.467924
 0.235293	 0.442371	-0.436352	 0.370576	-0.356785	-0.474540	-0.492396	 0.141920	 0.499973	-0.498043	-0.498880	 0.468043
 0.332417	 0.446055	-0.467416	 0.401913	-0.259202	-0.474540	-0.489431	 0.141920	 0.499980	-0.498043	-0.498880	 0.468102
 0.380978	 0.447897	-0.482948	 0.417582	-0.210411	-0.474540	-0.487949	 0.141920	 0.499983	-0.498043	-0.498880	 0.468132
-0.094741	-0.051182	-0.490714	 0.425416	-0.186015	-0.474540	-0.487208	-0.358080	 0.499984	-0.498043	-0.498880	-0.031853
-0.331460	-0.299621	-0.494597	 0.429333	-0.173817	-0.474540	-0.486837	-0.606364	 0.499985	-0.498043	-0.498880	-0.280782
-0.448682	-0.422744	-0.496539	 0.431292	-0.167718	-0.474540	-0.486652	-0.728796	 0.499985	-0.498043	-0.498880	-0.404187
-0.006162	-0.483214	-0.497510	 0.432271	-0.164668	-0.474540	-0.486559	-0.288310	 0.499986	-0.498043	-0.498880	 0.035165
 0.215098	-0.512362	-0.497995	 0.432761	-0.163144	-0.474540	-0.486513	-0.068067	 0.499986	-0.498043	-0.498880	 0.254842
 0.325728	-0.525853	-0.498238	 0.433006	-0.162381	-0.474540	-0.486490	 0.042055	 0.499986	-0.498043	-0.498880	 0.364680
 0.381043	-0.531519	-0.498359	 0.433128	-0.162000	-0.474540	-0.486478	 0.097115	 0.499986	-0.498043	-0.498880	 0.419599
-0.091299	-0.533278	-0.498420	 0.433189	-0.161810	-0.474540	-0.486472	 0.124646	 0.499986	-0.498043	-0.498880	 0.447058
-0.326343	-0.533088	-0.498450	 0.433220	-0.161714	-0.474540	-0.486469	 0.138411	 0.499986	-0.498043	-0.498880	 0.460788
 0.057257	-0.531927	 0.001535	-0.066765	-0.161667	-0.474540	-0.486468	 0.145293	-0.000014	-0.498043	-0.498880	 0.467653
 0.249058	-0.530285	 0.250524	-0.315624	-0.161643	-0.474540	-0.486467	 0.148735	-0.249014	-0.498043	-0.498880	 0.471086
 0.344958	-0.528406	 0.375019	-0.438924	-0.161631	-0.474540	-0.486467	 0.150455	-0.373514	-0.498043	-0.498880	 0.472802
-0.107092	-0.526414	-0.062734	 0.000550	-0.161625	-0.474540	-0.486467	 0.151316	 0.064236	-0.498043	-0.498880	 0.473660
-0.331998	-0.524369	-0.280609	 0.220287	-0.161622	-0.474540	-0.486467	 0.151746	 0.282107	-0.498043	-0.498880	 0.474089
 0.056662	-0.022302	-0.389547	 0.330156	-0.161620	-0.474540	-0.486467	 0.151961	 0.391042	-0.498043	-0.498880	 0.474303
 0.250992	 0.228732	-0.444016	 0.385090	-0.161620	-0.474540	-0.486467	 0.152069	 0.445510	-0.498043	-0.498880	 0.474411
-0.151843	-0.145752	 0.028750	-0.087443	-0.161619	-0.974540	-0.486467	 0.152122	 0.472744	-0.498043	-0.498880	 0.474464
-0.352151	-0.331953	 0.264130	-0.322589	-0.161619	-1.221591	-0.486467	 0.152149	 0.486361	-0.498043	-0.498880	 0.474491
 0.048800	 0.075983	-0.118180	-0.439047	-0.161619	-0.842180	-0.986467	 0.152163	 0.493170	-0.498043	-0.498880	 0.474505
 0.249276	 0.279951	-0.308335	-0.496165	-0.161619	-0.652474	-1.233494	 0.152169	 0.496574	-0.498043	-0.498880	 0.474511
 0.349513	 0.381935	-0.403412	-0.523617	-0.161619	-0.557621	-1.354046	 0.152173	 0.498276	-0.498043	-0.498880	 0.474515
-0.100368	 0.432927	-0.450950	-0.536242	-0.161619	-0.510194	-0.911373	 0.152174	 0.499127	-0.498043	-0.498880	 0.474516
-0.324208	 0.458423	-0.474719	-0.541456	-0.161619	-0.486481	-0.690037	 0.152175	 0.499552	-0.498043	-0.498880	 0.474517
 0.064968	 0.471171	 0.013396	-0.042970	-0.161619	-0.474624	-0.579368	 0.152176	 0.499765	-0.498043	-0.498880	 0.474518
 0.259556	 0.477545	 0.256451	 0.206273	-0.161619	-0.468696	-0.524034	 0.152176	 0.499872	-0.498043	-0.498880	 0.474518
 0.356850	 0.480732	-0.122022	 0.330895	-0.161619	-0.465732	-0.496367	 0.152176	-0.000075	-0.498043	-0.498880	-0.025482
 0.405497	 0.482325	-0.310257	 0.393206	-0.161619	-0.464250	-0.482534	 0.152176	-0.249049	-0.498043	-0.498880	-0.274431
 0.429821	-0.016878	 0.095625	-0.075639	-0.161619	-0.463509	-0.475617	 0.152176	 0.126465	-0.498043	-0.498880	 0.102141
 0.441982	-0.265447	 0.297563	-0.308972	-0.161619	-0.463138	-0.472159	 0.152176	 0.313217	-0.498043	-0.498880	 0.290427
 0.448063	-0.388704	 0.398532	-0.424554	-0.161619	-0.462953	-0.470429	 0.152176	 0.406594	-0.498043	-0.498880	 0.384570
 0.451104	 0.050691	-0.550983	 0.018735	-0.161619	-0.462860	-0.969565	 0.152176	 0.453282	-0.498043	-0.498880	 0.431642
 0.452624	 0.270389	-1.022740	 0.240380	-0.161619	-0.462814	-1.216195	 0.152176	 0.476626	-0.498043	-0.498880	 0.455178
 0.453384	 0.380238	-0.255629	-0.148798	-0.661619	-0.462791	-0.836585	 0.152176	 0.488298	-0.498043	-0.498880	 0.466946
 0.453764	 0.435163	 0.126903	-0.342311	-0.909296	-0.462779	-0.646779	 0.152176	 0.494134	-0.498043	-0.498880	 0.472830
 0.453954	-0.037375	-0.182850	 0.062004	-0.530820	-0.462773	-0.551877	 0.152176	 0.497052	-0.498043	-0.498880	-0.024229
 0.454049	-0.272624	-0.337726	 0.264162	-0.341582	-0.462771	-0.504425	 0.152176	 0.498511	-0.498043	-0.498880	-0.271715
-0.045903	-0.389233	 0.084836	 0.365241	-0.246964	-0.462769	-0.480700	 0.152176	-0.000759	-0.498043	-0.498880	 0.105580
-0.294788	-0.446526	 0.295102	 0.415780	-0.199654	-0.462768	-0.468837	 0.152176	-0.249395	-0.498043	-0.498880	 0.294228
-0.418143	-0.474164	 0.399224	 0.441050	-0.175999	-0.462768	-0.462906	 0.152176	-0.373712	-0.498043	-0.498880	 0.388552
 0.021263	 0.013020	 0.450279	 0.453685	-0.164172	-0.462768	-0.459940	 0.152176	 0.064129	-0.498043	-0.498880	 0.435714
 0.240966	 0.255611	 0.474803	 0.460002	-0.158258	-0.462768	-0.458457	 0.152176	 0.282046	-0.498043	-0.498880	 0.459294
 0.350817	 0.376907	 0.487066	-0.036839	-0.155301	-0.462768	-0.457716	 0.152176	 0.391004	-0.498043	-0.498880	 0.471085
 0.405743	 0.437555	 0.493197	-0.284193	-0.153823	-0.462768	-0.457345	 0.152176	 0.445483	-0.498043	-0.498880	 0.476980
 0.433205	-0.032121	-0.003738	 0.093194	-0.153084	-0.462768	-0.457159	 0.152176	-0.027277	-0.498043	-0.498880	 0.479928
 0.446937	-0.265955	-0.251204	 0.281887	-0.152714	-0.462768	-0.457067	 0.152176	-0.262657	-0.498043	-0.498880	 0.481402
 0.453803	 0.117128	-0.374937	 0.376234	-0.152529	-0.462768	-0.457020	 0.152176	 0.119653	-0.498043	-0.498880	 0.482138
 0.457235	 0.307669	-0.436803	 0.423407	-0.152437	-0.462768	-0.456997	 0.152176	 0.309804	-0.498043	-0.498880	 0.482507
 0.458952	 0.402939	-0.467736	 0.446994	-0.152391	-0.462768	-0.456986	 0.152176	 0.404879	-0.498043	-0.498880	 0.482691
-0.040190	-0.049426	-0.483203	-0.041213	-0.152368	-0.462768	-0.456980	 0.152176	 0.452417	-0.498043	-0.498880	 0.482783
-0.288682	-0.274604	-0.490936	-0.284257	-0.152356	-0.462768	-0.456977	 0.152176	 0.476186	-0.498043	-0.498880	 0.482829
-0.411854	-0.387194	 0.005197	-0.404725	-0.652350	-0.462768	-0.456976	 0.152176	 0.488070	-0.498043	-0.498880	 0.482852
-0.472370	-0.443489	 0.252261	-0.463909	-0.900043	-0.462768	-0.456975	 0.152176	 0.494012	-0.498043	-0.498880	 0.482864
-0.001562	 0.028364	 0.375793	-0.492454	-0.521594	-0.462768	-0.456974	 0.152176	 0.496984	-0.498043	-0.498880	 0.482870
 0.233842	 0.263290	 0.437559	-0.505685	-0.332369	-0.462768	-0.456974	 0.152176	 0.498469	-0.498043	-0.498880	 0.482873
 0.351544	 0.380753	-0.031558	-0.511262	-0.237757	-0.462768	-0.456974	 0.152176	 0.499212	-0.498043	-0.498880	 0.482874
 0.410395	 0.439484	-0.265115	-0.513017	-0.190450	-0.462768	-0.456974	 0.152176	 0.499583	-0.498043	-0.498880	 0.482875
 0.439820	 0.468850	-0.381894	-0.512865	-0.166797	-0.462768	-0.456974	 0.152176	 0.499769	-0.498043	-0.498880	 0.482875
 0.454533	 0.483533	 0.059717	-0.011764	-0.154971	-0.462768	-0.456974	 0.152176	 0.499862	-0.498043	-0.498880	 0.482875
 0.461890	 0.490874	 0.279520	 0.238787	-0.149058	-0.462768	-0.456974	 0.152176	 0.499908	-0.498043	-0.498880	 0.482875
-0.034432	 0.494545	-0.110579	-0.135938	-0.146101	-0.462768	-0.456974	-0.347824	 0.499931	-0.498043	-0.498880	 0.482875
-0.281532	 0.496380	-0.304627	-0.322279	-0.144623	-0.462768	-0.456974	-0.596128	 0.499943	-0.498043	-0.498880	 0.482875
 0.095976	 0.497298	 0.098349	-0.414432	-0.143883	-0.462768	-0.456974	-0.218592	 0.499949	-0.498043	-0.498880	 0.482875
 0.284730	 0.497757	 0.298835	-0.459496	-0.143514	-0.462768	-0.456974	-0.029823	 0.499952	-0.498043	-0.498880	 0.482875
 0.379107	-0.002014	-0.100923	-0.481018	-0.143329	-0.462768	-0.456974	 0.064561	 0.499953	-0.498043	-0.498880	 0.482875
 0.426295	-0.250895	-0.299800	-0.490775	-0.143237	-0.462768	-0.456974	 0.111753	 0.499954	-0.498043	-0.498880	 0.482875
 0.449889	-0.375336	-0.399239	-0.494652	-0.143190	-0.462768	-0.456974	 0.135349	 0.499954	-0.498043	-0.498880	 0.482875
 0.461686	-0.437557	 0.051042	-0.496590	-0.143167	-0.462768	-0.456974	-0.352853	 0.499955	-0.498043	-0.498880	 0.482875
 0.467585	-0.468667	 0.275180	-0.497559	-0.143156	-0.462768	-0.456974	-0.595272	 0.499955	-0.498043	-0.498880	 0.482875
 0.470534	 0.015778	-0.112751	 0.001956	-0.143150	-0.462768	-0.456974	-0.214806	 0.499955	-0.498043	-0.498880	 0.482875
 0.472009	 0.257000	-0.305716	 0.250711	-0.143147	-0.462768	-0.456974	-0.024573	 0.499955	-0.498043	-0.498880	 0.482875
 0.472746	-0.122389	-0.402198	 0.375088	-0.143146	-0.462768	-0.456974	 0.070544	 0.499955	-0.498043	-0.498880	 0.482875
 0.473115	-0.311080	-0.450439	 0.437277	-0.143145	-0.462768	-0.456974	 0.118102	 0.499955	-0.498043	-0.498880	 0.482875
 0.473299	 0.094575	-0.474559	-0.031629	-0.143145	-0.462768	-0.456974	 0.141881	 0.499955	-0.498043	-0.498880	 0.482875
 0.473391	 0.296401	-0.486620	-0.265081	-0.143144	-0.462768	-0.456974	 0.153771	 0.499955	-0.498043	-0.498880	 0.482875
 0.473437	 0.397315	-0.492650	-0.381806	-0.143144	-0.462768	-0.456974	 0.159715	 0.499955	-0.498043	-0.498880	 0.482875
 0.473460	-0.052228	-0.495665	 0.059831	-0.143144	-0.462768	-0.456974	 0.162688	 0.499955	-0.498043	-0.498880	 0.482875
 0.473472	-0.275997	-0.497172	 0.279646	-0.143144	-0.462768	-0.456974	 0.164174	 0.499955	-0.498043	-0.498880	 0.482875
-0.026522	 0.112119	-0.497926	-0.110446	-0.143144	-0.462768	-0.456974	 0.164917	 0.499955	-0.498043	-0.498880	-0.017125
-0.275466	 0.305177	-0.498303	-0.304491	-0.143144	-0.462768	-0.456974	 0.165289	 0.499955	-0.498043	-0.498880	-0.266090
 0.101110	-0.098294	-0.498491	 0.098486	-0.143144	-0.462768	-0.456974	 0.165474	 0.499955	-0.498043	-0.498880	 0.110457
 0.289399	-0.299026	-0.498586	 0.298972	-0.143144	-0.462768	-0.456974	 0.165567	 0.499955	-0.498043	-0.498880	 0.298731
 0.383543	-0.399392	-0.498633	 0.399215	-0.143144	-0.462768	-0.456974	 0.165614	 0.499955	-0.498043	-0.498880	 0.392867
 0.430615	-0.449575	-0.498656	 0.449337	-0.143144	-0.462768	-0.456974	 0.165637	 0.499955	-0.498043	-0.498880	 0.439936
 0.454151	-0.474667	-0.498668	 0.474397	-0.143144	-0.462768	-0.456974	 0.165648	 0.499955	-0.498043	-0.498880	 0.463470
 0.465919	 0.012787	-0.498674	 0.486928	-0.143144	-0.462768	-0.456974	 0.165654	-0.000045	-0.498043	-0.498880	-0.024763
 0.471803	 0.255514	-0.498677	 0.493193	-0.143144	-0.462768	-0.456974	 0.165657	-0.249045	-0.498043	-0.498880	-0.267853
 0.474745	 0.376877	-0.498678	 0.496325	-0.643144	-0.462768	-0.456974	 0.165659	-0.373545	-0.498043	-0.498880	 0.111623
 0.476216	 0.437559	-0.498679	 0.497892	-0.890858	-0.462768	-0.456974	 0.165659	-0.435795	-0.498043	-0.498880	 0.301362
 0.476952	-0.032100	-0.498679	 0.498675	-0.512438	-0.462768	-0.456974	 0.165660	 0.033080	-0.498043	-0.498880	 0.396231
 0.477319	-0.265926	-0.498680	 0.499066	-0.323228	-0.462768	-0.456974	 0.165660	 0.266513	-0.498043	-0.498880	 0.443665
-0.022497	-0.382839	 0.001320	-0.000738	-0.728623	-0.462768	-0.456974	 0.165660	 0.383230	-0.498043	-0.498880	-0.032617
-0.271360	-0.441296	 0.250318	-0.249639	-0.929052	-0.462768	-0.456974	 0.165660	 0.441589	-0.498043	-0.498880	-0.269741
 0.105249	-0.470524	-0.125184	-0.374089	-0.527008	-0.462768	-0.456974	-0.334340	 0.470768	-0.498043	-0.498880	 0.112711
 0.293553	-0.485138	-0.311933	-0.436315	-0.325986	-0.462768	-0.456974	-0.582671	 0.485357	-0.498043	-0.498880	 0.303937
 0.387705	-0.492445	-0.405308	-0.467427	-0.225474	-0.462768	-0.456974	-0.705175	 0.492652	-0.498043	-0.498880	 0.399550
 0.434781	 0.003901	-0.451995	 0.017017	-0.175219	-0.462768	-0.456974	-0.264771	 0.496300	-0.498043	-0.498880	-0.052644
 0.458319	 0.251074	-0.475339	 0.258235	-0.150091	-0.462768	-0.456974	-0.044570	 0.498123	-0.498043	-0.498880	-0.277731
 0.470088	-0.125340	-0.487011	 0.378845	-0.137527	-0.462768	-0.456974	 0.065531	 0.499035	-0.498043	-0.498880	 0.110731
 0.475973	-0.312543	-0.492846	 0.439150	-0.131245	-0.462768	-0.456974	 0.120582	 0.499491	-0.498043	-0.498880	 0.304963
 0.478915	 0.093855	-0.495764	-0.030698	-0.128104	-0.462768	-0.456974	 0.148107	 0.499719	-0.498043	-0.498880	 0.402078
 0.480386	 0.296054	-0.497223	-0.264621	-0.126534	-0.462768	-0.456974	 0.161870	 0.499833	-0.498043	-0.498880	 0.450636
-0.018878	-0.102847	-0.497953	-0.381582	-0.125749	-0.462768	-0.456974	-0.331249	 0.499890	-0.498043	-0.498880	-0.025085
-0.267474	-0.301294	-0.498318	-0.440063	-0.125356	-0.462768	-0.456974	-0.576160	 0.499919	-0.498043	-0.498880	-0.261944
-0.390740	-0.400517	-0.498500	-0.469303	-0.125160	-0.462768	-0.456974	-0.696973	 0.499933	-0.498043	-0.498880	-0.380374
 0.048655	-0.450129	-0.498591	-0.483923	-0.125062	-0.462768	-0.456974	-0.755744	 0.499940	-0.498043	-0.498880	 0.060412
 0.268353	-0.474935	-0.498637	-0.491233	-0.125013	-0.462768	-0.456974	-0.783500	 0.499944	-0.498043	-0.498880	 0.279802
 0.378201	 0.012662	-0.498660	 0.005112	-0.124988	-0.462768	-0.456974	-0.795756	-0.000055	-0.498043	-0.498880	 0.389497
 0.433126	 0.255461	-0.498671	 0.252281	-0.124976	-0.462768	-0.456974	-0.800268	-0.249054	-0.498043	-0.498880	 0.444344
 0.460588	 0.376860	 0.001323	-0.124134	-0.124970	-0.462768	-0.456974	-0.300914	 0.126447	-0.498043	-0.498880	 0.471768
 0.474319	 0.437559	 0.250318	-0.311341	-0.124967	-0.462768	-0.456974	-0.051238	 0.313193	-0.498043	-0.498880	 0.485480
 0.481185	 0.467909	-0.125185	-0.404944	-0.624965	-0.462768	-0.456974	 0.073601	-0.093434	-0.498043	-0.498880	-0.007664
 0.484617	 0.483084	-0.311935	-0.451745	-0.872714	-0.462768	-0.456974	 0.136020	-0.295747	-0.498043	-0.498880	-0.253234
 0.486334	 0.490671	-0.405310	-0.475146	-0.994348	-0.462768	-0.456974	 0.167230	-0.396904	-0.498043	-0.498880	-0.376020
-0.012808	-0.005535	-0.451997	 0.013153	-0.552933	-0.462768	-0.456974	 0.182835	 0.052518	-0.498043	-0.498880	 0.062588
-0.261355	-0.252635	-0.475341	 0.256300	-0.332225	-0.462768	-0.456974	 0.190637	 0.276225	-0.498043	-0.498880	 0.280889
 0.115391	-0.376185	-0.487013	-0.122126	-0.221872	-0.462768	-0.456974	 0.194538	-0.111922	-0.498043	-0.498880	 0.390040
 0.303764	-0.437960	-0.492849	-0.310338	-0.166695	-0.462768	-0.456974	 0.196489	-0.304995	-0.498043	-0.498880	 0.444615
 0.397951	 0.031153	-0.495767	 0.095555	-0.139106	-0.462768	-0.456974	 0.197464	-0.401531	-0.498043	-0.498880	 0.471903
 0.445044	 0.264709	-0.497226	 0.297499	-0.125312	-0.462768	-0.456974	 0.197952	-0.449799	-0.498043	-0.498880	 0.485547
 0.468591	-0.118513	-0.497955	-0.101528	-0.118415	-0.962768	-0.456974	 0.198195	 0.026066	-0.498043	-0.498880	 0.492369
 0.480364	-0.309121	-0.498320	-0.300041	-0.114966	-1.209842	-0.456974	 0.198317	 0.262995	-0.498043	-0.498880	 0.495779
 0.486251	-0.404425	-0.498503	-0.399298	-0.113242	-1.330466	-0.456974	 0.198378	 0.381460	-0.498043	-0.498880	 0.497485
 0.489194	-0.452077	-0.498594	-0.448926	-0.112380	-0.887875	-0.456974	 0.198409	-0.059308	-0.498043	-0.498880	-0.001662
 0.490666	-0.475903	-0.498639	-0.473740	-0.111949	-0.666580	-0.456974	 0.198424	-0.278691	-0.498043	-0.498880	-0.250234
-0.008598	 0.012184	-0.498662	-0.486147	-0.111733	-0.555932	-0.456974	 0.198432	 0.111617	-0.498043	-0.498880	 0.125480
-0.257215	 0.255227	-0.498674	-0.492351	-0.111626	-0.500608	-0.456974	 0.198436	 0.305767	-0.498043	-0.498880	 0.312334
 0.119489	 0.376749	-0.498679	-0.495452	-0.111572	-0.472947	-0.456974	 0.198437	 0.402842	-0.498043	-0.498880	 0.405762
 0.307841	 0.437510	-0.498682	-0.497003	-0.111545	-0.459116	-0.456974	 0.198438	 0.451380	-0.498043	-0.498880	 0.452475
 0.402017	-0.032110	-0.498683	 0.002221	-0.111531	-0.452200	-0.456974	 0.198439	 0.475648	-0.498043	-0.498880	 0.475832
 0.449104	-0.265916	-0.498684	 0.250831	-0.111525	-0.448742	-0.456974	 0.198439	 0.487783	-0.498043	-0.498880	 0.487511
 0.472648	-0.382820	-0.498685	 0.375135	-0.111521	-0.447013	-0.456974	 0.198439	 0.493850	-0.498043	-0.498880	 0.493350
 0.484420	-0.941271	-0.498685	 0.437288	-0.111519	-0.446149	-0.456974	 0.198439	-0.003116	-0.498043	-0.498880	 0.496269
 0.490306	-1.217498	-0.498685	 0.468364	-0.111519	-0.445717	-0.456974	 0.198439	-0.250600	-0.498043	-0.498880	 0.497729
 0.493249	-0.852623	-0.498685	-0.016098	-0.111518	-0.445501	-0.456974	 0.198439	-0.374341	-0.498043	-0.498880	-0.001541
 0.494721	-0.670186	-0.498685	-0.257328	-0.111518	-0.445393	-0.456974	 0.198439	-0.436212	-0.498043	-0.498880	-0.250174
 0.495457	-0.578968	-0.498685	 0.122057	-0.111518	-0.445339	-0.456974	 0.198439	-0.467147	-0.498043	-0.498880	 0.125509
 0.495825	-0.533358	-0.498685	 0.310747	-0.111518	-0.445312	-0.456974	 0.198439	-0.482615	-0.498043	-0.498880	 0.312348
 0.496008	-0.510554	-0.498685	-0.094908	-0.111518	-0.445298	-0.456974	 0.198439	-0.490349	-0.498043	-0.498880	 0.405768
