-0.377587	 0.499371	 0.493173	-0.474932	 0.340335	-0.499061	-0.270059	 0.398043	 0.471297	-0.499798	-0.498827	 0.498475
-0.365740	 0.499371	-0.003909	-0.474932	 0.340335	-0.499180	-0.270059	-0.051499	 0.471297	-0.499798	-0.498827	 0.498475
-0.359817	 0.499371	-0.251448	-0.474932	 0.340335	-0.499240	-0.270059	-0.275268	 0.471297	-0.499798	-0.498827	 0.498475
-0.356856	 0.499371	 0.124783	-0.474932	 0.340335	 0.000730	-0.270059	-0.387153	 0.471297	-0.499798	-0.498827	 0.498475
-0.355375	 0.499371	 0.311896	-0.474932	 0.340335	 0.249714	-0.270059	-0.443095	 0.471297	-0.499798	-0.498827	 0.498475
-0.354634	 0.499371	 0.405452	-0.474932	 0.340335	-0.125795	-0.270059	 0.028934	 0.471297	 0.000202	-0.498827	 0.498475
-0.354264	 0.499371	 0.452231	-0.474932	 0.340335	-0.312546	-0.270059	 0.263947	 0.471297	 0.249202	-0.498827	 0.498475
-0.354079	 0.499371	 0.475620	-0.474932	 0.340335	 0.094078	-0.270059	-0.118547	 0.471297	-0.126298	-0.498827	 0.498475
-0.353986	 0.499371	 0.487315	-0.474932	 0.340335	 0.296389	-0.270059	-0.308792	 0.471297	-0.313045	-0.498827	 0.498475
-0.353940	 0.499371	 0.493162	-0.474932	 0.340335	 0.397544	-0.270059	-0.403914	 0.471297	-0.406418	-0.498827	 0.498475
-0.353917	 0.499371	-0.003915	-0.474932	 0.340335	 0.448122	-0.270059	-0.451475	 0.471297	-0.453105	-0.498827	 0.498475
-0.353906	 0.499371	-0.251451	-0.474932	 0.340335	 0.473411	-0.270059	-0.475256	 0.471297	-0.476448	-0.498827	 0.498475
-0.353900	 0.499371	-0.375219	-0.474932	 0.340335	-0.013945	-0.270059	 0.012854	 0.471297	-0.488120	-0.498827	 0.498475
-0.353897	 0.499371	-0.437103	-0.474932	 0.340335	-0.256620	-0.270059	 0.255907	 0.471297	-0.493956	-0.498827	 0.498475
-0.353895	 0.499371	 0.031955	-0.474932	 0.340335	-0.377958	-0.270059	-0.122567	 0.471297	-0.496873	-0.498827	 0.498475
-0.353895	 0.499371	 0.265482	-0.474932	 0.340335	-0.438626	-0.270059	-0.310802	 0.471297	-0.498332	-0.498827	 0.498475
-0.353894	 0.499371	 0.382246	-0.474932	 0.340335	 0.031039	-0.270059	-0.404919	 0.471297	 0.000938	-0.498827	 0.498475
-0.353894	 0.499371	 0.440627	-0.474932	 0.340335	 0.264871	-0.270059	-0.451978	 0.471297	 0.249573	-0.498827	 0.498475
-0.353894	 0.499371	 0.469818	-0.474932	 0.340335	 0.381786	-0.270059	-0.475507	 0.471297	 0.373890	-0.498827	 0.498475
-0.353894	 0.499371	 0.484414	-0.474932	 0.340335	 0.440244	-0.270059	-0.487272	 0.471297	-0.063951	-0.498827	 0.498475
-0.353894	 0.499371	 0.491711	-0.474932	 0.340335	 0.469473	-0.270059	-0.493154	 0.471297	-0.281868	-0.498827	 0.498475
-0.353894	-0.000629	 0.495360	-0.474932	 0.340335	 0.484088	-0.270059	-0.496095	-0.028703	-0.390827	-0.498827	 0.498475
-0.353894	-0.249627	 0.497185	-0.474932	 0.340335	 0.491395	-0.270059	-0.497566	-0.277646	-0.445306	-0.498827	 0.498475
-0.353894	 0.125873	 0.498097	-0.474932	 0.340335	 0.495048	-0.270059	 0.001699	 0.098936	-0.472545	-0.498827	 0.498475
-0.353894	 0.312621	 0.498553	-0.474932	 0.340335	 0.496875	-0.270059	 0.250329	 0.287227	-0.486165	-0.498827	 0.498475
-0.353894	 0.405994	 0.498781	-0.474932	 0.340335	-0.002211	-0.270059	 0.374645	 0.381372	 0.007025	-0.498827	 0.498475
-0.353894	 0.452681	 0.498895	-0.474932	 0.340335	-0.250752	-0.270059	 0.436802	 0.428445	 0.252619	-0.498827	 0.498475
-0.353894	 0.476025	 0.498952	-0.474932	 0.340335	-0.375022	-0.270059	 0.467881	 0.451982	 0.375417	-0.498827	 0.498475
-0.353894	 0.487697	-0.001019	-0.474932	 0.340335	-0.437158	-0.270059	 0.483420	 0.463750	-0.063185	-0.498827	 0.498475
-0.353894	 0.493532	-0.250003	-0.474932	 0.340335	-0.468225	-0.270059	 0.491190	 0.469634	-0.281482	-0.498827	 0.498475
-0.353894	 0.496450	 0.125505	-0.474932	 0.340335	 0.016241	-0.270059	-0.004925	 0.472576	-0.390630	-0.498827	 0.498475
-0.353894	 0.497909	 0.312257	-0.474932	 0.340335	 0.257473	-0.270059	-0.251981	 0.474047	-0.445205	-0.498827	 0.498475
-0.353894	 0.498639	-0.094367	-0.474932	 0.340335	-0.121911	-0.270059	-0.375508	 0.474782	-0.472492	-0.498827	 0.498475
-0.353894	 0.499004	-0.296677	-0.474932	 0.340335	-0.310601	-0.270059	-0.437272	 0.475150	-0.486135	-0.498827	 0.498475
-0.353894	 0.499186	 0.102168	-0.474932	 0.340335	-0.404946	-0.270059	 0.031846	 0.475334	-0.492957	-0.498827	 0.498475
-0.353894	 0.499277	 0.300588	-0.474932	 0.340335	-0.452118	-0.270059	 0.265403	 0.475426	-0.496368	-0.498827	 0.498475
-0.353894	 0.499323	 0.399799	-0.474932	 0.340335	-0.475704	-0.270059	 0.382182	 0.475472	-0.498073	-0.498827	 0.498475
-0.853894	 0.499345	 0.449404	-0.474932	 0.340335	 0.012503	-0.270059	 0.440571	 0.475495	 0.001074	-0.498827	 0.498475
-1.101186	 0.499357	 0.474206	-0.474932	 0.340335	 0.255605	-0.270059	 0.469765	 0.475506	 0.249647	-0.498827	 0.498475
-0.722135	 0.499363	 0.486608	-0.474932	 0.340335	 0.377156	-0.270059	 0.484363	 0.475512	 0.373934	-0.498827	 0.498475
-0.532610	 0.499365	 0.492808	-0.474932	 0.340335	 0.437931	-0.270059	 0.491661	 0.475515	 0.436077	-0.498827	 0.498475
-0.437847	 0.499367	 0.495909	-0.474932	 0.340335	 0.468319	-0.270059	 0.495311	 0.475516	 0.467149	-0.498827	 0.498475
-0.390466	 0.499368	 0.497459	-0.474932	 0.340335	 0.483513	-0.270059	 0.497135	 0.475517	 0.482684	-0.498827	 0.498475
-0.366775	 0.499368	 0.498234	-0.474932	 0.340335	-0.008890	-0.270059	-0.001952	 0.475518	 0.490452	-0.498827	 0.498475
-0.354930	 0.499368	 0.498621	-0.474932	 0.340335	-0.254089	-0.270059	-0.250494	 0.475518	 0.494336	-0.498827	 0.498475
-0.349007	 0.499368	 0.498815	-0.474932	 0.340335	-0.376689	-0.270059	-0.374765	 0.475518	 0.496278	-0.498827	 0.498475
-0.346046	 0.499368	 0.498912	-0.474932	 0.340335	 0.062012	-0.270059	 0.063100	 0.475518	 0.497249	-0.498827	 0.498475
-0.344565	 0.499368	 0.498960	-0.474932	 0.340335	 0.280360	-0.270059	 0.281030	 0.475518	 0.497735	-0.498827	 0.498475
-0.343825	 0.499368	 0.498985	-0.474932	 0.340335	-0.110465	-0.270059	 0.389995	 0.475518	 0.497978	-0.498827	 0.498475
-0.343455	 0.499368	 0.498997	-0.474932	 0.340335	-0.304876	-0.270059	 0.444478	 0.475518	 0.498099	-0.498827	 0.498475
-0.343270	 0.499368	 0.499003	-0.474932	 0.340335	-0.402081	-0.270059	 0.471719	 0.475518	 0.498160	 0.001173	 0.498475
-0.343177	 0.499368	 0.499006	-0.474932	 0.340335	-0.450683	-0.270059	 0.485340	 0.475518	 0.498190	 0.250170	 0.498475
-0.343131	 0.499368	 0.499007	-0.474932	 0.340335	 0.025015	-0.270059	 0.492150	 0.475518	 0.498205	 0.374669	 0.498475
-0.343108	 0.499368	 0.499008	-0.474932	 0.340335	 0.261863	-0.270059	 0.495555	 0.475518	 0.498213	 0.436919	 0.498475
-0.343096	 0.499368	 0.499008	-0.474932	 0.340335	 0.380287	-0.270059	 0.497258	 0.475518	 0.498217	 0.468043	 0.498475
-0.343090	 0.499368	 0.499009	-0.474932	 0.340335	 0.439499	-0.270059	 0.498109	 0.475518	 0.498218	 0.483606	 0.498475
-0.343087	 0.499368	 0.499009	-0.474932	 0.340335	 0.469105	-0.270059	 0.498535	 0.475518	 0.498219	 0.491387	 0.498475
-0.343086	 0.499368	 0.499009	-0.474932	 0.340335	 0.483908	-0.270059	 0.498748	 0.475518	 0.498220	 0.495278	 0.498475
-0.343085	 0.499368	 0.499009	-0.474932	 0.340335	 0.491310	-0.270059	 0.498854	 0.475518	 0.498220	 0.497223	 0.498475
-0.343085	 0.499368	 0.499009	-0.474932	 0.340335	 0.495011	-0.270059	 0.498907	 0.475518	 0.498220	 0.498196	 0.498475
-0.343085	 0.499368	 0.499009	-0.474932	 0.340335	 0.496861	-0.270059	 0.498934	 0.475518	 0.498220	 0.498682	 0.498475
-0.343085	 0.499368	 0.499009	-0.474932	 0.340335	 0.497786	-0.270059	-0.001053	 0.475518	 0.498220	-0.001075	 0.498475
-0.343084	 0.499368	 0.499009	-0.474932	 0.340335	 0.498249	-0.270059	-0.250044	 0.475518	 0.498220	-0.249952	 0.498475
-0.343084	 0.499368	 0.499009	-0.474932	 0.340335	 0.498480	-0.270059	-0.374540	 0.475518	 0.498220	-0.374390	 0.498475
-0.343084	 0.499368	 0.499009	-0.474932	 0.340335	 0.498596	-0.270059	 0.063212	 0.475518	 0.498220	-0.436609	 0.498475
-0.343084	 0.499368	 0.499009	-0.474932	 0.340335	 0.498654	-0.270059	 0.281087	 0.475518	 0.498220	-0.467719	 0.498475
-0.343084	 0.499368	 0.499009	-0.474932	 0.340335	 0.498682	-0.270059	 0.390024	 0.475518	 0.498220	-0.483274	 0.498475
-0.343084	 0.499368	 0.499009	-0.474932	 0.340335	 0.498697	-0.270059	 0.444492	 0.475518	 0.498220	-0.491051	 0.498475
-0.843084	 0.499368	 0.499009	-0.474932	 0.340335	 0.498704	-0.270059	-0.028274	 0.475518	 0.498220	-0.494940	 0.498475
-1.090398	 0.499368	 0.499009	-0.474932	 0.340335	 0.498708	-0.270059	-0.263654	 0.475518	 0.498220	-0.496884	 0.498475
-0.711380	 0.499368	 0.499009	-0.474932	 0.340335	 0.498710	-0.270059	 0.118655	 0.475518	-0.001780	-0.497856	 0.498475
-0.521871	 0.499368	 0.499009	-0.474932	 0.340335	 0.498710	-0.270059	 0.308808	 0.475518	-0.250776	-0.498342	 0.498475
-0.427116	 0.499368	 0.499009	-0.474932	 0.340335	 0.498711	-0.270059	 0.403885	 0.475518	-0.375274	-0.498585	 0.498475
-0.379739	 0.499368	 0.499009	-0.474932	 0.340335	 0.498711	-0.270059	 0.451423	 0.475518	-0.437523	-0.498707	 0.498475
-0.356050	 0.499368	 0.499009	-0.474932	 0.340335	 0.498711	-0.270059	 0.475192	 0.475518	-0.468648	-0.498768	 0.498475
-0.344206	 0.499368	 0.499009	-0.474932	 0.340335	-0.001289	-0.270059	-0.012924	 0.475518	-0.484210	-0.498798	 0.498475
-0.338283	 0.499368	 0.499009	-0.474932	 0.340335	-0.250286	-0.270059	-0.255979	 0.475518	-0.491991	-0.498813	 0.498475
-0.335322	 0.499368	-0.500991	-0.474932	 0.340335	 0.125215	-0.270059	 0.122493	 0.475518	-0.495882	-0.498821	 0.498475
-0.333842	 0.499368	-0.997989	-0.474932	 0.340335	 0.311964	-0.270059	 0.310727	 0.475518	-0.497827	-0.498825	 0.498475
-0.333102	 0.499368	-0.243498	-0.474932	 0.340335	 0.405339	-0.270059	-0.095156	 0.475518	-0.498800	-0.498827	 0.498475
-0.332731	 0.499368	 0.132725	-0.474932	 0.340335	 0.452026	-0.270059	-0.297095	 0.475518	-0.499286	-0.498828	 0.498475
-0.332546	 0.499368	 0.319819	-0.474932	 0.340335	 0.475370	-0.270059	-0.398065	 0.475518	-0.499529	-0.498828	 0.498475
-0.332454	 0.499368	 0.412352	-0.474932	 0.340335	 0.487042	-0.270059	-0.448550	 0.475518	-0.499651	-0.498828	 0.498475
-0.332408	 0.499368	 0.457609	-0.474932	 0.340335	 0.492878	-0.270059	-0.473792	 0.475518	-0.499712	-0.498828	 0.498475
-0.332384	 0.499368	-0.020768	-0.474932	 0.340335	-0.004204	-0.270059	 0.013587	 0.475518	-0.499742	-0.498828	 0.498475
-0.332373	 0.499368	-0.259957	-0.474932	 0.340335	-0.251743	-0.270059	 0.256274	 0.475518	-0.499757	-0.498828	 0.498475
-0.332367	 0.499368	 0.120449	-0.474932	 0.340335	-0.375512	-0.270059	-0.122382	 0.475518	-0.499765	-0.498829	 0.498475
-0.332364	 0.499368	 0.309650	-0.474932	 0.340335	-0.437397	-0.270059	-0.310708	 0.475518	-0.499769	-0.498829	 0.498475
-0.332363	 0.499368	 0.404250	-0.474932	 0.340335	-0.468339	-0.270059	 0.095129	 0.475518	-0.499771	-0.498829	 0.498475
-0.332362	 0.499368	 0.451551	-0.474932	 0.340335	-0.483810	-0.270059	 0.297045	 0.475518	-0.499772	-0.498829	 0.498475
-0.332362	 0.499368	-0.024799	-0.474932	 0.340335	 0.008454	-0.270059	-0.101996	 0.475518	-0.499772	-0.498829	 0.498475
-0.332361	 0.499368	-0.261972	-0.474932	 0.340335	 0.253585	-0.270059	-0.300515	 0.475518	-0.499772	-0.498829	 0.498475
-0.332361	 0.499368	-0.380558	-0.474932	 0.340335	 0.376151	-0.270059	-0.399775	 0.475518	-0.499772	-0.498829	 0.498475
-0.332361	 0.499368	 0.060149	-0.474932	 0.340335	-0.062567	-0.270059	 0.050596	 0.475518	-0.499773	-0.498829	 0.498475
-0.332361	 0.499368	 0.279500	-0.474932	 0.340335	-0.280923	-0.270059	 0.274779	 0.475518	-0.499773	-0.498829	 0.498475
-0.332361	 0.499368	 0.389176	-0.474932	 0.340335	-0.390101	-0.270059	 0.386871	 0.475518	-0.499773	-0.498829	 0.498475
-0.332361	 0.499368	 0.444014	-0.474932	 0.340335	-0.444690	-0.270059	 0.442916	 0.475518	-0.499773	-0.498829	 0.498475
-0.332361	 0.499368	-0.028567	-0.474932	 0.340335	 0.028016	-0.270059	 0.470939	 0.475518	-0.499773	-0.498829	 0.498475
-0.332361	 0.499368	-0.263855	-0.474932	 0.340335	 0.263367	-0.270059	 0.484951	 0.475518	-0.499773	-0.498829	 0.498475
-0.332361	 0.499368	 0.118501	-0.474932	 0.340335	 0.381042	-0.270059	-0.008044	 0.475518	-0.499773	-0.498829	 0.498475
-0.332361	 0.499368	 0.308677	-0.474932	 0.340335	 0.439880	-0.270059	-0.253539	 0.475518	-0.499773	-0.498829	 0.498475
-0.332361	 0.499368	 0.403765	-0.474932	 0.340335	 0.469299	-0.270059	-0.376286	 0.475518	-0.499773	-0.498829	 0.498475
-0.332361	 0.499368	-0.048691	-0.474932	-0.159665	-0.015991	-0.270059	 0.062340	 0.475518	-0.499773	-0.498829	 0.498475
-0.332361	 0.499368	-0.273916	-0.474932	-0.408346	-0.257634	-0.270059	 0.280651	 0.475518	-0.499773	-0.498829	 0.498475
-0.332361	 0.499368	 0.113471	-0.474932	-0.031372	-0.378455	-0.270059	 0.389807	 0.475518	-0.499773	-0.498829	 0.498475
-0.332361	 0.499368	 0.306163	-0.474932	 0.157115	-0.438866	-0.270059	 0.444385	 0.475518	-0.499773	-0.498829	 0.498475
-0.332361	 0.499368	 0.402508	-0.474932	 0.251358	-0.469071	-0.270059	 0.471674	 0.475518	-0.499773	-0.498829	 0.498475
-0.332361	 0.499368	 0.450681	-0.474932	 0.298480	-0.484174	-0.270059	 0.485318	 0.475518	-0.499773	-0.498829	 0.498475
-0.332361	 0.499368	 0.474768	-0.474932	 0.322041	 0.008275	-0.270059	 0.492140	 0.475518	 0.000227	-0.498829	 0.498475
-0.332361	 0.499368	 0.486811	-0.474932	 0.333821	 0.253497	-0.270059	 0.495551	 0.475518	 0.249227	-0.498829	 0.498475
-0.332361	 0.499368	 0.492833	-0.474932	 0.339711	 0.376109	-0.270059	 0.497257	 0.475518	 0.373727	-0.498829	 0.498475
-0.332361	 0.499368	 0.495844	-0.474932	 0.342656	-0.062585	-0.270059	-0.001890	 0.475518	-0.064023	-0.498829	-0.001525
-0.332361	 0.499368	 0.497349	-0.474932	 0.344129	-0.280930	-0.270059	-0.250462	 0.475518	-0.281895	-0.498829	-0.250522
-0.332361	 0.499368	-0.001898	-0.474932	 0.344865	-0.390102	-0.270059	 0.125252	 0.475518	-0.390831	-0.498829	 0.124980
-0.332361	 0.499368	-0.250520	-0.474932	 0.345233	-0.444688	-0.270059	 0.312108	 0.475518	-0.445298	-0.498829	 0.311729
-0.332361	 0.499368	 0.125170	-0.474932	 0.345417	-0.471981	-0.270059	 0.405535	 0.475518	-0.472532	-0.498829	 0.405104
-0.332361	 0.499368	 0.312013	-0.474932	 0.345509	-0.485628	-0.270059	 0.452249	 0.475518	-0.486149	-0.498829	 0.451792
-0.332361	 0.499368	 0.405434	-0.474932	-0.154445	-0.492451	-0.270059	 0.475606	 0.475518	-0.492958	-0.498829	 0.475135
-0.332361	 0.499368	 0.452145	-0.474932	-0.403113	-0.495863	-0.270059	 0.487284	 0.475518	-0.496362	-0.498829	 0.486807
-0.332361	 0.499368	 0.475500	-0.474932	-0.526143	-0.497569	-0.270059	 0.493123	 0.475518	-0.498064	-0.498829	 0.492643
-0.332361	 0.499368	-0.012822	-0.474932	-0.086360	-0.498422	-0.270059	 0.496043	 0.475518	-0.498915	-0.498829	 0.495561
-0.332361	 0.499368	-0.255981	-0.474932	 0.133531	-0.498848	-0.270059	 0.497503	 0.475518	-0.499341	-0.498829	 0.497020
-0.332361	 0.499368	-0.377560	-0.474932	 0.243477	-0.499061	-0.270059	 0.498233	 0.475518	-0.499554	-0.498829	 0.497750
-0.332361	 0.499368	-0.438350	-0.474932	 0.298450	-0.499168	-0.270059	 0.498598	 0.475518	-0.499660	-0.498829	 0.498114
-0.332361	 0.499368	-0.468745	-0.474932	 0.325936	-0.499221	-0.270059	 0.498780	 0.475518	-0.499713	-0.498829	 0.498297
-0.332361	 0.499368	-0.483942	-0.474932	 0.339680	-0.499248	-0.270059	 0.498871	 0.475518	-0.499740	-0.498829	 0.498388
-0.332361	 0.499368	 0.008459	-0.474932	 0.346551	-0.499261	-0.270059	-0.001083	 0.475518	 0.000247	-0.498829	 0.498434
-0.332361	 0.499368	 0.253658	-0.474932	 0.349987	-0.499268	-0.270059	-0.250058	 0.475518	 0.249240	-0.498829	 0.498456
-0.332361	 0.499368	 0.376257	-0.474932	 0.351705	-0.499271	-0.270059	-0.374546	 0.475518	 0.373736	-0.498829	 0.498468
-0.332361	 0.499368	-0.062443	-0.474932	 0.352564	-0.499273	-0.270059	-0.436789	 0.475518	-0.064016	-0.498829	 0.498474
-0.332361	 0.499368	-0.280791	-0.474932	 0.352993	-0.499274	-0.270059	-0.467911	 0.475518	-0.281888	-0.498829	 0.498476
-0.332361	 0.499368	 0.110035	-0.474932	 0.353208	 0.000726	-0.270059	-0.483472	 0.475518	-0.390824	-0.498829	 0.498478
-0.332361	 0.499368	 0.304447	-0.474932	 0.353316	 0.249724	-0.270059	-0.491253	 0.475518	-0.445292	-0.498829	 0.498478
-0.332361	 0.499368	 0.401652	-0.474932	 0.353369	-0.125777	-0.270059	 0.004857	 0.475518	-0.472526	-0.498829	 0.498479
-0.332361	 0.499368	 0.450255	-0.474932	 0.353396	-0.312524	-0.270059	 0.251910	 0.475518	-0.486143	-0.498829	 0.498479
-0.332361	 0.499368	 0.474556	-0.474932	 0.353409	-0.405898	-0.270059	-0.124563	 0.475518	-0.492952	-0.498829	 0.498479
-0.332361	 0.499368	 0.486707	-0.474932	 0.353416	-0.452585	-0.270059	-0.311798	 0.475518	-0.496356	-0.498829	 0.498479
-0.332361	 0.499368	 0.492782	-0.474932	 0.353420	-0.475929	-0.270059	-0.405416	 0.475518	-0.498058	-0.498829	 0.498479
-0.332361	 0.499368	 0.495820	-0.474932	 0.353421	-0.487601	-0.270059	 0.047776	 0.475518	-0.498909	-0.498829	 0.498479
-0.332361	 0.499368	 0.497339	-0.474932	 0.353422	-0.493436	-0.270059	 0.273370	 0.475518	-0.499335	-0.498829	 0.498479
-0.832361	 0.499368	 0.498098	-0.474932	 0.353422	-0.496354	-0.270059	 0.386166	 0.475518	-0.499547	-0.498829	 0.498479
-1.079697	 0.499368	 0.498478	-0.474932	 0.353423	-0.497813	-0.270059	 0.442565	 0.475518	-0.499654	-0.498829	 0.498479
-1.200710	 0.499368	 0.498668	-0.474932	 0.353423	-0.498543	-0.270059	 0.470764	 0.475518	-0.499707	-0.498829	 0.498479
-1.258573	 0.499368	 0.498763	-0.474932	 0.353423	-0.498908	-0.270059	 0.484864	 0.475518	-0.499734	-0.498829	 0.498479
-0.784872	 0.499368	 0.498810	-0.474932	 0.353423	-0.499090	-0.270059	 0.491913	 0.475518	 0.000253	-0.498829	 0.498479
-0.548022	 0.499368	 0.498834	-0.474932	 0.353423	-0.499181	-0.270059	 0.495438	 0.475518	 0.249246	-0.498829	 0.498479
-0.429596	 0.499368	 0.498846	-0.474932	 0.353423	-0.499227	-0.270059	 0.497201	 0.475518	 0.373742	-0.498829	 0.498479
-0.370384	 0.499368	-0.001148	-0.474932	 0.353423	-0.499250	-0.270059	 0.498082	 0.475518	-0.064009	-0.498829	 0.498479
-0.340777	 0.499368	-0.250143	-0.474932	 0.353423	-0.499261	-0.270059	 0.498523	 0.475518	-0.281882	-0.498829	 0.498479
-0.325974	 0.499368	 0.125360	-0.474932	 0.353423	-0.499267	-0.270059	-0.001257	 0.475518	 0.109182	-0.498829	 0.498479
-0.318573	 0.499368	 0.312109	-0.474932	 0.353423	-0.499269	-0.270059	-0.250145	 0.475518	 0.303713	-0.498829	 0.498479
-0.814872	 0.499368	 0.405484	-0.474932	 0.353423	-0.499271	-0.270059	-0.374589	 0.475518	-0.099021	-0.498829	 0.498479
-1.060399	 0.499368	 0.452172	-0.474932	 0.353423	-0.499272	-0.270059	-0.436811	 0.475518	-0.299384	-0.498829	 0.498479
-0.680551	 0.499368	-0.024485	-0.474932	 0.353423	-0.499272	-0.270059	 0.032078	 0.475518	-0.399566	-0.498829	 0.498479
-0.490627	 0.499368	-0.261811	-0.474932	 0.353423	-0.499272	-0.270059	 0.265521	 0.475518	-0.449657	-0.498829	 0.498479
-0.395665	 0.499368	-0.380474	-0.474932	 0.353423	-0.499272	-0.270059	 0.382242	 0.475518	-0.474703	-0.498829	 0.498479
-0.348184	 0.499368	 0.060195	-0.474932	 0.353423	-0.499272	-0.270059	-0.059397	 0.475518	-0.487225	-0.498829	 0.498479
-0.324443	 0.499368	 0.279528	-0.474932	 0.353423	-0.499272	-0.270059	-0.279215	 0.475518	-0.493487	-0.498829	 0.498479
-0.312573	 0.499368	-0.110806	-0.474932	 0.353423	-0.499272	-0.270059	 0.110877	 0.475518	-0.496617	-0.498829	 0.498479
-0.306638	 0.499368	-0.304971	-0.474932	 0.353423	-0.499272	-0.270059	 0.304920	 0.475518	-0.498183	-0.498829	 0.498479
-0.303670	 0.499368	 0.097947	-0.474932	 0.353423	-0.499272	-0.270059	-0.098058	 0.475518	-0.498965	-0.498829	 0.498479
-0.302186	 0.499368	 0.298404	-0.474932	 0.353423	-0.499272	-0.270059	-0.298545	 0.475518	-0.499357	-0.498829	 0.498479
-0.301445	 0.499368	 0.398633	-0.474932	 0.353423	 0.000728	-0.270059	-0.398789	 0.475518	-0.499552	-0.498829	 0.498479
-0.301074	 0.499368	 0.448747	-0.474932	 0.353423	 0.249726	-0.270059	-0.448910	 0.475518	-0.499650	-0.498829	 0.498479
-0.300888	 0.499368	 0.473804	-0.474932	 0.353423	 0.374226	-0.270059	-0.473971	 0.475518	-0.499699	-0.498829	 0.498479
-0.300795	 0.499368	 0.486333	-0.474932	 0.353423	-0.063525	-0.270059	 0.013498	 0.475518	-0.499724	-0.498829	 0.498479
-0.300749	 0.499368	 0.492597	-0.474932	 0.353423	-0.281397	-0.270059	 0.256231	 0.475518	-0.499736	-0.498829	 0.498479
-0.300726	 0.499368	 0.495729	-0.474932	 0.353423	-0.390334	-0.270059	 0.377598	 0.475518	-0.499742	-0.498829	 0.498479
-0.300714	 0.499368	 0.497295	-0.474932	 0.353423	-0.444802	-0.270059	 0.438281	 0.475518	-0.499745	-0.498829	 0.498479
-0.300708	 0.499368	 0.498078	-0.474932	 0.353423	-0.472036	-0.270059	 0.468622	 0.475518	-0.499747	-0.498829	 0.498479
-0.300706	 0.499368	 0.498470	-0.474932	 0.353423	-0.485653	-0.270059	 0.483793	 0.475518	-0.499747	-0.498829	 0.498479
-0.300704	 0.499368	 0.498665	-0.474932	 0.353423	-0.492462	-0.270059	 0.491379	 0.475518	-0.499748	-0.498829	 0.498479
-0.300703	 0.499368	 0.498763	-0.474932	 0.353423	-0.495866	-0.270059	 0.495171	 0.475518	-0.499748	-0.498829	 0.498479
-0.300703	 0.499368	 0.498812	-0.474932	 0.353423	-0.497568	-0.270059	 0.497068	 0.475518	-0.499748	-0.498829	 0.498479
-0.300703	 0.499368	 0.498837	-0.474932	 0.353423	-0.498419	-0.270059	 0.498016	 0.475518	-0.499748	-0.498829	 0.498479
-0.300703	 0.499368	 0.498849	-0.474932	 0.353423	-0.498845	-0.270059	 0.498490	 0.475518	-0.499748	-0.498829	 0.498479
-0.300703	 0.499368	 0.498855	-0.474932	 0.353423	-0.499057	-0.270059	 0.498727	 0.475518	-0.499748	-0.498829	 0.498479
-0.300703	 0.499368	 0.498858	-0.474932	 0.353423	-0.499164	-0.270059	 0.498846	 0.475518	-0.499748	-0.498829	 0.498479
-0.300703	 0.499368	 0.498860	-0.474932	 0.353423	-0.499217	-0.270059	 0.498905	 0.475518	-0.499748	-0.498829	 0.498479
-0.300703	 0.499368	 0.498860	-0.474932	 0.353423	-0.499244	-0.270059	 0.498934	 0.475518	-0.499748	-0.498829	 0.498479
-0.300703	 0.499368	-0.001139	-0.474932	 0.353423	-0.499257	-0.270059	 0.498949	 0.475518	-0.499748	-0.498829	 0.498479
-0.300703	 0.499368	-0.250137	-0.474932	 0.353423	-0.499263	-0.270059	 0.498957	 0.475518	-0.499748	-0.498829	 0.498479
-0.300703	 0.499368	 0.125364	-0.474932	 0.353423	-0.499267	-0.270059	-0.001040	 0.475518	-0.499748	-0.498829	 0.498479
-0.300703	 0.499368	 0.312113	-0.474932	 0.353423	-0.499268	-0.270059	-0.250036	 0.475518	-0.499748	-0.498829	 0.498479
-0.300703	 0.499368	 0.405488	-0.474932	 0.353423	-0.499269	-0.270059	-0.374534	 0.475518	-0.499748	-0.498829	 0.498479
-0.300703	-0.000632	 0.452175	-0.474932	 0.353423	-0.499270	-0.270059	-0.436783	 0.475518	-0.499748	-0.498829	 0.498479
-0.300703	-0.249630	 0.475519	-0.474932	 0.353423	-0.499270	-0.270059	-0.467907	 0.475518	-0.499748	-0.498829	 0.498479
-0.300703	 0.125870	 0.487190	-0.474932	-0.146577	-0.499270	-0.270059	 0.016531	 0.475518	-0.499748	-0.498829	 0.498479
-0.300703	 0.312618	 0.493026	-0.474932	-0.395284	-0.499270	-0.270059	 0.257747	 0.475518	-0.499748	-0.498829	 0.498479
-0.300703	 0.405992	 0.495944	-0.474932	-0.018349	-0.499270	-0.270059	 0.378356	 0.475518	-0.499748	-0.498829	 0.498479
-0.300703	 0.452678	 0.497403	-0.474932	 0.170118	-0.499270	-0.270059	 0.438660	 0.475518	-0.499748	-0.498829	 0.498479
-0.300703	 0.476022	 0.498133	-0.474932	 0.264352	-0.499270	-0.270059	 0.468812	 0.475518	-0.499748	-0.498829	 0.498479
-0.300703	 0.487694	 0.498497	-0.474932	 0.311468	-0.499270	-0.270059	 0.483888	 0.475518	-0.499748	-0.498829	 0.498479
-0.300703	 0.493529	 0.498680	-0.474932	 0.335027	-0.499270	-0.270059	 0.491426	 0.475518	-0.499748	-0.498829	 0.498479
-0.800703	 0.496447	 0.498771	-0.474932	 0.346806	 0.000730	-0.270059	-0.004805	 0.475518	-0.499748	-0.498829	 0.498479
-1.048101	 0.497906	 0.498817	-0.474932	 0.352696	 0.249728	-0.270059	-0.251918	 0.475518	-0.499748	-0.498829	 0.498479
-0.669210	 0.498636	 0.498839	-0.474932	 0.355640	-0.125772	-0.270059	-0.375475	 0.475518	-0.499748	-0.498829	 0.498479
-0.479764	 0.499001	 0.498851	-0.474932	 0.357113	-0.312520	-0.270059	-0.437253	 0.475518	-0.499748	-0.498829	 0.498479
-0.385041	 0.499183	 0.498857	-0.474932	 0.357849	-0.405894	-0.270059	-0.468142	 0.475518	-0.499748	-0.498829	 0.498479
-0.337679	 0.499274	 0.498859	-0.474932	 0.358217	-0.452581	-0.270059	-0.483587	 0.475518	-0.499748	-0.498829	 0.498479
-0.313999	 0.499320	 0.498861	-0.474932	 0.358401	-0.475924	-0.270059	 0.008691	 0.475518	-0.499748	-0.498829	 0.498479
-0.302158	 0.499343	 0.498862	-0.474932	 0.358493	-0.487596	-0.270059	 0.253828	 0.475518	-0.499748	-0.498829	 0.498479
-0.296238	 0.499354	 0.498862	-0.474932	 0.358539	-0.493432	-0.270059	 0.376396	 0.475518	-0.499748	-0.498829	 0.498479
-0.293278	 0.499360	 0.498862	-0.474932	 0.358562	 0.003650	-0.270059	 0.437680	 0.475518	-0.499748	-0.498829	 0.498479
-0.291798	 0.499362	 0.498862	-0.474932	 0.358574	 0.251190	-0.270059	 0.468323	 0.475518	-0.499748	-0.498829	 0.498479
-0.791058	 0.499364	 0.498862	-0.474932	 0.358579	 0.374959	-0.270059	 0.483644	 0.475518	-0.499748	-0.498829	 0.498479
-1.038107	 0.499365	 0.498862	-0.474932	 0.358582	 0.436844	-0.270059	 0.491304	 0.475518	-0.499748	-0.498829	 0.498479
-1.159062	 0.499365	 0.498862	-0.474932	 0.358584	 0.467787	-0.270059	-0.004866	 0.475518	 0.000252	-0.498829	 0.498479
-1.216979	 0.499365	 0.498862	-0.474932	 0.358584	 0.483258	-0.270059	-0.251948	 0.475518	 0.249251	-0.498829	 0.498479
-0.743388	 0.499365	-0.001138	-0.474932	 0.358585	-0.009006	-0.270059	 0.124510	 0.475518	-0.126249	-0.498829	 0.498479
-0.506592	 0.499365	-0.250135	-0.474932	 0.358585	-0.254136	-0.270059	 0.311738	 0.475518	-0.312996	-0.498829	 0.498479
-0.388194	 0.499365	-0.374634	-0.474932	 0.358585	-0.376701	-0.270059	 0.405351	 0.475518	-0.406369	-0.498829	 0.498479
-0.328995	 0.499365	 0.063116	-0.474932	 0.358585	-0.437983	-0.270059	 0.452158	 0.475518	-0.453055	-0.498829	 0.498479
-0.299396	 0.499365	 0.280990	-0.474932	 0.358585	-0.468625	-0.270059	 0.475561	 0.475518	-0.476399	-0.498829	 0.498479
-0.284596	 0.499365	 0.389927	-0.474932	 0.358585	-0.483945	-0.270059	-0.012737	 0.475518	-0.488070	-0.498829	 0.498479
-0.277196	 0.499365	 0.444395	-0.474932	 0.358585	-0.491605	-0.270059	-0.255884	 0.475518	-0.493906	-0.498829	 0.498479
-0.273496	 0.499365	 0.471629	-0.474932	 0.358585	-0.495436	-0.270059	-0.377457	 0.475518	-0.496824	-0.498829	 0.498479
-0.271646	 0.499365	 0.485246	-0.474932	 0.358585	-0.497351	-0.270059	-0.438244	 0.475518	-0.498283	-0.498829	 0.498479
-0.270721	 0.499365	-0.007945	-0.474932	 0.358585	 0.001692	-0.270059	 0.031362	 0.475518	-0.499013	-0.498829	 0.498479
-0.270259	 0.499365	-0.253539	-0.474932	 0.358585	 0.250212	-0.270059	 0.265164	 0.475518	-0.499377	-0.498829	 0.498479
-0.270028	 0.499365	-0.376335	-0.474932	 0.358585	 0.374471	-0.270059	 0.382064	 0.475518	-0.499560	-0.498829	 0.498479
-0.269912	 0.499365	 0.062266	-0.474932	 0.358585	 0.436601	-0.270059	 0.440515	 0.475518	-0.499651	-0.498829	 0.498479
-0.269854	 0.499365	 0.280565	-0.474932	 0.358585	 0.467666	-0.270059	 0.469740	 0.475518	-0.499697	-0.498829	 0.498479
-0.269825	 0.499365	 0.389715	-0.474932	 0.358585	-0.016801	-0.270059	 0.484353	 0.475518	-0.499719	-0.498829	 0.498479
-0.269811	 0.499365	 0.444290	-0.474932	 0.358585	-0.258032	-0.270059	 0.491659	 0.475518	-0.499731	-0.498829	 0.498479
-0.269804	 0.499365	 0.471577	-0.474932	 0.358585	 0.121352	-0.270059	-0.004688	 0.475518	 0.000264	-0.498829	 0.498479
-0.269800	 0.499365	 0.485221	-0.474932	 0.358585	 0.310043	-0.270059	-0.251859	 0.475518	 0.249260	-0.498829	 0.498479
-0.269798	 0.499365	 0.492043	-0.474932	 0.358585	-0.095612	-0.270059	-0.375445	 0.475518	-0.126241	-0.498829	 0.498479
-0.269797	 0.499365	 0.495453	-0.474932	 0.358585	-0.297437	-0.270059	-0.437238	 0.475518	-0.312989	-0.498829	 0.498479
-0.269797	 0.499365	 0.497159	-0.474932	 0.358585	-0.398349	-0.270059	-0.468134	 0.475518	-0.406363	-0.498829	 0.498479
-0.269797	 0.499365	-0.001988	-0.474932	 0.358585	 0.051195	-0.270059	 0.016418	 0.475518	-0.453049	-0.498829	 0.498479
-0.269796	 0.499365	-0.250560	-0.474932	 0.358585	 0.274965	-0.270059	 0.257691	 0.475518	-0.476393	-0.498829	 0.498479
-0.269796	 0.499365	 0.125155	-0.474932	 0.358585	-0.113150	-0.270059	-0.121672	 0.475518	-0.488064	-0.498829	 0.498479
-0.269796	 0.499365	 0.312010	-0.474932	 0.358585	-0.306205	-0.270059	-0.310351	 0.475518	-0.493900	-0.498829	 0.498479
-0.269796	 0.499365	 0.405438	-0.474932	 0.358585	 0.097268	-0.270059	 0.095309	 0.475518	-0.496818	-0.498829	 0.498479
-0.269796	 0.499365	 0.452152	-0.474932	 0.358585	 0.298003	-0.270059	 0.297137	 0.475518	-0.498277	-0.498829	 0.498479
-0.269796	 0.499365	 0.475509	-0.474932	 0.358585	-0.101630	-0.270059	 0.398052	 0.475518	-0.499007	-0.498829	 0.498479
-0.269796	 0.499365	 0.487187	-0.474932	 0.358585	-0.300444	-0.270059	 0.448509	 0.475518	-0.499371	-0.498829	 0.498479
-0.269796	 0.499365	 0.493026	-0.474932	 0.358585	-0.399850	-0.270059	 0.473737	 0.475518	-0.499554	-0.498829	 0.498479
-0.269796	 0.499365	 0.495946	-0.474932	 0.358585	 0.050446	-0.270059	 0.486351	 0.475518	-0.499645	-0.498829	 0.498479
-0.269796	 0.499365	 0.497406	-0.474932	 0.358585	 0.274593	-0.270059	 0.492659	 0.475518	-0.499691	-0.498829	 0.498479
-0.269796	 0.499365	 0.498136	-0.474932	 0.358585	-0.113334	-0.270059	 0.495812	 0.475518	-0.499713	-0.498829	 0.498479
-0.269796	 0.499365	 0.498501	-0.474932	 0.358585	-0.306294	-0.270059	 0.497389	 0.475518	-0.499725	-0.498829	 0.498479
-0.269796	 0.499365	 0.498683	-0.474932	 0.358585	 0.097225	-0.270059	 0.498177	 0.475518	-0.499730	-0.498829	 0.498479
-0.269796	 0.499365	 0.498774	-0.474932	 0.358585	 0.297983	-0.270059	 0.498571	 0.475518	-0.499733	-0.498829	 0.498479
-0.269796	 0.499365	-0.001180	-0.474932	 0.358585	-0.101637	-0.270059	 0.498769	 0.475518	-0.499735	-0.498829	 0.498479
-0.269796	 0.499365	-0.250155	-0.474932	 0.358585	-0.300445	-0.270059	 0.498867	 0.475518	-0.499735	-0.498829	 0.498479
-0.269796	 0.499365	-0.374643	-0.474932	 0.358585	-0.399849	-0.270059	 0.498916	 0.475518	-0.499736	-0.498829	 0.498479
-0.269796	 0.499365	 0.063114	-0.474932	 0.358585	-0.449551	-0.270059	-0.001059	 0.475518	-0.499736	-0.498829	 0.498479
-0.269796	 0.499365	 0.280990	-0.474932	 0.358585	-0.474402	-0.270059	-0.250045	 0.475518	-0.499736	-0.498829	 0.498479
-0.269796	 0.499365	 0.389928	-0.474932	 0.358585	-0.486828	-0.270059	-0.374537	 0.475518	-0.499736	-0.498829	 0.498479
-0.269796	 0.499365	 0.444397	-0.474932	 0.358585	-0.493040	-0.270059	-0.436784	 0.475518	-0.499736	-0.498829	 0.498479
-0.269796	 0.499365	 0.471632	-0.474932	 0.358585	-0.496147	-0.270059	-0.467907	 0.475518	-0.499736	-0.498829	 0.498479
-0.269796	 0.499365	 0.485249	-0.474932	 0.358585	-0.497700	-0.270059	-0.483469	 0.475518	-0.499736	-0.498829	 0.498479
-0.269796	 0.499365	 0.492058	-0.474932	-0.141415	-0.498477	-0.270059	-0.491249	 0.475518	-0.499736	-0.498829	 0.498479
-0.269796	 0.499365	 0.495462	-0.474932	-0.390132	-0.498865	-0.270059	-0.495140	 0.475518	-0.499736	-0.498829	 0.498479
-0.269796	 0.499365	 0.497164	-0.474932	-0.513213	-0.499059	-0.270059	-0.497085	 0.475518	-0.499736	-0.498829	 0.498479
-0.269796	 0.499365	 0.498015	-0.474932	-0.073481	-0.499156	-0.270059	 0.001942	 0.475518	-0.499736	-0.498829	 0.498479
-0.269796	 0.499365	 0.498441	-0.474932	 0.146385	-0.499205	-0.270059	 0.250454	 0.475518	-0.499736	-0.498829	 0.498479
-0.269796	 0.499365	 0.498654	-0.474932	 0.256318	-0.499229	-0.270059	 0.374710	 0.475518	-0.499736	-0.498829	 0.498479
-0.269796	 0.499365	 0.498760	-0.474932	 0.311285	-0.499241	-0.270059	 0.436838	 0.475518	-0.499736	-0.498829	 0.498479
-0.269796	 0.499365	-0.001187	-0.474932	 0.338768	-0.499247	-0.270059	-0.032098	 0.475518	-0.499736	-0.498829	 0.498479
-0.269796	 0.499365	-0.250158	-0.474932	 0.352510	-0.499250	-0.270059	-0.265564	 0.475518	-0.499736	-0.498829	 0.498479
-0.769796	 0.499365	 0.125357	-0.474932	 0.359381	-0.499252	-0.270059	-0.382297	 0.475518	-0.499736	-0.498829	 0.498479
-1.017257	 0.499365	 0.312112	-0.474932	 0.362816	-0.499252	-0.270059	-0.440663	 0.475518	-0.499736	-0.498829	 0.498479
-1.138457	 0.499365	 0.405490	-0.474932	 0.364534	-0.499253	-0.270059	-0.469847	 0.475518	-0.499736	-0.498829	 0.498479
-0.696539	 0.499365	 0.452179	-0.474932	 0.365393	-0.499253	-0.270059	 0.015562	 0.475518	 0.000264	-0.498829	 0.498479
-0.475579	 0.499365	 0.475523	-0.474932	 0.365822	-0.499253	-0.270059	 0.257264	 0.475518	 0.249263	-0.498829	 0.498479
-0.865099	 0.499365	 0.487195	-0.474932	 0.366037	 0.000747	-0.270059	-0.121885	 0.475518	-0.126237	-0.498829	 0.498479
-1.057350	 0.499365	 0.493031	-0.474932	 0.366144	 0.249745	-0.270059	-0.310457	 0.475518	-0.312984	-0.498829	 0.498479
-0.650976	 0.499365	-0.004050	-0.474932	 0.366198	-0.125755	-0.270059	-0.404743	 0.475518	-0.406357	-0.498829	 0.498479
-0.447790	 0.499365	-0.251589	-0.474932	 0.366225	-0.312503	-0.270059	-0.451887	 0.475518	-0.453044	-0.498829	 0.498479
-0.346196	 0.499365	-0.375359	-0.474932	 0.366238	-0.405877	-0.270059	-0.475458	 0.475518	 0.023613	-0.498829	 0.498479
-0.295399	 0.499365	-0.437243	-0.474932	 0.366245	-0.452564	-0.270059	-0.487244	 0.475518	 0.260941	-0.498829	 0.498479
-0.270001	 0.499365	-0.468186	-0.474932	 0.366248	-0.475908	-0.270059	-0.493137	 0.475518	 0.379605	-0.498829	 0.498479
-0.257302	 0.499365	 0.016343	-0.474932	 0.366250	 0.012421	-0.270059	 0.003917	 0.475518	-0.061063	-0.498829	 0.498479
-0.250952	 0.499365	 0.257606	-0.474932	 0.366251	 0.255583	-0.270059	 0.251442	 0.475518	-0.280394	-0.498829	 0.498479
-0.247778	 0.499365	 0.378237	-0.474932	 0.366251	 0.377165	-0.270059	-0.124796	 0.475518	 0.109941	-0.498829	 0.498479
-0.246190	 0.499365	 0.438553	-0.474932	 0.366251	 0.437955	-0.270059	-0.311913	 0.475518	 0.304108	-0.498829	 0.498479
-0.245396	 0.499365	 0.468711	-0.474932	 0.366251	-0.031649	-0.270059	 0.094529	 0.475518	-0.098809	-0.498829	 0.498479
-0.245000	 0.499365	 0.483790	-0.474932	 0.366251	-0.265449	-0.270059	 0.296748	 0.475518	-0.299264	-0.498829	 0.498479
-0.244801	 0.499365	 0.491329	-0.474932	 0.366251	-0.382349	-0.270059	-0.102143	 0.475518	-0.399491	-0.498829	 0.498479
-0.244702	 0.499365	 0.495099	-0.474932	 0.366251	-0.440799	-0.270059	-0.300586	 0.475518	-0.449605	-0.498829	 0.498479
-0.244652	 0.499365	 0.496984	-0.474932	 0.366251	 0.029976	-0.270059	-0.399808	 0.475518	-0.474662	-0.498829	 0.498479
-0.244628	 0.499365	 0.497926	-0.474932	 0.366251	 0.264362	-0.270059	 0.050582	 0.475518	-0.487190	-0.498829	 0.498479
-0.244615	 0.499365	 0.498397	-0.474932	 0.366251	 0.381555	-0.270059	 0.274774	 0.475518	-0.493454	-0.498829	 0.498479
-0.244609	 0.499365	 0.498633	-0.474932	 0.366251	-0.059849	-0.270059	 0.386871	 0.475518	-0.496587	-0.498829	 0.498479
-0.244606	 0.499365	 0.498751	-0.474932	 0.366251	-0.279548	-0.270059	 0.442919	 0.475518	-0.498153	-0.498829	 0.498479
-0.244604	 0.499365	 0.498810	-0.474932	 0.366251	-0.389398	-0.270059	 0.470943	 0.475518	 0.001064	-0.498829	 0.498479
-0.244604	 0.499365	 0.498839	-0.474932	 0.366251	-0.444322	-0.270059	 0.484955	 0.475518	 0.249672	-0.498829	 0.498479
-0.244603	 0.499365	-0.001146	-0.474932	 0.366251	 0.028215	-0.270059	 0.491961	 0.475518	-0.126024	-0.498829	 0.498479
-0.244603	 0.499365	-0.250136	-0.474932	 0.366251	 0.263483	-0.270059	 0.495464	 0.475518	-0.312868	-0.498829	 0.498479
-0.244603	 0.499365	 0.125368	-0.474932	 0.366251	 0.381116	-0.270059	 0.497215	 0.475518	-0.406291	-0.498829	 0.498479
-0.244603	 0.499365	 0.312119	-0.474932	 0.366251	 0.439933	-0.270059	 0.498091	 0.475518	-0.453002	-0.498829	 0.498479
-0.244603	 0.499365	 0.405494	-0.474932	 0.366251	 0.469341	-0.270059	 0.498529	 0.475518	-0.476357	-0.498829	 0.498479
-0.244603	 0.499365	 0.452182	-0.474932	 0.366251	 0.484046	-0.270059	-0.001252	 0.475518	-0.488035	-0.498829	 0.498479
-0.244603	 0.499365	 0.475526	-0.474932	 0.366251	 0.491398	-0.270059	-0.250140	 0.475518	-0.493874	-0.498829	 0.498479
-0.244603	 0.499365	 0.487198	-0.474932	 0.366251	 0.495074	-0.270059	 0.125415	 0.475518	-0.496793	-0.498829	 0.498479
-0.244603	 0.499365	 0.493034	-0.474932	 0.366251	 0.496912	-0.270059	 0.312191	 0.475518	-0.498253	-0.498829	 0.498479
-0.244603	 0.499365	 0.495952	-0.474932	 0.366251	-0.002169	-0.270059	-0.094421	 0.475518	-0.498983	-0.498829	 0.498479
-0.244603	 0.499365	 0.497411	-0.474932	 0.366251	-0.250707	-0.270059	-0.296725	 0.475518	-0.499348	-0.498829	 0.498479
-0.244603	 0.499365	 0.498140	-0.474932	 0.366251	-0.374976	-0.270059	 0.102123	 0.475518	-0.499530	-0.498829	 0.498479
-0.244603	 0.499365	 0.498505	-0.474932	 0.366251	-0.437111	-0.270059	 0.300545	 0.475518	-0.499622	-0.498829	 0.498479
-0.244603	 0.499365	 0.498687	-0.474932	 0.366251	-0.468178	-0.270059	 0.399756	 0.475518	-0.499667	-0.498829	 0.498479
-0.244603	 0.499365	 0.498778	-0.474932	 0.366251	-0.483712	-0.270059	 0.449362	 0.475518	-0.499690	-0.498829	 0.498479
-0.244603	 0.499365	 0.498824	-0.474932	 0.366251	-0.491478	-0.270059	 0.474165	 0.475518	-0.499701	-0.498829	 0.498479
-0.244603	 0.499365	-0.001153	-0.474932	 0.366251	 0.004638	-0.270059	-0.013434	 0.475518	-0.499707	-0.498829	 0.498479
-0.244603	 0.499365	-0.250139	-0.474932	 0.366251	 0.251695	-0.270059	-0.256231	 0.475518	-0.499710	-0.498829	 0.498479
-0.244603	 0.499365	-0.374633	-0.474932	 0.366251	 0.375223	-0.270059	 0.122370	 0.475518	-0.499711	-0.498829	 0.498479
-0.244603	 0.499365	-0.436879	-0.474932	 0.366251	 0.436988	-0.270059	 0.310669	 0.475518	-0.499712	-0.498829	 0.498479
-0.244603	 0.499365	-0.468003	-0.474932	 0.366251	 0.467870	-0.270059	-0.095182	 0.475518	-0.499713	-0.498829	 0.498479
-0.244603	 0.499365	-0.483564	-0.474932	 0.366251	 0.483311	-0.270059	-0.297105	 0.475518	-0.499713	-0.498829	 0.498479
-0.244603	 0.499365	-0.491345	-0.474932	 0.366251	 0.491031	-0.270059	-0.398067	 0.475518	-0.499713	-0.498829	 0.498479
-0.244603	 0.499365	 0.004765	-0.474932	 0.366251	-0.005108	-0.270059	-0.448547	 0.475518	-0.499713	-0.498829	 0.498479
-0.244603	 0.499365	 0.251818	-0.474932	 0.366251	-0.252176	-0.270059	-0.473788	 0.475518	-0.499713	-0.498829	 0.498479
-0.244603	 0.499365	-0.124656	-0.474932	 0.366251	-0.375709	-0.270059	 0.013592	 0.475518	-0.499713	-0.498829	 0.498479
-0.244603	 0.499365	-0.311890	-0.474932	 0.366251	-0.437476	-0.270059	 0.256280	 0.475518	-0.499713	-0.498829	 0.498479
-0.244603	 0.499365	-0.905508	-0.474932	 0.366251	 0.031640	-0.270059	-0.122376	 0.475518	-0.499713	-0.498829	 0.498479
-0.244603	 0.499365	-1.199318	-0.474932	 0.366251	 0.265197	-0.270059	-0.310702	 0.475518	-0.499713	-0.498829	 0.498479
-0.244603	 0.499365	-0.343237	-0.474932	 0.366251	-0.118025	-0.270059	 0.095135	 0.475518	-0.499713	-0.498829	 0.498479
-0.244603	 0.499365	 0.083778	-0.474932	 0.366251	-0.308633	-0.270059	 0.297052	 0.475518	-0.499713	-0.498829	 0.498479
-0.244603	 0.499365	 0.296264	-0.474932	 0.366251	-0.403937	-0.270059	 0.398010	 0.475518	-0.499713	-0.498829	 0.498479
-0.244603	 0.499365	 0.401489	-0.474932	 0.366251	 0.048411	-0.270059	 0.448489	 0.475518	-0.499713	-0.498829	 0.498479
-0.244603	 0.499365	 0.453089	-0.474932	 0.366251	 0.273583	-0.270059	 0.473729	 0.475518	-0.499713	-0.498829	 0.498479
-0.244603	 0.499365	-0.022121	-0.474932	 0.366251	 0.386170	-0.270059	-0.013652	 0.475518	-0.499713	-0.498829	 0.498479
-0.244603	 0.499365	-0.259726	-0.474932	 0.366251	 0.442463	-0.270059	-0.256340	 0.475518	-0.499713	-0.498829	 0.498479
-0.244603	 0.499365	 0.121471	-0.474932	 0.366251	-0.029391	-0.270059	 0.122316	 0.475518	-0.499713	-0.498829	 0.498479
-0.244603	 0.499365	 0.311065	-0.474932	 0.366251	-0.264315	-0.270059	 0.310642	 0.475518	-0.499713	-0.498829	 0.498479
-0.244603	 0.499365	-0.095140	-0.474932	 0.366251	-0.381777	-0.270059	 0.404805	 0.475518	-0.499713	-0.498829	 0.498479
-0.244603	 0.499365	-0.297239	-0.474932	 0.366251	-0.440508	-0.270059	 0.451887	 0.475518	-0.499713	-0.498829	 0.498479
-0.244603	 0.499365	-0.398289	-0.474932	 0.366251	-0.469874	-0.270059	 0.475428	 0.475518	-0.499713	-0.498829	 0.498479
-0.244603	 0.499365	 0.051186	-0.474932	 0.366251	-0.484557	-0.770059	 0.487198	 0.475518	-0.499713	-0.498829	 0.498479
-0.244603	 0.499365	 0.274922	-0.474932	 0.366251	-0.491898	-1.017519	 0.493083	 0.475518	-0.499713	-0.498829	 0.498479
-0.744603	 0.499365	 0.386790	-0.474932	-0.133749	 0.004431	-0.638719	-0.003974	 0.475518	-0.499713	-0.498829	 0.498479
-0.992114	 0.499365	 0.442724	-0.474932	-0.382481	 0.251595	-0.449319	-0.251501	 0.475518	-0.499713	-0.498829	 0.498479
