-2.367695	-1.750847	-0.549214	-0.258847	-4.442230	-0.932272	-3.361434	-0.521477	-0.259714	-1.609649	-2.234649	-0.499094
-2.358225	-1.743843	-0.546804	-0.132833	-4.424675	-0.928549	-3.347989	-1.019391	-0.259714	-1.990166	-2.225711	-0.499094
-2.348792	-1.736868	-0.544510	-0.069825	-4.407083	-0.924837	-3.334597	-1.265314	-0.259714	-2.175684	-2.216808	-0.499094
-2.339397	-1.729920	-0.542278	-0.038321	-4.389508	-0.921140	-3.321258	-0.885253	-0.259714	-2.263720	-2.207941	-0.499094
-2.330039	-1.723001	-0.540083	-0.022570	-4.371977	-0.917456	-3.307973	-0.694212	-0.259714	-2.303034	-2.199109	-0.499094
-2.320719	-1.716109	-0.537909	-0.514694	-4.354502	-0.913786	-3.294741	-0.597685	-0.759714	-1.818007	-2.190313	-0.499094
-2.311436	-1.709244	-0.535751	-0.758742	-4.337091	-0.910131	-3.281562	-0.548419	-1.007195	-1.572827	-2.181551	-0.499094
-2.302190	-1.702407	-0.533604	-0.878761	-4.319746	-0.906491	-3.268436	-0.523786	-1.128426	-1.447582	-2.172825	-0.499094
-2.292981	-1.695598	-0.531468	-0.936772	-4.302469	-0.902865	-3.755362	-0.511470	-0.686542	-1.382315	-2.164134	-0.499094
-2.283809	-1.688815	-0.529341	-0.963789	-4.285260	-0.899254	-3.990341	-0.505312	-0.465600	-1.347047	-2.155477	-0.499094
-2.274674	-1.682060	-0.527224	-0.475315	-4.268119	-0.895657	-3.099380	-0.502232	-0.355129	-1.326790	-2.146855	-0.499094
-2.265576	-1.675332	-0.525114	-0.231079	-4.251047	-0.892074	-2.649482	-0.500693	-0.299894	-1.314048	-2.138268	-0.499094
-2.256513	-1.668630	-0.523014	-0.608960	-4.234043	-0.888506	-2.420134	-0.499923	-0.272276	-1.805075	-2.129715	-0.499094
-2.247487	-1.661956	-0.520922	-0.795927	-4.217107	-0.884952	-2.301079	-0.499538	-0.258467	-2.045996	-2.121196	-0.499094
-2.238497	-1.655308	-0.518838	-0.887445	-4.200238	-0.881412	-2.737187	-0.499346	-0.251563	-1.661882	-2.112711	-0.499094
-2.229543	-1.648687	-0.516763	-0.931246	-4.183437	-0.877886	-2.948894	-0.499250	-0.248110	-1.467270	-2.104260	-0.499094
-2.220625	-1.642092	-0.514696	-0.951196	-4.166704	-0.874375	-3.048427	-0.499201	-0.246384	-1.367419	-2.095843	-0.499094
-2.211743	-1.635524	-0.512637	-0.959229	-4.150037	-0.870877	-3.091897	-0.499177	-0.245521	-1.314958	-2.087460	-0.499094
-2.202896	-1.628982	-0.510586	-0.961311	-4.133437	-0.867394	-3.107362	-0.499165	-0.245090	-1.286202	-2.079110	-0.499094
-2.194084	-1.622466	-0.508544	-0.960425	-3.616903	-0.363924	-3.108848	-0.499159	-0.244874	-1.269310	-2.070794	-0.499094
-2.185308	-1.615976	-0.506510	-0.958063	-3.352435	-0.112189	-3.103371	-0.499156	-0.244766	-1.258359	-2.062511	-0.499094
-2.176566	-1.609512	-0.504484	-0.954971	-3.214026	 0.013678	-3.094436	-0.999155	-0.244712	-1.250388	-2.054260	-0.499094
-2.167860	-1.603074	-0.502466	-0.951521	-3.138669	 0.076612	-3.083798	-1.246156	-0.244685	-1.243918	-2.046043	-0.499094
-2.159189	-1.596662	-0.500456	-0.947900	-3.094865	 0.108079	-2.572333	-0.866670	-0.244672	-1.238208	-2.037859	-0.499094
-2.150552	-1.590275	-0.499451	-0.944201	-3.066860	 0.123812	-2.312478	-0.676927	-0.244665	-1.232888	-2.029708	-0.499094
-2.141950	-1.583914	-0.498949	-0.940470	-3.046780	 0.131679	-2.178446	-0.582056	-0.244661	-1.227773	-2.021589	-0.499094
-2.133382	-1.577578	-0.498697	-0.436732	-3.530687	 0.135612	-2.607341	-0.534620	-0.244660	-1.222770	-2.013503	-0.499094
-2.124848	-1.571268	-0.498572	-0.184862	-3.764611	 0.137579	-2.815716	-0.510902	-0.244659	-1.217833	-2.005449	-0.499094
-2.116349	-1.564983	-0.498509	-0.558927	-3.873576	-0.361438	-2.913855	-0.499043	-0.244658	-1.712939	-1.997427	-0.499094
-2.107884	-1.558723	-0.498478	-0.744094	-3.920094	-0.609225	-2.956901	-0.493114	-0.244658	-1.956076	-1.989437	-0.499094
-2.099452	-1.552488	-0.498462	-0.834819	-3.935419	-0.731405	-2.472424	-0.490149	-0.244658	-1.573246	-1.981479	-0.499094
-2.091054	-1.546278	-0.498454	-0.878330	-3.935180	-0.790788	-2.226209	-0.488666	-0.244658	-1.379450	-1.973553	-0.499094
-2.082690	-1.540093	-0.498450	-0.398242	-3.427191	-0.318779	-2.599142	-0.487925	-0.244658	-1.280181	-1.965659	-0.499094
-2.074359	-1.533933	-0.498448	-0.158198	-3.167358	-0.082774	-2.779664	-0.487555	-0.244658	-1.228184	-1.957797	-0.499094
-2.066062	-1.527797	-0.498447	-0.038176	-3.031626	 0.035228	-2.864005	-0.487369	-0.244658	-1.199834	-1.949965	-0.499094
-2.557798	-1.521686	-0.498447	 0.021835	-3.457969	-0.405771	-2.900279	-0.487277	-0.244658	-1.183316	-1.942166	-0.499094
-2.797566	-1.515599	-0.498446	 0.051840	-3.663371	-0.624577	-2.912542	-0.487230	-0.244658	-1.172723	-1.934397	-0.499094
-2.411376	-1.509537	-0.498446	 0.066843	-3.758335	-0.232293	-2.912825	-0.487207	-0.244658	-1.665102	-1.926659	-0.499094
-2.214231	-1.503498	-0.498446	 0.074344	-3.798110	-0.036151	-2.907140	-0.487196	-0.244658	-1.906977	-1.918953	-0.499094
-2.111624	-1.497484	-0.498446	-0.421905	-3.310322	 0.061920	-2.398494	-0.487190	-0.244658	-1.523617	-1.911277	-0.499094
-2.056302	-1.491494	-0.498446	-0.668193	-3.060783	 0.110955	-2.140392	-0.487187	-0.244658	-1.329656	-1.903632	-0.499094
-2.024640	-1.485528	-0.498446	-0.289508	-2.930391	-0.364527	-2.007576	-0.487186	-0.244658	-1.230404	-1.896017	-0.499094
-2.004822	-1.479586	-0.498446	-0.100166	-2.859595	-0.600588	-1.937419	-0.487185	-0.244658	-1.178516	-1.888433	-0.499094
-1.990944	-1.473668	-0.498446	-0.005495	-2.818619	-0.216945	-1.898605	-0.487184	 0.255342	-1.150319	-1.880879	-0.499094
-1.980050	-1.467773	-0.498446	 0.041841	-2.792576	-0.025124	-1.875479	-0.487184	 0.503831	-1.133976	-1.873356	-0.499094
-1.970665	-1.461902	-0.498446	 0.065509	-2.774022	 0.070787	-1.860211	-0.487184	 0.626571	-1.123569	-1.865862	-0.499094
-1.962050	-1.456055	-0.498446	 0.077342	-2.759234	 0.118742	-1.848888	-0.487184	 0.686443	-1.116139	-1.858399	 0.000906
-1.953836	-1.450230	-0.498446	 0.083259	-2.746351	 0.142720	-1.839550	-0.487184	 0.714886	-1.110207	-1.850965	 0.249904
-1.945837	-0.944430	 0.001554	 0.086218	-2.234442	 0.154709	-0.831222	 0.012816	 0.727621	 0.894968	-0.343562	 0.874403
-1.937962	-0.691529	 0.250551	 0.087697	-1.975043	 0.160703	-0.327057	 0.261790	 0.732507	 1.891755	 0.407813	 1.183655
-0.430165	 3.434921	 0.875049	 1.088437	 2.158088	 1.163700	 4.425025	 1.385256	 0.733476	 7.384371	 1.781181	 0.835295
 0.321579	 5.483024	 1.184299	 1.584628	 4.212071	 1.660866	 6.782712	 1.941971	 0.732491	 10.104925	 2.461557	 0.661115
 1.695304	 8.992012	 1.335937	 1.828562	 7.226531	 1.905132	 8.443275	 1.715332	 0.230536	 15.939552	 2.795460	-0.425975
 2.376029	 10.721505	 1.408781	 1.946384	 8.713278	 2.022967	 9.253348	 1.599034	-0.020442	 18.813316	 2.956154	-0.966494
 2.710277	 11.561349	 1.442240	 2.001167	 9.436252	 2.077602	 9.638258	 1.537920	-0.145931	 20.206824	 3.030267	-1.233739
 4.871313	 16.456469	 0.956018	 1.524446	 12.277421	 2.100656	 11.310667	 1.504410	-0.708675	 23.860378	 4.561114	-2.364360
 5.937766	 18.861326	 0.712907	 1.283991	 13.667768	 2.107935	 12.120905	 1.484713	-0.987504	 25.632127	 5.314354	-2.922681
 7.456984	 23.021222	 0.591351	 1.661676	 22.832825	 4.107344	 19.000162	 3.471934	 0.875614	 37.963193	 12.678839	 0.805121
 8.198640	 25.046807	 0.530573	 1.846439	 27.351358	 5.094835	 22.388032	 4.454626	 1.801695	 44.101736	 16.320995	 2.659956
 14.551588	 37.005455	 3.000185	 3.934759	 31.546884	 5.576416	 25.030415	 5.435098	 2.259280	 48.644124	 18.602146	 3.078344
 17.686253	 42.957703	 4.224051	 4.966873	 33.573163	 5.805090	 26.296260	 5.912503	 2.482639	 50.888241	 19.700955	 3.280545
 19.711943	 47.406858	 4.825088	 5.970931	 35.015103	 5.907360	 27.374059	 5.638425	 2.588907	 52.983332	 20.708760	 3.374680
 20.681313	 49.603776	 5.114754	 6.459011	 35.663159	 5.946476	 27.856055	 5.490658	 2.636650	 54.003217	 21.169230	 3.414809
 21.122697	 50.674684	 5.248778	 6.689156	 35.914565	 5.954062	 28.040377	 5.406088	 2.655153	 54.485609	 21.356205	 3.427964
 21.800261	 52.682699	 5.305025	 6.790390	 37.467936	 5.945932	 28.576088	 5.853160	 2.659057	 55.699366	 21.906606	 3.427660
 22.094087	 53.657977	 5.322426	 6.827224	 38.166579	 5.929992	 28.785720	 6.064096	 2.655683	 56.277514	 22.136893	 3.420652
 22.196224	 54.617001	 5.320446	 6.831913	 37.938170	 5.910193	 28.832545	 6.157014	 2.148692	 56.037974	 21.707302	 3.410322
 22.202696	 55.068612	 5.308820	 6.820584	 37.748546	 5.888513	 28.798199	 6.190973	 1.891913	 55.890303	 21.449951	 3.398356
 22.161514	 54.766629	 5.292412	 6.301301	 38.078616	 5.865940	 28.723499	 5.695502	 2.260253	 55.788679	 21.278890	 3.385601
 22.096682	 54.587960	 5.273656	 6.030096	 38.166833	 5.842966	 28.628851	 5.437367	 2.439166	 55.710189	 21.151144	 3.372477
 22.020202	 54.471058	 5.253769	 6.382975	 37.634432	 5.819839	 28.024458	 5.297941	 2.523386	 55.143377	 21.045225	 3.359197
 21.938075	 54.385351	 5.233357	 6.545943	 37.294028	 5.796683	 27.667422	 5.217911	 2.560281	 54.832714	 20.950386	 3.345865
 21.853299	 54.315349	 5.212725	 6.614010	 37.049918	 5.773557	 27.434283	 5.167620	 2.573534	 54.650235	 20.861256	 3.332534
 21.767375	 53.753309	 5.192025	 6.634679	 36.854252	 5.750493	 27.263311	 5.132240	 2.574987	 54.531957	 20.775146	 3.319230
 21.681049	 53.445358	 5.171332	 6.631702	 36.683101	 5.727507	 27.123641	 5.104356	 2.570561	 54.445886	 20.690714	 3.305966
 21.594697	 52.764560	 5.150685	 6.616957	 36.024502	 5.704604	 26.999838	 5.080262	 2.563215	 53.876028	 20.107285	 3.292749
 21.508504	 52.397844	 5.130101	 6.596380	 35.624471	 5.681790	 26.884184	 5.058102	 2.554431	 53.564783	 19.776522	 3.279581
 20.922563	 52.188276	 5.109590	 6.572939	 35.354006	 5.659065	 26.772820	 5.536950	 2.544947	 53.382950	 19.572250	 3.766464
 20.588920	 52.057186	 5.089156	 6.548120	 35.148607	 5.636429	 26.663815	 5.764343	 2.535134	 53.265727	 19.431378	 4.001399
 20.381587	 51.465441	 5.068802	 6.522664	 34.976021	 5.613884	 26.556203	 5.366055	 2.525177	 53.180915	 19.322360	 3.610394
 20.237572	 51.143872	 5.048528	 6.496942	 34.820121	 5.591429	 26.449500	 5.156976	 2.515168	 53.112814	 19.229425	 3.408453
 20.125378	 50.957495	 5.028335	 6.471138	 34.672842	 5.569063	 26.343463	 5.042541	 2.505154	 53.053170	 19.144684	 3.301069
 20.029254	 50.838815	 5.008221	 6.445345	 34.530152	 5.546787	 25.737969	 5.475467	 2.495156	 52.497857	 19.064194	 3.740990
 19.941326	 50.753887	 4.988189	 6.419610	 34.390032	 5.524600	 25.384957	 5.680113	 2.485187	 52.194612	 18.985982	 3.952588
 19.357655	 50.685937	 4.968236	 6.393955	 34.251472	 5.502501	 25.158388	 5.270667	 2.475252	 52.017504	 18.909060	 4.050059
 19.028272	 50.626977	 4.948363	 6.368390	 34.113966	 5.480491	 24.995239	 5.056221	 2.465354	 51.903965	 18.832935	 4.090500
 19.326183	 50.072613	 4.928570	 6.342922	 33.977261	 5.458570	 24.864001	 5.439315	 2.455494	 51.822311	 18.757359	 4.102458
 19.435890	 49.770246	 4.908855	 6.317554	 33.841226	 5.436735	 24.748916	 5.619217	 2.445672	 51.756299	 18.682207	 4.100208
 19.451652	 49.593978	 4.889220	 6.292285	 33.705799	 5.414988	 24.642106	 5.197570	 2.435890	 51.698209	 18.607417	 4.090887
 19.420598	 49.481060	 4.869663	 6.267116	 33.570945	 5.393328	 24.539630	 4.977194	 2.426147	 51.644380	 18.532957	 4.078064
 19.366292	 49.399917	 4.850185	 6.242048	 33.436645	 5.371755	 24.439518	 4.857493	 2.416442	 51.592781	 18.458810	 4.063522
 19.300516	 49.334759	 4.830784	 6.217080	 33.302891	 5.350268	 24.340783	 5.288166	 2.406777	 51.542395	 18.384967	 4.048153
 19.229158	 49.277493	 4.811461	 6.192212	 33.169675	 5.328867	 24.242932	 5.492066	 2.397149	 51.492515	 18.311423	 4.032403
 19.155163	 49.224271	 4.792215	 6.167443	 32.536995	 5.307551	 24.145716	 5.582623	 2.387561	 50.942986	 18.238176	 4.016494
 19.080003	 49.173369	 4.773046	 6.142774	 32.156846	 5.286321	 24.049011	 5.616556	 2.378011	 50.643931	 18.165222	 4.000539
 18.504414	 49.123725	 4.753954	 6.118202	 31.903218	 5.265176	 23.952754	 5.122221	 2.368499	 50.470210	 18.092560	 3.984592
 18.180762	 49.075206	 4.734938	 6.093730	 31.713105	 5.244115	 23.856912	 4.865798	 2.359025	 50.359653	 18.020190	 3.968681
 18.483221	 49.027345	 4.715998	 5.569355	 32.055002	 5.223139	 23.761469	 5.228368	 2.349588	 50.280773	 17.948109	 3.952820
 18.596880	 48.979507	 4.697134	 5.297077	 32.161157	 5.202246	 23.666416	 5.398471	 2.340190	 50.217425	 17.876317	 3.937016
 18.616288	 48.931776	 4.678346	 5.150889	 32.149700	 5.181437	 23.571746	 5.472385	 2.330829	 50.161940	 17.804811	 3.921271
 18.088720	 48.884195	 4.659632	 5.567785	 31.579695	 5.160712	 23.477458	 5.498249	 2.321506	 50.110481	 17.733592	 3.905588
 17.789814	 48.836982	 4.640994	 5.764264	 31.232673	 5.140069	 23.383547	 5.500134	 2.312220	 50.061329	 17.662658	 3.889967
 16.605380	 42.790048	 4.122430	 2.850582	 27.997391	 5.119508	 22.290012	 3.990072	 2.302971	 49.013426	 17.092007	 3.874407
 15.982320	 39.693094	 3.855940	 1.393741	 26.330225	 5.099030	 21.700852	 3.230080	 2.293759	 48.463078	 16.773639	 3.858910
 11.140072	 33.571426	 1.715516	 0.665321	 19.947317	 3.078634	 15.364048	 1.345145	-0.215416	 36.661614	 9.081544	 0.343474
 8.706352	 30.455692	 0.645304	 0.301110	 16.728733	 2.066320	 12.177592	 0.403757	-1.464554	 30.711162	 5.232718	-1.407900
 6.976947	 24.843145	 0.110198	 0.119005	 11.592422	 1.058054	 9.566382	-0.065862	-1.583696	 24.686414	 2.805537	-1.277268
 6.101750	 21.998410	-0.157355	 0.027953	 9.011353	 0.553922	 8.246866	-0.299601	-1.639861	 21.636717	 1.591947	-1.209659
 5.653698	 20.537735	-0.291131	-0.017574	 7.707959	 0.301855	 7.573254	-0.415403	-1.664552	 20.074694	 0.985152	-1.173570
 3.919260	 15.769244	-0.358019	-0.040337	 4.543452	 0.675822	 5.222648	-0.472242	-1.173518	 15.256658	 0.181754	-0.653251
 3.047672	 13.362997	-0.391463	-0.051718	 2.958441	 0.860706	 4.041601	-0.499603	-0.926637	 12.826762	-0.218701	-0.393091
 1.107526	 8.137959	-0.408185	-0.557409	-1.836811	-0.048943	-0.554643	-1.012230	-0.801837	 4.591021	-2.417691	-0.763012
 0.139118	 5.519615	-0.416546	-0.808128	-4.221173	-0.501851	-2.842464	-1.265494	-0.738082	 0.480439	-3.507952	-0.945706
-2.343427	 0.204640	-0.920727	-0.931370	-6.900143	-0.726395	-4.976113	-1.389088	-1.204857	-2.067591	-4.543886	-1.034796
-3.575048	-2.442626	-1.169967	-0.990882	-8.220470	-0.836765	-6.028719	-1.447860	-1.434900	-3.332375	-5.050694	-1.077093
-4.181245	-3.756080	-1.291749	-1.518537	-9.361552	-1.390056	-6.540859	-1.974233	-1.546592	-4.455573	-5.292983	-1.096003
-4.474769	-4.402668	-1.349813	-1.778272	-9.911088	-1.662815	-6.782823	-2.232418	-1.599122	-5.006014	-5.403056	-1.103229
-4.611994	-4.715863	-1.376029	-1.904064	-10.164934	-1.795323	-6.889755	-2.356529	-1.622083	-5.270122	-5.447067	-1.104620
-4.671108	-4.862403	-1.386333	-1.962900	-10.271020	-1.357721	-7.429228	-1.913623	-1.630274	-5.391107	-5.458090	-1.103104
-4.691205	-4.925654	-1.388691	-1.988274	-10.303308	-1.137080	-7.683027	-1.689229	-1.631092	-5.440576	-5.452664	-1.100143
-4.691831	-4.947303	-1.387088	-1.996934	-10.298782	-1.524927	-7.794053	-2.074102	-2.128238	-5.454330	-5.439056	-1.596468
-4.682759	-4.948189	-1.383516	-1.997253	-10.275930	-1.715025	-7.833756	-2.261621	-2.371560	-5.450271	-5.421401	-1.840445
-5.168875	-4.938734	-1.378970	-1.993417	-10.243998	-1.306263	-7.837860	-1.850482	-1.987991	-5.437349	-5.401766	-1.458264
-5.400623	-4.924148	-1.373948	-1.987520	-10.207607	-1.100088	-7.824228	-1.642034	-1.792998	-5.420039	-5.381184	-1.265022
-5.505233	-4.907035	-1.368699	-1.980609	-10.669070	-1.495212	-7.801791	-2.034943	-1.692305	-5.400579	-5.360172	-1.166257
-5.546318	-4.888700	-1.363348	-1.973205	-10.877540	-1.688993	-7.775014	-2.226541	-1.638775	-5.380086	-5.338988	-1.114740
-5.555686	-4.869791	-1.357956	-1.965572	-10.959603	-1.782119	-7.746129	-2.317504	-1.608840	-5.359121	-5.317760	-1.086855
-5.549239	-5.350635	-1.352555	-1.957839	-10.978551	-1.824931	-7.716252	-1.858169	-1.590715	-5.837962	-5.296553	-1.070794
-5.534931	-5.579394	-1.347161	-1.950073	-10.966030	-1.842601	-7.685941	-1.625704	-1.578507	-6.064749	-5.275399	-1.060654
-5.516735	-5.682157	-1.341780	-1.942305	-10.937863	-1.847716	-7.655474	-1.506684	-1.569270	-5.665559	-5.254314	-1.053484
-5.496640	-5.721969	-1.336416	-1.934552	-10.901960	-1.846568	-7.624990	-1.444400	-1.561532	-5.455431	-5.233304	-1.047805
-5.475640	-5.730351	-1.831073	-1.926822	-10.362276	-1.842303	-7.594560	-1.910493	-1.554555	-5.339877	-5.212375	-1.042882
-5.454230	-5.723065	-2.073749	-1.919119	-10.072789	-1.836494	-7.564216	-2.138786	-1.547972	-5.271651	-5.191528	-1.038345
-5.432660	-5.707990	-1.690455	-1.911444	-9.908479	-1.329928	-7.533976	-2.248199	-1.541597	-5.227131	-5.170763	-1.034008
-5.411052	-5.689067	-1.496193	-1.903800	-9.806836	-1.074999	-7.503849	-2.298190	-1.535339	-5.194506	-5.150080	-1.029781
-5.389470	-5.668265	-1.396459	-1.896185	-9.736603	-0.945894	-7.473838	-2.318489	-1.529152	-5.167870	-5.129480	-1.025616
-5.367943	-5.646569	-1.343998	-1.888600	-9.682155	-1.379708	-7.443945	-1.823961	-1.523013	-5.144269	-5.108962	-1.021490
-5.346486	-5.624471	-1.315184	-1.881046	-9.635675	-1.592988	-7.414170	-1.574038	-1.516909	-5.122228	-5.088526	-1.017393
-5.325108	-5.602218	-1.298205	-1.873522	-9.593257	-1.696015	-7.384514	-1.446429	-1.510836	-5.101007	-5.068172	-1.013318
-5.303811	-5.579931	-1.287153	-1.866028	-9.552946	-1.743931	-7.354976	-1.379986	-1.504790	-5.080236	-5.047900	-1.009262
-5.282598	-5.557672	-1.279074	-1.858564	-9.513765	-1.764305	-7.325557	-1.344138	-1.498769	-5.059732	-5.027708	-1.005223
-5.261469	-5.535472	-1.272493	-1.851130	-9.475226	-1.770923	-7.296254	-1.323597	-1.492774	-5.039402	-5.007597	-1.001202
-5.240423	-5.013346	-1.266671	-1.843725	-9.437082	-1.770677	-7.267069	-1.310721	-1.486802	-5.019199	-4.987567	-1.497196
-5.219462	-4.743300	-1.261238	-1.836350	-9.399213	-1.767013	-7.238001	-1.301687	-1.480855	-4.999099	-4.967616	-1.741207
-5.198584	-5.099330	-1.256010	-1.829005	-9.361556	-1.261654	-7.209049	-1.294584	-1.474931	-4.979091	-4.947746	-1.359243
-5.177790	-5.266435	-1.250894	-1.821689	-9.324079	-1.007462	-7.180213	-1.288458	-1.469031	-4.959169	-4.927955	-1.166306
-5.157079	-5.339120	-1.245845	-1.814402	-9.286768	-0.878859	-7.151492	-1.282831	-1.463155	-4.939329	-4.908243	-1.067890
-5.136450	-5.364639	-1.240839	-1.807144	-9.249613	-1.313058	-7.122886	-1.277462	-1.457303	-4.919571	-4.888610	-1.016744
-5.115905	-5.366618	-1.235864	-1.799916	-9.212611	-1.526662	-7.094395	-1.272234	-1.451473	-4.899892	-4.869056	-0.989239
-5.095441	-4.856871	-1.230915	-1.792716	-9.175758	-1.629984	-7.066017	-1.767086	-1.445668	-4.880292	-4.849580	-0.973564
-5.075059	-4.593303	-1.225988	-1.785545	-9.139054	-1.678178	-7.037753	-2.009988	-1.439885	-4.860770	-4.830181	-0.963810
-5.054759	-4.952859	-1.221083	-1.778403	-9.102498	-1.698823	-7.009602	-1.626933	-1.434125	-4.841327	-4.810861	-0.957025
-5.034540	-5.122013	-1.216198	-1.771290	-9.066087	-1.705706	-6.981564	-1.432918	-1.428389	-4.821962	-4.791617	-0.951732
-5.014402	-5.196007	-1.211333	-1.764204	-9.029823	-1.705722	-6.953637	-1.833433	-1.422675	-4.802674	-4.772451	-0.947193
-4.994344	-5.222464	-1.206487	-1.757148	-8.993704	-1.702319	-6.925823	-2.029222	-1.416985	-4.783463	-4.753361	-0.943038
-4.974367	-5.225195	-1.201661	-1.750119	-8.957729	-1.697220	-6.898119	-2.122667	-1.411317	-4.764329	-4.734347	-0.939082
-4.954469	-5.216105	-1.196854	-1.743119	-8.921898	-1.691286	-6.870527	-1.664957	-1.405671	-5.245272	-4.715410	-0.935235
-4.934652	-5.201145	-1.192067	-1.736146	-8.886210	-1.684948	-6.843045	-1.433687	-1.400049	-5.474291	-4.696548	-0.931448
-4.914913	-4.683293	-1.187299	-1.229201	-8.850665	-1.678422	-6.815673	-1.315648	-1.394448	-5.077394	-4.677762	-0.927699
-4.895253	-4.416036	-1.182550	-0.974285	-8.815263	-1.671815	-6.788410	-1.254233	-1.388871	-4.869584	-4.659051	-0.923977
-4.875672	-4.274110	-1.177819	-1.345388	-8.780002	-1.665181	-6.761256	-1.221140	-0.883315	-5.256356	-4.640415	-0.920275
-4.856170	-4.194883	-1.173108	-1.527506	-8.744882	-1.658547	-6.734211	-1.202217	-0.630537	-5.438456	-4.621853	-0.916591
-4.836745	-4.647038	-1.168416	-1.615146	-8.709902	-1.651927	-6.707274	-1.190389	-1.004149	-5.018264	-4.603366	-0.912924
-4.817398	-4.862917	-1.163742	-1.655560	-8.675063	-1.645325	-6.680445	-1.182118	-1.188199	-4.798972	-4.584952	-0.909271
-4.798128	-4.960699	-1.159087	-1.672376	-8.640362	-1.638748	-6.653724	-1.175635	-1.277479	-4.680167	-4.566613	-0.905634
-4.778936	-4.999473	-1.154451	-1.677405	-8.605801	-1.632194	-6.627109	-1.170055	-0.819386	-4.611642	-4.548346	-0.902011
-4.759820	-5.008784	-1.149833	-1.676555	-8.571378	-1.625666	-6.600600	-1.164936	-0.590339	-4.568293	-4.530153	-0.898403
-4.740781	-4.503403	-1.145234	-1.672778	-8.537092	-1.619164	-6.574198	-1.160057	-0.975816	-4.537569	-4.512032	-0.894809
-4.721818	-4.242716	-1.140653	-1.667552	-8.502944	-1.612688	-6.547901	-1.155307	-1.165832	-4.513193	-4.493984	-0.891230
-4.702930	-4.604409	-1.136090	-1.661614	-8.468932	-1.606237	-6.521709	-1.650631	-0.758128	-4.492027	-4.476008	-0.887665
-4.684119	-4.775323	-1.131546	-1.655334	-8.435056	-1.599812	-6.495623	-1.894001	-0.554276	-4.472503	-4.458104	-0.884114
-4.665382	-4.850888	-1.127019	-1.648896	-8.401316	-1.593413	-6.469640	-2.011411	-0.452350	-4.453834	-4.440272	-0.880578
-4.646721	-4.878817	-1.122511	-1.642392	-8.367711	-1.587039	-6.443762	-2.065859	-0.401387	-4.435630	-4.422511	-0.877056
-4.628134	-4.882968	-1.118021	-1.635868	-8.334240	-1.580691	-6.417987	-2.088842	-0.375906	-4.417693	-4.404820	-0.873547
-4.609621	-4.875270	-1.113549	-1.629347	-8.300903	-1.574368	-6.392315	-2.096110	-0.863165	-4.399925	-4.387201	-0.870053
-4.591183	-4.861685	-1.109095	-1.622841	-8.267699	-1.568071	-6.366745	-2.095537	-1.104094	-4.382276	-4.369652	-0.866573
-4.572818	-4.345197	-1.104659	-1.116356	-8.234629	-1.561798	-6.341278	-1.591061	-0.721868	-4.864723	-4.352174	-0.863107
-4.554527	-4.079295	-1.100240	-0.861893	-8.201690	-1.555551	-6.315913	-1.336649	-0.530755	-5.095252	-4.334765	-0.859654
-4.536309	-3.938717	-1.095839	-0.733447	-8.168883	-1.549329	-6.290650	-1.207279	-0.935199	-4.699865	-4.317426	-0.856216
-4.518163	-3.860832	-1.091456	-0.668014	-8.136208	-1.543132	-6.265487	-1.140438	-1.134741	-4.493562	-4.300156	-0.852791
-4.500091	-4.314324	-1.087090	-0.634092	-8.103663	-1.536959	-6.240425	-1.104871	-0.731844	-4.381837	-4.282956	-0.849380
-4.482090	-4.531534	-1.082742	-0.615931	-8.071248	-1.530811	-6.215463	-1.084948	-0.530395	-4.317434	-4.265824	-0.845982
-4.464162	-4.630642	-1.078411	-0.605655	-8.038963	-1.524688	-6.190601	-1.072857	-0.429671	-4.276726	-4.248761	-0.842598
-4.446305	-4.670736	-1.074097	-1.099326	-8.006807	-1.518589	-6.165839	-1.564690	-0.379309	-4.247900	-4.231766	-0.839228
-4.428520	-4.681361	-1.069801	-1.342976	-7.974780	-1.512515	-6.141176	-1.806493	-0.354128	-4.225049	-4.214838	-0.835871
-4.410806	-4.677290	-1.065521	-1.461627	-7.942881	-1.506465	-6.116611	-1.423298	-0.341537	-4.705219	-4.197979	-0.832527
-4.393163	-4.665908	-1.061259	-1.517792	-7.911110	-1.500439	-6.092145	-1.229621	-0.335242	-4.934933	-4.181187	-0.829197
-4.375590	-4.650908	-1.057014	-1.542727	-7.879465	-1.494437	-6.067776	-1.130710	-0.332094	-4.539461	-4.164462	-0.825880
-4.358088	-4.634136	-1.052786	-1.552059	-7.847947	-1.488460	-6.043505	-1.079191	-0.330520	-4.333437	-4.147805	-0.822577
-4.340655	-4.116516	-1.048575	-1.053602	-7.816555	-1.482506	-6.019331	-1.551376	-0.329733	-4.222170	-4.131213	-0.819287
-4.323293	-3.850507	-1.044381	-0.803264	-7.785289	-1.476576	-5.995254	-1.783422	-0.329340	-4.158315	-4.114689	-0.816009
-4.306000	-3.710334	-1.040203	-0.676988	-7.754148	-1.470669	-5.971273	-1.895413	-0.329143	-4.118198	-4.098230	-0.812745
-4.288776	-3.633108	-1.036042	-1.112749	-7.723132	-1.464787	-5.947387	-1.947395	-0.329045	-4.089984	-4.081837	-0.809494
-4.271621	-3.587382	-1.031898	-1.327533	-7.692239	-1.458928	-5.923598	-1.969386	-0.328996	-4.067753	-4.065510	-0.806256
-4.254534	-4.057436	-1.027771	-1.431840	-7.661470	-1.453092	-5.899903	-1.976399	-0.828971	-4.048547	-4.049247	-0.803031
-4.237516	-4.283409	-1.023660	-1.480921	-7.630824	-1.447280	-5.876304	-1.975939	-1.076301	-4.030885	-4.033050	-0.799819
-4.220566	-4.387376	-1.019565	-1.502402	-7.600301	-1.441490	-5.852799	-1.471758	-0.697319	-4.014028	-4.016918	-0.796620
-4.203684	-4.430377	-1.015487	-1.510094	-7.569900	-1.435724	-5.829387	-1.217732	-0.507827	-3.997605	-4.000851	-0.793434
-4.186869	-4.442930	-1.011425	-1.510905	-7.539620	-1.429982	-5.806070	-1.088792	-0.413082	-3.981431	-3.984847	-0.790260
-4.170121	-4.440296	-1.007379	-1.508287	-7.509462	-1.424262	-5.782846	-1.022402	-0.365709	-3.965413	-3.968908	-0.787099
-4.153441	-4.430104	-1.003349	-1.503967	-7.479424	-1.418565	-5.759714	-0.987295	-0.342023	-3.949506	-3.953032	-0.783950
-4.136827	-3.916168	-0.999336	-1.498807	-7.449506	-1.412890	-5.736675	-0.967838	-0.830179	-3.933685	-3.937220	-0.780815
-4.120280	-3.652395	-0.995339	-1.493240	-7.419708	-1.407239	-5.713729	-0.956212	-1.071621	-3.917939	-3.921471	-0.777691
-4.103799	-4.013732	-0.991357	-1.487481	-7.390029	-1.401610	-5.690874	-1.448510	-0.689716	-3.902261	-3.905785	-0.774581
-4.087384	-4.185650	-0.987392	-1.481638	-7.360469	-1.396003	-5.668110	-1.690777	-0.498763	-3.886649	-3.890162	-0.771482
-4.071034	-4.262894	-0.983442	-1.475765	-7.331027	-1.390419	-5.645438	-1.308045	-0.403287	-3.871101	-3.874601	-0.768396
-4.054750	-4.292836	-0.979509	-1.469889	-7.301703	-1.384858	-5.622856	-1.114828	-0.355549	-3.855616	-3.859103	-0.765323
-4.038531	-3.799161	-0.975591	-0.964023	-7.272496	-1.379318	-5.600365	-1.516376	-0.831680	-3.340193	-3.843667	-0.762261
-4.022377	-3.545713	-0.971688	-0.711090	-7.243406	-1.373801	-5.577963	-1.713315	-1.067130	-3.076832	-3.828292	-0.759212
-4.006287	-3.412404	-0.967801	-0.584623	-7.214433	-1.368306	-5.555651	-1.807963	-1.182249	-2.939525	-3.812979	-0.756176
-3.990262	-3.839191	-0.963930	-1.021390	-7.185575	-1.362833	-5.533429	-1.351482	-0.737215	-3.365267	-3.797727	-0.753151
-3.974301	-4.044053	-0.960075	-1.236857	-7.156833	-1.357381	-5.511295	-1.121452	-0.514697	-3.570556	-3.782536	-0.750138
-3.958404	-3.637986	-0.956234	-1.341686	-7.128205	-1.351952	-5.489250	-1.004654	-0.403438	-3.665648	-3.767406	-0.747138
-3.942570	-3.428489	-0.952409	-1.391207	-7.099692	-1.346544	-5.467293	-0.944479	-0.347809	-3.705673	-3.752336	-0.744149
-3.926800	-3.817302	-0.948600	-1.413087	-7.071294	-1.341158	-5.445424	-0.912623	-0.319994	-3.718194	-3.737327	-0.741173
-3.911093	-4.003297	-0.944805	-1.421156	-7.043009	-1.335793	-5.423642	-0.894934	-0.306087	-3.716993	-3.722378	-0.738208
-3.895448	-3.587915	-0.941026	-1.422333	-7.014836	-1.330450	-5.401947	-1.384334	-0.299133	-3.708961	-3.707488	-0.735255
-3.879867	-3.373880	-0.937262	-1.420074	-6.986777	-1.325128	-5.380340	-1.625287	-0.295656	-3.697543	-3.692658	-0.732314
-3.864347	-3.260542	-0.933513	-1.416109	-6.958830	-1.319828	-5.358818	-1.742031	-0.293918	-3.684462	-3.677887	-0.729385
-3.848890	-3.197579	-0.929779	-1.411302	-6.930995	-1.314548	-5.337383	-1.296686	-0.293049	-3.670579	-3.663176	-0.726467
-3.833494	-3.159828	-0.926060	-1.406086	-6.903271	-1.309290	-5.316033	-1.072310	-0.292614	-3.656324	-3.648523	-0.723561
-3.818160	-3.634709	-0.922355	-1.400676	-6.875658	-1.304053	-5.294769	-0.958427	-0.292397	-3.641912	-3.633929	-0.720667
-3.802888	-3.863930	-0.918666	-1.395180	-6.848155	-1.298837	-5.273590	-0.899796	-0.292288	-3.627451	-3.619393	-0.717784
-3.787676	-3.970354	-1.414991	-1.389653	-6.820762	-1.293641	-5.252496	-0.868798	-0.292234	-3.612995	-3.604916	-0.714913
-3.772525	-4.015412	-1.659331	-1.384121	-6.793479	-1.288467	-5.231486	-0.851624	-0.292207	-3.598570	-3.590496	-0.712054
-3.757435	-3.529821	-1.777694	-1.378598	-6.766305	-1.283313	-5.210560	-0.841367	-0.292193	-3.584189	-3.576134	-0.709205
-3.742405	-3.280936	-1.833083	-1.373090	-6.739240	-1.278180	-5.189718	-0.834577	-0.292186	-3.569859	-3.561830	-0.706369
-3.727436	-3.150430	-1.857001	-1.367601	-6.712283	-1.273067	-5.168959	-0.829526	-0.292183	-3.555583	-3.547582	-0.703543
-3.712526	-3.579137	-1.865198	-1.362133	-6.685434	-1.267975	-5.148283	-0.825352	-0.292181	-3.541362	-3.533392	-0.700729
-3.697676	-3.785475	-1.865550	-1.356685	-6.658692	-1.262903	-5.127690	-0.821623	-0.292180	-3.527197	-3.519258	-0.697926
-3.682885	-3.380660	-1.361994	-1.351259	-6.632058	-1.257851	-5.107179	-0.818122	-0.292180	-3.513089	-3.505181	-0.695134
-3.668154	-3.172301	-1.108499	-1.345854	-6.605529	-1.252820	-5.086750	-0.814743	-0.292180	-3.499037	-3.491161	-0.692354
-3.653481	-3.562194	-0.980041	-1.340471	-6.579107	-1.247809	-5.566403	-0.811430	-0.292180	-3.485041	-3.477196	-0.689584
-3.638867	-3.749236	-0.914110	-1.335109	-6.552791	-1.242817	-5.794138	-0.808158	-0.292180	-3.471101	-3.463287	-0.686826
-3.624312	-3.834884	-0.879447	-1.329768	-6.526580	-1.237846	-5.395961	-1.304912	-0.792180	-3.457216	-3.449434	-0.684079
-3.609814	-3.869868	-0.860427	-1.324449	-6.500473	-1.232895	-5.186877	-1.549685	-1.039595	-3.443387	-3.435636	-0.681342
-3.595375	-3.879550	-0.849233	-1.319151	-6.474471	-1.227963	-5.072380	-1.668483	-1.160729	-3.429614	-3.421894	-0.678617
-3.580994	-3.376612	-0.841961	-1.313875	-6.448574	-1.223051	-5.005215	-1.224308	-0.718732	-3.915895	-3.408206	-0.675903
-3.566670	-3.119396	-0.836655	-1.308619	-6.422779	-1.218159	-4.961757	-1.000659	-0.497734	-4.150232	-3.394573	-0.673199
-3.552403	-3.485063	-0.832339	-1.303385	-6.397088	-1.213286	-4.930191	-0.887281	-0.387235	-3.758631	-3.380995	-0.670506
-3.538193	-3.660196	-0.828526	-1.298171	-6.371500	-1.208433	-4.904611	-0.829045	-0.331985	-3.556096	-3.367471	-0.667824
-3.524041	-3.240091	-0.824969	-0.792979	-6.346014	-1.203599	-4.882063	-0.798385	-0.304360	-3.448122	-3.354001	-0.665153
-3.509945	-3.024399	-0.821548	-0.540382	-6.320630	-1.198785	-4.861070	-0.781519	-0.290548	-3.387454	-3.340585	-0.662492
-3.495905	-2.910936	-0.818202	-0.914084	-6.295347	-1.193990	-4.840893	-0.771557	-0.783642	-3.350467	-3.327223	-0.659842
-3.481921	-2.848609	-0.814898	-1.098359	-6.270166	-1.189214	-4.821163	-0.765053	-1.027635	-3.325347	-3.313914	-0.657203
-3.467993	-2.811873	-0.811624	-1.187932	-6.245085	-1.184457	-4.801696	-0.760284	-1.147089	-3.306186	-3.300658	-0.654574
-3.454121	-3.287955	-0.808370	-1.230163	-6.220105	-1.179719	-4.782397	-1.256388	-0.704282	-3.290031	-3.287456	-0.651956
-3.440305	-3.518468	-0.805132	-1.248734	-6.195224	-1.175000	-4.763222	-1.500935	-0.482879	-3.275406	-3.274306	-0.649348
-3.426544	-3.626226	-0.801910	-1.255485	-6.170444	-1.170300	-4.744146	-1.119718	-0.372177	-3.261572	-3.261209	-0.646751
-3.412838	-3.672637	-0.798701	-1.256336	-6.145762	-1.165619	-4.725158	-0.927632	-0.316827	-3.248160	-3.248164	-0.644164
-3.399186	-3.188405	-0.795506	-1.254247	-6.121179	-1.160957	-4.706252	-0.830118	-0.289151	-3.234984	-3.235171	-0.641587
-3.385589	-2.940880	-0.792324	-1.250698	-6.096694	-1.156313	-4.687424	-0.779896	-0.275314	-3.221953	-3.222231	-0.639021
-3.372047	-2.811731	-0.789154	-1.246429	-6.072307	-1.151688	-4.668673	-0.753326	-0.268395	-3.209019	-3.209342	-0.636464
-3.358559	-2.741792	-0.785998	-1.241811	-6.048018	-1.147081	-4.649997	-0.738587	-0.264935	-3.196160	-3.196504	-0.633919
-3.345125	-2.701478	-0.782854	-1.237027	-6.023826	-1.142493	-4.631397	-1.229770	-0.263206	-3.183364	-3.183718	-0.631383
-3.331744	-2.675999	-0.779722	-1.232170	-5.999731	-1.137923	-4.612871	-1.471919	-0.262341	-3.170625	-3.170983	-0.628857
-3.318417	-2.657958	-0.776603	-1.227288	-5.975732	-1.133371	-4.594420	-1.589566	-0.261908	-3.157939	-3.158299	-0.626342
-3.305144	-2.643658	-0.773497	-1.222401	-5.951829	-0.628837	-4.576042	-1.144975	-0.261692	-3.145306	-3.145666	-0.623837
-3.291923	-2.631249	-0.770403	-1.217523	-5.928021	-0.376571	-4.557738	-0.921279	-0.261584	-3.132724	-3.133084	-0.621341
-3.278755	-3.119807	-0.767321	-1.212659	-5.904309	-0.750437	-4.539507	-1.308035	-0.261530	-3.120193	-3.120551	-0.618856
-3.265640	-3.356870	-0.764252	-1.207811	-5.880692	-0.935122	-4.521349	-1.498024	-0.261503	-3.107712	-3.108069	-0.616380
-3.252578	-3.468213	-0.761195	-1.202981	-5.857169	-1.025225	-4.503263	-1.089642	-0.261489	-3.095281	-3.095637	-0.613915
-3.239567	-3.516725	-0.758150	-1.198170	-5.833741	-1.068046	-4.485250	-0.884089	-0.261483	-3.082900	-3.083254	-0.611459
-3.226609	-3.533851	-0.755118	-1.193378	-5.810406	-1.087234	-4.967309	-0.779955	-0.261479	-3.070568	-3.070921	-0.609013
-3.213703	-3.535312	-0.752097	-1.188605	-5.787164	-1.094616	-5.197440	-0.726537	-0.261477	-3.058286	-3.058637	-0.606577
-3.200848	-3.528969	-0.749089	-1.183850	-5.764015	-1.096102	-5.301650	-0.698481	-0.261477	-3.046053	-3.046403	-0.604151
-3.188044	-3.518752	-0.746092	-1.179115	-5.740959	-1.094651	-4.842944	-0.683113	-0.261476	-3.033869	-3.034217	-0.601734
-3.175292	-3.506627	-0.743108	-1.174398	-5.717996	-1.091738	-4.604822	-0.674093	-0.261476	-3.021733	-3.022080	-0.599328
-3.162591	-3.493575	-0.740136	-1.169701	-5.695124	-1.088104	-4.477028	-0.668253	-0.261476	-3.009646	-3.009992	-0.596930
-3.149941	-3.480088	-0.737175	-1.165022	-5.672343	-1.084119	-4.404432	-0.664008	-0.261476	-2.997608	-2.997952	-0.594543
-3.137341	-2.966411	-1.234226	-1.160362	-5.649654	-1.079965	-4.359471	-0.660566	-0.261476	-2.985617	-2.985960	-0.592164
-3.124792	-2.704668	-1.479290	-1.155721	-5.627055	-1.075737	-4.328361	-0.657531	-0.261476	-2.973675	-2.974017	-0.589796
-3.112292	-3.068910	-1.098372	-1.151098	-5.604547	-1.071480	-4.304211	-0.654704	-0.261476	-2.961780	-2.962120	-0.587437
-3.099843	-3.244165	-0.906479	-1.146493	-5.582129	-1.067217	-4.283577	-0.651987	-0.261476	-2.949933	-2.950272	-0.585087
-3.087444	-3.324953	-0.809103	-1.141907	-5.559800	-1.062960	-4.264733	-0.649330	-0.261476	-2.938133	-2.938471	-0.582746
-3.075094	-3.358536	-0.758992	-0.637340	-5.537561	-1.058714	-4.246820	-0.646708	-0.261476	-2.926381	-2.926717	-0.580415
-3.062794	-3.368543	-0.732518	-0.385056	-5.515411	-1.054482	-4.229405	-0.644109	-0.261476	-2.914675	-2.915010	-0.578094
-3.050543	-2.866790	-0.717869	-0.758914	-5.493349	-1.050265	-4.212274	-0.641527	-0.761476	-2.903017	-2.903350	-0.575781
-3.038340	-2.611183	-0.709138	-0.943577	-5.471376	-1.046065	-4.195318	-0.638957	-1.008953	-2.891404	-2.891737	-0.573478
-3.026187	-2.978668	-0.703372	-1.033653	-5.449490	-1.041881	-4.178484	-0.636400	-0.630179	-2.879839	-2.880170	-0.571184
-3.014082	-3.155719	-0.699094	-1.076443	-5.427692	-1.037713	-4.161743	-0.633854	-0.440791	-2.868319	-2.868649	-0.568900
-3.002026	-2.737578	-0.695565	-0.595599	-5.405981	-1.033563	-4.145083	-0.631318	-0.346098	-2.856846	-2.857174	-0.566624
-2.990018	-2.523869	-0.692417	-0.355178	-5.384357	-1.029428	-4.128496	-0.628792	-0.298751	-2.845419	-2.845746	-0.564358
-2.978058	-2.412394	-0.689464	-0.234967	-5.362820	-1.025311	-4.111978	-0.626277	-0.275078	-2.834037	-2.834363	-0.562100
-2.966146	-2.352055	-0.686614	-0.674862	-5.341369	-1.021210	-4.095529	-1.123772	-0.263241	-2.822701	-2.823025	-0.559852
-2.954281	-2.317302	-0.683822	-0.892579	-5.320003	-1.017125	-4.079146	-1.369277	-0.257323	-2.811410	-2.811733	-0.557612
-2.942464	-2.295361	-0.681064	-0.999218	-5.298723	-1.013056	-4.062829	-0.988800	-0.254363	-2.800165	-2.800486	-0.555382
-2.930694	-2.279843	-0.678328	-1.050325	-5.277528	-1.009004	-4.046577	-0.797344	-0.252884	-2.788964	-2.789284	-0.553160
-2.918971	-2.767555	-0.675609	-1.073676	-5.256418	-1.004968	-4.030391	-0.700405	-0.252144	-2.777808	-2.778127	-0.550948
-2.907295	-3.004901	-0.672904	-1.083157	-5.235393	-1.000948	-4.014269	-0.650728	-0.251774	-2.766697	-2.767015	-0.548744
-2.895666	-3.117089	-0.670211	-1.085713	-5.214451	-0.996944	-3.998212	-0.624688	-0.251589	-2.755630	-2.755947	-0.546549
-2.884084	-3.166725	-0.667529	-1.084814	-5.193593	-0.992957	-3.982219	-0.610471	-0.251497	-2.744607	-2.744923	-0.544363
-2.872547	-3.185110	-0.664859	-1.082197	-5.172819	-0.988985	-3.966290	-0.602169	-0.251450	-2.733629	-2.733943	-0.542185
-2.861057	-2.687896	-0.662199	-1.078729	-5.152128	-0.985029	-3.950425	-0.596831	-0.251427	-2.722695	-2.723007	-0.540017
-2.849613	-2.434907	-0.659550	-1.074844	-5.131519	-0.981089	-3.934623	-0.592979	-0.251416	-2.711804	-2.712115	-0.537856
-2.838214	-2.804049	-0.656912	-1.070760	-5.110993	-0.977164	-3.918885	-0.589874	-0.251410	-2.700957	-2.701267	-0.535705
-2.826861	-2.982274	-0.654284	-1.066585	-5.090549	-0.973256	-3.903209	-0.587149	-0.251407	-2.690153	-2.690462	-0.533562
-2.815554	-2.565065	-0.651667	-1.062372	-5.070187	-0.969363	-3.887597	-0.584617	-0.251406	-2.179392	-2.679700	-0.531428
-2.804292	-2.352165	-0.649061	-1.058150	-5.049906	-0.965485	-3.872046	-0.582187	-0.251405	-1.920675	-2.668981	-0.529302
-2.793075	-2.741436	-0.646464	-1.053931	-5.029706	-0.961623	-3.856558	-0.579812	-0.251405	-2.287992	-2.658305	-0.527185
-2.781902	-2.929811	-0.643879	-1.049722	-5.009588	-0.957777	-3.841132	-0.577470	-0.251404	-2.466340	-2.647672	-0.525076
-2.770775	-3.017761	-0.641303	-1.045526	-4.989549	-0.953946	-3.825767	-0.575149	-0.251404	-2.550225	-2.637081	-0.522976
-2.759692	-3.055525	-0.638738	-1.041346	-4.969591	-0.950130	-3.810464	-0.572843	-0.251404	-2.086899	-2.626533	-0.520884
-2.748653	-3.068221	-0.636183	-1.037181	-4.949713	-0.946329	-3.795222	-0.570548	-0.251404	-1.851989	-2.616027	-0.518801
-2.737658	-3.068407	-0.633638	-1.033033	-4.929914	-0.942544	-3.780041	-0.568265	-0.251404	-2.231299	-2.605563	-0.516725
-2.726708	-3.062362	-0.631104	-1.028901	-4.910194	-0.938774	-3.764921	-0.565991	-0.251404	-2.415733	-2.595141	-0.514658
-2.715801	-2.553228	-0.628579	-1.024785	-4.890553	-0.935019	-3.749862	-0.563727	-0.251404	-2.002750	-2.584760	-0.512600
-2.704938	-2.294572	-0.626065	-1.020686	-4.870991	-0.931279	-3.734862	-0.561472	-0.251404	-1.793079	-2.574421	-0.510549
-2.694118	-2.161172	-0.623561	-1.016604	-4.851507	-0.927554	-3.719923	-0.559226	-0.251404	-2.185077	-2.564123	-0.508507
-2.683341	-2.090417	-0.621066	-1.012537	-4.832101	-0.923843	-3.705043	-0.556989	-0.251404	-2.375921	-2.553867	-0.506473
-2.672608	-2.051000	-0.618582	-1.008487	-4.812773	-0.920148	-3.690223	-0.554761	-0.251404	-2.466210	-2.543651	-0.504447
-2.661918	-2.027268	-0.616108	-1.004453	-4.793522	-0.916467	-3.675462	-0.552542	-0.251404	-2.506242	-2.533477	-0.502429
-2.651270	-2.011395	-0.613643	-1.000435	-4.774348	-0.912802	-3.660760	-0.550332	-0.251404	-2.521165	-2.523343	-0.500420
-2.640665	-2.499468	-1.111189	-0.496434	-4.755250	-0.909150	-3.646117	-0.548130	-0.251404	-2.523554	-2.513249	-0.499415
-2.630102	-2.737529	-1.356744	-0.244433	-4.736229	-0.905514	-3.631533	-0.545938	-0.251404	-2.519697	-2.503196	-0.498912
-2.619582	-2.350609	-0.976317	-0.618432	-4.717284	-0.901892	-3.617006	-0.543754	-0.251404	-2.512737	-2.493184	-0.498661
-2.609103	-2.153221	-0.784912	-0.803447	-4.698415	-0.898284	-3.602538	-0.541579	-0.251404	-2.504245	-2.483211	-0.498536
-2.598667	-2.550615	-0.688022	-0.893978	-4.679622	-0.894691	-3.588128	-0.539413	-0.251404	-1.995008	-2.473278	-0.498473
-2.588272	-2.743417	-0.638395	-0.937274	-4.660903	-0.891112	-3.573776	-0.537255	-0.251404	-1.737417	-2.463385	-0.498441
-2.577919	-2.833945	-0.612404	-0.956961	-4.642259	-0.887548	-3.559481	-0.535106	-0.251404	-1.605663	-2.453531	-0.498426
-2.567608	-2.873360	-0.598236	-0.964851	-4.623690	-0.883998	-3.545243	-0.532966	-0.251404	-1.536837	-2.443717	-0.498418
-2.557337	-2.887242	-0.589983	-0.966851	-4.605196	-0.880462	-3.531062	-0.530834	-0.251404	-1.499489	-2.433942	-0.498414
-2.547108	-2.888381	-0.584694	-0.965913	-4.586775	-0.876940	-3.516937	-0.528710	-0.251404	-1.977890	-2.424207	-0.498412
-2.536919	-2.883171	-0.580890	-0.963514	-4.568428	-0.873432	-3.502870	-0.526595	-0.251404	-2.212178	-2.414510	-0.498411
-2.526772	-2.374810	-0.577834	-0.960392	-4.550154	-0.869938	-3.488858	-1.024489	-0.751404	-1.824429	-2.404852	-0.498411
-2.516665	-2.116897	-0.575156	-0.956917	-4.531953	-0.866458	-3.474903	-1.270391	-0.998901	-1.627682	-2.395232	-0.498410
-2.506598	-2.484222	-1.572673	-0.953272	-4.513826	-0.862993	-3.461003	-0.890310	-0.620157	-2.026446	-2.385651	-0.498410
-2.496572	-2.662182	-2.066290	-0.949551	-4.495770	-0.859541	-3.447159	-0.699248	-0.430785	-2.220978	-2.376109	-0.498410
-2.486585	-2.745482	-1.307980	-0.945798	-4.477787	-0.856102	-3.433371	-0.602701	-0.336099	-2.313412	-2.366604	-0.498410
-2.476639	-2.781474	-0.927725	-0.942038	-4.459876	-0.852678	-3.419637	-0.553416	-0.288756	-2.354818	-2.357138	-0.498410
-2.466732	-2.793835	-0.736502	-0.938281	-4.442037	-0.849267	-3.405959	-0.527764	-0.265084	-2.370729	-2.347709	-0.498410
-2.456865	-2.294403	-0.639801	-0.934534	-4.424268	-0.845870	-3.392335	-0.513935	-0.253249	-1.873910	-2.338319	-0.498410
-2.447038	-2.041097	-0.590364	-0.930799	-4.406571	-0.842487	-3.378765	-0.506019	-0.247331	-1.622747	-2.328965	-0.498410
-2.437250	-1.910869	-0.564563	-0.927077	-4.388945	-0.839117	-3.365250	-1.002062	-0.244372	-1.994422	-2.319649	-0.498410
-2.427501	-1.842193	-0.550586	-0.923369	-4.371389	-0.835760	-3.351789	-1.247087	-0.242892	-2.175528	-2.310371	-0.498410
-2.417791	-1.804308	-0.542523	-0.919676	-4.353904	-0.832417	-3.338382	-0.866615	-0.242153	-1.761367	-2.301129	-0.498410
-2.408120	-1.781833	-0.537423	-0.915998	-4.336488	-0.829088	-3.325029	-0.676379	-0.241783	-1.551593	-2.291925	-0.498410
