-1.113390	 0.499365	 0.470691	-0.474932	-0.005585	-0.124824	-0.354619	 0.124736	 0.475518	-0.499713	-0.498829	 0.498479
-1.171558	 0.499365	 0.484675	-0.474932	 0.182863	-0.312031	-0.307269	 0.311852	 0.475518	-0.499713	-0.498829	 0.498479
-0.698183	 0.499365	 0.491667	-0.474932	 0.277087	-0.405634	-0.283594	 0.405410	 0.475518	-0.499713	-0.498829	 0.498479
-0.461496	 0.499365	 0.495163	-0.474932	 0.324199	-0.452436	-0.271756	 0.452190	 0.475518	-0.499713	-0.498829	 0.498479
-0.343152	 0.499365	 0.496911	-0.474932	 0.347755	-0.475837	-0.265838	 0.475579	 0.475518	-0.499713	-0.498829	 0.498479
-0.283980	 0.499365	 0.497785	-0.474932	 0.359533	-0.487537	-0.262878	 0.487274	 0.475518	 0.000287	-0.498829	 0.498479
-0.254394	 0.499365	 0.498221	-0.474932	 0.365422	-0.493387	-0.261399	 0.493121	 0.475518	 0.249287	-0.498829	 0.498479
-0.239601	 0.499365	 0.498440	-0.474932	 0.368367	 0.003688	-0.260659	 0.496045	 0.475518	-0.126214	-0.498829	 0.498479
-0.232205	 0.499365	 0.498549	-0.474932	 0.369839	 0.251224	-0.260289	 0.497507	 0.475518	-0.312960	-0.498829	 0.498479
-0.728506	 0.499365	 0.498604	-0.474932	 0.370575	 0.374992	-0.260104	-0.001762	 0.475518	-0.406334	-0.498829	 0.498479
-0.974208	 0.499365	 0.498631	-0.474932	 0.370943	 0.436876	-0.260011	-0.250395	 0.475518	-0.453021	-0.498829	 0.498479
-0.594619	 0.499365	-0.001355	-0.474932	 0.371127	-0.032182	-0.259965	 0.125289	 0.475518	-0.476364	-0.498829	 0.498479
-0.404824	 0.499365	-0.250346	-0.474932	 0.371219	-0.265709	-0.259942	 0.312129	 0.475518	-0.488036	-0.498829	 0.498479
-0.309927	 0.499365	-0.374841	-0.474932	 0.371265	-0.382472	-0.259930	 0.405549	 0.475518	-0.493871	-0.498829	 0.498479
-0.262478	 0.499365	 0.062911	-0.474932	 0.371288	-0.440854	-0.259925	-0.047741	 0.475518	 0.003211	-0.498829	 0.498479
-0.238754	 0.499365	 0.280786	-0.474932	 0.371300	-0.470045	-0.259922	-0.273384	 0.475518	 0.250751	-0.498829	 0.498479
-0.226892	 0.499365	 0.389724	-0.474932	 0.371305	 0.015360	-0.259920	 0.113794	 0.475518	 0.374521	-0.498829	 0.498479
-0.220960	 0.499365	 0.444192	-0.474932	 0.371308	 0.257061	-0.259920	 0.306382	 0.475518	 0.436407	-0.498829	 0.498479
-0.217995	 0.499365	 0.471427	-0.474932	 0.371310	-0.122089	-0.259919	-0.097325	 0.475518	-0.032651	-0.498829	 0.498479
-0.216512	 0.499365	 0.485044	-0.474932	 0.371311	-0.310661	-0.259919	-0.298176	 0.475518	-0.266176	-0.498829	 0.498479
-0.215771	 0.499365	 0.491853	-0.474932	 0.371311	-0.404947	-0.259919	-0.398601	 0.475518	-0.382939	-0.498829	 0.498479
-0.215400	 0.499365	 0.495257	-0.474932	 0.371311	-0.452090	-0.259919	-0.448814	 0.475518	-0.441320	-0.498829	 0.498479
-0.215215	 0.499365	 0.496959	-0.474932	 0.371311	-0.475662	-0.259919	-0.473920	 0.475518	-0.470511	-0.498829	 0.498479
-0.715122	 0.499365	 0.497810	-0.474932	 0.371311	-0.487448	-0.259919	 0.013526	 0.475518	-0.485106	-0.498829	 0.498479
-0.962646	 0.499365	 0.498236	-0.474932	 0.371311	-0.493341	-0.259919	 0.256248	 0.475518	-0.492404	-0.498829	 0.498479
-0.583987	 0.499365	 0.498448	-0.474932	-0.128689	 0.003713	-0.259919	-0.122391	 0.475518	-0.496053	-0.498829	 0.498479
-0.394658	 0.499365	 0.498555	-0.474932	-0.377431	 0.251238	-0.259919	-0.310709	 0.475518	-0.497877	-0.498829	 0.498479
-0.299993	 0.499365	 0.498608	-0.474932	-0.000550	 0.375001	-0.259919	 0.095132	 0.475518	-0.498789	-0.498829	 0.498479
-0.252661	 0.499365	 0.498635	-0.474932	 0.187890	 0.436882	-0.259919	 0.297051	 0.475518	-0.499245	-0.498829	 0.498479
-0.228995	 0.499365	-0.001352	-0.474932	 0.282110	-0.032177	-0.259919	 0.398010	 0.475518	-0.499473	-0.498829	 0.498479
-0.217162	 0.499365	-0.250343	-0.474932	 0.329221	-0.265704	-0.259919	 0.448490	 0.475518	-0.499587	-0.498829	 0.498479
-0.211245	 0.499365	-0.374838	-0.474932	 0.352776	-0.382468	-0.259919	 0.473730	 0.475518	-0.499645	-0.498829	 0.498479
-0.708287	 0.499365	-0.437086	-0.474932	 0.364553	 0.059150	-0.259919	 0.486350	 0.475518	-0.499673	-0.498829	 0.498479
-0.954397	 0.499365	-0.468210	-0.474932	 0.370442	 0.278958	-0.259919	 0.492660	 0.475518	-0.499687	-0.498829	 0.498479
-0.575051	 0.499365	 0.016228	-0.474932	 0.373386	 0.388861	-0.259919	 0.495815	 0.475518	-0.499694	-0.498829	 0.498479
-0.385378	 0.499365	 0.257446	-0.474932	 0.374858	 0.443813	-0.259919	 0.497392	 0.475518	-0.499698	-0.498829	 0.498479
-0.290542	 0.499365	 0.378055	-0.474932	 0.375595	-0.028711	-0.259919	 0.498181	 0.475518	-0.499700	-0.498829	 0.498479
-0.243123	 0.499365	 0.438359	-0.474932	 0.375963	-0.263970	-0.259919	 0.498575	 0.475518	-0.499701	-0.498829	 0.498479
-0.219414	 0.499365	 0.468512	-0.474932	 0.376147	 0.118400	-0.259919	 0.498772	 0.475518	-0.499701	-0.498829	 0.498479
-0.207560	 0.499365	 0.483588	-0.474932	 0.376239	 0.308584	-0.259919	 0.498871	 0.475518	-0.499701	-0.498829	 0.498479
-0.201633	 0.499365	 0.491126	-0.474932	 0.376285	 0.403675	-0.259919	 0.498920	 0.475518	-0.499701	-0.498829	 0.498479
-0.198669	 0.499365	 0.494895	-0.474932	 0.376308	 0.451221	-0.259919	 0.498945	 0.475518	-0.499701	-0.498829	 0.498479
-0.197187	 0.499365	 0.496779	-0.474932	 0.376319	 0.474994	-0.259919	 0.498957	 0.475518	-0.499701	-0.498829	 0.498479
-0.196446	 0.499365	 0.497722	-0.474932	 0.376325	 0.486881	-0.259919	 0.498963	 0.475518	 0.000298	-0.498829	 0.498479
-0.196076	 0.499365	 0.498193	-0.474932	 0.376328	 0.492824	-0.259919	 0.498967	 0.475518	 0.249298	-0.498829	 0.498479
-0.195890	 0.499365	 0.498428	-0.474932	 0.376329	 0.495796	-0.259919	 0.498968	 0.475518	 0.373798	-0.498829	 0.498479
-0.195798	 0.499365	 0.498546	-0.474932	 0.376330	 0.497281	-0.259919	 0.498969	 0.475518	 0.436047	-0.498829	 0.498479
-0.195752	 0.499365	 0.498605	-0.474932	 0.376330	 0.498024	-0.259919	 0.998969	 0.475518	 0.467172	-0.498829	 0.498479
-0.195728	 0.499365	 0.498634	-0.474932	 0.376331	 0.498396	-0.259919	 1.245971	 0.475518	 0.482735	-0.498829	 0.498479
-0.195717	 0.499365	 0.498649	-0.474932	 0.376331	 0.498581	-0.259919	 1.366487	 0.475518	 0.490516	-0.498829	 0.498479
-0.195711	 0.499365	 0.498657	-0.474932	 0.376331	-0.001326	-0.259919	 0.923770	 0.475518	-0.005593	 0.001171	 0.498479
-0.195708	 0.499365	 0.498660	-0.474932	 0.376331	-0.250277	-0.259919	 0.702412	 0.475518	-0.252645	 0.250169	 0.498479
-0.195707	 0.499365	 0.498662	-0.474932	 0.376331	 0.125248	-0.259919	 0.591733	 0.475518	 0.123830	 0.374668	 0.498479
-0.195706	 0.499365	 0.498663	-0.474932	 0.376331	 0.312008	-0.259919	 0.536393	 0.475518	 0.311066	 0.436917	 0.498479
-0.195706	 0.499365	 0.498663	-0.474932	 0.376331	 0.405389	-0.259919	 0.508724	 0.475518	-0.095315	 0.468042	 0.498479
-0.195705	 0.499365	 0.498664	-0.474932	 0.376331	 0.452079	-0.259919	 0.494889	 0.475518	-0.297503	 0.483604	 0.498479
-0.195705	 0.499365	 0.498664	-0.474932	 0.376331	 0.475424	-0.259919	 0.487971	 0.475518	 0.101403	 0.491386	 0.498479
-0.195705	 0.499365	 0.498664	-0.474932	 0.376331	 0.487096	-0.259919	 0.484513	 0.475518	 0.299856	 0.495276	 0.498479
-0.195705	 0.499365	 0.498664	-0.474932	 0.376331	 0.492933	-0.259919	 0.482783	 0.475518	 0.399082	 0.497221	 0.498479
-0.195705	 0.499365	 0.498664	-0.474932	 0.376331	 0.495851	-0.259919	 0.481918	 0.475518	 0.448695	 0.498194	 0.498479
-0.195705	 0.499365	 0.498664	-0.474932	 0.376331	 0.497310	-0.259919	 0.481486	 0.475518	 0.473502	 0.498680	 0.498479
-0.195705	 0.499365	 0.498664	-0.474932	 0.376331	 0.498039	-0.259919	 0.481270	 0.475518	-0.014095	-0.001076	 0.498479
-0.195705	 0.499365	 0.498664	-0.474932	 0.376331	 0.498404	-0.259919	 0.481162	 0.475518	-0.256890	-0.249953	 0.498479
-0.195705	 0.499365	 0.498664	-0.474932	 0.376331	 0.498587	-0.259919	 0.481108	 0.475518	 0.121713	-0.374391	 0.498479
-0.195705	 0.499365	 0.498664	-0.474932	 0.376331	 0.498678	-0.259919	 0.481081	 0.475518	 0.310013	-0.436611	 0.498479
-0.195705	 0.499365	 0.498664	-0.474932	 0.376331	 0.498723	-0.259919	 0.481067	 0.475518	 0.404164	-0.467720	 0.498479
-0.195705	 0.499365	 0.498664	-0.474932	 0.376331	 0.498746	-0.259919	 0.481061	 0.475518	 0.451239	-0.483275	 0.498479
-0.195705	 0.499365	 0.498664	-0.474932	 0.376331	 0.498758	-0.259919	 0.481057	 0.475518	 0.474776	-0.491052	 0.498479
-0.195705	 0.499365	 0.498664	-0.474932	 0.376331	 0.498763	-0.259919	 0.481055	 0.475518	 0.486545	-0.494941	 0.498479
-0.195705	 0.499365	 0.498664	-0.474932	 0.376331	 0.498766	-0.259919	 0.481055	 0.475518	 0.492430	-0.496886	 0.498479
-0.195705	 0.499365	 0.498664	-0.474932	 0.376331	-0.001232	-0.259919	 0.481054	 0.475518	-0.004628	-0.497858	 0.498479
-0.195705	 0.499365	 0.498664	-0.474932	 0.376331	-0.250229	-0.259919	 0.481054	 0.475518	-0.252154	-0.498344	 0.498479
-0.195705	 0.499365	 0.498664	-0.474932	 0.376331	 0.125272	-0.259919	 0.481054	 0.475518	-0.375917	-0.498587	 0.498479
-0.195705	 0.499365	 0.498664	-0.474932	 0.376331	 0.312022	-0.259919	 0.481054	 0.475518	-0.437798	-0.498708	 0.498479
-0.195705	 0.499365	 0.498664	-0.474932	 0.376331	 0.405396	-0.259919	-0.018946	 0.475518	-0.468739	-0.498769	 0.498479
-0.195705	 0.499365	 0.498664	-0.474932	 0.376331	 0.452083	-0.259919	-0.267908	 0.475518	-0.484209	-0.498799	 0.498479
-0.195705	 0.499365	-0.001336	-0.474932	 0.376331	 0.475427	-0.259919	-0.391356	 0.475518	-0.491944	-0.498815	 0.498479
-0.195705	 0.499365	-0.250333	-0.474932	 0.376331	 0.487099	-0.259919	-0.452050	 0.475518	-0.495812	-0.498822	 0.498479
-0.195705	 0.499365	-0.374832	-0.474932	 0.376331	 0.492935	-0.259919	-0.481371	 0.475518	-0.497746	-0.498826	 0.498479
-0.195705	 0.499365	-0.437081	-0.474932	 0.376331	-0.004147	-0.259919	 0.004989	 0.475518	-0.498712	-0.498828	 0.498479
-0.195705	 0.499365	-0.468206	-0.474932	 0.376331	-0.251686	-0.259919	 0.248170	 0.475518	-0.499196	-0.498829	 0.498479
-0.195705	 0.499365	-0.483768	-0.474932	 0.376331	-0.375455	-0.259919	 0.369760	 0.475518	-0.499438	-0.498829	 0.498479
-0.195705	 0.499365	-0.491550	-0.474932	 0.376331	-0.437340	-0.259919	 0.430555	 0.475518	-0.499558	-0.498830	 0.498479
-0.195705	 0.499365	-0.495440	-0.474932	 0.376331	 0.031718	-0.259919	 0.460952	 0.475518	-0.499619	-0.498830	 0.498479
-0.195705	 0.499365	-0.497385	-0.474932	 0.376331	 0.265245	-0.259919	 0.476151	 0.475518	-0.499649	-0.498830	 0.498479
-0.195705	 0.499365	 0.001642	-0.474932	 0.376331	 0.382009	-0.259919	 0.483751	 0.475518	-0.499664	-0.498830	 0.498479
-0.195705	 0.499365	 0.250154	-0.474932	 0.376331	 0.440391	-0.259919	 0.487550	 0.475518	-0.499672	-0.498830	 0.498479
-0.195705	 0.499365	 0.374410	-0.474932	 0.376331	 0.469582	-0.259919	 0.489450	 0.475518	-0.499676	-0.498830	 0.498479
-0.195705	 0.499365	-0.063462	-0.474932	 0.376331	-0.015823	-0.259919	 0.490400	 0.475518	-0.499677	-0.498830	 0.498479
-0.195705	 0.499365	-0.281395	-0.474932	 0.376331	-0.257523	-0.259919	 0.490875	 0.475518	-0.499678	-0.498830	 0.498479
-0.695705	 0.499365	 0.109639	-0.474932	 0.376331	-0.378373	-0.259919	 0.491113	 0.475518	 0.000321	-0.498830	 0.498479
-0.943314	 0.499365	 0.304154	-0.474932	 0.376331	-0.438798	-0.259919	 0.491231	 0.475518	 0.249320	-0.498830	 0.498479
-0.564736	 0.499365	 0.401412	-0.474932	 0.376331	-0.469010	-0.259919	 0.491291	 0.475518	-0.126180	-0.498830	 0.498479
-0.375448	 0.499365	 0.450040	-0.474932	 0.376331	-0.484116	-0.259919	 0.491320	 0.475518	-0.312927	-0.498830	 0.498479
-0.280803	 0.499365	 0.474355	-0.474932	 0.376331	 0.008331	-0.259919	 0.491335	 0.475518	-0.406300	-0.498830	 0.498479
-0.233481	 0.499365	 0.486512	-0.474932	 0.376331	 0.253553	-0.259919	 0.491343	 0.475518	-0.452987	-0.498830	 0.498479
-0.209820	 0.499365	 0.492591	-0.474932	 0.376331	 0.376163	-0.259919	 0.491346	 0.475518	-0.476331	-0.498830	 0.498479
-0.197989	 0.499365	 0.495630	-0.474932	 0.376331	-0.062531	-0.259919	 0.491348	-0.024482	-0.488002	-0.498830	 0.498479
-0.192074	 0.499365	 0.497150	-0.474932	 0.376331	-0.280876	-0.259919	 0.491349	-0.273433	-0.493838	-0.498830	 0.498479
-0.689116	 0.499365	 0.497909	-0.474932	 0.376331	-0.390048	-0.259919	 0.491350	 0.103136	-0.496756	-0.498830	 0.498479
-0.935265	 0.499365	 0.498289	-0.474932	 0.376331	-0.444634	-0.259919	 0.491350	 0.291421	-0.498215	-0.498830	 0.498479
-0.555977	 0.499365	-0.001521	-0.474932	 0.376331	-0.471928	-0.259919	 0.491350	 0.385563	-0.498944	-0.498830	 0.498479
-0.366333	 0.499365	-0.250423	-0.474932	 0.376331	-0.485574	-0.259919	 0.491350	 0.432634	-0.499309	-0.498830	 0.498479
-0.271511	 0.499365	 0.125126	-0.474932	 0.376331	-0.492397	-0.259919	-0.008650	 0.456170	-0.499492	-0.498830	 0.498479
-0.224099	 0.499365	 0.311899	-0.474932	 0.376331	-0.495809	-0.259919	-0.257633	 0.467938	-0.499583	-0.498830	 0.498479
-0.200394	 0.499365	 0.405285	-0.474932	 0.376331	-0.497515	-0.259919	-0.381111	 0.473821	-0.499628	-0.498830	 0.498479
-0.188541	 0.499365	 0.451979	-0.474932	 0.376331	-0.498368	-0.259919	 0.058159	 0.476763	 0.000349	-0.498830	 0.498479
-0.182615	 0.499365	 0.475325	-0.474932	 0.376331	-0.498794	-0.259919	 0.277794	 0.478234	 0.249337	-0.498830	 0.498479
-0.179652	 0.499365	-0.013002	-0.474932	 0.376331	-0.499007	-0.259919	 0.387612	 0.478970	-0.126169	-0.498830	 0.498479
-0.178170	 0.499365	-0.256162	-0.474932	 0.376331	-0.499114	-0.259919	 0.442521	 0.479338	-0.312919	-0.498830	 0.498479
-0.677429	 0.499365	 0.122257	-0.474932	 0.376331	-0.499167	-0.259919	-0.030025	 0.479522	-0.406294	-0.498830	 0.498479
-0.924705	 0.499365	 0.310466	-0.474932	 0.376331	-0.499194	-0.259919	-0.265293	 0.479613	-0.452981	-0.498830	 0.498479
-0.546000	 0.499365	-0.095430	-0.474932	 0.376331	 0.000793	-0.259919	-0.381925	 0.479659	-0.476325	-0.498830	 0.498479
-0.356647	 0.499365	-0.297375	-0.474932	 0.376331	 0.249784	-0.259919	-0.440242	 0.479682	-0.487997	-0.498830	 0.498479
-0.261970	 0.499365	-0.398348	-0.474932	 0.376331	 0.374280	-0.259919	-0.469400	 0.479694	-0.493833	-0.498830	 0.498479
-0.214632	 0.499365	-0.448834	-0.474932	 0.376331	-0.063472	-0.259919	 0.016021	 0.479700	-0.496751	-0.498830	 0.498479
-0.190963	 0.499365	-0.474077	-0.474932	 0.376331	-0.281345	-0.259919	 0.257729	 0.479703	-0.498210	-0.498830	 0.498479
-0.179128	 0.499365	 0.013301	-0.474932	 0.376331	-0.390282	-0.259919	-0.121418	 0.479704	-0.498939	-0.498830	 0.498479
-0.173211	 0.499365	 0.255989	-0.474932	 0.376331	-0.444751	-0.259919	-0.309990	 0.479705	-0.499304	-0.498830	 0.498479
-0.170252	 0.499365	 0.377333	-0.474932	 0.376331	-0.471985	-0.259919	-0.404276	 0.479705	 0.000514	-0.498830	 0.498479
-0.168773	 0.499365	 0.438005	-0.474932	 0.376331	-0.485602	-0.259919	-0.451419	 0.479705	 0.249422	-0.498830	 0.498479
-0.168033	 0.499365	-0.031659	-0.474932	 0.376331	-0.492410	-0.259919	-0.474990	 0.479705	 0.373876	-0.498830	 0.498479
-0.167664	 0.499365	-0.265488	-0.474932	 0.376331	-0.495815	-0.259919	-0.486776	 0.479705	 0.436103	-0.498830	 0.498479
-0.167479	 0.499365	-0.382403	-0.474932	 0.376331	-0.497517	-0.259919	-0.492669	 0.479705	 0.467217	-0.498830	 0.498479
-0.667386	-0.000635	 0.059140	-0.474932	 0.376331	-0.498368	-0.259919	 0.004385	 0.479705	-0.017227	-0.498830	 0.498479
-0.915005	-0.249633	 0.278910	-0.474932	 0.376331	-0.498793	-0.259919	 0.251909	 0.479705	-0.258445	-0.498830	 0.498479
-0.536490	 0.125867	 0.388795	-0.474932	 0.376331	 0.000994	-0.259919	 0.375671	 0.479705	-0.379054	-0.498830	 0.498479
-0.347232	 0.312615	 0.443737	-0.474932	 0.376331	 0.249886	-0.259919	 0.437552	 0.479705	-0.439359	-0.498830	 0.498479
-0.252603	 0.405989	 0.471208	-0.474932	 0.376331	-0.125668	-0.259919	 0.468492	 0.479705	-0.469511	-0.498830	 0.498479
-0.205289	 0.452675	 0.484944	-0.474932	 0.376331	-0.312443	-0.259919	 0.483962	 0.479705	-0.484587	-0.498830	 0.498479
-0.181631	 0.476019	-0.008188	-0.474932	 0.376331	-0.405830	-0.259919	 0.491698	 0.479705	-0.492125	-0.498830	 0.498479
-0.169803	 0.487691	-0.253752	-0.474932	 0.376331	-0.452524	-0.259919	 0.495565	 0.479705	-0.495894	-0.498830	 0.498479
-0.163888	 0.493527	-0.376533	-0.474932	 0.376331	-0.475870	-0.259919	 0.497499	 0.479705	-0.497779	-0.498830	 0.498479
-0.160931	 0.496444	-0.437924	-0.474932	 0.376331	-0.487544	-0.259919	 0.498466	 0.479705	-0.498721	-0.498830	 0.498479
-0.159453	 0.497903	-0.468620	-0.474932	 0.376331	-0.493380	-0.259919	 0.498949	 0.479705	-0.499192	-0.498830	 0.498479
-0.158713	 0.498633	 0.016033	-0.474932	 0.376331	 0.003701	-0.259919	-0.000809	 0.479705	 0.000572	-0.498830	 0.498479
-0.158344	 0.498998	 0.257357	-0.474932	 0.376331	 0.251240	-0.259919	-0.249687	 0.479705	 0.249454	-0.498830	 0.498479
-0.158159	 0.499180	 0.378020	-0.474932	 0.376331	-0.124990	-0.259919	-0.374126	 0.479705	-0.126105	-0.498830	 0.498479
-0.158067	 0.499271	 0.438351	-0.474932	 0.376331	-0.312103	-0.259919	-0.436346	 0.479705	-0.312882	-0.498830	 0.498479
-0.158020	 0.499317	 0.468517	-0.474932	 0.376331	-0.405659	-0.259919	 0.032545	 0.479705	 0.093730	-0.498830	 0.498479
-0.157997	 0.499340	 0.483599	-0.474932	 0.376331	-0.452437	-0.259919	 0.265987	 0.479705	 0.296036	-0.498830	 0.498479
-0.157986	 0.499351	 0.491141	-0.474932	 0.376331	-0.475826	-0.259919	 0.382708	 0.479705	 0.397188	-0.498830	 0.498479
-0.157980	 0.499357	-0.005089	-0.474932	-0.123669	 0.012479	-0.259919	-0.058931	 0.479705	 0.447764	-0.498830	 0.498479
-0.157977	 0.499360	-0.252201	-0.474932	-0.372422	 0.255630	-0.259919	-0.278750	 0.479705	 0.473053	-0.498830	 0.498479
-0.157976	 0.499361	 0.124243	-0.474932	 0.004444	-0.122794	-0.259919	 0.111341	 0.479705	 0.485697	-0.498830	 0.498479
-0.157975	 0.499362	 0.311464	-0.474932	 0.192877	-0.311004	-0.259919	 0.305383	 0.479705	 0.492019	-0.498830	 0.498479
-0.157974	 0.499362	 0.405074	-0.474932	 0.287094	-0.405109	-0.259919	 0.402405	 0.479705	-0.004820	-0.498830	 0.498479
-0.157974	 0.499362	 0.451879	-0.474932	 0.334202	-0.452161	-0.259919	 0.450915	 0.479705	-0.252236	-0.498830	 0.498479
-0.157974	 0.499362	 0.475282	-0.474932	 0.357756	-0.475687	-0.259919	-0.024830	 0.479705	-0.375944	-0.498830	 0.498479
-0.157974	 0.499362	 0.486983	-0.474932	 0.369533	-0.487451	-0.259919	-0.261701	 0.479705	-0.437799	-0.498830	 0.498479
-0.157974	 0.499362	 0.492834	-0.474932	 0.375422	-0.493332	-0.259919	 0.119864	 0.479705	-0.468726	-0.498830	 0.498479
-0.157974	 0.499362	 0.495759	-0.474932	 0.378366	-0.496273	-0.259919	 0.309643	 0.479705	-0.484189	-0.498830	 0.498479
-0.157974	 0.499362	 0.497222	-0.474932	 0.379838	-0.497743	-0.259919	 0.404533	 0.479705	-0.491921	-0.498830	 0.498479
-0.157974	 0.499362	 0.497953	-0.474932	-0.119426	-0.498478	-0.259919	-0.048022	 0.479705	 0.004213	-0.498830	 0.498479
-0.157974	 0.499362	 0.498319	-0.474932	-0.367821	-0.498846	-0.259919	-0.273299	 0.479705	 0.251280	-0.498830	 0.498479
-0.157974	 0.499362	 0.498502	-0.474932	 0.009215	 0.000970	-0.259919	 0.114063	 0.479705	-0.125187	-0.498830	 0.498479
-0.157974	 0.499362	 0.498593	-0.474932	 0.197732	 0.249877	-0.259919	 0.306741	 0.479705	-0.312417	-0.498830	 0.498479
-0.157974	 0.499362	-0.501361	-0.474932	 0.291991	-0.125670	-0.259919	-0.096920	 0.479705	-0.406032	-0.498830	 0.498479
-0.157974	 0.499362	-0.998336	-0.474932	 0.339120	-0.312441	-0.259919	-0.297749	 0.479705	-0.452840	-0.498830	 0.498479
-0.157974	 0.499362	-0.243832	-0.474932	 0.362685	-0.405826	-0.259919	 0.101836	 0.479705	-0.476244	-0.498830	 0.498479
-0.157974	 0.499362	 0.132398	-0.474932	 0.374467	-0.452519	-0.259919	 0.300626	 0.479705	-0.487945	-0.498830	 0.498479
-0.157974	 0.499362	 0.319496	-0.474932	 0.380359	-0.475866	-0.259919	 0.400021	 0.479705	-0.493796	-0.498830	 0.498479
-0.157974	 0.499362	 0.412032	-0.474932	 0.383304	-0.487539	-0.259919	-0.050282	 0.479705	-0.496722	-0.498830	 0.498479
-0.157974	 0.499362	 0.457291	-0.474932	 0.384777	-0.493375	-0.259919	-0.274432	 0.479705	-0.498185	-0.498830	 0.498479
-0.157974	 0.499362	 0.478915	-0.474932	 0.385513	 0.003706	-0.259919	-0.386507	 0.479705	-0.498916	-0.498830	 0.498479
-0.157974	 0.499362	 0.488726	-0.474932	 0.385881	 0.251246	-0.259919	-0.442545	 0.479705	-0.499282	-0.498830	 0.498479
-0.157974	 0.499362	-0.006369	-0.474932	 0.386066	-0.124985	-0.259919	-0.470563	 0.479705	-0.499464	-0.498830	 0.498479
-0.157974	 0.499362	-0.252913	-0.474932	 0.386158	-0.312097	-0.259919	-0.484573	 0.479705	-0.499556	-0.498830	 0.498479
-0.157974	 0.499362	 0.123815	-0.474932	 0.386204	-0.405654	-0.259919	 0.008423	 0.479705	-0.499602	-0.498830	 0.498479
-0.157974	 0.499362	 0.311178	-0.474932	 0.386227	-0.452432	-0.259919	 0.253917	 0.479705	-0.499624	-0.498830	 0.498479
-0.157974	 0.499362	 0.404859	-0.474932	 0.386238	-0.475821	-0.259919	 0.376665	 0.479705	-0.499636	-0.498830	 0.498479
-0.157974	 0.499362	 0.451700	-0.474932	 0.386244	 0.012484	-0.259919	-0.061961	 0.479705	-0.499642	-0.498830	 0.498479
-0.157974	 0.499362	 0.475120	-0.474932	 0.386247	 0.255635	-0.259919	-0.280273	 0.479705	-0.499644	-0.498830	 0.498479
-0.157974	 0.499362	 0.486830	-0.474932	 0.386248	-0.122789	-0.259919	 0.110571	 0.479705	-0.499646	-0.498830	 0.498479
-0.157974	 0.499362	 0.492686	-0.474932	 0.386249	-0.310999	-0.259919	 0.304990	 0.479705	-0.499647	-0.498830	 0.498479
-0.157974	 0.499362	-0.004387	-0.474932	 0.386249	-0.405104	-0.259919	 0.402199	 0.479705	-0.499647	-0.498830	 0.498479
-0.157974	 0.499362	-0.251920	-0.474932	 0.386250	-0.452156	-0.259919	 0.450804	 0.479705	-0.499647	-0.498830	 0.498479
-0.157974	 0.499362	 0.124313	-0.474932	 0.386250	-0.475682	-0.259919	 0.475107	 0.479705	-0.499647	-0.498830	 0.498479
-0.157974	 0.499362	 0.311429	-0.474932	 0.386250	-0.487445	-0.259919	 0.487258	 0.479705	-0.499647	-0.498830	 0.498479
-0.157974	 0.499362	 0.404986	-0.474932	 0.386250	-0.493327	-0.259919	 0.493333	 0.479705	-0.499647	-0.498830	 0.498479
-0.157974	 0.499362	-0.548235	-0.474932	 0.386250	-0.496268	-0.259919	 0.496371	 0.479705	-0.499647	-0.498830	 0.498479
-0.157974	 0.499362	-1.021842	-0.474932	 0.386250	-0.497738	-0.259919	 0.497890	 0.479705	-0.499647	-0.498830	 0.498479
-0.157974	 0.499362	-0.255655	-0.474932	 0.386250	-0.498473	-0.259919	 0.498650	 0.479705	-0.499647	-0.498830	 0.498479
-0.157974	 0.499362	 0.126417	-0.474932	 0.386250	-0.498841	-0.259919	 0.499029	 0.479705	-0.499647	-0.498830	 0.498479
-0.157974	 0.499362	 0.316437	-0.474932	 0.386250	-0.499025	-0.259919	 0.499219	 0.479705	-0.499647	-0.498830	 0.498479
-0.157974	 0.499362	 0.410433	-0.474932	 0.386250	-0.499117	-0.259919	 0.499314	 0.479705	-0.499647	-0.498830	 0.498479
-0.157974	 0.499362	 0.456423	-0.474932	 0.386250	 0.000837	-0.259919	-0.000638	 0.479705	-0.499647	-0.498830	 0.498479
-0.157974	 0.499362	 0.478413	-0.474932	 0.386250	 0.249813	-0.259919	-0.249614	 0.479705	-0.499647	-0.498830	 0.498479
-0.157974	 0.499362	 0.488407	-0.474932	 0.386250	 0.374301	-0.259919	-0.374101	 0.479705	-0.499647	-0.498830	 0.498479
-0.157974	 0.499362	-0.006596	-0.474932	 0.386250	-0.063456	-0.259919	 0.063655	 0.479705	-0.499647	-0.498830	 0.498479
-0.157974	 0.499362	-0.253094	-0.474932	 0.386250	-0.281331	-0.259919	 0.281530	 0.479705	-0.499647	-0.498830	 0.498479
-0.157974	 0.499362	 0.123657	-0.474932	 0.386250	 0.109731	-0.259919	 0.390468	 0.479705	-0.499647	-0.498830	 0.498479
-0.157974	 0.499362	 0.311031	-0.474932	 0.386250	 0.304260	-0.259919	 0.444937	 0.479705	-0.499647	-0.498830	 0.498479
-0.157974	 0.499362	 0.404718	-0.474932	 0.386250	 0.401525	-0.259919	-0.027829	 0.479705	 0.000353	-0.498830	 0.498479
-0.157974	 0.499362	 0.451562	-0.474932	 0.386250	 0.450158	-0.259919	-0.263210	 0.479705	 0.249352	-0.498830	 0.498479
-0.157974	 0.499362	 0.474984	-0.474932	 0.386250	 0.474474	-0.259919	-0.380901	 0.479705	 0.373852	-0.498830	 0.498479
-0.157974	 0.499362	 0.486695	-0.474932	 0.386250	 0.486632	-0.259919	-0.439747	 0.479705	 0.436101	-0.498830	 0.498479
-0.157974	 0.499362	 0.492550	-0.474932	 0.386250	 0.492711	-0.259919	-0.469169	 0.479705	 0.467226	-0.498830	 0.498479
-0.157974	 0.499362	-0.004522	-0.474932	 0.386250	 0.495750	-0.259919	 0.016119	 0.479705	-0.017211	-0.498830	 0.498479
-0.157974	 0.499362	-0.252055	-0.474932	 0.386250	 0.497270	-0.259919	 0.257761	 0.479705	-0.258427	-0.498830	 0.498479
-0.157974	 0.499362	 0.124179	-0.474932	 0.386250	-0.001970	-0.259919	 0.378582	 0.479705	-0.379034	-0.498830	 0.498479
-0.157974	 0.499362	 0.311295	-0.474932	 0.386250	-0.250588	-0.259919	 0.438992	 0.479705	-0.439338	-0.498830	 0.498479
-0.157974	 0.499362	 0.404853	-0.474932	 0.386250	-0.374896	-0.259919	 0.469197	 0.479705	 0.030510	-0.498830	 0.498479
-0.157974	 0.499362	 0.451632	-0.474932	 0.386250	-0.437051	-0.259919	 0.484300	 0.479705	 0.264433	-0.498830	 0.498479
-0.157974	 0.499362	 0.475021	-0.474932	 0.386250	 0.031872	-0.259919	 0.491851	 0.479705	 0.381395	-0.498830	 0.498479
-0.157974	 0.499362	 0.486716	-0.474932	 0.386250	 0.265332	-0.259919	 0.495627	 0.479705	 0.439876	-0.498830	 0.498479
-0.157974	 0.499362	 0.492563	-0.474932	 0.386250	 0.382062	-0.259919	 0.497515	 0.479705	 0.469116	-0.498830	 0.498479
-0.157974	 0.499362	-0.504513	-0.474932	-0.113750	 0.440427	-0.259919	 0.498459	 0.479705	-0.016264	-0.498830	 0.498479
-0.157974	 0.499362	-1.000048	-0.474932	-0.362523	 0.469609	-0.259919	 0.498930	 0.479705	-0.257950	-0.498830	 0.498479
-0.157974	 0.499362	-0.244824	-0.474932	 0.014314	-0.015800	-0.259919	 0.499166	 0.479705	-0.378794	-0.498830	 0.498479
-0.157974	 0.499362	 0.131767	-0.474932	 0.202732	-0.257502	-0.259919	 0.499284	 0.479705	-0.439215	-0.498830	 0.498479
-0.657974	 0.499362	 0.319045	-0.474932	 0.296941	-0.378353	-0.259919	-0.000657	 0.479705	-0.469426	-0.498830	 0.498479
-0.905658	 0.499362	 0.411672	-0.474932	 0.344045	-0.438778	-0.259919	-0.249626	 0.479705	-0.484532	-0.498830	 0.498479
-0.527193	 0.499362	-0.043023	-0.474932	 0.367598	-0.468991	-0.259919	 0.125889	 0.479705	 0.007916	-0.498830	 0.498479
-0.337961	 0.499362	-0.270371	-0.474932	 0.379374	-0.484097	-0.259919	 0.312644	 0.479705	 0.253139	-0.498830	 0.498479
-0.243345	 0.499362	-0.384045	-0.474932	 0.385262	-0.491650	-0.259919	 0.406022	 0.479705	 0.375750	-0.498830	 0.498479
-0.196037	 0.499362	 0.059119	-0.474932	 0.388206	-0.495427	-0.259919	 0.452710	 0.479705	-0.062944	-0.498830	 0.498479
-0.172383	 0.499362	 0.279696	-0.474932	 0.389678	-0.497315	-0.259919	 0.476055	 0.479705	-0.281288	-0.498830	 0.498479
-0.160556	 0.499362	 0.388983	-0.474932	 0.390414	-0.498259	-0.259919	 0.487727	 0.479705	-0.390460	-0.498830	 0.498479
-0.154642	 0.499362	 0.443627	-0.474932	 0.390782	-0.498731	-0.259919	 0.493563	 0.479705	-0.445046	-0.498830	 0.498479
-0.151686	 0.499362	-0.029051	-0.474932	 0.390966	-0.498968	-0.259919	-0.003519	 0.479705	-0.472339	-0.498830	 0.498479
-0.150207	 0.499362	-0.264386	-0.474932	 0.391058	-0.499086	-0.259919	-0.251059	 0.479705	-0.485985	-0.498830	 0.498479
-0.149468	 0.499362	 0.117946	-0.474932	-0.108896	 0.000855	-0.259919	-0.374828	 0.479705	-0.492809	-0.498830	 0.498479
-0.149098	 0.499362	 0.308112	-0.474932	-0.357655	 0.249824	-0.259919	-0.436713	 0.479705	-0.496220	-0.498830	 0.498479
-0.148914	 0.499362	 0.403194	-0.474932	-0.480822	 0.374309	-0.259919	-0.467656	 0.479705	-0.497926	-0.498830	 0.498479
-0.148821	 0.499362	 0.450736	-0.474932	-0.041198	 0.436551	-0.259919	-0.483127	 0.479705	-0.498779	-0.498830	 0.498479
-0.148775	 0.499362	 0.474507	-0.474932	 0.178615	 0.467672	-0.259919	-0.490863	 0.479705	-0.499205	-0.498830	 0.498479
-0.148752	 0.499362	 0.486392	-0.474932	 0.288521	 0.483233	-0.259919	-0.494731	 0.479705	-0.499419	-0.498830	 0.498479
-0.148740	 0.499362	 0.492335	-0.474932	 0.343474	 0.491013	-0.259919	-0.496664	 0.479705	-0.499525	-0.498830	 0.498479
-0.148735	 0.499362	-0.004694	-0.474932	 0.370950	-0.005097	-0.259919	-0.497631	 0.479705	-0.499579	-0.498830	 0.498479
-0.148732	 0.499362	-0.252205	-0.474932	 0.384689	-0.252149	-0.259919	-0.498115	 0.479705	-0.499605	-0.498830	 0.498479
-0.148730	-0.000638	 0.124040	-0.474932	 0.391558	-0.375676	-0.259919	 0.001643	 0.479705	-0.499619	-0.498830	 0.498479
-0.148730	-0.249636	 0.311161	-0.474932	 0.394992	-0.437439	-0.259919	 0.250520	 0.479705	-0.499625	-0.498830	 0.498479
-0.148729	-0.374136	 0.404722	-0.474932	 0.396710	-0.468320	-0.259919	 0.374958	 0.479705	-0.499629	-0.498830	 0.498479
-0.148729	 0.063615	-0.048497	-0.474932	 0.397568	-0.483761	-0.259919	 0.437177	 0.479705	 0.000370	-0.498830	 0.498479
-0.148729	 0.281487	-0.274104	-0.474932	 0.397998	-0.491482	-0.259919	 0.468286	 0.479705	 0.249368	-0.498830	 0.498479
-0.148729	 0.390423	 0.113093	-0.474932	 0.398212	-0.495342	-0.259919	-0.016159	 0.479705	-0.126133	-0.498830	 0.498479
-0.148729	 0.444891	 0.305691	-0.474932	 0.398320	-0.497272	-0.259919	-0.257380	 0.479705	-0.312880	-0.498830	 0.498479
-0.148729	 0.472125	 0.401990	-0.474932	 0.398373	-0.498237	-0.259919	-0.377991	 0.479705	-0.406253	-0.498830	 0.498479
-0.148729	 0.485742	 0.450139	-0.474932	 0.398400	-0.498719	-0.259919	-0.438296	 0.479705	-0.452940	-0.498830	 0.498479
-0.148729	 0.492551	 0.474214	-0.474932	 0.398413	-0.498961	-0.259919	 0.031551	 0.479705	-0.476283	-0.498830	 0.498479
-0.148729	 0.495955	 0.486251	-0.474932	 0.398420	-0.499081	-0.259919	 0.265472	 0.479705	-0.487955	-0.498830	 0.498479
-0.148729	 0.497657	 0.492270	-0.474932	 0.398424	-0.499142	-0.259919	 0.382432	 0.479705	-0.493791	-0.498830	 0.498479
-0.148729	 0.498508	-0.004721	-0.474932	 0.398425	 0.000828	-0.259919	 0.440913	 0.479705	-0.496709	-0.498830	 0.498479
-0.148729	 0.498934	-0.252213	-0.474932	 0.398426	 0.249812	-0.259919	 0.470153	 0.479705	-0.498168	-0.498830	 0.498479
-0.148729	 0.499147	 0.124042	-0.474932	 0.398426	-0.125697	-0.259919	 0.484773	 0.479705	-0.498897	-0.498830	 0.498479
-0.148729	 0.499253	 0.311168	-0.474932	 0.398427	-0.312449	-0.259919	 0.492083	 0.479705	-0.499262	-0.498830	 0.498479
-0.648729	 0.499306	 0.404731	-0.474932	 0.398427	 0.094176	-0.259919	-0.004262	 0.479705	-0.499444	-0.498830	 0.498479
-0.896431	 0.499333	 0.451513	-0.474932	 0.398427	 0.296486	-0.259919	-0.251433	 0.479705	-0.499536	-0.498830	 0.498479
-0.517994	 0.499346	 0.474904	-0.474932	 0.398427	-0.102359	-0.259919	 0.124981	 0.479705	-0.499581	-0.498830	 0.498479
-0.328776	 0.499353	 0.486599	-0.474932	 0.398427	-0.300779	-0.259919	 0.312185	 0.479705	-0.499604	-0.498830	 0.498479
-0.234167	-0.000644	 0.492447	-0.474932	 0.398427	 0.100011	-0.259919	 0.405787	 0.479705	-0.499615	-0.498830	 0.498479
-0.186862	-0.249641	 0.495371	-0.474932	 0.398427	 0.299405	-0.259919	 0.452589	 0.479705	-0.499621	-0.498830	 0.498479
-0.163210	-0.374139	 0.496832	-0.474932	 0.398427	 0.399101	-0.259919	 0.475989	 0.479705	-0.499624	-0.498830	 0.498479
-0.151384	 0.063611	-0.002437	-0.474932	 0.398427	 0.448950	-0.259919	 0.487689	 0.479705	-0.499625	-0.498830	 0.498479
-0.145470	 0.281484	-0.251068	-0.474932	 0.398427	 0.473874	-0.259919	 0.493540	 0.479705	-0.499626	-0.498830	 0.498479
-0.642514	 0.390420	 0.124617	-0.474932	 0.398427	-0.013664	-0.259919	 0.496465	 0.479705	-0.499626	-0.498830	 0.498479
-0.888757	 0.444888	 0.311458	-0.474932	 0.398427	-0.256430	-0.259919	 0.497927	 0.479705	-0.499627	-0.498830	 0.498479
-1.009608	 0.472123	 0.404879	-0.474932	 0.398427	-0.377814	-0.259919	 0.498658	 0.479705	-0.499627	-0.498830	 0.498479
-1.067773	 0.485740	 0.451590	-0.474932	 0.398427	-0.438505	-0.259919	 0.499024	 0.479705	-0.499627	-0.498830	 0.498479
-0.594603	 0.492548	 0.474945	-0.474932	 0.398427	 0.031149	-0.259919	 0.499207	-0.020295	-0.499627	-0.498830	 0.498479
-0.358018	 0.495952	 0.486622	-0.474932	 0.398427	 0.264974	-0.259919	 0.499298	-0.269254	-0.499627	-0.498830	 0.498479
-0.239726	 0.497654	 0.492461	-0.474932	 0.398427	 0.381887	-0.259919	 0.499344	-0.392697	-0.499627	-0.498830	 0.498479
-0.180580	 0.498506	 0.495381	-0.474932	 0.398427	-0.059657	-0.259919	-0.000633	 0.046613	-0.499627	-0.498830	 0.498479
-0.151007	 0.498931	 0.496840	-0.474932	 0.398427	-0.279426	-0.259919	-0.249621	 0.266269	-0.499627	-0.498830	 0.498479
-0.136220	 0.499144	 0.497570	-0.474932	-0.101573	-0.389311	-0.259919	 0.125886	-0.123904	-0.499627	-0.498830	 0.498479
-0.128827	 0.499250	 0.497935	-0.474932	-0.350370	-0.444253	-0.259919	 0.312636	-0.317962	-0.499627	-0.498830	 0.498479
-0.125130	 0.499303	 0.498118	-0.474932	 0.026430	-0.471724	-0.259919	 0.406011	 0.086033	-0.499627	-0.498830	 0.498479
-0.123282	 0.499330	 0.498209	-0.474932	 0.214830	-0.485460	-0.259919	 0.452699	 0.288031	-0.499627	-0.498830	 0.498479
-0.122358	 0.499343	 0.498254	-0.474932	 0.309030	-0.492328	-0.259919	 0.476043	 0.389030	-0.499627	-0.498830	 0.498479
-0.121896	 0.499350	 0.498277	-0.474932	 0.356130	-0.495762	-0.259919	 0.487715	 0.439529	-0.499627	-0.498830	 0.498479
-0.121665	 0.499353	 0.498289	-0.474932	 0.379680	-0.497479	-0.259919	 0.493551	 0.464779	-0.499627	-0.498830	 0.498479
-0.121549	 0.499355	 0.498294	-0.474932	 0.391455	-0.498337	-0.259919	 0.496469	 0.477404	-0.499627	-0.498830	 0.498479
-0.121491	 0.499356	 0.498297	-0.474932	 0.397342	-0.498766	-0.259919	 0.497928	 0.483716	-0.499627	-0.498830	 0.498479
-0.121462	 0.499356	 0.498299	-0.474932	 0.400286	-0.498981	-0.259919	 0.498657	 0.486872	-0.499627	-0.498830	 0.498479
-0.121448	 0.499356	 0.498299	-0.474932	 0.401758	-0.499088	-0.259919	 0.499022	 0.488450	-0.499627	-0.498830	 0.498479
-0.121441	 0.499356	 0.498300	-0.474932	 0.402494	-0.499142	-0.259919	 0.499204	 0.489239	-0.499627	-0.498830	 0.498479
-0.121437	 0.499357	 0.498300	-0.474932	 0.402862	-0.499169	-0.259919	 0.499295	 0.489634	-0.499627	-0.498830	 0.498479
-0.121435	 0.499357	 0.498300	-0.474932	 0.403046	-0.499182	-0.259919	-0.000659	 0.489831	-0.499627	-0.498830	 0.498479
-0.121434	 0.499357	 0.498300	-0.474932	 0.403138	-0.499189	-0.259919	-0.249635	 0.489930	-0.499627	-0.498830	 0.498479
-0.121434	 0.499357	 0.498300	-0.474932	 0.403184	-0.499192	-0.259919	-0.374123	 0.489979	-0.499627	-0.498830	 0.498479
-0.621434	 0.499357	 0.498300	-0.474932	 0.403207	 0.000806	-0.259919	 0.063633	 0.490004	-0.499627	-0.498830	 0.498479
-0.869191	 0.499357	 0.498300	-0.474932	 0.403218	 0.249804	-0.259919	 0.281508	 0.490016	-0.499627	-0.498830	 0.498479
-0.490835	 0.499357	 0.498300	-0.474932	 0.403224	-0.125697	-0.259919	-0.109554	 0.490022	 0.000373	-0.498830	 0.498479
-0.301658	 0.499357	 0.498300	-0.474932	 0.403227	-0.312446	-0.259919	-0.304084	 0.490025	 0.249372	-0.498830	 0.498479
-0.207069	 0.499357	 0.498300	-0.474932	 0.403228	-0.405820	-0.259919	 0.098651	 0.490027	-0.126128	-0.498830	 0.498479
-0.159774	 0.499357	 0.498300	-0.474932	 0.403229	-0.452507	-0.259919	 0.299016	 0.490028	-0.312875	-0.498830	 0.498479
-0.136127	 0.499357	 0.498300	-0.474932	 0.403229	 0.024150	-0.259919	 0.399198	 0.490028	-0.406248	-0.498830	 0.498479
-0.124304	 0.499357	 0.498300	-0.474932	 0.403230	 0.261476	-0.259919	 0.449289	 0.490028	-0.452935	-0.498830	 0.498479
-0.118392	 0.499357	 0.498300	-0.474932	 0.403230	 0.380140	-0.259919	 0.474335	 0.490028	-0.476278	-0.498830	 0.498479
-0.615436	 0.499357	 0.498300	-0.474932	 0.403230	-0.060529	-0.259919	-0.013142	 0.490028	-0.487950	-0.498830	 0.498479
-0.861733	 0.499357	 0.498300	-0.474932	 0.403230	-0.279861	-0.259919	-0.255880	 0.490028	-0.493786	-0.498830	 0.498479
-0.482666	 0.499357	 0.498300	-0.474932	 0.403230	-0.389526	-0.259919	-0.377248	 0.490028	-0.496704	-0.498830	 0.498479
-0.293132	 0.499357	 0.498300	-0.474932	 0.403230	-0.444359	-0.259919	-0.437933	 0.490028	-0.498163	-0.498830	 0.498479
-0.698365	 0.499357	 0.498300	-0.474932	 0.403230	-0.471776	-0.259919	 0.031725	 0.490028	-0.498892	-0.498830	 0.498479
-0.898774	 0.499357	 0.498300	-0.474932	 0.403230	-0.485484	-0.259919	 0.265551	 0.490028	-0.499257	-0.498830	 0.498479
-0.496781	 0.499357	-0.001700	-0.474932	 0.403230	-0.492338	-0.259919	 0.382464	 0.490028	-0.499439	-0.498830	 0.498479
-0.295784	 0.499357	-0.250697	-0.474932	 0.403230	-0.495765	-0.259919	 0.440921	 0.490028	-0.499531	-0.498830	 0.498479
-0.195285	 0.499357	-0.375195	-0.474932	 0.403230	-0.497479	-0.259919	 0.470149	 0.490028	-0.499576	-0.498830	 0.498479
-0.145036	 0.499357	 0.062556	-0.474932	 0.403230	-0.498336	-0.259919	 0.484763	 0.490028	-0.499599	-0.498830	 0.498479
-0.119911	 0.499357	 0.280431	-0.474932	 0.403230	-0.498764	-0.259919	 0.492070	 0.490028	-0.499610	-0.498830	 0.498479
-0.107349	 0.499357	-0.110632	-0.474932	 0.403230	 0.001022	-0.259919	-0.004276	 0.490028	-0.499616	-0.498830	 0.498479
-0.101068	 0.499357	-0.305160	-0.474932	 0.403230	 0.249913	-0.259919	-0.251448	 0.490028	-0.499619	-0.498830	 0.498479
-0.097927	 0.499357	 0.097576	-0.474932	-0.096770	-0.125641	-0.259919	 0.124966	 0.490028	-0.499620	-0.498830	 0.498479
-0.096357	 0.499357	 0.297944	-0.474932	-0.345577	-0.312416	-0.259919	 0.312170	 0.490028	-0.499621	-0.498830	 0.498479
-0.095572	 0.499357	 0.398127	-0.474932	 0.031209	 0.094197	-0.259919	 0.405772	 0.490028	-0.499621	-0.498830	 0.498479
-0.095179	 0.499357	 0.448219	-0.474932	 0.219602	 0.296501	-0.259919	 0.452573	 0.490028	-0.499622	-0.498830	 0.498479
-0.094983	 0.499357	 0.473265	-0.474932	 0.313798	 0.397654	-0.259919	 0.475974	 0.490028	-0.499622	-0.498830	 0.498479
-0.094885	 0.499357	 0.485788	-0.474932	 0.360896	-0.051770	-0.259919	 0.487674	 0.490028	-0.499622	-0.498830	 0.498479
-0.094836	 0.499357	 0.492050	-0.474932	 0.384445	-0.275480	-0.259919	 0.493524	 0.490028	-0.499622	-0.498830	 0.498479
-0.094811	 0.499357	-0.004820	-0.474932	 0.396220	-0.387334	-0.259919	-0.003551	 0.490028	-0.499622	-0.498830	 0.498479
-0.094799	 0.499357	-0.252251	-0.474932	 0.402107	-0.443262	-0.259919	-0.251087	 0.490028	-0.499622	-0.498830	 0.498479
-0.594793	 0.499357	-0.375967	-0.474932	 0.405051	-0.471226	-0.259919	 0.125145	 0.490028	-0.499622	-0.498830	 0.498479
-0.842600	 0.499357	-0.437824	-0.474932	 0.406523	-0.485207	-0.259919	 0.312258	 0.490028	-0.499622	-0.498830	 0.498479
-0.464323	 0.499357	 0.031247	-0.474932	 0.407259	 0.007802	-0.259919	 0.405815	 0.490028	 0.000378	-0.498830	 0.498479
-0.275185	 0.499357	 0.264782	-0.474932	 0.407627	 0.253305	-0.259919	 0.452593	 0.490028	 0.249377	-0.498830	 0.498479
-0.180615	 0.499357	 0.381549	-0.474932	 0.407810	 0.376056	-0.259919	 0.475982	 0.490028	 0.373877	-0.498830	 0.498479
-0.133331	 0.499357	 0.439933	-0.474932	 0.407902	-0.062568	-0.259919	 0.487677	 0.490028	-0.063873	-0.498830	 0.498479
-0.109688	 0.499357	 0.469125	-0.474932	 0.407948	-0.280878	-0.259919	 0.493524	 0.490028	-0.281745	-0.498830	 0.498479
-0.097867	 0.499357	 0.483721	-0.474932	-0.092029	-0.390033	-0.259919	-0.003552	 0.490028	-0.390681	-0.498830	 0.498479
-0.091957	 0.499357	 0.491019	-0.474932	-0.340833	-0.444610	-0.259919	-0.251089	 0.490028	-0.445149	-0.498830	 0.498479
-0.089001	 0.499357	 0.494668	-0.474932	 0.035944	-0.471899	-0.259919	-0.374858	 0.490028	-0.472383	-0.498830	 0.498479
-0.087524	 0.499357	 0.496492	-0.474932	 0.224333	-0.485543	-0.259919	-0.436742	 0.490028	-0.486000	-0.498830	 0.498479
-0.086785	 0.499357	 0.497404	-0.474932	 0.318527	-0.492366	-0.259919	-0.467684	 0.490028	-0.492808	-0.498830	 0.498479
-0.086416	 0.499357	 0.497860	-0.474932	 0.365624	-0.495777	-0.259919	-0.483155	 0.490028	-0.496213	-0.498830	 0.498479
-0.086231	 0.499357	 0.498089	-0.474932	 0.389172	-0.497482	-0.259919	-0.490891	 0.490028	-0.497915	-0.498830	 0.498479
-0.086138	 0.499357	 0.498203	-0.474932	 0.400947	 0.001665	-0.259919	 0.005242	 0.490028	-0.498766	-0.498830	 0.498479
-0.086092	 0.499357	 0.498260	-0.474932	 0.406834	 0.250237	-0.259919	 0.252305	 0.490028	-0.499191	-0.498830	 0.498479
-0.086069	 0.499357	 0.498288	-0.474932	 0.409777	-0.125477	-0.259919	 0.375837	 0.490028	-0.499404	-0.498830	 0.498479
-0.086058	 0.499357	 0.498302	-0.474932	 0.411249	-0.312332	-0.259919	 0.437602	 0.490028	-0.499510	-0.498830	 0.498479
-0.086052	 0.499357	 0.498309	-0.474932	-0.088015	-0.405759	-0.259919	 0.468485	 0.490028	-0.499564	-0.498830	 0.498479
-0.086049	 0.499357	 0.498313	-0.474932	-0.336472	-0.452473	-0.259919	 0.483927	 0.490028	-0.499590	-0.498830	 0.498479
-0.086048	 0.499357	-0.001685	-0.474932	 0.040469	-0.475829	-0.259919	 0.491648	 0.490028	-0.499604	-0.498830	 0.498479
-0.086047	 0.499357	-0.250681	-0.474932	 0.228939	-0.487508	-0.259919	 0.495508	 0.490028	-0.499610	-0.498830	 0.498479
-0.086046	 0.499357	-0.375179	-0.474932	 0.323175	-0.493347	-0.259919	 0.497438	 0.490028	-0.499614	-0.498830	 0.498479
