-0.477652	-0.499802	-0.499378	 0.202090	-0.487836	-0.498712	-0.270181	-0.261767	 0.499356	 0.440590	-0.499547	-0.499485
-0.477652	-0.499802	-0.499424	 0.297797	-0.493868	-0.498906	-0.270181	-0.380664	 0.499356	 0.470062	-0.499547	-0.499485
-0.477652	-0.499802	-0.499447	 0.345650	 0.003115	-0.499004	-0.270181	 0.059887	-0.000644	-0.015203	-0.499547	-0.499485
-0.477652	-0.499802	-0.499458	 0.369577	 0.251168	-0.499052	-0.270181	 0.279748	-0.250126	-0.257279	-0.499547	-0.499485
-0.477652	-0.499802	 0.000536	 0.381540	 0.375195	-0.499076	-0.270181	-0.110322	 0.125133	-0.378317	-0.499547	-0.499485
-0.477652	-0.499802	 0.250042	 0.387522	 0.437208	-0.499089	-0.270181	-0.304942	 0.312245	-0.438836	-0.499547	-0.499485
-0.477652	-0.499802	-0.125206	 0.390513	-0.031785	-0.499095	-0.270181	-0.402252	-0.094200	 0.030904	-0.499547	-0.499485
-0.477652	-0.499802	-0.312338	 0.392008	-0.265842	-0.499098	-0.270181	-0.450907	-0.296904	 0.265219	-0.499547	-0.499485
-0.477652	-0.499802	-0.405904	-0.107244	 0.117129	-0.499099	-0.270181	 0.024766	 0.101744	 0.382376	-0.499547	-0.499485
-0.477652	-0.499802	-0.452687	-0.356253	 0.308176	-0.499100	-0.270181	 0.262187	 0.300551	 0.440954	-0.499547	-0.499485
-0.477652	-0.499802	-0.476078	-0.480141	 0.403699	-0.499100	-0.270181	 0.380897	 0.399954	 0.470244	-0.499547	-0.499485
-0.477652	-0.499802	-0.487774	-0.541470	-0.048539	 0.000900	-0.270181	 0.440253	-0.050345	-0.015112	-0.499547	-0.499485
-0.477652	-0.499802	-0.493622	-0.571520	-0.274219	 0.250428	-0.270181	 0.469930	-0.274976	-0.257234	-0.499547	-0.499485
-0.477652	-0.499802	 0.003454	-0.585933	 0.112941	-0.124808	-0.270181	 0.484769	 0.112709	 0.121705	-0.499547	-0.499485
-0.477652	-0.499802	 0.251501	-0.592528	 0.306083	-0.311955	-0.270181	 0.492189	 0.306033	 0.310619	-0.499547	-0.499485
-0.477652	-0.499802	-0.124476	-0.095216	 0.402653	-0.405529	-0.270181	 0.495898	 0.402695	 0.405076	-0.499547	-0.499485
-0.477652	-0.499802	-0.311973	 0.153441	 0.450939	-0.452316	-0.270181	 0.497753	 0.451026	 0.452304	-0.499547	-0.499485
-0.477652	-0.499802	 0.094279	 0.277769	-0.024919	-0.475709	-0.270181	 0.498681	 0.475192	-0.024082	-0.499547	-0.499485
-0.477652	-0.499802	 0.296913	 0.339933	-0.262408	-0.487406	-0.270181	 0.499144	 0.487274	-0.261719	-0.499547	-0.499485
-0.477652	-0.499802	 0.398230	 0.371015	-0.381153	-0.493254	-0.270181	 0.499376	 0.493316	-0.380537	-0.499547	-0.499485
-0.477652	-0.499802	 0.448888	 0.386556	 0.059475	-0.496178	-0.270181	 0.499492	 0.496336	 0.060053	-0.499547	-0.499485
-0.477652	-0.499802	 0.474217	 0.394326	 0.279350	-0.497640	-0.270181	 0.499550	 0.497847	 0.279793	-0.499547	-0.499485
-0.477652	-0.499802	-0.013118	 0.398212	-0.110712	 0.001629	-0.270181	 0.499579	 0.498602	 0.389662	-0.499547	-0.499485
-0.477652	-0.499802	-0.256294	 0.400154	-0.305304	 0.250791	-0.270181	 0.499593	 0.498980	 0.444597	-0.499547	-0.499485
-0.477652	-0.499802	 0.122118	 0.401126	-0.402600	-0.124627	-0.270181	 0.499601	 0.499168	 0.472065	-0.499547	-0.499485
-0.477652	-0.499802	 0.310832	 0.401611	-0.451248	-0.311866	-0.270181	 0.499604	 0.499263	 0.485798	-0.499547	-0.499485
-0.477652	-0.499802	-0.094811	 0.401854	-0.975572	 0.094515	-0.270181	 0.499606	 0.499310	-0.007335	-0.499547	-0.499485
-0.477652	-0.499802	-0.297140	 0.401975	-1.236418	 0.297234	-0.270181	 0.499607	 0.499334	-0.253346	-0.499547	-0.499485
-0.477652	-0.499802	-0.398305	 0.402036	-1.365526	 0.398593	-0.270181	 0.499608	 0.499345	-0.376351	-0.499547	-0.499485
-0.477652	-0.499802	-0.448888	 0.402067	-0.428769	 0.449273	-0.270181	-0.000392	 0.499351	-0.437854	-0.499547	-0.499485
-0.477652	-0.499802	-0.474179	 0.402082	 0.039164	 0.474613	-0.270181	-0.249977	 0.499354	-0.468605	-0.499547	-0.499485
-0.477652	-0.499802	 0.013175	 0.402089	 0.272685	 0.487283	-0.270181	 0.125231	 0.499356	-0.483981	-0.499547	-0.499485
-0.477652	-0.499802	 0.256361	 0.402093	 0.389002	 0.493618	-0.270181	 0.312419	 0.499356	-0.491669	-0.499547	-0.499485
-0.477652	-0.499802	 0.377954	 0.402095	 0.446716	 0.496785	-0.270181	-0.093986	 0.499357	-0.495512	-0.499547	-0.499485
-0.477652	-0.499802	 0.438750	 0.402096	 0.475131	 0.498369	-0.270181	-0.296774	 0.499357	-0.497434	-0.499547	-0.499485
-0.477652	-0.499802	 0.469148	 0.402096	 0.488896	 0.499161	-0.770181	 0.101832	 0.499357	 0.001605	-0.499547	-0.499485
-0.477652	-0.499802	 0.484347	 0.402097	 0.495338	 0.499557	-1.019096	 0.300720	 0.499357	 0.250568	-0.499547	-0.499485
-0.477652	-0.499802	 0.491947	 0.402097	 0.498118	 0.499755	-1.142472	 0.400164	 0.499357	 0.375050	-0.499547	-0.499485
-0.477652	-0.499802	 0.495747	 0.402097	 0.499069	 0.499854	-0.703079	 0.449886	 0.499357	 0.437291	-0.499547	 0.000515
-0.477652	-0.499802	 0.497647	 0.402097	 0.499105	 0.499903	-0.483382	 0.474747	 0.499357	 0.468411	-0.499547	 0.249980
-0.477652	-0.499802	 0.498596	 0.402097	 0.499124	 0.499928	-0.373534	 0.487177	 0.499357	 0.483971	-0.499547	 0.374713
-0.477652	-0.499802	 0.499071	 0.402097	 0.499133	 0.499940	-0.318610	 0.493393	 0.499357	 0.491752	-0.499547	 0.437079
 0.022348	 0.000198	 0.499309	 0.902097	 0.499137	 0.499946	-0.291148	 0.496500	 0.499357	 0.495642	-0.499547	-0.031738
 0.271807	 0.249702	 0.499428	 1.150669	 0.499140	 0.499949	-0.277417	 0.498054	 0.499357	 0.497587	-0.499547	-0.265612
 0.395997	 0.374455	 0.499487	 1.273531	 0.999141	 0.499951	-0.270551	 0.498831	 0.499357	 0.498559	-0.499547	 0.117452
 0.457554	 0.436831	 0.499517	 1.333539	 1.247826	 0.499952	-0.267118	 0.499219	 0.499357	 0.499045	-0.499547	 0.308449
 0.487795	 0.468019	 0.499532	 1.362125	 1.370855	 0.499952	-0.265402	 0.499414	 0.499357	 0.499288	-0.499547	 0.403947
 0.502379	 0.483613	 0.499539	 1.375001	 1.431058	 0.499952	 0.235456	 0.499511	 0.499357	 0.499410	-0.499547	-0.048304
 0.509136	 0.491410	 0.499543	 1.380026	 1.459851	 0.499952	 0.485257	 0.499559	 0.499357	 0.499471	-0.499547	-0.273894
 0.011981	 0.495309	-0.000455	 1.381129	 1.472941	 0.499953	 0.609529	 0.999584	 0.499357	 0.499501	-0.499547	 0.113310
-0.236597	 0.497258	-0.249963	 1.380272	 1.478182	 0.499953	 0.671039	 1.248351	 0.499357	 0.499516	-0.499547	 0.306378
 0.139114	 0.498233	 0.125283	 1.378440	 1.479501	 0.499953	 0.201169	 0.871493	 0.499357	 0.499524	-0.499547	 0.402912
 0.326437	 0.498720	 0.312415	 1.376121	 1.478860	 0.499953	-0.033766	 0.683064	 0.499357	 0.499528	-0.499547	 0.451179
 0.419566	 0.498964	 0.405981	 1.373563	 1.477243	 0.499953	 0.348766	 0.588849	 0.499357	 0.499530	-0.499547	 0.475312
 0.465601	 0.499085	 0.452763	 1.370888	 1.475139	 0.499953	 0.539408	 0.541742	 0.499357	 0.499531	-0.499547	 0.487379
-0.011912	 0.499146	 0.476155	 1.368158	 1.472794	 0.499953	 0.134105	 0.518188	 0.499357	 0.499531	-0.499547	 0.493412
-0.250668	 0.499177	 0.487851	 1.365402	 1.470331	 0.499953	-0.068546	 0.506412	 0.499357	 0.499531	-0.499547	 0.496429
-0.370046	 0.499192	 0.493698	 1.362637	 1.467812	 0.499953	-0.169871	 0.500523	 0.499357	 0.499531	-0.499547	 0.497937
 0.070265	 0.499200	 0.496622	 0.859869	 0.965266	 0.499953	-0.220534	 0.497579	 0.499357	 0.499532	-0.499547	-0.001309
 0.289892	 0.499203	 0.498084	 0.608486	 0.713993	 0.499953	-0.245865	 0.496107	 0.499357	 0.499532	-0.499547	-0.250397
-0.100822	-0.000795	 0.498815	 0.982794	 0.588357	 0.499953	-0.258531	-0.004629	-0.000643	 0.499532	-0.499547	 0.125059
-0.296179	-0.250298	 0.499181	 1.168566	 0.525538	 0.499953	-0.264864	-0.254578	-0.250125	 0.499532	-0.499547	 0.312252
-0.393858	 0.124951	 0.499364	 0.760073	 0.494129	 0.499953	-0.268030	-0.379134	 0.125134	 0.499532	-0.499547	-0.094151
-0.442697	 0.312079	 0.499455	 0.555827	 0.478425	 0.499953	-0.269614	-0.440994	 0.312246	 0.499532	-0.499547	-0.296818
-0.467116	-0.094356	 0.499501	 0.453703	 0.470572	 0.499953	-0.270405	 0.028494	-0.094198	 0.499532	-0.499547	-0.398152
-0.479326	-0.297078	 0.499523	 0.402642	 0.466646	 0.499953	-0.270801	 0.263237	-0.296902	 0.499532	-0.499547	-0.448818
-0.485431	-0.398439	 0.499535	 0.377111	 0.464683	 0.499953	-0.270999	 0.380609	-0.398254	 0.499532	-0.499547	-0.474152
-0.488484	-0.449119	 0.499541	 0.364345	 0.463702	 0.499953	-0.271098	 0.439295	 0.051070	 0.499532	-0.499547	-0.486818
-0.490010	-0.474460	 0.499543	 0.357963	 0.463211	 0.499953	-0.271147	 0.468638	 0.275214	 0.499532	-0.499547	-0.493152
-0.490773	-0.487130	 0.499545	 0.354771	 0.462966	 0.499953	-0.271172	 0.483310	-0.112714	 0.499532	-0.499547	-0.496318
-0.491155	-0.493465	 0.499546	 0.353176	 0.462843	 0.499953	-0.271185	 0.490645	-0.306160	 0.499532	-0.499547	-0.497902
-0.491345	-0.496632	 0.499546	 0.352378	 0.462782	 0.499953	-0.271191	 0.494313	-0.402883	 0.499532	-0.499547	-0.498693
-0.491441	-0.498216	 0.499546	 0.351979	 0.462751	 0.499953	-0.271194	 0.496147	-0.451244	 0.499532	-0.499547	-0.499089
-0.491488	-0.499008	 0.499546	 0.351780	 0.462736	 0.499953	-0.271195	 0.497064	 0.024575	 0.499532	-0.499547	-0.499287
-0.491512	-0.499404	 0.499546	 0.351680	 0.462728	 0.499953	-0.271196	 0.497523	 0.261967	 0.499532	-0.499547	-0.499386
-0.491524	-0.499602	 0.499546	 0.351630	 0.462724	 0.499953	-0.271197	 0.497752	 0.380663	 0.499532	-0.499547	-0.499436
-0.491530	-0.499701	 0.499546	 0.351605	 0.462722	-0.000047	-0.271197	 0.497866	 0.440011	-0.000468	-0.499547	-0.499460
-0.491533	-0.499750	 0.499546	 0.351593	 0.462721	-0.249576	-0.271197	 0.497924	 0.469685	-0.249913	-0.499547	-0.499473
-0.491535	-0.499775	 0.499546	 0.351586	 0.462721	 0.125659	-0.271197	 0.497952	 0.484522	 0.125365	-0.499547	-0.499479
-0.491535	-0.499788	 0.499546	 0.351583	 0.462720	 0.312805	-0.271197	 0.497967	 0.491940	 0.312448	-0.499547	-0.499482
-0.491536	-0.499794	 0.499546	 0.351582	 0.462720	-0.093622	-0.271197	 0.497974	 0.495649	 0.405990	-0.499547	-0.499483
-0.491536	-0.499797	 0.499546	 0.351581	 0.462720	-0.296365	-0.271197	 0.497977	 0.497504	 0.452760	-0.499547	-0.499484
-0.491536	-0.499798	 0.499546	 0.351580	-0.037280	 0.102264	-0.271197	-0.002021	 0.498431	 0.476146	-0.499547	-0.499485
-0.491536	-0.499799	 0.499546	 0.351580	-0.286808	 0.301107	-0.271197	-0.251603	 0.498895	 0.487839	-0.499547	-0.499485
-0.491536	-0.499800	 0.499546	 0.351580	-0.411102	 0.400528	-0.271197	-0.375979	 0.499127	 0.493685	-0.499547	-0.499485
-0.491536	-0.499800	-0.000454	 0.351580	-0.472779	-0.049761	-0.271197	 0.062249	 0.499243	-0.003392	-0.499547	-0.499485
-0.491536	-0.499800	-0.249962	 0.351580	-0.503148	-0.274435	-0.271197	 0.280947	 0.499301	-0.251375	-0.499547	-0.499485
-0.491536	-0.499800	-0.374716	 0.351580	-0.517865	-0.386772	-0.271197	-0.109704	 0.499330	 0.124634	-0.499547	-0.499485
-0.491536	-0.499800	-0.437093	 0.351580	-0.524755	-0.442940	-0.271197	-0.304614	 0.499344	 0.312083	-0.499547	-0.499485
-0.491536	-0.499800	 0.031718	 0.351580	-0.527734	-0.471024	-0.271197	 0.097931	-0.000649	-0.094193	-0.499547	-0.499485
-0.491536	-0.499800	 0.265632	 0.351580	-0.528758	-0.485067	-0.271197	 0.298788	-0.250127	-0.296775	-0.499547	-0.499485
-0.491536	-0.499800	-0.117411	 0.351580	-0.528805	-0.492088	-0.271197	 0.399217	 0.125134	 0.101934	-0.499547	-0.499485
-0.491536	-0.499800	-0.308441	 0.351580	-0.528364	-0.495598	-0.271197	 0.449431	 0.312247	 0.300732	-0.499547	-0.499485
-0.491536	-0.499800	-0.403956	 0.351580	-0.527680	-0.497353	-0.271197	 0.474538	 0.405803	 0.400131	-0.499547	-0.499485
-0.491536	-0.499800	-0.451713	 0.351580	-0.026876	 0.001769	-0.271197	 0.487092	 0.452581	-0.050169	-0.499547	-0.499485
-0.491536	-0.499800	-0.475592	 0.351580	 0.223526	 0.250858	-0.271197	 0.493369	 0.475970	-0.274764	-0.499547	-0.499485
-0.491536	-0.499800	-0.487531	 0.351580	-0.151273	-0.124597	-0.271197	-0.003493	 0.487665	-0.387061	-0.499547	-0.499485
-0.491536	-0.499800	-0.493501	 0.351580	-0.338211	-0.311854	-0.271197	-0.251509	 0.493512	-0.443209	-0.499547	-0.499485
-0.491536	-0.499800	-0.496486	 0.351580	-0.431219	-0.405482	-0.271197	-0.375516	 0.496436	-0.471284	-0.499547	-0.499485
-0.491536	-0.499800	-0.497978	 0.351580	-0.477263	-0.452296	-0.271197	-0.437520	 0.497897	-0.485321	-0.499547	-0.499485
-0.491536	-0.499800	-0.498724	 0.351580	 0.000175	-0.475703	-0.271197	-0.468522	 0.498628	-0.492339	-0.499547	-0.499485
-0.491536	-0.499800	-0.499097	 0.351580	 0.238893	-0.487407	-0.271197	-0.484023	 0.498994	-0.495849	-0.499547	-0.499485
-0.491536	-0.499800	-0.499284	 0.351580	 0.358253	-0.493258	-0.271197	-0.491774	 0.499177	-0.497603	-0.499547	-0.499485
-0.491536	-0.499800	-0.499377	 0.351580	 0.417932	-0.496184	-0.271197	 0.004351	 0.499268	 0.001519	-0.499547	-0.499485
-0.491536	-0.499800	-0.499424	 0.351580	 0.447772	-0.497647	-0.271197	 0.251998	 0.499314	 0.250525	-0.499547	-0.499485
-0.491536	-0.499800	-0.499447	-0.148420	-0.037308	-0.498379	-0.271197	 0.375822	-0.000664	-0.124973	-0.499547	-0.499485
-0.491536	-0.499800	-0.499459	-0.397760	-0.279389	-0.498745	-0.271197	 0.437733	-0.250134	-0.312165	-0.499547	-0.499485
-0.491536	-0.499800	-0.499465	-0.021771	 0.100027	 0.001073	-0.271197	 0.468689	 0.125131	-0.405762	-0.499547	-0.499485
-0.491536	-0.499800	-0.499468	 0.166224	 0.289736	 0.250509	-0.271197	 0.484167	 0.312245	-0.452560	-0.499547	-0.499485
-0.491536	-0.499800	-0.499469	 0.260221	-0.115410	 0.375228	-0.271197	 0.491906	 0.405803	 0.024041	-0.499547	-0.499485
-0.491536	-0.499800	-0.499470	 0.307220	-0.317526	 0.437587	-0.271197	 0.495776	 0.452581	 0.261785	-0.499547	-0.499485
-0.491536	-0.499800	-0.499470	 0.330719	-0.418128	 0.468767	-0.271197	 0.497710	 0.475970	 0.380657	-0.499547	-0.499485
-0.491536	-0.499800	-0.499470	 0.342469	-0.467974	-0.015644	-0.271197	 0.498678	 0.487665	-0.059906	-0.499547	-0.499485
-0.491536	-0.499800	-0.499470	 0.348344	-0.492442	-0.257378	-0.271197	 0.499162	 0.493512	-0.279633	-0.499547	-0.499485
-0.491536	-0.499800	-0.499471	-0.148719	-0.504223	 0.121755	-0.271197	-0.000597	 0.496436	 0.110504	-0.499547	-0.499485
-0.491536	-0.499800	-0.499471	-0.396593	-0.509660	 0.310850	-0.271197	-0.250061	 0.497898	 0.305017	-0.499547	-0.499485
-0.491536	-0.499800	-0.499471	-0.019873	-0.511927	 0.405397	-0.271197	 0.125208	-0.001371	 0.402273	-0.499547	-0.499485
-0.491536	-0.499800	-0.499471	 0.168486	-0.512609	 0.452671	-0.271197	 0.312426	-0.250488	 0.450901	-0.499547	-0.499485
-0.491536	-0.499800	-0.499471	-0.237334	-0.512499	-0.023692	-0.271197	-0.093964	 0.124954	 0.475215	-0.499547	-0.499485
-0.491536	-0.499800	-0.499471	-0.439589	-0.511995	-0.261403	-0.271197	-0.296744	 0.312157	 0.487372	-0.499547	-0.499485
-0.491536	-0.499800	-0.499471	-0.540063	-0.511294	-0.380258	-0.271197	-0.398135	 0.405759	 0.493451	-0.499547	-0.499485
-0.491536	-0.499800	-0.499471	-0.089648	-0.010495	-0.439686	-0.271197	 0.051170	 0.452560	-0.003510	-0.499547	-0.499485
-0.491536	-0.499800	-0.499471	 0.135560	 0.239904	-0.469400	-0.271197	 0.275408	 0.475960	-0.251434	-0.499547	-0.499485
-0.491536	-0.499800	-0.499471	-0.251836	 0.365104	-0.484256	-0.271197	 0.387526	 0.487660	-0.375397	-0.499547	-0.499485
-0.491536	-0.499800	-0.499471	-0.444884	 0.427704	-0.491685	-0.271197	 0.443586	 0.493510	-0.437378	-0.499547	-0.499485
-0.491536	-0.499800	-0.499471	-0.040758	 0.459004	 0.004601	-0.271197	 0.471615	 0.496435	 0.031632	-0.499547	-0.499485
-0.491536	-0.499800	-0.499471	 0.161305	 0.474654	 0.252272	-0.271197	 0.485630	 0.497898	 0.265580	-0.499547	-0.499485
-0.491536	-0.499800	-0.499471	 0.262337	-0.017521	-0.123892	-0.271197	-0.007363	 0.498629	 0.382555	-0.499547	-0.499485
-0.491536	-0.499800	-0.499471	 0.312853	-0.263162	-0.311504	-0.271197	-0.253444	 0.498995	 0.441042	-0.499547	-0.499485
-0.491536	-0.499800	-0.499471	 0.338110	-0.385535	-0.405309	-0.271197	-0.376484	 0.499177	 0.470285	-0.499547	-0.499485
-0.491536	-0.499800	-0.499471	 0.350739	-0.446276	 0.047788	-0.271197	 0.061995	-0.000731	 0.484907	-0.499547	-0.499485
-0.491536	-0.499800	-0.499471	 0.357054	-0.476202	 0.273865	-0.271197	 0.280820	-0.250167	 0.492218	-0.499547	-0.499485
-0.491536	-0.499800	-0.499471	 0.360211	-0.490720	-0.113097	-0.271197	 0.390232	 0.125115	 0.495873	-0.499547	-0.499485
-0.491536	-0.499800	-0.499471	 0.361790	-0.497536	-0.306107	-0.271197	 0.444938	 0.312238	 0.497701	-0.499547	-0.499485
-0.491536	-0.499800	-0.499471	-0.137421	-0.000502	-0.402612	-0.271197	 0.472292	 0.405799	 0.498615	-0.499547	-0.499485
-0.491536	-0.499800	-0.499471	-0.386378	 0.248016	-0.450864	-0.271197	 0.485968	 0.452580	 0.499072	-0.499547	-0.499485
-0.491536	-0.499800	 0.000529	-0.010210	-0.127726	-0.474990	-0.271197	 0.492806	 0.475970	 0.499300	-0.499547	-0.499485
-0.491536	-0.499800	 0.250038	 0.177875	-0.315154	-0.487053	-0.271197	 0.496226	 0.487666	 0.499415	-0.499547	-0.499485
-0.491536	-0.499800	 0.374792	 0.271917	-0.408428	-0.493085	-0.271197	 0.497935	 0.493513	 0.499472	-0.499547	-0.499485
-0.491536	-0.499800	-0.062831	 0.318938	 0.045376	-0.496101	-0.271197	 0.498790	 0.496437	 0.499500	-0.499547	-0.499485
-0.491536	-0.499800	-0.281151	 0.342448	 0.272278	-0.497609	-0.271197	 0.499217	 0.497899	 0.499515	-0.499547	-0.499485
-0.491536	-0.499800	-0.390311	 0.354203	 0.385729	 0.001637	-0.271197	 0.499431	 0.498630	 0.499522	-0.499547	-0.499485
-0.491536	-0.499800	-0.444891	 0.360081	 0.442454	 0.250789	-0.271197	 0.499538	 0.498995	 0.499525	-0.499547	-0.499485
-0.491536	-0.499800	 0.027819	 0.363020	 0.470817	-0.124636	-0.271197	 0.499591	 0.499178	 0.499527	-0.499547	-0.499485
-0.491536	-0.499800	 0.263683	 0.364489	 0.484998	-0.311877	-0.271197	 0.499618	 0.499269	 0.499528	-0.499547	-0.499485
-0.491536	-0.499800	-0.118386	 0.365224	 0.492089	-0.405497	-0.271197	 0.499631	-0.000685	 0.499528	-0.499547	-0.499485
-0.491536	-0.499800	-0.308928	 0.365591	 0.495634	-0.452308	-0.271197	 0.499638	-0.250144	 0.499529	-0.499547	-0.499485
-0.491536	-0.499800	-0.404200	 0.365775	 0.497407	-0.475713	-0.271197	 0.499641	-0.374873	 0.499529	-0.499547	-0.499485
-0.491536	-0.499800	 0.048165	 0.365867	 0.498293	-0.487415	-0.271197	-0.000357	 0.062762	-0.000471	-0.499547	-0.499485
-0.491536	-0.499800	 0.273855	 0.365913	 0.498736	-0.493267	-0.271197	-0.249941	 0.281062	-0.249915	-0.499547	-0.499485
-0.491536	-0.499800	-0.113300	 0.365936	 0.498958	-0.496192	-0.271197	 0.125267	-0.109789	-0.374637	-0.499547	-0.499485
-0.491536	-0.499800	-0.306385	 0.365947	 0.499069	-0.497655	-0.271197	 0.312456	-0.304695	-0.436998	-0.499547	-0.499485
-0.491536	-0.499800	 0.097072	 0.365953	-0.000876	-0.498387	-0.271197	 0.406050	 0.097851	 0.031821	-0.499547	-0.499485
-0.491536	-0.499800	 0.298309	 0.365956	-0.250409	-0.498752	-0.271197	 0.452847	 0.298606	 0.265675	-0.499547	-0.499485
-0.491536	-0.499800	-0.101073	 0.365957	 0.124825	-0.498935	-0.271197	 0.476246	-0.101016	 0.382602	-0.499547	-0.499485
-0.491536	-0.499800	-0.300272	 0.365958	 0.312003	-0.499027	-0.271197	 0.487945	-0.300309	 0.441065	-0.499547	-0.499485
-0.491536	-0.499800	-0.399872	 0.365958	 0.405592	-0.499072	-0.271197	 0.493795	-0.399955	 0.470297	-0.499547	-0.499485
-0.491536	-0.499800	 0.050329	 0.365959	-0.047614	-0.499095	-0.271197	 0.496720	 0.050221	 0.484913	-0.499547	-0.499485
-0.491536	-0.499800	 0.274937	 0.365959	-0.273777	-0.499107	-0.271197	 0.498182	 0.274792	 0.492221	-0.499547	-0.499485
-0.491536	-0.499800	 0.387241	 0.365959	-0.386858	-0.499112	-0.271197	 0.498913	 0.387077	-0.004125	-0.499547	-0.499485
-0.491536	-0.499800	 0.443393	 0.365959	-0.443399	-0.499115	-0.271197	 0.499279	 0.443220	-0.251743	-0.499547	-0.499485
-0.491536	-0.499800	 0.471469	 0.365959	 0.028330	-0.499117	-0.271197	 0.499462	 0.471291	-0.375551	-0.499547	-0.499485
-0.491536	-0.499800	 0.485507	 0.365959	 0.263756	-0.499117	-0.271197	 0.499553	 0.485327	-0.437455	-0.499547	-0.499485
-0.491536	-0.499800	-0.007474	 0.365959	 0.381469	-0.499118	-0.271197	 0.499599	 0.492344	 0.031592	-0.499547	-0.499485
-0.491536	-0.499800	-0.253472	 0.365959	 0.440326	-0.499118	-0.271197	 0.499622	 0.495853	 0.265560	-0.499547	-0.499485
-0.491536	-0.499800	-0.376472	 0.365959	-0.030246	-0.499118	-0.271197	-0.000367	 0.497608	 0.382544	-0.499547	-0.499485
-0.491536	-0.499800	-0.437972	 0.365959	-0.265092	-0.499118	-0.271197	-0.249946	 0.498485	 0.441036	-0.499547	-0.499485
-0.491536	-0.499800	-0.468721	 0.365959	-0.382516	-0.499118	-0.271197	-0.374736	 0.498924	 0.470282	-0.499547	-0.499485
-0.491536	-0.499800	-0.484096	-0.134041	-0.441227	-0.499118	-0.271197	 0.062870	 0.499143	 0.484905	-0.499547	-0.499485
-0.491536	-0.499800	-0.491784	-0.383396	-0.470583	-0.499118	-0.271197	 0.281257	 0.499253	 0.492217	-0.499547	-0.499485
-0.491536	-0.499800	-0.495628	-0.007429	-0.485261	 0.000882	-0.271197	 0.390451	 0.499307	 0.495872	-0.499547	-0.499485
-0.491536	-0.499800	-0.497549	 0.180555	-0.492600	 0.250410	-0.271197	 0.445047	 0.499335	 0.497700	-0.499547	-0.499485
-0.491536	-0.499800	-0.498510	 0.274547	 0.003731	-0.124826	-0.271197	 0.472346	 0.499349	 0.498614	-0.499547	-0.499485
-0.491536	-0.499800	-0.498991	 0.321543	 0.251457	-0.311973	-0.271197	 0.485995	 0.499355	 0.499071	-0.499547	-0.499485
-0.491536	-0.499800	 0.000769	 0.345041	 0.375320	-0.405546	-0.271197	 0.492820	 0.499359	-0.000700	-0.499547	-0.499485
-0.491536	-0.499800	 0.250157	 0.356790	 0.437252	-0.452333	-0.271197	 0.496232	 0.499361	-0.250030	-0.499547	-0.499485
-0.491536	-0.499800	 0.374851	 0.362664	 0.468218	-0.475726	-0.271197	 0.497938	 0.499361	-0.374695	-0.499547	-0.499485
-0.491536	-0.499800	 0.437198	 0.365601	 0.483701	-0.487423	-0.271197	 0.498791	 0.499362	 0.062972	-0.499547	-0.499485
-0.491536	-0.499800	 0.468372	 0.367070	 0.491442	-0.493271	-0.271197	 0.499218	 0.499362	 0.281250	-0.499547	-0.499485
-0.491536	-0.499800	 0.483958	 0.367804	-0.004687	-0.496195	-0.271197	 0.499431	 0.499362	 0.390389	-0.499547	-0.499485
-0.491536	-0.499800	 0.491752	 0.368171	-0.252312	-0.497658	-0.271197	 0.499538	 0.499362	 0.444958	-0.499547	-0.499485
-0.491536	-0.499800	-0.004351	 0.368355	 0.123875	 0.001611	-0.771197	 0.499591	 0.499362	-0.027757	-0.499547	-0.499485
-0.491536	-0.499800	-0.251911	 0.368447	 0.311530	 0.250774	-1.020112	 0.499618	 0.499362	-0.263559	-0.499547	-0.499485
-0.491536	-0.499800	-0.375691	-0.131507	-0.094643	-0.124644	-0.643486	-0.000369	 0.499362	 0.118540	-0.499547	-0.499485
-0.491536	-0.499800	-0.437581	-0.380841	-0.297289	-0.311883	-0.455173	-0.249947	 0.499362	 0.309034	-0.499547	-0.499485
-0.491536	-0.499800	-0.468526	-0.504867	-0.398613	-0.405502	-0.361016	-0.374736	 0.499362	 0.404281	-0.499547	-0.499485
-0.491536	-0.499800	-0.483999	-0.066239	 0.050726	 0.047688	-0.313938	 0.062869	 0.499362	-0.048096	-0.499547	-0.499485
-0.491536	-0.499800	-0.491735	 0.153075	 0.274956	 0.273812	-0.290399	 0.281257	 0.499362	-0.273728	-0.499547	-0.499485
-0.491536	-0.499800	-0.495603	 0.262732	 0.387071	 0.386874	-0.278629	 0.390450	-0.000638	 0.113455	-0.499547	-0.499485
-0.491536	-0.499800	-0.497537	 0.317560	 0.443129	 0.443405	-0.272744	 0.445047	-0.250120	 0.306491	-0.499547	-0.499485
-0.491536	-0.499800	 0.001496	 0.344974	 0.471157	-0.028330	-0.269802	-0.027654	 0.125140	 0.403009	-0.499547	-0.499485
-0.491536	-0.499800	 0.250520	 0.358681	 0.485172	-0.263726	-0.268331	-0.263590	 0.312251	 0.451268	-0.499547	-0.499485
-0.491536	-0.499800	 0.375033	 0.365535	-0.007821	-0.381425	-0.267595	 0.118442	 0.405807	 0.475398	-0.499547	-0.499485
-0.491536	-0.499800	 0.437289	 0.368962	-0.253878	-0.440274	-0.267227	 0.309043	 0.452585	 0.487462	-0.499547	-0.499485
-0.491536	-0.499800	 0.468417	 0.370675	-0.376906	-0.469698	-0.267043	 0.404343	 0.475974	 0.493495	-0.499547	-0.499485
-0.491536	-0.499800	-0.016019	-0.128468	-0.438421	-0.484410	-0.266951	 0.451994	 0.487668	 0.496511	-0.499547	-0.499485
-0.491536	-0.499800	-0.257745	-0.377401	-0.469178	-0.491767	-0.266905	 0.475819	 0.493516	 0.498019	-0.499547	-0.499485
-0.491536	-0.499800	-0.378608	-0.001229	 0.015444	-0.495445	-0.266882	-0.012269	-0.003561	 0.498773	-0.499547	-0.499485
-0.491536	-0.499800	-0.439040	 0.186857	 0.257316	-0.497284	-0.266871	-0.255897	-0.251581	 0.499150	-0.499547	-0.499485
-0.491536	-0.499800	-0.469256	 0.280899	 0.378252	-0.498203	-0.266865	 0.122288	 0.124409	 0.499339	-0.499547	-0.499485
-0.491536	-0.499800	-0.484364	 0.327921	 0.438720	-0.498663	-0.266862	 0.310966	 0.311886	 0.499433	-0.499547	-0.499485
-0.491536	-0.499800	-0.491918	 0.351432	 0.468954	-0.498893	-0.266861	 0.405305	-0.094375	-0.000520	-0.499547	-0.499485
-0.491536	-0.499800	-0.495695	 0.363187	 0.484071	-0.499008	-0.266860	 0.452474	-0.296988	-0.249941	-0.499547	-0.499485
-0.491536	-0.499800	-0.497583	 0.369065	 0.491629	-0.499065	-0.266860	 0.476059	-0.398294	-0.374651	-0.499547	-0.499485
-0.491536	-0.499800	-0.498527	 0.372003	-0.004592	-0.499094	-0.266860	 0.487851	 0.051053	-0.437006	-0.499547	-0.499485
-0.491536	-0.499800	-0.498999	 0.373473	-0.252263	-0.499108	-0.266860	 0.493747	 0.275208	-0.468184	-0.499547	-0.499485
-0.491536	-0.499800	-0.499236	 0.374208	-0.876098	-0.499115	-0.266860	 0.496696	 0.387286	-0.483772	-0.499547	-0.499485
-0.491536	-0.499800	-0.499354	 0.374575	-1.186699	-0.499119	-0.266860	 0.498170	 0.443325	-0.491567	-0.499547	-0.499485
-0.491536	-0.499800	-0.499413	 0.374759	-0.840686	-0.499121	-0.266860	-0.001093	 0.471344	-0.495464	-0.499547	-0.499485
-0.491536	-0.499800	-0.499442	 0.374850	-0.667679	-0.499122	-0.266860	-0.250310	 0.485354	-0.497413	-0.499547	-0.499485
-0.491536	-0.499800	 0.000543	 0.374896	-0.081176	-0.499122	-0.266860	 0.125082	 0.492359	-0.498387	-0.499547	-0.499485
-0.491536	-0.499800	 0.250044	 0.374919	 0.211632	-0.499122	-0.266860	 0.312363	 0.495861	-0.498874	-0.499547	-0.499485
-0.491536	-0.499800	 0.374795	 0.374931	 0.357594	-0.499123	-0.266860	 0.406003	 0.497613	-0.499118	-0.499547	-0.499485
-0.491536	-0.499800	-0.062830	 0.374937	-0.069868	-0.499123	-0.266860	 0.452823	 0.498488	-0.499239	-0.499547	-0.499485
-0.491536	-0.499800	-0.281151	 0.374939	-0.283598	-0.499123	-0.266860	 0.476233	 0.498926	-0.499300	-0.499547	-0.499485
-0.491536	-0.499800	-0.390311	-0.125059	 0.109537	-0.499123	-0.266860	 0.487938	 0.499145	-0.499331	-0.499547	-0.499485
-0.491536	-0.499800	-0.444892	-0.374422	 0.305663	-0.499123	-0.266860	 0.493791	 0.499254	-0.499346	-0.499547	-0.499485
-0.491536	-0.499800	-0.472182	 0.001532	 0.403285	 0.000877	-0.266860	 0.496717	 0.499309	 0.000646	-0.499547	-0.499485
-0.491536	-0.499800	-0.485827	 0.189509	 0.451657	 0.250406	-0.266860	 0.498180	 0.499336	 0.250087	-0.499547	-0.499485
-0.491536	-0.499800	-0.492649	 0.283497	-0.024596	-0.124830	-0.266860	 0.498912	 0.499350	 0.374807	-0.499547	-0.499485
-0.491536	-0.499800	-0.496060	 0.330491	-0.262283	-0.311977	-0.266860	 0.499278	 0.499357	 0.437167	-0.499547	-0.499485
-0.491536	-0.499800	-0.497766	 0.353988	-0.381126	-0.405551	-0.266860	 0.499461	 0.499360	 0.468347	-0.499547	-0.499485
-0.491536	-0.499800	-0.498619	 0.365737	 0.059452	-0.452337	-0.266860	 0.499552	-0.000638	 0.483937	-0.499547	-0.499485
-0.491536	-0.499800	-0.499045	 0.371611	 0.279302	-0.475731	-0.266860	 0.499598	-0.250119	 0.491732	-0.499547	-0.499485
-0.491536	-0.499800	-0.499259	 0.374548	-0.110772	-0.487428	-0.266860	-0.000379	 0.125141	 0.495629	-0.499547	-0.499485
-0.491536	-0.499800	-0.499365	 0.376017	-0.305370	-0.493276	-0.266860	-0.249953	 0.312252	 0.497578	-0.499547	-0.499485
-0.491536	-0.499800	 0.000582	 0.376751	 0.097331	-0.496200	-0.266860	 0.125260	 0.405808	 0.498552	-0.499547	-0.499485
-0.491536	-0.499800	 0.250063	 0.377118	 0.298242	-0.497662	-0.266860	 0.312452	 0.452586	 0.499040	-0.499547	-0.499485
-0.491536	-0.499800	 0.374804	 0.377302	-0.101302	 0.001607	-0.266860	-0.093952	 0.475975	-0.000717	-0.499547	-0.499485
-0.491536	-0.499800	 0.437174	 0.377394	-0.300634	 0.250770	-0.266860	-0.296739	 0.487670	-0.250039	-0.499547	-0.499485
-0.491536	-0.499800	 0.468360	 0.377440	-0.400301	 0.375351	-0.266860	-0.398133	 0.493517	-0.374700	-0.499547	-0.499485
-0.491536	-0.499800	-0.016048	 0.377463	-0.450134	 0.437642	-0.266860	 0.051170	 0.496441	-0.437031	-0.499547	-0.499485
-0.491536	-0.499800	-0.257760	 0.377474	-0.475050	 0.468787	-0.266860	 0.275407	 0.497902	-0.468196	-0.499547	-0.499485
-0.491536	-0.499800	 0.121384	 0.377480	 0.012492	 0.484360	-0.266860	 0.387525	 0.498633	 0.016221	-0.499547	-0.499485
-0.491536	-0.499800	 0.310464	 0.377483	 0.255824	 0.492146	-0.266860	 0.443584	 0.498999	 0.257874	-0.499547	-0.499485
-0.491536	-0.499800	-0.594995	 0.377484	-0.122510	-0.003961	-0.266860	 0.471614	 0.499181	-0.121300	-0.499547	-0.499485
-0.491536	-0.499800	-1.046251	 0.377485	-0.311238	-0.251543	-0.266860	 0.485628	 0.499273	-0.310331	-0.499547	-0.499485
-0.991536	-0.499800	-0.770408	 0.377485	 0.094398	-0.375335	-0.266860	 0.492636	 0.499319	 0.095154	-0.499547	-0.499485
-1.239992	-0.499800	-0.632487	 0.377485	 0.296778	-0.437230	-0.266860	 0.496139	 0.499341	 0.297340	-0.499547	-0.499485
-1.362680	-0.499800	-0.563526	 0.377485	 0.397967	-0.468178	-0.266860	 0.497891	 0.499353	 0.398433	-0.499547	-0.499485
-0.922486	-0.499800	-0.029045	 0.377486	-0.051438	-0.483652	-0.266860	 0.498767	-0.000641	 0.448979	-0.499547	-0.499485
-0.702389	-0.499800	 0.237698	 0.377486	-0.275701	-0.491389	-0.266860	 0.499205	-0.250120	 0.474253	-0.499547	-0.499485
-0.592341	-0.499800	 0.370575	 0.377486	-0.387832	-0.495257	-0.266860	 0.499424	 0.125140	-0.013111	-0.499547	-0.499485
-0.537317	-0.499800	 0.436518	 0.377486	-0.443898	-0.497191	-0.266860	 0.499534	 0.312252	-0.256237	-0.499547	-0.499485
-0.509804	-0.499800	 0.468996	 0.377486	-0.471931	-0.498159	-0.266860	 0.499588	 0.405809	 0.122201	-0.499547	-0.499485
-0.496048	-0.499800	 0.484743	 0.377486	-0.485947	-0.498642	-0.266860	 0.499616	 0.452587	 0.310863	-0.499547	-0.499485
-0.489170	-0.499800	-0.007876	 0.377486	 0.007044	-0.498884	-0.266860	 0.499629	 0.475976	 0.405194	-0.499547	-0.499485
-0.485731	-0.499800	-0.253693	 0.377486	 0.253101	-0.499005	-0.266860	 0.499636	 0.487670	 0.452360	-0.499547	-0.499485
-0.484012	-0.499800	-0.376602	 0.377486	 0.376130	-0.499065	-0.266860	 0.499640	 0.493517	 0.475943	-0.499547	-0.499485
-0.483152	-0.499800	-0.438056	 0.377486	-0.062356	-0.499096	-0.266860	-0.000359	 0.496441	 0.487734	-0.499547	-0.499485
-0.482722	-0.499800	-0.468784	 0.377486	-0.281159	-0.499111	-0.266860	-0.249943	 0.497903	 0.493630	-0.499547	-0.499485
-0.482507	-0.499800	-0.484147	-0.122514	-0.390561	-0.499118	-0.266860	-0.374735	 0.498634	 0.496578	-0.499547	-0.499485
-0.482400	-0.499800	-0.491829	-0.371881	-0.445262	-0.499122	-0.266860	-0.437131	 0.498999	 0.498052	-0.499547	-0.499485
-0.482346	-0.499800	-0.495670	 0.004069	 0.027388	-0.499124	-0.266860	-0.468329	 0.499182	 0.498789	-0.499547	-0.499485
-0.482319	-0.499800	-0.497590	 0.192044	 0.263274	-0.499125	-0.266860	-0.483928	 0.499273	 0.499157	-0.499547	-0.499485
-0.482306	-0.499800	-0.498551	 0.286031	-0.118783	-0.499125	-0.266860	 0.008273	-0.000681	 0.499341	-0.499547	-0.499485
-0.482299	-0.499800	-0.499031	 0.333025	-0.309372	-0.499125	-0.266860	 0.253958	-0.250140	 0.499433	-0.499547	-0.499485
-0.482296	-0.499800	-0.499271	 0.356522	-0.404667	-0.499126	-0.266860	 0.376800	-0.374869	 0.499480	-0.499547	-0.499485
-0.482294	-0.499800	 0.000609	 0.368270	 0.047686	 0.000874	-0.266860	-0.061778	 0.062766	 0.499503	-0.499547	-0.499485
-0.482293	-0.499800	 0.250057	 0.374144	 0.273424	 0.250403	-0.266860	-0.280653	 0.281066	 0.499514	-0.499547	-0.499485
-0.482293	-0.499800	 0.374782	 0.377081	-0.113708	-0.124833	-0.266860	 0.109910	 0.390215	 0.499520	-0.499547	-0.499485
-0.482293	-0.499800	 0.437144	 0.378550	-0.306834	-0.311980	-0.266860	 0.304777	 0.444790	 0.499523	-0.499547	-0.499485
-0.482292	-0.499800	-0.031675	-0.120716	 0.096603	 0.094446	-0.266860	 0.402210	 0.472078	 0.499524	-0.499547	-0.499485
-0.482292	-0.499800	-0.265593	-0.369717	 0.297883	 0.297188	-0.266860	 0.450926	 0.485721	 0.499525	-0.499547	-0.499485
-0.482292	-0.499800	 0.117448	-0.493588	 0.398523	-0.101441	-0.266860	 0.475284	-0.007457	-0.000475	-0.499547	-0.499485
-0.482292	-0.499800	 0.308477	-0.554895	 0.448843	-0.300285	-0.266860	 0.487464	-0.253528	-0.249919	-0.499547	-0.499485
-0.482292	-0.499800	 0.403991	-0.084921	 0.474003	 0.100293	-0.266860	 0.493553	 0.123437	 0.125359	-0.499547	-0.499485
-0.482292	-0.499800	 0.451749	 0.150066	 0.486583	 0.300110	-0.266860	 0.496598	 0.311401	 0.312442	-0.499547	-0.499485
-0.482292	-0.499800	 0.475627	 0.267560	 0.492873	 0.400019	-0.266860	 0.498120	 0.405384	 0.405984	-0.499547	-0.499485
-0.482292	-0.499800	-0.012433	 0.326307	-0.003982	-0.050027	-0.266860	 0.498881	 0.452375	 0.452754	-0.499547	-0.499485
-0.482292	-0.499800	-0.255972	 0.355680	-0.251970	-0.274578	-0.266860	 0.499262	 0.475870	 0.476140	-0.499547	-0.499485
-0.482292	-0.499800	 0.122259	 0.370367	-0.375964	-0.386854	-0.266860	 0.499452	 0.487618	 0.487833	-0.499547	-0.499485
-0.482292	-0.499800	 0.310882	 0.377710	-0.437961	-0.442992	-0.266860	 0.499548	 0.493492	 0.493679	-0.499547	-0.499485
-0.482292	-0.499800	-0.094806	 0.381382	-0.468960	-0.471061	-0.266860	-0.000405	 0.496429	 0.496602	-0.499547	-0.499485
-0.482292	-0.499800	-0.297158	 0.383218	-0.484459	-0.485096	-0.266860	-0.249966	 0.497897	 0.498064	-0.499547	-0.499485
-0.482292	-0.499800	-0.398335	 0.384136	-0.492209	-0.492113	-0.266860	 0.125254	-0.001369	 0.498794	-0.499547	-0.499485
-0.482292	-0.499800	-0.448923	 0.384595	-0.496083	-0.495622	-0.266860	 0.312448	-0.250483	 0.499160	-0.499547	-0.499485
-0.482292	-0.499800	-0.474217	 0.384824	-0.498021	-0.497376	-0.266860	 0.406045	-0.375041	 0.499343	-0.499547	-0.499485
-0.482292	-0.499800	-0.486864	-0.115061	 0.001010	-0.498253	-0.266860	 0.452844	 0.062681	 0.499434	-0.499547	 0.000515
-0.482292	-0.499800	-0.493187	-0.364378	 0.250087	-0.498692	-0.266860	 0.476243	 0.281023	 0.499480	-0.499547	 0.249980
-0.482292	-0.499800	 0.003651	-0.488411	-0.125374	-0.498911	-0.266860	 0.487943	 0.390195	 0.499502	-0.499547	-0.125287
-0.482292	-0.499800	 0.251578	-0.549804	-0.312666	-0.499021	-0.266860	 0.493793	 0.444780	 0.499514	-0.499547	-0.312386
-0.482292	-0.499800	-0.124458	-0.579878	 0.093689	-0.499075	-0.266860	 0.496718	 0.472073	 0.499520	-0.499547	-0.405935
-0.482292	-0.499800	-0.311984	-0.594294	 0.296427	-0.499103	-0.266860	 0.498180	 0.485720	 0.499522	-0.499547	-0.452710
-0.482292	-0.499800	-0.405748	-0.100882	-0.102204	-0.499117	-0.266860	 0.498911	 0.492543	-0.000476	-0.499547	-0.476098
-0.482292	-0.499800	-0.452629	 0.145824	-0.301080	-0.499123	-0.266860	 0.499277	 0.495955	-0.249920	-0.499547	-0.487791
-0.482292	-0.499800	-0.476070	 0.269176	-0.400518	-0.499127	-0.266860	 0.499460	 0.497660	-0.374641	-0.499547	-0.493638
-0.482292	-0.499800	-0.487790	-0.169147	-0.450237	-0.499129	-0.266860	 0.499551	-0.001487	 0.062998	-0.499547	-0.496562
-0.482292	-0.499800	-0.493651	-0.387690	-0.475096	-0.499129	-0.266860	 0.499597	-0.250542	 0.281261	-0.499547	-0.498023
-0.482292	-0.499800	-0.496581	 0.003655	-0.487526	-0.499130	-0.266860	-0.000380	 0.124930	 0.390393	-0.499547	-0.498754
-0.482292	-0.499800	-0.498046	 0.199328	-0.493741	-0.499130	-0.266860	-0.249954	 0.312148	 0.444959	-0.499547	-0.499120
-0.482292	-0.499800	-0.498778	 0.297165	 0.003152	-0.499130	-0.266860	 0.125260	 0.405758	 0.472242	-0.499547	-0.499302
-0.482292	-0.499800	-0.499145	 0.346083	 0.251159	-0.499130	-0.266860	 0.312451	 0.452562	 0.485883	-0.499547	-0.499394
-0.482292	-0.499800	-0.499328	 0.370542	-0.124837	-0.499130	-0.266860	-0.093953	 0.475964	 0.492704	-0.499547	-0.499439
-0.482292	-0.499800	-0.499419	 0.382772	-0.312396	-0.499130	-0.266860	-0.296740	 0.487665	 0.496115	-0.499547	-0.499462
-0.482292	-0.499800	-0.499465	 0.388886	-0.406175	-0.499130	-0.266860	-0.398134	 0.493516	 0.497820	-0.499547	-0.499474
-0.482292	-0.499800	-0.499488	 0.391944	-0.453064	-0.499130	-0.266860	 0.051169	 0.496441	-0.001328	-0.499547	-0.499479
-0.482292	-0.499800	-0.499499	 0.393472	-0.476509	-0.499130	-0.266860	 0.275406	 0.497904	-0.250346	-0.499547	-0.499482
-0.482292	-0.499800	-0.499505	 0.394237	-0.488232	-0.499130	-0.266860	 0.387524	 0.498635	 0.125145	-0.499547	-0.499484
-0.482292	-0.499800	-0.499508	 0.394619	-0.494093	-0.499130	-0.266860	 0.443583	 0.499001	 0.312335	-0.499547	-0.499484
-0.482292	-0.499800	-0.499509	 0.394810	 0.002976	-0.499130	-0.266860	 0.471613	 0.499184	 0.405930	-0.499547	-0.499485
-0.482292	-0.499800	-0.499510	 0.394906	 0.251072	-0.499130	-0.266860	 0.485627	 0.499275	 0.452727	-0.499547	-0.499485
-0.482292	-0.499800	-0.499510	 0.394953	 0.375120	-0.499130	-0.266860	-0.007365	 0.499321	 0.476126	-0.499547	-0.499485
-0.482292	-0.499800	-0.499511	 0.394977	 0.437144	-0.499130	-0.266860	-0.253446	 0.499344	 0.487825	-0.499547	-0.499485
-0.482292	-0.499800	-0.499511	 0.394989	 0.468156	-0.499130	-0.266860	-0.376487	 0.499355	 0.493675	-0.499547	-0.499485
-0.482292	-0.499800	-0.499511	 0.394995	-0.016338	-0.499130	-0.266860	 0.061993	-0.000639	 0.496600	-0.499547	-0.499485
-0.482292	-0.499800	-0.499511	 0.394998	-0.258145	-0.499130	-0.266860	 0.280817	-0.250118	 0.498062	-0.499547	-0.499485
-0.482292	-0.499800	-0.499511	 0.395000	 0.120951	-0.499130	-0.266860	 0.390230	 0.125142	-0.001207	-0.499547	-0.499485
-0.482292	-0.499800	-0.499511	 0.395000	 0.310060	-0.499130	-0.266860	 0.444936	 0.312255	-0.250285	-0.499547	-0.499485
-0.482292	-0.499800	 0.000489	 0.395001	-0.095385	-0.499130	-0.266860	 0.472289	 0.405811	-0.374825	-0.499547	-0.499485
-0.482292	-0.499800	 0.249998	 0.395001	-0.297668	-0.499130	-0.266860	 0.485965	 0.452589	-0.437094	-0.499547	-0.499485
-0.482292	-0.499800	 0.374752	 0.395001	 0.101190	-0.499130	-0.266860	-0.007196	 0.475978	 0.031771	-0.499547	-0.499485
-0.482292	-0.499800	 0.437129	 0.395001	 0.300181	-0.499130	-0.266860	-0.253362	 0.487673	 0.265648	-0.499547	-0.499485
-0.482292	-0.499800	 0.468317	 0.395001	 0.399676	-0.499130	-0.266860	-0.376445	 0.493520	 0.382586	-0.499547	-0.499485
-0.482292	-0.499800	-0.016088	 0.395001	 0.449423	-0.499130	-0.266860	 0.062014	 0.496443	-0.058945	-0.499547	-0.499485
-0.482292	-0.499800	-0.257800	 0.395001	 0.474297	-0.499130	-0.266860	 0.280828	 0.497905	-0.279155	-0.499547	-0.499485
-0.482292	-0.499800	-0.378655	 0.395001	-0.013266	 0.000870	-0.266860	 0.390235	-0.001364	 0.110741	-0.499547	-0.499485
-0.482292	-0.499800	-0.439083	 0.395001	-0.256608	 0.250398	-0.266860	 0.444938	-0.250480	 0.305132	-0.499547	-0.499485
-0.482292	-0.499800	-0.469297	 0.395001	-0.378279	-0.124838	-0.266860	-0.027710	 0.124962	 0.402328	-0.499547	-0.499485
-0.482292	-0.499800	-0.484404	 0.395001	-0.439115	-0.311985	-0.266860	-0.263619	 0.312165	 0.450926	-0.499547	-0.499485
-0.482292	-0.499800	 0.008043	 0.395001	 0.030468	-0.405558	-0.266860	-0.381573	 0.405766	-0.024775	-0.499547	-0.499485
-0.482292	-0.499800	 0.253774	 0.395001	 0.264820	-0.452345	-0.266860	-0.440551	 0.452567	-0.262070	-0.499547	-0.499485
-0.482292	-0.499800	 0.376640	 0.395001	 0.381996	-0.475738	-0.266860	-0.470039	 0.475967	-0.380717	-0.499547	-0.499485
-0.482292	-0.499800	-0.061927	 0.395001	-0.059416	 0.012565	-0.266860	-0.484784	 0.487667	 0.059959	-0.499547	-0.499485
-0.482292	-0.499800	-0.280719	 0.395001	-0.279682	 0.256245	-0.266860	-0.492156	 0.493517	 0.279741	-0.499547	-0.499485
-0.482292	-0.499800	 0.109885	 0.395001	 0.110185	-0.121915	-0.266860	 0.004158	 0.496443	 0.389632	-0.499547	-0.499485
-0.482292	-0.499800	 0.304696	 0.395001	 0.304679	-0.310524	-0.266860	 0.251900	 0.497905	 0.444578	-0.499547	-0.499485
-0.482292	-0.499800	 0.402101	 0.395001	-0.098074	 0.095171	-0.266860	 0.375771	 0.498636	 0.472051	-0.499547	-0.499485
-0.482292	-0.499800	 0.450803	 0.395001	-0.299010	 0.297547	-0.266860	 0.437706	 0.499002	 0.485787	-0.499547	-0.499485
-0.482292	-0.499800	 0.475155	-0.104999	-0.399479	-0.101265	-0.766860	-0.031326	 0.499185	-0.007345	-0.499547	-0.499485
-0.482292	-0.499800	 0.487330	-0.354383	-0.449713	-0.300200	-1.015778	-0.265427	 0.499276	-0.253355	-0.499547	-0.499485
-0.482292	-0.499800	 0.493418	-0.478460	-0.474830	-0.399667	-1.139157	-0.382478	 0.499322	-0.376360	-0.499547	-0.499485
-0.482292	-0.499800	-0.003538	-0.039885	-0.487389	-0.449401	-0.699769	 0.058997	-0.000655	-0.437862	-0.499547	-0.499485
