-1.258046	-3.719381	-0.559065	-0.285056	-1.943776	-0.457732	-1.206237	 0.244402	 0.745103	-4.043457	-1.047315	 0.904143
-1.253014	-3.704503	-0.511638	-0.285056	-1.924260	-0.457732	-1.189693	 0.043464	 0.742122	-4.042542	-1.058274	 0.663600
-1.248001	-3.689685	-0.487925	-0.285056	-1.910692	-0.457732	-1.179074	-0.057005	 0.739154	-4.034001	-1.061615	 0.543328
-1.243009	-3.674926	-0.476068	-0.285056	-2.400114	-0.457732	-1.171428	-0.107239	 0.736197	-3.521680	-0.561156	 0.483193
-1.238037	-3.660227	-0.470140	-0.285056	-2.639045	-0.457732	-1.165277	-0.132357	 0.733252	-3.259500	-0.310926	 0.453125
-1.233085	-3.645586	-0.467175	-0.285056	-2.752755	-0.457732	-1.159884	-0.144915	 0.730319	-3.122416	-0.185812	 0.438091
-1.228153	-3.631003	-0.465693	-0.285056	-2.803877	-0.457732	-1.154878	-0.151195	 0.727398	-3.047903	-0.123254	 0.430574
-1.223240	-3.616479	-0.464952	-0.785056	-2.823728	-0.457732	-1.150075	 0.345666	 0.724489	-3.504700	-0.091976	 0.426815
-1.218347	-3.602013	-0.464582	-1.032486	-2.827967	-0.457732	-1.145383	 0.592411	 0.721591	-3.725175	-0.076336	 0.424936
-1.213474	-3.587605	-0.464397	-0.653641	-2.824422	-0.457732	-1.640756	 0.214105	 0.718704	-3.327522	-0.568517	 0.423996
-1.208620	-3.573255	-0.464304	-0.464219	-2.817007	-0.457732	-1.884170	 0.024952	 0.715829	-3.122835	-0.812485	 0.423527
-1.203786	-3.558962	-0.464258	-0.369508	-2.807681	-0.457732	-2.001622	-0.069624	 0.712966	-3.014656	-0.932357	 0.423292
-1.198970	-3.544726	-0.464234	-0.322152	-2.297421	-0.457732	-1.556110	 0.383088	 0.710114	-2.954753	-0.490188	 0.923174
-1.194175	-3.530547	-0.464223	-0.298474	-2.038717	-0.457732	-1.331133	 0.607772	 0.707274	-2.919012	-0.269104	 1.170269
-1.189398	-3.016425	-0.464217	-0.286635	-1.905804	-0.457732	-1.216432	 0.218449	 0.704445	-2.895375	-0.158562	 1.290982
-1.184640	-2.754359	-0.464214	-0.280716	-1.835803	-0.457732	-1.156878	 0.023788	 0.701627	-2.877813	-0.103290	 1.348515
-1.179902	-3.118342	-0.464213	-0.277756	-2.297270	-0.457732	-1.124906	-0.573543	 0.698820	-2.863311	-0.075655	 1.374470
-1.175182	-3.293369	-0.464212	-0.276276	-2.522486	-0.457732	-1.106734	-0.869866	 0.696025	-2.850363	-0.061837	 1.384646
-1.170481	-2.873945	-0.464212	-0.275536	-2.129599	-0.457732	-1.095471	-0.015696	 0.693241	-2.838214	-0.054928	 1.386945
-1.165799	-2.659324	-0.464211	-0.275166	-1.929682	-0.457732	-1.087671	 0.409712	 0.690468	-2.826487	-0.051474	 1.385315
-1.161136	-2.547124	-0.464211	-0.274981	-1.826264	-0.457732	-1.081612	 0.620746	 0.687706	-2.814994	-0.049747	 1.381733
-1.156492	-2.986155	-0.464211	-0.274889	-2.271109	-0.457732	-1.076431	 0.724600	 0.684955	-3.303641	-0.048883	 1.377186
-1.151866	-3.198819	-0.464211	-0.274843	-2.488100	-0.457732	-1.071698	 0.774870	 0.682216	-3.540380	-0.048451	 1.372167
-1.147258	-3.298329	-0.464211	-0.274820	-2.091185	-0.457732	-1.067197	 0.298354	 0.679487	-3.151195	-0.048235	 1.366923
-1.142669	-3.341288	-0.464211	-0.274808	-1.889339	-0.457732	-1.062822	 0.060096	 0.676769	-2.951078	-0.048127	 1.361578
-1.138099	-2.855999	-0.464211	-0.274802	-1.785041	-0.457732	-1.058517	-0.059032	 0.674062	-2.845518	-0.048073	 1.356193
-1.133546	-2.608613	-0.464211	-0.274799	-1.729531	-0.457732	-1.054256	-0.118597	 0.671365	-2.787258	-0.048046	 1.350799
-1.129012	-2.480198	-0.464211	-0.274798	-1.698427	-0.457732	-1.550026	 0.351621	 0.668680	-2.752670	-0.048033	 1.345411
-1.124496	-2.411286	-0.464211	-0.274797	-1.679541	-0.457732	-1.793819	 0.585086	 0.666005	-2.729940	-0.048026	 1.340037
-1.119998	-2.372146	-0.464211	-0.274797	-1.666777	-0.457732	-1.911641	 0.700182	 0.663341	-2.713160	-0.048023	 1.334681
-1.115518	-2.347910	-0.464211	-0.274797	-1.657086	-0.457732	-2.466492	 0.756099	 0.660688	-2.699378	-0.048021	 1.329344
-1.111056	-2.331144	-0.464211	-0.274797	-1.648947	-0.457732	-2.737876	 0.782433	 0.658045	-2.687115	-0.048020	 1.324028
-1.106612	-2.318133	-0.464211	-0.274796	-1.641595	-0.457732	-1.867549	 0.293983	 1.155413	-2.175635	-0.048020	 1.318732
-1.102185	-2.307017	-0.464211	-0.274796	-1.634651	-0.457732	-1.430391	 0.049758	 1.400791	-1.916566	-0.048020	 1.313457
-1.097776	-2.296867	-0.464211	-0.274796	-1.627923	-0.457732	-1.209825	 0.427646	 1.020188	-2.283716	-0.048019	 0.808203
-1.093385	-2.287219	-0.464211	-0.274796	-1.621317	-0.457732	-1.097564	 0.614978	 0.828607	-2.461990	-0.048019	 0.555577
-1.089012	-2.277839	-0.464211	-0.274796	-1.614785	-0.457732	-1.039463	 0.707040	 1.231543	-2.545846	-0.048019	 0.929263
-1.084656	-2.268613	-0.464211	-0.274796	-1.608302	-0.457732	-1.008450	 0.751473	 1.429742	-2.582515	-0.048019	 1.113501
-1.080317	-2.259481	-0.464211	-0.274796	-1.601857	-0.457732	-0.990988	 0.772097	 1.525585	-2.595611	-0.048019	 1.203024
-1.075996	-2.250414	-0.464211	-0.274796	-1.595443	-0.457732	-0.980310	 0.780824	 1.070264	-2.596942	-0.048019	 1.245200
-1.071692	-2.241398	-0.464211	-0.274796	-1.589059	-0.457732	-0.973032	 0.783608	 0.841374	-2.592410	-0.048019	 1.263714
-1.067405	-2.232425	-0.464211	-0.274796	-1.582701	-0.457732	-0.967461	 0.783428	 0.725704	-2.584969	-0.048019	 1.270406
-1.063136	-2.223492	-0.464211	-0.274796	-1.576369	-0.457732	-0.962752	 0.781771	 0.666648	-2.576093	-0.048019	 1.271198
-1.058883	-2.214596	-0.464211	-0.274796	-1.570064	-0.457732	-0.958482	 0.779382	 0.635906	-2.566521	-0.048019	 1.269050
-1.054647	-2.205737	-0.464211	-0.274796	-1.563783	-0.457732	-0.954438	 0.776634	 0.619324	-2.556621	-0.048019	 1.265442
-1.050429	-2.196913	-0.464211	-0.274796	-1.057528	-0.457732	-0.950515	 0.773712	 1.109828	-2.046577	-0.048019	 1.261115
-1.046227	-2.188126	-0.464211	-0.274796	-0.803298	-0.457732	-0.946661	 0.770709	 1.351879	-1.788483	-0.048019	 1.256437
-1.042042	-2.179373	-0.464211	-0.274796	-0.675085	-0.457732	-0.942848	 0.767673	 1.469716	-1.656374	-0.048019	 1.251595
-0.537874	-2.170655	 0.035789	 0.225204	-0.609884	-0.457732	-0.439063	 0.764625	 1.525460	-1.587272	-0.048019	 1.246681
-0.285790	-2.161973	 0.284717	 0.473753	-0.576195	-0.457732	-0.187171	 0.761578	 1.550170	-1.549684	-0.048019	 1.241740
-0.159748	-1.653325	 0.408114	 1.096583	 0.941735	 0.542268	 1.438775	 1.758538	 2.559375	 2.472134	 1.451981	 1.736796
-0.096727	-1.396712	 0.468750	 1.404560	 1.695781	 1.039183	 2.245619	 2.251506	 3.056840	 4.470055	 2.196077	 1.979860
 1.934784	 3.733875	 1.498008	 2.055123	 5.067904	 1.284569	 5.642935	 2.492502	 2.298464	 8.956080	 3.062244	 1.596946
 2.942606	 6.281440	 2.007583	 2.374993	 6.737085	 1.404202	 7.323513	 2.607532	 1.916196	 11.172208	 3.487471	 1.403061
 4.438617	 11.037564	 2.257337	 2.529538	 10.554864	 1.460970	 10.145794	 2.159603	 0.721994	 17.253495	 4.192260	 0.303701
 5.174753	 13.384039	 2.377199	 2.601443	 12.435007	 1.486319	 11.530998	 1.932214	 0.124893	 20.247469	 4.534859	-0.244389
 5.530999	 14.525815	 2.432136	 2.632048	 13.346449	 1.495970	 12.197768	 1.815111	-0.173657	 21.697973	 4.696405	-0.516848
 7.697348	 19.565368	 1.954630	 2.142026	 15.773654	 1.497785	 13.505424	 1.253163	-0.822933	 24.876929	 5.767461	-2.151499
 8.760794	 22.035935	 1.712923	 1.893710	 16.950855	 1.495693	 14.129626	 0.970806	-1.144626	 26.410294	 6.289312	-2.961253
 9.772869	 25.722205	 1.089127	 1.766262	 19.003199	 1.491659	 14.912219	 0.828251	-1.802540	 28.621090	 7.036616	-3.358587
 10.257337	 27.506523	 0.777229	 1.699260	 19.987260	 1.486668	 15.272126	 0.755602	-2.126576	 29.664824	 7.394700	-3.549743
 10.478087	 29.840101	 0.621280	 1.662495	 21.437348	 1.481208	 15.920815	 0.717912	-2.283693	 31.125274	 7.558236	-3.637839
 10.567065	 30.942542	 0.543306	 1.640861	 22.116617	 1.475527	 16.212021	 0.697706	-2.357370	 31.790327	 7.624561	-3.674435
 10.590241	 32.429673	 0.504319	 1.626805	 22.910660	 1.469747	 16.824617	 0.686249	-2.389346	 32.057943	 8.142341	-3.685311
 10.580603	 33.105405	 0.484825	 1.616552	 23.260272	 1.463929	 17.096041	 0.679170	-2.400491	 32.127100	 8.383911	-3.683356
 11.054642	 33.375708	 0.475078	 1.608213	 23.387858	 1.458104	 17.197018	 0.674287	-2.401241	 32.097286	 8.487445	-3.675016
 11.268604	 33.443568	 0.470205	 1.600843	 23.404620	 1.452286	 17.212911	 0.670506	-2.396812	 32.018244	 8.522030	-3.663513
 11.352619	 33.410475	 0.467768	 1.593972	 23.366159	 1.446485	 17.186399	 0.667282	-2.389812	 31.914845	 8.522210	-3.650457
 10.871754	 33.327174	 0.466550	 1.587362	 23.300272	 1.440703	 17.138824	 0.664342	-2.381547	 31.799522	 8.005254	-3.636655
 10.610540	 33.219035	 0.465941	 1.580895	 23.220861	 1.434942	 17.080854	 0.661550	-2.372668	 31.678492	 7.731800	-3.622508
 10.459234	 33.098744	 0.465636	 1.574513	 23.134872	 1.429203	 17.017823	 0.658836	-2.363500	 31.554863	 7.580156	-4.108217
 10.362965	 32.972642	 0.465484	 1.568186	 23.045779	 1.423487	 16.952398	 0.656166	-2.354208	 31.430185	 7.489478	-4.341884
 10.794297	 32.843898	 0.465408	 1.561898	 22.955320	 1.417793	 16.885911	 0.653525	-2.344872	 31.305236	 7.429340	-3.949567
 10.987512	 32.714095	 0.465370	 1.555643	 22.864361	 1.412122	 16.819029	 0.650902	-2.335533	 31.180400	 7.384534	-3.746294
 11.061758	 32.584025	 0.465350	 1.549417	 22.773334	 1.906474	 16.752084	 0.648294	-2.326211	 31.055871	 7.347451	-3.637571
 11.076609	 32.454083	 0.465341	 1.543218	 22.682456	 2.148848	 16.685241	 0.645699	-2.316917	 30.931744	 7.314288	-3.576152
 11.061852	 32.324463	 0.465336	 1.537044	 22.591834	 2.265252	 16.618583	 0.643115	-2.307654	 30.808065	 7.283145	-3.538413
 10.532379	 32.195263	 0.465334	 1.530895	 22.501521	 1.818691	 16.052150	 0.640542	-2.298426	 30.184857	 7.253069	-3.512542
 10.247636	 32.066531	 0.465333	 1.524771	 22.411541	 1.592667	 15.737962	 0.637980	-2.289233	 29.814130	 7.223586	-3.492633
 10.085340	 31.938290	 0.465332	 1.518672	 22.321909	 1.476921	 15.550020	 0.635428	-2.280077	 29.569879	 7.194455	-3.475733
 9.984345	 31.810549	 0.465332	 1.512597	 22.232628	 1.416326	 15.425325	 0.632886	-2.270957	 29.389103	 7.165560	-3.460366
 10.414081	 31.183313	 0.465332	 1.506547	 22.143701	 1.383317	 15.832377	 0.630355	-2.261873	 29.240298	 7.136839	-3.445792
 10.607261	 30.808583	 0.465332	 1.500521	 22.055128	 1.364111	 16.003423	 0.627833	-2.252826	 29.107713	 7.108262	-3.431643
 10.682251	 30.560350	 0.465331	 1.494519	 21.966908	 1.351819	 16.056598	 0.625322	-2.243815	 28.983470	 7.079814	-3.417733
 10.698231	 30.375609	 0.465331	 1.488541	 21.879041	 1.342994	 16.050965	 0.622820	-2.234840	 28.863630	 7.051487	-3.403971
 10.684793	 30.222857	 0.465331	 1.482586	 21.791525	 1.335913	 16.016059	 0.620329	-2.225900	 28.746222	 7.023278	-3.390309
 10.156731	 30.086341	 0.465331	 1.476656	 21.704359	 1.829715	 15.966643	 0.617848	-2.216997	 28.630261	 6.995183	-3.376725
 9.873442	 29.958183	 0.465331	 1.470749	 21.617541	 2.071969	 15.910101	 0.615376	-2.208129	 28.515251	 6.967201	-3.363206
 9.712618	 29.834444	 0.465331	 1.464866	 21.031071	 1.688467	 15.350122	 0.612915	-2.199296	 28.400946	 6.939332	-3.349748
 9.613102	 29.713154	 0.465331	 1.459007	 20.696947	 1.494106	 15.040553	 0.610463	-2.190499	 28.287220	 6.911574	-3.336346
 9.544317	 29.593324	 0.465331	 1.453171	 20.989159	 1.894327	 15.356306	 0.608021	-2.181737	 28.174010	 6.883928	-3.322999
 9.490973	 29.474463	 0.465331	 1.447358	 21.092703	 2.089848	 15.482839	 0.605589	-2.173010	 28.061284	 6.856392	-3.309707
 9.445426	 29.356321	-0.034669	 1.441569	 21.102082	 1.683037	 15.014886	 0.603167	-2.164318	 27.949024	 6.828967	-3.296467
 9.403853	 29.238773	-0.283599	 1.435803	 21.064548	 1.477080	 14.751816	 0.600754	-2.155661	 27.837220	 6.801651	-3.283281
 9.364342	 29.121757	-0.406999	 1.430059	 21.003728	 1.371559	 14.591304	 0.598351	-2.147038	 27.725867	 6.774444	-3.270148
 9.325937	 29.005240	 0.032361	 1.424339	 20.931432	 1.316266	 14.482186	 0.595958	-2.138450	 27.614962	 6.747346	-3.257067
 9.288159	 28.889204	 0.252042	 1.418642	 20.853565	 1.286098	 14.398881	 0.593574	-2.129896	 27.504501	 6.720357	-3.244039
 8.750769	 28.273639	 0.361882	 1.412967	 20.773081	 1.268502	 14.328597	 0.591200	-1.621376	 27.394482	 7.193475	-2.731063
 8.465648	 27.910541	 0.416802	 1.407315	 20.691453	 1.257202	 14.264939	 0.588835	-1.364891	 27.284904	 7.414702	-2.470139
 8.806726	 27.673897	 0.444262	 1.401686	 20.609420	 1.249060	 14.204707	 0.586480	-1.734431	 26.175765	 6.510043	-2.835258
 8.958969	 27.500700	 0.457992	 1.396079	 20.527348	 1.242508	 14.146302	 0.584134	-1.914994	 25.571061	 6.046503	-3.011417
 8.516869	 26.359447	 0.464857	 1.390495	 19.445422	 1.236760	 13.088924	 0.581797	-1.501084	 23.718777	 5.803567	-1.593121
 8.279669	 25.738384	 0.468289	 1.384933	 18.867732	 1.231423	 12.536171	 0.579470	-1.291954	 22.748902	 5.670977	-0.883974
 8.144984	 25.377618	 0.470006	 1.379393	 18.542307	 1.226303	 12.235829	 0.577152	-1.185224	 22.220406	 5.593606	-0.529400
 7.561621	 22.647201	 0.970864	 1.373876	 16.343160	 1.221301	 11.061786	 0.574844	-0.629702	 18.912775	 4.543888	 0.147887
 7.255983	 21.242159	 1.218349	 1.368380	 15.215299	 1.216367	 10.454989	 0.572544	-0.351941	 17.227749	 4.012040	 0.484880
 6.589263	 16.499964	 1.339160	 0.862907	 11.123194	 1.211477	 8.131895	 1.070254	 0.286940	 12.854150	 3.239156	 1.151733
 6.244058	 14.105351	 1.396646	 0.610170	 9.063079	 1.206619	 6.958730	 1.315973	 0.604528	 10.650390	 2.847782	 1.481522
 5.059658	 9.384622	 1.422481	 0.983802	 6.519015	 1.201786	 5.360576	 1.435709	 1.261478	 4.031616	 1.647181	 1.642794
 4.459707	 7.014931	 1.432501	 1.167903	 5.239034	 1.196976	 4.553974	 1.492466	 1.586117	 0.727404	 1.046881	 1.719822
 1.152013	-0.179206	 0.934627	 0.257249	 0.091125	 0.192187	 0.143179	 0.017746	 0.244614	-4.419549	-0.753269	 1.254743
-0.497523	-3.761527	 0.685689	-0.196771	-2.472716	-0.308583	-2.053684	-0.716700	-0.423943	-6.973892	-1.648237	 1.020623
-1.317997	-5.538000	 0.561221	-0.422479	-3.744563	-0.557349	-3.143614	-1.081020	-0.756037	-8.232007	-2.090634	 0.901991
-2.223957	-7.411608	-0.001014	-0.534037	-5.370454	-0.680120	-4.180112	-1.260290	-0.919908	-8.842084	-2.806767	 0.341108
-2.670678	-8.329841	-0.281004	-0.588525	-6.169407	-0.739899	-4.687928	-1.347046	-0.999675	-9.128219	-3.157788	 0.060666
-2.887803	-9.270462	-0.419878	-1.114483	-7.054947	-1.268190	-5.431444	-1.387556	-1.537400	-9.752457	-3.326281	-0.079555
-2.990156	-9.720350	-0.488197	-1.374181	-7.481835	-1.528742	-5.790852	-1.404955	-1.802113	-10.043823	-3.403537	-0.149665
-3.035147	-9.924953	-0.521244	-1.500762	-7.679462	-1.155439	-5.958256	-1.410810	-1.430335	-10.168836	-3.435204	-0.184720
-3.051482	-10.006996	-0.536658	-1.560798	-7.762522	-0.967224	-6.029706	-1.410904	-1.242329	-10.210754	-3.444104	-0.202248
-3.053514	-10.527839	-0.543261	-1.587574	-7.788360	-1.371558	-6.053229	-1.408129	-1.646218	-10.711208	-3.941648	-0.211012
-3.048419	-10.766164	-0.545463	-1.597734	-7.785651	-1.570174	-6.052837	-1.403931	-1.844062	-10.939012	-4.181541	-0.215393
-3.039785	-10.863317	-0.545469	-1.599598	-7.768731	-1.665944	-6.040536	-1.399032	-1.938900	-11.030580	-4.292645	-0.217584
-3.029406	-10.389972	-0.544381	-1.597327	-8.244767	-1.710305	-6.022330	-1.893795	-0.982251	-10.554120	-3.339389	-0.218680
-3.018178	-10.133467	-0.542750	-1.593001	-8.465343	-1.728977	-6.001218	-2.136399	-0.503927	-10.295734	-2.857989	-0.219228
-3.006550	-9.985460	-0.540853	-2.087661	-8.058260	-1.234817	-5.978702	-2.252943	-0.264765	-9.646467	-3.112536	-0.219501
-2.994747	-9.891782	-0.538826	-2.329826	-7.839415	-0.986256	-5.955531	-2.306476	-0.145184	-9.303839	-3.233075	-0.219638
-2.982879	-9.325347	-0.536739	-1.945765	-7.714752	-1.360500	-5.932081	-1.828522	-0.585393	-9.614602	-2.786638	-0.219707
-2.971003	-9.024611	-0.534626	-1.750611	-7.637240	-1.544153	-5.908539	-1.586844	-0.803447	-9.750133	-2.558739	-0.219741
-2.959147	-9.356796	-0.532505	-1.649923	-8.083365	-1.632523	-5.884998	-1.463315	-0.910431	-9.798128	-2.940127	-0.219758
-2.947324	-9.503510	-0.530383	-1.596480	-8.289368	-1.673267	-5.861505	-1.398871	-0.961888	-9.802432	-3.124179	-0.219767
-2.935542	-9.557567	-0.528266	-1.566673	-8.375379	-1.690211	-5.838082	-1.363980	-0.985590	-9.784971	-3.209588	-0.219771
-2.923803	-9.565372	-0.526155	-1.548696	-7.901462	-1.695268	-5.814741	-1.343876	-0.995422	-9.756706	-3.245703	 0.280227
-2.912110	-9.550128	-0.524052	-1.536646	-7.649648	-1.694396	-5.791488	-1.331177	-0.998328	-9.723116	-3.257196	 0.528665
-2.900462	-9.523436	-0.521956	-2.027571	-7.508946	-1.690573	-5.268325	-0.822190	-0.497778	-9.686942	-2.756406	 0.151330
-2.888861	-9.491097	-0.519868	-2.267997	-7.423858	-1.685288	-4.997253	-0.567697	-0.247503	-9.649554	-2.501499	-0.037337
-2.877305	-8.956010	-0.517789	-1.883193	-7.366637	-1.179286	-4.852265	-0.940450	-0.122366	-9.111635	-2.369553	 0.368329
-2.865796	-8.671624	-0.515718	-1.687795	-7.323407	-0.924938	-4.770356	-1.124201	-0.059797	-8.825529	-2.299104	 0.569614
-2.854333	-8.512657	-0.513655	-1.087110	-6.787232	-0.796423	-4.720025	-0.713460	-0.028513	-8.665396	-2.259423	 0.668715
-2.842916	-8.416466	-0.511600	-0.786768	-6.506642	-0.730830	-4.685520	-0.508089	-0.012871	-8.568320	-2.235142	 0.716730
-2.831544	-8.351730	-0.509554	-0.636597	-6.353895	-0.696702	-4.658965	-0.405404	-0.005049	-8.502839	-2.218581	 0.739208
-2.820218	-8.802788	-0.507516	-0.561512	-6.265120	-0.678314	-4.636423	-0.354062	-0.501139	-8.953224	-2.205896	 0.748923
-2.808937	-9.009810	-0.505486	-0.523969	-6.208379	-0.667799	-4.615924	-0.328390	-0.747189	-9.159609	-2.195167	 0.752264
-2.797701	-8.594887	-0.503464	-0.505198	-6.167705	-0.661228	-4.596484	-0.315555	-0.368228	-8.744070	-2.185433	 0.752423
-2.786511	-8.371065	-0.501450	-0.495812	-6.135115	-0.656633	-4.577610	-0.309137	-0.178747	-8.519643	-2.176215	 0.750997
-2.775364	-8.242860	-0.500443	-0.491119	-6.106614	-0.653031	-4.559055	-0.305928	-0.084007	-8.390839	-2.167272	 0.748785
-2.764263	-8.162528	-0.499940	-0.488773	-6.080208	-0.649931	-4.540697	-0.304323	-0.036637	-8.309913	-2.158484	 0.746186
-2.753206	-8.106198	-0.499688	-0.487600	-6.054897	-0.647088	-4.522473	-0.303521	-0.012952	-8.252992	-2.149791	 0.743399
-2.742193	-8.061933	-0.499562	-0.487013	-6.030182	-0.644378	-4.504353	-0.303120	-0.001109	-8.208140	-2.141162	 0.740525
-2.731224	-8.023765	-0.499499	-0.486720	-6.005814	-0.641739	-4.486320	-0.302920	 0.004812	-8.169387	-2.132582	 0.737612
-2.720299	-7.988710	-0.499468	-0.486573	-5.981667	-0.639142	-4.468367	-0.302819	 0.007773	-7.633749	-1.624044	 0.734686
-2.709418	-7.955275	-0.499452	-0.486500	-5.957678	-0.636570	-4.450490	-0.302769	 0.009253	-7.351734	-1.367545	 0.731760
-2.698581	-7.922714	-0.499444	-0.486463	-5.933817	-0.634016	-3.932686	-0.302744	 0.509993	-7.196587	-1.737073	 0.728839
-2.687786	-7.890653	-0.499440	-0.486445	-5.910066	-0.631476	-3.666954	-0.302732	 0.758342	-7.104931	-1.917623	 0.725927
-2.677035	-7.858905	-0.499438	-0.486435	-5.886418	-0.628948	-4.027286	-0.302725	 0.880503	-7.045076	-1.503702	 0.723025
-2.666327	-7.827377	-0.499437	-0.486431	-5.862868	-0.626432	-4.198677	-0.302722	 0.939578	-7.001178	-1.294562	 0.720133
-2.655662	-7.796022	-0.499437	-0.486429	-5.839415	-0.623925	-3.775632	-0.302721	 0.467118	-7.465315	-1.187821	 1.217253
-2.645039	-7.764814	-0.499436	-0.486427	-5.816056	-0.621429	-3.557404	-0.302720	 0.230888	-7.681524	-1.132289	 1.462384
-2.634459	-7.733744	-0.499436	-0.486427	-5.792792	-0.618944	-3.441612	-0.302719	 0.112773	-7.773833	-1.102369	 1.581535
-2.623921	-7.702803	-0.499436	-0.486427	-5.269620	-0.616468	-3.877065	-0.302719	 0.553716	-7.304255	-1.085264	 1.637709
-2.613425	-7.671989	-0.499436	-0.486426	-4.998542	-0.614002	-4.086166	-0.302719	 0.772198	-7.055797	-1.074576	 1.662408
-2.602972	-7.641299	-0.499436	-0.486426	-5.353547	-0.611546	-3.682126	-0.302719	 0.879458	-6.917953	-1.067103	 1.171383
-2.592560	-7.610733	-0.499436	-0.486426	-5.519633	-0.609100	-3.473549	-0.302719	 0.931114	-6.835471	-1.061248	 0.924510
-2.582190	-7.580290	-0.499436	-0.486426	-5.091305	-0.606663	-3.362731	-0.302719	 0.954977	-6.780724	-1.056210	 1.299719
-2.571861	-7.549969	-0.499436	-0.486426	-4.867814	-0.604237	-3.300819	-0.302719	 0.964950	-6.739899	-1.051588	 1.483973
-2.561573	-7.519769	-0.499436	-0.486426	-5.246781	-0.601820	-3.763384	 0.197281	 0.967987	-6.706088	-1.047183	 1.072764
-2.551327	-7.489690	-0.499436	-0.486426	-5.425012	-0.599412	-3.986215	 0.445886	 0.967564	-6.675838	-1.042895	 0.865836
-2.541122	-7.459731	-0.499436	-0.486426	-5.502922	-0.597015	-4.089213	 0.568800	 0.965418	-6.647422	-1.038674	 0.761054
-2.530957	-7.429892	-0.499436	-0.486426	-5.530715	-0.594627	-3.632327	 0.128874	 0.962418	-6.619976	-1.034495	 1.207351
-2.520833	-7.400172	-0.499436	-0.486426	-5.533494	-0.592248	-3.397533	-0.091090	 0.958999	-6.593068	-1.030344	 1.427192
-2.510750	-7.370572	-0.499436	-0.486426	-5.023811	-0.589879	-3.773811	-0.201071	 0.955379	-6.566481	-1.026217	 1.533818
-2.500707	-7.341089	-0.499436	-0.486426	-4.759942	-0.587520	-3.953650	-0.256062	 0.951665	-6.540108	-1.022109	 1.583851
-2.490704	-6.811725	-0.499436	-0.486426	-5.119015	-0.585170	-3.535302	-0.283558	 0.947912	-6.513894	-1.018019	 1.605599
-2.480741	-6.534478	-0.499436	-0.486426	-5.287595	-0.582829	-3.319894	-0.297305	 0.944148	-6.487812	-1.013946	 1.613218
-1.970818	-6.883340	-0.499436	-0.486426	-4.860973	-0.580498	-3.205981	 0.195821	 0.940385	-6.461847	-1.009890	 1.613786
-1.712935	-7.043307	-0.499436	-0.486426	-4.638793	-0.578176	-3.142841	 0.441006	 0.936630	-6.435993	-1.005850	 1.610842
-1.581083	-7.108884	-0.499436	-0.486426	-4.518870	-0.575863	-3.105111	 0.562226	 0.932887	-6.410246	-1.001827	 1.606154
-2.012259	-6.627323	-0.499436	-0.486426	-4.450111	-0.573559	-3.580112	 0.121469	 0.929157	-6.384603	-0.997819	 1.600607
-2.222960	-6.374251	-0.499436	-0.486426	-4.406968	-0.571265	-3.809502	-0.098909	 0.925441	-6.359064	-0.993828	 1.594643
-2.323443	-6.235473	-0.499436	-0.486426	-4.376669	-0.568980	-3.416119	-0.209098	 0.921740	-6.333627	-0.989853	 1.088484
-2.368837	-6.153890	-0.499436	-0.486426	-4.852827	-0.566704	-3.213382	-0.264193	 0.918053	-6.308293	-0.985893	 1.334240
-2.386705	-6.100955	-0.499436	-0.486426	-5.080248	-0.564437	-3.105992	-0.291740	 0.914381	-6.283059	-0.981950	 1.453958
-2.390830	-6.062391	-0.499436	-0.486426	-5.183343	-0.562180	-3.546300	 0.194486	 0.910723	-6.257927	-0.978022	 1.510669
-2.388103	-6.031061	-0.499436	-0.486426	-5.224318	-0.559931	-3.758481	 0.436238	 0.907080	-6.232895	-0.974110	 1.535890
-2.381969	-6.503397	-0.499436	-0.486426	-5.234275	-0.557691	-3.356630	 0.555758	 0.903452	-6.207964	-0.970213	 1.545378
-2.374150	-6.725613	-0.499436	-0.486426	-5.228764	-0.555460	-3.149795	 0.614167	 0.899838	-6.183132	-0.966332	 1.547013
-2.365508	-6.822826	-0.499436	-0.486426	-5.215563	-0.553239	-3.040491	 0.642027	 0.896239	-6.158399	-0.962467	 1.544733
-2.356473	-6.857592	-0.499436	-0.486426	-4.698557	-0.551026	-2.979977	 0.654617	 0.892654	-7.133766	-0.958617	 1.540508
-2.347261	-6.861190	-0.499436	-0.486426	-4.431692	-0.548822	-2.943881	 0.659577	 0.889083	-7.605231	-0.954783	 1.535323
-2.337978	-6.849260	-0.499436	-0.486426	-4.289929	-0.546626	-2.920018	 0.660729	 0.885527	-6.824810	-0.950964	 1.529670
-2.328680	-6.829620	-0.499436	-0.486426	-4.210751	-0.544440	-2.902294	 0.659981	 0.881985	-6.422510	-0.947160	 1.523796
-2.319392	-6.806180	-0.499436	-0.486426	-4.162899	-0.542262	-3.387662	 0.158288	 0.878457	-6.209320	-0.943371	 1.517823
-2.310128	-6.780895	-0.499436	-0.486426	-4.130743	-0.540093	-3.622601	-0.092558	 0.874943	-6.090733	-0.939598	 1.511812
-2.300894	-6.754741	-0.499436	-0.486426	-4.106468	-0.537933	-3.232355	 0.282019	 0.871443	-6.019495	-0.935839	 1.005796
-2.291694	-6.728207	-0.499436	-0.486426	-4.086166	-0.535781	-3.031548	 0.467994	 0.867958	-5.971980	-0.932096	 0.752787
-2.282528	-6.701536	-0.499436	-0.486426	-4.067883	-0.533638	-2.925483	 0.559674	 0.864486	-5.936373	-0.928368	 0.626283
-2.273399	-6.674851	-0.499436	-0.486426	-4.050643	-0.531503	-2.866811	 0.104211	 0.861028	-5.906768	-0.924654	 1.063031
-2.264306	-6.648212	-0.499436	-0.486426	-4.033956	-0.529377	-2.831859	-0.123521	 0.857584	-5.880211	-0.920955	 1.278405
-2.255249	-6.621650	-0.499436	-0.486426	-4.517578	-0.527260	-2.808790	-0.237386	 0.854153	-5.855226	-0.917272	 1.383105
-2.246228	-6.595178	-0.499436	-0.486426	-4.749386	-0.525151	-2.791683	-0.294319	 0.850737	-5.831072	-0.913603	 1.432479
-1.737243	-6.068805	-0.499436	-0.486426	-4.355328	-0.523050	-2.777581	-0.322786	 0.847334	-5.807382	-0.909948	 1.454203
-1.480294	-5.794534	-0.499436	-0.486426	-4.150377	-0.520958	-2.765003	-0.337019	 0.843945	-5.783969	-0.906308	 1.462112
-1.849373	-5.646358	-0.499436	-0.486426	-4.040010	-0.518874	-2.753209	 0.155864	 0.840569	-5.760742	-0.902683	 1.463127
-2.029476	-5.561273	-0.499436	-0.486426	-3.976967	-0.516798	-2.741829	 0.401009	 0.837206	-5.737653	-0.899072	 1.460706
-2.115108	-5.507779	-0.499436	-0.486426	-3.937618	-0.514731	-2.730678	 0.522288	 0.833858	-5.714680	-0.895476	 1.456579
-2.153522	-5.970123	-0.499436	-0.486426	-3.910147	-0.512672	-3.219664	 0.581641	 0.830522	-5.691809	-0.891894	 1.451611
-2.168346	-6.188430	-0.499436	-0.486426	-3.888646	-0.510622	-3.456739	 0.610036	 0.827200	-5.669036	-0.888327	 1.446234
-2.171391	-5.784770	-0.499436	-0.486426	-3.870161	-0.508579	-3.067889	 0.122956	 0.823891	-5.646357	-0.884773	 0.940663
-2.168565	-5.572178	-0.499436	-0.486426	-3.853216	-0.506545	-2.868106	-0.120584	 0.820596	-5.623771	-0.881234	 0.687878
-2.162820	-5.955162	-0.499436	-0.486426	-3.837070	-0.504519	-2.762878	-0.242354	 0.817313	-5.601275	-0.877709	 1.061485
-2.155634	-6.133978	-0.499436	-0.486426	-3.821356	-0.502501	-2.704949	-0.303239	 0.814044	-5.578869	-0.874198	 1.245419
-2.147744	-5.710761	-0.499436	-0.486426	-4.305887	-0.500491	-2.670690	-0.333681	 0.810788	-5.556554	-0.870702	 1.334527
-2.139519	-5.488577	-0.499436	-0.486426	-4.538572	-0.499486	-2.648288	-0.348903	 0.807545	-5.534327	-0.867219	 1.376234
-2.131144	-5.366952	-0.499436	-0.486426	-4.645372	-0.498983	-2.631835	-0.356513	 0.804315	-5.512190	-0.863750	 1.394251
-2.122711	-5.795649	-0.499436	-0.486426	-4.189268	-0.498732	-2.618378	 0.139682	 0.801097	-5.490141	-0.860295	 1.400435
-2.114266	-5.997549	-0.499436	-0.486426	-3.953749	-0.498606	-2.606439	 0.386507	 0.797893	-5.468181	-0.856854	 1.400714
-2.105832	-6.086100	-0.499436	-0.486426	-3.828553	-0.498543	-2.595281	 0.508653	 0.794701	-5.446308	-0.853426	 1.398052
-2.097420	-6.118026	-0.499436	-0.486426	-3.758549	-0.498512	-2.584534	 0.568465	 0.791523	-5.424523	-0.850013	 1.393930
-2.089036	-6.121690	-0.499436	-0.486426	-3.716169	-0.498496	-2.574013	 0.097114	 0.788356	-5.402825	-1.346613	 1.389089
-2.080683	-6.111270	-0.499436	-0.486426	-3.687632	-0.498488	-2.563625	-0.138561	 0.785203	-5.381213	-1.591226	 1.383900
-2.072361	-6.093859	-0.499436	-0.486426	-3.666045	-0.498485	-2.553325	-0.256399	 0.782062	-5.359688	-1.209861	 1.378548
-2.064073	-6.073001	-0.499436	-0.486426	-3.647963	-0.498483	-2.543088	-0.315318	 0.778934	-5.338250	-1.017522	 1.373126
-2.055817	-6.050467	-0.499436	-0.486426	-3.631662	-0.498482	-2.532905	-0.344777	 0.775818	-5.316897	-0.919702	 1.367679
-2.047594	-5.527144	-0.499436	-0.486426	-3.616281	-0.498481	-3.022767	 0.140493	 0.772715	-5.295629	-0.869148	 1.362232
-2.039403	-5.255476	-0.499436	-0.486426	-3.601388	-0.498481	-3.260673	 0.381876	 0.769624	-5.274447	-0.842234	 1.356794
-2.031246	-5.609673	-0.499436	-0.486426	-3.586769	-0.498481	-2.872629	 0.501322	 0.766546	-5.253349	-0.827146	 1.351373
-2.023121	-5.774845	-0.499436	-0.486426	-3.572315	-0.498481	-2.673638	 0.559803	 0.763479	-5.232335	-0.817978	 1.345970
-2.015028	-5.345550	-0.499436	-0.486426	-3.557973	-0.498481	-2.569193	 0.587807	 0.760426	-5.211406	-0.811777	 1.340588
-2.006968	-5.121070	-0.499436	-0.486426	-3.543714	-0.498481	-2.512041	 0.600577	 0.757384	-5.190560	-0.807065	 1.335226
-1.998940	-5.499037	-0.499436	-0.486426	-3.529526	-0.498481	-2.978555	 0.605736	 0.754354	-5.169798	-0.803104	 1.329886
-1.990945	-5.676267	-0.499436	-0.486426	-3.515401	-0.498481	-3.204922	 0.607093	 0.751337	-5.149119	-0.799525	 1.324566
-1.982981	-5.253175	-0.499436	-0.486426	-3.501336	-0.498481	-2.811243	 0.606555	 0.748332	-5.128523	-0.796144	 1.319268
-1.975049	-5.031968	-0.499436	-0.486426	-3.487329	-0.498481	-2.609569	 0.605074	 0.745338	-5.108008	-0.792868	 1.313991
-1.967149	-4.911744	-0.499436	-0.486426	-3.473379	-0.498481	-2.503916	 0.603126	 0.742357	-5.087576	-0.789651	 1.308735
-1.959280	-4.842048	-0.499436	-0.486426	-3.459485	-0.498481	-2.446292	 0.100950	 0.739387	-5.067226	-0.786469	 1.303500
-1.951443	-4.797656	-0.499436	-0.486426	-3.445647	-0.498481	-2.412704	-0.150138	 0.736430	-5.046957	-0.783312	 1.298286
-1.943637	-5.265953	-0.499436	-0.486426	-3.931864	-0.498481	-2.391151	 0.224318	 0.733484	-5.026769	-0.780173	 1.293093
-1.935863	-5.488633	-0.499436	-0.486426	-4.166137	-0.498481	-2.375635	 0.410348	 0.730550	-5.006662	-0.777049	 1.287921
-1.928119	-5.088551	-0.499436	-0.486426	-3.774472	-0.498481	-2.363157	 0.002171	 0.727628	-4.986636	-0.773940	 1.282769
-1.920407	-4.879133	-0.499436	-0.486426	-3.571874	-0.498481	-2.352217	-0.201918	 0.724717	-4.966689	-0.770843	 1.277638
-1.912725	-4.765084	-0.499436	-0.486426	-3.463837	-0.498481	-2.342064	-0.303963	 0.721819	-4.946822	-0.767760	 1.272527
-1.905074	-4.698758	-0.499436	-0.486426	-3.403106	-0.498481	-2.332324	-0.354985	 0.718931	-4.927035	-0.764688	 1.267437
-1.897454	-4.656330	-0.499436	-0.486426	-3.366056	-0.498481	-2.322809	-0.380496	 0.716056	-4.907327	-0.761629	 1.262367
-1.889864	-4.625888	-0.499436	-0.486426	-3.340873	-0.498481	-2.313425	 0.106749	 0.713191	-4.887698	-0.758583	 1.257318
-1.882305	-4.601476	-0.499436	-0.486426	-3.321651	-0.498481	-2.304124	 0.349183	 0.710339	-4.868147	-0.755549	 1.252289
-1.874775	-5.080116	-0.499436	-0.486426	-3.305434	-0.498481	-2.294885	-0.030783	 0.707497	-4.848674	-0.752526	 0.747280
-1.867276	-5.308318	-0.499436	-0.486426	-3.290748	-0.498481	-2.285693	-0.220766	 0.704667	-4.829280	-0.749516	 0.494775
-1.859807	-4.911347	-0.499436	-0.486426	-3.276852	-0.498481	-2.276545	 0.184242	 0.701849	-4.809962	-0.746518	 0.868523
-1.852368	-4.703832	-0.499436	-0.486426	-3.263379	-0.498481	-2.267436	 0.385568	 0.699041	-4.790723	-0.743532	 1.052912
-1.844958	-4.591082	-0.499436	-0.486426	-3.750142	-0.498481	-2.258365	 0.485057	 0.696245	-4.771560	-0.740558	 1.142632
-1.837579	-4.525750	-0.499436	-0.486426	-3.985050	-0.498481	-2.249330	 0.533632	 0.693460	-4.752473	-0.737596	 1.185027
-1.830228	-4.484164	-0.499436	-0.486426	-4.094064	-0.498481	-2.240333	 0.556756	 0.690686	-4.733464	-0.734645	 1.203770
-1.822907	-4.454485	-0.499436	-0.486426	-3.640165	-0.498481	-2.231371	 0.067158	 0.687924	-4.714530	-0.731707	 0.710697
-1.815616	-4.430796	-0.499436	-0.486426	-3.406843	-0.498481	-2.222446	-0.177641	 0.685172	-4.695672	-0.728780	 0.464160
-1.808353	-4.410138	-0.499436	-0.486426	-3.283835	-0.498481	-2.713556	 0.199959	 0.682431	-4.676889	-0.725865	 0.840891
-1.801120	-4.391029	-0.499436	-0.486426	-3.216009	-0.498481	-2.952702	 0.387604	 0.679701	-4.658181	-0.722961	 1.026822
-1.793915	-4.372731	-0.499436	-0.486426	-3.175800	-0.498481	-2.565891	 0.480276	 0.676983	-4.639549	-0.720070	 1.117362
-1.786740	-4.354874	-0.499436	-0.486426	-3.149424	-0.498481	-2.368127	 0.525466	 0.674275	-4.620990	-0.717189	 1.160216
-1.779593	-4.337271	-0.499436	-0.486426	-3.129990	-0.498481	-2.764905	 0.546920	 0.671578	-4.602506	-0.714320	 1.179237
-1.772474	-4.319830	-0.499436	-0.486426	-3.114052	-0.498481	-2.956970	 0.556510	 0.668891	-4.584096	-0.711463	 1.186351
-1.765385	-4.302505	-0.499436	-0.486426	-3.099887	-0.498481	-3.046705	 0.560173	 0.666216	-4.565760	-0.708617	 1.187521
-1.758323	-4.285272	-0.499436	-0.486426	-3.086632	-0.498481	-2.585299	 0.560877	 0.663551	-4.547497	-0.705783	 1.185728
-1.751290	-4.268119	-0.499436	-0.486426	-3.073859	-0.498481	-2.350349	 0.560106	 0.660897	-4.529307	-0.702960	 1.182464
-1.744285	-4.251041	-0.499436	-0.486426	-3.061350	-0.498481	-2.228642	 0.558601	 0.658253	-4.511190	-0.700148	 1.178474
-1.737307	-4.234034	-0.499436	-0.486426	-3.048997	-0.498481	-2.163576	 0.556735	 0.655620	-4.493145	-0.697347	 1.174130
-1.730358	-4.217096	-0.499436	-0.486426	-3.036748	-0.498481	-2.126845	 0.054692	 0.652998	-4.475172	-0.694558	 1.169618
-1.723437	-4.200227	-0.499436	-0.486426	-3.024574	-0.498481	-2.104300	-0.196329	 0.650386	-4.457272	-0.691780	 1.165032
-1.716543	-4.683426	-0.499436	-0.486426	-3.012463	-0.498481	-2.088863	 0.178160	 0.647784	-4.439443	-0.689013	 1.160418
-1.709677	-4.914692	-0.499436	-0.486426	-3.000406	-0.498481	-2.076998	 0.364299	 0.645193	-4.421685	-0.686257	 1.155799
-1.702838	-5.020033	-0.499436	-0.486426	-2.988401	-0.498481	-2.066936	 0.456268	 0.642612	-4.403998	-0.683512	 1.151188
-1.696027	-5.062453	-0.499436	-0.486426	-2.976446	-0.498481	-2.057791	 0.501156	 0.640042	-4.386382	-0.680777	 1.146589
-1.689243	-5.073453	-0.499436	-0.486426	-2.964539	-0.498481	-2.049121	 0.522508	 0.637481	-4.368837	-0.678054	 1.142005
-1.682486	-4.568784	-0.499436	-0.486426	-2.952681	-0.498481	-2.040705	 0.532096	 0.634932	-4.351361	-0.675342	 1.137439
-1.675756	-4.308322	-0.499436	-0.486426	-2.940870	-0.498481	-2.032432	 0.535807	 0.632392	-4.333956	-0.672641	 1.132890
-1.669053	-4.169995	-0.499436	-0.486426	-2.929106	-0.498481	-2.024248	 0.536583	 0.629862	-4.316620	-0.669950	 1.128359
-1.662376	-4.092768	-0.499436	-0.486426	-2.917390	-0.498481	-2.016123	 0.535896	 0.627343	-4.299354	-0.667270	 1.123845
-1.655727	-4.546123	-0.499436	-0.486426	-2.905720	-0.498481	-2.008045	 0.534483	 0.624833	-4.282156	-0.664601	 1.119350
-1.649104	-4.762802	-0.499436	-0.486426	-2.894097	-0.498481	-2.000006	 0.532710	 0.622334	-4.265028	-0.661943	 1.114873
-1.642508	-4.861183	-0.499436	-0.486426	-2.882521	-0.498481	-1.992003	 0.530761	 0.619845	-4.247967	-0.659295	 1.110413
-1.635938	-4.400454	-0.499436	-0.486426	-2.870991	-0.498481	-1.984033	 0.528730	 0.617365	-3.730976	-0.656658	 1.105972
-1.629394	-4.162210	-0.499436	-0.486426	-2.859507	-0.498481	-1.976096	 0.526660	 0.614896	-3.466052	-0.654031	 1.101548
-1.622876	-4.035240	-0.499436	-0.486426	-2.848069	-0.498481	-1.968191	 0.524576	 0.612436	-3.827187	-0.651415	 1.097141
-1.616385	-3.963938	-0.499436	-0.486426	-2.836676	-0.498481	-1.960318	 0.522490	 0.609987	-3.999379	-0.648810	 1.092753
-1.609919	-3.920502	-0.499436	-0.486426	-2.825330	-0.498481	-1.952477	 0.020405	 0.607547	-4.077131	-0.646214	 1.088382
-1.603480	-3.891030	-0.499436	-0.486426	-2.814028	-0.498481	-1.944667	-0.230637	 0.605116	-4.107698	-0.643629	 1.084028
-1.597066	-3.868571	-0.499436	-0.986426	-2.802772	-0.498481	-1.936888	-0.356158	 0.602696	-4.114704	-0.641055	 0.579692
-1.590677	-3.849649	-0.499436	-1.233453	-2.791561	-0.498481	-1.929141	-0.418918	 0.600285	-4.109964	-0.638491	 0.327524
-1.584315	-3.832527	-0.499436	-1.354006	-2.780395	-0.498481	-1.921424	-0.450299	 0.597884	-4.099384	-0.635937	 0.201440
-1.577977	-4.316335	-0.499436	-0.911333	-2.769273	-0.498481	-2.413738	 0.034011	 0.595493	-4.085916	-0.633393	 0.638398
-1.571666	-4.548639	-0.499436	-0.689997	-2.758196	-0.498481	-2.654083	 0.275129	 0.593111	-4.071037	-0.630859	 0.854726
-1.565379	-4.155229	-0.499436	-0.579329	-2.747164	-0.498481	-2.268467	 0.394656	 0.590738	-4.055485	-0.628336	 0.960748
-1.559117	-3.951000	-0.499436	-0.523995	-2.736175	-0.498481	-2.071893	 0.453391	 0.588375	-4.039630	-0.625823	 1.011626
-1.552881	-3.841392	-0.499436	-0.496328	-2.725230	-0.498481	-1.969856	 0.481734	 0.586022	-4.023654	-0.623319	 1.034940
-1.546669	-3.779125	-0.499436	-0.482494	-2.714329	-0.498481	-1.915101	 0.494886	 0.583678	-4.007651	-0.620826	 1.044480
-1.540483	-3.740557	-0.499436	-0.475577	-2.703472	-0.498481	-1.884003	 0.000445	 0.581343	-3.991666	-0.618343	 1.047142
-1.534321	-3.713869	-0.499436	-0.472119	-2.692658	-0.498481	-1.864748	-0.246775	 0.579018	-3.975723	-0.615869	 1.046374
-1.528183	-3.693151	-0.499436	-0.470390	-2.681887	-0.498481	-1.851430	-0.370385	 0.576701	-3.959831	-0.613406	 1.043898
-1.522071	-3.675447	-0.499436	-0.469525	-2.671160	-0.498481	-1.841095	 0.067810	 0.574395	-3.943998	-0.610952	 1.040578
-1.515982	-3.659280	-0.499436	-0.469093	-2.660475	-0.498481	-1.832265	 0.285896	 0.572097	-3.928224	-0.608508	 1.036843
-1.509919	-3.643910	-0.499436	-0.468877	-3.149833	-0.498481	-1.824204	 0.393930	 0.569809	-3.912513	-0.606074	 1.032909
-1.503879	-3.628968	-0.499436	-0.468769	-3.387234	-0.498481	-1.816541	 0.446944	 0.567529	-3.896864	-0.603650	 1.028884
-1.497863	-3.614269	-0.499436	-0.468715	-2.998685	-0.498481	-1.809092	 0.473451	 0.565259	-3.881277	-0.601236	 1.024822
-1.491872	-3.599720	-0.499436	-0.468687	-2.799190	-0.498481	-1.801764	 0.486704	 0.562998	-3.865752	-0.598831	 1.020750
-1.485904	-3.585275	-0.499436	-0.468674	-2.694244	-0.498481	-2.294511	 0.493331	 0.560746	-3.850289	-0.596435	 1.016680
-1.479961	-3.570911	-0.499436	-0.468667	-2.636592	-0.498481	-2.535310	 0.496644	 0.558503	-3.834888	-0.594050	 1.012620
-1.474041	-3.556616	-0.499436	-0.468664	-2.602608	-0.498481	-2.650157	 0.498301	 0.556269	-3.819548	-0.591673	 1.008573
-1.468145	-3.542384	-0.499436	-0.468662	-2.580479	-0.498481	-2.702051	-0.000871	 0.554044	-3.804270	-0.589307	 0.504540
-1.462272	-3.528212	-0.499436	-0.468661	-2.564297	-0.498481	-2.722490	-0.249457	 0.551828	-3.789053	-0.586949	 0.252524
-1.456423	-4.014097	-0.499436	-0.468661	-2.551110	-0.498481	-2.227224	 0.126250	 0.549621	-3.773897	-0.584602	 0.626516
-1.450597	-4.248040	-0.499436	-0.468661	-2.539441	-0.498481	-1.976126	 0.313100	 0.547422	-3.758801	-0.582263	 0.811511
-1.444795	-3.856048	-0.499436	-0.468661	-2.528551	-0.498481	-1.847128	 0.406525	 0.545233	-3.743766	-0.579934	 0.902015
-1.439016	-3.653123	-0.499436	-0.468661	-2.518070	-0.498481	-1.779192	 0.453237	 0.543052	-3.728791	-0.577614	 0.945282
-1.433260	-3.544761	-0.499436	-0.468660	-2.507815	-0.498481	-2.241802	 0.476593	 0.540879	-3.713876	-0.575304	 0.964939
-1.427527	-3.483707	-0.499436	-0.468660	-2.497692	-0.498481	-2.467698	 0.488272	 0.538716	-3.699020	-0.573003	 0.972798
-1.421817	-3.446334	-0.499436	-0.468660	-2.487656	-0.498481	-2.575259	 0.494111	 0.536561	-3.684224	-0.570711	 0.974766
-1.416129	-3.420830	-0.499436	-0.468660	-2.477682	-0.498481	-2.123674	 0.497030	 0.534415	-3.669487	-0.568428	 0.973797
-1.410465	-3.401287	-0.499436	-0.468660	-2.467760	-0.498481	-1.894537	 0.498490	 0.532277	-3.654809	-0.566154	 0.971366
-1.404823	-3.384753	-0.499436	-0.468660	-2.957883	-0.498481	-1.776638	 0.499220	 0.530148	-3.640190	-0.563890	 0.968213
-1.399204	-3.369749	-0.499436	-0.468660	-3.196049	-0.498481	-1.714371	 0.499585	 0.528027	-3.625629	-0.561634	 0.964707
-1.393607	-3.355537	-0.499436	-0.468660	-2.808263	-0.498481	-1.679933	-0.000233	 0.525915	-3.111127	-0.559387	 0.961031
-1.388032	-3.341749	-0.499436	-0.468660	-2.609530	-0.498481	-1.659423	-0.249142	 0.523812	-2.848682	-0.557150	 0.957278
-1.382480	-3.328199	-0.499436	-0.468660	-2.505341	-0.498481	-1.645890	 0.126404	 0.521716	-3.212287	-0.554921	 0.953495
-1.376950	-3.314795	-0.499436	-0.468660	-2.448444	-0.498481	-1.635859	 0.313173	 0.519630	-3.386938	-0.552702	 0.949704
-1.371443	-3.301490	-0.499436	-0.468660	-2.415213	-0.498481	-1.627592	 0.406558	 0.517551	-3.467140	-0.550491	 0.945917
-1.365957	-3.288261	-0.499436	-0.468660	-2.393833	-0.498481	-1.620220	-0.046750	 1.015481	-3.500147	-0.548289	 0.942139
-1.360493	-3.275096	-0.499436	-0.468660	-2.378399	-0.498481	-1.613308	-0.272404	 1.261419	-3.509584	-0.546096	 0.938373
-1.355051	-3.761990	-0.499436	-0.468660	-2.365955	-0.498481	-1.606639	-0.385231	 0.881373	-3.507264	-0.543911	 0.934621
-1.349631	-3.996939	-0.499436	-0.468660	-2.355027	-0.498481	-1.600105	-0.441644	 0.690348	-3.499095	-0.541736	 0.930883
-1.344232	-3.605950	-0.499436	-0.468660	-2.344874	-0.498481	-1.593650	 0.030149	 0.594835	-3.488028	-0.539569	 0.927160
-1.338855	-3.404026	-0.499436	-0.468660	-2.335129	-0.498481	-1.587249	 0.265042	 0.547079	-3.475541	-0.537410	 0.923452
-0.833500	-3.296659	-0.499436	-0.468660	-2.325605	-0.498481	-1.580886	 0.382488	 1.023200	-3.462371	-0.535261	 0.919758
-0.580822	-3.236597	-0.499436	-0.468660	-2.316211	-0.498481	-1.574556	 0.441211	 1.258263	-3.448888	-0.533120	 0.916079
-0.954483	-3.200213	-0.499436	-0.468660	-2.306900	-0.498481	-1.568255	 0.470573	 1.372807	-3.435275	-0.530987	 0.912415
-1.138658	-3.175694	-0.499436	-0.468660	-2.297650	-0.498481	-1.561980	 0.485254	 1.427105	-3.421626	-0.528863	 0.908765
-1.228099	-3.157132	-0.499436	-0.468660	-2.288448	-0.498481	-1.555731	 0.492594	 1.451291	-3.407985	-0.526748	 0.905130
-1.270185	-3.141573	-0.499436	-0.468660	-2.279288	-0.498481	-2.049508	 0.496264	 1.460433	-3.394376	-0.524641	 0.901509
-1.288603	-3.127542	-0.499436	-0.468660	-2.270168	-0.498481	-2.291310	 0.498099	 1.462065	-3.380810	-0.522542	 0.897903
-1.295198	-3.114300	-0.499436	-0.468660	-2.261086	-0.498481	-2.407144	 0.499017	 0.959953	-3.367292	-0.520452	 0.894312
