-2.362831	-1.745241	-0.617100	-0.860879	-2.501323	 0.267672	-0.409699	-0.495308	-0.486269	-0.187822	-0.766241	 0.241610
-2.353380	-1.738260	-0.585335	-1.106194	-2.490891	 0.299090	-0.409699	-0.496779	-0.486269	 0.057571	-0.763176	 0.249347
-2.343966	-1.731307	-0.568345	-1.226148	-2.480714	-0.185201	-0.409699	-0.497515	-0.486269	-0.319732	-0.760124	 0.253215
-2.334590	-1.724382	-0.558748	-1.283433	-2.470684	-0.426007	-0.409699	-0.497883	-0.486269	-0.506990	-0.757083	 0.255150
-2.325252	-2.717484	-0.552850	-0.809394	-2.460748	-0.045077	-0.409699	-0.498067	-0.486269	-0.599230	-0.754055	 0.256117
-2.315951	-3.206614	-0.548808	-0.572375	-2.450878	 0.145388	-0.409699	-0.498159	-0.486269	-0.643967	-0.751039	 0.256600
-2.306687	-2.443788	-0.545697	-0.953865	-2.441061	 0.240621	-0.409699	-0.498205	-0.486269	-0.664958	-0.748034	 0.256842
-2.297460	-2.059013	-0.543057	-1.141939	-2.431290	 0.288237	-0.409699	-0.498228	-0.486269	-0.674082	-0.745042	 0.256963
-2.288270	-1.863277	-0.540656	-1.233317	-2.421562	 0.312045	-0.409699	-0.498239	-0.486269	-0.677277	-0.742062	 0.257023
-2.279117	-1.762073	-0.538379	-0.776356	-2.411874	-0.176051	-0.409699	-0.498245	-0.486269	-0.677514	-0.739094	 0.257053
-2.270001	-1.708150	-0.536168	-0.547875	-2.402226	-0.418770	-0.409699	-0.498248	-0.486269	-0.676277	-0.736138	 0.257069
-2.260921	-1.677880	-0.533995	-0.433635	-2.392616	-0.538807	-0.409699	 0.001751	-0.486269	-0.674309	-0.733193	-0.242924
-2.251877	-1.659450	-0.531844	-0.376515	-2.383046	-0.597508	-0.409699	 0.250747	-0.486269	-0.671980	-0.730260	-0.491434
-2.242870	-1.646953	-0.529710	-0.847955	-2.373513	-0.125546	-0.409699	 0.375245	-0.486269	-0.169476	-0.727339	-0.114210
-2.233898	-1.637435	-0.527587	-1.081036	-2.364019	 0.110435	-0.409699	 0.437494	-0.486269	 0.081776	-0.724430	 0.074403
-2.224963	-1.629421	-0.525475	-0.694949	-2.354563	-0.271574	-0.409699	-0.031382	-0.486269	-0.292598	-0.721532	 0.168709
-2.216063	-1.622170	-0.523372	-0.501905	-2.345145	-0.461272	-0.409699	-0.264819	-0.486269	-0.478451	-0.718646	 0.215862
-2.207199	-1.615316	-0.521278	-0.405383	-2.335764	-0.554819	-0.409699	-0.381538	-0.486269	-0.570049	-0.715771	 0.239439
-2.198370	-1.608671	-0.519193	-0.357122	-2.326421	-0.600295	-0.409699	-0.439897	-0.486269	-0.614525	-0.712908	 0.251227
-2.189576	-1.602145	-0.517116	-0.332991	-2.317116	-0.621742	-0.409699	-0.469077	-0.486269	-0.635444	-0.710057	 0.257121
-2.180818	-1.595691	-1.015048	-0.820926	-2.807847	-0.131179	-0.409699	 0.016333	-0.486269	-0.644592	-0.707216	 0.260068
-2.172095	-1.589285	-1.260987	-1.062276	-3.046616	 0.114102	-0.409699	 0.258035	-0.486269	-0.647858	-0.704388	 0.261542
-2.163406	-1.582916	-0.880943	-0.680343	-2.659429	-0.263257	-0.409699	-0.121114	-0.486269	-0.648189	-0.701570	 0.262278
-2.154753	-1.576579	-0.689920	-0.489377	-2.461291	-0.450655	-0.409699	-0.309688	-0.486269	-0.647057	-0.698764	 0.262647
-2.146134	-1.570270	-0.594408	-0.893894	-2.357696	-0.543078	-0.409699	-0.403975	-0.486269	-0.645199	-0.695969	 0.262831
-2.137549	-1.563987	-0.546652	-1.093556	-2.301391	-0.588019	-0.409699	-0.451119	-0.486269	-0.642984	-0.693185	 0.262923
-2.128999	-1.557731	-0.522774	-1.190800	-2.268747	-0.609223	-0.409699	-0.474691	-0.486269	-0.640594	-0.690412	 0.262969
-2.120483	-1.551499	-0.510835	-0.736846	-2.247954	-0.618565	-0.409699	-0.486477	-0.486269	-0.638123	-0.687650	 0.262992
-2.112001	-1.545293	-0.504865	-0.509869	-2.233103	-0.621980	-0.409699	-0.492369	-0.486269	-0.635617	-0.684900	 0.263004
-2.103553	-1.539112	-0.501881	-0.396381	-2.221240	-0.622436	-0.409699	 0.004684	-0.486269	-0.133097	-0.682160	-0.236991
-2.095139	-1.532955	-0.500388	-0.339637	-2.210891	-0.621419	-0.409699	 0.252207	-0.486269	 0.118163	-0.679432	-0.485514
-2.086758	-1.526824	-0.499642	-0.311264	-2.201315	-0.619669	-0.909699	 0.375969	-0.486269	 0.243793	-0.676714	-0.108307
-2.078411	-1.520716	-0.499269	-0.297078	-2.192143	-0.617559	-1.156880	 0.437850	-0.486269	 0.306608	-0.674007	 0.080296
-2.070098	-2.014633	-0.499082	-0.289985	-2.183191	-0.615272	-0.777662	-0.031210	-0.486269	-0.161985	-0.671311	 0.174598
-2.061817	-2.256575	-0.498989	-0.286439	-2.174367	-0.612903	-0.588053	-0.264739	-0.486269	-0.395020	-0.668626	 0.221748
-2.053570	-2.372549	-0.498943	-0.284666	-2.165624	-0.610498	-0.493249	-0.381504	-0.486269	-0.510281	-0.665951	 0.245324
-2.045356	-1.925558	-0.498919	-0.783779	-2.156939	-0.108079	-0.445846	 0.060114	-0.486269	-0.066661	-0.663287	 0.257112
-2.037174	-1.699106	-0.498908	-1.030770	-2.148299	 0.143131	-0.422145	 0.279919	-0.486269	 0.155149	-0.660634	 0.263005
-2.029026	-1.582935	-0.498902	-0.651710	-2.139700	 0.268736	-0.910295	 0.389822	-0.486269	 0.266054	-0.657992	 0.265952
-2.020909	-1.521915	-0.498899	-0.462180	-2.131139	 0.331538	-1.151573	 0.444773	-0.486269	 0.321507	-0.655360	 0.267426
-2.012826	-1.488484	-0.498897	-0.867415	-2.122613	 0.362939	-0.769426	 0.472249	-0.486269	 0.349233	-0.652738	 0.268162
-2.004774	-1.468858	-0.498897	-1.067487	-2.114122	 0.378640	-0.578352	 0.485987	-0.486269	 0.363096	-0.650127	 0.268531
-1.996755	-1.456147	-0.498896	-0.664988	-2.105665	 0.386490	-0.482816	 0.492856	-0.486269	 0.370028	-0.647527	 0.268715
-1.988768	-1.446904	-0.498896	-0.463738	-2.097242	 0.390415	-0.435047	 0.496290	-0.486269	 0.373494	-0.644937	 0.268807
-1.980813	-1.439408	-0.498896	-0.363114	-2.088853	 0.392378	-0.411163	 0.498008	-0.486269	 0.375227	-0.642357	 0.268853
-1.972890	-0.932796	-0.498896	-0.312801	-1.580497	 0.393359	-0.399221	 0.498866	 0.013731	 0.376093	-0.639788	 0.268876
-1.964998	-0.679490	-0.498896	-0.287645	-1.324175	 0.393850	-0.393250	 0.499295	 0.262704	 0.376526	-0.637228	 0.268888
-1.957138	-0.052836	-0.498896	 0.224933	-0.693879	 0.394095	 0.109736	-0.000490	-0.113833	 0.376743	-0.134680	 0.268893
-1.949310	 0.259342	-0.498896	 0.479747	-0.378730	 0.394218	 0.360003	-0.249382	-0.302102	 0.376851	 0.116595	 0.268896
 0.058487	 5.414289	 1.001104	 1.105685	 2.278844	 0.394279	 0.483916	 0.126172	-0.396236	 1.376905	 0.742232	 0.268898
 1.058253	 7.970624	 1.746102	 1.415191	 3.597758	 0.394310	 0.544657	 0.312945	-0.443303	 1.872178	 1.052315	 0.268899
 2.554020	 12.227737	 1.613619	 1.566494	 4.247382	 0.394325	 0.573817	 0.406332	-0.466837	 2.115080	 1.204632	-0.731101
 3.293804	 14.323324	 1.544415	 1.638710	 4.562400	 0.394333	 0.587190	 0.453026	-0.478604	 2.231815	 1.278076	-1.227639
 3.655629	 15.338280	 1.506862	 1.671396	 4.710154	 0.394336	 0.592676	 0.476372	-0.484487	 2.285485	 1.312095	-1.472459
 6.328507	 21.813051	 2.485147	 2.184331	 9.774315	 1.394338	 1.594223	 0.988046	 0.012571	 3.307642	 3.826413	-0.591435
 7.646943	 24.993861	 2.967363	 2.435404	 12.276719	 1.889551	 2.089805	 1.240883	 0.260081	 3.810061	 5.070890	-0.150923
 13.788230	 37.527917	 4.201572	 4.055568	 14.998362	 2.132387	 2.332425	 1.364314	 0.382821	 4.052646	 8.680498	 3.569333
 16.819014	 43.780476	 4.807805	 4.854298	 16.323744	 2.249055	 2.448585	 1.423054	 0.443180	 4.165347	 10.460721	 5.414882
 19.794707	 49.892344	 5.100093	 5.742357	 17.451137	 2.802658	 4.001535	 2.949461	 2.472352	 6.213142	 11.826351	 5.823136
 21.237013	 52.930288	 5.235452	 6.173126	 17.977676	 3.072746	 4.766901	 3.703712	 3.477935	 7.220518	 12.482782	 6.014800
 22.412807	 56.931342	 5.292390	 6.375303	 18.703937	 3.701105	 5.138520	 4.071922	 3.471760	 7.707750	 12.784720	 6.598219
 22.953527	 58.913478	 5.310161	 6.463236	 19.028207	 4.006625	 5.313309	 4.247147	 3.461741	 7.934976	 12.909515	 6.875565
 23.176898	 59.886228	 5.308390	 6.494100	 19.151638	 4.150761	 5.389727	 4.325914	 3.449828	 8.032264	 12.945844	 6.999932
 24.241783	 61.354357	 5.296892	 6.496482	 19.174803	 3.714240	 4.917004	 4.856489	 3.936995	 8.064649	 12.938044	 7.047868
 24.723612	 62.069887	 5.280572	 6.484676	 19.147989	 3.489423	 4.671754	 5.111002	 4.171731	 8.064648	 12.908283	 7.057643
 23.914116	 61.909190	 5.261883	 6.465827	 19.096340	 2.870486	 3.040276	 3.227527	 2.280286	 6.048518	 9.367646	 3.548397
 23.463159	 61.813575	 5.242052	 6.443508	 19.032426	 2.556514	 2.221719	 2.283102	 1.334563	 5.032388	 7.585674	 1.793773
 21.691656	 58.250561	 5.221693	 5.919507	 18.962532	 2.395043	 1.809635	 1.808212	 1.361702	 4.516291	 6.683080	 0.916461
 20.766064	 56.455945	 5.201110	 5.646715	 18.889800	 2.309840	 1.600797	 1.568100	 1.372494	 4.250242	 6.220222	 0.477806
 19.763587	 54.545581	 4.680458	 5.499571	 18.815800	 2.262790	 1.993595	 1.445388	 0.875123	 4.109249	 5.977278	 0.758478
 19.224826	 53.577662	 4.411812	 5.415294	 18.741316	 2.234833	 2.185221	 1.381387	 0.626438	 4.030816	 5.844338	 0.896735
 18.918074	 53.081017	 4.269203	 5.362494	 18.666740	 2.216441	 2.276280	 1.346752	 0.502095	 3.983694	 5.766445	 0.963794
 18.227475	 52.820061	 4.689645	 5.325474	 18.592268	 2.202849	 2.317075	 1.326810	 0.939924	 3.952261	 4.716121	-0.004738
 17.847102	 52.678619	 4.889646	 5.296388	 18.517997	 2.191674	 2.332756	 1.314225	 1.156082	 3.928702	 4.183628	-0.487058
 15.621982	 47.096978	 3.479467	 4.271310	 16.943973	 2.181726	 2.335900	 1.305329	 1.261417	 3.909113	 4.910079	 0.273721
 14.482628	 44.296737	 2.770239	 3.752278	 16.126222	 2.172408	 2.332794	 1.298289	 1.311351	 3.891539	 5.262031	 0.652042
 16.386265	 48.387233	 3.911503	 4.486296	 17.186729	 2.163423	 2.326582	 1.792186	 0.833596	 3.375004	 5.426780	 0.839141
 17.301503	 50.419871	 4.472029	 4.842864	 17.680488	 2.154622	 2.318835	 2.034562	 0.594718	 3.111020	 5.497971	 0.930639
 13.722689	 46.923631	 2.742228	 3.510750	 17.891019	 1.645929	 2.310339	 1.651197	 0.975279	 3.473333	 5.522428	 0.974343
 11.912994	 45.166802	 1.875302	 2.840335	 17.960082	 1.389309	 2.301488	 1.456978	 1.162848	 3.646819	 5.523563	 0.994159
 10.987940	 44.279713	 1.439822	 2.500788	 17.958555	 1.258733	 2.292477	 1.357343	 1.253931	 3.725921	 5.513081	 1.002039
 14.005287	 48.327530	 3.220074	 3.826692	 17.921877	 1.691189	 1.783404	 1.305011	 1.296783	 3.757862	 5.496835	 1.003959
 15.479915	 50.340287	 4.100199	 4.479338	 17.867768	 1.903169	 1.526319	 1.276339	 1.315530	 3.766253	 5.477750	 1.002908
 16.683321	 50.835560	 4.530301	 4.795398	 17.805086	 2.004929	 1.895239	 1.759508	 1.322235	 3.762899	 5.457291	 1.000378
 17.249250	 51.071590	 4.735431	 4.943205	 17.738260	 2.051596	 2.075170	 1.996607	 1.322929	 3.753703	 5.436187	 0.997118
 17.496584	 51.178044	 4.828115	 5.006926	 17.669504	 2.070733	 2.160625	 1.610689	 1.320629	 3.741616	 5.414806	 0.993500
 17.584763	 51.219939	 4.864615	 5.028645	 17.599925	 2.076122	 2.198861	 1.415280	 1.316842	 3.728114	 5.393328	 0.989711
 17.093507	 51.229600	 4.873063	 5.529404	 17.530075	 2.074653	 2.213504	 1.315136	 1.312323	 3.213933	 5.371845	 0.485845
 16.814674	 51.222460	 4.867524	 5.767724	 17.460229	 2.069772	 2.216370	 1.262634	 1.307448	 2.951443	 5.350403	 0.233912
 17.142186	 51.206968	 4.855030	 5.874871	 17.390525	 2.563202	 2.213364	 1.233963	 1.302405	 3.314821	 5.329024	 0.607945
 17.271003	 51.187704	 4.839099	 5.916481	 17.321032	 2.803804	 2.207441	 1.217217	 1.297289	 3.489153	 5.307719	 0.792998
 17.300611	 51.166599	 4.821486	 5.925369	 17.251782	 2.918016	 2.200076	 1.206443	 1.292146	 3.568992	 5.286494	 0.883568
 16.780755	 51.144620	 4.803073	 5.917945	 17.182792	 2.469057	 2.192008	 1.698664	 1.287001	 3.601614	 5.265351	 0.926905
 16.488306	 51.122432	 4.784296	 5.902412	 17.114070	 2.240538	 2.183606	 1.940393	 1.281865	 3.610656	 5.244291	 0.946633
 16.309689	 51.100183	 4.765377	 5.382872	 17.045618	 2.122254	 2.175055	 2.056894	 1.276743	 3.607938	 5.223315	 0.954564
 16.188118	 51.078131	 4.746425	 5.113375	 16.977437	 2.059104	 2.166446	 2.110797	 1.271639	 3.599369	 5.202422	 0.956605
 16.095200	 51.056220	 4.727493	 4.968939	 16.909529	 2.023537	 2.157826	 2.133419	 1.266554	 3.587902	 5.181612	 0.955708
 16.016736	 51.034424	 4.708611	 4.887072	 16.841891	 2.001778	 2.149218	 2.140418	 1.261489	 3.575016	 5.160886	 0.953350
 15.945628	 51.012729	 4.689790	 5.336528	 16.774524	 1.986938	 2.140632	 1.639623	 1.256443	 3.561449	 5.140242	 0.950269
 15.878325	 50.991127	 4.671038	 5.549684	 16.707426	 1.975574	 2.132075	 1.386948	 1.251417	 3.547569	 5.119681	 0.946834
 15.813051	 50.969615	 4.652357	 5.644736	 16.640596	 1.965964	 2.123550	 1.258342	 1.246412	 3.533562	 5.099203	 0.943230
 15.748919	 50.948191	 4.633749	 5.680783	 16.574034	 1.957246	 2.115057	 1.191779	 1.241426	 3.519520	 5.078806	 0.939548
 13.685483	 51.426853	 3.615215	 5.187372	 16.507738	 1.448990	 2.106598	 1.156247	 1.236460	 3.505487	 5.058491	 0.935836
 12.630521	 51.657056	 3.100755	 4.931279	 16.441707	 1.192980	 2.098172	 1.136240	 1.231515	 3.491488	 5.038257	 0.932115
 14.579889	 53.763065	 3.838352	 5.293882	 17.875940	 2.063102	 2.089779	 1.124004	 1.226589	 2.977534	 5.018104	 0.928398
 15.521514	 54.804832	 4.197998	 5.463871	 18.554436	 2.492296	 2.081420	 1.115662	 1.221682	 2.715630	 4.998031	 0.924690
 15.959401	 54.814524	 4.368706	 5.037598	 18.355218	 2.201050	 1.573095	 1.109277	 0.716796	 2.079770	 2.978039	-0.079005
 16.145549	 54.809549	 4.444982	 4.815238	 18.219298	 2.051608	 1.316802	 1.103878	 0.464352	 1.758952	 1.966127	-0.578688
 16.205960	 54.797281	 4.474077	 4.694873	 18.115170	 1.973082	 1.186535	 1.098982	 0.338130	 1.595667	 1.458262	-0.826373
 11.203633	 42.281405	 2.479618	 2.625541	 11.527085	 0.930030	 0.619289	 0.594346	-0.224980	 1.011160	 0.702429	-0.948067
 8.690067	 35.963936	 1.482389	 1.589763	 8.223164	 0.408504	 0.335666	 0.342028	-0.504960	 0.718906	 0.324513	-1.006774
 5.920931	 25.745909	 0.483774	 0.570766	 4.561365	 0.147741	 0.193854	 0.215869	-0.643379	 0.572779	 0.135555	-1.033997
 4.530059	 20.605839	-0.014504	 0.061267	 2.728666	 0.017360	 0.122948	 0.152789	-0.711026	 0.499716	 0.041076	-1.045486
 1.828345	 15.004873	-0.262617	-0.193482	 0.310525	-0.047831	-0.412504	-0.378751	-0.743291	-0.036816	-1.006164	-1.049117
 0.479234	 12.185582	-0.385652	-0.320857	-0.894330	-0.080426	-0.678335	-0.642700	-0.757873	-0.303935	-1.525677	-1.048826
-2.193581	 5.257204	-0.946152	-0.884544	-2.992560	-0.096724	-0.809362	-0.772861	-0.763619	-0.936352	-2.281343	-1.046584
-3.520256	 1.796357	-1.223389	-1.163491	-4.031493	-0.104873	-0.872995	-0.836136	-0.764953	-1.249424	-2.653102	-1.043374
-4.173900	 0.069263	-1.359006	-1.300080	-4.540818	-0.108947	-0.902938	-0.865974	-0.764088	-1.402834	-2.832932	-1.039689
-4.991066	-1.290969	-1.423826	-1.365501	-5.285381	-0.110985	-0.916043	-0.879102	-0.762129	-1.476427	-2.416821	-1.035775
-5.388033	-1.965782	-1.453258	-1.395350	-5.645602	-0.112003	-0.920738	-0.883881	-0.759629	-1.510123	-2.204765	-1.031753
-5.574947	-2.797908	-1.465009	-1.907424	-5.813701	-0.112513	-0.921234	-0.384494	-0.756865	-1.523884	-2.594751	-1.027688
-5.656880	-3.206710	-1.467931	-2.158622	-5.885787	-0.112767	-0.919639	-0.134800	-0.753974	-1.527689	-2.783774	-1.023607
-5.686369	-3.403881	-1.466450	-2.279401	-6.409914	-0.112895	-1.417006	-0.509953	-0.751027	-1.526528	-2.872341	-1.019528
-5.689681	-3.495264	-1.462780	-2.334990	-6.658110	-0.112958	-1.661860	-0.695759	-0.748057	-1.522897	-2.910702	-1.015458
-5.679952	-3.533782	-1.458026	-2.358004	-6.268395	-0.612990	-1.780474	-0.286899	-0.745082	-2.018043	-2.923984	-1.011400
-5.663746	-3.545896	-1.452743	-2.364749	-6.061780	-0.860780	-1.835982	-0.082469	-0.742110	-2.260590	-2.924751	-1.007356
-5.644349	-3.544838	-1.447207	-2.363378	-5.946763	-0.982458	-1.859954	 0.019746	-0.739146	-2.376857	-2.919284	-1.003327
-5.623400	-3.537221	-1.441555	-2.357969	-6.377590	-1.041088	-1.868172	 0.070853	-1.236192	-1.930004	-2.910722	-0.999315
-5.601721	-3.526353	-1.435857	-2.350559	-6.579387	-1.068204	-1.868528	 0.096407	-1.481248	-1.703612	-2.900637	-0.995318
-5.579721	-3.513888	-1.430148	-2.342168	-6.666723	-1.079572	-1.864968	-0.390816	-1.100324	-1.587461	-2.889813	-0.991336
-5.557606	-3.500653	-1.424445	-2.333305	-6.696883	-1.083073	-1.859465	-0.632672	-0.908423	-1.526443	-2.878644	-0.987371
-5.535477	-3.487061	-1.418756	-2.324224	-6.698509	-0.582651	-1.353006	-0.751850	-0.811039	-1.493003	-2.867324	-0.983422
-5.513386	-3.473317	-1.413085	-2.315054	-6.685922	-0.332440	-1.098083	-0.809698	-0.760920	-1.473364	-2.855952	-0.979488
-5.491358	-3.459527	-1.407435	-2.305857	-6.666282	-0.707334	-1.468936	-0.836886	-0.734439	-1.460637	-2.844577	-0.975570
-5.469405	-3.445740	-1.401806	-2.296665	-6.643168	-0.892617	-1.650682	-0.848752	-0.719782	-1.451378	-2.833223	-0.971668
-5.447534	-3.431982	-1.396199	-2.287494	-6.618371	-0.983103	-1.737891	-0.852964	-0.711044	-1.443864	-2.821902	-0.967781
-5.425747	-3.418267	-1.390615	-2.278352	-6.592786	-1.026198	-1.277845	-0.853356	-0.705270	-1.437234	-2.810620	-0.963910
-5.404046	-3.404601	-1.385052	-2.269242	-6.566859	-1.045607	-1.046186	-0.851844	-0.700984	-1.431058	-2.799381	-0.960054
-5.382430	-3.390986	-1.379512	-2.260167	-6.540813	-1.053182	-1.428728	-0.849388	-0.697448	-1.425120	-2.788185	-0.956214
-5.360901	-3.377423	-1.373994	-2.251128	-6.514761	-1.054848	-1.616376	-0.846465	-0.694292	-1.419313	-2.777033	-0.952389
-5.339457	-3.363914	-1.368498	-2.242124	-6.488757	-1.053568	-1.706592	-0.843317	-1.191331	-1.413582	-2.765925	-0.948580
-5.318100	-3.350459	-1.363024	-2.233155	-6.462830	-1.050823	-1.748107	-0.840063	-1.436475	-1.407901	-2.754862	-0.944785
-5.296827	-3.337057	-1.357572	-2.224223	-6.436993	-1.047355	-1.265285	-0.836762	-1.055683	-1.402256	-2.743842	-0.941006
-5.275640	-3.323709	-1.352142	-2.215326	-6.411252	-1.043533	-1.022309	-0.833445	-0.863937	-1.396641	-2.732867	-0.937242
-5.254537	-3.310414	-1.346733	-2.206465	-6.385610	-1.039542	-0.899262	-0.830126	-0.766720	-1.391051	-2.721936	-0.933493
-5.233519	-3.297173	-1.341346	-2.197639	-6.360069	-1.035476	-0.836186	-0.826813	-1.216772	-1.385485	-2.711048	-0.929759
-5.212585	-3.283984	-1.335981	-2.188848	-6.334630	-1.031380	-0.803102	-0.823509	-1.438465	-1.379942	-2.700204	-0.926040
-5.191735	-3.270848	-1.330637	-2.180093	-6.309292	-1.027277	-0.785020	-0.820217	-1.045991	-1.374422	-2.189403	-0.922336
-5.170968	-3.257765	-1.325315	-2.171373	-6.284055	-1.023180	-0.774445	-0.816937	-0.848447	-1.368924	-1.930645	-0.918647
-5.150284	-3.244734	-1.320013	-2.162687	-6.258919	-0.519093	-0.767630	-0.813670	-0.748373	-1.363448	-2.297923	-0.914972
-5.129683	-3.231755	-1.314733	-2.154036	-6.233883	-0.267049	-0.762701	-0.810415	-0.697040	-1.357995	-2.476231	-0.911312
-5.109164	-3.218828	-1.309474	-2.145420	-6.208948	-0.641027	-1.258721	-0.807174	-0.670081	-1.352563	-2.560076	-0.907667
-5.088728	-3.205953	-1.304236	-2.136839	-6.184112	-0.825987	-1.503221	-0.803945	-0.655316	-1.347152	-2.596711	-0.904036
-5.068373	-3.193129	-1.299020	-2.128291	-6.159375	-0.916444	-1.621976	-0.800729	-0.646652	-1.341764	-2.609761	-0.900420
-5.048099	-3.180356	-1.293823	-2.119778	-6.134738	-0.959659	-1.677872	-0.797526	-0.641044	-1.336397	-2.111041	-0.896819
-5.027907	-3.167635	-1.288648	-2.111299	-6.110199	-0.979261	-1.702352	-0.794336	-0.636970	-1.331051	-1.858456	-0.893231
-5.007795	-3.154964	-1.283494	-2.102854	-6.085758	-0.987064	-1.711139	-0.791159	-0.633666	-1.325727	-2.228952	-0.889658
-4.987764	-3.142344	-1.278360	-2.094442	-6.061415	-0.988976	-1.712092	-0.787994	-0.630754	-1.320424	-2.409001	-0.886100
-4.967813	-3.129775	-1.273246	-2.086065	-6.037169	-0.987950	-1.709143	-0.784842	-0.628042	-1.315142	-2.493848	-0.882555
-4.947942	-3.117256	-1.268153	-2.077720	-6.013021	-0.985463	-1.704256	-0.781703	-0.625436	-1.309882	-2.531114	-0.879025
-4.928150	-3.104787	-1.263081	-2.069409	-5.488969	-0.982254	-1.698413	-0.778576	-0.622887	-1.304642	-2.544610	-0.875509
-4.908437	-3.092368	-1.258028	-2.061132	-5.217013	-0.978691	-1.692107	-0.775462	-0.620372	-1.299424	-2.546242	-0.872007
-4.888804	-3.079998	-1.252996	-2.052887	-5.571145	-0.974960	-1.685582	-0.772360	-0.617878	-1.294226	-2.541962	-0.868519
-4.869248	-3.067678	-1.247984	-2.044676	-5.736360	-0.971151	-1.678962	-0.769271	-0.615401	-1.289049	-2.534746	-0.865045
-4.849771	-3.055408	-1.242992	-2.036497	-5.807165	-0.967313	-1.672307	-0.766194	-0.612936	-1.283893	-2.526084	-0.861585
-4.830372	-3.043186	-1.238020	-2.028351	-5.830811	-0.963466	-1.165648	-0.763129	-0.610483	-1.278757	-2.016718	-0.858138
-4.811051	-3.031013	-1.233068	-2.020238	-5.830925	-0.959624	-0.911001	-0.760076	-0.608040	-1.273642	-1.759020	-0.854706
-4.791807	-3.018889	-1.728136	-2.012157	-5.819320	-0.955791	-1.282364	-0.757036	-0.605608	-1.268548	-2.127168	-0.851287
-4.772639	-3.006814	-1.971223	-2.004108	-5.801902	-0.951971	-1.464739	-0.754008	-0.603185	-1.263473	-2.306252	-0.847882
-4.753549	-2.994786	-2.088338	-1.996092	-5.281625	-0.948164	-1.552632	-0.750992	-0.600772	-1.258419	-1.890823	-0.344490
-4.734535	-2.982807	-2.142485	-1.988107	-5.011963	-0.944372	-1.593297	-0.747988	-0.598369	-1.253386	-1.680158	-0.092795
-4.715596	-2.970876	-1.665165	-1.980155	-5.367647	-0.940595	-1.610362	-0.744996	-0.595976	-1.248372	-1.571886	-0.466947
-4.696734	-2.958992	-1.424129	-1.972234	-5.534043	-0.936833	-1.615639	-0.742016	-0.593592	-1.243379	-1.514823	-0.652340
-4.677947	-2.947156	-1.301245	-1.964345	-5.605840	-0.933086	-1.615036	-0.739048	-0.591218	-1.238405	-1.483376	-0.743362
-4.659235	-2.935368	-1.737447	-1.956488	-5.130383	-0.929353	-1.611506	-1.236092	-0.588853	-1.733452	-1.964749	-0.787204
-4.640598	-2.923626	-1.951200	-1.948662	-4.883345	-0.925636	-1.606525	-1.481147	-0.586497	-1.976518	-2.200543	-0.807463
-4.622036	-2.911932	-1.553747	-1.940867	-5.250553	-0.921934	-1.100831	-1.100223	-0.584151	-1.593612	-1.813567	-0.815937
-4.603548	-2.900284	-1.352708	-1.933104	-5.422922	-0.918246	-0.846794	-0.908322	-0.581815	-1.399737	-1.617226	-0.818525
-4.585134	-2.888683	-1.749885	-1.925371	-5.497916	-0.914573	-0.718590	-0.810939	-0.579487	-1.300388	-1.516214	-0.818177
-4.566793	-2.877128	-1.944179	-1.917670	-5.524267	-0.910915	-0.653307	-0.760820	-0.577169	-1.248312	-1.462877	-0.816367
-4.548526	-2.865620	-1.537049	-1.909999	-5.026341	-0.907271	-0.619490	-0.734339	-1.074861	-1.719881	-1.933390	-0.813833
-4.530332	-2.854157	-1.331225	-1.902359	-4.768321	-0.903642	-0.601410	-0.719683	-1.320561	-1.951283	-2.163838	-0.810944
-4.512211	-2.842741	-1.226061	-1.894750	-4.630291	-0.900027	-0.591203	-0.710945	-1.440279	-2.062618	-2.274274	-0.807883
-4.494162	-2.831370	-1.171238	-1.887171	-5.052291	-0.896427	-0.584938	-0.705171	-0.997018	-1.613938	-1.824723	-0.804743
-4.476185	-2.820044	-1.141594	-1.879622	-5.252343	-0.892841	-0.580648	-0.700886	-0.774280	-1.387268	-1.597196	-0.801569
-4.458280	-2.808764	-1.124547	-1.872104	-4.841463	-0.389270	-0.577350	-0.697350	-0.661808	-1.271611	-1.980694	-0.798386
-4.440447	-2.797529	-1.113809	-1.864615	-4.627163	-0.137484	-0.574553	-0.694194	-0.604473	-1.211471	-2.167714	-0.795204
-4.422685	-2.786339	-1.106234	-1.857157	-5.011187	-0.511591	-0.572011	-0.691234	-0.574711	-1.179098	-2.256515	-0.792029
-4.404995	-2.775193	-1.100249	-1.849728	-5.192408	-0.696874	-0.569601	-0.688378	-0.558741	-1.160618	-2.296225	-0.788863
-4.387375	-2.764093	-1.095068	-1.842329	-4.772272	-0.787750	-0.567262	-0.685579	-0.549670	-1.149094	-1.811408	-0.285709
-4.369825	-2.753036	-1.090298	-1.834960	-4.553499	-0.831432	-0.564962	-0.682813	-0.544053	-1.141057	-1.566346	-0.034132
-4.352346	-2.742024	-1.085742	-1.827620	-4.435444	-0.851522	-0.562687	-0.680071	-0.540168	-1.134772	-1.441173	 0.091656
-4.334936	-2.731056	-1.081301	-1.820310	-4.867781	-0.859824	-0.560429	-0.677345	-0.537153	-1.129373	-1.375954	-0.345450
-4.317597	-2.720132	-1.076927	-1.813028	-5.073349	-0.862239	-0.558183	-0.674632	-0.534577	-1.124425	-1.340723	-0.562437
-4.300326	-2.709251	-1.072595	-1.805776	-5.165576	-0.861717	-0.555949	-0.171932	-0.532225	-1.119713	-1.320497	-0.669372
-4.283125	-2.698414	-1.068293	-1.798553	-5.201173	-0.859733	-0.553724	 0.079418	-0.529989	-1.115126	-1.307783	-0.721287
-4.265993	-2.687621	-1.064013	-1.291359	-5.208499	-0.857026	-0.551508	-0.294907	-0.527816	-1.110612	-1.798836	-0.745698
-4.248929	-2.676870	-1.059754	-1.036193	-5.201730	-0.853964	-0.549302	-0.480732	-0.525678	-1.106143	-2.039783	-0.756364
-4.231933	-2.666163	-1.055514	-1.407049	-4.687955	-0.850731	-1.047105	-0.572310	-0.523562	-1.101705	-1.655695	-0.260162
-4.215005	-2.655498	-1.051291	-1.588920	-4.422720	-0.847420	-1.292916	-0.616772	-0.521461	-1.097291	-1.461108	-0.012062
-4.198145	-2.644876	-1.047085	-1.676315	-4.281787	-0.844076	-1.412745	-0.637680	-0.519372	-1.092899	-1.361281	 0.111989
-4.181353	-2.634297	-1.042897	-1.716485	-4.203039	-0.840722	-0.969594	-0.646817	-0.517293	-1.588525	-1.308845	 0.174014
-4.164627	-2.623759	-1.038725	-1.733056	-4.155416	-0.837371	-0.746965	-0.650074	-0.515223	-1.832170	-1.280114	 0.205027
-4.147969	-2.613264	-1.034570	-1.737843	-4.123389	-0.834027	-0.634602	-0.650396	-0.513161	-1.449841	-1.263245	-0.279467
-4.131377	-2.602811	-1.030432	-1.736751	-4.099193	-0.830694	-0.577377	-0.649255	-0.511108	-1.256542	-1.252319	-0.520186
-4.114851	-2.592400	-1.526310	-1.732733	-4.578945	-0.827372	-0.547723	-0.647389	-0.509064	-1.157765	-1.244372	-0.639024
-4.098392	-2.582030	-1.770205	-1.727267	-4.808704	-0.824064	-0.531860	-0.645164	-0.507028	-1.106259	-1.237926	-0.696927
-4.081998	-2.571702	-1.388124	-1.721091	-4.913506	-0.320768	-0.522897	-0.642766	-0.504999	-1.078397	-1.232240	-0.224369
-4.065670	-2.561416	-1.195072	-1.714572	-4.955870	-0.069120	-0.517388	-0.640286	-0.502979	-1.062364	-1.226944	 0.011910
-4.049408	-2.551170	-1.096541	-1.707897	-4.967056	 0.056704	-0.513609	-0.637771	-0.500968	-1.052255	-1.221853	 0.130050
-4.033210	-2.540965	-1.045280	-1.701157	-4.462693	-0.380384	-0.510700	-0.135243	-0.499962	-1.045117	-1.216874	-0.310880
-4.017077	-2.530801	-1.017662	-1.694398	-4.202594	-0.597293	-0.508230	 0.116021	-0.499459	-1.039471	-1.211960	-0.529842
-4.001009	-2.520678	-1.001872	-1.687644	-4.564660	-0.704119	-1.005984	-0.258346	-0.499207	-1.034581	-1.207090	-0.637825
-3.985005	-2.510595	-0.992005	-1.680904	-4.735839	-0.755910	-1.251853	-0.444265	-0.499081	-1.030077	-1.202250	-0.690325
-3.969065	-2.500553	-1.485108	-1.674187	-4.811615	-0.780190	-0.871792	-0.535964	-0.499018	-1.025773	-1.197435	-0.715089
-3.953188	-2.490551	-1.727702	-1.667493	-4.839728	-0.790721	-0.681762	-0.580558	-0.498987	-1.021579	-1.192642	-0.725992
-3.937376	-2.480589	-1.345059	-1.160824	-4.844049	-0.794385	-0.586746	-0.601605	-0.498971	-1.017446	-1.187870	-0.229969
-3.921626	-2.470666	-1.151813	-0.906182	-4.836513	-0.794620	-0.539239	-0.610883	-0.498963	-1.013354	-1.183118	 0.018042
-3.905940	-2.460784	-1.053272	-0.777557	-4.823087	-0.793148	-0.515485	-0.614282	-0.498960	-1.009289	-1.178385	 0.142048
-3.890316	-2.450940	-1.002093	-1.211947	-4.306754	-0.790829	-1.003608	-0.614746	-0.498958	-1.005246	-1.173672	-0.295949
-3.874755	-2.441137	-0.974601	-1.425849	-4.041007	-0.788092	-1.244686	-0.613747	-0.498957	-1.001222	-1.168977	-0.513480
-3.859256	-2.431372	-1.458961	-1.529521	-4.400583	-0.785153	-0.862254	-0.612022	-0.998956	-0.997216	-1.164301	-0.620783
-3.843819	-2.421647	-1.697254	-1.578091	-4.570851	-0.782119	-0.671037	-0.609940	-1.245958	-0.993226	-1.159644	-0.672979
-3.828443	-2.411960	-1.312530	-1.599122	-4.646502	-0.779044	-0.575429	-0.107682	-0.866473	-0.989253	-1.155005	-0.197626
-3.813130	-2.402312	-1.118312	-1.606397	-4.674884	-0.775954	-0.527625	 0.143446	-0.676730	-0.985296	-1.150385	 0.040050
-3.797877	-2.392703	-1.019355	-1.606808	-4.679668	-0.772864	-1.003723	-0.230989	-0.581859	-1.481355	-1.145784	 0.158888
-3.782686	-2.383132	-0.968036	-1.603798	-4.672691	-0.769779	-1.238813	-0.416996	-0.534424	-1.725429	-1.141200	 0.218307
-3.767555	-2.373600	-0.940543	-1.599092	-4.659872	-0.766703	-1.353409	-0.508794	-0.510706	-1.843527	-1.136636	 0.248017
-3.752485	-2.364105	-0.924970	-1.593550	-4.144168	-0.763638	-1.407772	-0.553492	-0.498847	-1.398653	-1.132089	 0.262871
-3.737475	-2.354649	-0.915365	-1.587603	-3.879059	-0.760584	-1.432029	-0.574644	-0.492917	-1.174309	-1.127561	 0.270299
-3.722525	-2.345230	-0.908751	-1.581467	-3.739276	-0.757542	-0.941245	-0.584029	-0.489953	-1.060236	-1.123051	 0.274013
-3.707635	-2.335849	-0.903639	-1.575248	-3.662186	-0.754512	-0.695853	-0.587534	-0.488470	-1.001308	-1.118558	 0.275869
-3.692804	-2.326506	-0.899287	-1.069000	-3.616471	-0.751494	-1.073157	-0.588105	-0.487729	-0.969959	-1.114084	 0.276798
-3.678033	-2.317200	-0.895320	-0.814751	-3.586472	-0.748489	-1.258908	-0.587213	-0.487359	-0.952407	-1.109628	 0.277262
-3.663321	-2.307931	-1.391555	-1.186505	-3.564359	-0.745495	-1.348894	-0.585594	-0.987173	-0.941762	-1.105189	 0.277494
-3.648668	-2.298699	-1.635896	-1.369266	-3.546218	-0.742513	-1.391009	-0.583617	-1.234107	-0.934577	-1.100768	 0.277610
-3.634073	-2.289505	-1.754306	-1.457542	-3.530092	-0.739543	-1.409201	-0.581465	-1.354611	-0.929129	-1.096365	 0.277668
-3.619537	-2.280347	-1.309766	-0.998588	-3.515001	-0.736584	-0.915442	-0.079230	-0.911913	-0.924558	-1.091980	 0.277697
-3.605058	-2.271225	-1.085766	-0.768032	-3.500455	-0.733638	-0.668562	 0.171887	-0.690564	-0.920433	-1.087612	 0.277712
-3.590638	-2.262140	-1.472042	-1.151679	-3.986211	-0.730704	-0.545122	-0.202554	-0.579890	-0.916538	-1.083262	 0.277719
-3.576276	-2.253092	-1.661463	-1.340432	-4.220144	-0.727781	-0.483402	-0.388621	-0.524553	-0.912765	-1.078929	 0.277723
-3.561971	-2.244079	-1.252472	-1.431750	-3.828203	-0.724870	-0.452542	-0.480505	-0.496884	-0.409060	-1.074613	-0.222276
-3.547723	-2.235103	-1.046290	-1.474363	-3.625360	-0.721970	-0.437112	-0.525302	-0.483050	-0.157208	-1.070314	-0.470830
-3.533532	-2.226163	-0.941518	-0.992636	-4.017093	-0.719082	-0.429397	-0.546561	-0.476133	-0.531282	-1.066033	-0.093669
-3.519398	-2.217258	-0.887459	-0.750750	-4.204142	-0.716206	-0.425540	-0.556054	-0.472674	-0.716508	-1.061769	 0.094912
-3.505320	-2.208389	-0.858763	-0.628790	-4.288885	-0.713341	-0.423611	-0.559670	-0.470945	-0.807318	-1.057522	 0.189202
-3.491299	-2.199555	-0.842754	-1.066796	-4.322508	-0.710488	-0.422647	-0.560351	-0.470080	-0.850926	-1.053292	 0.236348
-3.477334	-2.190757	-0.833097	-1.282789	-4.330608	-0.707646	-0.422165	-0.559570	-0.469648	-0.870941	-1.049079	 0.259920
-3.463424	-2.181994	-0.826621	-0.887788	-3.825980	-0.704815	-0.421924	-0.058061	-0.469432	-0.879167	-1.044882	 0.271707
-3.449571	-2.173266	-0.821743	-0.690288	-3.567024	-0.701996	-0.421803	 0.192693	-0.469323	-0.881505	-1.040703	 0.277600
-3.435772	-2.164573	-0.817670	-1.091538	-3.430930	-0.699188	-0.421743	-0.181930	-0.469269	-0.880907	-1.036540	 0.280546
-3.422029	-2.155915	-0.814006	-1.289177	-3.356293	-0.696391	-0.421713	-0.368128	-0.469242	-0.878847	-1.032394	 0.282020
-3.408341	-2.147291	-0.810554	-0.885023	-3.312411	-0.693606	-0.421698	-0.460119	-0.469229	-0.876063	-1.028264	-0.217244
-3.394708	-2.138702	-0.807213	-0.682946	-3.283933	-0.690831	-0.421690	-0.505010	-0.469222	-0.872925	-1.024151	-0.465442
-3.381129	-2.130147	-0.803935	-1.081908	-3.763183	-0.688068	-0.421686	-0.526356	-0.469219	-0.369616	-1.020055	-0.088115
-3.367604	-2.121627	-0.800695	-1.278427	-3.994323	-0.685316	-0.421684	-0.535933	-0.469217	-0.117962	-1.015974	 0.100549
-3.354134	-2.113140	-0.797480	-1.373736	-4.101443	-0.682574	-0.421683	-0.539631	-0.469216	 0.007866	-1.011910	 0.194881
-3.340717	-2.104687	-0.794284	-1.418453	-4.146585	-0.679844	-0.421683	-0.040393	-0.469216	 0.070779	-1.007863	 0.242047
-3.327354	-2.096269	-0.791104	-1.437885	-4.160773	-0.677125	-0.421683	 0.209226	-0.469216	 0.102236	-1.003831	 0.265630
-3.314045	-2.087884	-0.787938	-0.944686	-3.659517	-0.674416	-0.421683	-0.165965	-0.469215	-0.382036	-0.999816	 0.277422
-3.300789	-2.079532	-0.784785	-0.698087	-3.402572	-0.671719	-0.421683	-0.352478	-0.469215	-0.622439	-0.995817	 0.283318
-3.287586	-2.071214	-0.781646	-0.574787	-3.767809	-0.669032	-0.421683	-0.444656	-0.469215	-0.740915	-0.991834	 0.286266
-3.274435	-2.062929	-0.778519	-0.513138	-3.942161	-0.666356	-0.421682	-0.489672	-0.469215	-0.798434	-0.987866	 0.287740
-3.261338	-2.054677	-1.275405	-0.982313	-3.521104	-0.163690	-0.421682	-0.011110	-0.469215	-0.825482	-0.983915	-0.211524
-3.248292	-2.046459	-1.520303	-1.213997	-3.304375	 0.087643	-0.421682	 0.228171	-0.469215	-0.837300	-0.979979	-0.459733
-3.235299	-2.038273	-1.639222	-1.326948	-3.189836	 0.213309	-0.421682	 0.347811	-0.469215	-0.841512	-0.976059	-0.582423
-3.222358	-2.030120	-1.195165	-1.380544	-3.126415	-0.223858	-0.421682	-0.092369	-0.469215	-0.841926	-0.972155	-0.642357
-3.209469	-2.021999	-0.971634	-1.404473	-3.088579	-0.441119	-0.421682	-0.311394	-0.469215	-0.840448	-0.968266	-0.670919
-3.196631	-2.013911	-0.858373	-1.413581	-3.563560	-0.048433	-0.421682	-0.419845	-0.469215	-0.838031	-0.964393	-0.183802
-3.183844	-2.005856	-0.800252	-1.415290	-3.792973	 0.147910	-0.421682	-0.473014	-0.469215	-0.835152	-0.960536	 0.059757
-3.171109	-1.997832	-0.769707	-0.913310	-3.899635	-0.253919	-0.421682	 0.001453	-0.469215	-0.332047	-0.956694	 0.181536
-3.158424	-1.989841	-0.752956	-0.662320	-3.944953	-0.453521	-0.421682	 0.238687	-0.469215	-0.080495	-0.952867	 0.242426
-3.145791	-1.981882	-1.243109	-1.036825	-3.959631	-0.552016	-0.421682	-0.142696	-0.469215	-0.454719	-0.949055	 0.272871
-3.133207	-1.973954	-1.484718	-1.221255	-3.959022	-0.599963	-0.421682	-0.332339	-0.469215	-0.640173	-0.945259	 0.288093
-3.120675	-1.966058	-1.602070	-1.310659	-3.950801	-0.622640	-0.421682	-0.426117	-0.469215	-0.731249	-0.941478	 0.295705
-3.108192	-1.958194	-1.657308	-1.352561	-3.938805	-0.632689	-0.421682	-0.471966	-0.969215	-1.275142	-0.937712	 0.299510
-3.095759	-1.950361	-1.681501	-1.370722	-3.924953	-0.636427	-0.421682	-0.493855	-1.216277	-1.543451	-0.933961	 0.301413
-3.083376	-1.942560	-1.190186	-0.877026	-3.910205	-0.637016	-0.421682	-0.503768	-0.836881	-1.173981	-0.930225	 0.302365
-3.071043	-1.934790	-0.943131	-0.630177	-3.895040	-0.636035	-0.421682	-0.507697	-0.647183	-0.987638	-0.926505	 0.302840
-3.058758	-1.927050	-0.818212	-1.006753	-3.879698	-0.634275	-0.921682	-0.508638	-0.552334	-0.392863	-0.922799	 0.303078
-3.046523	-1.919342	-0.754365	-1.192274	-3.864298	-0.632130	-1.168839	-0.508090	-0.504910	-0.095476	-0.919107	 0.303197
-3.034337	-2.911665	-0.721061	-0.782279	-3.348901	-0.629797	-0.789585	-0.006800	-0.481197	-0.446783	-0.915431	 0.303256
-3.022200	-3.400018	-0.703033	-0.577282	-3.085535	-0.627376	-0.599959	 0.243844	-0.469341	-0.620840	-0.911769	 0.303286
-3.010111	-3.636418	-0.692650	-0.474783	-2.948207	-0.624915	-0.505145	 0.369167	-0.463413	-0.706278	-0.908122	 0.303301
-2.998071	-2.746872	-0.686093	-0.423534	-2.873922	-0.622440	-0.457738	 0.431828	-0.460449	-0.747414	-0.904490	 0.303308
-2.986078	-2.298385	-0.681456	-0.397909	-2.831180	-0.619963	-0.434035	 0.463158	-0.458967	-0.766405	-0.900872	 0.303312
-2.974134	-2.070441	-0.677784	-0.885097	-2.804232	-0.617489	-0.922183	-0.021176	-0.458226	-0.274330	-0.897268	-0.196686
-2.962238	-1.952785	-0.674599	-1.125946	-2.785204	-0.615022	-1.163437	-0.262333	-0.457856	-0.028292	-0.893679	-0.445292
-2.950389	-1.890286	-0.671664	-0.743637	-2.770157	-0.112563	-0.781254	-0.381904	-0.457670	-0.405273	-0.890104	-0.568207
-2.938587	-1.855381	-0.668859	-0.552482	-2.757124	 0.138666	-0.590163	-0.440687	-0.457578	-0.592199	-0.886544	-0.628282
-2.926833	-1.834288	-0.666125	-0.956905	-2.745119	-0.235719	-0.494617	-0.470078	-0.457531	-0.684104	-0.882998	-0.156943
-2.915125	-1.820115	-0.663431	-1.156394	-2.733650	-0.421692	-0.446845	-0.484774	-0.457508	-0.728504	-0.879466	 0.078727
-2.903465	-1.809416	-0.660762	-1.253427	-2.722471	-0.513463	-0.422958	-0.492121	-0.457497	-0.749159	-0.875948	 0.196561
-2.891851	-1.800469	-0.658112	-1.299242	-2.711459	-0.558138	-0.411015	-0.495795	-0.457491	-0.757946	-0.872444	 0.255479
-2.880284	-1.792413	-0.655475	-1.319460	-2.700552	-0.579270	-0.405043	-0.497632	-0.457488	-0.760807	-0.868954	 0.284937
-2.868762	-1.784816	-0.652852	-1.326889	-2.689720	-0.588635	-0.402057	 0.001449	-0.457487	-0.760710	-0.865479	 0.299667
-2.857287	-1.777463	-0.650239	-1.327935	-2.678946	-0.592121	-0.400565	 0.249989	-0.457486	-0.759140	-0.862017	 0.307031
-2.845858	-1.770247	-1.147638	-0.825800	-2.668222	-0.592673	-0.899818	-0.125741	-0.457486	-0.756840	-0.858569	 0.310714
-2.834475	-1.763112	-1.393047	-0.574733	-2.657545	-0.591763	-1.146647	-0.312603	-0.457485	-0.754181	-0.855134	 0.312555
-2.823137	-1.756033	-1.012475	-0.449199	-2.646913	-0.590126	-0.767274	-0.406034	-0.457485	-1.251348	-0.851714	 0.313476
-2.811844	-1.748996	-0.820925	-0.386432	-2.636325	-0.588131	-0.577588	-0.452750	-0.457485	-1.496435	-0.848307	 0.313936
-2.800597	-1.741993	-0.723891	-0.355049	-2.625779	-0.585961	-0.482745	-0.476108	-0.457485	-1.615495	-0.844914	 0.314166
-2.789395	-1.735022	-0.674121	-0.339357	-2.615276	-0.583708	-0.435323	-0.487787	-0.457485	-0.671556	-0.841534	 0.314281
-2.778237	-1.728080	-0.647987	-0.331511	-2.604814	-0.581419	-0.411612	-0.493626	-0.457485	-0.199587	-0.838168	 0.314339
-2.767124	-1.721167	-0.633676	-0.827588	-2.594395	-0.579116	-0.399757	-0.496546	-0.457485	-0.463602	-0.834815	 0.314367
-2.756056	-1.714282	-0.625282	-1.072979	-2.584017	-0.576811	-0.393829	-0.498006	-0.457485	-0.594154	-0.831476	 0.314382
-2.745031	-1.707424	-0.619851	-0.693038	-3.073681	-0.574509	-0.390865	 0.001264	-0.457485	-0.657981	-0.828150	-0.185611
-2.734051	-1.700595	-0.615907	-0.503068	-3.311387	-0.572214	-0.389383	 0.249898	-0.457485	-0.688451	-0.824837	-0.434236
-2.723115	-1.693792	-0.612711	-0.908082	-2.923141	-0.569927	-0.388642	-0.125785	-0.457485	-0.702248	-0.821538	-0.557183
-2.712223	-1.687017	-0.609894	-1.107964	-2.723949	-0.567648	-0.388272	-0.312623	-0.457485	-0.707714	-0.818252	-0.617296
-2.701374	-1.680269	-0.607271	-1.205288	-2.619303	-0.565378	-0.388087	-0.406042	-0.457485	-0.709021	-0.814979	-0.645998
-2.690568	-1.673548	-0.604750	-1.251346	-2.561951	-0.563116	-0.387994	 0.047248	-0.457485	-0.708254	-0.811719	-0.659000
-2.679806	-1.666854	-0.602286	-1.271779	-2.528265	-0.560864	-0.387948	 0.272892	-0.457485	-0.706455	-0.808472	-0.664156
-2.669087	-1.660186	-0.599854	-1.279412	-3.006433	-0.558621	-0.387925	-0.114286	-0.457485	-0.704147	-0.805238	-0.165396
-2.658410	-1.653545	-0.597443	-1.280654	-3.238548	-0.556386	-0.387913	-0.306872	-0.457485	-0.701589	-0.802017	 0.083984
-2.647777	-1.646931	-0.595047	-0.778711	-2.847664	-0.554161	-0.887907	-0.403165	-0.457485	-0.698912	-0.798809	 0.208674
-2.637186	-1.640343	-0.592664	-0.527740	-2.647309	-0.551944	-1.135129	-0.451311	-0.457485	-0.696181	-0.795614	 0.271019
-2.626637	-1.633782	-0.590292	-0.902254	-2.542237	-0.549736	-0.755975	 0.024615	-0.457485	-0.693428	-0.792432	 0.302192
-2.616130	-1.627247	-0.587930	-1.086958	-2.484827	-0.547537	-0.566398	 0.261578	-0.457485	-0.690671	-0.789262	 0.317778
-2.605666	-1.620738	-0.585578	-1.176766	-2.451267	-0.545347	-0.471609	 0.380059	-0.457485	-0.687916	-0.786105	 0.325571
-2.595243	-1.614255	-0.583236	-0.719137	-2.429652	-0.043166	-0.424215	-0.060701	-0.457485	-0.685168	-0.782960	 0.329468
-2.584862	-1.607798	-0.580903	-0.490323	-2.414028	 0.207925	-0.400518	-0.280078	-0.457485	-0.682430	-0.779828	 0.331416
-2.574523	-1.601367	-0.578579	-0.375916	-2.401419	-0.166530	-0.388669	-0.389766	-0.457485	-0.679701	-0.776709	 0.332390
-2.564225	-1.594961	-0.576265	-0.318712	-2.390337	-0.352675	-0.382745	-0.444610	-0.457485	-0.676983	-0.773602	 0.332877
-2.553968	-1.588582	-0.573959	-0.790110	-2.380038	-0.444670	-0.379783	-0.472032	-0.457485	-0.674275	-0.770508	 0.333121
-2.543752	-1.582227	-0.571664	-1.023286	-2.370149	-0.489594	-0.378302	-0.485743	-0.457485	-0.671578	-0.767426	 0.333242
-2.533577	-1.575898	-0.569377	-0.637362	-2.860484	-0.510987	-0.377561	-0.492599	-0.457485	-0.668892	-0.764356	 0.333303
-2.523443	-1.569595	-0.567099	-0.444399	-3.098949	-0.520619	-0.377191	-0.496027	-0.457485	-0.666216	-0.761299	 0.333334
-2.513349	-1.563316	-0.564831	-0.347918	-3.211507	-0.524374	-0.377006	-0.497740	-0.457485	-0.663552	-0.758254	 0.333349
-2.503295	-1.557063	-0.562572	-0.299677	-2.761138	-0.525196	-0.376913	 0.001403	-0.457485	-0.660897	-0.755221	 0.333357
-2.493282	-1.550835	-0.560321	-0.275557	-2.531332	-0.524554	-0.376867	 0.249973	-0.457485	-0.658254	-0.752200	 0.333360
-2.483309	-1.544631	-0.558080	-0.263497	-2.911826	-0.523186	-0.876844	 0.374258	-0.457485	-0.655621	-0.749191	 0.333362
-2.473376	-1.538453	-0.555848	-0.257467	-3.095488	-0.521458	-1.124078	 0.436401	-0.457485	-0.652998	-0.746194	 0.333363
-2.463482	-1.532299	-0.553624	-0.254452	-3.180761	-0.519555	-0.744953	-0.032528	-0.457485	-0.150386	-0.743209	 0.333364
-2.453628	-1.526170	-0.551410	-0.252944	-3.216866	-0.517568	-0.555391	-0.265989	-0.457485	 0.100920	-0.740236	 0.333364
-2.443814	-1.520065	-0.549204	-0.252190	-3.228412	-0.515543	-0.460609	-0.382720	-0.457485	 0.226573	-0.737276	 0.333364
-2.434039	-1.513985	-0.547008	-0.251814	-2.727705	-0.013504	-0.413219	-0.441085	-0.457485	-0.210601	-0.734326	-0.166636
-2.424302	-1.507929	-0.544819	-0.251625	-2.472898	 0.237516	-0.389523	-0.470268	-0.457485	-0.427892	-0.731389	-0.415303
-2.414605	-1.501897	-0.542640	-0.251531	-2.841058	-0.136974	-0.377676	-0.484859	-0.457485	-0.535247	-0.728464	-0.538308
-2.404947	-1.495890	-0.540470	-0.251484	-3.018719	-0.323196	-0.371752	 0.007845	-0.457485	-0.087640	-0.725550	-0.598488
-2.395327	-1.489906	-0.538308	-0.251460	-3.101158	-0.415289	-0.368790	 0.253196	-0.457485	 0.136164	-0.722648	-0.627261
