-3.048280	-3.376395	-0.552593	-0.627119	-0.575013	 0.386127	-0.405600	 0.398297	-0.498599	-0.487859	-0.451231	-0.306756
-3.036087	-3.362890	-0.550376	-0.624610	-1.069050	-0.082484	-0.405594	-0.071183	-0.498599	-0.487859	-0.451231	-0.403106
-3.023942	-3.349438	-0.548172	-0.622112	-1.312942	-0.315688	-0.405591	-0.304841	-0.498599	-0.487859	-0.451231	-0.451282
-3.011847	-3.336040	-0.545978	-0.619623	-0.931774	-0.431191	-0.405590	 0.079406	-0.498599	-0.487859	-0.451231	-0.475369
-2.999799	-3.322696	-0.543793	-0.617145	-0.740089	-0.487850	-0.405589	 0.271530	-0.498599	-0.487859	-0.451231	-0.487413
-2.987800	-3.309405	-0.541618	-0.614676	-0.643150	-0.515090	-0.405589	 0.367592	-0.498599	-0.487859	-0.451231	-0.493435
-2.975849	-3.296168	-0.539451	-1.112217	-0.593588	-0.527626	-0.405588	-0.084377	-0.498599	-0.487859	-0.451231	-0.496446
-2.963946	-3.282983	-0.537293	-1.357769	-0.567718	-0.532813	-0.405588	-0.309289	-0.498599	-0.487859	-0.451231	-0.497951
-2.952090	-3.269851	-0.535144	-0.977337	-0.553700	-0.534331	-0.405588	-0.420676	-0.498599	-0.487859	-0.451231	 0.001296
-2.940281	-3.256772	-0.533003	-0.785928	-0.545612	-0.534018	-0.405588	-0.475306	-0.498599	-0.487859	-0.451231	 0.249918
-2.928520	-3.243745	-0.530871	-0.689034	-0.540492	-0.532794	-0.405588	-0.501561	-0.498599	-0.487859	-0.451231	 0.374230
-2.916806	-3.230770	-0.528748	-0.639403	-0.536862	-0.531119	-0.405588	-0.513633	-0.498599	-0.487859	-0.451231	 0.436385
-2.905139	-3.217846	-0.526633	-0.613408	-0.533980	-0.029223	-0.405588	-0.018617	-0.498599	-0.487859	-0.451231	 0.467463
-2.893518	-3.204975	-0.524526	-0.599236	-0.531477	 0.221725	-0.405588	 0.228891	-0.498599	-0.487859	-0.451231	 0.483002
-2.881944	-3.192155	-0.522428	-0.590979	-0.529168	 0.347200	-0.405588	 0.352644	-0.498599	-0.487859	-0.451231	 0.490772
-2.870417	-3.179387	-0.520339	-0.585686	-0.526959	 0.409937	-0.405588	-0.085479	-0.498599	-0.487859	-0.451231	-0.005344
-2.858935	-3.166669	-0.518257	-0.581878	-0.524806	 0.441305	-0.405588	-0.303493	-0.498599	-0.487859	-0.451231	-0.252398
-2.847499	-3.154002	-0.516184	-0.578818	-0.522684	 0.456989	-0.405588	-0.411457	-0.498599	-0.487859	-0.451231	-0.375926
-2.836109	-3.141386	-0.514119	-0.576137	-0.520581	 0.464832	-0.405588	-0.464400	-0.498599	-0.487859	-0.451231	-0.437690
-2.824765	-3.128821	-0.512063	-0.573649	-1.018493	 0.468753	-0.405588	-0.489837	-0.498599	-0.487859	-0.451231	-0.468571
-2.813466	-3.116306	-0.510015	-0.571263	-1.264416	 0.470713	-0.405588	-0.501525	-0.498599	-0.487859	-0.451231	-0.484012
-2.802212	-3.103840	-0.507975	-0.568932	-1.384357	 0.471693	-0.405588	-0.006343	-0.498599	-0.487859	-0.451231	 0.008267
-2.791003	-3.091425	-0.505943	-0.566634	-1.441319	 0.472184	-0.405588	 0.241249	-0.498599	-0.487859	-0.451231	 0.253406
-2.779839	-3.079059	-0.503919	-0.564356	-1.466804	 0.472429	-0.405588	 0.365044	-0.498599	-0.487859	-0.451231	 0.375975
-2.768720	-3.066743	-0.501903	-0.562092	-0.976561	 0.472551	-0.405588	-0.073058	-0.498599	-0.487859	-0.451231	 0.437260
-2.757645	-3.054476	-0.500895	-0.559841	-0.731440	 0.472612	-0.405588	-0.291087	-0.498599	-0.487859	-0.451231	 0.467902
-2.746614	-3.042258	-0.500392	-1.057600	-1.108879	-0.027357	-0.405588	-0.399083	-0.498599	-0.487859	-0.451231	-0.016777
-2.735628	-3.030089	-0.500140	-1.303369	-1.294626	-0.276287	-0.405588	-0.452067	-0.498599	-0.487859	-0.451231	-0.258113
-2.724685	-3.017969	-0.500014	-0.923156	-0.884539	-0.399702	-0.405588	-0.477549	-0.498599	-0.487859	-0.451231	-0.378781
-2.713786	-3.005897	-0.499951	-0.731963	-0.679496	-0.460363	-0.405588	-0.489284	-0.498599	-0.487859	-0.451231	-0.439115
-2.702931	-2.993873	-0.499919	-0.635285	-0.576974	-0.489651	-0.405588	 0.005851	-0.498599	-0.987859	-0.451231	-0.469283
-2.692120	-2.981898	-0.499903	-0.585869	-0.525713	-0.503257	-0.405588	 0.252416	-0.498599	-1.234883	-0.451231	-0.484366
-2.681351	-2.969970	-0.499896	-0.560088	-0.500082	-0.509027	-0.405588	 0.375699	-0.498599	-1.355431	-0.451231	-0.491908
-2.670626	-2.958090	-0.499892	-0.546128	-0.487267	-0.510882	-0.405588	 0.437340	-0.498599	-0.912753	-0.451231	 0.004321
-2.659943	-2.946258	-0.499890	-0.538085	-0.480860	-0.510784	-0.405588	 0.468161	-0.498599	-0.691415	-0.451231	 0.251435
-2.649303	-2.934473	-0.499889	-0.533003	-0.477656	-0.009714	-0.405588	 0.483571	-0.498599	-0.580745	-0.451231	-0.125008
-2.638706	-2.922735	-0.499888	-0.529406	-0.476054	 0.240821	-0.405588	 0.491276	-0.498599	-0.525410	-0.451231	-0.312227
-2.628151	-2.911044	-0.499888	-0.526556	-0.475253	-0.133911	-0.405588	 0.495129	-0.498599	-0.497743	-0.451231	-0.405837
-2.617639	-2.899400	-0.499888	-0.524083	-0.474853	-0.320260	-0.405588	 0.497055	-0.498599	-0.483909	-0.451231	-0.452641
-2.607168	-2.887802	-0.499888	-0.521804	-0.474652	 0.087579	-0.405588	 0.498018	-0.498599	-0.476993	-0.451231	 0.023956
-2.596739	-2.876251	-0.499888	-0.519625	-0.474552	 0.291498	-0.405588	 0.498500	-0.498599	-0.473534	-0.451231	 0.261254
-2.586353	-2.864746	-0.499888	-0.517501	-0.474502	 0.393458	-0.405588	 0.498741	-0.498599	-0.471805	-0.451231	 0.379903
-2.576007	-2.853287	-0.499888	-0.515408	-0.474477	 0.444438	-0.405588	 0.498861	-0.498599	-0.470940	-0.451231	 0.439227
-2.565703	-2.841874	-0.499888	-0.513335	-0.474465	 0.469928	-0.405588	 0.498921	-0.498599	-0.470508	-0.451231	 0.468890
-2.555440	-2.330506	-0.499888	-0.511276	 0.025542	 0.482673	-0.405588	 0.498952	-0.498599	 0.029708	-0.451231	 0.483721
-2.545219	-2.071184	-0.499888	-0.509228	 0.274494	 0.489045	-0.405588	 0.498967	-0.498599	 0.278756	-0.451231	 0.491136
-2.535038	-1.437900	 0.000112	-0.007189	 0.897923	 0.492231	 0.094412	 0.498974	 0.001401	 0.402225	 0.048769	 0.494844
-2.524898	-1.119648	 0.249112	 0.243830	 1.206595	 0.493824	 0.343223	 0.498978	 0.250398	 0.462908	 0.297671	 0.496698
 0.985202	 2.041081	 0.873612	 0.869339	 1.857900	 0.494621	 0.466444	 0.498980	 0.374896	 0.492202	 0.921029	 0.997625
 2.731261	 3.611041	 1.182866	 1.179104	 2.178534	 0.495019	 0.526876	 0.498981	 0.437146	 0.505806	 1.229619	 1.245091
 9.095336	 9.885660	 2.834508	 2.831009	 3.333853	 0.495218	 1.055917	 0.998981	 0.468270	 1.011569	 1.380838	 1.365839
 12.246455	 12.990648	 3.651357	 3.647996	 3.902534	 0.495318	 1.317268	 1.245983	 0.483833	 1.261416	 1.453383	 1.423240
 13.791219	 14.510951	 4.050845	 4.047559	 4.177932	 0.495368	 1.444786	 1.366499	 0.491614	 1.383317	 1.486604	 1.448979
 20.532929	 18.239040	 4.741689	 4.738447	 3.806725	 0.995393	 1.505400	 1.423782	 0.995504	 1.941257	 2.000175	 1.458899
 23.849235	 20.059150	 5.076245	 5.073032	 3.614250	 1.242414	 1.532575	 1.449462	 1.244451	 2.215229	 2.251933	 1.460922
 29.453057	 22.425447	 5.232702	 5.729509	 4.511169	 1.362946	 1.543043	 1.459351	 1.365937	 2.347236	 2.372804	 1.459007
 32.184854	 23.559012	 5.300152	 6.044976	 4.948812	 1.420245	 1.545170	 1.461358	 1.423706	 2.408282	 2.428253	 1.455136
 35.480919	 24.576409	 5.323142	 6.189988	 4.656861	 1.445940	 1.543139	 1.459434	 1.449627	 2.433866	 2.451010	 1.450297
 37.051398	 25.033920	 5.323945	 6.249824	 4.502156	 1.455844	 1.539042	 1.455557	 1.459636	 2.441739	 2.457440	 1.444987
 38.259393	 25.711693	 5.813697	 6.767123	 4.916108	 1.457864	 1.033923	 1.450715	 1.461702	 2.440776	 2.455728	 1.439453
 38.784456	 25.997800	 6.045966	 7.011204	 5.112424	 1.455954	 0.780306	 1.445403	 1.459807	 2.435415	 2.449964	 1.433818
 38.968369	 26.088286	 6.149544	 7.118733	 5.199965	 1.452092	 0.652444	 1.439866	 1.455944	 2.427874	 2.442193	 1.428144
 38.982021	 26.081171	 6.188826	 7.158046	 5.233160	 1.447264	 1.087464	 1.434229	 1.451108	 2.419263	 2.433439	 1.422462
 38.910855	 26.025466	 6.196012	 7.163307	 5.239225	 1.441965	 1.301929	 1.428554	 1.445798	 2.410137	 2.424213	 1.416788
 33.797593	 24.945674	 5.187198	 5.651601	 5.731767	 1.436442	 1.406128	 1.422870	 1.440262	 2.400771	 2.414770	 1.411128
 31.183593	 24.358046	 4.674434	 4.887468	 5.965589	 1.430819	 1.455208	 1.417194	 1.434624	 2.391306	 2.405237	 1.405488
 27.819454	 23.016691	 4.409729	 4.997154	 6.070101	 1.425157	 1.476739	 1.411533	 1.428947	 2.381809	 2.395680	 1.399867
 26.088474	 22.302663	 4.269086	 5.041784	 6.110008	 1.419487	 1.484508	 1.405891	 1.423262	 2.372316	 2.386129	 1.394269
 24.174269	 21.902472	 4.690508	 5.053926	 6.117662	 1.413824	 1.485408	 1.400269	 1.417585	 2.362844	 2.376600	 1.388692
 23.172646	 21.659372	 4.890995	 5.049865	 6.109238	 1.408177	 1.482885	 1.394669	 1.411922	 2.353402	 2.367102	 1.383138
 22.627493	 21.494989	 4.981056	 5.037743	 6.092825	 1.402548	 1.478663	 1.389091	 1.406278	 2.343992	 2.357637	 1.377605
 21.810752	 21.370136	 5.015944	 5.021631	 6.072465	 1.396940	 1.473603	 1.383535	 1.400655	 2.334618	 2.348209	 1.372095
 21.360393	 21.265219	 5.023286	 5.003563	 6.050181	 1.391353	 1.468136	 1.378001	 1.395053	 2.325281	 2.338817	 1.366607
 20.593393	 21.170440	 5.016896	 4.984559	 6.526983	 0.885788	 1.462477	 1.372489	 1.389474	 2.315980	 2.329462	 1.361140
 20.170241	 21.080900	 5.003680	 4.965125	 6.751377	 0.633005	 1.456734	 1.366999	 1.383916	 2.306717	 2.320145	 1.355696
 20.419170	 20.994147	 4.487091	 4.945517	 6.849622	 1.006614	 1.450961	 1.361531	 1.378380	 2.297490	 2.310864	 1.350273
 20.502299	 20.908955	 4.220855	 4.925862	 6.884849	 1.190658	 1.445183	 1.356085	 1.372867	 2.288300	 2.301621	 1.344872
 20.502692	 20.824712	 4.579828	 4.906221	 6.888622	 1.279931	 1.439416	 1.350660	 1.367376	 2.279147	 2.292414	 1.339492
 20.461883	 20.741109	 4.749437	 4.886628	 6.876724	 1.321829	 1.433665	 1.345258	 1.361906	 2.270030	 2.283245	 1.334134
 20.400636	 20.657993	 4.824404	 4.867097	 6.857045	 1.340050	 1.427934	 1.339877	 1.356458	 2.260950	 2.274112	 1.328798
 19.829334	 20.575285	 4.852088	 4.847637	 6.833531	 1.346444	 1.422224	 1.334517	 1.351033	 2.251907	 2.265015	 1.323483
 19.505167	 20.492946	 4.856171	 4.828250	 6.808154	 1.346936	 1.416536	 1.329179	 1.345629	 2.242899	 2.255955	 1.318189
 19.304721	 20.410955	 4.848492	 4.808939	 6.781900	 1.344487	 1.410870	 1.323862	 1.340246	 2.233927	 2.246931	 1.312916
 19.166290	 20.329302	 4.834970	 4.789704	 6.755262	 1.340578	 1.405227	 1.318567	 1.334885	 2.224992	 2.237944	 1.307664
 19.059018	 20.247980	 4.818567	 4.770546	 6.728485	 1.335950	 1.399606	 1.313293	 1.329545	 2.216092	 2.228992	 1.302434
 18.967479	 20.166986	 4.800761	 4.751464	 6.701694	 1.330974	 1.394007	 1.308039	 1.324227	 2.207227	 2.220076	 1.297224
 18.883958	 20.086317	 4.782292	 4.732458	 6.674948	 1.325833	 1.388431	 1.302807	 1.318930	 2.198398	 2.211196	 1.292035
 18.804596	 20.005971	 4.763530	 4.713528	 6.648279	 1.320622	 1.382878	 1.297596	 1.313655	 2.189605	 2.202351	 1.286867
 18.727465	 19.925947	 4.744659	 4.694674	 6.621701	 1.315385	 1.377346	 1.292406	 1.308400	 2.180846	 2.193541	 1.281719
 18.651599	 19.846243	 4.725772	 4.675896	 6.595222	 1.310147	 1.371837	 1.287236	 1.303166	 2.172123	 2.184767	 1.276593
 18.576514	 19.766858	 4.706915	 4.657192	 6.568845	 1.304918	 1.366349	 1.282087	 1.297954	 2.163434	 2.176028	 1.271486
 18.501969	 19.687790	 4.688110	 4.638563	 6.542571	 1.299704	 1.360884	 1.276959	 1.292762	 2.154781	 2.167324	 1.266400
 18.427841	 19.609039	 4.669369	 4.620009	 6.516402	 1.294508	 1.355441	 1.271851	 1.287591	 2.146162	 2.158655	 1.261335
 18.354070	 19.530603	 4.650698	 4.601529	 6.490337	 1.289331	 1.350019	 1.266763	 1.282441	 2.137577	 2.150020	 1.256289
 18.280624	 19.452480	 4.632098	 4.583123	 6.464376	 1.284175	 1.344619	 1.261696	 1.277311	 2.129027	 2.141420	 1.251264
 18.707487	 19.374670	 4.613571	 4.564790	 6.438518	 1.279038	 1.339240	 1.256650	 1.272202	 2.120511	 2.132854	 1.246259
 18.882649	 19.297172	 4.595117	 4.546531	 6.412764	 1.273922	 1.333883	 1.251623	 1.267113	 2.112028	 2.124323	 1.241274
 18.932115	 19.219983	 4.576737	 4.528345	 6.387113	 1.268827	 1.328548	 1.246617	 1.262044	 2.103580	 2.115826	 1.236309
 18.918885	 19.143103	 4.558430	 4.510232	 4.861565	 1.263751	 1.323234	 1.241630	 1.256996	 2.095166	 2.107362	 1.231364
 18.874458	 19.066531	 4.540197	 4.492191	 4.092119	 1.258696	 1.317941	 1.236664	 1.251968	 2.086785	 2.098933	 1.226438
 19.814585	 20.490265	 4.522036	 4.974222	 5.700750	 1.253662	 1.312669	 1.231717	 1.246960	 2.078438	 2.090537	 1.221533
 20.243139	 21.158304	 4.503948	 5.204325	 6.490447	 1.248647	 1.307418	 1.226790	 1.241972	 2.070124	 2.082175	 1.216646
 23.416072	 23.948670	 4.985932	 5.808508	 7.370735	 0.743652	 1.302188	 1.221883	 1.237005	 2.061844	 2.073846	 1.211780
 24.949361	 25.290376	 5.215988	 6.097774	 7.794377	 0.491155	 1.296980	 1.216995	 1.232057	 2.053597	 2.065551	 1.206933
 26.163040	 25.407964	 5.320124	 6.229633	 7.489762	 1.364907	 1.291792	 1.212127	 1.227128	 2.045382	 2.557289	 1.202105
 26.715126	 25.415707	 5.361344	 6.282839	 7.323085	 1.797305	 1.286625	 1.207279	 1.222220	 2.037201	 2.797060	 1.197297
 26.936635	 25.368732	 5.371149	 6.296770	 7.225433	 2.009045	 1.281478	 1.202450	 1.217331	 2.029052	 2.910871	 1.192507
 24.993073	 23.794601	 5.365289	 5.791115	 6.662351	 1.610473	 1.276352	 1.197640	 1.212462	 2.020936	 2.461728	 1.187737
 23.975193	 22.963094	 5.351640	 5.527716	 6.368612	 1.408763	 1.271247	 1.192849	 1.207612	 2.012852	 2.233131	 1.182986
 16.420338	 15.503078	 2.834140	 2.885488	 3.709593	 0.805494	 0.266162	 0.188078	 0.202781	 0.504801	 1.114823	 0.178254
 12.625180	 11.756983	 1.575390	 1.564374	 2.377982	 0.503860	-0.234903	-0.312674	-0.298030	-0.247219	 0.555670	-0.322459
 6.709941	 7.367915	 0.446015	 0.403817	 1.710084	 0.353043	-0.483963	-0.061424	-0.546838	-0.621230	-0.723907	-0.571169
 3.750732	 5.167422	-0.117306	-0.174948	 1.374050	 0.277634	-0.607027	 0.064202	-0.669650	-0.806245	-1.359689	-0.693884
-1.230456	 0.061242	-0.897605	-0.462823	 0.203958	 0.239930	-0.167099	 0.127014	-0.729472	-1.396770	-1.673589	-0.753609
-3.708626	-2.481758	-1.284399	-0.605260	-0.379157	 0.221078	 0.052865	 0.158421	-0.757804	-1.688058	-1.826563	-0.781844
-4.935338	-3.743208	-1.474453	-0.674982	-0.668789	 0.211652	 0.162847	 0.174124	-0.770398	-1.829743	-1.899092	-0.794342
-6.036370	-4.863924	-2.066152	-1.208354	-1.311688	 0.206939	-0.282162	 0.181975	-0.775129	-1.396643	-1.931413	-0.798977
-6.572611	-5.412313	-2.356685	-1.471557	-1.629229	 0.204582	-0.503212	 0.185901	-0.775934	-1.178166	-1.943646	-0.799687
-6.826514	-6.174586	-1.996657	-1.599689	-1.784106	 0.203404	-0.612289	-0.312136	-0.774784	-1.567008	-1.945851	-0.798442
-6.939304	-6.541849	-1.813370	-1.660299	-1.857666	 0.202815	-0.665384	-0.559534	-0.772661	-1.757517	-1.943057	-0.796224
-7.481595	-7.711662	-1.718467	-1.687162	-1.890584	 0.202520	-0.690495	-0.681619	-0.770059	-1.348876	-1.937779	-0.793528
-7.736693	-8.278805	-1.667768	-1.697166	-1.903196	 0.202373	-0.701619	-0.741054	-0.767223	-1.142674	-1.931276	-0.790598
-7.848258	-8.544685	-1.639184	-1.698753	-2.405670	-0.297701	-0.705756	-0.769171	-0.764276	-1.537701	-1.924174	-0.787557
-7.888121	-8.660004	-1.621671	-1.696146	-2.651091	-0.546142	-0.706405	-0.781635	-0.761280	-1.731349	-1.916789	-0.784468
-7.892197	-8.700113	-1.609706	-1.691456	-2.768008	-0.668774	-0.705315	-0.786279	-0.758265	-1.824323	-1.909278	-0.781361
-7.878442	-8.702687	-1.600528	-1.685737	-2.820697	-0.228507	-0.703361	-0.787019	-0.755247	-1.866975	-1.901719	-0.778251
-7.855835	-8.686563	-1.592757	-1.679517	-2.841295	-0.008373	-0.700982	-0.785813	-0.752234	-1.884482	-1.894151	-0.775145
-7.828865	-8.661161	-1.585701	-1.673061	-2.845870	-0.398306	-1.198395	-0.783641	-0.749229	-1.889431	-1.886594	-0.772049
-7.799777	-8.631188	-1.579016	-1.666500	-2.842457	-0.591696	-1.443710	-0.780992	-0.746234	-1.888117	-1.879057	-0.768962
-7.769691	-8.598999	-2.072528	-1.659899	-2.835072	-0.686821	-1.062989	-0.778111	-0.743250	-1.883687	-1.871546	-0.765887
-7.739169	-8.565771	-2.314153	-1.653292	-2.825724	-0.732820	-0.871264	-0.775120	-0.740277	-1.877713	-1.864062	-0.762824
-7.708491	-8.532092	-1.929853	-1.646695	-2.815417	-0.754261	-1.274043	-0.772080	-0.737317	-1.370982	-1.856607	-0.759773
-7.677796	-8.498255	-1.734612	-1.640117	-2.804654	-0.763431	-1.472078	-0.769022	-0.734367	-1.115889	-1.849181	-0.756734
-7.647154	-8.464408	-1.633913	-1.633560	-2.793684	-0.766470	-1.567756	-0.765961	-0.731430	-0.986620	-1.841785	-0.753707
-7.616600	-8.930624	-1.580497	-1.627028	-2.782634	-0.766451	-1.612268	-0.762905	-0.728504	-0.920271	-1.834418	-0.750693
-7.586151	-9.144938	-1.550735	-1.620521	-2.771566	-0.764909	-1.631210	-0.759857	-0.725590	-0.885389	-1.827080	-0.747690
-7.555815	-8.733376	-2.032812	-1.614040	-2.760511	-0.762611	-1.137381	-0.756820	-0.722688	-1.366247	-1.819772	-0.744699
-7.525597	-8.510952	-2.268821	-1.607584	-2.749484	-0.759941	-0.889180	-0.753793	-0.719797	-1.602982	-1.812493	-0.741720
-7.995496	-8.383163	-1.881815	-1.601153	-2.738494	-0.757092	-0.763797	-0.750779	-0.716918	-1.717670	-1.805243	-0.738753
-8.213515	-8.302757	-1.685323	-1.594749	-2.727544	-0.754159	-0.699829	-0.747776	-0.714050	-1.771349	-1.798022	-0.735798
-7.805662	-8.746110	-1.584099	-1.588370	-2.716636	-0.751189	-0.666573	-0.744785	-0.711194	-1.294538	-1.790830	-0.732855
-7.586940	-8.949407	-1.530522	-1.582016	-2.705770	-0.748209	-0.648678	-0.741806	-0.708349	-1.054498	-1.783667	-0.729924
-7.462842	-9.032750	-1.500779	-1.575688	-2.694948	-0.745228	-0.638469	-0.738838	-0.705516	-0.932848	-1.776532	-0.727004
-7.386116	-8.556190	-1.982966	-1.569386	-2.684168	-0.742253	-0.632108	-0.735883	-0.702694	-0.870401	-1.769426	-0.724096
-7.333134	-8.301750	-2.219129	-1.563108	-2.673431	-0.739287	-0.627676	-0.732940	-0.699883	-0.837562	-1.762348	-0.721200
-7.292082	-8.158436	-2.332299	-1.556856	-2.662738	-0.736331	-0.624214	-0.730008	-0.697084	-0.819533	-1.755299	-0.718315
-7.257055	-8.070749	-2.383994	-1.550628	-2.652087	-0.733386	-0.621241	-0.727088	-0.694295	-0.808915	-1.748278	-0.715442
-7.225097	-8.010939	-1.904970	-1.544426	-2.641479	-0.730453	-0.618518	-0.724179	-0.691518	-1.302010	-1.741285	-0.712580
-7.194732	-7.965132	-1.662606	-1.538248	-2.630913	-0.727532	-0.615925	-0.721283	-0.688752	-1.544967	-1.734319	-0.709730
-7.165220	-7.926389	-2.038583	-1.532095	-2.620389	-0.724622	-1.113402	-0.718398	-0.685997	-1.162870	-1.727382	-0.706891
-7.136193	-7.891243	-2.221743	-1.525967	-2.609907	-0.721723	-1.358919	-0.715524	-0.683253	-0.970260	-1.720473	-0.704063
-7.107465	-7.857957	-2.308513	-1.519863	-2.599468	-0.718836	-1.478468	-0.712662	-0.680520	-0.872399	-1.713591	-0.701247
-7.078944	-7.825665	-2.347108	-1.513783	-2.589070	-0.715961	-1.035047	-0.709811	-0.677798	-0.821920	-1.706736	-0.698442
-7.050582	-7.793933	-2.361633	-1.507728	-2.578714	-0.713097	-0.812153	-0.706972	-0.675087	-0.795137	-1.699909	-0.695648
-7.022357	-7.762542	-2.364144	-1.501697	-2.568399	-0.710245	-0.699528	-1.204144	-0.672386	-0.780209	-1.693110	-1.192866
-6.994256	-7.731384	-2.360666	-1.495691	-2.558125	-0.707404	-0.642041	-1.449328	-0.669697	-0.771215	-1.686337	-1.438094
-6.966273	-7.700405	-1.854213	-1.989708	-2.547893	-0.704574	-0.612129	-1.068530	-0.667018	-0.765193	-1.179592	-1.057342
-6.938406	-7.669576	-1.598290	-2.231749	-2.537701	-0.701756	-0.596008	-0.876756	-0.664350	-0.760664	-0.924874	-0.865612
-6.910650	-7.638885	-1.967645	-2.347822	-2.527550	-0.698949	-0.586788	-0.279499	-0.661693	-0.756887	-1.296174	-0.768400
-6.883007	-7.608322	-2.147648	-2.400931	-2.517440	-0.696153	-0.581023	 0.019129	-0.659046	-0.753492	-1.478489	-0.718451
-6.855475	-7.577886	-1.732994	-1.922577	-2.507370	-0.193368	-0.576990	 0.168444	-0.656410	-0.750295	-1.566325	-0.692140
-6.828053	-7.547573	-1.523030	-1.680512	-2.497341	 0.058024	-0.573827	 0.243101	-0.653784	-0.747202	-1.606935	-0.677653
-6.800740	-7.517381	-1.415422	-1.556602	-2.487352	 0.183720	-0.571105	 0.280429	-0.651169	-0.744167	-1.623945	-0.669083
-6.773537	-7.487311	-1.359003	-1.491782	-2.477402	-0.253432	-0.568607	-0.200906	-0.648564	-1.241168	-1.629168	-0.663477
-6.746443	-7.457362	-1.328188	-1.456518	-2.467492	-0.470627	-0.566225	-0.440210	-0.645970	-1.486191	-1.628511	-0.659358
-6.719457	-7.427532	-1.310186	-1.936043	-2.457623	-0.577848	-0.563907	-0.058502	-0.643386	-1.105241	-1.124926	-0.655988
-6.692580	-7.397822	-1.298600	-2.170975	-2.447792	-0.630089	-0.561625	 0.132351	-0.640812	-0.913317	-0.871891	-0.652998
-6.665809	-7.368231	-1.790233	-1.783629	-2.438001	-0.654845	-0.559365	-0.272222	-0.638249	-0.815912	-1.244136	-0.650203
-6.639146	-7.338758	-2.031486	-1.587163	-2.428249	-0.665863	-0.557121	-0.473155	-0.635696	-0.765773	-1.427026	-0.647510
-6.612589	-7.309403	-1.647567	-1.486149	-2.418536	-0.170019	-0.554889	-0.572273	-0.633153	-1.239272	-1.515251	-0.644875
-6.586139	-7.280165	-1.453080	-1.432872	-2.408862	 0.077903	-0.552668	-0.620490	-0.630621	-1.472596	-1.556156	-0.642272
-6.559795	-7.251045	-1.353320	-1.403474	-2.399226	 0.201864	-0.550456	-0.643260	-0.628098	-1.585846	-1.573415	-0.639692
-6.533555	-6.722040	-1.300932	-1.386027	-1.889629	-0.236155	-0.548254	-0.653314	-0.625586	-1.139073	-1.578863	-0.637127
-6.507421	-6.445152	-1.272242	-1.374566	-1.632071	-0.453817	-0.546061	-0.657014	-0.623084	-0.914302	-1.578418	-0.634576
-6.481391	-6.794372	-1.755409	-1.366110	-1.500543	-0.561304	-0.543876	-0.657542	-0.620591	-0.800537	-1.075040	-0.632036
-6.455466	-6.954694	-1.992516	-1.359166	-1.432040	-0.613711	-0.541701	-0.656490	-0.618109	-0.742281	-0.822208	-0.629507
-6.429644	-7.020625	-1.606610	-1.352990	-1.895062	-0.638581	-0.539534	-0.654653	-0.615636	-0.711785	-1.194653	-0.626989
-6.403925	-7.039418	-1.411215	-1.347208	-2.121857	-0.649690	-0.537376	-0.652429	-0.613174	-0.695175	-1.377741	-0.624481
-6.378310	-7.034698	-1.311087	-1.341634	-2.230557	-0.653923	-0.535226	-0.650017	-0.610721	-0.685512	-1.466164	-0.621983
-6.352796	-7.018278	-1.258600	-1.336175	-2.280229	-0.654723	-0.533085	-0.647516	-0.608278	-0.679330	-1.507266	-0.619495
-6.327385	-6.996064	-1.229945	-1.330784	-2.300405	-0.653812	-0.530953	-0.644975	-0.605845	-0.674892	-1.524720	-0.617017
-6.302076	-6.971009	-1.213215	-1.325438	-2.305851	-0.652050	-0.528829	-0.142420	-0.603422	-0.671332	-1.530363	-0.614549
-6.276867	-6.944590	-1.202456	-1.320125	-2.303952	-0.649869	-0.526714	 0.108858	-0.601008	-0.668217	-1.530112	-0.612090
-6.251760	-6.417544	-1.194694	-1.314839	-2.298398	-0.647483	-1.024607	-0.265503	-0.598604	-1.165329	-1.526927	-0.609642
-6.226753	-6.142240	-1.188439	-1.309576	-2.291036	-0.645000	-1.270509	-0.451404	-0.596210	-1.410560	-1.522287	-0.607204
-6.201846	-6.492854	-1.182947	-1.804337	-1.782787	-0.642473	-0.890427	-0.543080	-0.593825	-1.029864	-1.516932	-0.604775
-6.177039	-6.654475	-1.177846	-2.047119	-1.526114	-0.639930	-0.699365	-0.587648	-0.591450	-0.838217	-1.511231	-0.602356
-6.152330	-6.221652	-1.172950	-1.663930	-1.395238	-0.637384	-1.102817	-0.108668	-0.589084	-1.241101	-1.005370	-0.099946
-6.127721	-5.993664	-1.168166	-1.469774	-1.327272	-0.634841	-1.301531	 0.130822	-0.586727	-1.439255	-0.752439	 0.151259
-6.103210	-5.868138	-1.163447	-1.370145	-1.290770	-0.632305	-1.397887	 0.250567	-0.584381	-1.535057	-0.625973	 0.276861
-6.078797	-5.793890	-1.158770	-1.317789	-1.770011	-0.629777	-1.443077	 0.310440	-0.582043	-1.079697	-1.062741	-0.160338
-6.054482	-5.745327	-1.154124	-1.289080	-2.005132	-0.627259	-1.462696	 0.340376	-0.579715	-0.850768	-1.278125	-0.377742
-6.030264	-6.209651	-1.649502	-1.272205	-2.118213	-0.624750	-0.969540	-0.144656	-0.577396	-0.735059	-0.882831	-0.485254
-6.006143	-6.428466	-1.892901	-1.261257	-2.170290	-0.622252	-0.722962	-0.385913	-0.575086	-0.675967	-0.685183	-0.537825
-5.982119	-6.024579	-1.510328	-1.253282	-2.191884	-0.619763	-0.599673	-0.005286	-0.572786	-0.645186	-0.586360	-0.562929
-5.958190	-5.811394	-1.316786	-1.246804	-2.198254	-0.617284	-0.538029	 0.185027	-0.570495	-0.628568	-0.536948	-0.574305
-5.934357	-6.193605	-1.217768	-1.241085	-2.197030	-0.614815	-0.507207	-0.219817	-0.568213	-0.619034	-0.512242	-0.578822
-5.910620	-6.371558	-1.166022	-1.235754	-2.192026	-0.612355	-0.491796	-0.420989	-0.565940	-0.613048	-0.499889	-0.579913
-5.886977	-6.447436	-1.137920	-1.230628	-2.185151	-0.609906	-0.484090	-0.520331	-0.563676	-0.608842	-0.493713	-0.579297
-5.863430	-5.972329	-1.121650	-1.225614	-2.177356	-0.607466	-0.980237	-0.568763	-0.561422	-0.605529	-0.490624	-0.577832
-5.839976	-5.723780	-1.111304	-1.220666	-2.169120	-0.605036	-1.225358	-0.591744	-0.559176	-0.602668	-0.489080	-0.575946
-5.816616	-6.088556	-1.103929	-1.715760	-1.660680	-0.602616	-0.844978	-0.102005	-0.556939	-1.100038	-0.488308	-0.573856
-5.793349	-6.258037	-1.098048	-1.958886	-1.404155	-0.600206	-0.654787	 0.142864	-0.554711	-1.345528	-0.487922	-0.571667
-5.770176	-5.829922	-1.092924	-2.076044	-1.773598	-0.597805	-0.559692	-0.234701	-0.552493	-0.965091	-0.487729	-0.569433
-5.747095	-5.605061	-1.088186	-2.130237	-1.954033	-0.595414	-0.512145	-0.422260	-0.550283	-0.773703	-0.487633	-0.567182
-5.724107	-5.981871	-1.083650	-1.652965	-1.539982	-0.593032	-0.488371	-0.014819	-0.548082	-0.676845	-0.487584	-0.564927
-5.701211	-6.157558	-1.079224	-1.411977	-1.330704	-0.590660	-0.476484	 0.188901	-0.545889	-0.627256	-0.487560	-0.562674
-5.678406	-6.232735	-1.074861	-1.289142	-1.223822	-0.588297	-0.470541	 0.290761	-0.543706	-0.601306	-0.487548	-0.560426
-5.655692	-5.757708	-1.070539	-1.225391	-1.168148	-0.585944	-0.967569	-0.158308	-0.541531	-0.587180	-0.487542	-0.558186
-5.633069	-5.509629	-1.066245	-1.191193	-1.138085	-0.583600	-1.213154	-0.381629	-0.539365	-0.578971	-0.487539	-0.555954
-5.610537	-5.875066	-1.061974	-1.671779	-1.120838	-0.581266	-0.833029	 0.007921	-0.537207	-0.573725	-0.487538	-0.553731
-5.588095	-6.045304	-1.057724	-1.907768	-1.110007	-0.578941	-0.642966	 0.202696	-0.535058	-0.569965	-0.487537	-0.551516
-5.565742	-5.617992	-1.053491	-1.521475	-1.102394	-0.576625	-0.547935	-0.199917	-0.532918	-0.566953	-0.487536	-0.549310
-5.543480	-5.393954	-1.049277	-1.326058	-1.096397	-0.574319	-0.500419	-0.400018	-0.530786	-0.564319	-0.487536	-0.547113
-5.521306	-5.271596	-1.045079	-1.226088	-1.091218	-0.572021	-0.476662	 0.001132	-0.528663	-0.561878	-0.487536	-0.044925
-5.499220	-5.200118	-1.040899	-1.173851	-1.086457	-0.569733	-0.464783	 0.201707	-0.526549	-0.559539	-0.487536	 0.206170
-5.477224	-5.154122	-1.036735	-1.145489	-1.081913	-0.567454	-0.458843	 0.301994	-0.524442	-0.557255	-0.487536	 0.331717
-5.455315	-5.620907	-1.032588	-1.129074	-1.077486	-0.565185	-0.455874	-0.147862	-0.522345	-0.555003	-0.487536	-0.105510
-5.433493	-5.842125	-1.028458	-1.118641	-1.073126	-0.562924	-0.454389	-0.371595	-0.520255	-0.552772	-0.487536	-0.323037
-5.411759	-5.440607	-1.024344	-1.111208	-1.568809	-0.060672	-0.453646	 0.017729	-0.518174	-0.550555	-0.987536	-0.430720
-5.390112	-5.229770	-1.020246	-1.105284	-1.812521	 0.190454	-0.453275	 0.212392	-0.516102	-0.548350	-1.234561	-0.483485
-5.368552	-5.614313	-1.516165	-1.100124	-1.430265	 0.316017	-0.453089	-0.190277	-0.514037	-1.046155	-0.855110	-0.508795
-5.347078	-5.794587	-1.760101	-1.095353	-1.237041	 0.378798	-0.452997	-0.390426	-0.511981	-1.291970	-0.665385	-0.520381
-5.325689	-5.872775	-1.878060	-1.090787	-1.638341	-0.089811	-0.452950	 0.010681	-0.509933	-0.911802	-0.570522	-0.525111
-5.304387	-5.899966	-1.933048	-1.086331	-1.834912	-0.322999	-0.452927	 0.211234	-0.507893	-0.720654	-0.523091	-0.526416
-5.283169	-5.901708	-1.956566	-1.081940	-1.929134	-0.438480	-0.452915	 0.311511	-0.505862	-0.624021	-0.499375	-0.526013
-5.262036	-5.390772	-1.464365	-1.077589	-1.972199	-0.495113	-0.452910	 0.361649	-0.503838	-0.574650	-0.487517	-0.524760
-5.240988	-5.125544	-1.216320	-1.073267	-1.989701	-0.522326	-0.452907	 0.386719	-0.501823	-0.548914	-0.481588	-0.523087
-5.220024	-4.983209	-1.590361	-1.568968	-1.494437	-0.034834	-0.452905	-0.100747	-0.500815	-0.535000	-0.478624	-0.521207
-5.199144	-4.902360	-1.773452	-1.812690	-1.244807	 0.208913	-0.452904	-0.343303	-0.500312	-0.527000	-0.477142	-0.519229
-5.178348	-5.352293	-1.861085	-1.430437	-1.118002	-0.169214	-0.452904	-0.463410	-0.500060	-0.521963	-0.476401	-0.517205
-5.157634	-5.565655	-1.901004	-1.237215	-1.052616	-0.357183	-0.452904	-0.522296	-0.499934	-0.518410	-0.476030	-0.515163
-5.137004	-5.660778	-1.417082	-1.138516	-1.017949	 0.049923	-0.452904	-0.550576	-0.499871	-0.515604	-0.475845	-0.513115
-5.116456	-5.696827	-1.173254	-1.087086	-0.998649	 0.253476	-0.452904	-0.563559	-0.499839	-0.513175	-0.475752	-0.511070
-5.095990	-5.703386	-1.049482	-1.059300	-0.987041	 0.355253	-0.452904	-0.568897	-0.499823	-0.510940	-0.475706	-0.509029
-5.075606	-5.195246	-0.985744	-1.043344	-0.979285	-0.093859	-0.452904	-0.570418	-0.499816	-0.508804	-0.475683	-0.506994
-5.055303	-4.931802	-0.952031	-1.033312	-0.973465	-0.317329	-0.452904	-0.570034	-0.499812	-0.506723	-0.475671	-0.504967
-5.035082	-4.790743	-0.933338	-1.026249	-0.968619	-0.427983	-0.452904	-0.568703	-0.499810	-0.504673	-0.475665	-0.502948
-5.014942	-4.710914	-0.922162	-1.020679	-0.964269	-0.482232	-0.452904	-0.566903	-0.499809	-0.502643	-0.475662	-0.500936
-4.994882	-4.661737	-0.914752	-1.015864	-0.960174	-0.508284	-0.452904	-0.564873	-0.499808	-1.000627	-0.475661	-0.499930
-4.974903	-4.627924	-0.909233	-1.011434	-0.956214	-0.520241	-0.452904	-0.562732	-0.499808	-1.246622	-0.475660	-0.499427
-4.955003	-5.101829	-0.904665	-1.007205	-0.952330	-0.525155	-0.452904	-0.560540	-0.499808	-0.866634	-0.475660	-0.499176
-4.935183	-5.327630	-0.900581	-1.003085	-0.948491	-0.526552	-0.452904	-0.558328	-0.499808	-0.676640	-0.475660	-0.499050
-4.915442	-5.429424	-0.896747	-0.999027	-0.944682	-0.526195	-0.452904	-0.556109	-0.499808	-0.581643	-0.475660	-0.498987
-4.895781	-5.469258	-0.893043	-0.995008	-0.940896	-0.524964	-0.452904	-0.553892	-0.499808	-0.534144	-0.475660	-0.498956
-4.876197	-5.478157	-0.889413	-0.991016	-0.937128	-0.523302	-0.452904	-0.551680	-0.499808	-0.510395	-0.475660	-0.498940
-4.856693	-5.471632	-0.885826	-0.987046	-0.933378	-0.521427	-0.452904	-0.549475	-0.499808	-0.498520	-0.475660	-0.498932
-4.837266	-5.457440	-0.882268	-0.983095	-0.929644	-0.519451	-0.452904	-0.547279	-0.499808	-0.492583	-0.475660	-0.498928
-4.817917	-4.939457	-0.878732	-0.979162	-1.425925	-0.517427	-0.452904	-0.045090	-0.499808	-0.489614	-0.475660	-0.498926
-4.798645	-4.671623	-0.875214	-0.975244	-1.670221	-0.515385	-0.452904	 0.206004	-0.499808	-0.488130	-0.475660	-0.498925
-4.779451	-4.528898	-0.871711	-1.471343	-1.788540	-0.513337	-0.452904	 0.331552	-0.499808	-0.487388	-0.475660	-0.498925
-4.760333	-4.448763	-0.868223	-1.715457	-1.843885	-0.511291	-0.452904	 0.394325	-0.499808	-0.487017	-0.475660	-0.498925
-4.741291	-4.399959	-0.864750	-1.833595	-1.867760	-0.509249	-0.452904	 0.425712	-0.499808	-0.486831	-0.475660	-0.498925
-4.722326	-4.366854	-1.361291	-1.388761	-1.375914	-0.507214	-0.452904	-0.058595	-0.499808	-0.486739	-0.475660	 0.001075
-4.703437	-4.341634	-1.605845	-1.164456	-1.128223	-0.505186	-0.452904	-0.299662	-0.499808	-0.486692	-0.475660	 0.250073
-4.684623	-4.320392	-1.224422	-1.050423	-1.002616	-0.503165	-0.452904	 0.080886	-0.499808	-0.486669	-0.475660	-0.125428
-4.665885	-4.301172	-1.032024	-0.991534	-0.938059	-0.501153	-0.452904	 0.271159	-0.499808	-0.486657	-0.475660	-0.312176
-4.647221	-4.282998	-0.934146	-0.960224	-0.904033	-0.500147	-0.452904	 0.366296	-0.499808	-0.486652	-0.475660	-0.405551
-4.628632	-4.265382	-0.883534	-0.942711	-0.885280	-0.499644	-0.452904	 0.413865	-0.499808	-0.486649	-0.475660	-0.452238
-4.610118	-4.248078	-0.856563	-0.932104	-0.874171	-0.499392	-0.452904	 0.437649	-0.499808	-0.486647	-0.975660	-0.475582
-4.591677	-4.230964	-0.841418	-0.924958	-0.866890	-0.499266	-0.452904	 0.449541	-0.499808	-0.486647	-1.222708	-0.487253
-4.573311	-4.213980	-0.832193	-0.919549	-1.361530	-0.499203	-0.452904	-0.044513	-0.499808	-0.486646	-0.843293	-0.493089
-4.555017	-4.197094	-0.825934	-0.915017	-1.605138	-0.499172	-0.452904	-0.290463	-0.499808	-0.486646	-0.653585	-0.496007
-4.536797	-4.180290	-0.821166	-0.910929	-1.723244	-0.499156	-0.452904	-0.412365	-0.499808	-0.486646	-0.558732	-0.497466
-4.518650	-4.163562	-0.817149	-0.907072	-1.278615	-0.499148	-0.452904	-0.472247	-0.499808	-0.486646	-1.011305	-0.498196
-4.500575	-4.146904	-0.813514	-0.903337	-1.054632	-0.499144	-0.452904	-0.501124	-0.499808	-0.486646	-1.234664	-0.498560
-4.482573	-4.130314	-0.810077	-0.899670	-1.440980	-0.499142	-0.452904	-0.514503	-0.499808	-0.486646	-0.843427	-0.498743
-4.464643	-4.113792	-0.806745	-0.896045	-1.630499	-0.499141	-0.452904	-0.520136	-0.499808	-0.486646	-0.647809	-0.498834
-4.446784	-4.097336	-0.803472	-0.892447	-1.221618	 0.000859	-0.452904	-0.521901	-0.499808	-0.486646	-0.549999	-0.498880
-4.428997	-4.080947	-0.800235	-0.888871	-1.015552	 0.249858	-0.452904	-0.521737	-0.499808	-0.486646	-0.501095	-0.498902
-4.411281	-4.064623	-0.797023	-0.885312	-0.910900	-0.125643	-0.952904	-0.520611	-0.499808	-0.486646	-0.476643	-0.498914
-4.393636	-4.048364	-0.793829	-0.881769	-0.856962	-0.312391	-1.199998	-0.519009	-0.499808	-0.486646	-0.464416	-0.498919
-4.376061	-4.032171	-0.790651	-0.878241	-0.828387	-0.405765	-1.320651	-0.517174	-0.499808	-0.486646	-0.458303	-0.498922
-4.358557	-4.016042	-0.787487	-0.874728	-1.312499	-0.452452	-0.878095	-0.015225	-0.499808	-0.486646	-0.455247	-0.498924
-4.341123	-3.999978	-0.784336	-0.871229	-1.550963	-0.475796	-0.656817	 0.235749	-0.499808	-0.486646	-0.453719	-0.498924
-4.323758	-3.983978	-0.781198	-0.867744	-1.666615	-0.487468	-0.546178	 0.361236	-0.499808	-0.486646	-0.952954	-0.498925
-4.306463	-3.968042	-0.778073	-0.864273	-1.720877	-0.493303	-0.490858	 0.423980	-0.499808	-0.486646	-1.199668	-0.498925
-4.289238	-4.452170	-1.274961	-0.860815	-1.244458	-0.496221	-0.463198	 0.455352	-0.499808	-0.486646	-0.820132	-0.498925
-4.272081	-4.684361	-1.519861	-0.857372	-1.004712	-0.497680	-0.449368	 0.471037	-0.499808	-0.486646	-0.630364	-0.498925
-4.254992	-4.790624	-1.138782	-0.853943	-0.883309	 0.001590	-0.442454	 0.478880	-0.499808	-0.986646	-0.535480	-0.498925
-4.237972	-4.833961	-0.946727	-0.850527	-0.821084	 0.250224	-0.438996	 0.482802	-0.499808	-1.233673	-0.488038	-0.498925
-4.221020	-4.845875	-0.849190	-0.847125	-0.788454	 0.374540	-0.437267	 0.484763	-0.499808	-1.354224	-0.464317	-0.498925
-4.204136	-4.342117	-0.798918	-0.843736	-0.770627	-0.063301	-0.436403	 0.485743	-0.499808	-0.911551	-0.452457	-0.498925
-4.187320	-4.082561	-0.772285	-0.840361	-0.760208	-0.281220	-0.435971	 0.486233	-0.499808	-0.690214	-0.446526	-0.498925
-4.170571	-3.945137	-1.257477	-0.837000	-0.753499	 0.109821	-0.435755	 0.486478	-0.499808	-0.579546	-0.443561	-0.498925
-4.153888	-3.868809	-1.496588	-0.833652	-0.748651	 0.304340	-0.435647	 0.486601	-0.499808	-0.524212	-0.442079	-0.498925
-4.137273	-3.823061	-1.112672	-0.830317	-1.244739	 0.401599	-0.435593	 0.486662	-0.499808	-0.496544	-0.441337	 0.001075
-4.120724	-3.792632	-0.919256	-0.826996	-1.489302	 0.450229	-0.435566	 0.486693	-0.499808	-0.482711	-0.440967	 0.250073
-4.104241	-3.769893	-0.821097	-1.323688	-1.108115	-0.025456	-0.435552	-0.013292	-0.499808	-0.475794	-0.440781	-0.125428
-4.087824	-3.751029	-0.770571	-1.568393	-0.916068	-0.262297	-0.435545	-0.262258	-0.499808	-0.472336	-0.440689	-0.312177
-4.071472	-3.734133	-0.743868	-1.687120	-0.818596	-0.380717	-0.435542	-0.385718	-0.499808	-0.470607	-0.440642	-0.405551
-4.055187	-3.718250	-0.729082	-1.242871	-0.768418	-0.439927	-0.435540	-0.446430	-0.499808	-0.469742	-0.440619	-0.452239
-4.038966	-3.702904	-0.720261	-1.019150	-0.741893	-0.469532	-0.435539	-0.475772	-0.499808	-0.469310	-0.440608	-0.475582
-4.022810	-3.687856	-0.714427	-0.905698	-0.727199	-0.484335	-0.435539	-0.489432	-0.499808	-0.469093	-0.440602	-0.487254
-4.006719	-3.672987	-0.710093	-0.847388	-0.718428	-0.491736	-0.435539	-0.495256	-0.499808	-0.468985	-0.440599	-0.493090
-3.990692	-3.658235	-0.706515	-0.816655	-1.212622	-0.495436	-0.435539	-0.497166	-0.499808	-0.468931	-0.440597	-0.496008
-3.974729	-3.643573	-0.703320	-0.799716	-1.456306	-0.497287	-0.435539	-0.498121	-0.499808	-0.468904	-0.440597	-0.497467
-3.958830	-3.628984	-1.200322	-0.789681	-1.074748	 0.001788	-0.435539	-0.498599	-0.499808	-0.468891	-0.440596	 0.001804
-3.942995	-3.614461	-1.445428	-0.783105	-0.882583	 0.250324	-0.435539	-0.498838	-0.499808	-0.468884	-0.440596	 0.250437
-3.927223	-3.599999	-1.564600	-0.778263	-0.785119	 0.374592	-0.435539	-0.498957	-0.499808	-0.468881	-0.440596	 0.374753
-3.911514	-3.585597	-1.620819	-0.774296	-1.235012	 0.436726	-0.435539	-0.499017	-0.499808	-0.468879	-0.440596	-0.063088
-3.895868	-3.571254	-1.645574	-0.770771	-1.456589	 0.467793	-0.435539	-0.499046	-0.499808	-0.468878	-0.440596	-0.281007
-3.880284	-4.056968	-1.154611	-0.767474	-1.564021	-0.016674	-0.435539	 0.000939	-0.499808	-0.468878	-0.440596	-0.389967
-3.864763	-4.290740	-0.907802	-0.764298	-1.614394	-0.257905	-0.435539	 0.249929	-0.499808	-0.468878	-0.440596	-0.444447
-3.849304	-3.898577	-0.783076	-1.261187	-1.136251	 0.121480	-0.435539	 0.374425	-0.499808	-0.468877	-0.440596	-0.471686
-3.833907	-3.695483	-0.719396	-1.506116	-0.895863	 0.310170	-0.435539	 0.436672	-0.499808	-0.468877	-0.440596	-0.485306
-3.818571	-3.586951	-0.686244	-1.125078	-0.774358	-0.095485	-0.435539	-0.032204	-0.499808	-0.468877	-0.440596	-0.492116
-3.803297	-3.525728	-0.668363	-0.933071	-0.712300	-0.297310	-0.435539	-0.265640	-0.499808	-0.468877	-0.440596	-0.495521
-3.788084	-3.488188	-0.658121	-0.835585	-0.679971	-0.398222	-0.435539	-0.382358	-0.499808	-0.468877	-0.440596	-0.497224
-3.772932	-3.462516	-1.151704	-0.785366	-0.662511	 0.051321	-0.435539	-0.440717	-0.499808	-0.468877	-0.440596	-0.498075
-3.757840	-3.442807	-1.395205	-0.758786	-0.652490	 0.275092	-0.435539	-0.469896	-0.499808	-0.468877	-0.440596	-0.498501
-3.742809	-3.426106	-1.513678	-0.744032	-0.646195	-0.113023	-0.435539	 0.015514	-0.499808	-0.468877	-0.440596	-0.498713
-3.727837	-3.410937	-1.569650	-0.735196	-0.641768	-0.306079	-0.435539	 0.257217	-0.499808	-0.468877	-0.440596	-0.498820
-3.712926	-3.396560	-1.094385	-0.729326	-1.138280	-0.402606	-0.435539	-0.121931	-0.499808	-0.468877	-0.440596	-0.498873
-3.698074	-3.382608	-0.855515	-0.724944	-1.383266	-0.450870	-0.435539	-0.310503	-0.499808	-0.468877	-0.440596	-0.498900
-3.683282	-3.368894	-0.734846	-0.721311	-1.002503	-0.475002	-0.435539	 0.095211	-0.499808	-0.468877	-0.440596	-0.498913
-3.668549	-3.355327	-0.673283	-0.718060	-0.810877	-0.487068	-0.435539	 0.297066	-0.499808	-0.468877	-0.440596	-0.498920
-3.653875	-3.341860	-0.641278	-0.715005	-0.713826	-0.493101	-0.435539	 0.397994	-0.499808	-0.468877	-0.440596	-0.498923
-3.639259	-3.328470	-0.624057	-0.712053	-0.664067	 0.003883	-0.435539	-0.051543	-0.499808	-0.468877	-0.440596	-0.498925
-3.624702	-3.315145	-0.614233	-0.709159	-0.637959	 0.251373	-0.435539	-0.275308	-0.499808	-0.468877	-0.440596	-0.498925
-3.610203	-3.301878	-0.608112	-0.706300	-0.623681	-0.124882	-0.435539	-0.387191	-0.499808	-0.468877	-0.440596	 0.001074
-3.595762	-3.288668	-0.603848	-0.703463	-0.615324	-0.312007	-0.435539	-0.443133	-0.499808	-0.468877	-0.440596	 0.250072
-3.581379	-3.275512	-1.100517	-0.700643	-0.609931	-0.405570	-0.935539	-0.471104	-0.499808	-0.468877	-0.440596	 0.374571
-3.567054	-3.262409	-1.345657	-0.697838	-0.606025	-0.452351	-1.182667	-0.485089	-0.499808	-0.468877	-0.440596	 0.436820
-3.552786	-3.249359	-0.965045	-1.195045	-0.602868	 0.024258	-0.803372	-0.492082	-0.499808	-0.468877	-0.440596	-0.032055
-3.538575	-3.236361	-0.773570	-1.440264	-0.600091	 0.261561	-0.613725	-0.495578	-0.499808	-0.468877	-0.440596	-0.265491
-3.524420	-3.223416	-0.676669	-1.559503	-0.597507	 0.380212	-0.518901	-0.497326	-0.499808	-0.468877	-0.440596	-0.382209
-3.510323	-3.210522	-0.627058	-1.615765	-0.595025	-0.060462	-0.471489	 0.001800	-0.499808	-0.468877	-0.440596	-0.440568
-3.496281	-3.197680	-0.601098	-1.640551	-0.592599	-0.279797	-0.447783	 0.250361	-0.499808	-0.468877	-0.440596	-0.469747
-3.482296	-3.184889	-0.586968	-1.649614	-1.090206	-0.389464	-0.435930	 0.374641	-0.499808	-0.468877	-0.440596	 0.015663
-3.468367	-3.172150	-0.578757	-1.650828	-1.335834	-0.444298	-0.430004	 0.436782	-0.499808	-0.468877	-0.440596	 0.257366
-3.454493	-3.159461	-0.573511	-1.148131	-0.955485	-0.471715	-0.927040	 0.467852	-0.499808	-0.468877	-0.440596	-0.121783
-3.440676	-3.146823	-0.569751	-0.895492	-0.764160	-0.485423	-1.172711	 0.483387	-0.499808	-0.468877	-0.440596	-0.310355
-3.426913	-3.134236	-1.066739	-0.767886	-0.667352	-0.492277	-0.792709	-0.008846	-0.499808	-0.468877	-0.440596	-0.404641
-3.413205	-3.121699	-1.312106	-0.702803	-0.617807	-0.495704	-0.602708	-0.253960	-0.499808	-0.468877	-0.440596	-0.451784
-3.399552	-3.109212	-1.431674	-0.668986	-0.591898	-0.497418	-0.507708	-0.376517	-0.499808	-0.468877	-0.440596	-0.475356
-3.385954	-3.096775	-0.988356	-0.650807	-0.577811	-0.498275	-0.460208	 0.062205	-0.499808	-0.468877	-0.440596	-0.487142
-3.372410	-3.084388	-0.765606	-0.640452	-0.569640	-0.498703	-0.436458	 0.280564	-0.499808	-0.468877	-0.440596	-0.493035
-3.358921	-3.072051	-0.653146	-0.634015	-0.564432	-0.498917	-0.424582	-0.110257	-0.499808	-0.468877	-0.440596	 0.004019
