-2.085636	-2.116719	-0.558251	-0.895616	-3.856755	-0.940120	-2.773936	-0.618936	-0.486093	-1.606715	-1.500570	-0.122341
-2.077293	-2.108252	-0.556018	-1.142363	-3.841328	-0.939777	-2.762840	-0.663253	-0.486093	-1.599921	-1.494567	-0.075078
-2.068984	-2.099819	-0.553794	-1.262958	-3.825963	-0.937726	-2.751789	-0.683996	-0.486093	-1.593338	-1.488589	-0.051446
-2.060708	-2.091420	-0.551578	-0.820489	-3.810659	-0.934830	-2.740781	-0.692958	-0.486093	-1.586873	-1.482635	-0.039630
-2.052465	-2.083054	-0.549372	-0.599254	-3.795417	-0.931517	-2.729818	-0.696035	-0.486093	-1.580480	-1.476704	-0.033722
-2.044255	-2.074722	-0.547175	-0.488637	-3.780235	-0.928005	-2.718899	-0.196175	-0.486093	-1.574135	-1.470797	-0.030768
-2.036078	-2.066423	-0.544986	-0.433328	-3.765114	-0.924400	-2.708023	 0.053755	-0.486093	-1.567827	-1.464914	-0.029292
-2.027934	-2.058157	-0.542806	-0.905674	-3.750054	-0.920755	-2.697191	-0.321281	-0.486093	-1.561550	-1.459054	-0.028553
-2.019822	-2.049925	-0.540635	-1.139090	-3.735053	-0.917099	-2.686403	-0.507405	-0.486093	-1.555301	-1.453218	-0.028184
-2.011743	-2.041725	-0.538472	-0.753054	-3.720113	-0.913444	-2.675657	-0.099081	-0.486093	-1.549078	-1.447405	-0.027999
-2.003696	-2.033558	-0.536318	-0.560035	-3.705233	-0.909797	-2.664954	 0.105081	-0.486093	-1.542881	-1.441616	-0.027907
-1.995681	-2.025424	-0.534173	-0.463526	-3.690412	-0.906161	-2.654294	 0.207163	-0.486093	-1.536709	-1.435849	-0.027861
-1.987698	-2.017322	-0.532036	-0.915272	-3.675650	-0.402538	-2.643677	-0.241797	-0.486093	-1.530562	-1.430106	-0.027838
-1.979748	-2.009253	-0.529908	-1.138410	-3.660947	-0.150727	-2.633103	-0.464895	-0.486093	-1.524440	-1.424385	-0.027826
-1.971829	-2.001216	-0.527789	-1.247257	-3.646304	-0.524821	-2.622570	-0.575068	-0.486093	-1.518342	-1.418688	-0.527820
-1.963941	-1.993211	-0.525677	-1.298968	-3.631718	-0.710070	-2.612080	-0.628784	-0.486093	-1.512269	-1.413013	-0.775762
-1.956086	-1.985238	-0.523575	-0.822122	-3.617192	-0.800904	-2.601632	-0.654277	-0.486093	-2.006220	-1.407361	-0.397685
-1.948261	-1.977297	-0.521480	-0.583699	-3.602723	-0.844538	-2.591225	-0.665664	-0.486093	-2.248195	-1.401732	-0.208647
-1.940468	-1.969388	-0.519394	-0.464487	-3.588312	-0.864578	-2.580860	-0.670004	-0.486093	-1.864202	-1.396125	-0.114128
-1.932706	-1.961510	-0.517317	-0.404881	-3.573959	-0.872829	-2.570537	-0.670825	-0.486093	-1.669245	-1.390540	-0.066868
-1.924975	-1.953664	-0.515248	-0.375079	-3.559663	-0.875193	-2.560255	-0.669892	-0.486093	-1.568818	-1.384978	-0.043238
-1.917276	-1.945850	-0.513187	-0.860177	-3.545424	-0.874619	-2.550014	-0.668088	-0.486093	-1.515668	-1.379438	-0.031423
-1.909606	-1.938066	-0.511134	-1.100036	-3.531243	-0.872584	-2.539813	-0.665853	-0.486093	-1.486168	-1.373920	-0.025516
-1.901968	-1.930314	-0.509089	-0.717286	-3.517118	-0.869826	-2.529654	-0.663408	-0.486093	-1.468504	-1.368425	-0.022562
-1.894360	-1.922593	-0.507053	-0.525910	-3.503049	-0.866712	-2.519536	-0.660864	-0.486093	-1.456771	-1.362951	-0.021085
-1.886783	-1.914902	-0.505025	-0.930223	-3.489037	-0.863428	-2.509457	-0.158275	-0.486093	-1.448014	-1.357499	-0.020347
-1.879236	-1.907243	-0.503005	-1.129710	-3.475081	-0.860066	-2.499420	 0.093019	-0.486093	-1.440757	-1.352069	-0.019978
-1.871719	-1.899614	-0.500993	-1.226795	-3.461180	-0.856672	-2.489422	-0.281334	-0.486093	-1.934262	-1.346661	-0.519793
-1.864232	-1.892015	-0.499987	-1.272690	-3.447336	-0.853268	-2.479464	-0.467199	-0.486093	-2.176159	-1.341274	-0.767662
-1.856775	-1.884447	-0.499484	-1.293000	-3.433546	-0.849866	-2.469546	-0.558825	-0.486093	-2.292271	-1.335909	-0.889565
-1.849348	-1.876910	-0.499232	-1.300529	-3.419812	-0.846472	-2.459668	-0.603337	-0.486093	-2.345510	-1.330566	-0.948493
-1.841950	-1.869402	-0.499106	-1.301677	-3.406133	-0.843089	-2.449830	-0.624298	-0.486093	-1.867332	-1.325243	-0.475943
-1.834583	-1.861924	-0.499044	-1.299645	-3.392508	-0.839719	-2.440030	-0.133488	-0.486093	-1.625465	-1.319942	-0.239668
-1.827244	-1.854477	-0.499012	-1.296034	-3.378938	-0.836360	-2.430270	 0.111918	-0.486093	-1.501764	-1.314663	-0.121530
-1.819935	-1.847059	-0.498996	-0.791644	-3.365423	-0.833015	-2.420549	 0.234620	-0.486093	-1.437158	-1.309404	-0.062461
-1.812656	-1.839670	-0.498989	-0.539449	-3.351961	-0.829683	-2.410867	 0.295971	-0.486093	-1.402109	-1.304166	-0.032927
-1.805405	-1.832312	-0.498985	-0.413351	-3.338553	-0.826365	-2.401223	-0.173353	-0.486093	-1.381851	-1.298950	-0.018160
-1.798183	-1.824983	-0.498983	-0.350302	-3.325199	-0.823059	-2.391618	-0.406730	-0.486093	-1.368999	-1.293754	-0.010776
-1.790991	-1.817683	-0.498982	-0.318778	-3.311898	-0.819767	-2.382052	-0.522138	-0.486093	-1.359860	-1.288579	-0.007084
-1.783827	-1.810412	-0.498981	-0.303016	-3.298650	-0.816488	-2.372524	-0.078567	-0.486093	-1.352590	-1.283424	-0.005238
-1.776691	-1.803170	-0.498981	-0.295134	-3.285456	-0.813222	-2.363034	 0.143219	-0.486093	-1.346264	-1.278291	-0.004315
-1.769584	-1.795958	-0.498981	-0.291194	-3.272314	-0.309969	-2.353582	 0.254111	 0.013907	-1.340421	-1.273178	-0.503854
-1.762506	-1.788774	-0.498981	-0.289224	-3.259225	-0.058343	-2.344167	 0.309558	 0.262879	-1.334830	-1.268085	-0.751616
-1.755456	-1.781619	-0.498981	-0.288239	-3.246188	 0.067470	-1.834791	 0.337281	-0.113659	-1.329377	-1.263013	-0.373499
-1.748434	-1.774492	-0.498981	-0.287746	-3.233203	 0.130377	-1.577451	 0.351142	-0.301928	-1.324002	-1.257961	-0.184440
-1.741441	-1.267394	-0.998981	-0.787500	-2.720270	 0.161830	-1.446142	 0.358073	-0.396062	-0.818677	-1.252929	-0.089911
-1.734475	-1.012325	-1.245983	-1.034802	-2.459389	 0.177557	-1.377857	 0.361539	-0.443129	-0.566015	-1.247917	-0.042646
-1.727537	-0.883275	-1.366498	-1.155889	-2.324552	 0.185420	-1.341096	 0.363271	-0.466663	-0.439684	-1.242925	-0.019014
-1.720627	-0.817242	-0.923781	-0.213879	-1.752753	 0.189352	-0.320106	 0.864138	 0.021570	 0.123482	-0.737954	 0.492803
-1.713744	-0.782723	-0.702423	 0.255670	-1.464492	 0.191318	 0.188987	 1.111841	 0.264667	 0.403691	-0.485468	 0.746701
-0.706889	 1.236033	 0.408256	 0.988995	 2.181991	 1.192301	 3.942137	 1.732973	 0.885200	 5.042428	 0.640775	 0.871650
-0.203462	 2.238901	 0.960558	 1.352212	 3.993575	 1.688406	 5.803322	 2.038831	 1.192455	 7.342434	 1.200363	 0.932131
 1.048252	 7.233852	 1.233683	 1.530390	 6.387757	 1.932089	 7.218585	 2.187071	 0.343083	 11.973153	 1.976636	 0.460386
 1.669509	 9.706869	 1.367232	 1.616062	 7.567284	 2.049579	 7.908949	 2.256520	-0.080590	 14.255304	 2.359267	 0.224513
 3.975556	 15.919019	 0.931005	 1.655494	 11.639554	 2.103990	 9.736932	 2.286593	-0.791418	 18.863305	 2.545099	-0.893423
 5.116016	 18.980831	 0.712891	 1.671820	 13.644265	 2.126879	 10.627794	 2.296996	-1.143828	 21.120363	 2.632553	-1.448368
 6.673733	 23.967652	 0.603835	 1.176607	 16.615323	 3.134024	 16.550188	 2.297583	-1.317040	 22.202137	 2.670840	-1.721834
 7.436129	 26.403153	 0.549306	 0.927638	 18.061679	 3.629314	 19.466439	 4.293280	 1.099334	 32.696456	 6.684565	 0.145423
 7.800930	 27.563226	 0.522042	 0.801796	 18.745841	 3.868710	 20.879800	 5.278550	 2.300490	 37.922366	 8.670032	 1.075027
 10.966999	 37.085817	 1.008410	 3.737523	 27.549062	 5.480191	 22.041894	 5.758658	 2.394065	 41.014157	 11.641454	 3.035819
 12.521767	 41.823655	 1.248604	 5.192040	 31.877968	 6.271749	 22.576533	 5.986234	 2.435877	 42.536595	 13.097939	 4.006222
 16.270998	 48.169210	 3.365724	 6.406005	 34.970007	 7.153401	 23.797630	 5.587595	 2.451827	 45.274451	 15.297073	 4.481470
 18.105573	 51.315119	 4.413318	 6.997748	 36.439903	 7.578157	 24.358141	 5.377897	 2.454867	 46.616509	 16.361647	 4.709181
 19.482980	 54.361311	 4.926193	 7.278441	 38.099031	 7.274529	 25.088559	 5.262712	 2.451471	 46.760776	 15.359082	 2.813163
 20.129963	 55.858551	 5.171753	 7.403668	 38.849079	 7.108773	 25.402130	 5.194824	 2.444877	 46.807055	 14.829086	 1.863319
 20.411901	 56.081420	 5.283698	 7.451225	 39.144904	 7.012009	 25.507484	 5.650626	 2.436703	 46.804442	 15.535490	 3.386571
 20.511482	 56.165806	 5.328879	 7.460005	 39.213936	 6.949797	 25.508936	 5.866315	 2.427759	 46.776087	 15.856208	 4.138377
 20.520050	 56.181058	 5.340722	 7.449458	 39.169885	 6.904916	 25.458641	 5.961995	 2.418450	 46.734969	 15.984214	 4.504499
 20.483277	 56.161851	 5.335938	 7.429306	 39.069609	 6.868755	 25.382677	 5.997720	 2.408977	 46.687577	 16.015992	 4.677819
 20.423998	 56.125522	 5.322883	 7.404412	 38.441532	 7.337009	 25.294081	 6.003515	 2.399441	 46.637156	 15.999785	 4.754777
 20.353629	 56.080739	 5.305737	 7.377206	 38.051866	 7.555526	 25.199372	 5.994394	 2.389894	 46.585326	 16.459715	 4.783592
 20.277877	 56.031636	 5.286586	 7.348903	 37.781709	 7.649236	 25.101809	 5.977863	 2.380359	 46.532700	 16.655841	 4.788375
 20.199598	 55.980479	 5.266476	 7.320111	 37.571607	 7.680605	 25.003018	 5.957675	 2.370850	 46.479781	 16.220199	 4.281180
 20.120215	 55.928801	 5.245928	 7.291132	 37.391833	 7.680866	 24.903815	 5.935706	 2.361373	 46.427223	 15.970810	 4.020035
 20.040442	 55.876968	 5.225203	 7.262118	 37.227522	 7.665634	 24.804604	 5.912894	 2.351931	 46.374950	 15.814672	 4.381945
 19.960634	 55.824961	 5.204432	 7.233145	 37.071240	 7.642717	 24.705587	 5.889708	 2.342525	 46.322722	 15.705286	 4.553412
 19.880969	 55.772972	 5.183679	 7.204250	 36.919270	 7.616019	 24.606866	 5.866382	 2.333155	 46.270623	 15.619401	 4.629695
 19.801533	 55.721095	 5.662977	 7.175452	 36.769750	 7.587492	 24.508489	 5.843032	 2.323823	 46.218691	 15.545392	 3.658425
 19.722372	 55.669578	 5.890341	 7.146759	 36.621749	 7.558110	 24.410480	 5.819718	 2.314528	 46.167146	 15.477444	 3.167416
 19.643504	 55.618343	 5.991788	 7.118177	 36.474801	 7.028362	 24.312851	 5.296469	 2.305270	 46.115898	 15.912652	 3.416558
 19.564941	 55.567351	 6.030325	 7.089706	 36.328672	 6.750490	 24.215606	 5.025297	 2.296049	 46.064899	 16.097560	 3.533798
 19.486687	 55.516582	 5.537455	 7.061349	 36.183242	 6.598609	 23.618747	 4.880203	 2.286865	 46.014127	 16.157449	 4.085116
 19.408743	 55.466226	 5.280932	 7.033104	 36.038451	 6.509775	 23.274273	 4.798186	 2.277717	 45.963769	 16.154958	 4.351502
 19.331109	 55.416176	 5.142621	 7.004972	 35.894269	 6.452517	 23.056177	 5.247745	 2.268607	 45.413718	 15.121408	 2.475459
 19.253786	 55.367379	 5.063457	 6.976952	 35.750677	 6.411097	 22.901453	 5.461130	 2.259532	 45.114920	 14.576458	 1.536239
 19.176771	 55.319303	 5.013906	 6.949044	 35.607667	 6.377647	 22.778597	 5.556474	 2.250494	 44.941844	 14.275919	 1.065435
 18.600064	 55.271682	 4.979202	 6.921248	 35.465233	 6.348234	 22.671858	 5.092842	 2.241492	 44.831723	 13.597699	 0.828844
 18.275664	 55.224983	 4.951961	 6.893563	 35.323370	 6.320890	 22.573358	 4.851767	 2.232526	 44.753774	 13.232750	 0.709364
 18.577561	 54.678837	 4.928491	 6.865989	 35.182076	 6.794631	 22.979158	 5.222009	 2.223596	 44.692003	 13.024540	 0.648444
 18.690751	 54.382259	 4.906946	 6.838525	 35.041347	 7.016965	 23.135288	 5.395945	 2.214702	 44.637612	 12.894803	 0.616809
 18.209738	 54.210558	 5.386403	 6.811171	 34.901182	 6.613653	 22.666771	 4.971773	 2.205843	 44.587005	 12.804404	 1.099821
 17.933774	 54.101790	 5.614400	 6.783926	 34.761577	 6.399576	 22.388115	 4.750592	 2.197019	 44.538784	 12.733776	 1.338161
 18.260476	 54.024579	 5.716713	 6.756791	 34.622530	 6.780167	 22.704569	 4.630943	 2.188231	 44.491847	 12.673136	 0.954179
 18.386653	 53.962839	 5.756232	 6.729763	 34.484040	 6.956141	 22.816753	 4.562096	 2.179478	 44.445243	 12.617591	 0.761047
 18.412716	 53.908927	 5.764400	 6.702844	 34.346104	 7.029863	 22.826988	 4.518686	 2.170760	 44.398899	 12.564695	 0.663345
 18.388870	 54.359020	 5.756939	 6.676033	 34.208720	 6.552518	 22.286431	 4.488030	 2.162077	 44.352777	 12.513223	 0.613363
 18.340217	 54.561609	 5.741709	 6.649329	 34.071885	 6.301694	 21.972660	 4.463787	 2.153429	 44.307257	 12.462563	 0.587245
 18.279307	 54.640534	 5.722641	 6.622732	 33.935597	 6.164181	 22.272457	 4.442787	 1.644815	 44.262129	 12.412410	 0.573064
 18.212415	 54.657718	 5.701700	 6.596241	 33.799855	 6.083371	 22.377211	 4.423443	 1.388236	 44.217286	 12.362608	 0.564856
 18.142678	 53.644120	 5.179868	 6.569856	 33.664655	 6.030961	 18.384624	 2.904963	-0.742317	 34.172674	 6.813082	-0.940362
 18.071664	 53.118296	 4.909636	 6.543576	 33.529997	 5.992799	 16.359547	 2.142950	-1.801848	 29.102112	 4.035792	-1.688080
 18.000156	 52.836436	 4.765241	 6.517402	 33.395877	 5.961808	 15.318339	 1.759182	-2.325890	 26.518768	 2.644630	-2.057067
 11.428544	 40.176634	 2.183802	 2.991332	 22.762293	 3.434452	 11.269181	 1.064547	-2.082212	 22.679225	 1.446542	-1.736708
 8.133025	 33.791699	 0.893083	 1.229367	 17.421244	 2.168959	 9.230162	 0.717229	-1.956695	 20.721775	 0.847498	-1.573696
 5.975590	 26.544418	 0.247723	 0.349450	 12.226559	 1.534406	 6.696270	 0.543571	-1.390275	 15.705521	 0.047976	-0.489369
 4.889236	 22.882183	-0.074957	-0.089448	 9.615153	 1.215329	 5.420999	 0.456741	-1.105417	 13.176015	-0.350282	 0.051605
 2.838453	 17.012626	-0.236297	-0.307840	 5.295442	 1.053999	 3.775073	 0.913327	-0.461347	 8.889969	-0.547914	 0.320907
 1.811487	 14.055561	-0.316967	-0.415984	 3.133635	 0.971548	 2.947851	 1.138879	-0.139312	 6.737738	-0.645239	 0.454377
-0.703566	 6.054832	-0.857302	-0.969008	-1.949212	-0.071455	-0.970001	-0.251073	-0.478294	 1.652452	-2.192416	 0.019937
-1.954655	 2.058359	-1.124674	-1.242475	-4.476571	-0.590728	-2.919151	-0.942767	-0.646151	-0.883325	-2.958526	-0.197284
-3.073788	-0.936001	-1.255576	-1.376177	-7.226243	-0.848145	-4.383990	-1.285345	-1.228451	-3.144376	-3.334131	-0.805894
-3.624968	-2.425321	-1.318254	-1.440009	-8.581127	-0.974642	-5.104712	-1.453379	-1.515980	-4.264090	-3.514514	-1.107370
-3.892206	-3.162151	-1.346831	-1.468916	-9.238697	-1.035688	-5.453422	-1.534152	-1.656137	-4.813180	-3.597316	-1.255290
-4.517506	-4.022768	-1.358369	-1.980375	-9.547689	-1.064018	-6.116172	-1.571309	-1.722623	-5.077000	-3.631357	-1.326444
-4.819871	-4.443310	-1.361398	-2.231120	-9.682472	-1.075998	-6.433990	-1.586671	-1.752288	-5.198229	-3.641046	-1.359226
-4.960809	-4.643853	-1.360184	-1.851529	-10.230229	-1.579812	-6.579395	-1.591148	-1.763556	-5.248204	-3.638590	-1.372832
-5.021074	-4.734436	-1.356859	-1.658790	-10.482552	-1.827552	-6.638648	-1.590195	-1.765641	-5.262595	-3.630089	-1.376863
-5.041044	-4.770078	-1.352489	-1.559488	-10.587243	-1.447271	-6.654879	-1.586540	-1.763148	-5.759237	-3.618596	-1.376116
-5.040907	-4.778287	-1.347608	-1.506917	-10.618205	-1.254997	-6.649652	-1.581547	-1.758380	-5.995046	-3.605635	-1.372992
-5.030757	-5.272818	-1.342482	-1.977723	-10.612388	-1.656734	-6.633749	-1.575897	-1.752489	-5.600489	-4.091969	-1.368691
-5.015641	-5.508550	-1.337244	-2.208228	-10.588266	-1.853486	-6.612563	-1.569932	-1.746050	-5.392799	-4.325979	-1.363811
-4.998081	-5.614927	-1.331962	-2.318604	-10.555077	-1.947761	-6.588786	-1.563821	-1.739351	-5.278583	-4.433865	-1.358653
-4.979341	-5.656672	-1.326667	-2.368934	-10.517438	-1.990815	-6.563768	-2.057650	-1.732537	-5.211147	-4.478724	-1.353368
-4.960049	-5.666149	-1.321377	-2.389260	-10.477659	-2.008274	-6.538182	-2.299462	-1.725678	-5.167141	-4.492106	-1.348028
-4.940522	-5.659535	-1.316099	-2.394604	-10.436894	-2.012952	-6.512363	-1.915285	-1.718811	-5.134892	-4.489786	-1.342674
-4.920916	-5.644923	-1.310839	-2.392476	-10.395720	-2.011256	-6.486481	-1.720135	-1.711954	-5.108562	-4.479651	-1.337321
-4.901311	-5.626356	-1.305598	-2.386631	-10.354423	-2.006389	-6.460619	-2.119509	-1.705115	-5.085233	-3.965645	-1.331981
-4.881745	-5.605857	-1.300376	-2.378947	-10.313148	-1.999952	-6.434818	-2.314159	-1.698299	-5.063444	-3.701739	-1.326658
-4.862237	-5.584437	-2.295175	-2.370363	-10.271967	-1.992747	-6.409100	-1.906466	-1.691508	-5.042467	-4.062910	-1.321354
-4.842798	-5.562601	-2.785995	-2.361347	-10.230915	-1.985173	-6.383474	-1.699622	-1.684743	-5.021935	-4.234647	-1.316070
-4.823432	-5.540601	-3.024851	-2.352135	-10.190010	-1.977431	-6.357945	-1.593215	-1.678004	-5.001666	-4.311703	-1.310806
-4.804141	-5.018564	-2.137752	-2.342842	-10.149259	-1.969620	-6.332516	-1.537037	-1.671293	-4.981569	-3.841453	-1.305563
-4.784925	-4.748553	-1.691701	-2.333529	-10.108666	-1.961792	-6.307187	-1.505987	-1.664608	-4.961598	-3.599586	-1.300341
-4.765786	-5.104590	-1.466184	-2.324224	-10.068234	-1.953969	-6.281959	-1.487512	-1.657949	-4.941729	-3.471937	-1.295140
-4.746723	-5.271687	-1.350944	-2.314942	-10.027962	-1.946166	-6.256831	-1.475336	-1.651318	-4.921950	-3.401424	-1.289959
-4.727737	-5.344358	-1.290853	-2.305689	-9.487850	-1.938387	-6.231804	-1.466322	-1.144712	-4.902257	-3.359506	-1.284799
-4.708826	-5.369860	-1.258346	-2.296470	-9.199899	-1.930637	-6.206877	-1.458900	-0.890133	-4.882645	-3.331911	-1.279660
-4.689991	-5.371820	-1.239641	-2.287286	-9.538100	-1.922916	-6.182050	-1.452287	-1.261573	-4.863113	-3.311506	-1.274541
-4.671231	-5.362052	-1.227846	-2.278138	-9.687448	-1.915225	-6.157321	-1.446088	-1.444027	-4.843660	-3.294720	-1.269443
-4.652546	-5.346464	-1.219517	-2.269026	-9.742448	-1.907564	-6.132692	-1.440110	-1.532001	-4.824285	-3.279772	-1.264366
-4.633936	-4.828008	-1.212930	-2.259950	-9.250353	-1.899934	-6.108161	-1.934252	-1.572748	-4.804988	-3.265768	-1.259308
-4.615400	-4.560161	-1.207224	-2.250910	-8.986789	-1.892335	-6.083729	-2.176466	-1.589894	-4.785768	-3.252263	-1.254271
-4.596938	-4.417653	-1.201967	-2.241907	-9.337561	-1.884765	-6.059394	-1.792736	-1.095253	-4.766624	-3.239032	-1.249254
-4.578550	-4.337848	-1.196946	-2.232939	-9.493570	-1.877226	-6.035156	-1.598053	-0.846732	-4.747558	-3.225966	-1.244257
-4.560236	-4.289430	-1.192051	-2.224007	-9.552275	-1.869718	-6.011016	-1.997905	-0.721274	-4.728568	-3.213007	-1.239280
-4.541995	-4.256739	-1.187230	-2.215111	-9.562406	-1.862239	-5.986972	-2.193035	-0.657354	-4.709653	-3.200127	-1.234323
-4.523827	-4.731945	-1.182454	-1.706251	-9.548326	-1.854790	-5.963024	-2.285824	-1.124207	-4.690815	-3.187313	-1.229385
-4.505732	-4.959134	-1.177711	-1.449426	-9.522218	-1.847371	-5.939172	-2.327461	-1.354451	-4.672051	-3.174556	-1.224468
-4.487709	-5.062356	-1.172993	-1.318628	-9.490172	-1.839981	-5.915415	-2.343541	-1.466404	-4.653363	-3.161855	-1.219570
-4.469758	-4.603635	-1.168298	-1.750854	-8.955232	-1.832621	-5.891753	-1.846862	-1.019224	-4.634750	-3.649206	-1.214692
-4.451879	-4.365986	-1.163623	-1.962600	-8.670922	-1.825291	-5.868186	-1.595822	-0.794490	-4.616211	-3.884608	-1.209833
-4.434072	-4.738904	-1.158968	-2.064125	-8.511993	-1.817990	-5.844714	-1.967613	-0.680983	-4.597746	-3.494069	-1.204993
-4.416335	-4.915139	-1.154332	-2.110556	-8.415823	-1.810718	-5.821335	-2.148829	-0.623095	-4.579355	-3.292592	-1.200174
-4.398670	-4.493074	-1.149714	-2.129458	-8.351099	-1.803475	-5.798049	-1.734778	-1.093020	-4.561038	-3.185672	-1.195373
-4.381075	-4.273900	-1.145115	-2.134612	-8.302164	-1.796261	-5.774857	-1.525110	-1.324857	-4.542793	-3.126054	-1.190591
-4.363551	-4.156203	-1.140535	-2.132909	-8.261190	-1.789076	-6.251758	-1.917646	-0.937662	-4.524622	-3.090113	-1.185829
-4.346097	-4.089278	-1.135972	-2.127795	-8.224262	-1.781919	-6.476751	-2.109293	-0.742964	-4.506524	-3.066033	-1.181086
-4.328712	-4.047770	-1.631429	-1.620993	-8.189424	-1.774792	-6.075844	-1.700515	-0.644518	-4.488498	-3.047910	-1.176361
-4.311398	-4.019004	-1.874903	-1.365364	-8.155696	-1.767693	-5.864040	-1.493542	-0.594203	-4.470544	-3.032788	-1.171656
-4.294152	-3.996641	-1.992403	-1.235329	-8.122587	-1.760622	-5.746834	-1.387483	-0.567958	-4.452661	-3.019192	-1.166969
-4.276975	-3.977510	-1.546934	-1.668102	-8.089854	-1.753579	-5.676972	-1.831890	-0.553752	-4.434851	-3.006383	-1.162301
-4.259868	-3.960028	-1.321996	-1.880286	-8.057374	-1.746565	-5.630826	-2.049541	-0.545570	-4.417111	-2.993992	-1.157652
-4.242828	-3.943402	-1.207333	-1.982193	-8.025084	-1.739579	-5.596584	-1.653832	-0.540404	-4.399443	-2.981832	-1.153022
-4.225857	-3.927236	-1.147816	-2.028979	-7.992953	-1.732620	-5.568339	-1.453462	-0.536750	-4.381845	-2.969814	-1.148409
-4.208953	-3.911330	-1.115881	-2.048220	-8.460966	-1.725690	-5.543136	-1.350770	-0.533857	-4.364318	-2.957889	-0.643816
-4.192117	-3.895587	-1.097746	-2.053706	-8.677114	-1.718787	-5.519498	-1.296928	-0.531349	-4.346861	-2.946034	-0.391519
-4.175349	-3.879955	-1.586519	-2.052330	-8.267402	-1.711912	-5.496688	-1.267521	-1.029037	-4.829473	-2.934239	-0.765371
-4.158648	-3.864411	-1.826755	-2.047541	-8.046831	-1.705064	-5.474335	-1.250341	-1.274828	-5.060155	-2.922496	-0.950018
-4.142013	-3.848941	-1.942739	-2.041060	-7.920892	-1.698244	-5.452254	-1.239285	-1.394682	-5.164915	-2.910803	-1.040072
-4.125445	-3.833539	-1.496613	-1.533751	-7.842333	-1.691451	-5.430354	-1.231301	-0.951580	-4.706755	-3.399158	-1.082839
-4.108943	-3.818202	-1.271449	-1.278043	-7.787526	-1.684685	-5.408587	-1.224862	-0.729012	-4.469178	-3.635561	-1.101971
-4.092507	-3.802927	-1.156775	-1.648145	-7.744657	-1.677947	-5.386929	-1.219205	-0.616715	-4.341926	-3.246018	-0.609295
-4.076137	-3.787715	-1.097354	-1.829159	-7.707819	-1.671235	-5.365370	-1.213950	-0.559558	-4.269871	-3.045534	-0.362957
-4.059833	-3.772564	-1.065567	-1.915646	-7.674058	-1.664550	-5.343903	-1.708905	-0.529974	-4.225448	-2.939602	-0.739788
-4.043594	-3.757473	-1.047606	-1.954885	-7.641897	-1.657892	-5.322525	-1.951975	-0.514182	-4.194874	-2.880968	-0.925971
-4.027419	-3.742443	-1.036567	-1.970516	-7.610597	-1.651260	-5.301233	-1.569120	-1.006285	-4.171259	-2.846007	-0.516837
-4.011309	-3.727473	-1.028996	-1.974360	-7.579789	-1.644655	-5.280027	-1.375320	-1.249341	-4.151156	-2.822904	-0.312271
-3.995264	-3.712564	-1.023167	-1.972325	-7.549286	-1.638076	-5.258907	-1.276056	-1.367883	-4.132842	-2.805753	-0.209987
-3.979283	-3.697713	-1.018218	-1.967367	-7.518998	-1.631524	-5.237871	-1.724071	-1.424182	-4.115456	-2.791601	-0.158846
-3.963366	-3.682922	-1.013718	-1.960963	-7.488876	-1.624998	-5.216920	-1.943735	-1.449370	-4.098567	-2.778969	-0.133275
-3.947513	-3.668191	-1.009449	-1.953852	-7.458897	-1.618498	-5.196052	-1.549239	-1.459015	-4.081959	-2.767121	-0.120490
-3.931723	-3.653518	-1.005304	-1.946403	-7.429050	-1.612024	-5.175268	-1.349682	-1.460900	-4.065525	-2.755686	-0.114097
-3.915996	-3.638904	-1.001229	-1.438801	-7.399328	-1.605576	-5.654566	-1.247604	-1.458917	-4.049209	-2.744480	-0.610901
-3.900332	-3.624348	-0.997197	-1.183137	-7.369728	-1.599154	-5.881948	-1.194273	-1.455012	-4.032986	-2.733411	-0.857087
-3.884730	-3.609851	-0.993195	-1.053451	-7.340248	-1.592757	-5.483420	-1.165326	-0.950157	-4.016840	-2.722432	-0.477974
-3.869191	-3.595411	-0.989216	-0.986760	-7.310886	-1.586386	-5.273987	-1.148580	-0.697730	-4.000766	-2.711519	-0.288417
-3.853715	-3.581030	-0.985256	-0.951574	-7.281642	-1.580040	-5.159141	-1.137943	-0.571516	-3.984760	-2.700661	-0.193639
-3.838300	-3.566706	-0.981313	-1.432148	-7.252516	-1.573720	-5.091629	-1.130370	-0.508409	-3.968819	-2.689853	-0.646249
-3.822947	-3.552439	-0.977387	-1.668610	-7.223505	-1.567425	-5.047825	-1.124338	-0.476856	-3.952943	-2.679091	-0.870357
-3.807655	-3.538229	-0.973477	-1.783031	-7.194611	-1.561156	-5.015915	-1.119085	-0.461079	-3.937131	-3.168373	-0.980222
-3.792424	-3.524076	-0.969583	-1.836446	-7.165833	-1.554911	-4.989992	-1.114231	-0.453191	-3.921382	-3.405699	-1.032974
-3.777254	-3.509980	-0.965704	-1.859374	-7.137170	-1.548691	-4.967102	-1.109585	-0.449246	-3.905696	-3.017076	-0.557179
-3.762145	-3.495940	-0.961841	-1.867074	-7.108621	-1.542497	-4.945769	-1.105053	-0.447274	-3.890074	-2.817507	-0.319281
-3.747097	-3.481956	-0.957994	-1.867174	-7.080186	-1.536327	-4.925254	-1.100585	-0.446288	-3.874513	-2.712487	-0.200333
-3.732108	-3.468028	-0.954162	-1.863490	-7.051866	-1.530181	-4.905186	-1.096159	-0.445795	-3.859015	-2.654762	-0.140858
-3.717180	-3.454156	-0.950345	-1.857928	-7.023658	-1.524061	-4.885383	-1.091763	-0.445549	-3.843579	-2.620706	-0.111121
-3.702311	-3.440340	-0.946544	-1.851442	-6.995564	-1.517964	-4.865750	-1.587390	-0.445426	-3.828205	-2.598504	-0.596252
-3.687502	-3.426578	-0.942758	-1.844509	-6.967581	-1.511893	-4.846241	-1.831037	-0.445364	-3.812892	-2.582251	-0.836655
-3.672752	-3.412872	-1.438987	-1.837368	-6.939711	-1.505845	-5.326833	-1.448712	-0.945333	-3.297640	-2.568992	-0.954703
-3.658061	-3.399221	-1.683231	-1.830137	-6.911952	-1.499822	-5.555514	-1.255416	-1.192427	-3.034450	-2.557251	-1.011581
-3.643429	-3.385624	-1.301498	-1.822875	-6.884304	-1.493822	-5.158286	-1.156644	-1.313095	-2.897312	-2.546290	-0.537883
-3.628855	-3.372081	-1.108792	-1.815613	-6.856767	-1.487847	-4.950150	-1.105142	-1.370561	-2.823223	-2.535738	-0.301034
-3.614340	-3.358593	-1.010607	-1.308366	-6.829340	-1.481896	-4.836598	-1.077284	-1.396439	-2.780680	-2.525412	-0.682610
-3.599882	-3.345158	-0.959689	-1.053139	-6.802023	-1.475968	-4.770376	-1.061256	-1.406533	-2.753932	-2.515219	-0.871269
-3.585483	-3.331778	-0.932413	-0.923931	-6.774815	-1.470064	-4.727857	-1.051152	-1.408746	-2.735104	-2.505112	-0.963479
-3.571141	-3.318451	-0.916965	-1.357737	-6.747715	-1.464184	-4.697227	-1.044018	-0.907031	-3.220257	-2.495069	-1.007472
-3.556856	-3.305177	-0.907437	-1.571057	-6.720724	-1.458327	-4.672578	-1.038377	-0.656174	-3.455423	-2.485077	-1.027366
-3.542629	-3.291956	-0.900878	-1.674148	-7.193842	-1.452494	-4.650958	-1.033491	-0.530745	-3.565625	-2.475131	-0.535219
-3.528458	-3.278788	-0.895810	-1.722139	-7.415066	-1.446684	-4.630889	-1.028990	-0.468031	-3.613374	-2.465228	-0.289145
-3.514345	-3.265673	-0.891494	-1.742594	-7.510406	-1.440897	-4.611633	-1.024691	-0.436673	-3.629926	-2.455365	-0.166108
-3.500287	-3.252611	-0.887562	-1.749296	-7.542864	-1.435134	-4.592821	-1.020501	-0.420995	-3.630910	-2.445543	-0.104589
-3.486286	-3.239600	-0.883828	-1.749135	-7.043943	-1.429393	-4.574266	-1.016373	-0.413156	-3.624138	-2.435761	-0.073830
-3.472341	-3.226642	-0.880202	-1.745556	-6.781392	-1.423676	-4.555878	-1.012285	-0.409236	-3.613517	-2.426018	-0.058451
-3.458452	-3.213735	-0.876635	-1.740283	-6.637079	-1.417981	-4.537608	-1.008224	-0.407276	-3.601001	-2.416313	-0.050761
-3.444618	-3.200880	-1.373106	-1.734176	-6.551937	-1.412309	-4.519435	-1.004186	-0.406296	-3.587565	-2.406648	-0.046916
-3.430839	-3.188077	-1.617602	-1.727667	-6.496432	-1.406660	-4.501346	-1.000166	-0.405806	-3.573700	-2.397021	-0.044993
-3.417116	-3.175324	-1.236126	-1.720970	-6.455798	-1.401033	-4.483335	-0.996164	-0.405561	-3.559647	-2.387433	-0.544032
-3.403447	-3.162623	-1.043678	-1.714193	-6.422651	-1.395429	-4.465399	-0.992179	-0.405439	-3.545530	-2.377884	-0.791465
-3.389834	-3.149973	-0.945752	-1.707389	-6.393298	-1.389847	-4.447536	-0.988210	-0.405377	-3.531408	-2.368372	-0.913104
-3.376274	-3.137373	-0.895093	-1.700587	-6.365894	-1.384288	-4.429745	-0.984257	-0.405347	-3.517313	-2.358899	-0.971854
-3.362769	-3.124823	-0.868075	-1.693798	-6.339515	-1.378751	-4.412025	-0.980319	-0.405332	-3.503259	-2.349463	-0.499168
-3.349318	-3.112324	-0.852884	-1.687029	-6.313699	-1.373236	-4.394377	-0.976398	-0.405324	-3.489253	-2.340065	-0.262825
-3.335921	-3.099875	-0.843613	-1.680284	-6.288215	-1.367743	-4.376799	-0.972493	-0.405320	-3.475300	-2.330705	-0.144653
-3.322577	-3.087475	-0.837309	-1.673565	-6.262948	-1.362272	-4.359292	-0.468603	-0.405318	-3.461401	-2.321382	-0.085568
-3.309287	-3.075125	-0.832495	-1.666871	-6.237839	-1.356823	-4.341855	-0.216658	-0.405317	-3.447556	-2.312097	-0.056025
-3.296050	-3.062825	-0.828432	-1.160204	-6.212859	-1.351395	-4.324488	-0.590685	-0.405317	-3.433766	-2.302848	-0.541253
-3.282865	-3.050573	-0.824752	-0.905564	-6.187993	-1.345990	-4.307190	-0.775769	-0.405316	-3.420031	-2.293637	-0.781815
-3.269734	-3.038371	-0.821270	-1.276941	-6.163234	-1.340606	-4.789961	-0.866390	-0.405316	-2.906351	-2.284462	-0.400050
-3.256655	-3.026218	-0.817893	-1.459334	-6.138578	-1.335243	-5.020801	-0.909786	-0.405316	-2.644726	-2.275324	-0.209168
-3.243628	-3.014113	-0.814576	-1.547246	-6.614021	-1.329902	-4.625718	-0.929578	-0.405316	-2.509147	-2.266223	-0.613727
-3.230654	-3.002056	-0.811295	-1.587933	-6.837564	-1.324583	-4.419715	-0.937575	-0.405316	-2.436611	-2.257158	-0.813970
-3.217731	-2.990048	-0.808038	-1.605018	-6.935214	-1.319284	-4.308286	-0.939682	-0.405316	-2.395614	-2.248130	-0.912063
-3.204860	-2.978088	-0.804800	-1.610317	-6.469973	-1.314007	-4.244178	-0.438852	-0.405316	-2.870407	-2.239137	-0.959089
-3.192041	-2.966176	-0.801578	-1.609735	-6.225343	-1.308751	-4.203764	-0.188438	-0.405316	-3.101113	-2.230181	-0.980590
-3.179273	-2.954311	-0.798371	-1.106226	-6.091066	-1.303516	-4.175230	-0.563230	-0.405316	-2.709802	-2.221260	-0.489337
-3.166556	-2.942494	-0.795176	-0.853266	-6.012014	-1.298302	-4.152670	-0.748750	-0.405316	-2.509510	-2.212375	-0.243710
-3.153889	-2.930724	-0.791995	-1.225585	-5.960623	-1.293109	-4.133129	-1.339642	-0.405316	-2.904745	-2.203525	-0.620896
-3.141274	-2.919001	-0.788827	-1.408549	-5.923108	-1.287937	-4.115132	-1.631227	-0.405316	-3.095763	-2.194711	-0.807493
-3.128709	-2.907325	-0.785672	-1.496848	-5.892580	-1.282785	-4.097939	-1.273173	-0.405316	-3.184698	-2.185932	-0.398804
-3.116194	-2.895695	-0.782529	-1.537827	-5.865592	-1.277654	-4.081181	-1.092316	-0.405316	-3.222618	-2.177189	-0.194459
-3.103729	-2.884113	-0.779399	-1.555159	-5.840420	-1.272543	-4.064673	-1.000065	-0.405316	-3.235057	-2.168480	-0.092287
-3.091314	-2.872576	-0.776281	-1.060680	-6.316204	-1.267453	-4.048323	-0.952124	-0.405316	-3.234782	-2.159806	-0.541200
-3.078949	-2.861086	-0.773176	-0.812308	-6.540512	-1.262383	-4.032084	-0.926345	-0.405316	-3.228175	-2.151167	-0.763677
-3.066633	-2.849642	-0.770083	-1.186994	-6.139136	-1.257334	-4.015933	-0.911654	-0.405316	-2.718429	-2.142562	-0.872943
-3.054367	-2.838243	-0.767003	-1.371214	-5.926973	-1.252304	-3.999857	-0.902515	-0.405316	-2.459138	-2.133992	-0.925612
-3.042149	-2.826890	-0.763935	-1.460213	-5.809462	-1.247295	-4.483852	-0.896158	-0.405316	-2.825093	-2.125456	-0.449989
-3.029981	-2.815582	-0.760879	-1.501614	-5.739322	-1.242306	-4.715914	-0.891201	-0.405316	-3.001689	-2.116954	-0.212178
-3.017861	-2.804320	-0.757836	-1.519229	-5.692914	-1.237337	-4.322049	-0.886949	-0.405316	-3.083630	-2.108486	-0.093273
-3.005789	-2.793103	-0.754805	-1.524962	-5.658417	-1.232387	-4.117260	-0.883058	-0.405316	-3.118269	-2.100052	-0.033820
-2.993766	-2.781930	-0.751785	-1.524768	-5.629921	-1.227458	-4.007041	-0.879354	-0.405316	-3.129283	-2.091652	-0.004094
-2.981791	-2.770803	-0.748778	-1.521621	-5.604469	-1.222548	-3.944137	-0.875751	-0.405316	-3.128509	-2.083285	 0.010770
-2.969864	-2.759719	-0.745783	-1.517011	-5.580586	-1.217658	-3.904923	-0.872205	-0.405316	-3.121867	-2.074952	 0.018201
-2.957984	-2.748681	-0.742800	-1.511681	-5.557531	-1.212787	-3.877585	-0.868695	-0.405316	-2.612315	-2.066652	 0.021917
-2.946153	-2.737686	-0.739829	-1.506003	-5.534934	-1.207936	-3.856215	-0.865209	-0.405316	-2.353334	-2.058386	 0.023775
-2.934368	-2.726735	-0.736869	-1.500164	-5.512611	-1.203104	-3.837860	-0.861743	-0.405316	-2.219655	-2.050152	 0.024704
-2.922630	-2.715828	-0.733922	-1.494256	-5.490469	-1.198292	-3.821044	-0.858294	-0.405316	-2.148643	-2.041952	 0.025168
-2.910940	-2.704965	-0.730986	-1.488325	-5.468462	-1.193499	-3.805027	-0.854859	-0.405316	-2.108982	-2.033784	 0.025401
-2.899296	-2.694145	-0.728062	-1.482394	-5.446565	-1.188725	-3.789441	-0.851439	-0.405316	-2.085013	-2.025649	 0.025517
-2.887699	-2.683368	-0.725150	-1.476476	-5.424767	-1.183970	-3.774100	-0.848033	-0.405316	-2.068906	-2.017546	 0.025575
-2.876148	-2.672635	-0.722249	-1.470576	-5.403062	-1.179234	-3.758912	-0.844641	-0.405316	-2.056747	-2.009476	 0.025604
-2.864644	-2.661944	-0.719360	-1.464697	-5.381447	-1.174517	-3.743831	-0.841262	-0.405316	-2.046579	-2.001438	 0.025618
-2.853185	-2.651297	-0.716483	-1.458839	-5.359920	-1.169819	-3.728833	-0.837897	-0.405316	-2.037421	-1.993432	-0.474374
-2.841772	-2.640691	-0.713617	-1.453005	-5.338480	-1.165140	-3.713906	-0.834545	-0.405316	-2.028786	-1.985459	-0.722422
-2.830405	-2.630129	-0.710763	-0.947193	-5.317125	-1.160479	-3.699045	-0.831207	-0.405316	-2.520429	-1.977517	-0.344505
-2.819084	-2.619608	-0.707920	-0.694287	-5.295857	-1.155837	-3.684246	-0.827882	-0.405316	-2.760225	-1.969607	-0.155546
-2.807807	-2.609130	-0.705088	-0.567834	-5.274673	-1.151214	-3.669507	-0.824571	-0.405316	-2.874124	-1.961728	-0.061067
-2.796576	-2.598693	-0.702268	-0.504608	-5.253574	-1.146609	-3.654828	-0.821272	-0.405316	-2.925097	-1.953881	-0.013827
-2.785390	-2.588298	-0.699458	-0.472995	-5.232560	-1.142022	-3.640209	-0.817987	-0.405316	-2.944632	-1.946066	 0.009792
-2.774248	-2.577945	-0.696661	-0.457188	-5.211630	-1.137454	-3.625648	-0.814715	-0.405316	-2.948470	-1.938282	 0.021602
-2.763151	-2.567633	-0.693874	-0.449285	-5.190783	-1.132905	-3.611145	-0.811456	-0.405316	-2.944485	-1.930528	 0.027507
-2.752099	-2.557363	-0.691098	-0.945333	-5.170020	-1.128373	-3.596700	-0.808211	-0.405316	-2.936612	-1.922806	 0.030460
-2.741090	-2.547133	-0.688334	-1.190475	-5.149340	-1.123859	-3.582314	-0.804978	-0.405316	-2.926817	-1.915115	 0.031936
-2.730126	-2.536945	-0.685581	-0.810174	-5.128743	-1.119364	-3.567984	-0.801758	-0.405316	-2.916086	-1.907455	 0.032674
-2.719205	-2.526797	-0.682838	-0.620024	-5.108228	-1.114887	-3.553712	-0.798551	-0.405316	-2.904910	-1.899825	 0.033043
-2.708328	-2.516690	-0.680107	-0.524949	-5.087795	-1.110427	-3.539497	-1.295357	-0.405316	-2.393534	-1.892225	 0.033228
-2.697495	-2.506623	-0.677387	-0.477411	-5.067444	-1.105985	-3.525339	-1.540175	-0.405316	-2.134082	-1.884657	 0.033320
-2.686705	-2.496597	-0.674677	-0.953642	-5.047174	-1.101561	-3.511238	-1.159015	-0.405316	-2.000607	-1.877118	 0.033366
-2.675958	-2.486610	-0.671978	-1.188898	-5.026985	-1.097155	-3.497193	-0.966878	-0.405316	-1.930135	-1.869609	 0.033389
-2.665255	-2.476664	-0.669290	-1.303678	-5.006877	-1.092766	-3.483204	-0.869261	-0.405316	-1.891180	-1.862131	 0.033401
-2.654593	-2.466757	-0.666613	-1.358231	-4.986850	-1.088395	-3.469272	-0.818909	-0.405316	-2.367998	-1.854683	 0.033406
-2.643975	-2.456890	-0.663947	-1.382682	-4.966902	-1.084042	-3.455394	-0.792196	-0.405316	-2.600717	-1.847264	 0.033409
-2.633399	-2.447063	-0.661291	-0.892093	-4.947035	-1.079706	-3.441573	-0.777308	-0.405316	-2.211410	-1.839875	 0.033411
-2.622866	-2.437274	-0.658646	-0.646798	-4.927247	-1.075387	-3.427807	-0.768340	-0.405316	-2.013112	-1.832515	 0.033411
-2.612374	-2.427525	-1.156011	-1.024151	-4.907538	-1.071085	-3.414095	-0.762337	-0.405316	-1.910333	-1.825185	 0.033412
-2.601925	-2.417815	-1.401387	-1.210025	-4.887907	-1.066801	-3.400439	-0.757822	-0.405316	-1.855329	-1.817884	 0.033412
-2.591517	-2.408144	-1.020782	-1.300169	-4.868356	-1.062534	-3.386837	-0.254059	-0.405316	-2.324226	-1.810613	 0.033412
-2.581151	-2.398511	-0.829199	-1.342461	-4.848882	-1.058284	-3.373290	-0.002177	-0.405316	-2.553088	-1.803370	 0.033412
-2.570826	-2.388917	-0.732132	-1.360838	-4.829487	-1.054050	-3.359797	 0.123764	-0.405316	-2.661956	-1.796157	 0.033412
-2.560543	-2.379362	-0.682328	-0.867267	-4.810169	-1.049834	-3.346358	-0.313265	-0.405316	-2.210848	-1.788972	 0.033412
-2.550301	-2.369844	-0.656161	-0.620482	-4.790928	-1.045635	-3.332972	-0.530280	-0.405316	-1.981774	-1.781816	 0.033412
-2.540100	-2.360365	-0.641818	-0.997090	-4.771764	-1.041452	-3.319640	-0.137292	-0.405316	-1.863732	-1.774689	 0.033412
-2.529939	-2.350923	-0.633391	-1.182646	-4.752677	-1.037287	-3.306362	 0.059202	-0.405316	-1.801220	-1.767590	 0.033412
-2.519819	-2.341520	-0.627928	-1.272688	-4.733667	-1.033137	-3.793136	-0.342551	-0.405316	-2.266486	-1.760520	 0.033412
-2.509740	-2.332154	-0.623952	-1.314983	-4.714732	-1.029005	-4.027964	-0.541939	-0.405316	-2.493656	-1.753478	 0.033412
-2.499701	-2.322825	-0.620723	-1.333416	-4.695873	-1.024889	-3.636852	-1.140151	-0.405316	-2.601799	-1.746464	 0.033412
-2.489702	-2.313534	-0.617874	-1.339929	-4.677090	-1.020789	-3.434804	-1.435780	-0.405316	-2.650451	-1.739478	 0.033412
-2.479744	-2.304280	-0.615220	-1.340493	-4.658381	-1.016706	-3.327315	-1.580131	-0.405316	-2.669378	-1.732520	 0.033412
-2.469825	-2.295062	-0.612667	-1.338093	-4.639748	-1.012639	-3.267131	-0.648858	-0.405316	-2.673465	-1.725590	 0.033412
-2.459945	-2.285882	-0.610171	-1.334221	-4.621189	-1.008589	-3.230625	-0.183222	-0.405316	-2.670154	-1.718688	 0.033412
-2.450106	-2.276739	-0.607707	-0.829624	-4.602704	-1.004554	-3.205984	-0.450403	-0.405316	-2.663164	-1.711813	-0.466588
-2.440305	-2.267632	-0.605265	-0.577326	-4.584293	-1.000536	-3.187300	-0.582559	-0.405316	-2.654357	-1.704966	-0.714655
-2.430544	-2.258561	-0.602838	-0.451177	-4.565956	-0.996534	-3.171621	-0.647207	-0.405316	-2.644663	-1.698146	-0.336763
-2.420822	-2.249527	-0.600424	-0.388103	-4.547692	-0.992548	-3.157470	-0.678108	-0.405316	-2.634545	-1.691353	-0.147817
-2.411138	-2.240529	-0.598021	-0.356565	-4.529501	-0.988578	-3.144108	-0.192140	-0.405316	-2.124238	-1.684588	-0.053344
-2.401494	-2.231567	-0.595628	-0.340797	-4.511383	-0.984623	-3.131165	 0.050844	-0.405316	-1.865856	-1.677850	-0.006107
-2.391888	-2.222640	-0.593245	-0.332912	-4.493338	-0.980685	-3.118457	 0.172336	-0.405316	-1.733451	-1.671138	 0.017511
-2.382320	-2.213750	-0.590872	-0.828970	-4.475364	-0.976762	-3.105892	-0.266918	-0.405316	-2.164046	-1.664454	 0.029320
-2.372791	-2.204895	-0.588508	-1.074349	-4.457463	-0.972855	-3.093423	-0.485133	-0.405316	-2.374154	-1.657796	 0.035225
-2.363300	-2.196075	-0.586154	-0.694399	-4.939633	-0.468964	-3.081026	-0.092834	-0.405316	-1.974040	-1.651165	 0.038177
-2.353847	-2.187291	-0.583810	-0.504424	-5.169875	-0.217018	-3.068691	 0.103316	-0.405316	-1.770834	-1.644560	 0.039653
-2.344431	-2.178542	-0.581474	-0.409436	-4.774195	-0.591045	-3.056410	-0.298609	-0.405316	-1.666097	-1.637982	 0.040391
-2.335054	-2.169828	-0.579149	-0.361943	-4.567598	-0.776129	-3.044182	-0.498171	-0.405316	-1.610605	-1.631430	 0.040760
-2.325713	-2.161148	-0.576832	-0.838196	-4.455578	-0.866748	-3.032003	-0.596556	-0.405316	-1.579749	-1.624904	 0.040945
-2.316411	-2.152504	-0.574525	-1.073694	-4.390881	-0.910143	-3.019875	-0.644359	-0.405316	-1.561223	-1.618405	 0.041037
-2.307145	-2.143894	-0.572227	-1.188824	-4.349880	-0.929933	-3.007795	-0.666876	-0.405316	-1.548875	-1.611931	 0.041083
-2.297916	-2.135318	-0.569938	-0.743781	-4.320761	-0.937929	-2.995763	-0.176756	-0.405316	-1.539628	-1.605483	 0.041106
-2.288725	-2.126777	-0.567658	-0.521260	-4.297619	-0.940035	-2.983780	 0.068305	-0.405316	-1.531943	-1.599061	 0.041118
-2.279570	-2.118270	-0.565387	-0.409999	-4.277499	-0.939204	-3.471845	-0.309165	-0.405316	-1.525053	-1.592665	 0.041124
-2.270451	-2.109797	-0.563126	-0.354369	-4.258924	-0.936911	-3.707958	-0.496527	-0.405316	-1.518571	-1.586294	 0.041127
-2.261370	-2.101358	-0.560873	-0.326554	-4.241156	-0.933896	-3.318126	-0.588840	-0.405316	-1.512306	-1.579949	 0.041128
-2.252324	-2.092952	-0.558630	-0.312646	-4.223825	-0.930526	-3.117353	-0.633634	-0.405316	-1.506161	-1.573629	 0.041129
-2.243315	-2.084580	-0.556395	-0.305692	-4.206747	-0.426987	-3.011134	-0.654675	-0.405316	-1.500089	-1.567335	-0.458871
-2.234342	-2.076242	-0.554170	-0.302215	-4.189828	-0.175218	-2.952214	-0.663843	-0.405316	-1.494065	-1.561066	-0.706953
-2.225404	-2.067937	-0.551953	-0.300477	-4.173023	-0.049333	-2.916968	-0.667082	-0.405316	-1.488077	-1.554821	-0.829084
-2.216503	-2.059665	-0.549745	-0.299608	-4.156308	-0.486391	-2.893581	-0.667360	-0.405316	-1.482118	-1.548602	-0.388247
-2.207637	-2.051427	-0.547546	-0.299173	-4.139671	-0.703073	-2.876148	-0.666164	-0.405316	-1.476187	-1.542408	-0.167829
-2.198806	-2.043221	-0.545356	-0.798956	-4.123107	-0.809574	-2.861714	-0.664236	-0.405316	-1.470281	-1.536238	-0.057619
-2.190011	-2.035048	-0.543175	-1.046250	-4.106612	-0.860993	-2.848802	-0.661948	-0.405316	-1.464399	-1.530093	-0.002515
-2.181251	-2.026908	-0.541002	-0.667310	-4.090184	-0.884877	-2.836674	-0.659484	-0.405316	-1.458541	-1.523973	 0.025038
-2.172526	-2.018800	-0.538838	-0.477840	-4.073822	-0.895002	-2.824961	-0.656938	-0.405316	-1.452707	-1.517877	 0.038814
-2.163836	-2.010725	-0.536682	-0.383105	-4.057527	-0.398254	-2.813478	-0.154356	-0.405316	-1.946896	-1.511805	 0.045702
-2.155180	-2.002682	-0.534536	-0.335737	-4.041296	-0.149880	-2.802133	 0.096934	-0.405316	-2.189108	-1.505758	 0.049146
-2.146560	-1.994671	-0.532398	-0.312053	-4.025131	-0.025693	-2.790879	 0.222580	-0.405316	-2.305352	-1.499735	 0.050868
-2.137973	-1.986693	-0.530268	-0.800211	-4.009031	-0.463599	-2.779692	-0.214597	-0.405316	-1.858630	-1.493736	 0.051729
-2.129422	-1.978746	-0.528147	-1.041714	-3.992994	-0.680750	-2.768562	-0.431883	-0.405316	-1.632446	-1.487761	 0.052159
-2.120904	-1.970831	-1.026034	-0.659898	-3.977022	-0.787529	-2.757482	-0.039227	-0.405316	-1.516541	-1.481810	 0.052375
-2.112420	-1.962948	-1.271930	-0.468991	-3.961114	-0.839130	-2.746449	 0.157101	-0.405316	-1.455787	-1.475883	 0.052482
