-1.131425	-4.164742	-0.915036	-0.526998	-3.557400	-0.608735	-2.179225	-0.486943	 0.492985	-3.875066	-0.820434	 0.271861
-1.096626	-4.148091	-0.503249	-0.552151	-3.544093	-0.606308	-2.170514	-0.486216	 0.496086	-3.887690	-0.789808	 0.271120
-1.077103	-4.131502	-0.297355	-0.563573	-3.530379	-0.603886	-2.161834	-0.485852	 0.497636	-3.886201	-0.772977	 0.270749
-1.065226	-4.114978	-1.194408	-0.568134	-3.516488	-0.601473	-2.153188	-0.485670	 0.498411	-3.877687	-0.763049	 0.270563
-1.057181	-4.098519	-1.638752	-0.569269	-3.502537	-0.599068	-2.144576	-0.485579	 0.498798	-3.865692	-0.756579	 0.270471
-1.051060	-4.082125	-1.856758	-0.568696	-3.488585	-0.596672	-2.135998	-0.485534	 0.498992	-3.851987	-0.751844	 0.270424
-1.045910	-4.065797	-0.961611	-0.567273	-2.974659	-0.594285	-2.127455	-0.985511	 0.499089	-3.837458	-0.747982	 0.270401
-1.041253	-4.049534	-0.514038	-0.565430	-2.712775	-0.591908	-2.118945	-1.232529	 0.499138	-3.822547	-0.744563	 0.270389
-1.536852	-4.033336	-0.790251	-0.563381	-3.076931	-0.589541	-2.110469	-0.853079	 0.499162	-3.807477	-1.241371	 0.270384
-1.780586	-4.017202	-0.926225	-0.561234	-3.252127	-0.587183	-2.102027	-0.663354	 0.499174	-3.792357	-1.486299	 0.270381
-1.898405	-4.001133	-0.992087	-0.559043	-3.332870	-0.584834	-2.093619	-0.568491	 0.499180	-3.777242	-1.105300	 0.270379
-1.953282	-3.985129	-1.022902	-0.556833	-3.366415	-0.582495	-2.085245	-0.521060	 0.499183	-3.762161	-0.913352	 0.270379
-1.476704	-3.969188	-1.036203	-0.554619	-3.376387	-0.580165	-2.076904	-0.497344	 0.499185	-3.747126	-0.815935	 0.270378
-1.236414	-3.953312	-1.040754	-0.552407	-3.374601	-0.577844	-2.068596	-0.485486	 0.499185	-3.732144	-0.765790	 0.270378
-1.114278	-3.937498	-1.040939	-0.550201	-3.366962	-0.575533	-2.060322	-0.479557	 0.499186	-3.717219	-0.739286	 0.270378
-1.551225	-3.921748	-1.538949	-0.548002	-3.356424	-0.573230	-2.052081	-0.476593	 0.499186	-3.702352	-0.724608	 0.270378
-1.765722	-3.906061	-1.783880	-0.545811	-3.344463	-0.570937	-2.043872	-0.475111	 0.499186	-3.687543	-0.715850	 0.270378
-1.869010	-3.890437	-1.402288	-0.543628	-3.331817	-0.568654	-2.035697	-0.974370	-0.000814	-3.672793	-0.710056	 0.270378
-1.916710	-3.874875	-1.209451	-0.541453	-3.318856	-0.566379	-2.027554	-1.221052	-0.249812	-3.658103	-0.705751	 0.270378
-1.436631	-3.859376	-0.610999	-0.039288	-2.805764	-0.064114	-1.519444	-0.841457	 0.125688	-3.643470	-0.702195	 0.770378
-1.194678	-3.843938	-0.311773	 0.211795	-2.544632	 0.187019	-1.263366	-0.651660	 0.312436	-3.628896	-0.699020	 1.017837
-1.071796	-3.828563	-0.162160	-0.162663	-2.409500	-0.187414	-1.633312	-0.556762	 0.405811	-3.114381	-0.696041	 1.139036
-1.008458	-3.813248	-0.087353	-0.348818	-2.337385	-0.373508	-1.814279	-0.509312	 0.452498	-2.851923	-0.693165	 1.197115
-0.974898	-3.797995	-0.049950	-0.440826	-2.296797	-0.465435	-1.900772	-0.485588	 0.475841	-2.715516	-0.690347	 1.223644
-0.956236	-3.782803	-0.031248	-0.485764	-2.771990	-0.510284	-1.940044	-0.473725	 0.487513	-3.142154	-0.687563	 0.734409
-0.945029	-3.767672	-0.021898	-0.507172	-3.003092	-0.531598	-1.955721	-0.467794	 0.493349	-3.348335	-0.684801	 0.489791
-1.437558	-3.752602	-0.517222	-0.516818	-2.612175	-0.541149	-1.959617	-0.464829	 0.496267	-3.444317	-0.682056	 0.367482
-1.679963	-3.737591	-0.762859	-0.520589	-2.412274	-0.544824	-1.957638	-0.463346	 0.497726	-3.485227	-0.679325	 0.306327
-1.297320	-3.722641	-0.383661	-0.521425	-2.807899	-0.545564	-1.952737	-0.462604	 0.498455	-2.998630	-0.676606	 0.275750
-1.104170	-3.707750	-0.194062	-0.520799	-2.999304	-0.544841	-1.946391	-0.462234	 0.498820	-2.750307	-0.673899	 0.260461
-1.005772	-3.692919	-0.099262	-0.519446	-2.588625	-0.543392	-1.939338	-0.462048	 0.499002	-2.621142	-0.671203	 0.252817
-0.954759	-3.678148	-0.051862	-0.517733	-2.378930	-0.541583	-1.931947	-0.461956	 0.499093	-2.551575	-0.668518	 0.248995
-0.927445	-3.663435	-0.028163	-0.515844	-2.269744	-0.539599	-1.924402	-0.461909	 0.499139	-2.511828	-0.665844	 0.247084
-0.911987	-3.648781	-0.516313	-0.513872	-2.710830	-0.537532	-1.916796	-0.461886	 0.499162	-2.987010	-0.663181	 0.246128
-0.902466	-3.634186	-0.758379	-0.511862	-2.925069	-0.535428	-1.909175	-0.461875	 0.499173	-3.217677	-0.660528	 0.245651
-0.895919	-3.619649	-0.377411	-0.509837	-2.525910	-0.533309	-1.901561	-0.461869	 0.499179	-3.326113	-0.657886	 0.245412
-0.890867	-3.605171	-0.186927	-0.507810	-2.322077	-0.531187	-1.893966	-0.461866	 0.499182	-3.373463	-0.655254	 0.245292
-0.886569	-3.590750	-0.091685	-0.505784	-2.215924	-0.529068	-1.886396	-0.461864	-0.000817	-3.390296	-0.652633	 0.245232
-0.882656	-3.576387	-0.044064	-0.503764	-2.158628	-0.526954	-1.878853	-0.461864	-0.249815	-3.391898	-0.650023	 0.245203
-1.378941	-3.562082	-0.520253	-0.501750	-2.125777	-0.524848	-1.871339	-0.461863	 0.125687	-2.885912	-0.647423	 0.245188
-1.623334	-3.547833	-0.756355	-0.500743	-2.105166	-0.522749	-1.863855	-0.461863	 0.312435	-2.628159	-0.644833	 0.245180
-1.741795	-3.533642	-0.872421	-0.500240	-2.090691	-0.520659	-1.856400	-0.461863	 0.405809	-2.494542	-0.642254	 0.245176
-1.297305	-3.519507	-0.428477	-0.499988	-2.579301	-0.518576	-1.848974	-0.461863	 0.452496	-2.423012	-0.639684	 0.245175
-1.073354	-3.505429	-0.206505	-0.499862	-2.817471	-0.516502	-1.841578	-0.461863	 0.475840	-2.382543	-0.637126	 0.245174
-0.959680	-3.491408	-0.095519	 0.000201	-2.430444	-0.014436	-1.334212	-0.461863	 0.487511	-2.357625	-0.634577	 0.245173
-0.901151	-3.477442	-0.040026	 0.249232	-2.232844	 0.236597	-1.078875	-0.461863	 0.493347	-2.340501	-0.632039	 0.245173
-0.870201	-2.963532	-0.012280	 0.373747	-2.129973	 0.362114	-0.949560	-0.461863	 0.496265	-2.327292	-0.629511	 0.745173
-0.853047	-2.701678	 0.001593	 0.436005	-2.074484	 0.424872	-0.883261	-0.461863	 0.497724	-2.316059	-0.626993	 0.992682
-0.842799	-2.565871	 0.008530	 0.467134	-1.042701	 0.956251	-0.348478	 0.038137	 0.998454	-1.805833	-0.124485	 1.113957
-0.836010	-2.493108	 0.011998	 0.482698	-0.526810	 1.218965	-0.081087	 0.287061	 1.245820	-1.548129	 0.126769	 1.172124
-0.830957	-2.451885	 0.013732	 0.490480	-0.268864	 1.347359	 0.052609	 0.410451	 1.366517	-1.416696	 0.252396	 1.198746
-0.326778	-1.426453	 0.514599	 0.994371	 1.360109	 1.908604	 2.119457	 1.471078	 2.423891	 2.651591	 1.315210	 1.709607
-0.074689	-0.913737	 0.763002	 1.243320	 2.168617	 2.184287	 3.144508	 1.996328	 2.945615	 4.672295	 1.841860	 1.960596
 1.551356	 3.842622	 1.385181	 1.864810	 5.066917	 2.317209	 5.648695	 2.253910	 2.699543	 8.669261	 2.600449	 1.581668
 2.358023	 6.203603	 1.692255	 2.170583	 6.500136	 2.378769	 6.884482	 2.377678	 2.571600	 10.642411	 2.973025	 1.389798
 3.755027	 11.866964	 1.841794	 2.318516	 11.200880	 2.404669	 9.486135	 2.434559	 1.002741	 16.103756	 3.652622	 0.291468
 4.443226	 14.663584	 1.912580	 2.387550	 13.519448	 2.412758	 10.762786	 2.458017	 0.219443	 18.791297	 3.983756	-0.256084
 6.277062	 20.026974	 1.444007	 2.417154	 16.647056	 2.411960	 12.877033	 1.964783	-0.671077	 23.092111	 4.640693	-2.028253
 7.177758	 22.657888	 1.207769	 2.427062	 18.171311	 2.406739	 13.904174	 1.715223	-1.113215	 25.187731	 4.958566	-2.906736
 7.611949	 23.922767	 1.087708	 2.427142	 18.894047	 2.399326	 14.387882	 1.587511	-1.331173	 26.180975	 5.106950	-3.338407
 8.812953	 27.004832	 1.025741	 2.422328	 20.716181	 2.390835	 15.099992	 1.520736	-1.937053	 27.623248	 5.670631	-3.546703
 9.393426	 28.485690	 0.992831	 2.415086	 21.582172	 2.381825	 15.424423	 1.484440	-2.234908	 28.286254	 5.940003	-3.643341
 9.663716	 30.666186	 0.474455	 2.406649	 22.970271	 2.372575	 16.055141	 1.463396	-2.378770	 29.059858	 6.062270	-4.184179
 9.778992	 31.690741	 0.215268	 2.397634	 23.615604	 2.363223	 16.337128	 1.449990	-2.445655	 29.386994	 6.111035	-4.445149
 10.316842	 33.637588	 0.585674	 2.388350	 24.889748	 2.353839	 16.944884	 1.440413	-2.474073	 29.991133	 6.123098	-4.566221
 10.564057	 34.539842	 0.768965	 2.378949	 25.474493	 2.344458	 17.213656	 1.432763	-2.483277	 30.232012	 6.116859	-4.617383
 10.166042	 35.420085	 0.858706	 2.369510	 25.714747	 2.335098	 17.313078	 0.926088	-2.482894	 30.291506	 6.101518	-4.633627
 9.947499	 35.787606	 0.901680	 2.360070	 25.782963	 2.325766	 17.327963	 0.672750	-2.477737	 30.260551	 6.081675	-4.632449
 9.818769	 35.899056	 0.921277	 2.350649	 25.765369	 2.316467	 17.300720	 0.546081	-2.470214	 30.184614	 6.059630	-4.622597
 9.735024	 35.382760	 0.929194	 2.341256	 25.705077	 2.307203	 17.252552	 0.982747	-2.461527	 30.086428	 6.036533	-4.608446
 9.673849	 35.054879	 0.931278	 2.331896	 25.623641	 2.297976	 17.194059	 1.198241	-2.452277	 29.977359	 6.012957	-4.592182
 9.624037	 34.821485	 0.930454	 2.322570	 25.031839	 2.288784	 16.630541	 1.303161	-2.442767	 29.363088	 5.989190	-4.574898
 9.579982	 34.635612	 0.928182	 2.313281	 24.687058	 2.279629	 16.316649	 1.352804	-2.433145	 28.998454	 5.965376	-4.557141
 10.038882	 33.973775	 0.925195	 2.304029	 24.465982	 2.270511	 16.127697	 1.374821	-2.423487	 28.758870	 5.941586	-4.539183
 10.247337	 33.576233	 0.921856	 2.294813	 24.306955	 2.261429	 16.001343	 1.383036	-2.413830	 28.582040	 5.917855	-4.521162
 9.830653	 33.311105	 0.918350	 2.285634	 24.179145	 2.752383	 15.906416	 1.384361	-2.404194	 28.436814	 5.894202	-4.003145
 9.603483	 33.112449	 0.914767	 2.276491	 24.067138	 2.991374	 15.827330	 1.382252	-2.394586	 28.307618	 5.870634	-3.737167
 9.471145	 32.447293	 0.911154	 2.267386	 23.963224	 2.604408	 16.256290	 0.878437	-2.385012	 28.186663	 5.847156	-3.597235
 9.386299	 32.051151	 0.907532	 2.258316	 23.863548	 2.406491	 16.437400	 0.626530	-2.375475	 28.070054	 5.823769	-3.520355
 9.325273	 31.789770	 0.903913	 2.249283	 23.766183	 2.303115	 16.494718	 0.500576	-2.365974	 27.955843	 5.800475	-3.475027
 9.276231	 32.096023	 0.900303	 2.240286	 23.670162	 2.247027	 15.990273	 0.937599	-2.356511	 27.843054	 5.777274	-3.445504
 9.233256	 32.184345	 0.896705	 2.231325	 23.575004	 2.214602	 15.707079	 1.153361	-2.347085	 27.731199	 5.754165	-3.423911
 9.193388	 32.163960	 0.893119	 2.222399	 23.480465	 2.194025	 15.534634	 1.258504	-2.337697	 27.620033	 5.731149	-3.906310
 9.155147	 32.089481	 0.889547	 2.213510	 23.386424	 2.179389	 15.417687	 1.308349	-2.328346	 27.509432	 5.708224	-4.138732
 9.117792	 31.488211	 0.885990	 2.204656	 23.292818	 2.167742	 15.828612	 1.330554	-2.319033	 27.399334	 5.685391	-3.746200
 9.080954	 31.125802	 0.882446	 2.195837	 23.199617	 2.157606	 16.001595	 1.338952	-2.309757	 27.289706	 5.662650	-3.543227
 9.044447	 30.883071	 0.878916	 2.187054	 23.106804	 2.148243	 15.555738	 1.340456	-2.300518	 27.180532	 5.639999	-3.435060
 9.008178	 30.700425	 0.875401	 2.178305	 23.014369	 2.139284	 15.302590	 1.338524	-2.291315	 27.071803	 5.617439	-3.374323
 8.972099	 30.548066	 0.871899	 2.169592	 22.922308	 2.130544	 15.145916	 1.334884	-2.282150	 26.963512	 5.594969	-3.337327
 8.936188	 30.411095	 0.868411	 2.160914	 22.830617	 2.121930	 15.037601	 1.330402	-2.273022	 26.855656	 5.572589	-3.312228
 8.900432	 30.282062	 0.864938	 2.152270	 22.739293	 2.113397	 14.953585	 1.325510	-2.263930	 26.748232	 5.550299	-3.293105
 8.864824	 30.157239	 0.861478	 2.143661	 22.648336	 2.604920	 14.881838	 1.320422	-1.754874	 26.641239	 5.528098	-3.276995
 8.829362	 30.034763	 0.858032	 2.135086	 22.557742	 2.844489	 14.816344	 1.315247	-1.497854	 26.534673	 5.505985	-3.262419
 8.794043	 29.913700	 0.854600	 2.126546	 22.467511	 2.458105	 14.754096	 1.310040	-1.866863	 25.928535	 5.483962	-3.248635
 8.758866	 29.793583	 0.851182	 2.118040	 22.377641	 2.260770	 14.693588	 1.304827	-2.046895	 25.574820	 5.462026	-3.235273
 8.723830	 29.674178	 0.847777	 2.109568	 22.288130	 2.157975	 14.634068	 1.299621	-2.132458	 25.347521	 5.440178	-3.222148
 8.688935	 29.555366	 0.844386	 2.101129	 22.198978	 2.102468	 14.575158	 1.294429	-2.170803	 25.183631	 5.418417	-3.209168
 8.654179	 29.437087	 0.841008	 2.092725	 22.110182	 2.070620	 14.516671	 1.289255	-2.185557	 25.051646	 5.396743	-3.196285
 8.619562	 28.819310	 0.837644	 2.084354	 22.021741	 2.050619	 14.458511	 1.284099	-2.188534	 25.435815	 5.375156	-3.183477
 8.585084	 28.454018	 0.834294	 2.076017	 21.933654	 2.036557	 14.400631	 1.278964	-2.185639	 25.576259	 5.353656	-3.170732
 8.550744	 28.715195	 0.830956	 2.067713	 21.845920	 2.025481	 14.343005	 0.773848	-1.679826	 25.595048	 5.332241	-3.158043
 8.516541	 28.787830	 0.827633	 2.059442	 21.758536	 2.015914	 14.285621	 0.521290	-1.424572	 25.553215	 5.310912	-3.145408
 7.982474	 27.766427	 0.824322	 2.051204	 21.171502	 2.007118	 13.728473	 0.895012	-1.794606	 24.481275	 5.289668	-2.632825
 7.700545	 27.202235	 0.821025	 2.042999	 20.836816	 1.998723	 13.423556	 1.079335	-1.975294	 23.898487	 5.268510	-2.372293
 7.544742	 25.366864	 0.817741	 2.034827	 19.128468	 1.990545	 12.244860	 1.168969	-1.561326	 20.560461	 4.747436	-1.237803
 7.452063	 24.402115	 0.814470	 2.026688	 18.239455	 1.982492	 11.633380	 1.211269	-1.352047	 18.857003	 4.478446	-0.670559
 7.391005	 23.872865	 0.811212	 2.018581	 17.760247	 1.974516	 11.305596	 1.229912	-1.245122	 17.970968	 4.335532	-0.386936
 6.845816	 19.061554	 0.807967	 2.010507	 14.486081	 1.966595	 9.619749	 1.236736	-0.189383	 13.493780	 3.255690	 0.754875
 6.560620	 16.627397	 0.804735	 2.002465	 12.826574	 1.958717	 8.760957	 1.237661	 0.336754	 11.237153	 2.711417	 1.321987
 4.905472	 11.381933	 0.801516	 1.494455	 8.474486	 1.950876	 6.315757	 1.735646	 1.098096	 5.590878	 1.934947	 1.601765
 4.071397	 8.746927	 0.798310	 1.238477	 6.290198	 1.943070	 5.085416	 1.980172	 1.475049	 2.767741	 1.544394	 1.737891
 1.647884	 0.917201	 0.795117	 0.608523	 0.689842	 1.435296	 0.962535	 0.597985	 0.659821	-2.643828	-0.153190	 1.302206
 0.437680	-2.983837	 0.791936	 0.293546	-2.100515	 1.179554	-1.092584	-0.091540	 0.252207	-5.333501	-0.998280	 1.082630
-0.665878	-5.920587	 0.288769	 0.136058	-4.485912	 0.549836	-2.613849	-0.934740	 0.048400	-7.162292	-1.417138	 0.971116
-1.214118	-7.371247	 0.037185	 0.057313	-5.664868	 0.234977	-3.366211	-1.352785	-0.053504	-8.058705	-1.622896	 0.913640
-1.484713	-8.078933	-0.088607	 0.017941	-6.240658	 0.077547	-3.734155	-1.558265	-0.104455	-8.489001	-1.722117	 0.883190
-1.616500	-8.415203	-0.151503	-0.501745	-6.514920	-0.001168	-4.409922	-1.157478	-0.129931	-8.686311	-1.768085	 0.866259
-1.678897	-8.565835	-0.182951	-0.759545	-6.638473	-0.040525	-4.737635	-0.955571	-0.142669	-8.767198	-1.787441	 0.856095
-2.206612	-9.123718	-0.198675	-0.886410	-6.686725	-0.060204	-4.891361	-1.353110	-0.149038	-9.289946	-1.793505	 0.849321
-2.465002	-9.383296	-0.206537	-0.947816	-6.697382	-0.070043	-4.958133	-1.548378	-0.152223	-9.531694	-1.792938	 0.844249
-2.588750	-9.493800	-0.210468	-0.976501	-7.189294	-0.574963	-4.981470	-1.642525	-0.153815	-9.633022	-1.789070	 0.840035
-2.645199	-9.529843	-0.212434	-0.988833	-7.419887	-0.825263	-4.983128	-1.686125	-0.154611	-9.664217	-1.783565	 0.836256
-2.668020	-9.528732	-0.213416	-0.992997	-7.519883	-0.948262	-4.973988	-1.704466	-0.155009	-9.160423	-1.777257	 0.832702
-2.674049	-9.509122	-0.213908	-0.993084	-7.554641	-1.007619	-4.959488	-1.710190	-0.155208	-8.891213	-1.770561	 0.829266
-2.671703	-9.480338	-0.214153	-0.991142	-7.556841	-1.035163	-4.942348	-1.709621	-0.155307	-8.739364	-1.763685	 0.825897
-2.665191	-9.447043	-0.214276	-0.988192	-7.542824	-1.046810	-4.923928	-1.205918	-0.155357	-9.146265	-1.756734	 0.822567
-2.656618	-9.411568	-0.214338	-0.984747	-7.520757	-1.050517	-4.904907	-0.952662	-0.155382	-9.330609	-1.749758	 0.819264
-2.647036	-9.375078	-0.214368	-0.981061	-7.494726	-1.050262	-4.885624	-1.324635	-0.155395	-8.903751	-1.742785	 0.815980
-2.636969	-9.338156	-0.214384	-0.977264	-7.466774	-1.048034	-4.866250	-1.507229	-0.155401	-8.673368	-1.735827	 0.812713
-2.626682	-9.301092	-0.214391	-0.973418	-7.437920	-1.044829	-5.346870	-1.095146	-0.155404	-9.041291	-1.728890	 0.809460
-2.616306	-9.264033	-0.214395	-0.969556	-7.408674	-1.041143	-5.575524	-0.887738	-0.155405	-9.206434	-1.721978	 0.806222
-2.605906	-9.227049	-0.214397	-0.965694	-7.379293	-1.037225	-5.178243	-1.282674	-0.155406	-8.770262	-1.715091	 0.802996
-2.595515	-9.190177	-0.214398	-0.961839	-7.349902	-1.033199	-4.970041	-1.476786	-0.155407	-8.535508	-1.708232	 0.799784
-2.585149	-9.153434	-0.214399	-0.957996	-7.320566	-1.029128	-4.856416	-1.570501	-0.155407	-8.401529	-1.701399	 0.796585
-2.574817	-9.616829	-0.214399	-0.954166	-7.291316	-1.025042	-4.790118	-1.114030	-0.155407	-8.318005	-1.694594	 0.793399
-2.564522	-9.828366	-0.214399	-0.950350	-7.262166	-1.020958	-4.747521	-0.884479	-0.155407	-8.259774	-1.687816	 0.790225
-2.554266	-9.414055	-0.214399	-0.946549	-7.233125	-1.016882	-4.716813	-0.768394	-0.155407	-8.214255	-1.681064	 0.787064
-2.544050	-9.188900	-0.214399	-0.942763	-7.204197	-1.012818	-4.692087	-0.709047	-0.155407	-8.175158	-1.674340	 0.783916
-2.533874	-9.058395	-0.214399	-0.938992	-7.175382	-1.008768	-4.670389	-0.678074	 0.344593	-8.139338	-1.667643	 0.780780
-2.523739	-8.975287	-0.214399	-0.935236	-7.146681	-1.004734	-4.650243	-0.661293	 0.592904	-8.105220	-1.660972	 0.777657
-2.513644	-9.915948	-0.714399	-0.931495	-7.118095	-0.500716	-4.630909	-0.651613	 0.215377	-8.072020	-1.654328	 0.774546
-2.503589	-10.364566	-0.961970	-0.927769	-7.089623	-0.248707	-4.612020	-0.645490	 0.026613	-8.039342	-1.647711	 0.771448
-2.493575	-10.567248	-1.083337	-0.924058	-7.061265	-0.122702	-4.593388	-0.641149	-0.067768	-8.006989	-1.641120	 0.768362
-2.483601	-9.647050	-0.641611	-0.420362	-7.033020	-0.059700	-4.574923	-0.637706	 0.385041	-7.974864	-1.634556	 1.265289
-2.473666	-9.169497	-0.420748	-0.168514	-7.004888	-0.028199	-4.556578	-0.634715	 0.609770	-7.942916	-1.628018	 1.510228
-2.463772	-8.913336	-0.310316	-0.542590	-6.476868	-0.012448	-4.038329	-0.631956	 0.720465	-7.411120	-1.621505	 1.129187
-2.453917	-8.767942	-0.255100	-0.727795	-6.200961	-0.004573	-3.772164	-0.629319	 0.774150	-7.131463	-1.615019	 0.937170
-2.444101	-8.177999	-0.227492	-0.318571	-6.051157	-0.000635	-4.132070	-0.626746	 0.299337	-7.477931	-1.608559	 1.339671
-2.434325	-7.867852	-0.213689	-0.113959	-5.964452	 0.001334	-4.303038	-0.624212	 0.061931	-7.635516	-1.602125	 1.537438
-2.424587	-8.197663	-0.206787	-0.511653	-6.409344	 0.002318	-4.379575	-0.621701	-0.056772	-7.698723	-1.595717	 1.132851
-2.414889	-8.345513	-0.203336	-0.708682	-6.618082	 0.002810	-4.408931	-0.619208	-0.116124	-7.714802	-1.589334	 0.929100
-2.405229	-8.402452	-0.201610	-0.805384	-6.708797	 0.003056	-4.414732	-0.616727	-0.145800	-7.707380	-1.582976	 0.825775
-2.395608	-8.414002	-0.200747	-0.851931	-6.740556	 0.003179	-4.408792	-0.614259	 0.339362	-7.688269	-1.576645	 0.772667
-2.386026	-8.402927	-0.200316	-0.873408	-6.742890	 0.003241	-4.397016	-0.611801	 0.580294	-7.663375	-1.570338	 0.744674
-2.376482	-8.380605	-0.200100	-0.882357	-6.730567	-0.496728	-4.382358	-0.609353	 0.699118	-7.635651	-1.564057	 0.729244
-2.366976	-8.352728	-0.199992	-0.885048	-6.710969	-0.744719	-4.366293	-0.606916	 0.756894	-7.606573	-1.557800	 0.720101
-2.357508	-8.322139	-0.199938	-0.884619	-6.687787	-0.366730	-4.349560	-0.604488	 0.784152	-7.576880	-1.551569	 0.714108
-2.348078	-8.290262	-0.199912	-0.882635	-6.662867	-0.177735	-4.332528	-0.602070	 0.796159	-7.546938	-1.545363	 0.709695
-2.338686	-8.257806	-0.199898	-0.879883	-6.137131	-0.583237	-4.315381	-0.599662	 0.800546	-7.516934	-1.539181	 0.706078
-2.329331	-8.225128	-0.199891	-0.876752	-5.863041	-0.784011	-4.298211	-0.597263	 0.801129	-7.486957	-1.533025	 0.702865
-2.320014	-8.192404	-0.199888	-0.873439	-5.714817	-0.882428	-4.281064	-0.594874	 0.799818	-7.457055	-1.526893	 0.699859
-2.310734	-8.159723	-0.199886	-0.870043	-6.129573	-0.929675	-4.263963	-1.092494	 0.797565	-7.427250	-1.520785	 0.696962
-2.301491	-8.127128	-0.199885	-0.866611	-6.323862	-0.951345	-4.246918	-1.338124	 0.794848	-7.397552	-1.514702	 0.694126
-2.292285	-8.094641	-0.199885	-0.363169	-6.407970	-0.460234	-4.229936	-0.957772	 0.791905	-7.367968	-1.508643	 0.691325
-2.283116	-8.062274	-0.199885	-0.111448	-6.437040	-0.214678	-4.213019	-0.766441	 0.788856	-7.338499	-1.502609	 0.688547
-2.273983	-8.030030	-0.199885	 0.014413	-6.438642	-0.591900	-4.196169	-0.669625	 0.785759	-7.309146	-1.496598	 0.685787
-2.264887	-7.997913	-0.199885	 0.077343	-6.426563	-0.778573	-4.179385	-0.620072	 0.782646	-7.279910	-1.490612	 0.683041
-2.255828	-7.965923	-0.199885	 0.108808	-5.907695	-0.869979	-4.162668	-0.594154	 0.779530	-7.250791	-1.484649	 0.680307
-2.246804	-7.934060	-0.199885	 0.124541	-5.637483	-0.913759	-4.146017	-0.580058	 0.776419	-7.221788	-1.478711	 0.677585
-2.237817	-7.902324	-0.199885	 0.132407	-5.491642	-0.933734	-4.129433	-0.571879	 0.773317	-7.192901	-1.472796	 0.674875
-2.228866	-7.870714	-0.199885	-0.363660	-5.408030	-0.441815	-4.112916	-0.566662	 0.770226	-7.164130	-1.466905	 0.672175
-2.219950	-7.839232	-0.199885	-0.609974	-5.355576	-0.195855	-4.096464	-0.562930	 0.767146	-7.135473	-1.461037	 0.669486
-2.211071	-7.807875	-0.199885	-0.231418	-5.818742	-0.072875	-4.080078	-0.559946	 0.764078	-7.106931	-1.455193	 0.666808
-2.202226	-7.776643	-0.199885	-0.042141	-6.037761	-0.011385	-4.063758	-0.557340	 0.761022	-7.078504	-1.449372	 0.664141
-2.193417	-7.745537	-0.199885	-0.447502	-6.134758	 0.019360	-4.047503	-0.554927	 0.757978	-7.550189	-1.443575	 0.661484
-2.184644	-7.714555	-0.199885	-0.648477	-6.170792	 0.034733	-4.031313	-0.552616	 0.754946	-7.769989	-1.437800	 0.658838
-2.175905	-7.683696	-0.199885	-0.247265	-5.676396	-0.457581	-4.015187	-0.550360	 0.751926	-7.363909	-1.432049	 0.656203
-2.167202	-7.652962	-0.199885	-0.046659	-5.418834	-0.701838	-3.999127	-0.548136	 0.748919	-7.146953	-1.426321	 0.653578
-2.158533	-7.622350	-0.199885	 0.053644	-5.279730	-0.822074	-3.983130	-0.545932	 0.745923	-7.024615	-1.420616	 0.650964
-2.149899	-7.591860	-0.199885	-0.396205	-5.199897	-0.880308	-3.967198	-0.543742	 0.742939	-6.949642	-1.414933	 0.648360
-2.141299	-7.561493	-0.199885	-0.619437	-5.149740	-0.907548	-3.951329	-0.541564	 0.739967	-6.898406	-1.409273	 0.645767
-2.132734	-7.531247	-0.199885	-0.729368	-5.614463	-0.919298	-3.935524	-0.539397	 0.737008	-6.859093	-1.403636	 0.643184
-2.124203	-7.501122	-0.199885	-0.782655	-5.834666	-0.923311	-3.919781	-0.537238	 0.734060	-6.825798	-1.398022	 0.640611
-2.615706	-7.471118	-0.199885	-0.807626	-5.932657	-0.423463	-3.904102	-0.535089	 0.731123	-6.795565	-1.392430	 0.638048
-2.855243	-7.441233	-0.199885	-0.818447	-5.969592	-0.173539	-3.888486	-0.532949	 0.728199	-6.766918	-1.386860	 0.635496
-2.468822	-7.411468	-0.199885	-0.822198	-5.976046	-0.548577	-3.872932	-0.530817	 0.725286	-6.739118	-1.381313	 0.632954
-2.271447	-7.381822	-0.199885	-0.822422	-5.967308	-0.734248	-3.857440	-0.528693	 0.722385	-6.711795	-1.375787	 0.630422
-2.168611	-7.352295	-0.199885	-0.820889	-5.951022	-0.825244	-3.842010	-0.526579	 0.719495	-6.684765	-1.370284	 0.627901
-2.113062	-7.322886	-0.199885	-0.818484	-5.931010	-0.868910	-3.826642	-0.524472	 0.716617	-6.657934	-1.364803	 0.625389
-2.081172	-7.293594	-0.199885	-0.815649	-5.909181	-0.888918	-3.811336	-0.522374	 0.713751	-6.631257	-1.359344	 0.622888
-2.061129	-7.264420	-0.199885	-0.812606	-5.886492	-0.897104	-3.796091	-1.020285	 0.710896	-6.604709	-1.353906	 0.620396
-2.047025	-7.235362	-0.199885	-0.809465	-5.863420	-0.899386	-3.780906	-1.266204	 0.708052	-6.578278	-1.348491	 0.617914
-2.035907	-7.206421	-0.199885	-0.806282	-5.840204	-0.898724	-3.765783	-0.886139	 0.205220	-6.551959	-1.343097	 0.615443
-2.026298	-7.177595	-0.199885	-0.803085	-5.816961	-0.896597	-3.750719	-0.695094	-0.046196	-6.525749	-1.337724	 0.612981
-2.017461	-7.148885	-0.199885	-0.799886	-5.793753	-0.893744	-3.735717	-1.098564	-0.171904	-6.499644	-1.332374	 0.610529
-2.009025	-7.120289	-0.199885	-0.796693	-5.770607	-0.890536	-3.720774	-1.297295	-0.234758	-6.473645	-1.327044	 0.608087
-2.000806	-7.091808	-0.199885	-0.793510	-5.747540	-0.887157	-3.705891	-0.893668	 0.233815	-6.447750	-1.321736	 0.605655
-1.992711	-7.063441	-0.199885	-0.790338	-5.724557	-0.883700	-3.691067	-0.691855	 0.466697	-6.421959	-1.316449	 0.603232
-1.984694	-7.035187	-0.199885	-0.787177	-5.701662	-0.880212	-3.676303	-0.590948	 0.581738	-6.396271	-1.311183	 0.600819
-1.976732	-7.007046	-0.199885	-0.784029	-5.678858	-0.876714	-3.661598	-1.040495	 0.637866	-6.370686	-1.305938	 0.598416
-1.968814	-6.979018	-0.199885	-0.780893	-5.656143	-0.873218	-3.646951	-1.262288	 0.664541	-6.345203	-1.300715	 0.596022
-2.460933	-6.951102	-0.199885	-0.777769	-5.633519	-0.869731	-3.632363	-1.370216	 0.676497	-6.319822	-1.295512	 0.593638
-2.701087	-6.923298	-0.199885	-0.774658	-5.610985	-0.866255	-3.617834	-1.421224	 0.681098	-6.294543	-1.290330	 0.591263
-2.815281	-6.895604	-0.699885	-0.771560	-5.588541	-0.862791	-3.603363	-0.943784	 0.182027	-6.269365	-1.285168	 0.588898
-2.866519	-6.868022	-0.947485	-0.768474	-5.566187	-0.859341	-3.588949	-0.705064	-0.067509	-6.244287	-1.280028	 0.586543
-2.886302	-6.840550	-0.568895	-0.765400	-5.543923	-0.855904	-3.574593	-0.585703	 0.307723	-6.219310	-1.274908	 0.584197
-2.890382	-6.813188	-0.379600	-0.762338	-5.521747	-0.852481	-3.560295	-0.526023	 0.493973	-6.194433	-1.269808	 0.581860
-2.886633	-6.785935	-0.284952	-0.759289	-5.499660	-0.849071	-3.546054	-0.496183	 0.585738	-6.169655	-1.264729	 0.579532
-2.378993	-6.758791	-0.237628	-0.756252	-5.477661	-0.345674	-3.531870	-0.481263	 0.630265	-6.144977	-1.259670	 0.577214
-2.121430	-6.731756	-0.213967	-0.753227	-5.455751	-0.093976	-3.517742	-0.473803	 0.651180	-6.120397	-1.254631	 0.574905
-1.988921	-6.704829	-0.202136	-0.750214	-5.433928	-0.468127	-3.503671	-0.470073	 0.660292	-6.095915	-1.249613	 0.572606
-1.918953	-6.678010	-0.196220	-0.747213	-5.412192	-0.653518	-3.489656	-0.468208	 0.663510	-6.071531	-1.244614	 0.570315
-1.880272	-6.651298	-0.193262	-0.744224	-4.890543	-0.744536	-3.475698	-0.467276	 0.663785	-6.047245	-1.239636	 0.568034
-1.857248	-6.624692	-0.191784	-0.741247	-4.620981	-0.788374	-3.461795	-0.466810	 0.662595	-6.023056	-1.234677	 0.565762
-1.842067	-6.598194	-0.191044	-0.738282	-4.977497	-0.808628	-3.947948	-0.466576	 0.660677	-5.998964	-1.229738	 0.563499
-1.830823	-6.571801	-0.190674	-0.735329	-5.145087	-0.817097	-4.182156	-0.466460	 0.658400	-5.974968	-1.224820	 0.561245
-1.821562	-6.545514	-0.190490	-0.732388	-5.218257	-0.819681	-4.290427	-0.466402	 0.655950	-5.951068	-1.219920	 0.559000
-1.813307	-6.519332	-0.190397	-0.729458	-5.244259	-0.819328	-3.835766	-0.466372	 0.653418	-5.927264	-1.215041	 0.556764
-1.805569	-6.493254	-0.190351	-0.726540	-5.246719	-0.817514	-3.601673	-0.466358	 0.650850	-5.903555	-1.210180	 0.554537
-1.798105	-6.467281	-0.190328	-0.723634	-5.237451	-0.814975	-3.477891	-0.466351	 0.648269	-5.879941	-1.205340	 0.552319
-1.790791	-6.441412	-0.190316	-0.720740	-5.222361	-0.812081	-3.409292	-0.466347	 0.645688	-5.856421	-1.200518	 0.550109
-1.783567	-6.415646	-0.190310	-0.717857	-5.204401	-0.809016	-3.368311	-0.466345	 0.643110	-5.832995	-1.195716	 0.547909
-1.776403	-6.389984	-0.190308	-0.714985	-5.185048	-0.805871	-3.341166	-0.466344	 0.640541	-5.809663	-1.190933	 0.545717
-2.269282	-6.364424	-0.190306	-0.712125	-5.165040	-0.802693	-3.320965	-0.466344	 0.637980	-5.786425	-1.186170	 0.543535
-2.510197	-6.338966	-0.190305	-0.709277	-5.144746	-0.799506	-3.304263	-0.466344	 0.635429	-5.763279	-1.181425	 0.541360
-2.625153	-6.313610	-0.190305	-0.706440	-5.124350	-0.796319	-3.289337	-0.466343	 0.632888	-5.740226	-1.176699	 0.539195
-2.177150	-6.288356	-0.190305	-0.703614	-5.103945	-0.793139	-3.275326	-0.466343	 0.630356	-5.717265	-1.171992	 0.537038
-1.949691	-6.263203	-0.190305	-0.700799	-5.083575	-0.789970	-3.261797	-0.466343	 0.627835	-5.694396	-1.167305	 0.534890
-1.832516	-6.738150	-0.190305	-0.697996	-5.063263	-1.286811	-3.248536	-0.466343	 0.125324	-5.671618	-1.162635	 0.532750
-1.770499	-6.961197	-0.190305	-0.695204	-5.043022	-1.531665	-3.235435	-0.466343	-0.125932	-5.648932	-1.157985	 0.530619
-1.736073	-6.558352	-0.190305	-0.692423	-4.522855	-1.150538	-3.222440	-0.466343	 0.248440	-5.626336	-1.153353	 0.528497
-1.715456	-6.344619	-0.190305	-0.689654	-4.254767	-0.958436	-3.209524	-0.466343	 0.434381	-5.603831	-1.148739	 0.526383
-1.701759	-6.225490	-0.190305	-0.686895	-4.112749	-0.860853	-3.196672	-0.466343	 0.526110	-5.581416	-1.144144	 0.524277
-1.691534	-6.153713	-0.190305	-0.684148	-4.033799	-0.810534	-3.183879	-0.466343	 0.570739	-5.559090	-1.139568	 0.522180
-1.683059	-6.105661	-0.190305	-0.681411	-3.986414	-0.783855	-3.171140	-0.466343	 0.591823	-5.536854	-1.135010	 0.520092
-1.675472	-6.069520	-0.690305	-0.678685	-3.954843	-0.769001	-3.158454	-0.466343	 0.601139	-5.014706	-1.130470	 0.518011
-1.668343	-6.039382	-0.937924	-0.675971	-3.931212	-0.760065	-3.145819	-0.466343	 0.604576	-4.744647	-1.125948	 0.515939
-1.661456	-6.012295	-0.559363	-0.673267	-4.411581	-0.754095	-3.133235	-0.466343	 0.605079	-5.100669	-1.121444	 0.513875
-1.654703	-5.986781	-0.370082	-0.670574	-4.641981	-0.749614	-3.120702	-0.466343	 0.604119	-5.267766	-1.116958	 0.511820
-1.648031	-5.962102	-0.775442	-0.667891	-4.747437	-0.745883	-3.108219	-0.466343	 0.602433	-5.340445	-1.112490	 0.509773
-1.641412	-5.937887	-0.975760	-0.665220	-4.790459	-0.742533	-3.095786	-0.466343	 0.600388	-5.365958	-1.108040	 0.507734
-1.634833	-5.913952	-0.573567	-0.662559	-4.802303	-0.739380	-3.083403	-0.466343	 0.598169	-5.367932	-1.103608	 0.505703
-1.628287	-5.890205	-0.372470	-0.659909	-4.798596	-0.736331	-3.071070	-0.466343	 0.595868	-5.358179	-1.099194	 0.503680
-1.621771	-5.866598	-0.271922	-0.657269	-4.787154	-0.733340	-3.058785	-0.466343	 0.593530	-5.342606	-1.094797	 0.501665
-1.615282	-5.843109	-0.221648	-0.654640	-4.771881	-0.730384	-3.046550	-0.466343	 0.591179	-5.324165	-1.090418	 0.500658
-1.608820	-5.819725	-0.196511	-0.652021	-4.754731	-0.727451	-3.034364	-0.466343	 0.588825	-5.304333	-1.086056	 0.500154
-1.602384	-5.796440	-0.183942	-0.649413	-4.236681	-0.724535	-3.022226	-0.466343	 0.586476	-5.283848	-1.081712	 0.499902
-1.595974	-5.773252	-0.177658	-0.646816	-3.970219	-0.721634	-3.010138	-0.466343	 0.584133	-5.263079	-1.077385	 0.499776
-1.589590	-5.750157	-0.174516	-0.644228	-4.329580	-0.718746	-2.998097	-0.466343	 0.581798	-5.242210	-1.073075	 0.499713
-1.583232	-5.727156	-0.172945	-0.641651	-4.499883	-0.715871	-2.986105	-0.466343	 0.579471	-5.221332	-1.068783	 0.499682
-1.576899	-5.704247	-0.172159	-0.639085	-4.575694	-0.713007	-2.974160	-0.466343	 0.577154	-5.200493	-1.064508	 0.499666
-1.570591	-5.681430	-0.171767	-0.636529	-4.604296	-0.710155	-2.962264	-0.466343	 0.574845	-5.179714	-1.060250	 0.499658
-1.564309	-5.658704	-0.171570	-0.633982	-4.609332	-0.707314	-2.950415	-0.466343	 0.572546	-5.159006	-1.056009	 0.499654
-1.558052	-5.636069	-0.171472	-0.631446	-4.102621	-0.704485	-2.938613	-0.466343	 0.570256	-5.138376	-1.051785	 0.499652
-1.551820	-5.613525	-0.171423	-0.628921	-3.842074	-0.701667	-2.926858	-0.466343	 0.567975	-5.117825	-1.047578	 0.499651
-2.045612	-5.591071	-0.671398	-0.626405	-4.204637	-0.698860	-2.915151	-0.966343	 0.565703	-5.097356	-1.043388	 0.499651
-2.287430	-5.568707	-0.919043	-0.623899	-4.376784	-0.696064	-2.903490	-1.213411	 0.563440	-5.076967	-1.039214	 0.499651
-1.903280	-5.546432	-0.540532	-0.621404	-4.453760	-0.693280	-2.891876	-0.834023	 0.561186	-5.056659	-1.035057	 0.499651
-1.708167	-5.524246	-0.351277	-0.618918	-4.483186	-0.690507	-2.880309	-0.644330	 0.558941	-5.036433	-1.030917	 0.499650
-2.107584	-5.502149	-0.756649	-0.616443	-4.488874	-1.187745	-2.868788	-1.049483	 0.556706	-5.516287	-1.026793	 0.499650
-2.302279	-5.480140	-0.957011	-0.613977	-4.482729	-1.432994	-2.857313	-1.249150	 0.554479	-5.744222	-1.022686	 0.499650
-2.394632	-5.458220	-1.054878	-0.611521	-4.470703	-1.552262	-2.845883	-1.346086	 0.552261	-5.846245	-1.018595	 0.499650
-2.435835	-5.436387	-1.101505	-0.609075	-4.455773	-1.108553	-2.834500	-0.891668	 0.550052	-5.385360	-1.014521	 0.499650
-2.451482	-5.414641	-1.122523	-0.606638	-4.439426	-0.885369	-2.823162	-0.664459	 0.547852	-5.145069	-1.010463	 0.499650
-2.454372	-5.392983	-0.630745	-0.604212	-4.422407	-0.772452	-2.811869	-0.550855	 0.545660	-5.015114	-1.006421	 0.499650
-2.450902	-5.371411	-0.384855	-0.601795	-4.405086	-0.714675	-2.800622	-0.494052	 0.543478	-4.940366	-1.002395	 0.499650
-2.444272	-5.349925	-0.761911	-0.599388	-3.887650	-0.684473	-2.789419	-0.465651	 0.541304	-4.893260	-0.998386	 0.499650
-2.436082	-5.328526	-0.948161	-0.596990	-3.622192	-0.668063	-2.778261	-0.451451	 0.539139	-4.860015	-0.994392	 0.499650
-1.927131	-5.307211	-0.539017	-0.594602	-3.482749	-0.658555	-2.767148	-0.444350	 0.036982	-4.833739	-0.990415	 0.499650
-1.669819	-5.285983	-0.334445	-0.592224	-3.406342	-0.652502	-2.756080	-0.440800	-0.214096	-4.810987	-0.986453	 0.499650
-1.538338	-5.264839	-0.232159	-0.589855	-3.361478	-0.648183	-2.745055	-0.439025	-0.339635	-4.790034	-0.982507	 0.499650
-1.469784	-5.243779	-0.181016	-0.587496	-3.832413	-0.644736	-2.734075	-0.438138	 0.097595	-4.770019	-0.978577	 0.499650
-1.432705	-5.222804	-0.155444	-0.585146	-4.059273	-0.641730	-2.723139	-0.437694	 0.315141	-4.750512	-0.974663	 0.499650
-1.911374	-5.201913	-0.642659	-0.582805	-3.664131	-0.638950	-2.712246	-0.437472	 0.422848	-4.731296	-0.970764	 0.499650
-2.145928	-5.181105	-0.884006	-0.580474	-3.460022	-0.636287	-2.701397	-0.437361	 0.475641	-4.712264	-0.966881	 0.499650
-2.258444	-5.160381	-0.502429	-0.578152	-3.351456	-0.633688	-2.690592	-0.437306	 0.500980	-4.693362	-0.963014	 0.499650
-2.309960	-5.139739	-0.311640	-0.575839	-3.290687	-0.631127	-2.679829	-0.437278	 0.512597	-4.674561	-0.959162	 0.499650
-1.830996	-5.119180	-0.216246	-0.573536	-3.253843	-0.628589	-2.669110	-0.437264	 0.517357	-5.155850	-0.955325	 0.499650
-1.588809	-5.098704	-0.168549	-0.571242	-3.228987	-0.626068	-2.658434	-0.437257	 0.518693	-5.385220	-0.951504	 0.499650
-1.465023	-5.078309	-0.144700	-0.568957	-3.210150	-0.623560	-2.647800	-0.437254	 0.518321	-5.488675	-0.947698	 0.499650
-1.400447	-5.057996	-0.132776	-0.566681	-3.194350	-0.621064	-2.637209	-0.437252	 0.517099	-4.529219	-0.943907	 0.499650
-1.365487	-5.037764	-0.126814	-0.564414	-3.180092	-0.618579	-2.626660	-0.437251	 0.515456	-4.042351	-0.940131	 0.499650
-1.845346	-5.017613	-0.623833	-0.562157	-3.666632	-0.616105	-2.616153	-0.437251	 0.513607	-4.291807	-0.936371	 0.499650
-2.080626	-4.997542	-0.870101	-0.559908	-3.901595	-0.613640	-2.605689	-0.437250	 0.511659	-4.407452	-0.932625	 0.499650
-1.693633	-4.977552	-0.991002	-0.557668	-4.010804	-0.611185	-2.595266	-0.437250	 0.509666	-4.456228	-0.928895	 0.499650
-1.497524	-4.957642	-1.049229	-0.555438	-4.057168	-0.608741	-2.584885	-0.437250	 0.507654	-4.471606	-0.925179	 0.499650
-1.396866	-4.937811	-0.576127	-0.553216	-4.072143	-0.606306	-2.574545	-0.437250	 0.505636	-4.470321	-0.921478	 0.499650
-1.343945	-4.918060	-0.339576	-0.551003	-4.071456	-0.603880	-2.564247	-0.437250	 0.503620	-4.460741	-0.917792	 0.499650
-1.314903	-4.898388	-0.221301	-0.548799	-4.062972	-0.601465	-2.553990	-0.437250	 0.501609	-4.447048	-0.914121	 0.499650
-1.797810	-4.878794	-0.662163	-0.546604	-4.050620	-0.599059	-2.543774	-0.437250	 0.000604	-4.431335	-0.910465	 0.499650
-2.034702	-4.859279	-0.880388	-0.544417	-4.036368	-0.596663	-2.533599	-0.437250	-0.248898	-4.414647	-0.906823	 0.499650
-1.648605	-4.839842	-0.987304	-0.542240	-4.021198	-0.594276	-2.523465	-0.437250	-0.373649	-4.397508	-0.903196	 0.499650
-1.453031	-4.820483	-1.038573	-0.540071	-4.005600	-0.591899	-2.513371	-0.437250	-0.436025	-4.380177	-0.899583	 0.499650
-1.852729	-4.801201	-1.062028	-0.537911	-3.989822	-0.589531	-2.503317	-0.437250	 0.032787	-4.362786	-0.895985	 0.499650
-2.048073	-4.781996	-1.071584	-0.535759	-3.973984	-0.587173	-2.493304	-0.437250	 0.266190	-4.345400	-0.892401	 0.499650
-1.641259	-4.762868	-1.074200	-0.533616	-3.958149	-0.584825	-2.483331	-0.437250	 0.382892	-4.328051	-0.888831	 0.499650
-1.935383	-4.743816	-1.073355	-0.531481	-3.942347	-0.582485	-2.473398	-0.937250	 0.441243	-4.310755	-1.385276	 0.499650
-2.077985	-4.724841	-1.070787	-0.529356	-3.926593	-0.580155	-2.463504	-1.184376	 0.470418	-4.293520	-1.629735	 0.499650
-2.144846	-4.705942	-1.067366	-0.527238	-3.910894	-0.577835	-2.453650	-1.305075	 0.485006	-4.276350	-1.748216	 0.499650
-2.173852	-4.687118	-1.563528	-0.525129	-3.895254	-0.575523	-2.443835	-1.362574	 0.492299	-4.259246	-1.303723	 0.499650
-2.183950	-4.668370	-1.807490	-0.523029	-3.879675	-0.573221	-2.434060	-1.388483	 0.495946	-4.242210	-1.079758	 0.499650
-2.184611	-4.649696	-1.425368	-0.520937	-3.864158	-0.570928	-2.424324	-0.898608	 0.497770	-4.225242	-0.966064	 0.499650
-2.180571	-4.631097	-1.232220	-0.518853	-3.848701	-0.568645	-2.414626	-0.653671	 0.498682	-4.208341	-0.907512	 0.499650
-2.174197	-4.612573	-1.133568	-0.516777	-3.333307	-0.566370	-2.404968	-0.531203	 0.499137	-4.191508	-0.876538	 0.499650
-2.166675	-4.594123	-1.082173	-0.514710	-3.069974	-0.564105	-2.395348	-0.469968	 0.499365	-4.174742	-0.859360	 0.499650
-1.658596	-4.575746	-1.054413	-0.512651	-3.432694	-0.561848	-2.385767	-0.439351	 0.499479	-4.158043	-0.849087	 0.499650
-1.402255	-4.557443	-1.038480	-0.510601	-3.606463	-0.559601	-2.376224	-0.424043	 0.499536	-4.141411	-0.842273	 0.499650
-1.271793	-4.539213	-1.028468	-0.508558	-3.685787	-0.557362	-2.366719	-0.416388	 0.499565	-4.124845	-0.837194	 0.499650
-1.704279	-4.521056	-1.021426	-0.506524	-3.717919	-0.555133	-2.357252	-0.412561	-0.000421	-4.108346	-0.832991	 0.499650
-1.916249	-4.502972	-1.015876	-0.504498	-3.726485	-0.552912	-2.347823	-0.410648	-0.249413	-4.091912	-0.829232	 0.499650
-2.017977	-4.484960	-1.011080	-0.502480	-3.723298	-0.550701	-2.338432	-0.409691	-0.373909	-4.075545	-0.825701	 0.499650
-2.064602	-4.467020	-1.006670	-0.500470	-3.714264	-0.548498	-2.329078	-0.409213	-0.436157	-4.059243	-0.822292	 0.499650
-2.083692	-4.449152	-1.002460	-0.499465	-3.702337	-0.546304	-2.319762	-0.908973	 0.032719	-4.043006	-0.818949	 0.499650
-2.089031	-4.431356	-0.998358	-0.498963	-3.688992	-0.544119	-2.310482	-1.156036	 0.266154	-4.026834	-0.815647	 0.499650
-2.087512	-4.413630	-0.994319	-0.498711	-3.674969	-0.541942	-2.301241	-1.276762	 0.382871	-4.010726	-0.812371	 0.499650
-2.082581	-4.395976	-0.990319	-0.498586	-3.660635	-0.539774	-2.292036	-1.334329	 0.441230	-3.994683	-0.809115	 0.499650
-2.075960	-4.378392	-0.986346	-0.498523	-3.646176	-0.537615	-2.282867	-1.360329	 0.470409	-3.978705	-0.805875	 0.499650
-2.068510	-4.360878	-0.982395	-0.498492	-3.631682	-0.535465	-2.273736	-0.870557	 0.484999	-3.962790	-0.802650	 0.499650
-2.060664	-4.343435	-0.978463	-0.498476	-3.617201	-0.533323	-2.264641	-0.625670	 0.492294	-3.946939	-0.799438	 0.499650
-2.052635	-4.326061	-0.974548	-0.498468	-3.602756	-0.531190	-2.255582	-1.003227	-0.004059	-3.931151	-0.796240	 0.499650
-2.044531	-4.308757	-0.970649	-0.498464	-3.588356	-0.529065	-2.246560	-1.189244	-0.251234	-3.915426	-0.793055	 0.499650
-2.036406	-4.291522	-0.966766	-0.498462	-3.574008	-0.526949	-2.237574	-0.779502	-0.374822	-3.899765	-1.289883	 0.499650
-2.028287	-4.274356	-0.962898	-0.498461	-3.559715	-0.524841	-2.228624	-0.574631	-0.436616	-3.884166	-1.534723	 0.499650
-2.020188	-4.257258	-0.959047	-0.498461	-3.545478	-1.022742	-2.219709	-0.472195	 0.032487	-3.868629	-1.153584	 0.499650
-2.012113	-4.240229	-0.955210	-0.498460	-3.531296	-1.268651	-2.210830	-0.420978	 0.266036	-3.853154	-0.961470	 0.499650
-2.004068	-4.223268	-0.951390	-0.498460	-3.517172	-1.388576	-2.201987	-0.395369	 0.382810	-3.837742	-0.863874	 0.499650
-1.996054	-4.206375	-0.947584	-0.498460	-3.503103	-0.945522	-2.193179	-0.882564	-0.058803	-3.822391	-0.813543	 0.499650
-1.988070	-4.189550	-0.943794	-0.498460	-3.489091	-0.722990	-2.184406	-1.123423	-0.278609	-3.807101	-0.786852	 0.499650
-1.980118	-4.172792	-0.940019	-0.498460	-3.475134	-0.610723	-2.175669	-0.741123	 0.111488	-4.291873	-0.771986	 0.499650
-1.972198	-4.156100	-0.936258	-0.498460	-3.461234	-0.554589	-2.166966	-0.549973	 0.305534	-4.524705	-0.763038	 0.499650
-1.964310	-4.139476	-0.932513	-0.498460	-3.447389	-0.526522	-2.158298	-0.454399	 0.402556	-4.131607	-1.257056	 0.499650
-1.956452	-4.122918	-0.928783	-0.498460	-3.433599	-0.512489	-2.149665	-0.406611	 0.451068	-3.927580	-1.500563	 0.499650
-1.948627	-4.106426	-0.925068	-0.498460	-3.419865	-0.505472	-2.141066	-0.382717	 0.475324	-3.818120	-1.118829	 0.499650
-1.940832	-4.090001	-0.921368	-0.498460	-3.406186	-0.501964	-2.132502	-0.370771	 0.487451	-3.755972	-0.926487	 0.499650
-1.933069	-4.073641	-0.917682	-0.498460	-3.392561	-0.500210	-2.123972	-0.364797	 0.493515	-3.717511	-0.828848	 0.499650
-1.925336	-4.057346	-0.914012	-0.498460	-3.378991	-0.499333	-2.115476	-0.361810	-0.003453	-3.690922	-0.778566	 0.499650
-1.917635	-4.041117	-0.910356	-0.498460	-3.365475	-0.498894	-2.107014	-0.360317	-0.250936	-3.670299	-0.751969	 0.499650
-1.909965	-4.024952	-0.906714	-0.498460	-3.352013	-0.498675	-2.098586	-0.859570	-0.374678	-3.652688	-1.237219	 0.499650
