-2.596285	-1.972854	-0.697702	-0.627906	-4.276931	-1.077266	-2.775052	-0.924204	 0.006050	-1.496338	-2.420526	 0.338594
-2.585900	-1.964963	-0.694911	-0.625395	-4.259823	-1.072957	-2.763905	-0.922455	 0.006050	-1.394890	-2.528275	 0.340370
-2.575557	-1.957103	-0.692132	-0.622893	-4.242784	-1.068665	-2.752827	-0.919740	-0.493950	-1.341579	-2.076877	 0.341258
-2.565254	-1.949275	-0.689363	-0.620401	-4.225813	-1.064391	-2.741804	-0.916548	-0.741962	-1.312347	-1.847928	 0.341702
-2.554993	-1.941478	-0.686606	-0.617920	-4.208910	-1.060133	-2.730831	-0.913125	-0.363988	-1.295165	-2.230215	 0.341924
-2.544773	-1.933712	-0.683859	-0.615448	-4.192074	-1.055893	-2.719905	-0.909595	-0.175001	-1.284018	-2.416133	 0.342035
-2.534594	-1.925977	-0.681124	-0.612986	-4.175306	-1.051669	-2.709023	-0.906017	-0.080508	-1.775899	-2.503889	 0.342090
-2.524456	-1.918273	-0.678399	-0.610534	-4.158605	-1.047463	-2.698187	-0.902424	-0.033261	-2.017303	-2.542583	 0.342118
-2.514358	-1.910600	-0.675686	-1.108092	-4.141970	-1.043273	-2.687394	-0.398829	-0.009637	-2.633488	-2.056768	 0.342132
-2.504301	-1.902958	-0.672983	-1.353660	-4.125402	-1.039100	-2.676644	-0.147032	 0.002174	-2.935082	-1.810718	 0.342139
-2.494284	-1.895346	-0.670291	-1.473245	-4.108901	-1.034943	-2.665937	-0.021133	 0.008080	-3.079405	-1.684564	 0.342142
-2.484306	-1.887764	-0.667610	-1.029852	-4.092465	-1.030803	-2.655273	 0.041816	 0.011033	-2.145119	-2.118370	 0.342144
-2.474369	-1.880213	-0.664939	-0.806983	-4.076095	-1.026680	-2.644652	 0.073291	 0.012509	-1.675554	-2.330169	 0.342145
-1.964472	-1.872692	-0.662280	-0.694380	-4.059791	-1.022573	-2.634074	 0.089028	 0.013248	-1.938360	-1.930984	 0.342145
-1.706614	-1.865202	-0.659630	-0.636915	-4.043552	-1.018483	-2.623537	 0.096897	 0.013617	-2.065361	-1.728328	 0.342145
-2.074787	-1.857741	-0.656992	-0.607024	-4.027378	-0.514409	-2.613043	 0.100831	 0.013801	-2.124476	-1.623949	 0.342145
-2.253988	-1.850310	-0.654364	-0.590924	-4.011268	-0.262372	-2.602591	 0.102798	 0.013894	-2.149667	-1.568720	 0.342145
-2.338722	-1.842909	-0.651747	-0.581724	-3.995223	-0.636354	-2.592181	-0.396218	 0.013940	-1.657912	-1.538079	 0.342146
-2.376242	-1.835537	-0.649140	-0.575979	-3.979242	-0.821324	-2.581812	-0.643936	 0.013963	-1.409703	-1.519743	 0.342146
-2.390175	-1.828195	-0.646543	-0.571966	-3.963325	-0.911796	-2.571485	-0.766012	 0.013974	-1.283275	-1.507573	 0.342146
-2.392333	-1.820882	-0.643957	-0.568824	-3.947472	-0.955028	-3.061199	-0.825273	 0.013980	-1.217747	-1.498496	 0.342146
-2.388623	-1.813599	-0.641381	-0.566121	-3.931682	-0.974647	-3.298954	-0.853135	 0.013983	-1.182679	-1.490980	 0.342146
-2.381998	-1.806344	-0.638815	-0.563643	-3.915955	-0.982468	-2.910758	-0.365304	 0.013984	-1.662850	-1.484254	 0.342146
-2.373935	-1.799119	-0.636260	-0.561282	-3.900291	-0.984398	-2.711615	-0.121388	 0.013985	-1.898649	-1.477936	 0.342146
-2.365172	-1.791922	-0.633715	-0.558983	-3.884690	-0.983391	-2.607019	 0.000570	 0.013986	-2.012280	-1.471834	 0.342146
-2.356077	-1.784755	-0.631180	-0.556721	-3.869151	-0.980922	-2.549715	 0.061548	 0.013986	-2.064843	-1.465852	 0.342146
-1.846836	-1.777616	-0.628656	-1.054480	-3.853675	-0.477731	-2.516079	-0.407962	 0.013986	-2.086890	-1.459941	 0.342146
-1.589540	-1.770505	-0.626141	-1.300256	-3.838260	-0.226135	-2.494296	-0.640962	 0.013986	-2.093696	-1.454077	 0.342146
-1.458228	-1.763423	-0.623636	-1.420051	-3.822907	-0.100338	-2.478460	-0.755715	 0.013986	-2.092898	-1.448249	 0.342146
-1.889918	-1.756369	-0.621142	-0.976870	-3.807615	-0.037439	-2.465616	-0.311350	 0.013986	-2.088315	-1.942450	 0.342146
-2.101120	-1.749344	-0.618657	-0.754211	-3.792385	-0.005989	-2.454289	-0.089167	 0.013986	-2.081855	-2.184677	 0.342146
-2.202096	-1.742347	-0.616183	-0.641819	-3.777215	-0.490265	-2.943739	-0.478076	 0.013986	-1.574475	-2.300937	 0.342146
-2.247978	-1.735377	-0.613718	-0.584564	-3.762107	-0.730453	-3.181598	-0.670797	 0.013986	-1.318651	-2.354233	 0.342146
-2.266331	-1.728436	-0.611263	-0.554882	-3.747058	-0.848606	-2.793688	-0.765430	 0.013986	-1.688613	-1.876065	 0.342146
-2.270938	-1.721522	-0.608818	-0.538990	-3.732070	-0.905749	-2.594922	-0.811026	 0.013986	-1.869477	-1.634186	 0.342146
-2.268691	-1.714636	-0.606383	-0.529999	-3.717142	-0.432395	-2.490747	-0.332111	 0.013986	-1.455808	-1.510462	 0.342146
-2.263034	-1.707777	-0.603957	-0.524461	-3.702273	-0.195718	-2.433886	-0.092654	 0.013986	-1.246889	-1.445826	 0.342146
-2.255691	-1.700946	-0.601541	-0.520654	-3.687464	-0.077379	-2.400701	 0.027075	 0.013986	-1.140354	-1.410746	 0.342146
-2.247523	-1.694142	-0.599135	-0.517717	-3.672714	-0.018210	-2.379374	 0.086939	 0.013986	-1.085019	-1.890454	 0.342146
-2.238960	-1.687366	-0.596739	-0.515218	-3.658023	 0.011375	-2.363994	 0.116871	 0.013986	-1.055292	-2.125568	 0.342146
-2.230218	-1.680616	-0.594352	-0.512944	-3.643391	 0.026167	-2.851607	 0.131838	 0.013986	-1.038377	-1.738404	 0.342146
-2.221404	-1.673894	-0.591974	-0.510785	-3.628818	 0.033563	-3.088735	 0.139321	 0.013986	-1.027877	-1.542119	 0.342146
-2.212572	-1.667198	-0.589606	-0.508689	-3.614302	 0.037261	-2.700647	 0.143062	 0.013986	-1.520592	-1.441285	 0.342146
-2.203748	-1.660530	-0.587248	-0.506627	-3.599845	 0.039110	-2.501979	 0.144933	 0.013986	-1.762923	-1.388187	 0.342146
-2.194947	-1.653887	-0.584899	-0.504588	-3.585446	 0.040035	-2.398037	 0.145868	 0.013986	-1.380078	-1.358968	-0.157854
-2.186173	-1.647272	-0.582559	-0.502563	-3.571104	 0.040497	-2.341479	 0.146336	 0.013986	-1.186661	-1.341699	-0.406539
-2.177432	-1.640683	-0.580229	-0.500549	-3.556820	 0.040728	-2.308629	 0.146570	 0.013986	-1.087966	-1.330416	-0.529570
-2.168724	-1.134120	-0.577908	-0.499542	-3.042592	 0.040844	-1.787653	 0.146687	 0.013986	-0.536640	-1.322136	-0.589781
-2.160050	-0.879584	-0.575597	-0.499039	-2.780422	 0.040902	-1.524632	 0.146745	 0.013986	-0.260977	-1.315368	-0.618586
-2.151410	-0.751065	-0.073294	-0.498787	-1.644300	 0.540931	-0.390598	 0.646774	 0.513986	 1.876854	-0.309367	-0.131694
-2.142805	-0.685561	 0.177857	-0.498661	-1.075223	 0.788863	 0.174932	 0.894495	 0.761958	 2.937741	 0.192240	 0.111752
-0.134234	 4.348431	 0.803433	 0.501402	 1.710328	 0.910756	 2.956216	 1.016072	 0.883924	 7.960187	 1.441656	 0.233475
 0.866303	 6.846663	 1.113362	 0.998430	 3.094112	 0.969637	 4.335383	 1.074584	 0.942895	 10.445444	 2.060982	 0.294336
 2.362838	 10.577088	 1.265481	 0.743954	 6.777048	 0.997020	 7.013538	 0.601574	-0.529623	 16.662212	 2.865284	-0.175233
 3.103387	 12.413686	 1.338705	 0.616715	 8.597596	 1.008663	 8.333232	 0.365070	-1.261877	 19.724838	 3.260096	-0.408728
 3.465973	 13.303485	 1.372493	 0.553096	 9.487033	 1.012444	 8.973773	 0.246817	-1.624017	 21.210576	 3.450193	-0.524191
 9.639609	 26.219997	 3.386574	 3.021287	 19.410999	 4.012302	 16.274815	 3.187691	 0.698886	 33.908052	 11.037960	 1.919357
 12.694801	 32.599981	 4.382814	 4.244403	 24.314312	 5.498207	 19.878184	 4.645871	 1.854294	 40.228081	 14.794592	 3.132405
 15.690897	 39.712012	 4.870175	 5.345026	 29.207534	 6.227191	 23.132905	 5.362752	 2.425978	 45.859500	 17.135806	 3.230238
 17.151571	 43.242065	 5.103141	 5.882446	 31.585943	 6.577771	 24.707491	 5.709034	 2.705825	 48.649247	 18.267459	 3.272498
 18.844683	 46.981231	 5.208952	 5.638317	 34.207219	 7.239204	 25.942219	 5.870064	 2.339778	 51.018261	 19.294487	 3.286999
 19.650164	 48.823859	 5.251227	 5.505463	 35.444200	 7.554119	 26.505230	 5.938517	 2.152806	 52.175811	 19.767358	 3.287646
 20.011993	 51.218324	 5.261778	 5.428292	 36.489328	 7.695839	 27.232599	 5.960730	 2.055389	 54.227738	 20.463313	 3.281393
 20.152160	 52.388216	 5.256509	 5.379003	 36.936823	 7.751023	 27.540363	 5.959870	 2.002764	 55.226361	 20.768972	 3.271717
 21.181658	 54.945930	 5.243372	 5.843700	 38.585802	 7.763003	 28.138549	 5.447522	 1.972552	 56.198441	 21.379652	 3.260354
 21.651985	 56.196264	 5.226343	 6.063431	 39.329822	 7.753443	 28.380168	 5.181478	 1.953561	 56.655958	 21.641012	 3.248175
 21.842904	 56.793023	 5.207410	 6.160731	 39.621684	 7.733175	 28.443735	 5.038625	 1.940196	 56.856308	 21.727887	 3.235614
 21.894296	 57.563108	 5.187566	 6.196864	 39.687788	 8.207616	 28.418503	 5.457407	 1.929660	 56.428188	 21.227695	 3.222887
 21.876101	 57.919768	 5.167309	 6.202465	 39.641332	 8.427472	 28.349101	 5.655045	 1.920554	 56.185747	 20.936144	 3.210103
 21.323287	 56.569830	 5.146887	 6.192850	 39.038915	 8.020105	 27.757840	 5.242159	 1.912178	 55.536258	 20.249079	 3.197316
 21.005339	 55.867906	 5.126422	 6.175675	 38.660833	 7.801196	 27.407877	 5.026058	 1.904182	 55.184558	 19.866423	 3.184554
 20.304991	 54.990097	 5.605978	 6.154771	 37.895226	 7.176577	 27.178779	 5.408387	 1.896392	 54.481861	 19.636127	 3.171829
 19.915607	 54.524652	 5.833585	 6.132051	 37.438164	 6.851164	 27.010331	 5.587970	 1.888720	 54.103972	 19.482167	 3.159149
 19.681863	 54.265496	 5.435266	 6.108473	 37.135670	 7.175406	 26.372423	 5.666227	 1.881121	 53.888594	 19.366531	 3.146515
 19.526094	 54.109790	 5.226033	 6.084514	 36.910757	 7.322527	 26.002000	 5.693866	 1.873575	 53.754777	 19.270211	 3.133931
 19.409470	 54.005914	 5.111383	 6.060413	 36.724929	 7.381149	 25.765526	 5.696243	 1.866070	 53.661845	 19.183704	 3.121396
 19.312572	 53.928056	 5.544064	 6.036290	 36.558937	 7.395580	 25.596230	 5.686034	 2.358600	 53.089460	 19.102255	 3.108911
 19.225691	 53.862911	 5.748451	 6.012204	 36.403155	 7.387976	 25.460729	 5.669578	 2.599163	 52.777051	 19.023490	 3.096476
 19.143973	 53.304228	 5.838739	 5.988185	 36.252769	 7.369413	 25.342328	 5.650043	 2.213765	 52.594736	 18.946217	 3.084090
 19.064990	 52.999080	 5.872025	 5.964247	 36.105371	 7.345430	 25.232679	 5.629015	 2.017410	 52.477772	 18.869843	 3.071753
 18.987526	 52.320803	 5.876857	 5.940398	 35.959757	 7.318795	 25.127609	 5.607285	 2.415590	 52.393587	 18.794069	 3.559466
 18.910974	 51.955664	 5.867510	 5.916640	 35.815321	 7.290894	 25.025029	 5.585249	 2.609052	 52.325494	 18.718746	 3.795229
 18.835029	 52.247198	 5.851120	 5.892975	 35.671761	 7.262417	 24.923894	 5.563104	 2.700178	 52.265551	 18.643797	 3.405048
 18.759539	 52.367372	 5.831256	 5.869404	 35.528925	 7.233710	 24.823680	 5.540950	 2.740159	 52.209987	 18.569185	 3.203928
 18.684425	 52.401969	 5.809701	 5.845927	 35.386735	 7.204947	 24.724127	 5.518836	 2.754589	 52.156715	 18.494890	 3.097362
 18.609650	 52.393879	 5.787347	 5.822543	 35.245151	 7.176213	 24.625101	 5.496785	 2.256266	 52.104690	 18.420901	 3.038097
 18.535193	 52.364747	 5.764640	 5.799253	 35.104151	 7.147551	 24.526536	 5.474810	 2.003588	 52.053591	 18.347213	 3.002507
 18.461042	 52.325194	 5.741803	 5.776056	 34.463725	 7.118983	 24.428398	 4.952917	 2.373748	 51.503054	 18.273822	 3.478779
 18.387194	 52.280531	 5.718946	 5.752952	 34.075866	 7.090518	 24.330668	 4.683108	 2.553340	 51.202900	 18.200725	 3.709004
 18.313642	 51.733413	 5.696126	 5.729940	 33.814560	 7.062161	 24.233337	 5.039377	 2.637670	 51.528035	 18.127922	 3.316239
 18.240387	 51.435166	 5.673369	 5.707021	 33.616801	 7.033915	 24.136400	 5.206721	 2.674391	 51.665915	 18.055410	 3.114009
 17.667425	 51.261453	 5.150689	 5.684193	 33.451083	 7.005781	 24.039852	 5.279644	 2.687329	 51.210266	 17.983188	 3.507070
 17.346755	 51.150306	 4.880093	 5.661456	 33.301653	 6.977758	 23.943692	 5.305401	 2.688398	 50.958150	 17.911255	 3.695801
 17.152367	 51.070539	 4.735576	 5.638810	 33.160634	 6.949847	 23.847916	 5.307617	 2.683553	 50.807899	 17.839610	 3.782397
 17.021258	 51.006558	 5.154136	 5.616255	 33.024085	 6.922048	 23.752524	 5.298105	 2.675773	 50.708676	 17.768252	 3.817957
 16.921923	 50.950367	 5.352270	 5.593790	 32.890036	 6.894360	 23.657514	 5.282772	 2.666547	 50.634865	 17.697179	 3.828030
 17.338610	 50.898168	 5.440237	 5.571415	 32.757499	 6.866783	 23.562884	 5.264571	 2.656620	 50.573855	 17.626390	 3.825390
 17.511443	 50.847861	 5.473163	 5.549129	 32.625981	 6.839316	 23.468633	 5.244977	 2.646363	 50.519143	 17.555884	 3.816425
 17.562491	 50.798598	 5.478614	 5.026932	 32.495233	 6.811958	 23.374758	 5.224730	 2.635962	 50.467676	 17.485661	 3.804327
 17.552788	 50.750152	 5.470372	 4.756825	 32.365130	 6.784710	 23.281259	 5.204197	 2.625510	 50.418129	 17.415718	 3.790694
 17.512850	 50.702210	 5.455326	 4.612797	 32.235608	 6.757572	 23.188134	 5.183563	 2.615055	 50.369637	 17.346055	 3.276323
 17.457936	 50.654815	 5.436923	 4.531846	 32.106635	 6.730541	 23.095381	 5.162921	 2.604617	 50.321967	 17.276671	 3.013614
 17.395672	 50.607788	 5.416884	 4.982469	 31.978193	 6.703619	 22.003000	 4.642315	 2.094210	 49.274802	 17.207565	 3.376758
 17.329874	 50.561437	 5.396071	 5.196914	 31.850273	 6.676805	 21.414988	 4.373768	 1.835839	 48.728382	 17.138734	 3.550850
 17.262446	 50.515516	 5.374914	 5.293314	 31.722868	 6.650097	 21.079328	 4.231285	 1.703499	 48.432427	 17.070179	 3.630446
 16.694343	 49.469901	 4.853628	 4.830734	 31.095975	 6.623497	 20.870011	 4.151865	 1.634186	 47.761795	 16.501899	 3.662824
 16.378038	 48.925530	 4.584321	 4.590708	 30.721590	 6.597003	 20.724031	 4.104011	 1.596400	 47.404915	 16.185891	 3.671622
 14.687763	 44.631867	 4.441037	 4.461994	 19.973703	 3.570615	 13.609884	 1.571971	-0.925610	 33.704997	 7.496147	 0.168661
 13.816630	 42.404358	 4.360799	 4.388970	 14.581308	 2.056333	 10.039820	 0.307871	-2.179720	 26.815028	 3.153663	-1.576151
 7.855172	 28.210251	 1.812119	 1.843826	 8.366732	 1.298107	 6.241848	 0.177734	-1.799907	 19.830194	 0.484798	-1.441916
 4.870656	 21.085165	 0.539253	 0.572657	 5.255140	 0.917915	 4.337974	 0.112665	-1.607161	 16.312085	-0.845266	-1.372182
 2.374626	 14.994701	 0.404286	-0.061531	 1.195057	 0.726743	 2.381169	 0.080131	-1.007958	 9.027444	-2.505947	-1.334711
 1.126611	 11.931661	 0.336803	-0.377233	-0.829254	 0.630086	 1.402767	 0.063864	-0.708357	 5.381637	-3.327955	-1.313380
 0.502603	 10.382404	 0.303062	-0.533698	-1.835703	 0.580691	 0.913566	 0.055730	-0.558557	 3.555262	-3.730659	-1.300131
-1.809401	 3.090109	-0.713809	-1.110551	-5.833243	-0.445069	-2.831035	-0.948336	-1.483657	-0.361383	-4.923744	-1.290933
-2.957160	-0.547634	-1.218783	-1.395602	-7.812351	-0.955008	-4.690184	-1.446465	-1.941389	-2.311150	-5.508053	-1.283770
-4.022829	-2.858135	-1.467822	-1.534766	-9.282322	-1.207047	-6.106660	-1.691640	-1.665457	-3.777511	-5.288023	-1.277636
-4.545487	-4.003048	-1.588909	-1.601001	-9.995804	-1.330149	-6.799852	-1.810354	-1.524712	-4.500204	-5.167871	-1.272025
-4.796680	-4.565209	-1.646032	-1.630783	-10.331126	-1.888793	-7.631461	-1.865853	-1.951571	-4.851105	-5.597700	-1.266687
-4.912180	-4.836034	-1.671187	-1.642354	-10.477454	-2.163220	-8.030340	-1.889760	-2.160244	-5.016151	-5.800560	-1.261496
-5.459875	-4.961233	-1.680372	-1.644831	-11.029370	-2.295559	-8.212921	-1.897886	-1.759843	-5.588312	-5.889983	-1.756387
-5.721708	-5.013660	-1.681585	-1.642775	-11.282166	-2.356872	-8.287420	-1.898137	-1.556923	-5.862072	-5.922735	-1.999331
-5.840657	-5.029741	-1.678826	-1.638465	-11.385494	-2.382692	-8.307946	-1.894465	-1.452755	-5.986680	-5.927201	-2.116318
-5.388212	-5.527690	-1.674094	-1.633042	-11.414180	-2.390785	-8.301552	-1.888848	-1.397974	-6.036761	-5.917570	-1.670345
-5.152118	-5.764613	-1.668390	-1.627076	-11.405637	-2.390034	-8.281765	-1.882273	-1.367897	-6.049628	-5.900939	-1.444909
-5.024239	-5.371072	-1.662212	-1.620850	-11.378572	-2.384880	-8.755347	-2.375234	-1.350183	-5.543937	-5.880855	-1.329753
-4.950507	-5.164346	-1.655811	-1.614508	-11.342336	-2.377543	-8.973681	-2.615978	-1.338661	-5.281014	-5.859091	-1.269745
-5.403887	-5.051068	-1.649312	-1.608121	-10.801606	-2.369135	-8.564463	-2.230637	-1.330246	-5.639517	-5.836534	-1.237322
-5.618863	-4.984553	-1.642777	-1.601724	-10.510719	-2.360209	-8.343544	-2.034276	-1.323395	-5.806772	-5.813628	-1.218701
-5.714683	-4.941460	-1.636237	-1.595334	-10.844836	-2.351044	-8.216839	-1.932419	-1.317336	-5.878452	-5.790594	-1.206990
-5.750972	-4.910116	-1.629707	-1.588962	-10.989537	-2.341777	-8.137307	-1.877830	-1.311684	-5.902392	-5.767541	-1.198744
-5.757542	-4.884687	-1.623196	-1.582610	-11.039619	-2.332479	-8.081425	-1.846889	-1.306246	-5.902509	-5.744526	-1.192240
-5.749299	-5.362254	-1.616707	-2.076282	-11.042480	-2.323183	-8.037433	-1.827786	-1.300925	-5.390762	-5.721576	-1.186616
-5.733695	-5.589358	-1.610242	-2.317978	-11.021820	-2.313908	-7.999450	-1.814618	-1.295674	-5.125131	-5.698703	-1.181443
-5.714457	-5.691277	-1.603802	-1.933707	-10.489488	-2.304661	-7.964535	-1.804430	-1.290467	-5.482596	-5.675915	-1.176503
-5.693448	-5.730650	-1.597388	-1.738472	-10.203407	-2.295446	-7.931219	-1.795748	-1.285294	-5.649648	-5.653215	-1.171690
-5.171598	-5.238796	-1.590998	-1.637768	-10.040533	-2.286267	-7.898765	-2.287833	-1.280146	-5.221541	-5.630604	-1.166950
-4.901374	-4.983376	-1.584635	-1.584342	-9.939340	-2.277123	-7.866805	-2.528316	-1.275023	-4.997901	-5.608082	-1.162256
-4.756999	-4.846209	-1.578296	-1.554568	-10.369067	-2.268015	-7.835156	-2.143019	-1.269921	-4.876532	-5.585650	-1.157593
-4.675587	-4.768208	-1.571983	-1.536631	-10.562333	-2.258943	-7.803724	-1.946856	-1.264841	-4.806337	-5.563308	-1.152956
-4.625692	-4.719827	-1.565695	-1.524625	-10.637455	-2.249907	-7.772464	-1.845273	-1.259781	-4.761768	-5.541055	-1.148341
-4.591593	-4.686294	-1.559432	-1.515597	-10.653591	-2.240908	-7.741351	-1.790994	-1.254742	-4.730049	-5.518891	-1.143746
-4.565429	-4.660222	-1.553195	-1.508069	-10.640319	-2.231944	-7.710374	-1.760381	-1.249723	-4.704792	-5.496815	-1.139170
-5.043268	-4.637917	-1.546982	-1.501305	-10.112429	-2.223016	-7.179527	-1.741615	-1.744724	-4.682805	-5.474828	-1.134613
-5.271146	-4.617534	-1.540794	-1.494933	-9.829315	-2.214124	-6.900806	-1.728786	-1.987745	-4.662490	-5.452929	-1.130074
-5.374086	-4.598148	-1.534631	-1.488770	-10.168666	-2.205268	-7.248201	-1.718940	-1.604794	-4.643048	-5.431117	-1.125554
-5.414603	-4.579297	-1.528492	-1.482724	-10.317325	-2.196447	-7.406708	-1.710598	-1.410875	-4.624080	-5.409392	-1.121052
-4.923951	-4.560751	-1.522378	-1.476747	-9.870723	-2.187661	-7.470831	-1.703023	-1.311481	-4.605385	-5.387755	-1.116568
-4.669758	-4.542394	-1.516289	-1.470817	-9.628573	-2.178910	-7.487822	-1.695845	-1.259360	-4.586865	-5.366204	-1.112101
-4.533830	-4.524167	-1.510223	-1.464922	-9.488726	-2.170195	-7.481308	-1.688878	-1.230885	-4.568468	-5.344739	-1.107653
-4.957071	-4.506041	-1.504183	-1.459057	-9.400104	-2.161514	-7.463102	-1.682031	-1.214243	-4.550169	-5.323360	-1.103222
-5.157931	-4.488003	-1.498166	-1.453218	-9.337171	-2.152868	-7.439109	-1.675257	-1.203527	-4.531956	-5.302067	-1.098809
-4.747643	-4.470044	-1.492173	-1.447404	-9.787155	-2.144256	-7.412282	-1.668533	-1.195783	-4.513822	-5.280858	-1.094414
-4.533824	-4.452160	-1.486204	-1.441613	-9.991673	-2.135679	-7.384098	-1.661848	-1.189535	-4.495764	-5.259735	-1.090036
-4.918275	-4.434350	-1.480260	-1.435847	-9.573540	-2.127137	-7.355294	-1.655195	-1.184044	-4.477779	-5.238696	-1.085676
-5.099895	-4.416611	-1.474339	-1.430103	-9.346162	-2.118628	-7.326239	-1.648571	-1.178942	-4.459867	-5.217741	-1.081334
-4.680142	-4.398944	-1.468441	-1.424382	-9.214236	-2.110154	-7.297117	-1.641975	-1.174043	-4.442027	-5.196870	-1.077008
-4.461744	-4.381348	-1.462568	-1.418685	-9.130108	-2.101713	-7.268020	-1.635407	-1.169255	-4.424259	-5.176083	-1.072700
-4.344059	-4.363823	-1.456717	-1.413010	-9.069953	-2.093306	-7.238994	-1.628865	-1.164533	-4.406562	-5.155378	-1.068409
-4.276764	-4.346368	-1.450890	-1.407358	-9.021855	-2.084933	-7.210061	-1.622349	-1.159851	-4.388936	-5.134757	-1.064136
-4.234697	-4.328982	-1.445087	-1.401729	-8.979859	-2.076593	-7.181232	-1.615859	-1.155201	-4.371380	-5.114218	-1.059879
-4.705278	-4.311666	-1.439306	-1.396122	-8.940985	-2.068287	-7.152513	-1.609396	-0.650574	-4.353894	-5.093761	-1.055640
-4.930217	-4.294419	-1.433549	-1.390537	-8.903744	-2.060014	-7.123905	-1.602958	-0.398261	-4.336479	-5.073386	-1.051417
-5.032377	-4.277242	-1.427815	-1.384975	-8.867390	-2.051774	-7.095411	-1.596547	-0.772104	-4.319133	-5.053092	-1.047211
-5.073187	-4.260133	-1.422104	-1.379435	-8.831551	-2.043567	-7.067030	-1.590160	-0.956734	-4.301856	-5.032880	-1.043023
-5.083364	-4.243092	-1.416415	-1.373917	-8.796040	-2.035392	-7.038762	-1.583800	-0.546766	-4.284649	-5.012748	-1.038851
-5.078266	-4.226120	-1.410750	-1.368422	-8.760764	-2.027251	-7.010608	-1.577464	-0.341782	-4.267510	-4.992697	-1.034695
-5.065570	-4.209215	-1.405107	-1.362948	-8.725675	-2.019142	-6.982565	-1.571155	-0.239290	-4.250440	-4.972727	-1.030556
-5.049117	-4.192379	-1.399486	-1.357496	-8.690749	-2.011065	-6.954635	-1.564870	-0.688044	-4.233439	-4.952836	-1.026434
-5.030825	-4.175609	-1.393888	-1.352066	-8.655974	-2.003021	-6.926817	-1.558611	-0.910148	-4.216505	-4.933024	-1.022328
-5.011654	-4.158907	-1.388313	-1.346658	-8.621345	-1.995009	-6.899109	-1.552376	-1.018935	-4.199639	-4.913292	-1.018239
-4.992083	-4.142271	-1.382760	-1.341271	-8.586856	-1.987029	-6.871513	-1.546167	-1.071073	-4.182840	-4.893639	-1.014166
-4.472353	-4.125702	-1.377228	-1.335906	-8.552508	-1.979081	-6.844027	-1.539982	-1.094896	-4.166109	-4.874065	-1.010109
-4.204582	-4.109199	-1.371720	-1.330563	-8.518297	-1.971164	-6.816651	-1.533822	-1.104570	-4.149444	-4.854568	-1.006069
-4.062824	-4.092762	-1.366233	-1.825240	-8.984223	-1.963280	-6.789384	-1.527687	-1.107178	-4.132847	-4.835150	-1.002045
-3.984102	-4.076391	-1.360768	-2.067939	-9.198286	-1.955427	-6.762227	-1.521576	-1.106263	-4.116315	-4.815809	-0.998037
-3.936930	-4.060086	-1.355325	-2.184668	-9.286493	-1.947605	-6.735178	-1.515490	-1.103594	-4.099850	-4.796546	-0.994044
-4.405565	-4.043845	-1.349903	-1.738429	-8.811847	-1.939814	-6.208237	-1.509428	-1.100058	-4.083451	-4.777360	-0.490068
-4.630134	-4.027670	-1.344504	-1.512725	-8.557850	-1.932055	-5.933404	-1.503390	-1.096097	-4.067117	-4.758251	-0.238080
-4.232709	-4.011559	-1.339126	-1.397299	-8.414243	-1.924327	-5.784670	-1.497376	-1.091932	-4.050848	-4.739218	-0.612086
-4.026326	-3.995513	-1.333769	-1.337023	-8.325899	-1.916630	-5.699032	-1.491387	-1.087675	-4.034645	-4.720261	-0.797117
-4.415495	-3.979531	-0.828434	-1.804331	-8.265251	-1.908963	-6.144986	-1.485421	-0.583379	-4.018506	-4.701380	-0.887668
-4.600470	-3.963613	-0.575767	-2.033442	-8.218518	-1.901327	-6.354781	-1.479480	-0.331231	-4.002432	-4.682574	-0.930987
-4.683386	-3.947758	-0.949433	-1.643472	-8.178808	-1.893722	-6.446549	-1.473562	-0.705157	-4.486423	-4.663844	-0.950698
-4.715312	-3.931967	-1.133620	-1.445980	-8.142675	-1.886147	-6.479357	-1.467668	-0.889962	-4.718477	-4.645188	-0.958613
-4.721780	-3.916240	-1.223078	-1.344737	-8.108396	-1.878602	-6.482736	-1.461797	-0.980215	-4.824603	-4.626608	-0.960637
-4.215558	-3.900575	-0.765181	-1.291629	-8.075107	-1.871088	-6.471453	-1.455950	-0.523200	-4.367805	-4.608101	-0.959724
-3.955028	-3.884972	-0.536233	-1.262598	-8.042380	-1.863604	-6.452892	-1.450126	-0.294693	-4.131583	-4.589669	-0.957350
-4.317374	-3.869432	-0.921759	-1.245615	-8.009997	-1.856149	-6.430742	-1.444325	-0.180439	-4.005682	-4.571310	-0.954253
-4.489188	-3.853955	-1.111908	-1.234666	-7.977850	-1.848725	-6.406851	-1.438548	-0.123312	-3.934972	-4.553025	-0.950802
-4.565773	-3.838539	-1.204378	-1.226744	-7.945885	-1.841330	-5.882139	-1.432794	-0.594749	-4.391888	-4.534813	-0.947182
-4.594780	-3.823185	-1.248019	-1.220346	-7.914075	-1.833964	-5.609068	-1.427063	-0.828335	-4.610649	-4.516674	-0.943484
-4.100037	-3.807892	-1.267257	-1.214719	-7.882405	-1.826629	-5.461860	-1.421354	-0.443004	-4.210370	-3.998607	-0.939756
-3.845454	-3.792660	-1.274302	-1.209487	-7.850869	-1.819322	-5.377627	-1.415669	-0.250339	-4.002611	-3.732612	-0.936020
-4.210981	-3.777490	-1.275262	-1.204463	-8.319462	-1.312045	-5.324924	-1.410006	-0.154006	-3.891141	-3.592682	-0.932287
-4.384592	-3.762380	-1.273190	-1.199551	-8.536182	-1.056797	-5.288028	-1.404366	-0.105840	-3.827847	-3.515811	-0.928564
-4.462281	-3.747330	-1.269612	-1.194707	-8.627037	-0.927569	-5.259078	-1.398749	-0.081756	-3.788671	-3.470498	-0.924853
-3.992045	-3.732341	-1.265290	-1.189904	-8.155028	-1.361359	-5.234142	-1.393154	-0.069715	-3.761584	-3.940991	-0.921155
-3.749884	-3.717412	-1.260608	-1.185133	-7.903658	-1.574664	-5.211256	-1.387581	-0.063694	-3.740572	-4.167415	-0.917471
-4.121788	-3.702542	-1.255755	-1.180387	-7.762668	-1.677740	-5.689436	-1.382031	-0.060684	-3.722626	-4.271839	-0.913801
-4.298752	-3.687732	-1.250826	-1.175662	-7.676930	-1.725717	-5.916191	-1.376503	-0.059178	-3.706244	-4.315298	-0.910146
-4.378283	-3.672981	-1.245870	-1.170958	-7.618879	-1.746158	-6.017283	-1.370997	-0.558426	-4.190673	-4.328310	-0.906506
-4.409133	-3.658289	-1.240910	-1.166274	-7.574731	-1.752845	-6.055592	-1.365513	-0.805934	-4.423538	-4.326134	-0.902880
-3.915678	-3.643656	-1.235959	-1.161608	-7.537596	-1.752669	-5.562559	-1.360051	-0.427582	-4.030657	-4.316398	-0.399268
-3.662106	-3.629081	-1.231021	-1.156962	-7.504028	-1.749077	-5.305903	-1.354611	-0.238405	-3.826941	-4.302916	-0.147462
-3.528503	-3.614565	-1.226100	-1.152334	-7.472303	-1.743789	-5.167477	-1.349192	-0.143817	-3.717837	-4.287597	-0.021560
-3.954911	-3.600107	-1.221197	-1.147724	-7.441559	-1.737669	-5.588205	-1.343795	-0.096523	-3.656067	-4.271392	 0.041392
-4.159353	-3.585706	-1.216313	-1.143133	-7.411366	-1.731145	-5.786552	-1.338420	-0.072876	-3.617994	-4.254780	 0.072868
-4.252846	-3.571363	-1.211448	-1.138561	-7.381507	-1.724434	-5.873755	-0.833066	-0.561052	-3.591797	-4.237997	 0.088605
-4.290900	-3.557078	-1.206602	-1.134007	-7.351874	-1.717643	-5.905435	-0.580390	-0.803042	-3.571568	-4.221164	 0.096474
-4.301269	-3.542850	-1.201776	-1.129471	-7.822413	-1.710826	-5.909401	-0.954051	-0.421947	-3.554350	-4.204338	-0.399591
-4.297831	-3.528678	-1.196969	-1.124953	-8.041096	-1.704010	-5.899557	-1.138227	-0.231399	-3.538667	-4.187550	-0.645833
-3.787522	-3.514563	-1.192181	-1.120453	-7.633919	-1.697207	-5.382855	-0.727669	-0.136126	-3.523780	-4.170815	-0.767169
-3.525814	-3.500505	-1.187412	-1.115971	-7.415876	-1.690425	-5.114772	-0.522391	-0.088489	-3.509318	-4.154139	-0.826060
-3.388431	-3.486503	-1.182663	-1.111507	-7.292460	-1.683666	-4.971038	-0.419752	-0.064670	-3.495098	-4.137526	-0.853736
-3.813238	-3.472557	-1.177932	-1.107061	-7.216413	-1.676933	-4.889516	-0.868432	-0.052761	-3.481026	-4.120978	-0.865811
-4.017165	-3.458667	-1.173220	-1.102633	-7.164109	-1.670226	-4.839139	-1.090138	-0.046806	-3.467056	-4.104495	-0.870093
-3.610687	-3.444832	-1.168527	-1.098222	-7.123733	-1.663546	-5.304372	-1.198367	-0.043829	-3.453165	-4.088077	-0.370485
-3.401039	-3.431053	-1.163853	-1.093830	-7.089379	-1.656892	-5.525450	-1.249869	-0.042340	-3.439341	-4.071725	-0.120681
-3.789832	-3.417329	-1.159198	-1.089454	-7.058092	-1.650265	-5.624496	-1.273017	-0.541596	-3.425578	-4.055438	-0.495779
-3.975872	-3.403659	-1.154561	-1.085096	-7.028394	-1.643664	-5.662572	-1.281998	-0.789142	-3.411873	-4.039217	-0.681586
-4.060568	-3.390045	-1.149943	-1.080756	-6.999548	-1.637089	-5.670209	-1.283907	-0.410842	-3.398224	-4.023060	-0.272755
-4.094625	-3.376485	-1.145343	-1.076433	-6.971184	-1.630541	-5.662671	-1.282290	-0.221692	-3.384630	-4.006968	-0.068340
-4.103397	-3.362979	-1.140762	-1.072127	-6.943116	-1.624018	-5.647592	-1.278920	-0.127117	-3.371091	-3.990940	 0.033868
-4.099558	-3.349527	-1.136199	-1.067839	-6.915252	-1.617522	-5.628788	-1.274684	-0.079829	-3.357607	-3.974976	 0.084972
-4.089447	-3.336129	-1.131654	-1.063567	-6.887545	-1.611052	-5.608165	-1.270025	-0.056185	-3.344176	-3.959076	 0.110524
-4.076233	-3.322784	-1.127127	-1.059313	-6.859972	-1.604608	-5.586679	-1.265165	-0.044363	-3.330799	-3.943240	 0.123300
-4.061500	-3.309493	-1.122619	-1.055076	-6.832521	-1.598190	-5.564806	-1.260214	-0.038453	-3.317476	-3.927467	 0.129688
-4.046040	-3.296255	-1.118128	-1.050856	-6.805185	-1.591797	-5.542783	-1.255228	-0.035497	-3.304206	-3.911757	 0.132882
-4.030249	-3.283070	-1.113656	-1.046652	-6.777961	-1.585430	-5.520730	-1.250235	-0.034019	-3.290989	-3.896110	 0.134479
-4.014324	-3.269938	-1.109201	-1.042466	-6.750848	-1.579088	-5.498707	-1.245248	-0.033280	-3.277825	-3.880526	 0.135277
-3.998365	-3.256858	-1.104764	-1.038296	-6.723844	-1.572772	-5.476741	-1.240274	-0.032911	-3.264714	-3.865003	 0.135677
-3.982421	-3.243830	-1.100345	-1.034142	-6.696948	-1.566480	-5.454849	-1.235316	-0.032726	-3.251655	-3.849543	 0.135876
-3.966516	-3.230855	-0.595944	-1.030006	-6.670160	-1.560215	-5.433037	-0.730376	-0.032634	-3.238649	-3.834145	 0.135976
-3.950662	-3.217932	-0.343743	-1.025886	-6.643480	-1.553974	-5.411309	-0.477907	-0.032588	-3.225694	-3.818809	 0.136026
-3.934865	-3.205060	-0.717643	-1.021782	-6.616906	-1.547758	-5.389665	-0.351672	-0.032565	-3.212791	-3.803533	-0.363949
-3.919129	-3.192240	-0.902410	-1.017695	-6.590438	-1.541567	-5.368108	-0.288554	-0.032553	-3.199940	-3.788319	-0.612209
-3.903454	-3.179471	-0.992619	-1.013624	-6.564076	-1.535401	-5.346636	-0.756995	-0.032547	-3.187140	-3.773166	-0.234618
-3.887841	-3.166753	-1.035557	-1.009570	-6.537820	-1.529259	-5.325249	-0.988765	-0.032544	-3.174392	-3.758073	-0.045822
-3.372290	-3.154086	-1.054870	-1.005532	-6.511669	-1.523142	-5.303948	-1.102209	-0.032543	-3.161694	-3.243041	-0.451424
-3.108801	-3.141470	-1.062378	-1.001510	-6.485622	-1.517049	-5.282733	-1.156500	-0.032542	-3.149047	-2.980069	-0.652511
-2.971366	-3.128904	-1.063992	-0.997503	-6.459679	-1.510981	-5.261602	-1.181223	-0.032542	-3.136451	-2.843149	-0.751348
-3.396981	-3.116388	-1.062668	-0.993513	-6.433841	-1.504937	-4.740555	-1.191173	-0.032542	-3.123905	-3.269276	-0.799066
-3.602143	-3.103923	-1.059883	-0.989539	-6.408105	-1.498917	-4.471593	-1.193746	-0.032542	-3.111410	-3.474949	-0.821231
-3.697109	-3.091507	-1.056376	-0.985581	-6.382473	-1.492922	-4.828707	-1.192640	-0.032542	-3.098964	-3.570424	-0.330627
-3.737008	-3.079141	-1.052517	-0.981639	-6.356943	-1.486950	-4.996892	-1.189704	-0.032542	-3.086568	-3.610830	-0.085325
-3.749404	-3.066824	-1.048491	-0.977712	-6.331515	-1.481002	-5.070654	-0.685862	-0.032542	-3.074222	-3.623730	 0.037326
-3.748078	-3.054557	-1.044388	-0.973802	-6.306189	-1.475078	-5.097247	-0.433941	-0.032542	-3.061925	-3.622907	 0.098652
-3.739922	-3.042339	-1.040256	-0.969906	-6.280965	-1.469178	-4.600295	-0.807981	-0.032542	-3.049678	-3.115252	 0.129315
-3.728380	-3.030169	-1.036118	-0.966027	-6.255841	-1.463301	-4.343613	-0.992637	-0.032542	-3.037479	-2.856209	 0.144646
-3.715175	-3.018049	-1.031985	-0.962163	-6.230817	-1.457448	-4.207098	-1.082610	-0.032542	-3.025329	-2.721493	 0.152312
-3.701169	-3.005976	-1.027863	-0.958314	-6.205894	-0.951618	-4.130699	-1.125251	-0.032542	-3.013228	-3.148961	-0.343855
-3.686792	-2.993953	-1.023754	-0.954481	-6.181070	-0.698703	-4.084391	-1.144236	-0.032542	-3.001175	-3.355543	-0.590259
-3.672258	-2.981977	-1.019661	-0.950663	-6.156346	-1.072246	-4.553161	-1.151402	-0.032542	-2.989170	-3.451709	-0.211787
-3.657676	-2.970049	-1.015583	-0.946860	-6.131721	-1.256126	-4.777502	-1.152668	-0.032542	-2.977213	-3.492697	-0.022552
-3.643099	-2.958169	-1.011521	-0.943073	-6.107194	-1.345185	-4.379669	-0.650993	-0.032542	-2.965304	-3.506123	-0.427934
-3.628553	-2.946336	-1.007475	-0.939300	-6.082765	-1.386847	-4.172789	-0.400156	-0.032542	-2.953443	-3.505797	-0.628958
-3.614052	-2.934551	-1.003445	-1.435543	-6.058434	-1.404821	-4.061417	-0.774737	-0.032542	-2.941629	-2.998623	-0.227810
-3.599603	-2.922812	-0.999432	-1.679801	-6.034200	-1.410962	-3.997831	-0.959729	-0.032542	-2.929863	-2.740053	-0.027237
-3.585208	-2.911121	-0.995434	-1.798082	-6.010064	-1.411198	-3.958169	-1.049936	-0.032542	-2.918143	-2.605805	 0.073050
-3.570868	-2.899477	-0.991452	-1.353389	-5.986023	-0.908494	-4.430501	-1.092759	-0.032542	-2.906471	-3.033738	 0.123194
-3.556586	-2.887879	-0.987486	-1.129226	-5.962079	-0.657141	-4.656862	-1.111899	-0.032542	-2.894845	-3.240782	 0.148266
-3.042360	-2.876327	-0.983536	-1.015334	-5.938231	-1.031465	-4.760276	-1.119207	-0.032542	-2.883266	-3.337407	 0.160801
-2.780191	-2.864822	-0.979602	-0.956585	-5.914478	-1.215815	-4.802255	-1.120608	-0.032542	-2.871733	-3.378852	 0.167069
-3.144070	-2.853363	-0.975684	-0.925415	-5.890820	-1.305190	-4.313556	-0.619064	-0.032542	-2.860246	-2.892734	 0.170203
-3.318994	-2.841949	-0.971781	-0.908042	-5.867257	-1.347089	-4.061557	-0.368293	-0.032542	-2.848805	-2.644862	 0.171770
-3.399468	-2.830581	-0.967894	-0.897573	-5.843788	-1.365260	-4.427939	-0.742907	-0.532542	-2.837409	-3.016132	-0.327446
-3.432745	-2.819259	-0.964022	-0.890565	-5.820413	-1.371578	-4.601541	-0.927979	-0.780477	-2.826060	-3.194992	-0.575401
-3.442451	-2.807982	-0.960166	-0.885294	-5.797131	-1.371982	-4.678791	-1.018289	-0.902387	-2.814756	-3.277674	-0.697732
-3.440400	-2.796750	-0.956326	-0.880898	-5.773942	-1.369439	-4.707905	-0.561227	-0.461294	-2.803497	-3.312295	-0.757257
-3.432498	-2.785563	-0.952500	-0.876947	-5.750847	-1.365434	-4.712987	-0.332695	-0.240747	-2.792283	-3.322911	-0.785386
-3.421698	-2.774421	-0.948690	-0.873226	-5.727843	-1.360708	-4.706092	-0.718430	-0.630474	-2.281113	-3.321552	-0.797824
-3.409476	-2.763323	-0.944896	-0.869626	-5.704932	-1.355634	-4.693247	-0.909089	-0.823297	-2.021989	-3.314232	-0.802422
-3.396570	-3.252270	-0.941116	-0.866094	-5.682112	-1.350395	-4.677463	-1.002219	-0.417676	-2.388901	-3.303959	-0.303107
-3.383350	-3.489261	-0.937352	-0.862603	-5.659384	-1.345086	-4.660248	-1.046593	-0.214866	-2.566845	-3.292234	-0.053450
-3.370000	-3.100304	-0.933602	-0.859140	-5.636746	-1.339751	-4.142354	-1.066598	-0.113461	-2.150328	-2.779811	-0.428621
-3.356612	-2.900403	-0.929868	-0.855696	-5.614199	-1.334415	-3.876158	-1.074428	-0.062758	-1.938602	-2.519065	-0.614599
-3.343231	-2.795051	-0.926148	-0.852270	-5.591742	-1.329089	-3.735841	-1.076178	-0.037407	-1.829285	-2.384175	-0.705987
-3.329881	-2.736996	-0.922444	-0.848859	-5.569375	-1.323778	-3.658491	-1.074897	-0.524731	-2.271186	-2.812232	-0.750086
-3.316573	-2.702610	-0.918754	-0.845463	-5.547098	-1.318486	-3.612653	-1.072109	-0.766369	-2.486711	-3.019779	-0.770547
-3.303312	-2.680081	-0.915079	-0.842081	-5.524909	-1.313214	-4.082601	-1.068577	-0.385172	-2.589069	-3.117099	-0.779196
-3.290102	-2.663501	-0.911419	-0.838712	-5.502810	-1.307962	-4.308470	-1.064681	-0.194574	-2.634865	-3.159329	-0.781944
-2.776943	-2.649918	-0.907773	-0.835357	-5.480799	-1.302730	-3.912336	-1.060611	-0.099274	-2.652402	-2.674042	-0.781749
-2.515836	-2.637853	-0.904142	-0.832016	-5.458875	-1.297519	-3.707236	-1.056463	-0.051625	-2.655830	-2.427020	-0.780089
-2.880773	-2.626569	-0.900525	-0.828688	-5.437040	-1.292329	-3.597682	-1.052284	-0.027800	-2.152226	-2.799150	-0.277701
-3.056750	-2.615697	-0.896923	-0.825373	-5.415292	-1.287160	-3.535929	-1.048099	-0.015887	-1.897126	-2.978872	-0.026508
-3.138273	-2.605051	-0.893335	-0.822072	-5.393631	-1.282011	-3.498104	-1.043918	-0.009931	-1.766293	-3.062415	 0.099089
-3.172595	-2.594539	-0.889762	-0.818783	-5.372056	-1.276883	-3.472271	-0.539748	-0.006953	-1.697605	-3.097895	-0.338113
-3.183342	-2.584115	-0.886203	-0.815508	-5.350568	-1.271776	-3.452461	-0.287664	-0.005464	-1.660003	-3.109369	-0.555163
-2.682328	-2.573756	-0.882658	-0.812246	-5.329166	-1.266689	-3.435691	-0.661621	-0.004720	-2.137958	-2.608864	-0.162143
-2.427458	-2.563449	-0.879128	-0.808997	-5.307849	-1.261622	-3.420468	-0.846529	-0.004347	-2.371703	-2.354394	 0.034366
-2.795677	-2.553190	-0.375611	-0.805761	-5.286618	-1.256576	-3.406046	-0.936920	-0.004161	-1.983365	-2.722960	-0.367379
-2.973460	-2.542974	-0.123853	-0.802538	-5.265471	-1.251549	-3.392052	-0.980061	-0.004068	-1.786006	-2.901060	-0.566713
-3.056048	-2.532801	-0.497974	-0.799328	-5.244409	-1.246543	-3.378299	-0.999585	-0.004022	-2.184149	-2.983951	-0.164848
-3.091065	-2.522669	-0.683290	-0.796131	-5.223432	-1.241557	-3.364693	-1.007308	-0.003998	-2.378056	-3.019263	 0.036084
-3.102322	-2.512578	-0.774211	-0.792946	-5.202538	-1.236591	-3.351188	-1.009140	-0.003987	-2.469865	-3.030810	 0.136550
-3.101723	-2.502528	-0.817941	-0.789774	-5.181728	-1.231644	-3.337760	-1.008034	-0.003981	-2.510647	-3.030499	 0.186783
-3.095221	-2.492517	-0.838083	-0.786615	-5.161001	-1.226718	-3.324398	-1.005467	-0.003978	-2.525934	-3.024283	 0.211900
-3.085793	-2.482547	-0.846437	-0.783469	-5.140357	-1.221811	-3.311094	-0.502178	-0.003977	-2.528496	-3.015139	-0.275542
-3.074926	-2.472617	-0.848905	-0.780335	-5.119795	-1.216924	-3.297847	-0.250533	-0.003976	-2.524715	-3.004555	-0.517737
-3.063364	-2.462727	-0.848436	-0.777214	-5.099316	-1.212056	-3.284654	-0.624711	-0.003975	-2.517782	-2.993275	-0.137314
-3.051480	-2.452876	-0.846506	-0.774105	-5.078919	-1.207208	-3.271515	-0.809802	-0.003975	-2.509294	-2.981671	 0.052897
-2.539458	-2.443064	-0.843851	-0.771008	-5.058603	-1.202379	-3.758429	-0.900358	-0.003975	-2.500048	-2.469929	-0.351997
-2.279393	-2.433292	-0.840842	-0.767924	-5.038369	-1.197569	-3.993395	-0.943654	-0.003975	-2.490444	-2.210141	-0.552931
-2.645321	-2.423559	-0.837661	-1.264853	-5.018215	-1.192779	-3.602421	-0.463328	-0.003975	-2.480680	-2.576347	-0.651890
-2.822263	-2.413864	-0.834402	-1.509793	-4.998142	-1.188008	-3.400511	-0.223165	-0.003975	-2.470856	-2.753564	-0.699868
-2.904736	-2.404209	-0.831110	-1.628754	-4.978150	-1.183256	-3.293159	-0.103084	-0.003975	-2.461022	-2.836312	-0.722361
-2.439997	-2.394592	-0.827809	-1.184739	-4.958237	-1.178523	-3.233112	-0.043043	-0.003975	-2.451203	-2.871847	-0.232118
-2.203678	-2.385014	-0.824509	-0.961250	-4.938404	-1.173809	-3.196742	-0.013023	-0.003975	-2.441411	-2.883800	 0.013004
-2.581583	-2.375474	-0.821216	-0.848030	-4.918651	-1.169114	-3.672236	 0.001988	-0.503975	-1.931651	-2.383985	-0.364435
-2.764617	-2.365972	-0.817934	-0.789950	-4.898976	-1.164437	-3.901688	 0.009493	-0.751967	-1.673928	-2.130309	-0.551671
-2.850239	-2.356508	-0.814664	-0.759447	-4.879380	-0.659779	-3.508151	 0.013245	-0.373963	-1.542234	-1.999718	-0.643811
-2.887178	-2.347082	-0.811406	-0.742737	-4.859863	-0.407450	-3.305154	 0.015121	-0.184961	-1.473565	-1.930684	-0.688409
-2.899799	-2.337694	-0.808161	-0.732930	-4.840423	-0.781286	-3.697451	 0.016060	-0.090460	-1.936421	-1.892444	-0.209243
-2.900285	-2.328343	-0.804928	-0.726581	-4.821062	-0.965894	-3.885420	 0.016529	-0.043210	-2.163051	-1.869616	 0.030341
-2.894726	-2.319029	-0.801709	-0.721965	-4.801777	-1.055896	-3.971257	 0.016763	-0.019585	-2.271586	-1.854508	 0.150133
-2.886169	-2.309753	-0.798502	-0.718223	-4.782570	-1.098606	-3.506062	-0.483120	-0.007772	-1.821094	-1.843275	-0.289971
-2.876134	-2.300514	-0.795308	-0.714923	-4.763440	-1.117678	-3.267383	-0.731095	-0.001866	-1.593106	-1.833995	-0.508563
-2.865385	-2.291312	-0.792127	-0.711849	-4.744386	-1.124941	-3.141986	-0.853124	 0.001088	-1.976382	-2.325705	-0.116405
-2.854301	-2.282147	-0.788958	-0.708895	-4.725409	-1.126308	-3.073254	-0.912189	 0.002564	-2.163301	-2.565925	 0.079674
-2.843073	-2.273018	-0.785802	-0.706006	-4.706507	-1.124736	-3.532879	-0.439779	 0.003302	-2.252060	-2.180423	 0.177714
-2.831795	-2.263926	-0.782659	-0.703156	-4.687681	-1.121703	-3.754706	-0.203573	 0.003672	-2.291758	-1.984082	 0.226734
-2.820515	-2.254871	-0.779529	-0.700330	-4.668930	-1.117950	-3.857667	-0.585471	 0.003856	-2.306944	-2.382336	 0.251243
-2.809257	-2.245851	-0.776410	-0.697522	-4.650254	-1.113845	-3.901226	-0.774485	 0.003948	-2.309893	-2.575902	 0.263498
-2.798031	-2.236868	-0.773305	-0.694728	-4.631653	-1.109573	-3.915116	-0.867065	 0.003995	-2.306741	-2.667146	 0.269626
-2.286845	-2.227920	-0.770212	-0.691948	-4.613127	-1.105226	-3.914203	-0.911436	 0.004018	-1.800558	-2.207251	 0.272690
-2.027701	-2.219009	-0.767131	-0.689179	-4.594674	-1.100851	-3.905920	-0.931709	 0.004029	-1.544878	-1.973809	 0.274221
-2.394591	-2.210133	-0.764062	-0.686422	-4.576296	-0.596471	-3.893983	-0.939942	 0.004035	-1.914460	-2.353608	 0.274987
-2.572514	-2.201292	-0.761006	-0.683676	-4.557990	-0.344280	-3.880251	-0.942162	 0.004038	-2.094682	-2.538040	 0.275370
-2.655974	-2.192487	-0.757962	-0.680941	-4.539758	-0.718185	-3.365651	-0.941384	 0.004039	-2.180244	-2.624811	 0.275562
-2.692225	-2.183717	-0.754930	-0.678217	-4.521599	-0.902953	-3.102650	-0.939113	 0.004040	-2.218493	-2.662773	 0.275658
-2.704894	-2.174982	-0.751910	-0.675504	-4.503513	-0.993162	-2.965470	-0.936104	 0.004040	-2.233104	-2.676353	 0.275705
-2.705793	-2.166282	-0.748903	-0.672802	-4.485499	-1.036100	-2.891223	-0.932733	 0.004040	-2.235914	-2.677763	 0.275729
-2.700830	-2.157617	-0.745907	-0.670111	-4.467557	-1.055410	-2.848466	-0.929189	 0.004041	-2.232842	-2.673110	 0.275741
-2.692956	-2.148987	-0.742924	-0.667431	-4.449687	-1.062916	-2.821476	-0.925566	 0.004041	-2.226846	-2.665446	 0.275747
-2.683649	-2.140391	-0.739952	-0.664761	-4.431888	-1.064528	-2.802392	-0.921910	 0.004041	-2.219407	-2.656299	 0.275750
-2.673647	-2.131829	-0.736992	-0.662102	-4.414160	-1.063202	-2.787283	-0.918246	 0.004041	-2.211263	-2.146431	-0.224248
-2.663318	-2.123302	-0.734044	-0.659454	-4.396504	-1.060415	-2.774184	-0.914585	 0.004041	-2.202785	-1.888224	-0.472799
-2.652848	-2.114809	-0.731108	-0.656816	-4.878918	-1.056907	-3.262113	-0.410932	 0.004041	-1.694157	-1.755860	-0.095632
-2.642328	-2.106349	-0.728183	-0.654188	-5.109402	-1.053046	-3.498577	-0.159106	 0.004041	-1.437472	-1.686431	 0.092952
