-0.309305	-0.499006	-0.389908	 0.002504	-0.471154	-0.487025	-0.134233	 0.173587	 0.376790	 0.221951	-0.498522	 0.398210
-0.065511	-0.499006	-0.638129	 0.251499	-0.471154	-0.487025	-0.110591	 0.173156	 0.376790	 0.223425	-0.498522	 0.398210
 0.056386	-0.499006	-0.260466	-0.125005	-0.471154	-0.487025	-0.098770	 0.672940	 0.376790	 0.224162	-0.498522	 0.398210
 0.117334	-0.499006	-0.071635	-0.312254	-0.471154	-0.487025	-0.092859	 0.920487	 0.376790	 0.224530	-0.498522	 0.398210
 0.147809	-0.499006	 0.022781	-0.405878	-0.471154	-0.487025	-0.089904	 0.541924	 0.376790	 0.224714	-0.498522	 0.398210
 0.163046	-0.499006	 0.069989	-0.452690	-0.471154	-0.487025	-0.088426	 0.352643	 0.376790	 0.224806	-0.498522	 0.398210
 0.170664	-0.499006	-0.406407	-0.476096	-0.471154	-0.487025	-0.087687	 0.258002	 0.376790	 0.224852	-0.498522	 0.398210
 0.174474	-0.499006	-0.642840	-0.487799	-0.471154	-0.487025	-0.087318	 0.210682	 0.376790	 0.224876	-0.498522	 0.398210
 0.176378	-0.499006	-0.759297	-0.493651	-0.471154	-0.487025	-0.087133	 0.187022	 0.376790	 0.224887	-0.498522	 0.398210
 0.177331	-0.499006	-0.315775	-0.496576	-0.471154	-0.487025	-0.087041	 0.175192	 0.376790	 0.224893	-0.498522	 0.398210
 0.177807	-0.499006	-0.094013	-0.498039	-0.471154	-0.487025	-0.086995	 0.169277	 0.376790	 0.224896	-0.498522	 0.398210
-0.321955	-0.499006	 0.016867	-0.498771	-0.471154	-0.487025	-0.086972	 0.166319	 0.376790	 0.224897	-0.498522	 0.398210
-0.570193	-0.499006	 0.072308	-0.499137	-0.471154	-0.487025	-0.086960	 0.164840	 0.376790	 0.224898	-0.498522	 0.398210
-0.192675	-0.499006	 0.100028	-0.499319	-0.471154	-0.487025	-0.086954	 0.164101	 0.376790	 0.224898	-0.498522	 0.398210
-0.003915	-0.499006	 0.113888	-0.499411	-0.471154	-0.487025	-0.086951	 0.163731	 0.376790	 0.224898	-0.498522	 0.398210
 0.090464	-0.499006	 0.120818	-0.499457	-0.471154	-0.487025	-0.086950	 0.663546	 0.376790	 0.224898	-0.498522	 0.398210
 0.137654	-0.499006	 0.124283	-0.499479	-0.471154	-0.487025	-0.086949	 0.911127	 0.376790	 0.224898	-0.498522	 0.398210
 0.161249	-0.499006	 0.126015	-0.499491	-0.471154	-0.487025	-0.086949	 1.032600	 0.376790	 0.224899	-0.498522	 0.398210
 0.173046	 0.000994	 0.126882	-0.499497	-0.471154	-0.487025	-0.086949	 0.591029	 0.376790	 0.224899	-0.498522	 0.398210
 0.178945	 0.249992	 0.127315	-0.499499	-0.471154	-0.487025	-0.086949	 0.370243	 0.376790	 0.224899	-0.498522	 0.398210
 0.181894	-0.125509	 0.127531	-0.499501	-0.471154	-0.487025	-0.086949	 0.259850	 0.376790	 0.224899	-0.498522	 0.398210
 0.183369	-0.312257	 0.127640	-0.499502	-0.471154	-0.487025	-0.086949	 0.204653	 0.376790	 0.224899	-0.498522	 0.398210
-0.315894	-0.405631	 0.127694	-0.499502	-0.471154	-0.487025	-0.086949	 0.177055	 0.376790	 0.224899	-0.498522	 0.898210
-0.563895	-0.452318	 0.127721	-0.499502	-0.471154	-0.487025	-0.086949	 0.163256	 0.376790	 0.224899	-0.498522	 1.145414
-0.186271	-0.475662	 0.127734	-0.499502	-0.471154	-0.487025	-0.586949	 0.156357	 0.376790	 0.224899	-0.498522	 0.766231
 0.002540	-0.487334	 0.127741	-0.499502	-0.471154	-0.487025	-0.834775	 0.152907	 0.376790	 0.224899	-0.498522	 0.576639
 0.096946	-0.493170	 0.127744	-0.499502	-0.471154	-0.487025	-0.956522	 0.151182	 0.376790	 0.224899	-0.498522	 0.481843
-0.355851	-0.496088	 0.127746	-0.499502	-0.471154	-0.487025	-0.515240	 0.150319	 0.376790	-0.275101	-0.498522	 0.434445
-0.580632	-0.497547	 0.127747	-0.499502	-0.471154	-0.487025	-0.294599	 0.149888	 0.376790	-0.523551	-0.498522	 0.410746
-0.191412	-0.498276	 0.127747	-0.499502	-0.471154	-0.487025	-0.184278	 0.149673	 0.376790	-0.146232	-0.498522	 0.398897
 0.003198	-0.498641	 0.127748	-0.499502	-0.471154	-0.487025	-0.129118	 0.149565	 0.376790	 0.042427	-0.498522	 0.392972
 0.100503	-0.498823	 0.127748	-0.499502	-0.471154	-0.487025	-0.601537	 0.149511	 0.376790	 0.136757	-0.498522	 0.390010
 0.149156	-0.498914	 0.127748	-0.499502	-0.471154	-0.487025	-0.835599	 0.149484	 0.376790	 0.183922	-0.498522	 0.388528
 0.173482	-0.498960	-0.372252	-0.499502	-0.471154	-0.487025	-0.450491	 0.149470	 0.376790	 0.207505	-0.498522	 0.387788
 0.185645	-0.498983	-0.620508	-0.499502	-0.471154	-0.487025	-0.257937	 0.149464	 0.376790	 0.219296	-0.498522	 0.387417
 0.191726	-0.498994	-0.742898	-0.499502	-0.471154	-0.487025	-0.161660	 0.149460	 0.376790	 0.225191	-0.498522	 0.387232
 0.194767	-0.499000	-0.302362	-0.499502	-0.471154	-0.487025	-0.113521	-0.350541	 0.376790	 0.228139	-0.498522	 0.387140
 0.196288	-0.499003	-0.082095	-0.499502	-0.471154	-0.487025	-0.089452	-0.598841	 0.376790	 0.229613	-0.498522	 0.387093
-0.302952	-0.499004	 0.028039	-0.499502	-0.471154	-0.487025	-0.077417	 0.278703	 0.376790	 0.230350	-0.498522	 0.887070
-0.550968	-0.499005	 0.083106	-0.499502	-0.471154	-0.487025	-0.071400	 0.715163	 0.376790	 0.230718	-0.498522	 1.134285
-0.173377	-0.499005	 0.110640	-0.499502	 0.028846	-0.487025	-0.068391	 0.931090	 0.376790	 0.230903	-0.498522	 0.755129
 0.015418	-0.499005	 0.124406	-0.499502	 0.277789	-0.487025	-0.066887	 1.036759	 0.376790	 0.230995	-0.498522	 0.565551
 0.109815	 0.000994	 0.131290	-0.499502	 0.401206	 0.012975	-0.066135	 1.087309	 0.376790	 0.731041	-0.498522	 0.970762
 0.157014	 0.249992	 0.134731	-0.499502	 0.461866	 0.261949	-0.065759	 1.110308	 0.376790	 0.978602	-0.498522	 1.170615
 0.180613	 0.374491	 0.136452	-0.499502	 0.491151	 0.385414	-0.065571	 1.119541	 0.376790	 1.099930	-0.498522	 1.267801
 0.192413	 0.436741	 0.137313	 0.000498	 0.504752	 0.446129	 0.434523	 1.121900	 0.376790	 1.158151	 0.001478	 1.313664
 0.198313	 0.467866	 0.137743	 0.249497	 0.510516	 0.475473	 0.682701	 1.120831	 0.376790	 1.184829	 0.250475	 1.333877
 0.201263	 0.483428	 0.637958	 0.373996	 0.512366	 0.489135	 1.304928	 2.118057	 1.376790	 2.195745	 2.374973	 1.841275
 0.202738	 0.491209	 0.885789	 0.436246	 0.512262	 0.494961	 1.612187	 2.610439	 1.872037	 2.694790	 3.428223	 2.090276
 0.203475	 0.495100	 1.007438	 0.467371	 0.511186	 0.496872	 1.761978	 2.350425	 1.614925	 1.937925	 2.945886	 2.710099
 0.203844	 0.497045	 1.066004	 0.482933	 0.509628	 0.497827	 1.833050	 2.216237	 1.483654	 1.557130	 2.699790	 3.013350
 0.704028	 0.498018	 1.093037	 0.490715	 0.507832	 0.498305	 1.864778	 2.144979	 1.415314	 2.364380	 5.571834	 2.158342
 0.951712	 0.498504	 1.104314	 0.494605	 0.505923	 0.498544	 1.876848	 2.105202	 1.378450	 2.761662	 6.990969	 1.728232
 1.073155	 0.498747	 1.107721	 0.496550	 0.503960	 0.498664	 1.879106	 2.081183	 1.357334	 2.953985	 7.683716	 1.510581
 1.131488	 0.498869	 1.107203	 0.497523	 1.001974	 0.998723	 1.876472	 2.065059	 0.844104	 3.043853	 7.013336	 1.399169
 1.158274	 0.498930	 1.104730	 0.498009	 1.247982	 1.245756	 1.871407	 2.052899	 0.587489	 3.082520	 6.665461	 1.340888
 1.169297	 0.498960	 0.601289	 0.498253	 0.867997	 0.366286	 1.365142	 1.542738	 0.459182	 2.095612	 3.478888	 0.809182
 1.172448	 0.498975	 0.349569	 0.498374	 0.678005	-0.072422	 1.110292	 1.285592	 0.395028	 1.599940	 1.885601	 0.543329
 0.671672	-0.001017	 0.723709	 0.498435	 0.583009	 0.209246	 0.981156	 0.654962	 0.362951	 0.849895	 1.088958	 0.410402
 0.421285	-0.250011	 0.908583	 0.498465	 0.535511	 0.350080	 0.914884	 0.339647	 0.346913	 0.474873	 0.690637	 0.343939
-0.203909	 0.125492	 0.498833	 0.498481	 0.511762	 0.420497	 0.880051	 0.681990	 0.338893	 0.287362	 0.491476	 0.310708
-0.514848	 0.312241	 0.293958	 0.498488	 0.499887	 0.455705	 0.860944	 0.851112	 0.334884	 0.193606	 0.391895	 0.294092
-0.668666	 0.405616	 0.191521	 0.498492	 0.493950	 0.473310	 0.849707	 0.933633	 0.332879	 0.146729	 0.342105	 0.285784
-0.243930	 0.452303	 0.140302	 0.498494	-0.009018	 0.482112	 0.842411	 0.972861	 0.331877	 0.623290	 0.317210	 0.781630
-0.031562	 0.475647	 0.114692	 0.498495	-0.259479	 0.486513	 0.837093	 0.990451	 0.331375	 0.859371	 0.304762	 1.026998
 0.074622	-0.012681	 0.601888	 0.498495	-0.383689	 0.488713	 0.832771	 0.997230	 0.331125	 0.975220	 0.298539	 0.647137
 0.127714	-0.255843	 0.843307	 0.498496	-0.444778	 0.489814	 0.828952	 0.998612	 0.331000	 1.030963	 0.295427	 0.457207
 0.154260	-0.377424	 0.961848	 0.498496	 0.025689	-0.009636	 0.825393	 0.997302	 0.330937	 1.056661	 0.293871	 0.862242
 0.167533	-0.438215	 1.018957	 0.498496	 0.260922	-0.258343	 0.821970	 0.994656	 0.330906	 1.067345	 0.293093	 1.062225
 0.174170	-0.468610	 1.045360	-0.001504	 0.378539	 0.118318	 0.818621	 0.991348	 0.330890	 0.570531	-0.207296	 0.659692
 0.177488	-0.483808	 1.056417	-0.250501	 0.437347	 0.306648	 0.815316	 0.987719	 0.330882	 0.322124	-0.456075	 0.458425
 0.179147	-0.491407	 1.059811	-0.375000	 0.466751	 0.400813	 0.812039	 0.983935	 0.330878	 0.197920	-0.579055	 0.357792
 0.179977	 0.004794	 0.559382	-0.437249	-0.018546	-0.052104	 0.308784	 0.480084	 0.330876	 0.135819	-0.639141	 0.307475
 0.180391	 0.251892	 0.309167	-0.468374	-0.260188	-0.277553	 0.057156	 0.228158	 0.330875	 0.104768	-0.667785	 0.282317
 0.180599	-0.124559	 0.184060	 0.016064	-0.380005	 0.110729	-0.068658	 0.102195	 0.330875	 0.089242	-0.680715	 0.269738
 0.180703	-0.311782	 0.121506	 0.257282	-0.439913	 0.304870	-0.131565	 0.039213	 0.330874	 0.081480	-0.685792	 0.263448
 0.180754	-0.405394	-0.409771	-0.122109	-0.469867	-0.098060	 0.336981	 0.507723	 0.330874	 0.077598	-0.686949	 0.260303
 0.180780	-0.452200	-0.673527	-0.310802	-0.484844	-0.298523	 0.569644	 0.740025	 0.330874	 0.075658	-0.686151	 0.258731
 0.180793	-0.475602	-0.803531	-0.405148	-0.492333	-0.398754	 0.184370	 0.354231	 0.330874	 0.074687	-0.684382	 0.257945
 0.180800	-0.487304	-0.866666	-0.452321	-0.496077	-0.448870	-0.008267	 0.161334	 0.330874	 0.074202	-0.682132	 0.257552
 0.180803	-0.493155	-0.396373	-0.475908	-0.497949	-0.473928	-0.104585	 0.064886	 0.330874	 0.073960	-0.679647	 0.257355
 0.180805	-0.496080	-0.161227	-0.487701	-0.498886	-0.486457	-0.152744	 0.016662	 0.330874	 0.073838	-0.677050	 0.257257
 0.180805	-0.497543	-0.043654	-0.493598	-0.499354	-0.492721	-0.176824	-0.007450	 0.330874	 0.073778	-0.674403	 0.257208
 0.180806	-0.498274	-0.484868	 0.003454	-0.499588	-0.495853	-0.188864	-0.019506	 0.330874	 0.073747	-0.671736	 0.257183
 0.180806	-0.498640	-0.703622	 0.250979	-0.499705	-0.497419	-0.194884	-0.025534	 0.330874	 0.073732	-0.669064	 0.257171
 0.180806	-0.498823	-0.311155	-0.125259	-0.499763	-0.498202	-0.197893	-0.028548	 0.330874	 0.073725	-0.666396	 0.257165
 0.180806	-0.498914	-0.114921	-0.312374	-0.499792	-0.498594	-0.199398	-0.030055	 0.330874	 0.073721	-0.663734	 0.257162
-0.319194	-0.498960	-0.016804	-0.405932	-0.499807	-0.498790	-0.200151	-0.030809	 0.330874	 0.073719	-0.661081	 0.257160
-0.567555	-0.498983	 0.032254	-0.452711	-0.499814	-0.498888	-0.200527	-0.031186	 0.330874	 0.073718	-0.658437	 0.257159
-0.190104	-0.498994	 0.056784	-0.476101	-0.499818	-0.498937	-0.200715	-0.031374	 0.330874	 0.073717	-0.655804	 0.257159
-0.001379	-0.499000	 0.069048	-0.487796	-0.499820	-0.498961	-0.200809	-0.031468	 0.330874	 0.073717	-0.653181	 0.257159
 0.092984	-0.499003	 0.075180	-0.493643	-0.499821	-0.498973	-0.200856	-0.031515	 0.330874	 0.073717	-0.650569	 0.257159
 0.140165	-0.499004	 0.078247	-0.496567	-0.499821	-0.498979	-0.200880	-0.031539	 0.330874	 0.073717	-0.647966	 0.257159
 0.163756	-0.499005	 0.079780	-0.498028	-0.499821	-0.498982	-0.200892	-0.031551	 0.330874	 0.073717	-0.645375	 0.257159
 0.175551	-0.499005	 0.080546	-0.498759	-0.499822	-0.498984	-0.200898	-0.531557	 0.330874	 0.073717	-0.642793	 0.257159
 0.181449	-0.499005	 0.080930	-0.499125	-0.499822	-0.498985	-0.200900	-0.779496	 0.330874	 0.073717	-0.640222	 0.257159
-0.315602	-0.499005	 0.081121	-0.499308	-0.499822	-0.498985	-0.200902	-0.401411	 0.330874	 0.073717	-0.637661	 0.257159
-0.562502	-0.499005	 0.081217	-0.499399	-0.499822	-0.498985	-0.200903	-0.212369	 0.330874	 0.073717	-0.635110	 0.257159
-0.184334	 0.000995	-0.418735	-0.499445	-0.499822	-0.498985	-0.200903	-0.117848	 0.330874	-0.426283	-0.632570	 0.257159
 0.004751	 0.249993	-0.666874	-0.499467	-0.499822	-0.498985	-0.200903	-0.070587	 0.330874	-0.674431	-0.630040	 0.257159
 0.099293	 0.374492	-0.789113	-0.499479	-0.499822	-0.498985	-0.200903	-0.046957	 0.330874	-0.796659	-0.627519	 0.257159
 0.146564	-0.063259	-0.348410	-0.499485	-0.499822	-0.498985	-0.200903	-0.035142	 0.330874	-0.355936	-0.625009	 0.257159
 0.170199	-0.281132	-0.128059	-0.499487	-0.499822	-0.498985	-0.200903	-0.029234	 0.330874	-0.135574	-0.622509	 0.257159
 0.182017	-0.390069	-0.017883	 0.000511	 0.000178	-0.498985	-0.200903	-0.026280	 0.330874	-0.025393	-0.620019	 0.257159
 0.187926	-0.444537	 0.037205	 0.249509	 0.249178	-0.498985	-0.200903	-0.024803	 0.330874	 0.029697	-0.617539	 0.257159
 0.190880	-0.471771	 0.064749	 0.374009	-0.126322	-0.498985	-0.200903	-0.024065	 0.330874	 0.057243	-0.615069	 0.257159
 0.192358	-0.485388	 0.078521	 0.436258	-0.313069	-0.498985	-0.200903	-0.023696	 0.330874	 0.071015	-0.612609	 0.257159
 0.193096	-0.492197	 0.085407	 0.467383	-0.406442	-0.498985	-0.200903	-0.023511	 0.330874	 0.077902	-0.610158	 0.257159
 0.193466	-0.495601	 0.088850	 0.482945	-0.453128	-0.498985	-0.200903	-0.023419	 0.330874	 0.081345	-0.607718	 0.257159
 0.193650	-0.497303	 0.090572	 0.490727	-0.476472	-0.498985	-0.200903	-0.023373	 0.330874	 0.083066	-0.605287	 0.257159
 0.193743	-0.498154	 0.091432	-0.005383	-0.488143	-0.498985	-0.200903	-0.023350	 0.330874	 0.083927	-0.602866	 0.257159
 0.193789	-0.498580	 0.091863	-0.252435	-0.493979	-0.498985	-0.200903	-0.023338	 0.330874	 0.084358	-0.600454	 0.257159
 0.193812	-0.498793	 0.092078	-0.375960	-0.496897	-0.498985	-0.200903	-0.023332	 0.330874	 0.084573	-0.598052	 0.257159
 0.193823	-0.498899	 0.092185	-0.437723	-0.498356	-0.498985	-0.200903	-0.023329	 0.330874	 0.084680	-0.595660	 0.257159
 0.193829	-0.498952	 0.092239	 0.031395	-0.499086	-0.498985	-0.200903	-0.023328	 0.330874	 0.084734	-0.593278	 0.257159
 0.193832	-0.498979	 0.092266	 0.264953	-0.499450	-0.498985	-0.200903	-0.023327	 0.330874	 0.084761	-0.590904	 0.257159
 0.193833	 0.001008	 0.092280	-0.618267	-0.499633	-0.498985	-0.700903	-0.023327	 0.330874	 0.084774	-0.588541	 0.257159
 0.193834	 0.249999	 0.092286	-1.056875	-0.499724	-0.498985	-0.948502	-0.023327	 0.330874	 0.084781	-0.586187	 0.257159
 0.193835	 0.374495	 0.092290	-1.273188	-0.499769	-0.498985	-1.069909	-0.023327	 0.330874	 0.084785	-0.583842	 0.257159
 0.193835	-0.063257	 0.092291	-0.878365	 0.000208	-0.498985	-0.628229	-0.023326	 0.330874	 0.084786	-0.581507	 0.257159
 0.193835	-0.281131	 0.092292	-0.680954	 0.249196	-0.498985	-0.407390	-0.023326	 0.330874	 0.084787	-0.579181	 0.257159
 0.193835	-0.390068	 0.092293	-0.082248	-0.126310	-0.498985	-0.796970	-0.023326	 0.330874	 0.084788	-0.576864	 0.257159
 0.193835	-0.444537	 0.092293	 0.216072	-0.313059	-0.498985	-0.989387	-0.023326	 0.330874	 0.084788	-0.574556	 0.257159
 0.193835	-0.471771	 0.092293	-0.135797	-0.406434	 0.001015	-1.083232	 0.476674	 0.330874	 0.084788	-0.572258	 0.257159
 0.193835	-0.485388	 0.092293	-0.311731	-0.453121	 0.250012	-1.127800	 0.724720	 0.330874	 0.084788	-0.569969	 0.257159
 0.193835	-0.492197	 0.092293	-0.399699	 0.023535	-0.125489	-0.647740	 0.346798	 0.330874	 0.084788	-0.567689	 0.257159
 0.193835	-0.495601	 0.092293	-0.443682	 0.260863	-0.312237	-0.407709	 0.157837	 0.330874	 0.084788	-0.565418	 0.257159
 0.193835	-0.497303	 0.092293	-0.465674	-0.120473	-0.405611	-0.287694	 0.563356	 0.330874	 0.084788	-0.563157	 0.257159
 0.193835	-0.498154	 0.092293	-0.476670	-0.310138	-0.452298	-0.227687	 0.764178	 0.330874	 0.084788	-0.560904	 0.257159
 0.193835	-0.498580	 0.092293	-0.482168	-0.404970	-0.475642	-0.197683	 0.862659	 0.330874	 0.084788	-0.558661	 0.257159
 0.193835	-0.498793	 0.092293	 0.015083	-0.452386	-0.487314	-0.182681	 0.409978	 0.330874	 0.084788	-0.556426	 0.257159
 0.193835	-0.498899	 0.092293	 0.262684	-0.476094	-0.493150	-0.175180	 0.183637	 0.330874	 0.084788	-0.554200	 0.257159
 0.193835	-0.498952	 0.092293	-0.114536	-0.487948	-0.496068	-0.171429	 0.070466	 0.330874	 0.084788	-0.551983	 0.257159
 0.193835	-0.498979	 0.092293	-0.303146	-0.493875	-0.497527	-0.169554	 0.013881	 0.330874	 0.084788	-0.549775	 0.257159
 0.193835	 0.001008	 0.092293	 0.102549	-0.496839	-0.498256	-0.168617	-0.014412	 0.330874	 0.084788	-0.547576	 0.257159
 0.193835	 0.249999	 0.092293	 0.304380	-0.498320	-0.498621	-0.168148	-0.028558	 0.330874	 0.084788	-0.545386	 0.257159
 0.193835	-0.125505	 0.092293	-0.095717	-0.499061	-0.498803	-0.167913	-0.035631	 0.330874	 0.084788	-0.543205	 0.257159
 0.193835	-0.312255	 0.092293	-0.295766	-0.499432	-0.498894	-0.167796	-0.039168	 0.330874	 0.084788	-0.541032	 0.257159
 0.193835	-0.405630	 0.092293	-0.395790	-0.499617	-0.498940	-0.167738	-0.040936	 0.330874	 0.084788	-0.538868	 0.257159
 0.193835	-0.452318	 0.092293	-0.445802	-0.499709	-0.498963	-0.167708	-0.041820	 0.330874	 0.084788	-0.536712	 0.257159
 0.193835	-0.475661	 0.092293	-0.470808	-0.499756	-0.498974	-0.167694	-0.042262	 0.330874	 0.084788	-0.534565	 0.257159
 0.193835	-0.487333	 0.092293	 0.016689	-0.499779	-0.998980	-0.167686	-0.042483	 0.330874	 0.084788	-0.532427	 0.257159
 0.193835	-0.493169	 0.092293	 0.259429	-0.499790	-1.245985	-0.167683	-0.042594	 0.330874	 0.084788	-0.530297	 0.257159
 0.193835	-0.496087	 0.092293	-0.120205	-0.499796	-0.866501	 0.332319	-0.042649	 0.330874	 0.084788	-0.528176	 0.257159
 0.193835	-0.497546	 0.092293	-0.310022	-0.499799	-0.676759	 0.580656	-0.042677	 0.330874	 0.084788	-0.526063	 0.257159
 0.193835	 0.001724	-0.407707	-0.404931	-0.499801	-0.581889	 0.203166	 0.457310	 0.330874	 0.084788	-0.523959	 0.257159
 0.193835	 0.250358	-0.655892	-0.452385	-0.499801	-0.534453	 0.014421	 0.705388	 0.330874	 0.084788	-0.521863	 0.257159
 0.193835	 0.374674	-0.778176	-0.476112	-0.499802	-0.510735	-0.079952	 0.827520	 0.330874	 0.084788	-0.519776	 0.257159
 0.193835	 0.436832	-0.337517	-0.487976	-0.499802	-0.498877	-0.127138	 0.386687	 0.330874	 0.084788	-0.517697	 0.257159
 0.193835	 0.467912	-0.117187	-0.493908	-0.499802	-0.492947	-0.150731	 0.166271	 0.330874	 0.084788	-0.515626	 0.257159
 0.193835	-0.016549	-0.007023	 0.003126	-0.499802	-0.489982	-0.162528	 0.556062	 0.330874	 0.084788	-0.513563	 0.757159
 0.193835	-0.257777	 0.048060	 0.250643	-0.499802	-0.488500	-0.168426	 0.749067	 0.330874	 0.084788	-0.511509	 1.004644
 0.193835	-0.378391	 0.075601	-0.125599	 0.000198	-0.487759	-0.171375	 0.343684	 0.330874	 0.084788	-0.509463	 0.625883
 0.193835	-0.438698	 0.089371	-0.312716	 0.249198	-0.487388	-0.172850	 0.140993	 0.330874	 0.084788	-0.507425	 0.436502
 0.193835	-0.468852	 0.096257	-0.406274	-0.126303	-0.487203	-0.173587	 0.539648	 0.330874	 0.084788	-0.505396	 0.341812
 0.193835	-0.483928	 0.099699	-0.453054	-0.313049	-0.487110	-0.173956	 0.737099	 0.330874	 0.084788	-0.503374	 0.294467
 0.193835	-0.491467	 0.101421	-0.476443	-0.406422	-0.487064	-0.174140	 0.833955	 0.330874	 0.084788	-0.501361	 0.270794
 0.193835	-0.495236	 0.102281	-0.988138	-0.453109	-0.487041	-0.174232	 0.880521	 0.330874	 0.084788	-0.500354	 0.758958
 0.193835	-0.497121	 0.102712	-1.240986	-0.476452	-0.487029	-0.174278	 0.901950	 0.330874	 0.084788	-0.499850	 1.000545
 0.193835	 0.001937	 0.102927	-0.864422	-0.488124	-0.487023	-0.174301	-0.089182	 0.330874	 0.084788	-0.499599	 0.618855
 0.193835	 0.250464	 0.103034	-0.676140	-0.493960	-0.487021	-0.174313	-0.582587	 0.330874	 0.084788	-0.499473	 0.428010
 0.193835	 0.374727	 0.103088	-0.581999	-0.496878	-0.487019	-0.174318	-0.327138	 0.330874	 0.084788	-0.499410	 0.332587
 0.193835	 0.436859	 0.103115	-0.534929	-0.498337	-0.487018	-0.174321	-0.199414	 0.330874	 0.084788	-0.499379	 0.284876
 0.193835	-0.032075	 0.103129	-0.011393	-0.499066	-0.487018	-0.174323	-0.135551	 0.330874	 0.084788	-0.499363	 0.261020
 0.193835	-0.265540	 0.103135	 0.249350	-0.499431	-0.487018	-0.174323	-0.103620	 0.330874	 0.084788	-0.499355	 0.249092
 0.193835	-0.382273	 0.103139	 0.378701	-0.499613	-0.487018	-0.174324	-0.087654	 0.330874	 0.084788	-0.499351	 0.243128
 0.193835	-0.440639	 0.103140	-0.057639	-0.499704	-0.487018	-0.174324	-0.079672	 0.330874	 0.084788	-0.499349	 0.240146
 0.193835	-0.469822	 0.103141	-0.275809	-0.499750	-0.487018	-0.174324	-0.075680	 0.330874	 0.084788	-0.499348	 0.238655
 0.193835	-0.484414	 0.103142	-0.384894	 0.000227	-0.487018	-0.174324	 0.426315	 0.330874	 0.084788	-0.499348	 0.237910
 0.193835	-0.491709	 0.103142	-0.439437	 0.249215	-0.487018	-0.174324	 0.675457	 0.330874	 0.084788	-0.499347	 0.237537
 0.193835	-0.495357	-0.396858	-0.466708	-0.126291	-0.487018	-0.174324	 0.298178	 0.330874	 0.084788	-0.499347	 0.237351
 0.193835	-0.497181	-0.645064	-0.480344	-0.313040	-0.487018	-0.174324	 0.109539	 0.330874	 0.084788	-0.499347	 0.237258
 0.193835	-0.498093	-0.767381	-0.487162	-0.406415	-0.487018	-0.174324	 0.515219	 0.330874	 0.084788	-0.499347	 0.237211
 0.193835	-0.498549	-0.826760	-0.490570	-0.453102	-0.487018	-0.174324	 0.716217	 0.330874	 0.084788	-0.499347	 0.237188
 0.193835	-0.498777	-0.854677	-0.492275	-0.476446	-0.487018	-0.174324	 0.814882	 0.330874	 0.084788	-0.499347	 0.237176
 0.193835	-0.498891	-0.866870	-0.493127	-0.488117	-0.487018	-0.174324	 0.862388	 0.330874	 0.084788	-0.499347	 0.237170
 0.193835	-0.498948	-0.871209	-0.493553	-0.493953	-0.487018	-0.174324	 0.884320	 0.330874	 0.084788	-0.499347	 0.237167
 0.193835	-0.498977	-0.371627	-0.493766	-0.496871	-0.487018	-0.174324	 0.893474	 0.330874	 0.084788	-0.499347	 0.737166
 0.193835	-0.498991	-0.121836	-0.493873	-0.498330	-0.487018	-0.174324	 0.896246	 0.330874	 0.084788	-0.499347	 0.984691
 0.193835	 0.001002	 0.003059	-0.993926	-0.499060	-0.487018	-0.174324	 0.395834	 0.330874	 0.084788	-0.499347	 1.105989
 0.193835	 0.249996	 0.065507	-1.240965	-0.499425	-0.487018	-0.174324	 0.145628	 0.330874	 0.084788	-0.499347	 1.164183
 0.193835	-0.125506	 0.096731	-0.861508	-0.499607	-0.487018	-0.174324	 0.020525	 0.330874	 0.084788	-0.499347	 0.690836
 0.193835	-0.312256	 0.112343	-0.671780	-0.499698	-0.487018	-0.174324	-0.042027	 0.330874	 0.084788	-0.499347	 0.454162
 0.193835	-0.405630	 0.120149	-0.576916	-0.499744	-0.487018	-0.174324	-0.073303	 0.330874	 0.084788	-0.499347	 0.335825
 0.193835	-0.452318	 0.124052	-0.529484	-0.499766	-0.487018	 0.325676	 0.411060	 0.330874	 0.084788	-0.499347	 0.276657
 0.193835	-0.475661	 0.126003	-0.505767	-0.499778	-0.487018	 0.574024	 0.651450	 0.330874	 0.084788	-0.499347	 0.247072
 0.193835	-0.487333	 0.126979	-0.493909	-0.499784	-0.487018	 0.196554	 0.269861	 0.330874	 0.084788	-0.499347	 0.732280
 0.193835	-0.493169	 0.127467	-0.487980	-0.499786	-0.487018	 0.007819	 0.079067	 0.330874	 0.084788	-0.499347	 0.972449
 0.193835	-0.496087	 0.127711	 0.014984	-0.499788	-0.487018	-0.086549	-0.016330	 0.330874	 0.084788	-0.499347	 0.590109
 0.193835	-0.497546	 0.127833	 0.265430	-0.499789	-0.487018	-0.133733	-0.064029	 0.330874	 0.084788	-0.499347	 0.398938
 0.193835	-0.498276	 0.127894	-0.110378	-0.499789	-0.487018	-0.157324	-0.087878	 0.330874	 0.084788	-0.499347	 0.803353
 0.193835	-0.498640	 0.127924	-0.298282	-0.499789	-0.487018	-0.169120	-0.099803	 0.330874	 0.084788	-0.499347	 1.003145
 0.193835	-0.498823	 0.127939	-0.392235	-0.499789	-0.487018	-0.175018	-0.105765	 0.330874	 0.084788	-0.499347	 1.100635
 0.193835	 0.001086	 0.127947	 0.060789	-0.499789	-0.487018	 0.322033	-0.108746	 0.330874	 0.084788	-0.499347	 0.646984
 0.193835	 0.250039	 0.127951	 0.286274	-0.499789	-0.487018	 0.568920	-0.110237	 0.330874	 0.084788	-0.499347	 0.420158
 0.193835	-0.125485	-0.372047	 0.397992	-0.499789	-0.487018	 0.190732	-0.110982	 0.330874	 0.084788	-0.499347	 0.306745
 0.193835	-0.312245	-0.620302	 0.452832	-0.499789	-0.487018	 0.001638	-0.111355	 0.330874	 0.084788	-0.499347	 0.250039
 0.193835	-0.405625	-0.242693	-0.020763	-0.499789	-0.487018	-0.092909	-0.111541	 0.330874	 0.084788	-0.499347	 0.221686
 0.193835	-0.452315	-0.053888	-0.257561	-0.499789	-0.487018	-0.140182	-0.111634	 0.330874	 0.084788	-0.499347	 0.207509
 0.193835	-0.475660	 0.040515	-0.375960	 0.000211	-0.487018	-0.163819	-0.111681	 0.330874	 0.084788	-0.499347	 0.700421
 0.193835	-0.487333	 0.087716	-0.435159	 0.249210	-0.487018	-0.175638	-0.111704	 0.330874	 0.084788	-0.499347	 0.944490
 0.193835	-0.493169	 0.111316	-0.464759	-0.126290	-0.487018	-0.181547	-0.111716	 0.330874	 0.084788	-0.499347	 1.064147
 0.193835	-0.496087	 0.123117	-0.479559	-0.313036	-0.487018	-0.184501	-0.111722	 0.330874	 0.084788	-0.499347	 0.621609
 0.193835	-0.497546	 0.129017	-0.486959	-0.406410	-0.487018	-0.185979	-0.111724	 0.330874	 0.084788	-0.499347	 0.400339
 0.193835	-0.498275	 0.131967	 0.009341	-0.453096	-0.487018	-0.186717	 0.388274	 0.330874	 0.084788	-0.499347	 0.289704
 0.193835	-0.498640	 0.133442	 0.256480	-0.476440	-0.487018	-0.187087	 0.636497	 0.330874	 0.084788	-0.499347	 0.234387
 0.193835	 0.001177	 0.134180	-0.120958	-0.488111	-0.487018	-0.687271	 0.258839	 0.330874	 0.084788	-0.499347	 0.206728
 0.193835	 0.250084	 0.134548	-0.309677	-0.493947	-0.487018	-0.934989	 0.070010	 0.330874	 0.084788	-0.499347	 0.192899
 0.193835	-0.125462	 0.134733	-0.404036	-0.496865	-0.487018	-0.056482	-0.024405	 0.330874	 0.084788	-0.499347	 0.185984
 0.193835	-0.312234	 0.134825	-0.451216	-0.498324	-0.487018	 0.381127	-0.071612	 0.330874	 0.084788	-0.499347	 0.182527
 0.193835	 0.094381	 0.134871	-0.474806	-0.499053	-0.487018	 0.598294	 0.404784	 0.330874	 0.084788	-0.499347	 0.680798
 0.193835	 0.296686	 0.134894	-0.486601	-0.499418	-0.487018	 0.705247	 0.641220	 0.330874	 0.084788	-0.499347	 0.927576
 0.193835	 0.397838	 0.134906	-0.492498	-0.499601	-0.487018	 0.757099	 0.757683	 0.330874	 0.084788	-0.499347	 1.048616
 0.193835	 0.448415	 0.134911	-0.495447	-0.499692	-0.487018	 0.281407	 0.314166	 0.330874	 0.084788	-0.499347	 0.606797
 0.193835	 0.473703	 0.134914	-0.496921	-0.499737	-0.487018	 0.043561	 0.092407	 0.330874	 0.084788	-0.499347	 0.385887
 0.193835	 0.486347	 0.134916	-0.497658	-0.499760	-0.487018	-0.075362	-0.018472	 0.330874	 0.084788	-0.499347	 0.275432
 0.193835	 0.492669	 0.134916	-0.498027	-0.499772	-0.487018	-0.134823	-0.073912	 0.330874	 0.084788	-0.499347	 0.220205
 0.193835	 0.495830	 0.134917	-0.498211	-0.499777	-0.487018	-0.164554	-0.101631	 0.330874	 0.084788	-0.499347	 0.692591
 0.193835	 0.497411	 0.134917	-0.498303	-0.499780	-0.487018	-0.179419	-0.115491	 0.330874	 0.084788	-0.499347	 0.926454
-0.306165	-0.001799	 0.134917	-0.498350	-0.499782	-0.487018	-0.186852	 0.377579	 0.330874	 0.084788	-0.499347	 0.541065
-0.554553	-0.250402	 0.134917	-0.498373	-0.499782	-0.487018	-0.190568	 0.622372	 0.330874	 0.084788	-0.499347	 0.348371
-0.677141	-0.374703	 0.134917	-0.498384	-0.499783	-0.487018	-0.192427	 0.743035	 0.330874	 0.084788	-0.499347	 0.252023
-0.236835	-0.436854	 0.134917	-0.498390	-0.499783	-0.487018	 0.306644	 0.301639	 0.330874	 0.084788	-0.499347	 0.203850
-0.016683	-0.467930	 0.134917	-0.498393	-0.499783	-0.487018	 0.554568	 0.080941	 0.330874	 0.084788	-0.499347	 0.179763
 0.093394	-0.483467	 0.134917	-0.498394	 0.000217	-0.487018	 0.176925	-0.029408	 0.330874	 0.084788	-0.499347	 0.667720
 0.148432	-0.491236	 0.134917	-0.498395	 0.249217	-0.487018	-0.011896	-0.084583	 0.330874	 0.084788	-0.499347	 0.909387
 0.175951	-0.495120	 0.134917	-0.498395	-0.126284	-0.487018	-0.106307	-0.112170	 0.330874	 0.084788	-0.499347	 1.027918
 0.189711	-0.497063	 0.134917	-0.498395	-0.313030	-0.487018	-0.153512	-0.125964	 0.330874	 0.084788	-0.499347	 1.084891
-0.303410	 0.001966	-0.365083	-0.498396	-0.406403	-0.487018	-0.177115	-0.132861	 0.330874	 0.084788	-0.499347	 0.611093
-0.548377	 0.250479	-0.613353	-0.498396	-0.453090	-0.487018	-0.188916	-0.136309	 0.330874	 0.084788	-0.499347	 0.374195
-0.669273	 0.374735	-0.735764	-0.498396	-0.476433	-0.487018	-0.194817	-0.138033	 0.330874	 0.084788	-0.499347	 0.255745
-0.228142	-0.063137	-0.295254	-0.498396	-0.488105	-0.487018	-0.197767	-0.138895	 0.330874	 0.084788	-0.499347	 0.696521
-0.007576	-0.281071	-0.074999	-0.498396	-0.493941	-0.487018	-0.199242	-0.139326	 0.330874	 0.084788	-0.499347	 0.914634
 0.102707	-0.390038	 0.035129	-0.498396	-0.496859	-0.487018	-0.199980	-0.139542	 0.330874	 0.084788	-0.499347	 0.521425
 0.157849	-0.444521	 0.090193	-0.498396	-0.498318	-0.487018	-0.200349	-0.139650	 0.330874	 0.084788	-0.499347	 0.324820
 0.185420	 0.028237	 0.117725	-0.498396	 0.000953	-0.487018	-0.200533	-0.139703	 0.330874	 0.084788	-0.499347	 0.226518
 0.199205	 0.263614	 0.131491	-0.498396	 0.249588	-0.487018	-0.200625	-0.139730	 0.330874	 0.084788	-0.499347	 0.177367
 0.206098	-0.118697	-0.361626	-0.498396	-0.126095	-0.487018	-0.200672	-0.139744	 0.330874	 0.084788	-0.499347	 0.152791
 0.209544	-0.308851	-0.606475	-0.498396	-0.312933	-0.487018	-0.200695	-0.139751	 0.330874	 0.084788	-0.499347	 0.140504
 0.211267	-0.403928	-0.727197	-0.498396	-0.406352	-0.487018	-0.200706	-0.139754	 0.330874	 0.084788	-0.499347	 0.134360
 0.212129	 0.048534	-0.285862	 0.001604	-0.453061	-0.487018	-0.200712	-0.139756	 0.330874	 0.084788	-0.499347	 0.131288
 0.212560	 0.273762	-0.065195	 0.250601	-0.476416	-0.487018	-0.200715	-0.139757	 0.330874	 0.084788	-0.499347	 0.129752
 0.212775	-0.113623	 0.045139	-0.124900	-0.488093	 0.012982	 0.299284	 0.360243	 0.330874	 0.084788	 0.000653	 0.128984
 0.212883	-0.306314	 0.100306	-0.311650	-0.493932	 0.261956	 0.547685	 0.608522	 0.330874	 0.084788	 0.249652	 0.128600
 0.212937	-0.402659	 0.127889	-0.405025	-0.496851	-0.114578	 0.670293	 0.730948	 0.330874	 0.084788	-0.125849	 0.628408
 0.212963	-0.450832	 0.141681	-0.451713	-0.498311	-0.302846	 0.730011	 0.790455	 0.330874	 0.084788	-0.312597	 0.876055
 0.212977	-0.474918	-0.351423	-0.975057	-0.499041	-0.396980	 0.258291	 0.318508	 0.330874	 0.084788	-0.405970	 0.497632
 0.212984	-0.486962	-0.596286	-1.233732	-0.499406	-0.444046	 0.022431	 0.082535	 0.330874	 0.084788	-0.452657	 0.308420
 0.212987	-0.492983	-0.717036	-1.360084	-0.499588	-0.467580	-0.095500	-0.035452	 0.330874	 0.084788	-0.476001	 0.213814
 0.212989	-0.495994	-0.275735	-0.420288	 0.000321	-0.479347	-0.154465	 0.405554	 0.330874	 0.084788	-0.487673	 0.666511
 0.212990	-0.497499	-0.055084	 0.048571	 0.249275	-0.485230	-0.183947	 0.624365	 0.330874	 0.084788	-0.493508	 0.890621
 0.212990	-0.498252	 0.055241	 0.281966	-0.126248	-0.488172	-0.198688	 0.232083	 0.330874	 0.084788	-0.496426	 0.500447
 0.212990	-0.498628	 0.110404	 0.397633	-0.313006	-0.489642	-0.206059	 0.035943	 0.330874	 0.084788	-0.497885	 0.305360
 0.212990	-0.498817	 0.137985	-0.045561	-0.406385	-0.490378	-0.209744	-0.062127	 0.330874	 0.084788	-0.498615	 0.207816
 0.212990	-0.498911	 0.151776	-0.267157	-0.453075	-0.490746	-0.211587	-0.111163	 0.330874	 0.084788	-0.498980	 0.159044
 0.212990	-0.498958	-0.341329	-0.377956	-0.476420	-0.490929	-0.212508	-0.135680	 0.330874	 0.084788	-0.499162	 0.134658
 0.212990	-0.498981	-0.586212	-0.433355	-0.488092	-0.491021	-0.212969	-0.147939	 0.330874	 0.084788	-0.499253	 0.122465
 0.212990	-0.498993	-0.706992	-0.461054	-0.493928	-0.491067	-0.213199	-0.154068	 0.330874	 0.084788	-0.499299	 0.116369
-0.287010	-0.498999	-0.765726	 0.025096	-0.496846	-0.491090	-0.213314	-0.157133	 0.330874	 0.084788	-0.499321	 0.113321
-0.535436	-0.499002	-0.793444	 0.267149	-0.498305	-0.491102	-0.213372	-0.158665	 0.330874	 0.084788	-0.499333	 0.111797
-0.158081	 0.000997	-0.305661	-0.112844	-0.499035	-0.491108	-0.213401	-0.159432	 0.330874	 0.084788	-0.499339	 0.111034
 0.030597	 0.249994	-0.061770	-0.302840	-0.499400	-0.491110	-0.213415	-0.159815	 0.330874	 0.084788	-0.499341	 0.110653
 0.124935	 0.374493	 0.060176	-0.397838	-0.499582	-0.491112	-0.213422	-0.160006	 0.330874	 0.084788	-0.499343	 0.110463
 0.172105	 0.436742	 0.121149	-0.445337	-0.499673	-0.491113	-0.213426	-0.160102	 0.330874	 0.084788	-0.499344	 0.110368
 0.195689	-0.032133	 0.151636	-0.469086	-0.499719	-0.491113	-0.213428	 0.339850	 0.330874	 0.084788	-0.499344	 0.110320
 0.207482	-0.265569	 0.166879	-0.480961	-0.499741	-0.491113	-0.213429	 0.588147	 0.330874	 0.084788	-0.499344	 0.110296
 0.213378	-0.382287	 0.174500	-0.486898	-0.499753	-0.491113	-0.213429	 0.710622	 0.330874	 0.084788	-0.499344	 0.110284
 0.216326	 0.059354	-0.321689	-0.489867	-0.499759	-0.491113	-0.213429	 0.270193	 0.330874	 0.084788	-0.499344	 0.610278
 0.217800	 0.279173	-0.568148	-0.491351	-0.499761	-0.491113	-0.213430	 0.049979	 0.330874	 0.084788	-0.499344	 0.858055
 0.218537	-0.110918	-0.189748	-0.492093	-0.499763	-0.491113	-0.213430	-0.060128	 0.330874	 0.084788	-0.499344	 0.479731
 0.218905	-0.304961	-0.000548	-0.492465	-0.499764	-0.491113	-0.213430	-0.115182	 0.330874	 0.084788	-0.499344	 0.290570
 0.219090	 0.098017	 0.094052	 0.007350	-0.499764	-0.491113	 0.286570	-0.142708	 0.330874	 0.084788	-0.499344	 0.195989
 0.219182	 0.298504	 0.141352	 0.256243	-0.499764	-0.491113	 0.534997	-0.156472	 0.330874	 0.084788	-0.499344	 0.148698
 0.219228	-0.101252	 0.165002	 0.379679	-0.499764	-0.491113	 0.157644	 0.336647	 0.330874	 0.084788	-0.499344	 0.125053
 0.219251	-0.300128	 0.176827	 0.440391	-0.499764	-0.491113	-0.031033	 0.581546	 0.330874	 0.084788	-0.499344	 0.113231
 0.219262	 0.100434	 0.182740	-0.030255	-0.499764	-0.491113	-0.125371	 0.202343	 0.330874	 0.084788	-0.499344	 0.607319
 0.219268	 0.299712	 0.185696	-0.264577	-0.499764	-0.491113	-0.172540	 0.012742	 0.330874	 0.084788	-0.499344	 0.852161
 0.219271	 0.399352	 0.187174	-0.381737	-0.499764	-0.491113	-0.196125	-0.082059	 0.330874	 0.084788	-0.499344	 0.972388
 0.219272	 0.449172	 0.187913	-0.440318	-0.499764	-0.491113	-0.207917	-0.129460	 0.330874	 0.084788	-0.499344	 0.530316
 0.219273	 0.474082	 0.188282	-0.469608	-0.499764	-0.491113	-0.213813	-0.153160	 0.330874	 0.084788	-0.499344	 0.309280
 0.219274	-0.013463	 0.188467	-0.984253	-0.499764	-0.491113	-0.216762	-0.165010	 0.330874	 0.084788	-0.499344	 0.698762
 0.219274	-0.256234	 0.188560	-1.238578	-0.499764	-0.491113	-0.218236	-0.170935	 0.330874	 0.084788	-0.499344	 0.891326
 0.219274	 0.122381	 0.188606	-0.862754	-0.499764	-0.491113	-0.218973	-0.173897	 0.330874	 0.084788	-0.499344	 0.985441
 0.219274	 0.310686	 0.188629	-0.674843	-0.499764	-0.491113	-0.219341	-0.175379	 0.330874	 0.084788	-0.499344	 1.030339
 0.219274	-0.095161	 0.188640	-0.580887	-0.499764	-0.491113	 0.280475	 0.323881	 0.330874	 0.084788	-0.499344	 0.550638
 0.219274	-0.297083	 0.188646	-0.533909	-0.499764	-0.491113	 0.528822	 0.571864	 0.330874	 0.084788	-0.499344	 0.310787
 0.219274	-0.398044	 0.188649	-0.510420	-0.499764	-0.491113	 0.651441	 0.694216	 0.330874	 0.084788	-0.499344	 0.190862
 0.219274	-0.448524	-0.311349	 0.001325	-0.499764	-0.491113	 0.711203	 0.753759	 0.330874	 0.084788	-0.499344	 0.630899
 0.219274	-0.473764	-0.559726	 0.256171	-0.499764	-0.491113	 0.739542	 0.781904	 0.330874	 0.084788	-0.499344	 0.848776
 0.219274	 0.013616	-0.682298	-0.117428	-0.499764	-0.491113	 0.252175	 0.294356	 0.330874	 0.084788	 0.000656	 0.455581
 0.219274	 0.256304	-0.741974	-0.304228	-0.499764	-0.491113	 0.008492	 0.050582	 0.330874	 0.084788	 0.249654	 0.258983
 0.219274	-0.122352	-0.770209	 0.102373	-0.499764	-0.491113	-0.113349	-0.071305	 0.330874	 0.084788	-0.125846	 0.660685
 0.219274	-0.310678	-0.782730	 0.304655	-0.499764	-0.491113	-0.174270	-0.132248	 0.330874	 0.084788	-0.312594	 0.859410
 0.219274	-0.404841	-0.287400	-0.095218	-0.499764	-0.491113	-0.204731	-0.162720	 0.330874	 0.084788	-0.405968	 0.456657
 0.219274	-0.451923	-0.039734	-0.295154	-0.499764	-0.491113	-0.219961	-0.177956	 0.330874	 0.084788	-0.452655	 0.255280
 0.219274	-0.475464	 0.084098	-0.395123	-0.499764	-0.491113	-0.227576	-0.185574	 0.330874	 0.084788	-0.475998	 0.154592
 0.219274	-0.487234	 0.146014	-0.445107	-0.499764	 0.008887	-0.231384	 0.310617	 0.330874	 0.084788	-0.487670	 0.604248
 0.219274	-0.493119	 0.176973	-0.470099	-0.499764	 0.257869	-0.233287	 0.557099	 0.330874	 0.084788	-0.493506	 0.826968
 0.219274	 0.003938	 0.192452	-0.482595	-0.499764	-0.118654	-0.234239	 0.178733	 0.330874	 0.084788	-0.496424	 0.436229
 0.219274	 0.251465	 0.200191	-0.488843	-0.499764	-0.306915	-0.234715	-0.010450	 0.330874	 0.084788	-0.497883	 0.240859
 0.219274	 0.375228	 0.204061	-0.491967	 0.000236	-0.401046	-0.234953	-0.105042	 0.330874	 0.084788	-0.498612	 0.643174
 0.219274	 0.437110	 0.205996	-0.493529	 0.249235	-0.448111	-0.235072	-0.152337	 0.330874	 0.084788	-0.498977	 0.842241
 0.219274	-0.031949	 0.206963	-0.994310	 0.373735	-0.471644	 0.264868	-0.675985	 0.330874	 0.084788	-0.499159	 0.939692
 0.219274	-0.265477	 0.207447	-1.241710	 0.435985	-0.483410	 0.513309	-0.935410	 0.330874	 0.084788	-0.499250	 0.986343
 0.219274	-0.382241	 0.207689	-1.362432	 0.467110	-0.489293	 0.636006	-1.062733	 0.330874	 0.084788	-0.499296	 1.007602
 0.219274	-0.440622	 0.207810	-0.419827	 0.482672	-0.492235	 0.195837	-0.624014	 0.330874	 0.084788	-0.499319	 1.016174
 0.219274	-0.469813	 0.207870	 0.050430	 0.490454	-0.493705	-0.024248	-0.404654	 0.330874	 0.084788	-0.499330	 1.018411
 0.219274	-0.484409	 0.207900	 0.284518	-0.005656	 0.005559	-0.134290	-0.294975	 0.330874	 0.084788	-0.499336	 1.017488
 0.219274	-0.491707	 0.207916	 0.400524	-0.252707	 0.254182	-0.189311	-0.240135	 0.330874	 0.084788	-0.499339	 1.014993
 0.219274	-0.495356	 0.207923	-0.042506	-0.376233	-0.122513	-0.216822	 0.287285	 0.330874	 0.084788	-0.499340	 1.011721
 0.219274	-0.497180	 0.207927	-0.264021	-0.437995	-0.310860	-0.230577	 0.549366	 0.330874	 0.084788	-0.499341	 1.008068
 0.219274	-0.498092	-0.292071	-0.374778	-0.468877	-0.405033	 0.262546	 0.678783	 0.330874	 0.084788	-0.499341	 1.004232
 0.219274	-0.498548	-0.540486	-0.430157	-0.484317	-0.452120	 0.507595	 0.741875	 0.330874	 0.084788	-0.499341	 1.000314
 0.219274	-0.498776	-0.663116	-0.457846	-0.492038	-0.475663	 0.628615	 0.771811	 0.330874	 0.084788	-0.499341	 0.996362
 0.219274	-0.498890	-0.722859	 0.028309	 0.004102	-0.487435	 0.187626	 0.285176	 0.330874	 0.084788	-0.499341	 0.492401
 0.219274	-0.498947	-0.751166	 0.270358	 0.251171	-0.493321	-0.032869	 0.041858	 0.330874	 0.084788	-0.499341	 0.240421
 0.219274	-0.498976	-0.263760	 0.390357	 0.374706	-0.496264	-0.143117	 0.420199	 0.330874	 0.084788	-0.499341	 0.114430
 0.219274	-0.498990	-0.020057	 0.449336	 0.436474	-0.497735	-0.198240	 0.607773	 0.330874	 0.084788	-0.499341	 0.051435
 0.219274	-0.498997	 0.101794	-0.022191	 0.467357	-0.498471	 0.274198	 0.699969	 0.330874	 0.084788	-0.499341	 0.519938
 0.219274	-0.499001	 0.162720	-0.257954	 0.482799	-0.498839	 0.508924	 0.744483	 0.330874	 0.084788	-0.499341	 0.752212
 0.219274	-0.499003	 0.193183	-0.375836	 0.490520	-0.499023	 0.124799	 0.765162	 0.330874	 0.084788	-0.499341	 0.366380
 0.219274	-0.499003	 0.208414	-0.434777	 0.494380	-0.499115	-0.067263	 0.773929	 0.330874	 0.084788	-0.499341	 0.173464
 0.219274	-0.499004	 0.216030	-0.464248	 0.496311	-0.499161	-0.163294	 0.776748	 0.330874	 0.084788	-0.499341	 0.077006
 0.219274	 0.000996	 0.219838	-0.478983	-0.002724	-0.499184	 0.288691	 0.276598	 0.330874	 0.084788	-0.499341	 0.528777
 0.219274	 0.249994	 0.221742	-0.486350	-0.251238	-0.499195	 0.513201	 0.026523	 0.330874	 0.084788	-0.499341	 0.752702
 0.219274	-0.125507	-0.277306	-0.490034	-0.375495	-0.499201	 0.123981	-0.098515	 0.330874	 0.084788	-0.499341	 0.362711
 0.219274	-0.312256	-0.525277	-0.491876	-0.437624	-0.499204	-0.070629	-0.161033	 0.330874	 0.084788	-0.499341	 0.167715
 0.219274	 0.094370	-0.147717	-0.492797	-0.468688	-0.499205	-0.167934	 0.307707	 0.330874	 0.084788	-0.499341	 0.570217
 0.219274	 0.296681	 0.041064	-0.493258	-0.484220	-0.499206	-0.216586	 0.540525	 0.330874	 0.084788	-0.499341	 0.769523
 0.219274	 0.397836	 0.135454	 0.006512	-0.491986	-0.499206	-0.240912	 0.155387	 0.330874	 0.084788	-0.499341	 0.367238
 0.219274	 0.448414	 0.182649	 0.255385	-0.495869	-0.499207	-0.253075	-0.037182	 0.330874	 0.084788	-0.499341	 0.166096
 0.219274	 0.473703	 0.206247	 0.378812	-0.497811	-0.499207	-0.259157	-0.133467	 0.330874	 0.084788	-0.499341	 0.065525
 0.219274	 0.486347	 0.218045	 0.439522	-0.498781	-0.499207	-0.262198	-0.181609	 0.330874	 0.084788	-0.499341	 0.515239
 0.219274	 0.492669	 0.223945	 0.468876	-0.499267	-0.499207	-0.263718	-0.205680	 0.330874	 0.084788	-0.499341	 0.738166
