-1.824225	-1.015857	-0.498286	-0.499751	-0.645886	-0.498464	-1.079838	-0.282304	 0.144551	-1.161807	-3.455630	-0.499065
-1.863804	-0.777392	-0.498286	-0.499751	-0.879851	-0.498464	-1.073661	-0.468160	 0.144551	-1.157160	-3.441808	-0.499065
-1.879786	-0.657082	-0.498286	-0.499751	-0.494606	-0.498464	-1.068437	-0.559779	 0.144551	-1.152532	-3.428040	-0.499065
-1.883985	-0.595853	-0.498286	-0.499751	-0.301984	-0.498464	-1.063699	-0.604287	 0.144551	-1.147921	-3.414328	-0.499065
-1.882309	-0.564169	-0.498286	-0.499751	-0.205673	-0.498464	-1.059212	-0.625243	 0.144551	-1.143330	-3.400671	-0.499065
-1.877709	-0.547263	-0.498286	-0.499751	-0.157517	-0.498464	-1.054859	-0.634428	 0.144551	-1.638756	-3.387068	-0.499065
-1.871663	-0.537749	-0.498286	-0.499751	-0.133439	-0.498464	-1.050582	-0.637734	 0.144551	-1.882201	-3.373520	-0.499065
-1.864909	-1.031935	-0.498286	-0.499751	-0.121400	-0.498464	-1.046350	-0.638104	 0.144551	-1.499673	-3.360026	 0.000935
-1.857816	-1.275976	-0.498286	-0.499751	-0.115381	-0.498464	-1.042150	-0.637013	 0.144551	-1.306174	-3.346586	 0.249933
-1.850567	-0.894956	-0.498286	 0.000249	-0.112371	-0.498464	-1.037975	-0.135195	 0.144551	-1.207199	-3.333200	-0.125568
-1.843257	-0.703419	-0.498286	 0.249249	-0.110866	-0.498464	-1.033819	 0.115714	 0.144551	-1.155495	-3.319867	-0.312316
-1.835930	-0.606626	-0.498286	-0.126252	-0.110114	-0.498464	-1.029682	 0.241168	 0.144551	-0.627436	-3.306587	-0.405690
-1.828609	-0.557210	-0.498286	-0.312998	-0.109738	-0.498464	-1.025562	 0.303895	 0.144551	-0.363406	-3.293361	-0.452377
-1.821306	-0.531487	-0.498286	-0.406372	-0.109550	-0.498464	-1.021460	 0.335259	 0.144551	-0.231391	-3.280187	-0.475721
-1.814026	-0.517613	-0.498286	 0.046942	-0.109456	-0.498464	-1.017374	 0.350941	 0.144551	-0.665384	-3.267067	-0.487393
-1.806773	-0.509669	-0.498286	 0.272598	-0.109409	-0.498464	-1.013304	 0.358782	 0.144551	-0.880181	-3.253998	-0.493229
-1.799547	-0.504694	-0.498286	 0.385426	-0.609385	-0.498464	-1.009251	-0.137298	 0.144551	-0.985390	-3.240982	-0.496147
-1.792350	-0.502206	-0.498286	 0.441840	-0.857155	-0.498464	-1.005214	-0.384071	 0.144551	-1.035813	-3.228019	-0.497606
-1.785181	-1.000962	-0.498286	-0.029953	-0.478829	-0.498464	-1.501193	-0.006196	 0.144551	-1.058853	-3.715106	-0.498335
-1.778040	-1.247341	-0.498286	-0.264846	-0.289667	-0.498464	-1.745188	 0.182742	 0.144551	-1.068208	-3.950246	-0.498700
-2.270928	-1.367543	-0.498286	-0.382292	-0.695086	-0.498464	-1.363207	-0.222789	 0.144551	-1.070731	-3.559445	-0.498882
-2.511844	-1.424668	-0.498286	-0.441016	-0.895594	-0.498464	-1.170254	-0.424298	 0.144551	-1.069846	-3.357707	-0.498973
-2.626797	-1.450267	-0.498286	-0.470377	-0.993656	-0.498464	-1.071823	-0.523801	 0.144551	-1.067265	-3.250526	-0.499019
-2.178790	-0.960115	-0.498286	-0.485058	-1.040503	-0.498464	-1.020661	-0.072306	 0.144551	-0.563846	-3.190649	-0.499042
-1.951325	-0.715039	-0.498286	-0.492398	-1.061753	-0.498464	-0.993141	 0.153442	 0.144551	-0.312136	-3.154449	-0.499053
-1.834144	-0.592501	-0.498286	-0.496069	-0.570211	-0.498464	-0.977450	 0.266315	 0.144551	-0.686281	-3.130113	-0.499059
-1.772120	-0.531232	-0.498286	-0.497904	-0.324440	-0.498464	-0.967680	 0.322752	 0.144551	-0.871233	-3.111733	-0.499062
-1.737688	-1.000597	-0.498286	-0.498821	-0.201555	-0.498464	-0.960880	 0.350971	 0.144551	-0.961596	-3.096356	 0.000937
-1.717066	-1.232340	-0.498286	-0.499280	-0.140112	-0.498464	-0.955572	 0.365080	 0.144551	-1.004674	-3.082506	 0.249934
-1.703361	-0.845283	-0.998286	 0.000491	-0.109391	-0.498464	-0.951017	-0.127865	 0.144551	-0.524118	-3.069444	-0.125567
-1.693130	-0.651755	-1.245290	 0.249375	-0.094030	-0.498464	-0.946847	-0.373097	 0.144551	-0.283839	-3.056800	-0.312315
-1.684648	-0.554991	-1.365807	 0.373818	-0.086350	-0.498464	-0.942876	-0.494475	 0.144551	-0.163700	-3.044389	-0.405690
-1.677055	-0.506609	-0.923093	-0.063961	-0.082510	-0.498464	-0.939013	-0.553933	 0.144551	-0.603631	-3.032120	-0.452377
-1.669920	-0.482418	-0.701736	-0.281847	-0.080590	-0.498464	-0.935211	-0.582435	 0.144551	-0.821509	-3.019946	-0.475720
-1.663027	-0.470322	-0.591057	-0.390790	-0.079630	-0.498464	-0.931448	-0.595464	 0.144551	-0.928369	-3.007843	-0.487392
-1.656268	-0.464274	-0.535718	-0.445261	-0.079150	-0.498464	-0.927710	-0.600762	 0.144551	-0.979729	-2.995800	-0.493228
-1.649589	-0.961251	-0.508048	-0.472497	-0.578910	-0.498464	-1.423994	-0.602199	 0.144551	-0.503346	-2.983811	-0.496146
-1.642964	-1.206822	-0.494214	-0.486115	-0.826632	-0.498464	-1.668295	-0.601710	 0.144551	-0.265155	-2.971873	-0.497605
-1.636379	-0.826703	-0.487296	-0.492924	-0.448345	-0.498464	-1.286620	-0.600263	 0.144551	-0.146059	-2.959984	-0.498334
-1.629827	-0.636644	-0.483837	-0.496328	-0.259201	-0.498464	-1.093973	-0.598342	 0.144551	-0.086512	-2.948144	-0.498699
-1.623304	-0.541614	-0.482108	-0.498031	-0.164629	-0.498464	-0.995847	-0.596188	 0.144551	-0.056738	-2.936351	-0.498882
-1.616809	-0.494099	-0.481243	-0.498882	-0.117343	-0.498464	-0.944988	-0.093924	 0.144551	-0.041851	-2.924605	-0.498973
-1.610341	-0.470342	-0.480811	-0.499307	-0.093701	-0.498464	-0.917771	 0.157209	 0.144551	-0.034407	-2.912907	-0.499018
-1.603899	-0.458463	-0.480595	-0.499520	-0.081879	 0.001536	-0.902381	 0.282775	 0.144551	-0.030686	-2.901255	 0.000959
-1.597484	-0.452524	-0.480487	-0.499627	-0.075968	 0.250533	-0.892912	 0.345558	 0.144551	-0.028825	-2.889650	 0.249946
-1.591094	-0.449554	 0.019567	 0.000320	-0.073013	 0.375032	-0.386411	 0.376950	 0.144551	 0.472106	-2.378091	 0.374439
-1.584729	-0.448069	 0.268555	 0.249293	-0.071535	 0.437281	-0.133160	 0.392645	 0.144551	 0.720625	-2.118579	 0.436686
-1.578390	-0.447327	-0.107986	 0.373780	-0.070796	-0.031594	-0.006535	 0.900493	 0.644551	 2.342946	-0.485105	 0.967809
-1.572077	-0.446955	-0.296257	 0.436023	-0.070427	-0.265031	 0.056778	 1.151601	 0.892262	 3.146176	 0.329336	 1.230373
-1.565788	-0.446770	-0.390392	 0.467144	-0.070242	-0.381750	 0.088434	 1.274349	 1.013838	 3.539892	 0.734268	 1.358669
-0.059525	 1.053323	 0.062540	 0.482705	 0.929850	 0.059891	 1.604263	 1.332929	 1.072354	 10.228883	 2.434456	 0.919843
 0.690713	 1.798263	 0.287975	 0.490486	 1.426036	 0.279709	 2.355936	 1.359436	 1.099351	 13.539543	 3.276281	 0.700430
 2.062950	 2.165646	 0.399666	 0.494376	 1.670285	 0.889617	 6.225558	 3.869917	 3.110597	 27.661173	 12.188957	 2.590723
 2.742198	 2.344272	 0.454489	 0.496321	 1.788580	 1.191573	 8.140179	 5.112397	 4.105976	 34.710573	 16.603092	 3.526908
 7.574980	 3.928539	 0.980882	 0.497293	 3.343914	 2.339563	 10.077379	 5.220927	 3.593463	 44.723903	 23.268125	 2.986074
 9.966555	 4.709647	 1.241063	 0.497780	 4.111783	 2.906583	 11.021950	 5.264534	 3.331044	 49.714445	 26.540775	 2.710767
 12.137626	 5.589219	 1.368152	 0.998023	 4.485958	 2.683146	 11.470303	 5.275720	 3.193698	 54.693657	 30.617473	 2.068242
 13.194544	 6.016068	 1.428706	 1.245148	 4.663325	 2.566508	 11.670642	 5.270740	 3.118912	 57.167359	 32.586434	 1.744129
 13.694500	 6.216606	 1.456004	 1.365726	 4.742327	 2.503289	 11.747070	 5.257718	 3.075431	 58.388369	 33.501804	 1.579232
 14.416090	 6.304041	 1.466687	 1.423042	 4.772185	 2.966800	 11.761636	 5.240718	 2.547626	 59.483097	 34.890654	 1.493955
 14.746609	 6.334976	 1.469073	 1.448740	 4.777511	 3.191695	 11.745367	 5.221770	 2.279684	 60.014202	 35.512520	 1.448499
 14.881714	 6.337711	 1.467323	 1.458640	 4.770608	 3.297309	 11.713775	 5.201891	 2.141690	 59.763560	 36.251185	 1.422965
 14.919233	 6.326398	 1.463517	 1.460652	 4.757629	 3.343310	 11.674614	 5.181587	 2.068685	 59.621927	 36.546537	 1.407403
 14.908079	 6.308111	 1.458695	 0.958734	 4.741650	 3.359532	 11.631763	 5.161113	 2.028192	 59.534865	 36.120529	 1.396838
 14.872708	 6.286388	 1.453376	 0.707774	 4.724209	 3.360891	 11.587159	 5.140594	 2.003969	 59.474025	 35.836137	 1.388783
 14.825348	 6.262997	 1.447821	 1.082294	 4.706075	 3.354847	 11.541772	 5.120095	 1.987899	 58.926367	 35.622837	 1.381994
 14.772112	 6.238823	 1.442158	 1.266641	 4.687632	 3.345127	 11.496086	 5.099646	 1.975920	 58.636664	 35.445368	 1.375849
 14.716056	 6.214306	 1.436454	 1.355912	 4.669073	 3.333596	 11.450342	 5.079263	 1.966002	 58.476002	 35.286097	 1.370038
 14.658709	 6.189668	 1.430740	 0.897657	 4.650492	 3.321186	 11.404661	 5.058954	 1.957132	 58.379924	 35.136209	 1.364403
 14.600832	 6.165019	 1.425034	 0.668530	 4.631937	 3.308364	 11.359103	 5.038722	 1.948800	 58.314920	 34.991292	 1.358869
 14.542808	 6.140414	 1.419342	 1.053966	 4.613433	 3.295362	 11.313696	 5.018569	 1.940753	 58.265522	 34.849140	 1.353395
 14.484826	 6.115880	 1.413668	 1.243806	 4.594992	 3.282296	 11.268456	 4.998496	 1.932864	 58.225262	 34.708651	 1.347962
 13.926981	 6.091430	 1.408016	 0.835858	 4.576618	 3.269225	 11.223390	 4.978502	 2.425069	 57.689633	 34.569270	 1.342560
 13.621321	 6.067071	 1.402385	 0.631884	 4.558314	 3.256177	 11.178500	 4.958589	 2.665338	 57.405124	 34.430719	 1.337185
 13.941859	 6.042806	 1.396775	 1.029897	 4.540082	 3.243166	 11.133788	 4.938754	 2.279661	 57.246241	 33.792860	 1.331834
 14.073604	 6.018637	 1.391189	 1.226048	 4.521923	 3.230201	 11.089254	 4.919000	 2.083034	 57.151666	 33.407620	 1.326505
 14.111065	 5.994563	 1.385624	 1.321279	 4.503835	 3.217284	 11.044897	 4.899324	 1.980948	 57.089305	 33.148955	 1.321199
 14.101499	 5.970585	 1.380082	 1.366062	 4.485820	 3.204416	 11.000718	 4.879726	 1.926147	 57.043112	 32.953842	 1.315914
 14.068532	 5.946703	 1.374561	 1.385631	 4.467877	 3.191600	 10.956715	 4.860207	 1.895004	 57.005062	 32.790768	 1.310650
 14.023977	 5.922916	 1.369063	 1.392605	 4.450006	 3.178834	 10.412888	 4.840767	 1.875705	 56.971145	 32.643976	 1.305407
 13.973741	 5.899225	 1.363587	 1.393293	 4.432206	 3.166119	 10.121237	 4.821403	 1.862343	 56.939534	 32.505586	 1.300186
 13.920776	 5.875628	 1.358132	 0.890850	 4.414477	 3.153454	 10.455752	 4.802118	 2.351963	 56.909136	 32.371656	 1.294985
 13.866558	 5.852125	 1.352700	 0.639628	 4.396819	 3.140840	 10.601429	 4.782909	 2.591091	 56.877826	 32.240216	 1.289805
 13.811824	 5.828717	 1.347289	 1.014017	 4.379232	 3.128277	 10.152773	 4.763778	 2.204994	 56.846125	 32.110278	 1.284646
 13.756943	 5.805402	 1.341900	 1.198434	 4.361715	 3.115764	 9.909037	 4.744723	 2.008308	 56.815857	 31.981348	 1.279507
 13.702098	 5.782180	 1.336532	 1.287877	 4.344268	 3.103301	 10.267839	 4.725744	 1.906341	 56.786363	 31.853179	 1.274389
 13.647382	 5.759052	 1.331186	 1.329844	 4.326891	 3.090888	 10.425986	 4.706841	 1.851749	 56.757132	 31.725644	 1.269291
 13.592838	 5.736015	 1.325861	 1.348084	 4.309583	 3.078524	 10.483891	 4.688013	 1.820859	 56.728089	 31.598680	 1.264214
 13.538489	 5.713071	 1.320558	 1.354471	 4.292345	 3.066210	 9.991761	 4.669261	 2.301834	 56.699199	 31.472255	 1.259157
 13.484347	 5.690219	 1.315276	 1.354943	 4.275176	 3.053945	 9.726696	 4.650584	 2.536756	 56.670443	 31.346351	 1.254121
 13.430415	 5.667458	 1.310015	 1.352468	 4.258075	 3.041729	 9.575240	 4.631982	 2.648673	 56.641811	 31.220958	 1.249104
 13.376696	 5.644788	 1.304775	 1.348531	 4.241043	 3.029563	 9.480665	 4.613454	 2.699111	 56.613298	 31.096070	 1.244108
 13.323191	 5.622209	 1.299556	 1.343873	 4.224078	 3.017444	 9.414605	 4.595000	 2.218831	 56.584901	 30.971684	 1.239131
 13.269899	 5.599720	 1.294357	 1.338866	 4.207182	 3.005375	 9.362878	 4.576620	 1.975213	 56.556801	 30.847796	 1.234175
 13.216820	 5.577321	 1.289180	 1.333694	 4.190353	 2.993353	 9.818392	 4.558314	 1.849942	 56.528904	 30.724405	 1.229238
 13.163953	 5.555012	 1.284023	 1.328452	 4.173592	 2.981380	 10.025601	 4.540081	 1.783856	 56.500983	 30.601507	 1.224321
 13.111297	 5.532792	 1.278887	 1.323184	 4.156898	 2.969454	 10.108740	 4.521920	 1.747378	 56.473106	 30.479101	 1.219424
 13.058852	 5.510661	 1.273772	 0.817914	 4.140270	 2.957576	 9.629926	 4.503833	 2.225717	 56.445306	 30.357184	 1.214546
 13.006616	 5.488618	 1.268676	 0.565279	 4.123709	 2.945746	 9.372217	 4.485817	 2.459479	 56.416483	 30.235755	 1.209688
 12.454590	 5.466664	 1.263602	 0.938962	 4.107214	 2.933963	 8.725133	 4.467874	 2.070973	 52.887207	 27.614812	 1.704849
 12.154772	 5.444797	 1.258547	 1.123178	 4.090785	 2.922227	 8.385435	 4.450002	 1.873355	 51.110144	 26.254353	 1.948030
 11.481152	 4.923018	 0.753513	 1.212671	 3.574422	 2.910538	 7.699495	 4.432202	 2.271195	 43.209238	 16.024336	 0.065238
 11.122728	 4.653326	 0.500996	 1.254813	 3.310124	 2.898896	 7.342497	 4.414474	 2.464777	 39.188168	 10.897738	-0.872523
 6.921987	 3.009713	 0.374738	 0.773291	 1.671884	 1.387300	 4.150028	 1.896816	 1.056251	 26.607299	 4.822897	-0.837783
 4.816174	 2.185174	 0.311608	 0.532529	 0.852764	 0.631503	 2.551878	 0.639228	 0.351988	 20.288811	 1.787981	-0.818807
 3.757847	 1.770183	 0.280044	 0.412148	 0.443203	 0.253604	 1.750895	 0.011672	-0.000144	 17.101627	 0.273016	-0.807719
 2.723284	 1.059977	-0.235739	 0.351958	 0.238423	 0.064654	 0.848504	-0.300875	-0.176209	 9.980206	-3.481982	-0.800582
 2.202625	 0.704874	-0.492127	 0.321863	 0.136033	-0.029820	 0.397309	-0.455922	-0.264242	 6.413778	-5.345007	-0.795427
-0.561068	-0.472677	-1.118824	-0.193185	-0.415162	-0.077058	-1.328289	-1.032223	-0.808259	 2.124869	-7.262104	-1.291268
-1.936265	-1.058152	-1.428681	-0.449292	-0.688826	-0.100676	-2.184980	-1.317157	-1.077562	-0.015257	-8.202294	-1.535615
-2.617241	-1.847603	-1.080133	-0.575935	-1.323734	-0.612486	-3.107242	-1.456419	-1.209520	-2.081010	-8.654104	-1.654228
-2.951132	-2.237054	-0.904396	-0.637851	-1.637270	-0.866142	-3.560314	-1.522859	-1.272817	-3.105592	-8.861797	-1.709989
-3.611508	-2.426526	-0.815070	-0.667410	-1.790137	-0.990730	-3.778824	-1.552901	-1.301792	-3.609623	-8.947504	-1.734338
-3.933152	-2.516031	-0.768955	-0.680795	-1.862684	-1.050794	-3.880084	-1.564755	-1.313619	-3.853411	-8.972292	-1.742995
-4.085464	-2.555572	-0.744452	-0.686099	-1.895087	-1.078604	-3.922751	-1.567530	-1.316881	-3.967111	-8.966691	-1.743821
-4.153145	-2.570152	-0.730761	-0.687369	-1.907434	-1.090296	-3.936154	-1.565776	-1.815872	-4.015799	-9.445969	-1.740744
-4.178544	-2.572273	-0.722481	-0.686626	-1.909768	-1.093938	-3.934956	-1.561771	-2.060738	-4.032014	-9.665757	-1.735730
-4.182835	-2.568184	-0.716913	-0.684883	-1.907110	-1.093564	-3.926490	-1.556653	-1.678559	-4.032026	-9.755880	-1.229762
-4.176606	-2.561012	-0.712706	-0.682645	-1.901973	-1.091191	-3.914420	-1.550991	-1.484877	-4.023967	-9.781250	-0.975330
-4.165151	-2.552318	-0.709186	-0.680166	-1.895610	-1.087826	-3.900581	-1.545070	-1.385454	-4.011906	-9.774321	-1.346673
-4.151117	-2.542884	-0.706014	-0.677570	-1.888651	-1.083975	-3.885888	-1.539030	-1.333170	-3.997876	-9.751322	-1.528908
-4.135825	-2.533100	-0.703023	-0.674923	-1.881407	-1.079890	-3.870799	-1.532945	-1.304467	-3.982893	-9.720366	-1.616603
-4.119938	-2.523161	-0.700127	-0.672254	-1.874037	-1.075695	-3.855543	-1.526848	-1.287563	-3.967466	-9.685509	-1.657042
-4.103787	-2.513165	-0.697284	-0.669581	-1.866619	-1.071455	-3.840235	-1.520759	-1.276570	-3.951848	-9.648779	-1.673867
-4.087536	-2.503161	-0.694474	-0.666911	-1.859192	-1.067200	-3.824930	-1.514684	-1.768543	-3.936167	-9.611190	-1.678898
-4.071267	-2.493173	-0.691686	-0.664247	-1.851774	-1.062947	-3.809659	-1.508630	-2.010008	-3.920485	-9.573249	-1.678045
-4.055023	-2.483212	-0.688914	-0.661592	-1.844377	-1.058703	-3.794435	-1.502598	-1.626237	-3.904835	-9.535207	-1.674265
-4.038824	-2.473285	-0.686156	-0.658946	-1.837004	-1.054472	-3.779264	-1.496588	-1.431867	-3.889231	-9.497192	-1.669033
-4.022679	-2.463395	-0.683410	-0.656311	-1.829659	-1.050256	-3.764151	-1.490603	-1.332207	-3.873682	-9.459266	-1.663090
-4.006593	-2.453543	-0.680675	-0.653686	-1.822341	-1.046056	-3.749096	-1.484641	-1.279912	-3.858191	-9.421461	-1.656804
-3.990569	-2.443730	-0.677952	-1.151072	-1.815052	-1.041872	-3.734100	-1.478702	-1.251309	-3.842760	-9.383791	-1.150360
-3.974608	-2.433955	-0.675240	-1.396467	-1.807793	-1.037705	-3.719164	-1.472787	-1.234562	-3.827390	-9.346263	-0.895850
-3.958711	-2.424220	-0.672539	-1.515881	-1.800562	-1.033554	-3.704288	-1.466896	-1.223753	-3.812081	-9.308882	-0.767313
-3.942876	-2.414523	-0.669849	-1.572318	-1.793359	-1.029420	-3.689471	-1.461029	-1.215923	-3.796833	-9.271649	-0.701767
-3.927105	-2.404865	-0.667170	-1.597279	-1.786186	-1.025303	-3.674713	-1.455185	-1.209592	-3.781646	-9.234563	-0.667721
-3.911396	-2.395245	-0.664501	-1.106515	-1.779041	-1.021201	-3.660014	-1.449364	-1.204019	-3.766519	-9.197625	-0.649431
-3.895751	-2.385664	-0.661843	-0.859901	-1.771925	-1.017117	-3.645374	-1.443566	-1.198836	-3.751453	-9.160835	-0.639023
-3.880168	-2.376122	-0.659196	-0.735368	-1.764837	-1.013048	-3.630793	-1.437792	-1.193858	-3.236448	-9.124192	-0.632562
-3.864647	-2.366617	-0.656559	-0.671879	-1.757778	-1.008996	-3.616269	-1.432041	-1.188990	-2.973502	-9.087695	-0.628080
-3.849189	-2.357151	-0.653933	-0.638918	-1.750747	-1.004960	-3.601804	-1.426313	-1.184189	-2.836608	-9.051344	-0.624591
-3.833792	-2.347722	-0.651317	-0.621226	-1.743744	-1.000940	-3.587397	-1.420608	-1.179429	-2.762761	-9.015139	-0.621605
-3.818457	-2.338331	-0.648712	-0.611173	-1.736769	-0.996936	-3.573048	-1.414925	-1.174700	-3.220460	-8.979078	-0.618874
-3.803183	-2.328978	-0.646117	-0.604944	-1.729822	-0.992949	-3.558755	-1.409265	-1.169995	-3.441954	-8.943162	-0.616277
-3.787970	-2.319662	-0.643532	-0.600632	-1.722903	-0.988977	-3.544520	-1.403628	-1.165312	-3.545373	-8.907389	-0.613751
-3.772818	-2.310383	-0.640958	-0.597283	-1.716011	-0.985021	-3.530342	-1.398014	-1.160650	-3.589785	-8.371760	-0.611265
-3.757727	-2.301142	-0.638394	-0.594421	-1.709147	-0.981081	-3.516221	-1.392422	-1.156006	-3.604723	-8.088273	-0.608805
-3.742696	-2.291937	-0.635841	-0.591807	-1.702310	-0.977157	-3.502156	-1.386852	-1.151382	-3.104953	-7.930920	-0.606362
-3.727725	-2.282769	-0.633298	-0.589322	-1.695501	-0.973248	-3.488147	-1.381305	-1.146776	-2.849857	-7.836696	-0.603933
-3.712814	-2.273638	-0.630764	-0.586905	-1.188719	-0.969355	-3.474195	-1.375779	-1.142189	-2.717120	-7.774099	-0.601515
-3.697963	-2.264544	-0.628241	-0.584528	-0.933964	-0.965478	-3.460298	-1.370276	-1.137620	-2.645582	-7.727378	-0.599108
-3.683171	-2.255486	-0.625728	-0.582175	-1.305228	-0.961616	-3.446457	-1.364795	-1.133070	-2.604666	-7.688656	-0.596711
-3.668439	-2.246464	-0.623225	-0.579839	-1.487508	-0.957769	-3.432671	-1.359336	-1.128537	-2.579080	-7.653995	-0.594324
-3.653765	-2.237478	-0.620732	-0.577516	-1.575307	-0.953938	-3.418940	-1.353899	-1.124023	-2.561180	-7.621426	-0.591947
-3.639150	-2.228528	-0.618250	-0.575204	-1.615881	-0.950122	-3.405265	-1.348483	-1.119527	-2.547143	-7.589964	-1.089579
-3.624593	-2.219614	-0.615777	-0.572902	-1.632855	-0.946322	-3.391644	-1.343089	-1.115049	-2.535059	-7.559115	-1.335221
-3.610095	-2.210735	-0.613313	-0.570610	-1.638043	-0.942537	-3.378077	-1.337717	-1.110589	-2.523971	-7.528635	-0.954880
-3.595654	-2.201892	-0.610860	-0.568328	-1.637350	-0.938766	-3.364565	-1.332366	-1.106147	-2.513401	-7.498398	-0.763560
-3.581272	-2.193085	-0.608417	-0.566054	-1.633730	-0.935011	-3.351106	-1.327037	-0.601722	-2.503110	-7.968344	-0.666756
-3.566947	-2.184313	-0.605983	-0.563790	-1.628660	-0.931271	-3.337702	-1.321728	-0.349510	-2.492979	-8.186440	-0.617214
-3.552679	-2.175575	-0.603559	-0.561535	-1.622878	-0.927546	-3.324351	-1.316441	-0.223404	-2.482948	-7.778679	-0.591307
-3.538468	-2.166873	-0.601145	-0.559289	-1.616752	-0.923836	-3.311054	-1.311176	-0.160350	-2.472987	-7.560056	-0.577224
-3.524314	-2.158205	-0.598740	-0.557051	-1.610469	-0.920141	-3.297810	-1.305931	-0.128824	-2.463080	-7.436062	-0.569055
-3.510217	-2.149573	-0.596345	-0.554823	-1.604118	-0.916460	-3.284618	-1.300707	-0.613061	-2.453220	-7.859441	-0.563849
-3.496176	-2.140974	-0.593960	-0.552604	-1.597748	-0.912794	-3.271480	-1.295504	-0.852984	-2.443404	-8.054565	-0.560129
-3.482191	-2.132410	-0.591584	-0.550393	-1.591379	-0.909143	-3.258394	-1.290322	-0.470761	-2.433628	-8.135627	-0.557156
-3.468263	-2.123881	-0.589218	-0.548192	-1.585025	-0.905507	-3.245360	-1.285161	-0.279649	-2.423893	-8.159725	-0.554561
-3.454390	-2.115385	-0.586861	-0.545999	-1.578691	-0.901885	-3.232379	-1.280020	-0.184093	-2.414197	-7.655407	-0.552160
-3.440572	-2.106924	-0.584513	-0.543815	-1.572379	-0.898277	-3.219449	-1.274900	-0.136315	-2.404540	-7.388945	-0.549860
-3.426810	-2.098496	-0.582175	-0.541640	-1.566091	-0.894684	-3.206572	-1.269801	-0.112426	-2.394921	-7.241469	-0.547615
-3.413103	-2.090102	-0.579847	-0.539473	-1.559827	-0.891105	-3.193745	-1.264722	-0.100481	-2.385342	-7.153543	-0.545401
-3.399450	-2.081742	-0.577527	-0.537315	-1.553588	-0.887541	-3.180970	-1.259663	-0.094509	-2.375800	-7.095449	-0.543208
-3.385852	-2.073415	-0.575217	-0.535166	-1.547374	-0.883991	-3.168246	-1.254624	-0.091523	-2.366297	-7.052328	-0.541030
-3.372309	-2.065121	-0.572916	-0.533025	-1.541185	-0.880455	-3.155573	-1.249606	-0.090030	-2.356832	-7.016748	-0.538863
-3.858820	-2.056861	-0.570625	-0.530893	-1.535020	-0.876933	-3.142951	-1.244607	-0.089283	-2.347404	-6.984996	-0.536706
-4.093384	-2.048633	-0.568342	-0.528770	-1.528880	-0.873425	-3.130379	-1.239629	-0.088910	-2.338015	-6.955214	-0.534558
-3.702011	-2.040439	-0.566069	-0.526655	-1.522765	-0.869931	-3.117858	-1.234670	-0.088723	-2.328663	-7.426472	-0.532420
-3.499703	-2.032277	-0.563805	-0.524548	-1.516673	-0.866452	-3.105386	-1.229732	-0.088630	-2.319348	-7.646305	-0.530290
-3.391954	-2.024148	-0.561549	-0.522450	-1.510607	-0.862986	-3.092965	-1.224813	-0.088583	-2.810071	-7.240490	-0.528169
-3.331511	-2.016051	-0.559303	-0.520360	-1.504564	-0.859534	-3.080593	-1.219913	-0.088560	-3.048830	-7.023912	-0.526056
-3.294748	-2.007987	-0.557066	-0.518279	-1.498546	-0.856096	-3.068271	-1.215034	-0.088548	-3.161635	-6.902009	-0.523952
-3.269850	-1.999955	-0.554838	-0.516206	-1.492552	-0.852671	-3.055998	-1.210174	-0.088542	-2.711489	-7.327497	-0.521856
-3.250911	-1.991955	-0.552618	-0.514141	-1.486582	-0.849261	-3.043774	-1.205333	-0.088540	-2.481893	-7.524736	-0.519768
-3.734978	-1.983987	-0.550408	-0.512084	-1.480635	-0.845864	-3.031598	-1.200512	-0.088538	-2.362590	-7.107911	-0.517689
-3.968573	-1.976051	-0.548206	-0.510036	-1.474713	-0.842480	-3.019472	-1.195709	-0.088537	-2.298452	-6.886116	-0.515618
-3.576966	-1.968147	-0.546013	-0.507996	-1.468814	-0.839110	-3.007394	-1.190927	-0.088537	-2.261915	-7.261890	-0.513556
-3.374792	-1.960275	-0.543829	-0.505964	-1.462939	-0.835754	-2.995365	-1.186163	-0.088537	-2.239195	-7.434502	-0.511502
-3.267360	-1.952433	-0.541654	-0.503940	-0.957087	-0.832411	-2.983383	-1.181418	-0.088537	-2.223402	-7.005593	-0.509456
-3.207324	-1.944624	-0.539487	-0.501924	-0.704161	-0.829081	-2.971450	-1.176693	-0.088537	-2.211091	-6.777986	-0.507418
-3.171011	-1.936845	-0.537329	-0.500916	-0.577698	-0.825765	-2.959564	-1.171986	-0.088537	-2.200537	-6.651081	-0.505388
-3.146586	-1.929098	-0.535180	-1.000412	-1.014467	-0.822462	-2.947726	-1.167298	-0.088537	-2.190881	-7.074581	-0.503367
-3.128129	-1.921381	-0.533039	-1.247160	-1.229948	-0.819172	-2.935935	-1.162629	-0.088537	-2.181690	-7.271334	-0.501353
-3.112681	-1.913696	-0.530907	-0.867547	-1.334799	-0.815895	-2.924191	-1.157978	-0.088537	-2.172750	-6.854775	-0.500347
-3.098762	-1.906041	-0.528784	-0.677740	-1.384344	-0.812632	-2.912494	-1.153346	-0.088537	-2.163952	-6.633619	-0.499843
-3.085633	-1.898417	-0.526668	-0.582836	-1.406249	-0.809381	-2.900844	-1.148733	-0.088537	-2.155243	-6.510216	-0.499591
-3.072924	-1.890823	-0.524562	-0.535385	-1.414346	-0.806144	-2.889241	-1.144138	-0.088537	-2.146595	-6.435741	-0.499466
-3.060449	-1.883260	-0.522464	-0.511659	-1.415549	-0.802919	-2.877684	-1.139561	-0.088537	-2.637995	-6.385780	-0.499403
-3.048115	-1.875727	-0.520374	-0.499796	-1.413317	-0.799707	-2.866173	-1.135003	-0.088537	-2.877437	-6.348129	-0.499371
-3.035877	-1.868224	-0.518292	-0.493865	-1.409379	-0.796509	-2.854708	-1.130463	-0.088537	-2.990923	-6.316682	-0.499356
-3.023710	-1.860751	-0.516219	-0.490899	-1.404599	-0.793322	-2.843290	-1.125941	-0.588537	-2.541458	-6.288388	-0.499348
-3.011604	-1.853308	-0.514154	-0.489416	-1.399409	-0.790149	-2.831916	-1.121438	-0.836360	-2.312541	-6.261721	-0.499344
-2.999552	-1.845895	-0.512098	-0.488674	-1.394026	-0.786989	-2.820589	-1.116952	-0.458103	-2.193916	-6.735917	-0.499342
-2.987551	-1.838511	-0.510049	-0.488304	-1.388557	-0.783841	-2.809306	-1.112484	-0.268974	-2.130453	-6.958595	-0.499341
-2.975599	-1.831157	-0.508009	-0.488118	-0.883056	-0.780705	-2.798069	-1.108034	-0.674410	-2.094587	-6.555572	-0.499340
-2.963696	-1.823833	-0.505977	-0.488026	-0.630306	-0.777582	-2.786877	-1.103602	-0.874968	-2.072537	-6.341755	-0.499340
-2.951841	-1.816537	-0.503953	-0.487979	-0.503931	-0.774472	-2.775729	-1.099187	-0.473096	-2.057410	-6.222590	-0.499340
-2.940033	-1.809271	-0.501937	-0.487956	-0.440743	-0.771374	-2.764626	-1.094791	-0.272160	-2.045763	-6.150801	-0.499340
-2.928273	-1.802034	-0.500929	-0.487945	-0.409150	-0.768289	-2.753568	-1.090412	-0.171692	-2.035871	-6.102749	-0.499340
-3.416560	-1.794826	-0.500425	-0.487939	-0.393353	-0.765216	-2.742554	-1.086050	-0.121458	-2.026873	-6.066613	-0.499340
-3.652894	-1.787647	-0.500173	-0.487936	-0.385454	-0.762155	-2.731583	-1.081706	-0.096341	-2.018338	-6.036484	-0.499340
-3.263282	-1.780496	-0.500047	-0.487935	-0.881505	-0.759106	-2.720657	-1.077379	-0.083783	-2.010051	-6.009407	-0.499340
-3.062729	-1.773374	-0.499984	-0.487934	-1.126775	-0.756070	-2.709774	-1.073069	-0.077503	-2.001904	-5.983904	-0.499340
-2.956728	-1.766281	-0.499953	 0.012067	-1.246666	-0.753045	-2.698935	-1.068777	-0.574364	-1.993843	-5.959236	-0.499340
-2.898026	-1.759216	-0.499937	 0.261043	-1.303879	-0.750033	-2.688140	-1.064502	-0.820652	-1.985841	-5.935032	-0.499340
-2.862997	-1.752179	-0.499929	 0.384511	-1.329763	-0.747033	-2.177387	-1.060244	-0.441662	-1.977884	-5.911109	-0.499340
-2.839826	-1.745170	-0.499925	 0.445229	-1.339994	-0.744045	-1.918678	-1.056003	-0.252167	-1.969966	-5.887373	-0.499340
-2.822607	-1.738189	-0.499923	-0.025424	-1.342408	-0.741069	-1.786003	-1.051779	-0.157419	-1.962083	-5.863778	-0.499340
-2.808387	-1.731237	-0.499922	-0.260751	-1.340926	-0.738105	-1.716359	-1.047572	-0.110045	-1.954233	-5.840300	-0.499340
-2.795689	-1.724312	-0.499922	-0.378414	-1.337506	-0.735152	-1.678243	-1.043382	-0.086358	-1.946415	-5.816927	-0.499340
-2.783774	-1.217414	-0.499922	-0.437245	-0.833128	-0.732211	-2.155905	-1.039208	-0.074515	-1.938629	-5.793654	-0.499340
-2.772272	-0.962545	-0.499922	-0.466661	-0.580939	-0.729283	-2.389469	-1.035051	-0.068593	-1.930874	-5.770476	-0.499340
-2.761000	-1.333694	-0.499921	-0.481369	-0.454844	-0.726366	-2.501005	-1.030911	-0.065632	-1.923151	-6.247393	-0.499340
-2.749865	-1.515860	-0.499921	-0.488723	-0.391797	-0.723460	-2.551548	-1.026787	-0.064152	-1.915458	-6.472403	-0.499340
-2.738819	-1.603546	-0.499921	-0.492400	-0.360274	-0.720566	-2.571615	-1.022680	-0.063412	-1.907796	-6.071513	-0.499340
-2.727841	-1.644007	-0.499921	-0.494239	-0.344512	-0.717684	-2.576466	-1.018590	-0.063042	-1.900165	-5.859726	-0.499340
-2.716918	-1.660869	-0.499921	-0.495158	-0.836631	-0.714813	-2.073728	-1.014515	-0.062857	-1.892564	-5.742537	-0.499340
-2.706045	-1.665944	-0.499921	-0.495617	-1.080033	-0.711954	-1.819217	-1.010457	-0.062764	-1.884994	-5.672692	-0.499340
-2.695218	-1.665139	-0.499921	-0.495847	-1.199087	-0.709106	-1.688833	-1.006415	-0.062718	-1.877454	-5.626564	-0.499340
-2.684436	-1.661409	-0.499921	-0.495962	-0.755978	-0.706270	-2.120523	-1.002390	-0.062695	-1.869944	-5.592339	-0.499340
-2.673697	-1.656228	-0.499921	-0.496020	-0.534423	-0.703445	-2.331264	-0.998380	-0.062683	-1.862464	-5.564110	-0.499340
-2.663002	-1.650335	-0.499921	-0.496048	-0.923646	-0.700631	-2.431551	-0.994387	-0.062677	-1.855015	-5.538924	-0.499340
-2.652350	-1.644100	-0.499921	-0.496063	-1.115632	-0.697828	-2.476630	-0.990409	-0.062674	-1.847595	-5.515303	-0.499340
-2.641740	-1.637707	-0.499921	-0.496070	-0.709009	-0.695037	-2.494127	-0.986447	-0.062673	-1.840204	-5.492510	-0.499340
-2.631173	-1.631248	-0.499921	-0.496074	-0.505698	-0.692257	-2.497851	-0.982502	-0.062672	-1.832843	-5.470174	-0.499340
-2.620649	-1.624768	-0.499921	-0.496075	-0.904042	-0.689488	-2.494711	-0.978572	-0.062672	-1.825512	-5.448110	-0.499340
-2.610166	-1.618292	-0.499921	-0.496076	-1.100610	-0.686730	-2.488157	-0.974657	-0.062672	-1.818210	-5.426226	-0.499340
-2.599725	-1.611830	-0.499921	-0.496077	-1.196299	-0.683983	-2.479917	-0.970759	-0.062672	-1.810937	-5.404475	-0.499340
-2.589326	-1.605389	-0.499921	-0.496077	-1.241560	-0.681247	-2.470854	-0.966876	-0.062672	-1.803693	-5.382834	-0.499340
-2.578969	-1.598970	-0.499921	-0.496077	-1.261616	-0.678522	-2.461399	-0.963008	-0.062672	-1.796479	-5.361292	-0.499340
-2.568653	-1.592576	-0.499921	-0.496077	-1.269081	-0.675808	-2.451767	-0.959156	-0.062672	-1.789293	-5.339841	-0.499340
-2.558379	-1.586206	-0.499921	-0.496077	-1.270261	-0.673105	-2.442067	-0.955319	-0.062672	-1.782135	-5.318478	-0.499340
-2.548145	-1.579862	-0.499921	-0.496077	-1.268308	-0.670412	-2.432352	-0.951498	-0.062672	-1.775007	-5.297203	-0.499340
-2.537953	-1.573542	-0.499921	-0.496077	-1.264798	-0.667731	-2.422650	-0.947692	-0.062672	-1.767907	-5.276014	-0.499340
-3.027801	-1.567248	-0.499921	-0.496077	-0.760521	-0.665060	-1.912973	-0.943901	-0.062672	-1.760835	-5.254909	-0.499340
-3.265689	-1.560979	-0.499921	-0.496077	-0.508383	-0.662399	-1.655327	-0.940126	-0.062672	-1.753792	-5.233889	-0.499340
-3.377627	-1.554735	-0.499921	-0.496077	-0.382313	-0.659750	-1.523709	-0.936365	-0.062672	-1.746777	-5.212954	-0.499340
-2.926616	-1.548517	-0.499921	-0.496077	-0.819279	-0.657111	-1.455116	-0.932620	-0.062672	-1.739790	-5.192102	-0.499340
-2.696160	-1.542322	-0.499921	-0.496077	-1.035249	-0.654482	-1.418047	-0.928889	-0.062672	-1.732831	-5.171333	-0.499340
-2.576000	-1.536153	-0.499921	-0.496077	-0.640731	-0.651865	-1.896750	-0.925174	-0.062672	-1.725899	-5.150648	-0.499340
-2.511009	-1.530009	-0.499921	-0.496077	-0.443473	-0.649257	-2.131351	-0.921473	-0.062672	-1.718996	-5.130045	-0.499340
-2.473621	-1.523889	-0.499921	-0.496077	-0.844843	-0.646660	-2.243919	-0.917787	-0.062672	-1.712120	-5.109525	-0.499340
-2.450054	-1.517793	-0.499921	-0.496077	-1.043036	-0.644073	-2.295490	-0.914116	-0.062672	-1.705271	-5.089087	-0.499340
-2.433418	-1.511722	-0.499921	-0.496077	-1.139650	-0.641497	-2.316582	-0.910460	-0.062672	-1.698450	-5.068731	-0.499340
-2.420267	-1.505675	-0.499921	-0.496077	-1.185485	-0.638931	-2.322452	-0.906818	-0.062672	-1.691656	-5.048456	-0.499340
-2.408877	-1.499652	-0.499921	-0.496077	-1.205939	-0.636375	-2.320731	-0.903190	-0.062672	-1.684890	-5.028262	-0.499340
-2.398387	-1.493654	-0.499921	-0.496077	-1.213714	-0.633830	-1.815232	-0.899578	-0.062672	-1.678150	-5.008149	-0.499340
-2.388366	-1.487679	-0.499921	-0.496077	-1.215158	-0.631295	-1.559863	-0.895979	-0.062672	-1.671437	-4.988116	-0.499340
-2.378599	-0.981728	-0.499921	-0.496077	-0.713447	-0.628769	-1.929570	-0.892396	-0.062672	-1.664752	-4.968164	-0.499340
-2.368978	-0.728753	-0.499921	-0.496077	-0.462592	-0.626254	-2.109825	-0.888826	-0.062672	-1.658093	-4.948291	-0.499340
-2.359448	-1.102265	-0.499921	-0.496077	-0.337164	-0.623749	-1.695372	-0.885271	-0.062672	-1.651460	-4.928498	-0.499340
-2.349984	-1.286070	-0.499921	-0.496077	-0.274450	-0.621254	-1.485583	-0.881730	-0.062672	-1.644855	-4.908784	-0.499340
-2.340570	-1.375032	-0.499921	-0.496077	-0.743093	-0.618769	-1.378138	-0.878203	-0.062672	-1.638275	-4.889149	-0.499340
-2.331201	-1.416586	-0.499921	-0.496077	-0.974991	-0.616294	-1.321874	-0.874690	-0.062672	-1.631722	-4.869592	-0.499340
-2.321873	-1.434446	-0.499921	-0.496077	-1.088526	-0.613829	-1.291210	-0.871191	-0.062672	-1.625195	-4.850114	-0.499340
-2.312584	-1.440472	-0.499921	-0.496077	-1.142890	-0.611374	-1.773357	-0.867706	-0.062672	-1.618694	-4.830714	-0.499340
-2.303333	-1.440591	-0.499921	-0.496077	-1.167677	-0.608928	-2.009920	-0.864235	-0.062672	-1.612220	-4.811391	-0.499340
-2.294119	-1.437770	-0.499921	-0.496077	-0.677686	-0.606493	-2.123708	-0.860779	-0.062672	-1.105771	-4.792145	-0.499340
-2.284943	-1.433489	-0.499921	-0.496077	-0.432690	-0.604067	-2.176128	-0.857335	-0.062672	-0.851348	-4.772977	-0.499340
-2.275803	-1.428490	-0.499921	-0.496077	-0.810192	-0.601650	-1.697880	-0.853906	-0.062672	-1.222942	-4.753885	-0.499340
-2.266699	-1.423144	-0.499921	-0.496077	-0.996568	-0.599244	-1.456317	-0.850490	-0.062672	-1.405550	-4.734869	-0.499340
-2.257633	-1.417635	-0.499921	-0.496077	-1.087390	-0.596847	-1.833106	-0.347088	-0.062672	-1.493678	-4.715930	-0.499340
-2.248602	-1.412057	-0.499921	-0.496077	-1.130445	-0.594459	-2.017081	-0.095387	-0.062672	-1.534579	-4.697066	-0.499340
-2.239608	-1.406454	-0.499921	-0.496077	-1.149625	-0.592081	-2.104666	 0.030463	-0.062672	-1.551878	-4.678278	-0.499340
-2.230649	-1.400852	-0.499921	-0.496077	-0.656877	-0.589713	-2.144074	-0.406612	-0.062672	-1.557389	-4.659565	-0.499340
-2.221727	-1.395260	-0.499921	-0.496077	-0.410504	-0.587354	-2.159411	-0.623462	-0.062672	-1.557019	-4.640926	-0.499340
-2.212840	-1.389684	-0.499921	-0.496077	-0.287317	-0.585005	-1.662730	-0.730206	-0.062672	-1.553720	-4.622363	 0.000660
-2.203988	-1.384129	-0.499921	-0.496077	-0.225723	-0.582665	-1.412058	-0.781904	-0.062672	-1.548970	-4.603873	 0.249659
-2.195172	-0.878593	-0.499921	-0.496077	-0.694927	-0.580334	-1.784399	-0.806086	-0.062672	-1.543507	-4.585458	-0.125842
-2.186392	-0.625826	-0.499921	-0.496077	-0.927200	-0.578013	-1.966256	-0.816517	-0.062672	-1.537699	-4.567116	-0.312589
-2.177646	-0.999442	-0.499921	-0.496077	-0.541018	-0.575701	-1.552888	-0.820078	-0.062672	-1.531731	-4.548847	-0.405963
-2.168936	-1.183504	-0.499921	-0.496077	-0.347927	-0.573398	-1.343925	-0.820212	-0.062672	-1.525696	-4.530652	-0.452650
-2.160260	-1.272800	-0.499921	-0.496077	-0.251381	-0.571104	-1.237174	-0.818638	-0.062672	-1.519639	-4.512529	-0.475994
-2.151619	-1.314724	-0.499921	-0.496077	-0.203108	-0.568820	-1.681537	-0.816216	-0.062672	-1.513583	-4.494479	-0.487665
-2.143012	-1.332972	-0.499921	-0.496077	-0.178972	-0.566545	-1.899467	-0.813378	-0.062672	-1.507540	-4.476501	-0.493501
-2.134440	-0.839394	-0.499921	-0.496077	-0.666904	-0.564279	-1.504197	-0.810338	-0.062672	-1.501516	-4.458595	-0.496419
-2.125902	-0.592605	-0.499921	-0.496077	-0.908560	-0.562021	-1.304344	-0.807203	-0.062672	-1.495513	-4.440761	-0.497878
-2.117399	-0.469211	-0.499921	-0.496077	-1.027088	-0.559773	-1.702209	-0.804028	-0.062672	-1.489532	-4.422998	-0.498608
-2.108929	-0.407513	-0.499921	-0.496077	-1.084060	-0.557534	-1.896941	-0.800838	-0.062672	-1.483575	-4.405306	-0.498972
-2.100494	-0.376665	-0.499921	-0.496077	-1.110264	-0.555304	-1.990124	-0.797648	-0.062672	-1.477641	-4.387685	-0.499155
-2.092092	-0.361240	-0.499921	-0.496077	-1.121094	-0.553083	-2.032549	-0.794465	-0.062672	-1.471730	-4.370134	-0.499246
-2.083723	-0.853528	-0.499921	-0.496077	-1.124244	-0.550871	-1.549611	-0.791290	-0.062672	-1.465844	-4.352653	-0.499291
-2.075388	-1.096980	-0.499921	-0.496077	-1.123565	-0.548667	-1.306009	-0.788127	-0.062672	-1.459980	-4.335243	-0.499314
-2.067087	-1.216026	-0.499921	-0.496077	-1.120979	-0.546472	-1.182083	-0.784975	-0.062672	-1.454140	-4.317902	-0.499326
-2.058818	-0.772878	-0.499921	-0.496077	-1.117450	-0.544287	-1.618004	-0.781835	-0.062672	-1.448324	-4.300630	-0.499331
-2.050583	-0.551304	-0.499921	-0.496077	-1.113457	-0.542109	-1.831856	-0.778708	-0.062672	-1.442531	-4.283428	-0.499334
-2.042381	-0.940518	-0.499921	-0.496077	-0.609242	-0.539941	-1.434691	-0.775593	-0.062672	-1.436760	-4.266294	-0.499336
-2.034211	-1.132465	-0.499921	-0.496077	-0.357134	-0.537781	-1.234034	-0.772491	-0.062672	-1.431013	-4.249229	-0.499336
-2.026074	-0.725789	-0.499921	-0.496077	-0.231081	-0.535630	-1.131638	-0.769401	-0.062672	-1.425289	-4.232232	-0.499337
-2.017970	-0.522452	-0.499921	-0.496077	-0.168054	-0.533488	-1.078382	-0.766324	-0.062672	-1.419588	-4.215303	-0.499337
-2.009898	-0.420783	-0.499921	-0.496077	-0.636540	-0.531354	-1.549703	-0.763258	-0.062672	-0.913910	-4.198442	-0.499337
-2.001859	-0.369949	-0.499921	-0.496077	-0.868574	-0.529228	-1.781322	-0.760205	-0.062672	-0.661071	-4.181648	-0.499337
-1.993851	-0.344531	-0.499921	-0.496077	-0.982389	-0.527111	-1.893106	-0.757165	-0.062672	-0.534651	-4.164921	-0.499337
-1.985876	-0.331823	-0.499921	-0.496077	-1.037104	-0.525003	-1.444988	-0.754136	-0.062672	-0.971441	-4.148262	-0.499337
-1.977932	-0.325468	-0.499921	-0.496077	-1.062278	-0.522903	-1.218935	-0.751119	-0.062672	-1.187020	-4.131669	-0.499337
-1.970021	-0.322291	-0.499921	-0.496077	-0.572690	-0.520811	-1.603923	-0.748115	-0.062672	-1.292004	-4.115142	-0.499337
-1.962141	-0.320703	-0.499921	-0.496077	-0.327896	-0.518728	-1.792439	-0.745122	-0.062672	-1.341702	-4.098681	-0.499337
-1.954292	-0.319908	-0.499921	-0.496077	-0.705499	-0.516653	-1.382735	-0.742142	-0.062672	-1.363768	-4.082287	-0.499337
-1.946475	-0.319511	-0.499921	-0.496077	-0.892135	-0.514586	-1.175937	-0.739173	-0.062672	-1.372030	-4.065958	-0.499337
-1.938689	-0.319313	-0.499921	-0.496077	-0.483295	-0.512528	-1.570600	-0.236217	-0.062672	-1.373400	-4.049694	 0.000663
-1.930934	-0.319213	-0.499921	-0.496077	-0.278875	-0.510478	-1.764001	 0.015262	-0.062672	-1.371335	-4.033495	 0.249662
-1.923210	-0.319164	-0.499921	-0.496077	-0.176665	-0.508436	-1.856786	 0.141001	-0.062672	-1.367565	-4.017361	 0.374161
-1.915518	-0.319139	-0.499921	-0.496077	-0.125560	-0.506402	-1.399280	-0.296130	-0.062672	-1.362952	-4.001291	-0.063589
-1.907856	-0.319127	-0.499921	-0.496077	-0.100007	-0.504377	-1.168643	-0.513228	-0.062672	-1.357929	-3.985286	-0.281462
-1.900224	-0.319120	-0.499921	-0.496077	-0.087231	-0.502359	-1.551449	-0.620317	-0.062672	-1.352711	-3.969345	-0.390398
-1.892623	-0.319117	-0.499921	-0.496077	-0.080843	-0.500350	-1.738983	-0.672406	-0.062672	-1.347407	-3.953468	-0.444866
-1.885053	-0.819116	-0.499921	-0.496077	-0.577649	-0.499345	-1.828897	-0.697002	-0.062672	-1.342071	-3.937654	-0.472100
-1.877512	-1.066477	-0.499921	-0.496077	-0.823903	-0.498843	-1.870017	-0.707857	-0.062672	-1.336730	-3.921903	-0.485717
-1.870002	-0.687530	-0.499921	-0.496077	-0.444890	-0.498591	-1.886754	-0.211847	-0.062672	-1.331396	-3.906216	-0.492526
-1.862522	-0.498056	-0.499921	-0.496077	-0.255383	-0.498466	-1.891316	 0.036158	-0.062672	-1.326077	-3.890591	-0.495930
-1.855072	-0.403319	-0.499921	-0.496077	-0.160630	-0.498403	-1.889805	 0.160161	-0.062672	-1.320777	-3.875028	-0.497632
-1.847652	-0.855951	-0.499921	-0.996077	-0.613253	-0.498372	-1.885273	-0.277838	-0.062672	-1.315495	-3.859528	-0.498483
-1.840261	-1.079649	-0.499921	-1.243085	-0.837433	-0.498356	-1.879245	-0.495406	-0.062672	-1.310234	-3.844090	-0.498909
-1.832900	-0.688892	-0.499921	-0.863609	-0.447400	-0.498348	-1.872485	-0.602764	-0.062672	-1.304993	-3.828714	-0.499122
-1.825569	-0.493513	-0.499921	-0.673871	-0.252383	-0.498344	-1.865374	-0.655022	-0.062672	-1.299774	-3.813399	-0.499228
-1.818267	-0.395824	-0.499921	-0.579001	-0.654875	-0.498342	-1.858101	-0.179737	-0.062672	-0.794575	-3.798145	-0.499281
-1.810993	-0.346979	-0.499921	-0.531567	-0.854006	-0.498341	-1.850764	 0.057906	-0.062672	-0.541975	-3.782953	-0.499308
-1.803749	-0.822557	-0.499921	-0.507850	-0.951465	-0.498341	-1.343408	-0.323273	-0.062672	-0.915675	-3.767821	-0.499321
-1.796534	-1.057750	-0.499921	-0.495991	-0.998097	-0.498341	-1.088058	-0.512454	-0.062672	-1.099947	-3.752750	-0.499328
-1.789348	-0.672760	-0.499921	-0.490062	-1.019323	-0.498340	-0.958717	-0.105641	-0.062672	-1.189514	-3.737739	-0.499331
-1.782191	-0.480265	-0.499921	-0.487097	-1.027856	-0.498340	-0.892388	 0.097766	-0.062672	-1.231740	-3.722788	-0.499333
-1.775062	-0.384018	-0.499921	-0.485615	-1.030049	-0.498340	-0.857572	 0.199469	-0.062672	-1.250304	-3.707897	-0.499334
-1.767962	-0.335894	-0.499921	-0.484874	-1.029081	-0.498340	-0.838518	-0.249679	-0.062672	-1.257049	-3.693065	-0.499334
-1.760890	-0.311832	-0.499921	-0.484503	-1.026541	-0.498340	-0.827352	-0.472856	-0.062672	-1.257894	-3.678293	-0.499334
-1.753847	-0.799801	-0.499921	-0.484318	-1.023223	-0.498340	-0.820137	-0.583052	-0.062672	-1.255799	-3.663580	-0.499334
-1.746831	-1.041210	-0.499921	-0.484225	-1.019524	-0.498340	-0.814903	-0.636764	-0.062672	-1.252244	-3.648925	-0.499334
