-0.499185	-0.580961	-0.499860	 0.113348	-1.918610	-0.541686	-4.061242	 0.339178	 0.466636	-0.993127	-0.488436	-0.499751
-0.499155	-0.579951	-0.499860	-0.386652	-1.891028	-0.540658	-4.053935	 0.339178	 0.466636	-0.991209	-0.988390	-0.499751
-0.499140	-0.578944	-0.499860	-0.635745	-1.875247	-0.539632	-4.046641	 0.339178	 0.466636	-0.989296	-1.236952	-0.499751
-0.499132	-0.577938	-0.499860	-0.759387	-1.865371	-0.538607	-4.039360	 0.339178	 0.466636	-0.987386	-1.359821	-0.499751
-0.499128	-0.576934	-0.499860	-0.320306	-1.858450	-0.537585	-4.032092	-0.160822	 0.466636	-0.985479	-0.919845	-0.499751
-0.499126	-0.575932	-0.499860	-0.100765	-1.853013	-0.536565	-4.024837	-0.410232	 0.466636	-0.983576	-0.699858	-0.499751
-0.499125	-0.574932	-0.499860	 0.009006	-1.848321	-0.535547	-4.017595	-0.034347	 0.466636	-0.981677	-0.589864	-0.499751
-0.499125	-0.573933	-0.499860	 0.063891	-1.844005	-0.534530	-4.010366	 0.153595	 0.466636	-0.979782	-0.534867	-0.499751
-0.499124	-0.572936	-0.499860	 0.091334	-1.839883	-0.533516	-4.003151	-0.252434	 0.466636	-0.977890	-0.507368	-0.499751
-0.499124	-0.571941	-0.499860	 0.105055	-1.835861	-0.532503	-3.995948	-0.454860	 0.466636	-0.976002	-0.493619	-0.499751
-0.499124	-0.570948	-0.499860	 0.111916	-1.831893	-0.531492	-3.988758	-0.555486	 0.466636	-0.974118	-0.486744	-0.499751
-0.499124	-0.569956	-0.499860	 0.115346	-1.827957	-0.530484	-3.981581	-0.605213	 0.466636	-0.972237	-0.483307	-0.499751
-0.499124	-0.568966	-0.499860	 0.117061	-1.824041	-0.529477	-3.974417	-0.129492	 0.466636	-0.470360	-0.481588	-0.499751
-0.499124	-0.567978	-0.499860	 0.117919	-1.820139	-0.528472	-3.967266	 0.108369	 0.466636	-0.219421	-0.480729	-0.499751
-0.499124	-0.566991	-0.499860	 0.118347	-1.816248	-0.527469	-3.960128	 0.227299	 0.466636	-0.093952	-0.480299	-0.499751
-0.499124	-0.566006	-0.499860	 0.118562	-1.812366	-0.526468	-3.953002	 0.286765	 0.466636	-0.531217	-0.480085	-0.499751
-0.499124	-0.565023	-0.499860	 0.118669	-1.808494	-0.525469	-3.945890	 0.316497	 0.466636	-0.748915	-0.479977	-0.499751
 0.000876	-0.564041	-0.499860	 0.118723	-1.804630	-0.524471	-3.938790	 0.331364	 0.466636	-0.856831	-0.479924	-0.499751
 0.250387	-0.563062	-0.499860	 0.118749	-1.800775	-0.523476	-3.931703	 0.338797	 0.466636	-0.909857	-0.479897	-0.499751
-0.124858	-0.562084	-0.499860	 0.118763	-2.296928	-0.522482	-3.924629	 0.342513	 0.466636	-0.935441	-0.479883	-0.499751
-0.311992	-0.561107	-0.499860	 0.118770	-2.542022	-0.521491	-3.917567	 0.344372	 0.466636	-0.947305	-0.479877	-0.499751
-0.405559	-0.560133	-0.499860	 0.118773	-2.661591	-0.520501	-3.910518	 0.345301	 0.466636	-0.952311	-0.479873	-0.499751
-0.452342	-0.559160	-0.499860	 0.118775	-2.718406	-0.519513	-3.903482	 0.345765	 0.466636	-0.953890	-0.479871	-0.499751
-0.475734	-0.558188	-0.499860	 0.118775	-2.743849	-0.518527	-3.896459	 0.345998	 0.466636	-0.953757	-0.479871	-0.499751
-0.487430	-0.557219	-0.499860	 0.118776	-2.253613	-0.517543	-3.889448	 0.346114	 0.466636	-0.952770	-0.479870	-0.499751
-0.493278	-0.556251	-0.499860	 0.118776	-2.006611	-0.516561	-3.882450	 0.346172	 0.466636	-0.951357	-0.479870	-0.499751
-0.496202	-0.555285	-0.499860	 0.118776	-1.881231	-0.515580	-3.875464	 0.346201	 0.466636	-0.949734	-0.479870	-0.499751
-0.497664	-0.554320	-0.499860	 0.118776	-1.816665	-0.514602	-3.868491	 0.346215	 0.466636	-0.948007	-0.479870	-0.499751
-0.498395	-0.553357	-0.499860	 0.118776	-1.782511	-0.513625	-3.861530	-0.153777	 0.466636	-0.946230	-0.479870	-0.499751
-0.498760	-0.552396	-0.499860	 0.118776	-1.763567	-0.512650	-3.854583	-0.403190	 0.466636	-0.944430	-0.479870	-0.499751
-0.498943	-0.551437	-0.499860	 0.118776	-1.752231	-0.511677	-3.847647	-0.527313	 0.466636	-0.942620	-0.479870	-0.499751
-0.499034	-0.550479	-0.499860	 0.118776	-1.744704	-0.510706	-3.840724	-0.588793	 0.466636	-0.940807	-0.479870	-0.499751
-0.499080	-0.549522	-0.499860	 0.118776	-1.739085	-0.509737	-3.833813	-0.618952	 0.466636	-0.938993	-0.479870	-0.499751
-0.499103	-0.548568	-0.499860	 0.118776	-1.734424	-0.508770	-3.826915	-0.633452	 0.466636	-0.937182	-0.479870	-0.499751
-0.499114	-0.547615	-0.499860	 0.118776	-1.730246	-0.507804	-3.820030	-0.640123	 0.466636	-0.935373	-0.479870	-0.499751
-0.499120	-0.546664	-0.999860	 0.118776	-1.726313	-0.506840	-3.813156	-0.142880	 0.466636	-0.433568	-0.479870	-0.499751
-0.499123	-0.545714	-1.248429	 0.118776	-1.722507	-0.505878	-3.806295	 0.105741	 0.466636	-0.182665	-0.479870	-0.499751
-0.499124	-0.544766	-0.871285	 0.118776	-1.718768	-0.504918	-3.799447	 0.230051	 0.466636	-0.557214	-0.479870	-0.499751
-0.499125	-0.543820	-0.682712	 0.118776	-1.715067	-0.503960	-3.792610	 0.292207	 0.466636	-0.743588	-0.479870	-0.499751
-0.499125	-0.542875	-0.588426	 0.118776	-1.711389	-0.503003	-3.785787	 0.323284	 0.466636	-0.835878	-0.479870	-0.499751
-0.499126	-0.541932	-0.541283	 0.118776	-1.707726	-0.502049	-3.778975	 0.338823	 0.466636	-0.881127	-0.479870	-0.499751
-0.499126	-0.540991	-0.517712	 0.118776	-1.704074	-0.501096	-3.772175	 0.346592	 0.466636	-0.902857	-0.479870	-0.499751
 0.000874	-0.540051	-0.505926	 0.118776	-1.700432	-0.500145	-3.765388	 0.350477	 0.466636	-0.412829	-0.479870	-0.499751
 0.250385	-0.539113	-0.500033	 0.118776	-1.696798	-0.499669	-3.758613	 0.352419	 0.466636	-0.167816	-0.479870	-0.499751
-0.124859	-0.538177	-0.497087	 0.118776	-1.693173	-0.499432	-3.251850	 0.353391	 0.466636	-0.045309	-0.479870	-0.499751
-0.311993	-0.537242	-0.495613	 0.118776	-1.689556	-0.499313	-2.995999	 0.353876	 0.466636	 0.015945	-0.479870	-0.499751
 0.094440	-0.036309	 0.005123	 0.118776	-1.185947	 0.000747	-2.365609	 0.354119	 0.966636	 0.546571	 0.020130	-0.499751
 0.297167	 0.214158	 0.255009	 0.118776	-0.933413	 0.250301	-2.048852	 0.354240	 1.215152	 0.810845	 0.269636	-0.499751
 0.398531	 0.339391	 0.379470	 0.618776	 1.193580	 1.375078	 0.611084	 1.354301	 1.337928	 2.441944	 0.393895	-0.499751
 0.449213	 0.402008	 0.441219	 0.867632	 2.253531	 1.935095	 1.938110	 1.852228	 1.397838	 3.253561	 0.455532	-0.499751
 0.474553	 0.433316	 0.471614	 0.990919	 2.779967	 2.212735	 2.598685	 2.099093	 1.426318	 3.655445	 0.485859	-0.499751
 0.487224	 0.948970	 0.986332	 2.051423	 8.539653	 3.849192	 8.926040	 2.720430	 1.939085	 5.352470	 1.500531	 0.500249
 0.493559	 1.205525	 1.242259	 2.578493	 11.404224	 4.662215	 12.075996	 3.028113	 2.192987	 6.194178	 2.005476	 0.998973
 0.496727	 1.332533	 0.868792	 2.338854	 13.821269	 4.563531	 14.637275	 2.678975	 1.317462	 5.608239	 1.255562	 0.247060
 0.498311	 1.394769	 0.682059	 2.216887	 15.012447	 4.509951	 15.902443	 2.502325	 0.879699	 5.310421	 0.880124	-0.128466
 0.999103	 1.424622	 0.588692	 2.653762	 17.590730	 4.478933	 17.519582	 2.411922	 0.660818	 4.656673	 0.691925	-0.315801
 1.248034	 1.438285	 0.542009	 2.869040	 18.858329	 4.459203	 18.310935	 2.364648	 0.551377	 4.325935	 0.597347	-0.409040
 1.371037	 1.443855	 0.518667	 2.973525	 19.470632	 4.945125	 18.689426	 2.838940	-0.003343	 4.156709	 0.549580	-0.455232
 1.431080	 1.445382	 0.506996	 3.022621	 19.755333	 5.182932	 18.861518	 3.073127	-0.280139	 4.068246	 0.525219	-0.477902
 1.459645	 1.444888	 0.501161	 3.044029	 19.876279	 5.296692	 18.930440	 3.187266	-0.417973	 4.020173	 0.512562	-0.488811
 1.472474	 1.443387	 0.498243	 3.051598	 18.915394	 4.848437	 18.447808	 2.741387	 0.013673	 4.492302	 0.506234	-0.494265
 1.477438	 1.441384	 0.496784	 3.052255	 18.415774	 4.620134	 18.190331	 2.516397	 0.229496	 4.723573	 0.503070	-0.496992
 1.478472	 1.439133	 0.496055	 3.049462	 16.646828	 4.501815	 17.045458	 2.401855	 0.337407	 4.334426	 0.501488	-0.498356
 1.477544	 1.436759	 0.495690	 3.044951	 15.746464	 4.438496	 16.458718	 2.342541	 0.391363	 4.136043	 0.500697	-0.499038
 1.475638	 1.434326	 0.495508	 3.039587	 13.780426	 4.402684	 15.151068	 2.310844	 0.418341	 4.033051	 0.500301	-0.499379
 1.473245	 1.431866	 0.495417	 3.033803	 12.784787	 4.380634	 14.484789	 2.292960	 0.431830	 3.977761	 0.500104	-0.499549
 0.970613	 0.929395	 0.495371	 2.027815	 9.774377	 3.865473	 10.139218	 2.281986	 0.938574	 2.946329	 0.500005	 0.000366
 0.719296	 0.678159	 0.495348	 1.523776	 8.261947	 3.604714	 7.961220	 2.274470	 1.190483	 2.428764	 0.499955	 0.249897
 0.593638	 0.552541	 0.495337	 1.270714	 7.498523	 3.471160	 6.867018	 2.268688	 1.314978	 2.168137	 0.499931	 0.374663
 0.530809	 0.489732	 0.495331	 0.643142	 4.609617	 2.401217	 3.314724	 1.263775	 0.875769	 1.035982	 0.499918	-0.062954
 0.499395	 0.458328	 0.495328	 0.329357	 3.163326	 1.864981	 1.538577	 0.761319	 0.656164	 0.469904	 0.499912	-0.281336
 0.483687	-0.057374	-0.004673	 0.172464	 0.938347	 0.595603	-0.349497	 0.510090	 0.546362	 0.186865	-0.000091	-0.390528
 0.475834	-0.314728	-0.254192	 0.094017	-0.172768	-0.038447	-1.291520	 0.384476	 0.491461	 0.045346	-0.249617	-0.445123
 0.471907	-0.442907	-0.378471	 0.054794	-0.726955	-0.354834	-2.260523	 0.321669	 0.464010	-0.025414	-0.374380	-0.472421
 0.469943	-0.506501	-0.440130	 0.035183	-1.002680	-0.512390	-2.742119	 0.290266	 0.450285	-0.060794	-0.436762	-0.486070
-0.031038	-0.537803	-0.470481	 0.025377	-1.639177	-0.590533	-2.980016	 0.274564	 0.443422	-0.078483	-0.467952	-0.492895
-0.281010	-0.552960	-0.485179	 0.020474	-1.954995	-0.628969	-3.096070	 0.266713	 0.439991	-0.087328	-0.483548	-0.496307
-0.405477	-0.560045	-0.492528	 0.018022	-2.110478	-0.647554	-3.151208	 0.262788	 0.438275	-0.091751	-0.491346	-0.498013
 0.032807	-0.563095	-0.496202	 0.016797	-2.185800	-0.656215	-3.175892	 0.260825	 0.437417	-0.593962	-0.495244	-0.498866
 0.251950	-0.564128	-0.498039	 0.016184	-2.221045	-0.659914	-3.185354	 0.259844	 0.436988	-0.844010	-0.497194	-0.499292
-0.138479	-0.564154	-0.498958	 0.015877	-2.236258	-0.661134	-3.687211	 0.259353	 0.436774	-0.467977	-0.498169	-0.499506
-0.333177	-0.563677	-0.499417	 0.015724	-2.241460	-0.661115	-3.934371	 0.259108	 0.436667	-0.279961	-0.498656	-0.499612
-0.430011	-0.562949	-0.499647	 0.015648	-2.241661	-0.660479	-4.054189	-0.241015	 0.436613	-0.185953	-0.498900	-0.499666
-0.477913	-0.562097	-0.499761	 0.015609	-2.239367	-0.659534	-4.110343	-0.490414	 0.436586	-0.138949	-0.499021	-0.499692
-0.501351	-0.561183	-0.499819	 0.015590	-2.235831	-0.658437	-4.134672	-0.114453	 0.436573	-0.115447	-0.499082	-0.499706
-0.512557	-0.560240	-0.499848	 0.015581	-2.231678	-0.657265	-4.143095	 0.073527	 0.436566	-0.103696	-0.499113	-0.499712
-0.517648	-0.559282	-0.499862	 0.015576	-2.227223	-0.656056	-4.143571	 0.167518	 0.436563	-0.097820	-0.499128	-0.499716
-0.519684	-0.558319	-0.499869	-0.484427	-2.222621	-0.654830	-4.140081	 0.214513	 0.436561	-0.094882	-0.499136	-0.499717
-0.520192	-0.557353	-0.499873	-0.733421	-2.217951	-0.653597	-4.134615	 0.238010	 0.436560	-0.093413	-0.499139	-0.499718
-0.519937	-0.556387	-0.499874	-0.356914	-2.213252	-0.652361	-4.128167	 0.249759	 0.436560	-0.092679	-0.499141	-0.499719
-0.519302	-0.555421	-0.499875	-0.168661	-2.208544	-0.651125	-4.121235	 0.255634	 0.436560	-0.092312	-0.499142	-0.499719
-0.518478	-0.554457	-0.499876	-0.074534	-2.203836	-0.649891	-4.114067	 0.258571	 0.436560	-0.092128	-0.499143	-0.499719
-0.517561	-0.553494	-0.499876	-0.027471	-2.199133	-0.648658	-4.106789	 0.260039	 0.436560	-0.092036	-0.499143	-0.499719
-0.516598	-0.552533	-0.499876	-0.503939	-2.194438	-0.647427	-4.099462	 0.260774	 0.436559	-0.091990	-0.499143	-0.499719
-0.515612	-0.551573	-0.499876	-0.741171	-2.189751	-0.646199	-4.092116	 0.261141	 0.436559	-0.091967	-0.499143	-0.499719
-0.514617	-0.550615	-0.499876	-0.858786	-2.185074	-0.644972	-4.084769	 0.261324	 0.436559	-0.091956	-0.499143	-0.499719
-0.513618	-0.549659	-0.499876	-0.416596	-2.180407	-0.643748	-3.577427	 0.261416	 0.436559	-0.091950	-0.499143	-0.499719
-0.512617	-0.548704	-0.499876	-0.195500	-2.175749	-0.642526	-3.320994	 0.261462	 0.436559	-0.091947	-0.499143	-0.499719
-0.511618	-0.547751	-0.499876	-0.084953	-2.171102	-0.641307	-3.690021	 0.261485	 0.436559	-0.091946	-0.499143	-0.499719
-0.510619	-0.546799	-0.499876	-0.029679	-2.166464	-0.640090	-3.870882	 0.261496	 0.436559	-0.091945	-0.499143	-0.499719
-0.509622	-0.545849	-0.499876	-0.002042	-2.161836	-0.638875	-3.957668	 0.261502	 0.436559	 1.908055	 0.000857	-0.499719
-0.508627	-0.544901	-0.499876	 0.011776	-2.157218	-0.637662	-3.997422	 0.261505	 0.436559	 2.904283	 0.250381	-0.499719
-0.007633	-0.543955	-0.499876	 0.018686	-2.152610	-0.636452	-4.013667	 0.261506	 0.436559	 0.898631	-0.124858	-0.499719
 0.242863	-0.543010	-0.499876	 0.022140	-2.148011	-0.635244	-4.018164	 0.261507	 0.436559	-0.103126	-0.312001	-0.499719
 0.368112	-0.542067	-0.499876	 0.023867	-2.143423	-0.634039	-4.016794	 0.261508	 0.436559	-0.602938	-0.405573	-0.499719
-0.069264	-0.541125	-0.499876	 0.024731	-2.138844	-0.632835	-4.012496	 0.261508	 0.436559	-0.351780	-0.452359	-0.499719
-0.287457	-0.540185	-0.499876	 0.025163	-2.134275	-0.631634	-4.006742	 0.261508	 0.436559	-0.226201	-0.475752	-0.499719
-0.396060	-0.539247	-0.499876	-0.474621	-2.129716	-0.630435	-4.000265	 0.261508	 0.436559	-0.163411	-0.487448	-0.499719
-0.449868	-0.538310	-0.499876	-0.723517	-2.125166	-0.629239	-3.993433	 0.261508	 0.436559	-0.132016	-0.493296	-0.499719
-0.476281	-0.537375	-0.499876	-0.346971	-2.120627	-0.628045	-3.986431	 0.261508	 0.436559	-0.116319	-0.496221	-0.499719
-0.488996	-0.536442	-0.499876	-0.158697	-2.116097	-0.626853	-3.979350	 0.261508	 0.436559	-0.108470	-0.497683	-0.499719
-0.494864	-0.535510	-0.499876	-0.064561	-2.111576	-0.625663	-3.972236	-0.238492	 0.436559	-0.604546	-0.498414	-0.499719
-0.497308	-0.534580	-0.499876	-0.017493	-2.107066	-0.624475	-3.965112	-0.487832	 0.436559	-0.851521	-0.498779	-0.499719
-0.498531	-0.533651	-0.499876	 0.006042	-2.102565	-0.623290	-3.957989	-0.611844	 0.436559	-0.973948	-0.498962	-0.499719
-0.499142	-0.532724	-0.499876	 0.017809	-2.098073	-0.622107	-3.950873	-0.173193	 0.436559	-0.534103	-0.499053	-0.499719
-0.499447	-0.531799	-0.499876	 0.023692	-2.093591	-0.620927	-3.943767	 0.046133	 0.436559	-0.314181	-0.499099	-0.499719
-0.499600	-0.530875	-0.499876	-0.473366	-2.089119	-0.619748	-3.936672	 0.155796	 0.436559	-0.204220	-0.499122	-0.499719
-0.499677	-0.529953	-0.499876	-0.720903	-2.084656	-0.618572	-3.929590	 0.210627	 0.436559	-0.149239	-0.499133	-0.499719
-0.499715	-0.529032	-0.499876	-0.343681	-2.080203	-0.617398	-3.922520	-0.261957	 0.436559	-0.121749	-0.499139	-0.499719
-0.499734	-0.528113	-0.499876	-0.155071	-2.075760	-0.616226	-3.915462	-0.497593	 0.436559	-0.108004	-0.499142	-0.499719
-0.499743	-0.527196	-0.499876	-0.060765	-2.071325	-0.615057	-3.908417	-0.114756	 0.436559	-0.601131	-0.499143	-0.499719
-0.499748	-0.526280	-0.499876	-0.013612	-2.066901	-0.613889	-3.901385	 0.076662	 0.436559	-0.846638	-0.499144	-0.499719
-0.499751	-0.525366	-0.499876	 0.009964	-2.062485	-0.612724	-3.894365	 0.172372	 0.436559	-0.468338	-0.499144	-0.499719
-0.499752	-0.524454	-0.499876	 0.021752	-2.058080	-0.611561	-3.887358	 0.220226	 0.436559	-0.279187	-0.499144	-0.499719
-0.499752	-0.523543	-0.499876	 0.027646	-2.053683	-0.610401	-3.880364	 0.244154	 0.436559	-0.184612	-0.499145	-0.499719
-0.499753	-0.522633	-0.499876	 0.030593	-2.049296	-0.609242	-3.873382	 0.256117	 0.436559	-0.137325	-0.499145	-0.499719
-0.499753	-0.521725	-0.499876	 0.032067	-2.044919	-0.608086	-3.866413	 0.262099	 0.436559	-0.113681	-0.499145	-0.499719
-0.499753	-0.520819	-0.499876	 0.032803	-2.040550	-0.606932	-3.859456	 0.265090	 0.436559	-0.101859	-0.499145	-0.499719
-0.499753	-0.519914	-0.499876	 0.033172	-2.036191	-0.605780	-3.852512	 0.266585	 0.436559	-0.095948	-0.499145	-0.499719
-0.499753	-0.519011	-0.499876	 0.033356	-2.031842	-0.604630	-3.845580	 0.267333	 0.436559	-0.092992	-0.499145	-0.499719
-0.499753	-0.518110	-0.499876	 0.033448	-2.027501	-0.603482	-3.838661	 0.267707	 0.436559	-0.091515	-0.499145	-0.499719
-0.499753	-0.517210	-0.499876	 0.033494	-2.023170	-0.602337	-3.831754	 0.267894	 0.436559	-0.590776	-0.499145	-0.499719
-0.499753	-0.516311	-0.499876	 0.033517	-2.018848	-0.601194	-3.824859	 0.267987	 0.436559	-0.839354	-0.499145	-0.499719
-0.499753	-0.515415	-0.499876	 0.033529	-2.014536	-0.600053	-3.817977	-0.231966	 0.436559	-0.462593	-0.499145	-0.499719
-0.499753	-0.514519	-0.499876	 0.033535	-2.010232	-0.598914	-3.811108	-0.481289	 0.436559	-0.274212	-0.499145	-0.499719
-0.499753	-0.513626	-0.499876	 0.033537	-2.005938	-0.597777	-3.804250	-0.105298	 0.436559	-0.680022	-0.499145	-0.499719
-0.499753	-0.512733	-0.499876	 0.033539	-2.001653	-0.596643	-3.797406	 0.082698	 0.436559	-0.881879	-0.499145	-0.499719
-0.499753	-0.511843	-0.499876	 0.033540	-1.997377	-0.595510	-3.790573	 0.176696	 0.436559	-0.981761	-0.499145	-0.499719
-0.499753	-0.510954	-0.499876	 0.033540	-1.993110	-0.594380	-3.783753	-0.276305	 0.436559	-0.530658	-0.499145	-0.499719
-0.499753	-0.510066	-0.499876	 0.033540	-1.988853	-0.593252	-3.776945	-0.502154	 0.436559	-0.305106	-0.499145	-0.499719
-0.499753	-0.509180	-0.499876	 0.033540	-1.984604	-0.592126	-3.770149	-0.614429	 0.436559	-0.192330	-0.499145	-0.499719
-0.499753	-0.508296	-0.499876	 0.033540	-1.980365	-0.591002	-3.763365	-0.669917	 0.436559	-0.135942	-0.499145	-0.499719
-0.499753	-0.507413	-0.499876	 0.033540	-1.976134	-0.589881	-3.756594	-0.697013	 0.436559	-0.107748	-0.499145	-0.499719
-0.499753	-0.506531	-0.499876	 0.033540	-1.971913	-0.588761	-3.749835	-0.209914	 0.436559	-0.593651	-0.499145	-0.499719
-0.499753	-0.505651	-0.499876	 0.033540	-1.967701	-0.587644	-3.743088	 0.033635	 0.436559	-0.835561	-0.499145	-0.499719
-0.499753	-0.504773	-0.499876	 0.033540	-1.963497	-0.586528	-3.736353	 0.155410	 0.436559	-0.455475	-0.499145	-0.499719
-0.499753	-0.503896	-0.499876	 0.033540	-1.959303	-0.585415	-3.729630	-0.283702	 0.436559	-0.265432	-0.499145	-0.499719
-0.499753	-0.503021	-0.499876	 0.033540	-1.955118	-0.584304	-3.722919	-0.502613	 0.436559	-0.170411	-0.499145	-0.499719
-0.499753	-0.502147	-0.499876	-0.466460	-1.950941	-0.583195	-3.716221	-0.611424	 0.436559	-0.122900	-0.499145	-0.499719
-0.499753	-0.501275	-0.499876	-0.715472	-1.946774	-0.582088	-3.709534	-0.665186	 0.436559	-0.099145	-0.499145	-0.499719
-0.499753	-0.500404	-0.499876	-0.838991	-1.942615	-0.580984	-3.702860	-0.691425	 0.436559	-0.087267	-0.499145	-0.499719
-0.499753	-0.499969	-0.499876	-0.399767	-1.938465	-0.579881	-3.696197	-0.203903	 0.436559	-0.081329	-0.499145	-0.499719
-0.499753	-0.499751	-0.499876	-0.180155	-1.934324	-0.578780	-3.689547	 0.039857	 0.436559	-0.078359	-0.499145	-0.499719
-0.499753	-0.499642	-0.499876	-0.070349	-1.930192	-0.577682	-3.682908	 0.161738	 0.436559	-0.076874	-0.499145	-0.499719
-0.499753	-0.499588	-0.499876	-0.015446	-1.926069	-0.576586	-3.676282	 0.222678	 0.436559	-0.076132	-0.499145	-0.499719
-0.499753	-0.499561	-0.499876	 0.012005	-1.921955	-0.575491	-3.669667	 0.253148	 0.436559	-0.075761	-0.499145	-0.499719
-0.499753	-0.499547	-0.499876	 0.025731	-1.917849	-0.574399	-3.663064	 0.268383	 0.436559	-0.575575	-0.499145	-0.499719
-0.499753	-0.499540	-0.499876	 0.032594	-1.913752	-0.573309	-3.656473	 0.276001	 0.436559	-0.324444	-0.499145	-0.499719
-0.499753	-0.499537	-0.499876	 0.036025	-1.909664	-0.572221	-3.649894	 0.279810	 0.436559	-0.198879	-0.499145	-0.499719
-0.499753	-0.499535	-0.499876	 0.037741	-1.905585	-0.571135	-3.643327	 0.281714	 0.436559	-0.136096	-0.499145	-0.499719
-0.499753	-0.499534	-0.499876	 0.038599	-1.901514	-0.570051	-3.636772	 0.282666	 0.436559	-0.604705	-0.499145	-0.499719
-0.499753	-0.499534	-0.499876	 0.039028	-1.897452	-0.568969	-3.630228	 0.283142	 0.436559	-0.837973	-0.499145	-0.499719
-0.499753	-0.499534	-0.499876	 0.039242	-1.893399	-0.567889	-3.623696	 0.283380	 0.436559	-0.453573	-0.499145	-0.499719
-0.499753	-0.499534	-0.499876	 0.039350	-1.889354	-0.566811	-3.617176	 0.283499	 0.436559	-0.261373	-0.499145	-0.499719
-0.499753	-0.499534	-0.499876	 0.039403	-1.885318	-0.565735	-3.610668	 0.283559	 0.436559	-0.665273	-0.499145	-0.499719
-0.499753	-0.499534	-0.499876	 0.039430	-1.881291	-0.564662	-3.604171	 0.283589	 0.436559	-0.866191	-0.499145	-0.499719
-0.499753	-0.499534	-0.499876	 0.039443	-1.877272	-0.563590	-3.597686	 0.283603	 0.436559	-0.465619	-0.499145	-0.499719
-0.499753	-0.499534	-0.499876	 0.039450	-1.873262	-0.562520	-3.591213	 0.283611	 0.436559	-0.265334	-0.499145	-0.499719
-0.499753	-0.499534	-0.499876	 0.039453	-1.869260	-0.561453	-3.584752	 0.283615	 0.436559	-0.165191	-0.499145	-0.499719
-0.499753	-0.499534	-0.499876	 0.039455	-1.865267	-1.060387	-3.578302	 0.283616	 0.436559	-0.615120	-0.499145	-0.499719
-0.499753	-0.499534	-0.499876	 0.039456	-1.861283	-1.308375	-3.571863	 0.283617	 0.436559	-0.839056	-0.499145	-0.499719
 0.000247	-0.499534	-0.499876	 0.039456	-1.857307	-0.930891	-3.565436	 0.283618	 0.436559	-0.449997	-0.499145	-0.499719
 0.249758	-0.499534	-0.499876	 0.039457	-1.853339	-0.741625	-3.559021	 0.283618	 0.436559	-0.255468	-0.499145	-0.499719
-0.125486	-0.499534	-0.499876	 0.039457	-1.849380	-0.646467	-3.552617	 0.283618	 0.436559	-0.158204	-0.499145	-0.499719
-0.312619	-0.499534	-0.499876	 0.039457	-1.845430	-0.598365	-3.546225	 0.283618	 0.436559	-0.109572	-0.499145	-0.499719
-0.406186	-0.499534	-0.499876	 0.039457	-1.841487	-0.573792	-3.539845	 0.283618	 0.436559	-0.085255	-0.499145	-0.499719
-0.452969	-0.499534	-0.499876	 0.039457	-1.837554	-0.560984	-3.533475	 0.283618	 0.436559	-0.073097	-0.499145	-0.499719
-0.476360	-0.499534	-0.499876	 0.039457	-1.833628	-0.554060	-3.527118	 0.283618	 0.436559	-0.067018	-0.499145	-0.499719
-0.488056	-0.499534	-0.499876	 0.039457	-1.829711	-0.550079	-3.520771	 0.283618	 0.436559	-0.063979	-0.499145	-0.499719
-0.493904	-0.499534	-0.499876	 0.039457	-1.825803	-0.547570	-3.514437	 0.283618	 0.436559	-0.062459	-0.499145	-0.499719
-0.496828	-0.499534	-0.499876	 0.039457	-1.821903	-0.545798	-3.508113	 0.283618	 0.436559	-0.061699	-0.499145	-0.499719
-0.498290	-0.499534	-0.499876	 0.039457	-1.818011	-0.544396	-3.501801	 0.283618	 0.436559	-0.061319	-0.499145	-0.499719
-0.499021	-0.499534	-0.499876	 0.039457	-1.814127	-0.543180	-3.495500	 0.283618	 0.436559	-0.061129	-0.499145	-0.499719
-0.499387	-0.499534	-0.499876	 0.039457	-1.810252	-0.542057	-3.489211	 0.283618	 0.436559	-0.061034	-0.499145	-0.499719
-0.499569	-0.499534	-0.499876	-0.460543	-1.806385	-0.540983	-3.482933	 0.283618	 0.436559	-0.560987	-0.499145	-0.499719
-0.499661	-0.499534	-0.499876	-0.709561	-1.802526	-0.539933	-3.476666	 0.283618	 0.436559	-0.809939	-0.499145	-0.499719
-0.499706	-0.499534	-0.499876	-0.333090	-1.798676	-0.538897	-3.470411	 0.283618	 0.436559	-0.933393	-0.499145	-0.499719
-0.499729	-0.499534	-0.499876	-0.144854	-1.794833	-0.537869	-3.464166	 0.283618	 0.436559	-0.994099	-0.499145	-0.499719
-0.499741	-0.499534	-0.499876	-0.050737	-1.790999	-0.536845	-3.457933	 0.283618	 0.436559	-1.023434	-0.499145	-0.499719
-0.499746	-0.499534	-0.499876	-0.003678	-1.787173	-0.535825	-3.451711	 0.283618	 0.436559	-0.537086	-0.499145	-0.499719
-0.499749	-0.499534	-0.499876	 0.019852	-1.783356	-0.534807	-3.445501	 0.283618	 0.436559	-0.293911	-0.499145	-0.499719
-0.499751	-0.499534	-0.499876	 0.031616	-1.779546	-0.533792	-3.439301	-0.216382	 0.436559	-0.172324	-0.499145	-0.499719
-0.499751	-0.499534	-0.499876	 0.037499	-1.775745	-0.532778	-3.433113	-0.465742	 0.436559	-0.111530	-0.499145	-0.499719
-0.499752	-0.499534	-0.499876	 0.040440	-1.771951	-0.531767	-3.426936	-0.589783	 0.436559	-0.081133	-0.499145	-0.499719
-0.499752	-0.499534	-0.499876	 0.041910	-1.768166	-0.530758	-3.420770	-0.651166	 0.436559	-0.065935	-0.499145	-0.499719
-0.499752	-0.499534	-0.499876	-0.457354	-1.764389	-0.529750	-3.414615	-0.181221	 0.436559	-0.558336	-0.499145	-0.499719
-0.499752	-0.499534	-0.499876	-0.706009	-1.760620	-0.528745	-3.408471	 0.053751	 0.436559	-0.803522	-0.499145	-0.499719
-0.499752	-0.499534	-0.499876	-0.829360	-1.756859	-0.527741	-3.402338	 0.171238	 0.436559	-0.925103	-0.499145	-0.499719
-0.499752	-0.499534	-0.499876	-0.390061	-1.753106	-0.526740	-3.396217	 0.229981	 0.436559	-0.484882	-0.499145	-0.499719
-0.499752	-0.499534	-0.499876	-0.170412	-1.749361	-0.525740	-3.390106	 0.259352	 0.436559	-0.264772	-0.499145	-0.499719
-0.499752	-0.499534	-0.499876	-0.060587	-1.745624	-0.524742	-3.384006	 0.274038	 0.436559	-0.154717	-0.499145	-0.499719
-0.499752	-0.499534	-0.499876	-0.005675	-1.741895	-0.523746	-3.377917	 0.281381	 0.436559	-0.099690	-0.499145	-0.499719
-0.499752	-0.499534	-0.499876	 0.021781	-1.738174	-1.022752	-3.371839	 0.285052	 0.436559	-0.072176	-0.499145	-0.499719
-0.499752	-0.499534	-0.499876	 0.035509	-1.734461	-1.270811	-3.365773	 0.286888	 0.436559	-0.058419	-0.499145	-0.499719
-0.499752	-0.499534	-0.499876	 0.042373	-1.730756	-0.893399	-3.359717	-0.212194	 0.436559	-0.051541	-0.499145	-0.499719
-0.499752	-0.499534	-0.499876	 0.045805	-1.727059	-0.704204	-3.353672	-0.461100	 0.436559	-0.048101	-0.499145	-0.499719
-0.499752	-0.499534	-0.499876	 0.047521	-1.723370	-0.609117	-3.347637	-0.584918	 0.436559	-0.046382	-0.499145	-0.499719
-0.499752	-0.499534	-0.499876	 0.048379	-1.719688	-0.561086	-3.341614	-0.146195	 0.436559	-0.045522	-0.499145	-0.499719
-0.499752	-0.499534	-0.499876	 0.048808	-1.716015	-0.536584	-3.335601	 0.073167	 0.436559	-0.045092	-0.499145	-0.499719
-0.499752	-0.499534	-0.499876	 0.049023	-1.712349	-0.523847	-3.329600	 0.182848	 0.436559	-0.044877	-0.499145	-0.499719
-0.499752	-0.499534	-0.499876	 0.049130	-1.708691	-0.516993	-3.323609	 0.237689	 0.436559	-0.044770	-0.499145	-0.499719
-0.499752	-0.499534	-0.499876	-0.450816	-1.705041	-0.513082	-3.317629	-0.234891	 0.436559	-0.544716	-0.499145	-0.499719
-0.499752	-0.499534	-0.499876	-0.699817	-1.701399	-0.510643	-3.311659	-0.470549	 0.436559	-0.793681	-0.499145	-0.499719
-0.499752	-0.499534	-0.499876	-0.823348	-1.697764	-0.508942	-3.305701	-0.087747	 0.436559	-0.417156	-0.499145	-0.499719
-0.499752	-0.499534	-0.499876	-0.884145	-1.694138	-0.507610	-3.299753	 0.103654	 0.436559	-0.228894	-0.499145	-0.499719
-0.499752	-0.499534	-0.499876	-0.913577	-1.690519	-0.506463	-3.293816	 0.199354	 0.436559	-0.134763	-0.499145	-0.499719
-0.499752	-0.499534	-0.499876	-0.427330	-1.686908	-0.505410	-3.287889	 0.247204	 0.436559	-0.587698	-0.499145	-0.499719
-0.499752	-0.499534	-0.499876	-0.184206	-1.683304	-0.504405	-3.281973	 0.271129	 0.436559	-0.813160	-0.499145	-0.499719
-0.499752	-0.499534	-0.499876	-0.062644	-1.679708	-0.503425	-3.276068	 0.283092	 0.436559	-0.924889	-0.499145	-0.499719
-0.499752	-0.499534	-0.499876	-0.001863	-1.676120	-0.502458	-3.270174	 0.289073	 0.436559	-0.979753	-0.499145	-0.499719
-0.499752	-0.499534	-0.999876	 0.028528	-1.672540	-0.501499	-3.264290	 0.292064	 0.436559	-1.006186	-0.499145	-0.499719
-0.499752	-0.499534	-1.248445	 0.043723	-1.668967	-0.500544	-3.258416	 0.293559	 0.436559	-1.018405	-0.499145	-0.499719
-0.499752	-0.499534	-0.871300	 0.051321	-1.665402	-0.500067	-3.252553	 0.294307	 0.436559	-0.523520	-0.499145	-0.499719
-0.499752	-0.499534	-0.682728	 0.055120	-1.661844	-0.499828	-3.246701	 0.294681	 0.436559	-0.276077	-0.499145	-0.499719
-0.499752	-0.499534	-0.588442	 0.057019	-1.658294	-0.499709	-3.240859	 0.294868	 0.436559	-0.152356	-0.499145	-0.499719
-0.499752	-0.499534	-0.541299	 0.057969	-1.654752	-0.499649	-3.235028	 0.294961	 0.436559	-0.090495	-0.499145	-0.499719
-0.499752	-0.499534	-0.517727	 0.058443	-1.651217	-0.499619	-3.229207	 0.295008	 0.436559	-0.059565	-0.499145	-0.499719
-0.499752	-0.499534	-0.505942	 0.058681	-1.647689	-0.499605	-3.223397	 0.295031	 0.436559	-0.044100	-0.499145	-0.499719
-0.499752	-0.499534	-0.500049	 0.058800	-1.644170	-0.499597	-3.217597	 0.295043	 0.436559	-0.036367	-0.499145	-0.499719
-0.499752	-0.499534	-0.497102	-0.441141	-1.640657	-0.499593	-3.211808	 0.295049	 0.436559	-0.032501	-0.499145	-0.499719
-0.499752	-0.499534	-0.495629	-0.690149	-1.637153	-0.499592	-3.206029	 0.295052	 0.436559	-0.030568	-0.499145	-0.499719
-0.499752	-0.499534	-0.494893	-0.313693	-1.633656	-0.499591	-3.200261	-0.204947	 0.436559	-0.029601	-0.499145	-0.499719
-0.499752	-0.499534	-0.494524	-0.125465	-1.630166	-0.499590	-3.194502	-0.454317	 0.436559	-0.029118	-0.499145	-0.499719
-0.499752	-0.499534	-0.494340	-0.031351	-1.626683	-0.499590	-3.188755	-0.578373	 0.436559	-0.028876	-0.499145	-0.499719
-0.499752	-0.499534	-0.494248	 0.015706	-1.623209	-0.499590	-3.183017	-0.139773	 0.436559	-0.028756	-0.499145	-0.499719
-0.499752	-0.499534	-0.494202	 0.039235	-1.619741	-0.499590	-3.177290	 0.079526	 0.436559	-0.028695	-0.499145	-0.499719
-0.499752	-0.499534	-0.494179	 0.050999	-1.616281	-0.499590	-3.171573	 0.189176	 0.436559	-0.528665	-0.499145	-0.499719
-0.499752	-0.499534	-0.494167	 0.056881	-1.612828	-0.499590	-3.165866	 0.244001	 0.436559	-0.777657	-0.499145	-0.499719
-0.499752	-0.499534	-0.494162	 0.059822	-1.609383	-0.499590	-3.160170	 0.271413	 0.436559	-0.901162	-0.499145	-0.499719
-0.499752	-0.499534	-0.494159	 0.061293	-1.605945	-0.499590	-3.154484	 0.285120	 0.436559	-0.961925	-0.499145	-0.499719
-0.499752	-0.499534	-0.494157	 0.062028	-1.602515	-0.499590	-3.148808	 0.291973	 0.436559	-0.491319	-0.499145	-0.499719
-0.499752	-0.499534	-0.494157	 0.062395	-1.599091	-0.499590	-3.143143	 0.295399	 0.436559	-0.256016	-0.499145	-0.499719
-0.499752	-0.499534	-0.494156	 0.062579	-1.595675	-0.499590	-3.137487	 0.297113	 0.436559	-0.138365	-0.499145	-0.499719
-0.499752	-0.499534	-0.494156	 0.062671	-1.592267	-0.499590	-3.131842	 0.297969	 0.436559	-0.079539	-0.499145	-0.499719
-0.499752	-0.499534	-0.494156	 0.062717	-1.588866	-0.499590	-3.126207	 0.298398	 0.436559	-0.050126	-0.499145	-0.499719
-0.499752	-0.499534	-0.494156	 0.062740	-1.585471	-0.499590	-3.120582	 0.298612	 0.436559	-0.035420	-0.499145	-0.499719
-0.499752	-0.499534	-0.494156	 0.062752	-1.582085	-0.499590	-3.114967	 0.298719	 0.436559	-0.028067	-0.499145	-0.499719
-0.499752	-0.499534	-0.494156	 0.062757	-1.578705	-0.499590	-3.109363	-0.201228	 0.436559	-0.024390	-0.499145	-0.499719
-0.499752	-0.499534	-0.494156	 0.062760	-1.575333	-0.499590	-3.103768	-0.450575	 0.436559	-0.022552	-0.499145	-0.499719
-0.499752	-0.499534	-0.494156	 0.062762	-1.571967	-0.499590	-3.098183	-0.074623	 0.436559	-0.521633	-0.499145	-0.499719
-0.499752	-0.499534	-0.494156	 0.062762	-1.568609	-0.499590	-3.092609	 0.113353	 0.436559	-0.770188	-0.499145	-0.499719
-0.499752	-0.499534	-0.494156	 0.062763	-1.565259	-0.499590	-3.087044	 0.207341	 0.436559	-0.893482	-0.499145	-0.499719
-0.499752	-0.499534	-0.494156	-0.437237	-1.561915	-0.499590	-3.081490	 0.254335	 0.436559	-0.454147	-0.499145	-0.499719
-0.499752	-0.499534	-0.494156	-0.686279	-1.558578	-0.499590	-3.075945	 0.277832	 0.436559	-0.234480	-0.499145	-0.499719
-0.499752	-0.499534	-0.494156	-0.309843	-1.555249	-0.499590	-3.070411	 0.289580	 0.436559	-0.124646	-0.499145	-0.499719
-0.499752	-0.499534	-0.494156	-0.121626	-1.551927	-0.499590	-3.064886	 0.295455	 0.436559	-0.069730	-0.499145	-0.499719
-0.499752	-0.499534	-0.494156	-0.027517	-1.548612	-0.499590	-3.059372	 0.298392	 0.436559	-0.042271	-0.499145	-0.499719
-0.499752	-0.499534	-0.494156	 0.019538	-1.545303	-0.499590	-3.053867	 0.299860	 0.436559	-0.028542	-0.499145	-0.499719
-0.499752	-0.499534	-0.494156	-0.456935	-1.542002	-0.499590	-3.048372	 0.300595	 0.436559	-0.521677	-0.499145	-0.499719
-0.499752	-0.499534	-0.494156	-0.694217	-1.538708	-0.499590	-3.042888	 0.300962	 0.436559	-0.767265	-0.499145	-0.499719
-0.499752	-0.499534	-0.994156	-0.311906	-1.535422	-0.499590	-3.037413	 0.301145	 0.436559	-0.389082	-0.499145	-0.499719
-0.499752	-0.499534	-1.242730	-0.120750	-1.532142	-0.499590	-3.031947	 0.301237	 0.436559	-0.199990	-0.499145	-0.499719
-0.499752	-0.499534	-1.365594	-0.025172	-1.528869	-0.499590	-3.026492	 0.301283	 0.436559	-0.105444	-0.499145	-0.499719
-0.499752	-0.499534	-0.925605	 0.022617	-1.525603	-0.499590	-3.021046	-0.198694	 0.436559	-0.058171	-0.499145	-0.499719
-0.499752	-0.499534	-0.705611	 0.046511	-1.522344	-0.499590	-3.015611	-0.448058	 0.436559	-0.034534	-0.499145	-0.499719
-0.499752	-0.499534	-0.595614	-0.441542	-1.519092	-0.499590	-3.010185	-0.072118	 0.436559	-0.022716	-0.499145	-0.499719
-0.499752	-0.499534	-0.540615	-0.684618	-1.515847	-0.499590	-3.004769	 0.115853	 0.436559	-0.016807	-0.499145	-0.499719
-0.499752	-0.499534	-0.513116	-0.305207	-1.512609	-0.499590	-2.999362	 0.209838	 0.436559	-0.513852	-0.499145	-0.499719
-0.499752	-0.499534	-0.499366	-0.115502	-1.509378	-0.499590	-2.993966	 0.256830	 0.436559	-0.761399	-0.499145	-0.499719
-0.499752	-0.499534	-0.492491	-0.020649	-1.506153	-0.499590	-2.988579	 0.280327	 0.436559	-0.884199	-0.499145	-0.499719
-0.499752	-0.499534	-0.489054	 0.026777	-1.502936	-0.499590	-2.983201	 0.292075	 0.436559	-0.944626	-0.499145	-0.499719
-0.499752	-0.499534	-0.487335	 0.050490	-1.499725	-0.499590	-2.977834	 0.297949	 0.436559	-0.973870	-0.499145	-0.499719
-0.499752	-0.499534	-0.486476	 0.062347	-1.496522	-0.499590	-2.972476	 0.300886	 0.436559	-0.987523	-0.499145	-0.499719
-0.499752	-0.499534	-0.486046	 0.068275	-1.493325	-0.499590	-2.967127	 0.302354	 0.436559	-0.993383	-0.499145	-0.499719
-0.499752	-0.499534	-0.485831	 0.071239	-1.490135	-0.499590	-2.961789	-0.196911	 0.436559	-0.995349	-0.499145	-0.499719
-0.499752	-0.499534	-0.485724	 0.072721	-1.486952	-0.499590	-2.956460	-0.445922	 0.436559	-0.995368	-0.499145	-0.499719
-0.499752	-0.499534	-0.485670	 0.073462	-1.483775	-0.499590	-2.951140	-0.069807	 0.436559	-0.494417	-0.499145	-0.499719
-0.499752	-0.499534	-0.485643	 0.073833	-1.480606	-0.499590	-2.945830	 0.118251	 0.436559	-0.243942	-0.499145	-0.499719
-0.499752	-0.499534	-0.485630	 0.074018	-1.477443	-0.499590	-2.940530	 0.212279	 0.436559	-0.118704	-0.499145	-0.499719
-0.499752	-0.499534	-0.485623	 0.074111	-1.474287	-0.499590	-2.935239	 0.259294	 0.436559	-0.056085	-0.499145	-0.499719
-0.499752	-0.499534	-0.485620	 0.074157	-1.471137	-0.499590	-2.929958	 0.282801	 0.436559	-0.024776	-0.499145	-0.499719
-0.499752	-0.499534	-0.485618	 0.074180	-1.467995	-0.499590	-2.924686	 0.294555	 0.436559	-0.009121	-0.499145	-0.499719
-0.499752	-0.499534	-0.485617	 0.074192	-1.464859	-0.499590	-2.919423	 0.300431	 0.436559	-0.001294	-0.499145	-0.499719
-0.499752	-0.499534	-0.485617	 0.074197	-1.461730	-0.499590	-2.914171	-0.196630	 0.436559	 0.002620	-0.499145	-0.499719
-0.499752	-0.499534	-0.485617	 0.074200	-1.458607	-0.499590	-2.908927	-0.444541	 0.436559	 0.004577	-0.499145	-0.499719
-0.499752	-0.499534	-0.485616	 0.074202	-1.455491	-0.499590	-2.903693	-0.067878	 0.436559	-0.494445	-0.499145	-0.499719
-0.499752	-0.499534	-0.485616	 0.074203	-1.452382	-0.499590	-2.898469	 0.120453	 0.436559	-0.742997	-0.499145	-0.499719
-0.499752	-0.499534	-0.485616	 0.074203	-1.449280	-0.499590	-2.893253	 0.214619	 0.436559	-0.366315	-0.499145	-0.499719
-0.499752	-0.499534	-0.485616	 0.074203	-1.446184	-0.499590	-2.888048	 0.261702	 0.436559	-0.177975	-0.499145	-0.499719
-0.499752	-0.499534	-0.485616	 0.074203	-1.443094	-0.499590	-2.882851	 0.285243	 0.436559	-0.083804	-0.499145	-0.499719
-0.499752	-0.499534	-0.485616	 0.074203	-1.440012	-0.499590	-2.877664	 0.297014	 0.436559	-0.536719	-0.499145	-0.499719
-0.499752	-0.499534	-0.485616	 0.074203	-1.436936	-0.499590	-2.872486	 0.302899	 0.436559	-0.762221	-0.499145	-0.499719
-0.499752	-0.499534	-0.485616	 0.074203	-1.433866	-0.999590	-2.867318	 0.305842	 0.436559	-0.374019	-0.499145	-0.499719
-0.499752	-0.499534	-0.485616	 0.074203	-1.430803	-1.248167	-2.862159	 0.307313	 0.436559	-0.179917	-0.499145	-0.499719
-0.499752	-0.499534	-0.485616	 0.074203	-1.427747	-0.871035	-2.857009	 0.308049	 0.436559	-0.082867	-0.499145	-0.499719
-0.499752	-0.499534	-0.485616	 0.074203	-1.424697	-0.682469	-2.851868	 0.308417	 0.436559	-0.034341	-0.499145	-0.499719
-0.499752	-0.499534	-0.485616	 0.074203	-1.421653	-0.588186	-2.846737	 0.308601	 0.436559	-0.010079	-0.499145	-0.499719
-0.499752	-0.499534	-0.485616	 0.074203	-1.418617	-0.541044	-2.841615	 0.308693	 0.436559	 0.002053	-0.499145	-0.499719
-0.499752	-0.499534	-0.485616	 0.074203	-1.415586	-0.517474	-2.836502	 0.308739	 0.436559	 0.008118	-0.499145	-0.499719
-0.499752	-0.499534	-0.485616	 0.074203	-1.412562	-0.505688	-2.831398	 0.308762	 0.436559	-0.488849	-0.499145	-0.499719
-0.499752	-0.499534	-0.485616	 0.074203	-1.409545	-0.499796	-2.826304	 0.308773	 0.436559	-0.736381	-0.499145	-0.499719
-0.499752	-0.499534	-0.485616	 0.074203	-1.406534	-0.496849	-2.821219	 0.308779	 0.436559	-0.359197	-0.499145	-0.499719
-0.499752	-0.499534	-0.485616	 0.074203	-1.403529	-0.495376	-2.816143	 0.308782	 0.436559	-0.170605	-0.499145	-0.499719
-0.499752	-0.499534	-0.485616	 0.074203	-1.400531	-0.494639	-2.811075	 0.308783	 0.436559	-0.076309	-0.499145	-0.499719
-0.499752	-0.499534	-0.485616	 0.074203	-1.397539	-0.494271	-2.806018	 0.308784	 0.436559	-0.029161	-0.499145	-0.499719
-0.499752	-0.499534	-0.485616	-0.425797	-1.394554	-0.494087	-2.800969	 0.308784	 0.436559	-0.505587	-0.499145	-0.499719
-0.499752	-0.499534	-0.485616	-0.674850	-1.391575	-0.493995	-2.795929	 0.308784	 0.436559	-0.742852	-0.499145	-0.499719
-0.499752	-0.499534	-0.485616	-0.798432	-1.388602	-0.493949	-2.790898	 0.308784	 0.436559	-0.860538	-0.499145	-0.499719
-0.499752	-0.499534	-0.985616	-0.359281	-1.385636	-0.493926	-2.785877	 0.308784	 0.436559	-0.418437	-0.499145	-0.499719
-0.499752	-0.499534	-1.234199	-0.139705	-1.382676	-0.493914	-2.780864	 0.308784	 0.436559	-0.197386	-0.499145	-0.499719
 0.000248	-0.499534	-0.857074	-0.029917	-1.379722	-0.493909	-2.775861	 0.308784	 0.436559	-0.086861	-0.499145	-0.499719
 0.249759	-0.499534	-0.668512	 0.024977	-1.376775	-0.493906	-2.770866	 0.308784	 0.436559	-0.031599	-0.499145	-0.499719
-0.125485	-0.499534	-0.574231	 0.052424	-1.373834	-0.493904	-2.765880	 0.308785	 0.436559	-0.003967	-0.499145	-0.499719
-0.312618	-0.499534	-0.527091	 0.066147	-1.370899	-0.493904	-2.760904	 0.308785	 0.436559	 0.009848	-0.499145	-0.499719
-0.406185	-0.499534	-0.503521	 0.073009	-1.367971	-0.493903	-2.755936	 0.308785	 0.436559	 0.016756	-0.499145	-0.499719
-0.452968	-0.499534	-0.491736	 0.076440	-1.365048	-0.493903	-2.750977	 0.308785	 0.436559	 0.020210	-0.499145	-0.499719
-0.476360	-0.499534	-0.485843	 0.078155	-1.362132	-0.493903	-2.746028	 0.308785	 0.436559	 0.021937	-0.499145	-0.499719
-0.488055	-0.499534	-0.482897	 0.079013	-1.359223	-0.493903	-2.741087	 0.308785	 0.436559	 0.022801	-0.499145	-0.499719
-0.493903	-0.499534	-0.481424	 0.079442	-1.356319	-0.493903	-2.736155	 0.308785	 0.436559	 0.023232	-0.499145	-0.499719
-0.496827	-0.499534	-0.480687	 0.079656	-1.353422	-0.493903	-2.731232	 0.308785	 0.436559	 0.023448	-0.499145	-0.499719
-0.498289	-0.499534	-0.480319	 0.079764	-1.350531	-0.493903	-2.726317	 0.308785	 0.436559	 0.023556	-0.499145	-0.499719
-0.499020	-0.499534	-0.480135	 0.079817	-1.347646	-0.493903	-2.721412	 0.308785	 0.436559	 0.023610	-0.499145	-0.499719
-0.499386	-0.499534	-0.480043	 0.079844	-1.344767	-0.493903	-2.716515	 0.308785	 0.436559	 0.023637	-0.499145	-0.499719
-0.499568	-0.499534	-0.479996	 0.079857	-1.341894	-0.493903	-2.711628	 0.308785	 0.436559	 0.023651	-0.499145	-0.499719
-0.499660	-0.499534	-0.479973	 0.079864	-1.339028	-0.493903	-2.706749	 0.308785	 0.436559	 0.023657	-0.499145	-0.499719
-0.499705	-0.499534	-0.479962	 0.079867	-1.336167	-0.493903	-2.701878	 0.308785	 0.436559	-0.476339	-0.499145	-0.499719
-0.499728	-0.499534	-0.479956	 0.079869	-1.333313	-0.493903	-2.697017	 0.308785	 0.436559	-0.725395	-0.499145	-0.499719
-0.499740	-0.499534	-0.479953	 0.079870	-1.330465	-0.493903	-2.692164	 0.308785	 0.436559	-0.848982	-0.499145	-0.499719
-0.499745	-0.499534	-0.479952	 0.079870	-1.327623	-0.493903	-2.687320	-0.191215	 0.436559	-0.909837	-0.499145	-0.499719
-0.499748	-0.499534	-0.479951	 0.079871	-1.324787	-0.493903	-2.682485	-0.440598	 0.436559	-0.939327	-0.499145	-0.499719
-0.499750	-0.499534	-0.479951	 0.079871	-1.321957	-0.493903	-2.677659	-0.064673	 0.436559	-0.953137	-0.499145	-0.499719
-0.499750	-0.499534	-0.479951	 0.079871	-1.319133	-0.493903	-2.672841	 0.123289	 0.436559	-0.959108	-0.499145	-0.499719
-0.499751	-0.499534	-0.479951	 0.079871	-1.316315	-0.493903	-2.668031	 0.217271	 0.436559	-0.461162	-0.499145	-0.499719
-0.499751	-0.499534	-0.479951	 0.079871	-1.313503	-0.493903	-2.663231	 0.264261	 0.436559	-0.212189	-0.499145	-0.499719
-0.499751	-0.499534	-0.479950	 0.079871	-1.310697	-0.493903	-2.658439	-0.212243	 0.436559	-0.087703	-0.499145	-0.499719
-0.499751	-0.499534	-0.479950	 0.079871	-1.307897	-0.493903	-2.653656	-0.449880	 0.436559	-0.025460	-0.499145	-0.499719
-0.499751	-0.499534	-0.479950	 0.079871	-1.305104	-0.493903	-2.648881	-0.568085	 0.436559	 0.005662	-0.499145	-0.499719
