-1.441208	-4.582391	-0.482610	-0.511009	-4.334110	-0.499307	-2.683575	-0.463669	 0.499772	-4.187195	-1.036012	 0.499374
-1.676193	-4.562614	-0.482610	-0.499219	-4.336571	-0.499307	-2.678724	-0.464128	 0.499772	-4.120036	-1.034042	 0.499374
-1.791819	-4.548780	-0.482610	-0.493324	-4.333166	-0.499307	-2.673893	-0.464357	 0.499772	-4.082544	-1.032076	 0.499374
-1.847770	-4.537924	-0.482610	-0.490377	-3.826840	-0.499307	-2.669076	-0.464472	 0.499772	-4.059893	-1.030113	 0.499374
-1.873885	-4.528564	-0.482610	-0.488903	-3.570130	-0.499307	-2.664271	-0.464529	 0.499772	-4.044670	-1.028155	 0.499374
-1.385088	-4.519959	-0.482610	-0.488166	-3.938236	-0.499307	-2.659475	-0.464558	 0.499772	-4.033168	-1.026200	 0.499374
-1.139813	-4.511739	-0.482610	-0.487797	-4.117689	-0.499307	-2.654689	-0.464572	 0.499772	-4.023535	-1.024248	 0.499374
-1.516303	-4.503717	-0.482610	-0.487613	-3.702826	-0.499307	-2.649913	-0.464579	 0.499772	-4.514844	-1.022301	 0.499374
-1.702699	-4.495802	-0.482610	-0.487521	-3.491883	-0.499307	-2.645144	-0.464583	 0.499772	-4.755665	-1.020357	 0.499374
-1.294052	-4.487946	-0.482610	-0.487475	-3.882907	-0.499307	-2.640385	-0.464585	 0.499772	-4.871252	-1.018416	 0.499374
-1.088863	-4.480127	-0.482610	-0.487452	-4.073854	-0.499307	-2.635634	-0.464585	 0.499772	-4.924231	-1.016480	 0.499374
-0.985406	-4.472334	-0.482610	-0.487440	-4.164772	-0.499307	-2.630892	-0.464586	 0.499772	-4.945916	-1.014547	 0.499374
-0.932816	-4.464559	-0.482610	-0.487435	-4.205686	-0.499307	-2.626158	-0.464586	 0.499772	-4.951963	-1.012618	 0.499374
-0.905662	-4.456801	-0.482610	-0.487432	-4.221607	-0.499307	-2.621433	-0.464586	 0.499772	-4.950200	-1.010692	 0.499374
-1.391226	-4.449058	-0.482610	-0.487430	-3.725042	-0.499307	-2.616716	 0.035414	 0.499772	-4.944541	-1.008771	 0.499374
-1.632176	-4.441330	-0.482610	-0.487430	-3.473311	-0.499307	-2.612008	 0.284935	 0.499772	-4.936944	-1.006852	 0.499374
-1.250821	-4.433615	-0.482610	-0.487429	-3.844004	-0.499307	-3.107308	-0.090781	 0.499772	-4.428387	-1.004938	 0.499374
-1.059294	-4.425913	-0.482610	-0.487429	-4.024849	-0.499307	-3.351717	-0.278639	 0.499772	-4.170324	-1.003027	 0.499374
-1.462684	-4.918225	-0.482610	-0.487429	-4.110780	-0.499307	-2.970687	 0.127432	 0.499772	-4.537516	-1.001120	 0.999374
-1.662556	-5.159682	-0.482610	-0.487429	-4.149263	-0.499307	-2.777842	 0.329990	 0.499772	-4.716377	-0.999216	 1.248098
-1.760673	-5.275719	-0.482610	-0.487429	-4.164031	-0.499307	-2.679093	 0.430794	 0.499772	-4.801081	-0.997316	 1.371187
-1.307916	-4.829055	-0.482610	-0.487429	-4.166952	-0.499307	-2.627398	-0.019279	 0.499772	-4.838717	-0.995420	 0.931460
-1.080702	-4.601917	-0.482610	-0.487429	-4.163959	-0.499307	-2.599233	-0.244315	 0.499772	-4.852827	-0.993527	 0.711596
-1.466262	-4.484549	-0.482610	-0.487429	-4.158018	-0.499307	-2.582838	-0.356834	 0.499772	-4.855184	-0.991638	 0.601664
-1.657233	-4.422071	-0.482610	-0.487429	-4.150613	-0.499307	-2.572331	-0.413093	 0.499772	-4.851673	-0.989752	 0.546698
-1.750914	-4.387046	-0.482610	-0.487429	-3.642485	-0.499307	-2.564773	-0.441222	 0.499772	-4.845237	-0.987870	 0.519215
-1.795953	-4.365754	-0.482610	-0.487429	-3.385073	-0.499307	-2.558693	-0.455287	 0.499772	-4.837348	-0.985991	 0.505474
-1.816674	-4.351335	-0.482610	-0.487429	-3.753027	-0.499307	-2.553357	-0.462319	 0.499772	-4.328741	-0.984117	 0.498603
-1.825240	-4.340358	-0.482610	-0.487429	-3.932602	-0.499307	-2.548397	-0.465836	 0.499772	-4.070749	-0.982245	 0.495168
-1.827732	-4.331110	-0.482610	-0.487429	-4.017997	-0.499307	-3.043628	-0.467594	 0.499772	-4.438073	-0.980377	 0.493450
-1.827191	-4.322732	-0.482610	-0.487429	-4.056312	-0.499307	-3.288060	-0.468473	 0.499772	-4.617096	-0.978513	 0.492591
-1.825136	-4.314796	-0.482610	-0.487429	-4.071096	-0.499307	-3.407098	-0.468912	 0.499772	-4.701977	-0.976653	 0.492162
-1.322328	-4.307088	-0.482610	-0.487429	-4.074124	-0.499307	-2.963445	-0.469132	 0.499772	-4.239796	-0.974796	 0.491947
-1.070124	-4.299499	-0.482610	-0.487429	-4.071284	-0.499307	-2.739352	-0.469242	 0.499772	-4.005059	-0.972942	 0.491840
-1.443223	-4.791978	-0.482610	-0.487429	-4.065518	-0.499307	-2.625042	-0.469297	 0.999772	-3.884051	-0.971092	 0.991786
-1.627998	-5.033627	-0.482610	-0.487429	-4.058299	-0.499307	-2.565628	-0.469324	 1.248254	-3.819914	-0.969245	 1.240490
-1.218616	-4.649870	-0.482610	-0.487429	-4.050362	-0.499307	-2.533667	 0.030662	 0.870981	-3.784220	-0.967402	 0.863575
-1.013134	-4.454287	-0.482610	-0.487429	-4.042076	-0.499307	-2.515436	 0.280181	 0.682344	-3.762754	-0.965563	 0.675117
-0.909604	-4.352796	-0.482610	-0.487429	-3.533625	-0.499307	-2.504073	 0.404468	 0.588025	-3.748409	-0.963727	 1.080889
-0.857052	-4.298359	-0.482610	-0.487429	-3.276168	-0.499307	-2.496150	 0.466138	 0.540866	-3.737632	-0.961894	 1.282509
-0.829991	-4.267454	-0.482610	-0.487429	-3.144216	-0.499307	-2.489949	 0.496502	 0.517286	-3.728645	-0.960065	 1.382057
-0.815676	-4.248322	-0.482610	-0.487429	-3.075022	-0.499307	-2.484615	 0.511214	 0.505497	-3.720561	-0.958240	 1.430570
-0.807735	-4.235083	-0.482610	-0.487429	-3.037215	-0.499307	-2.479717	 0.518100	 0.499602	-3.712935	-0.956417	 1.453568
-0.802984	-4.224797	-0.482610	-0.487429	-3.015107	-0.499307	-2.475042	 0.521074	 0.496654	-3.705545	-0.954599	 1.463811
-0.799829	-4.215993	-0.482610	-0.487429	-3.000857	-0.499307	-2.470481	 0.522093	 0.495181	-3.698280	-0.952784	 1.467678
-0.797473	-4.207938	-0.482610	-0.487429	-2.490542	 0.000693	-1.965983	 0.522135	 0.994444	-3.691084	-0.950972	 1.468360
-0.795519	-4.200262	-0.482610	-0.487429	-2.233269	 0.250217	-1.712419	 0.521690	 1.242563	-3.683930	-0.949164	 1.467450
-0.793767	-3.692783	 0.017390	 0.012571	-1.102522	 0.374980	-0.584324	 1.021001	 1.365115	-2.676803	 0.052641	 1.465748
-0.792117	-3.436277	 0.266896	 0.262047	-0.537149	 0.437361	-0.020766	 1.269299	 1.424885	-2.171628	 0.552541	 1.463651
-0.790520	-3.305262	 0.391157	 0.386262	-0.254462	 0.468552	 0.260524	 1.392092	 1.453267	-1.917432	 0.801490	 1.461359
 0.211049	 1.263002	 0.952795	 1.447848	 4.886881	 0.984147	 3.400682	 1.952136	 1.465959	 2.711272	 1.924966	 1.458972
 0.710649	 3.542069	 1.232169	 1.976075	 7.446842	 1.240521	 4.964877	 2.229914	 1.470808	 5.018538	 2.483806	 1.456539
 1.959267	 6.676547	 1.370413	 2.237628	 10.216134	 1.367288	 7.241100	 1.866563	 0.971739	 11.665099	 3.260333	 0.954085
 2.580443	 8.235265	 1.438095	 2.365849	 11.586911	 1.429254	 8.370650	 1.683544	 0.722204	 14.970702	 3.644759	 0.702858
 4.387904	 14.506118	 0.970499	 1.927410	 15.758459	 1.458821	 11.426878	 1.090695	-0.402563	 20.105859	 4.333140	-0.422755
 5.285584	 17.623500	 0.736222	 1.706668	 17.822946	 1.472193	 12.941962	 0.794270	-0.963401	 22.649071	 4.672557	-0.984245
 6.228385	 22.164177	 0.618604	 1.594778	 20.833949	 1.477469	 14.686498	 0.646058	-1.742277	 25.896356	 4.837500	-1.263674
 6.692782	 24.411322	 0.559316	 1.537317	 22.313981	 1.478700	 15.543984	 0.571952	-2.129163	 27.491864	 4.915216	-1.402076
 6.917990	 25.511741	 0.529196	 1.507073	 23.028583	 1.477911	 15.957972	 0.534899	-2.320060	 28.261538	 4.949327	-1.469966
 7.523618	 28.038838	 0.514135	 1.490441	 24.360525	 1.476115	 16.650237	 0.516372	-2.412967	 29.618348	 5.461644	-2.002603
 7.818492	 29.275839	 0.506605	 1.480619	 24.999054	 1.473817	 16.980767	 0.507109	-2.456884	 30.266850	 5.712123	-2.266764
 7.958005	 30.867839	 0.002840	 1.474204	 25.790935	 1.471272	 17.630458	 0.502477	-2.476312	 31.061256	 5.831693	-1.896691
 8.019854	 31.635647	-0.248565	 1.469495	 26.158483	 1.468606	 17.938858	 0.500161	-2.483500	 31.427706	 5.885820	-1.710356
 8.042885	 31.991409	-0.374267	 1.465644	 26.313925	 1.465882	 18.076642	 0.499003	-2.484573	 31.580238	 5.907236	-1.615891
 8.046523	 32.141195	-0.437118	 1.462223	 26.363374	 1.463131	 18.129148	 0.498424	-2.482594	 31.625869	 5.912308	-1.567365
 7.540479	 32.188044	-0.468543	 1.459022	 26.859888	 1.460370	 18.139044	 0.498135	-2.479094	 31.618110	 5.909217	-2.041809
 7.280587	 32.183471	-0.484256	 1.455932	 27.078926	 1.457606	 18.127664	 0.497990	-2.474838	 31.583714	 5.902057	-2.276890
 7.143785	 32.153237	-0.492113	 1.452902	 27.159288	 1.454844	 18.105676	 0.497918	-2.470210	 31.536059	 5.892872	-2.392294
 7.068540	 32.110221	-0.496041	 1.449905	 26.670375	 1.452085	 18.078413	 0.497882	-2.465400	 30.981833	 5.882685	-2.447862
 7.024088	 32.060862	-0.498005	 1.446927	 26.397955	 1.449330	 18.048542	 0.497864	-2.460505	 30.675345	 5.872009	-2.473516
 6.995045	 32.008381	-0.498987	 1.443962	 26.233840	 1.446580	 18.017396	 0.497855	-2.455572	 30.992784	 5.861098	-2.484216
 6.973720	 31.954386	-0.499478	 1.441006	 26.123938	 1.443834	 17.985642	 0.497850	-2.450625	 31.121277	 5.850080	-2.487444
 6.956267	 31.399682	 0.000277	 1.438057	 26.041202	 1.441094	 17.953613	 0.497848	-2.445677	 30.655355	 5.839020	-1.986938
 6.940764	 31.095541	 0.249677	 1.435116	 25.972108	 1.438359	 17.921476	 0.497847	-2.440732	 30.393250	 5.827949	-1.735421
 6.926249	 30.916728	-0.125623	 1.432181	 25.909894	 1.435629	 17.889313	 0.497846	-2.935795	 30.733109	 5.816883	-1.608399
 6.912241	 30.800625	-0.312795	 1.429252	 25.851180	 1.432905	 17.857166	 0.497846	-3.179854	 30.873042	 5.805830	-1.543628
 6.898500	 30.715924	-0.406381	 1.426330	 25.794274	 1.430185	 17.825057	 0.497846	-3.298418	 30.913068	 5.794794	-1.509985
 6.884906	 31.146970	-0.453174	 1.423413	 25.738332	 1.427471	 17.292995	 0.497846	-2.854241	 30.903200	 5.783777	-1.491906
 6.871397	 31.335067	-0.476571	 1.420502	 25.682929	 1.424761	 17.011885	 0.497846	-2.629714	 30.868442	 5.772780	-1.481613
 6.857945	 30.901737	 0.011731	 1.417598	 25.627856	 1.422057	 17.356279	 0.497846	-2.515016	 30.821296	 5.761804	-1.475215
 6.844535	 30.658610	 0.255405	 1.414699	 25.573005	 1.419358	 17.512551	 0.497846	-2.455238	 30.768015	 5.750848	-1.470766
 6.831158	 30.510630	-0.122759	 1.411806	 25.518324	 1.416665	 17.574792	 0.497846	-2.422924	 30.711722	 5.739913	-1.467294
 6.817811	 30.410270	-0.311362	 1.408919	 25.463787	 1.413976	 17.590045	 0.497846	-2.404348	 30.653982	 5.728998	-1.464313
 6.804492	 30.333765	-0.405664	 1.406038	 25.409378	 1.411292	 17.581833	 0.497846	-2.392645	 30.095575	 5.718104	-1.461578
 6.791199	 30.269234	-0.452815	 1.403163	 25.355093	 1.408614	 17.561917	 0.497846	-2.384384	 29.787856	 5.707231	-1.458970
 6.777934	 30.210736	-0.476390	 1.400294	 25.300927	 1.405940	 17.536178	 0.497846	-2.377848	 29.605537	 5.696379	-1.456427
 6.764694	 30.155299	-0.488178	 1.397431	 25.246878	 1.403272	 17.507555	 0.497846	-2.372181	 29.485973	 5.685547	-1.453918
 6.751480	 30.101438	-0.494072	 1.394573	 25.192946	 1.400609	 17.477519	 0.497846	-2.366952	 29.397841	 5.674736	-1.451429
 6.738293	 30.048411	-0.497019	 1.391722	 25.139129	 1.397950	 17.446804	 0.497846	-2.361947	 29.325480	 5.663945	-1.448951
 6.725131	 29.995846	-0.498492	 1.388876	 25.085427	 1.395297	 17.415779	 0.497846	-2.357059	 29.261059	 5.653175	-1.446482
 6.711994	 29.943558	-0.499229	 1.386036	 25.031841	 1.392649	 17.384626	 0.497846	-2.352235	 29.200663	 5.142426	-1.444019
 6.698884	 29.891453	-0.499597	 1.383202	 24.978368	 1.390006	 17.353438	 0.497846	-2.347446	 29.142333	 4.882647	-1.441560
 6.685799	 29.839484	-0.499781	 1.380373	 24.925010	 1.387368	 17.322260	 0.497846	-1.842681	 29.085091	 5.248363	-1.439107
 6.672739	 29.787629	-0.499873	 1.377551	 24.871766	 1.384735	 17.291115	 0.497846	-1.588945	 29.028446	 5.425883	-1.436658
 6.659705	 29.735876	-0.499920	 1.374734	 24.818636	 1.382107	 17.260015	 0.497846	-1.960725	 28.972155	 5.509316	-1.434213
 6.646697	 29.684218	-0.499943	 1.371923	 24.765619	 1.379483	 17.228965	 0.497846	-2.144255	 28.916095	 5.545715	-1.431772
 6.633714	 29.632653	-0.499954	 1.369118	 24.712715	 1.376865	 17.197968	 0.497846	-2.233663	 28.860204	 5.558607	-1.429336
 6.620756	 29.581179	 0.000040	 1.366318	 24.659925	 1.374252	 17.167025	 0.497846	-2.276017	 28.804451	 5.559756	-1.426903
 6.607824	 29.529795	 0.249560	 1.363524	 24.607247	 1.371644	 17.136138	 0.497846	-2.294847	 28.748821	 5.555043	-1.424475
 6.594917	 29.978501	 0.374320	 1.360736	 24.554682	 1.369041	 17.105305	 0.497846	-2.301920	 28.693306	 5.047410	-1.422051
 6.582035	 30.176427	 0.436700	 1.357954	 24.502229	 1.366442	 17.074528	 0.497846	-2.303120	 28.637902	 4.789277	-1.419631
 6.569178	 27.749010	 0.467890	 1.355177	 23.449888	 1.363849	 15.543806	 0.497846	-1.801388	 25.582607	 4.655903	-0.917215
 6.556347	 26.513309	 0.483485	 1.352406	 22.899795	 1.361260	 14.765839	 0.497846	-1.549206	 24.033212	 4.584916	-0.666008
 6.043540	 22.373505	 0.491282	 1.349640	 19.100877	 1.358677	 12.364271	 0.497846	-0.921803	 19.236809	 3.545130	 0.459596
 5.781735	 20.287766	 0.495181	 1.346881	 17.185074	 1.356098	 11.154524	 0.497846	-0.608101	 16.824667	 3.022856	 1.021050
 5.645442	 19.229088	 0.497131	 1.344126	 16.210864	 1.353524	 10.540704	 0.497846	-0.451250	 15.604682	 2.759341	 1.300430
 5.071914	 13.683968	 0.498105	 1.341378	 11.707485	 1.350956	 8.224863	 0.997846	 0.127175	 11.480803	 2.625211	 1.438776
 4.780757	 10.904340	 0.498593	 1.338635	 9.448101	 1.348391	 7.061627	 1.246508	 0.415674	 9.411761	 2.555777	 1.506607
 3.630794	 7.007469	 0.498836	 0.835898	 4.810730	 1.345832	 3.474702	 0.869503	 0.559211	 1.870152	 1.018697	 1.539183
 3.053389	 5.056332	 0.498958	 0.584529	 2.492045	 1.343278	 1.681240	 0.681001	 0.630268	-1.895178	 0.250649	 1.554133
 1.262269	-0.421934	-0.000981	-0.041155	-1.167297	 0.840729	-0.715491	 0.086750	 0.165086	-4.272378	-0.632883	 1.060274
 0.367225	-3.155942	-0.250472	-0.353315	-2.991813	 0.589454	-1.911057	-0.209923	-0.067504	-5.454559	-1.073207	 0.812862
-0.079781	-5.017831	-0.375218	-0.508715	-4.398927	-0.036183	-3.006045	-0.357806	-0.183800	-6.039242	-1.291930	 0.688675
-0.302770	-5.942800	-0.437591	-0.585736	-5.096283	-0.348374	-3.549849	-0.431296	-0.241947	-6.325189	-1.399855	 0.626101
-0.413751	-6.399320	-0.468777	-0.623569	-5.438772	-0.503843	-3.818069	-0.467590	-0.271021	-6.461780	-1.452384	 0.594335
-0.968729	-6.621625	-0.484371	-0.641809	-5.603842	-0.580951	-3.948502	-0.485287	-0.285558	-7.023706	-1.477218	 0.577973
-1.244729	-6.726834	-0.492167	-0.650254	-5.680216	-0.618881	-4.010050	-0.493687	-0.292827	-7.297346	-1.488207	 0.569314
-0.881245	-6.773505	-0.496066	-0.653804	-6.212254	-0.637223	-4.037160	-0.497438	-0.296461	-7.426857	-1.492276	 0.564508
-0.698997	-6.790917	-0.498015	-0.654906	-6.471069	-0.645771	-4.047059	-0.498866	-0.298278	-7.484318	-1.492888	 0.561628
-1.107368	-7.293709	-0.498989	-0.654787	-6.593289	-0.649425	-4.048359	-0.499133	-0.299186	-7.505767	-1.491774	 0.559713
-1.310073	-7.538334	-0.499477	-0.654058	-6.647226	-0.650632	-4.045365	-0.499266	-0.299641	-7.509225	-1.489799	 0.558281
-1.409948	-7.653887	-0.499720	-0.653025	-6.667037	-0.650617	-4.540232	-0.999333	-0.299868	-8.003702	-1.487398	 0.557091
-1.458411	-7.704916	-0.499842	-0.651842	-6.669801	-0.649992	-4.783136	-1.248027	-0.299981	-8.242736	-1.484785	 0.556023
-1.481171	-7.723694	-0.499903	-0.650586	-6.664056	-0.649063	-4.900066	-1.371037	-0.300038	-8.354065	-1.482069	 0.555017
-1.491082	-7.726359	-0.499933	-0.649293	-5.654071	 0.352016	-4.954017	-1.431208	-0.300067	-7.901557	-0.979305	 1.054042
-1.494572	-7.720978	-0.499949	-0.647985	-5.144119	 0.851272	-4.976488	-1.459961	-0.300081	-7.668112	-0.727923	 1.302234
-1.494854	-8.211587	-0.499956	-0.646669	-5.884193	 0.099618	-5.483226	-0.973008	-0.300088	-7.544212	-1.102232	 0.925010
-1.493534	-8.449333	-0.499960	-0.645352	-6.247155	-0.275590	-5.731206	-0.729531	-0.300091	-7.475099	-1.287983	 0.735932
-1.491417	-8.060662	-0.499962	-0.644035	-6.421576	-0.462576	-5.349817	-0.607793	-0.300093	-7.433392	-1.379457	 0.640928
-1.488904	-7.859663	-0.499963	-0.642719	-6.501741	-0.555453	-5.154652	-0.546923	-0.300094	-7.405403	-1.423795	 0.592962
-1.486196	-7.752512	-0.499963	-0.641405	-6.534793	-0.601276	-5.052608	-0.516489	-0.300095	-7.384287	-1.444569	 0.568515
-1.483393	-7.692296	-0.499964	-0.640094	-6.544305	-0.623574	-4.997133	-0.501272	-0.300095	-7.366620	-1.453562	 0.555828
-1.480545	-7.655560	-0.499964	-0.638785	-6.542060	-0.634110	-4.964949	-0.493663	-0.300095	-7.350692	-1.456669	 0.549023
-1.477678	-7.630574	-0.499964	-0.637479	-6.533953	-0.638766	-4.944420	-0.989859	-0.300095	-7.335648	-1.456834	 0.545159
-1.474805	-7.611476	-0.499964	-0.636176	-6.522929	-0.640483	-4.929725	-1.236629	-0.300095	-7.321058	-1.455531	 0.542766
-1.471930	-7.595333	-0.499964	-0.634875	-6.510462	-0.640733	-4.917956	-0.858689	-0.300095	-7.806710	-1.453497	 0.541110
-1.469058	-7.580679	-0.499964	-0.633577	-6.497288	-0.640249	-4.907658	-0.669719	-0.300095	-8.041530	-1.451100	 0.539823
-1.466190	-7.566781	-0.499964	-0.632281	-6.483775	-0.639400	-4.898103	-0.575234	-0.300095	-7.650951	-1.448524	 0.538721
-1.463327	-7.553272	-0.499964	-0.630988	-6.470108	-0.638370	-4.888927	-0.527992	-0.300095	-7.448652	-1.445862	 0.537713
-1.460469	-7.539969	-0.499964	-0.629698	-6.456379	-0.637250	-4.879950	-0.504371	 0.199905	-7.340507	-1.443158	 0.536752
-1.457616	-7.526780	-0.499964	-0.628410	-6.442633	-0.636086	-4.871079	-0.492560	 0.449197	-7.279452	-1.440437	 0.535816
-1.454769	-7.513661	-0.499964	-0.627125	-6.428893	-0.634902	-4.862269	-0.486655	 0.573136	-7.241956	-1.437709	 0.534893
-1.951928	-7.500586	-0.499964	-0.625843	-6.415171	-0.633708	-4.853498	-0.483702	 0.634399	-7.216254	-1.434981	 0.533977
-2.198115	-7.487546	-0.499964	-0.624563	-6.401473	-0.632511	-4.844753	-0.482226	 0.664327	-7.196460	-1.432256	 0.533065
-1.818822	-7.474534	-0.499964	-0.623286	-6.387801	-0.631314	-4.836031	-0.481488	 0.178589	-7.679636	-1.429534	 0.532157
-1.627769	-7.461548	-0.499964	-0.622012	-6.374157	-0.630117	-4.827326	-0.481119	-0.064281	-7.913343	-1.426816	 0.531251
-2.030839	-7.448586	-0.499964	-0.620740	-6.360542	-0.628922	-4.818639	-0.980934	-0.185715	-7.522332	-1.424103	 0.530346
-2.229997	-7.435647	-0.499964	-0.619470	-6.346955	-0.627728	-4.809969	-1.229519	-0.246433	-7.319941	-1.421396	 0.529443
-1.827204	-7.422730	-0.499964	-0.618204	-6.333397	-0.626537	-4.301314	-0.852491	 0.223209	-7.711875	-1.418693	 0.528542
-1.624416	-7.409837	-0.499964	-0.616940	-6.319868	-0.625348	-4.043574	-0.663977	 0.457328	-7.900019	-1.415995	 0.527643
-1.521634	-7.396966	-0.499964	-0.615678	-6.306368	-0.624161	-3.911299	-0.569720	 0.573688	-7.986282	-1.413303	 0.526745
-1.468857	-7.384117	-0.499964	-0.614419	-6.292896	-0.622977	-3.841761	-0.522592	 0.131169	-8.021621	-1.410615	 0.525849
-1.441086	-7.371291	-0.499964	-0.613163	-6.279453	-0.621794	-3.803599	-0.499028	-0.090090	-8.031512	-1.407933	 0.524954
-1.425819	-7.358486	-0.499964	-0.611909	-6.266039	-0.620614	-3.781130	-0.487246	-0.700719	-7.528695	-1.405256	 0.524061
-1.416809	-7.345705	-0.499964	-0.610658	-6.252654	-0.619436	-3.766514	-0.481355	-1.004707	-7.270504	-1.402584	 0.523169
-1.910929	-7.332945	-0.499964	-0.609409	-6.239297	-0.618261	-4.255831	-0.478409	-0.655376	-7.134638	-1.399917	 0.522278
-2.155640	-7.320207	-0.499964	-0.608163	-6.225969	-0.617087	-4.496220	-0.476936	-0.480711	-7.059949	-1.397255	 0.521390
-1.775651	-7.307492	-0.499964	-0.606919	-6.212670	-0.615916	-4.612154	-0.476200	 0.106622	-7.015861	-1.394598	 0.520502
-1.584293	-7.294799	-0.499964	-0.605678	-6.199398	-0.614747	-4.665867	-0.475832	 0.399586	-6.987087	-1.391946	 0.519617
-1.487254	-7.282127	-0.499964	-0.604440	-6.186155	-0.613580	-4.688477	-0.475648	 0.545367	-6.965982	-1.389299	 0.518733
-1.437377	-7.269478	-0.499964	-0.603204	-6.172941	-0.612416	-4.695544	-0.975556	 0.117558	-6.948725	-1.386657	 0.517850
-1.411083	-7.256851	-0.499964	-0.601970	-6.159754	-0.611254	-4.694847	-1.224192	-0.096347	-6.933405	-1.384021	 0.516969
-1.396584	-7.244246	-0.499964	-0.600740	-6.146596	-0.610093	-4.690276	-0.847194	-0.203299	-6.919067	-1.381389	 0.516089
-1.387984	-7.231662	-0.499964	-0.599511	-6.133466	-0.608936	-4.683774	-0.658695	-0.256775	-6.905232	-1.378762	 0.515211
-1.382337	-7.219101	-0.499964	-0.598285	-6.120364	-0.607780	-4.176316	-0.564446	 0.216487	-6.891661	-1.376140	 0.514334
-1.378169	-7.206561	-0.499964	-0.597062	-6.107289	-0.606626	-3.919286	-0.517321	 0.452420	-6.878236	-1.373524	 0.513459
-1.374743	-7.194043	-0.499964	-0.595841	-6.094243	-0.605475	-3.787476	-0.493759	 0.569690	-6.864896	-1.370912	 0.512585
-1.371691	-7.181547	-0.499964	-0.594623	-6.081225	-0.604326	-3.718283	-0.481978	 0.627629	-6.851612	-1.368305	 0.511713
-1.868828	-7.169072	-0.499964	-0.593407	-6.068234	-0.603179	-4.180403	-0.476087	 0.655905	-6.838368	-1.365703	 0.510842
-2.115086	-7.156619	-0.499964	-0.592193	-6.055272	-0.602034	-4.407287	-0.473142	 0.669351	-6.825158	-1.363106	 0.509973
-2.235909	-7.144188	-0.499964	-0.590982	-6.042336	-0.600891	-4.516559	-0.471669	 0.675382	-6.811976	-1.360514	 0.509105
-2.294018	-7.131778	-0.499964	-0.589774	-6.029429	-0.599751	-4.567034	-0.470933	 0.677709	-6.798822	-1.357927	 0.508238
-2.320776	-7.119390	-0.499964	-0.588568	-6.016549	-0.598613	-4.588117	-0.470565	 0.678183	-6.785694	-1.355345	 0.507374
-1.831862	-7.107024	-0.499964	-0.587365	-6.003697	-0.597477	-4.594512	-0.970381	 0.177734	-7.272592	-1.352768	 0.506510
-1.586094	-7.094679	-0.499964	-0.586163	-5.990872	-0.596343	-4.593571	-1.218975	-0.072491	-7.508550	-1.350196	 0.505648
-1.461900	-7.082355	-0.499964	-0.584965	-5.978074	-0.595211	-4.588968	-0.841962	 0.302397	-7.119052	-1.347628	 0.504788
-1.398497	-7.070053	-0.499964	-0.583769	-5.965304	-0.594081	-4.582542	-0.653455	 0.489155	-6.917807	-1.345066	 0.503929
-1.865492	-7.057772	-0.499964	-0.582575	-5.952561	-0.592954	-4.075213	-0.559202	 0.081850	-6.810700	-1.342508	 0.503071
-2.096711	-7.045513	-0.499964	-0.581384	-5.939845	-0.591828	-3.818338	-0.512075	-0.121802	-6.750676	-1.339955	 0.502215
-2.210047	-7.033274	-0.499964	-0.580195	-5.927157	-0.590705	-3.686697	-0.488512	-0.223628	-6.714204	-1.337407	 0.501361
-1.764446	-7.021057	-0.499964	-0.579009	-5.914496	-0.589584	-4.117678	-0.476730	 0.225459	-6.689522	-1.334864	 0.500507
-1.540357	-7.008862	-0.499964	-0.577825	-5.901861	-0.588465	-4.329076	-0.470839	 0.449319	-6.670746	-1.332326	 0.500081
-1.927027	-6.996687	-0.499964	-0.576643	-5.889254	-0.587348	-4.430691	-0.467894	 0.560568	-6.654937	-1.329792	 0.499868
-2.118103	-6.984534	-0.499964	-0.575464	-5.876673	-0.586233	-4.477420	-0.466421	 0.615513	-6.640623	-1.327264	 0.499761
-1.711385	-6.972401	-0.499964	-0.574287	-5.864120	-0.585121	-4.496715	-0.465685	 0.142307	-6.627069	-1.324740	 0.499708
-1.506752	-6.960290	-0.499964	-0.573113	-5.851593	-0.584010	-4.502300	-0.465316	-0.094297	-6.613908	-1.322221	 0.499681
-1.903164	-6.948200	-0.499964	-0.571941	-5.839093	-0.582902	-4.501036	-0.465132	 0.287402	-6.600955	-1.319707	 0.499668
-2.099124	-6.936131	-0.499964	-0.570772	-5.826620	-0.581796	-4.496357	-0.465040	 0.477574	-6.588118	-1.317197	 0.499661
-2.194862	-6.924082	-0.499964	-0.569604	-5.814173	-0.580691	-4.489976	-0.464994	 0.571984	-6.575352	-1.314693	 0.499658
-2.240494	-6.912055	-0.499964	-0.568440	-5.801753	-0.579589	-4.482752	-0.464971	 0.618515	-6.562634	-1.312193	 0.499656
-2.261078	-6.900049	-0.499964	-0.567277	-5.789359	-0.578489	-4.475114	-0.464960	 0.641107	-6.549951	-1.309698	 0.499655
-1.769141	-6.888063	-0.499964	-0.566117	-5.776992	-0.577391	-3.967275	-0.464954	 0.651731	-6.537299	-1.307207	 0.499655
-1.521925	-6.876098	-0.499964	-0.564960	-5.764652	-0.576295	-3.710244	-0.464951	 0.656373	-6.524674	-1.304722	 0.499654
-1.397072	-6.864155	-0.499964	-0.563805	-5.752337	-0.575202	-3.578621	-0.464950	 0.658025	-6.512075	-1.302241	 0.499654
-1.333404	-6.852231	-0.499964	-0.562652	-5.740050	-0.574110	-3.509709	-0.464949	 0.658183	-6.499501	-1.299764	 0.499654
-1.800329	-6.840329	-0.499964	-0.561501	-5.727788	-0.573020	-3.472158	-0.464949	 0.657596	-6.486952	-1.297293	 0.499654
-2.031577	-6.828447	-0.499964	-0.560353	-5.715552	-0.571933	-3.450292	-0.464948	 0.656638	-6.474427	-1.294826	 0.499654
-2.144992	-6.816586	-0.499964	-0.559207	-5.703343	-0.570847	-3.436275	-0.464948	 0.655495	-6.461926	-1.292364	 0.499654
-2.199493	-6.804745	-0.499964	-0.558064	-5.691160	-0.569764	-3.926187	-0.464948	 0.654261	-6.449450	-1.289906	 0.499654
-2.224542	-6.792925	-0.499964	-0.556923	-5.679002	-0.568683	-4.167171	-0.464948	 0.652983	-6.436997	-1.287454	 0.499654
-1.734870	-6.781126	-0.499964	-0.555784	-5.666871	-0.567603	-3.783697	-0.464948	 0.651685	-6.424569	-1.285006	 0.499654
-1.488818	-6.769347	-0.499964	-0.554647	-5.654766	-0.566526	-3.588901	-0.464948	 0.650377	-6.412164	-1.282562	 0.499654
-1.864578	-6.757588	-0.499964	-0.553513	-5.642686	-0.565451	-3.488449	-0.464948	 0.649067	-6.399784	-1.280123	 0.499654
-2.050270	-6.745850	-0.499964	-0.552381	-5.630632	-0.564378	-3.435175	-0.464948	 0.647756	-6.387428	-1.277689	 0.499654
-1.640932	-6.734132	-0.499964	-0.551252	-5.618604	-0.563306	-3.905496	-0.464948	 0.146446	-6.375095	-1.275260	 0.499654
-1.435060	-6.722435	-0.499964	-0.550125	-5.606602	-0.562237	-4.136720	-0.464948	-0.104209	-6.362786	-1.272835	 0.499654
-1.330924	-6.710758	-0.499964	-0.549000	-5.594625	-0.561170	-4.248402	-0.464948	-0.229536	-6.350501	-1.270414	 0.499654
-1.277658	-6.699101	-0.499964	-0.547877	-5.582674	-0.560105	-4.300320	-0.464948	-0.292200	-6.338240	-1.267999	 0.499654
-1.249829	-6.687465	-0.499964	-0.546757	-5.570749	-0.559042	-4.322364	-0.464948	-0.323532	-6.326002	-1.265587	 0.499654
-1.734721	-6.675849	-0.499964	-0.545639	-5.558849	-0.557981	-4.329478	-0.464948	 0.160802	-6.313788	-1.263181	 0.499654
-1.974999	-6.664252	-0.499964	-0.544523	-5.546974	-0.556922	-4.329133	-0.464948	 0.402316	-6.301597	-1.260779	 0.499654
-2.092974	-6.652676	-0.499964	-0.543410	-5.535125	-0.555865	-3.825067	-0.464948	 0.522422	-6.289431	-1.258382	 0.499654
-2.149803	-6.641121	-0.499964	-0.542298	-5.523301	-0.554810	-3.570046	-0.464948	 0.581824	-6.277287	-1.255989	 0.499654
-2.176062	-6.629585	-0.499964	-0.541190	-5.511502	-0.553757	-3.939553	-0.464948	 0.110876	-6.265167	-1.253600	 0.499654
-2.187041	-6.618069	-0.499964	-0.540083	-5.499729	-0.552706	-4.120430	-0.464948	-0.124597	-6.253071	-1.251217	 0.499654
-2.190383	-6.606573	-0.499964	-0.538979	-5.487980	-0.551657	-4.206998	-0.464948	-0.242334	-6.240997	-1.248838	 0.499654
-1.689912	-6.595098	-0.499964	-0.537876	-5.476257	-0.550610	-3.746420	-0.464948	 0.198797	-6.228947	-1.246463	 0.499654
-1.438515	-6.583642	-0.499964	-0.536777	-5.464559	-0.549565	-3.513175	-0.464948	 0.418715	-6.216921	-1.244093	 0.499654
-1.311657	-6.572206	-0.499964	-0.535679	-5.452885	-0.548522	-3.393602	-0.464948	 0.528028	-6.204917	-1.241727	 0.499654
-1.247071	-6.560790	-0.499964	-0.534584	-5.441237	-0.547481	-3.330870	-0.464948	 0.582039	-6.192937	-1.239366	 0.499654
-1.213623	-6.549393	-0.499964	-0.533491	-5.429614	-0.546442	-3.296563	-0.464948	 0.108401	-6.180980	-1.237009	 0.499654
-1.195746	-6.538017	-0.499964	-0.532400	-5.418015	-0.545405	-3.276475	-0.464948	-0.128418	-6.169046	-1.234657	 0.499654
-1.185657	-6.526660	-0.499964	-0.531311	-5.406441	-0.544370	-3.763502	-0.464948	 0.253172	-6.157135	-1.232309	 0.499654
-1.179465	-6.515323	-0.499964	-0.530225	-5.394892	-0.543337	-4.003191	-0.464948	 0.443325	-6.145247	-1.229966	 0.499654
-1.175223	-6.504006	-0.499964	-0.529140	-5.383368	-0.542305	-4.119219	-0.464948	 0.537761	-6.133382	-1.227627	 0.499654
-1.671958	-6.492708	-0.499964	-0.528058	-5.371868	-0.541276	-3.673422	-0.464948	 0.584338	-6.121540	-1.225293	 0.499654
-1.918208	-6.481430	-0.499964	-0.526979	-5.360393	-0.540249	-3.447620	-0.464948	 0.606989	-6.109720	-1.222963	 0.499654
-1.539219	-6.470172	-0.499964	-0.525901	-5.348942	-0.539223	-3.331821	-0.464948	 0.617677	-6.097924	-1.220637	 0.499654
-1.348591	-6.458933	-0.499964	-0.524826	-5.337516	-0.538200	-3.271028	-0.464948	 0.622385	-6.086150	-1.218316	 0.499654
-1.252146	-6.447714	-0.499964	-0.523752	-5.326114	-0.537179	-3.237743	-0.464948	 0.624104	-6.074399	-1.216000	 0.499654
-1.202795	-6.436514	-0.499964	-0.522682	-5.314737	-0.536159	-3.218218	-0.464948	 0.624330	-6.062671	-1.213688	 0.499654
-1.176993	-6.425334	-0.499964	-0.521613	-5.303383	-0.535141	-3.205578	-0.464948	 0.623811	-6.050965	-1.211380	 0.499654
-1.162968	-6.414173	-0.499964	-0.520546	-5.292054	-0.534126	-3.196385	-0.464948	 0.622921	-6.039282	-1.209076	 0.499654
-1.154833	-6.403031	-0.499964	-0.519482	-5.280750	-0.533112	-3.188922	-0.464948	 0.621846	-6.027622	-1.206777	 0.499654
-1.649645	-5.891909	-0.499964	-0.518419	-5.269469	-0.532100	-3.682328	-0.464948	 0.120681	-6.015984	-1.204482	 0.499654
-1.894957	-5.631674	-0.499964	-0.517359	-5.258213	-0.531090	-3.925274	-0.464948	-0.129902	-6.004368	-1.202192	 0.499654
-1.515523	-5.996892	-0.499964	-0.516302	-5.246980	-0.530082	-4.042997	-0.464948	 0.244806	-5.992775	-1.199906	 0.499654
-1.324696	-6.173975	-0.499964	-0.515246	-5.235772	-0.529076	-4.098116	-0.464948	 0.431534	-5.981205	-1.197624	 0.499654
-1.728176	-6.257001	-0.499964	-0.514192	-5.224587	-0.528072	-4.121939	-0.464948	 0.524271	-5.969656	-1.195347	 0.499654
-1.927833	-6.293007	-0.499964	-0.513141	-5.213427	-0.527070	-4.130120	-0.464948	 0.570016	-5.958130	-1.193074	 0.499654
-2.025584	-6.305514	-0.499964	-0.512092	-5.202290	-0.526070	-3.630488	-0.464948	 0.592265	-6.446627	-1.190806	 0.499654
-2.072386	-6.306280	-0.499964	-0.511044	-5.191177	-0.525071	-3.377855	-0.464948	 0.602768	-6.684180	-1.188541	 0.499654
-2.093717	-6.301185	-0.499964	-0.509999	-5.180088	-0.524075	-3.248727	-0.464948	 0.607398	-6.796274	-1.186281	 0.499654
-2.102317	-5.793169	-0.499964	-0.508957	-5.169022	-0.523080	-3.181357	-0.464948	 0.609094	-6.345652	-1.184025	 0.499654
-2.104555	-5.534571	-0.499964	-0.507916	-5.157980	-0.522087	-3.144870	-0.464948	 0.609324	-6.114650	-1.181774	 0.499654
-1.603617	-5.900690	-0.999964	-0.506877	-5.146962	-0.521096	-3.123830	-0.964948	 0.608822	-5.993469	-1.179527	 0.499654
-1.352071	-6.078307	-1.248532	-0.505841	-5.135967	-0.520107	-3.110519	-1.213640	 0.607955	-5.927210	-1.177284	 0.499654
-1.725223	-6.161682	-0.871388	-0.504806	-5.124996	-0.519120	-3.101077	-0.836679	 0.606907	-5.888422	-1.175045	 0.499654
-1.909750	-6.197945	-0.682816	-0.503774	-5.114048	-0.518135	-3.093575	-0.648199	 0.605770	-5.863381	-1.172811	 0.499654
-1.999968	-6.210662	-0.588529	-0.502744	-5.103124	-0.517152	-3.087047	-0.553959	 0.604590	-5.845224	-1.170581	 0.499654
-2.043035	-6.211616	-0.541386	-0.501716	-5.092222	-0.516170	-3.081012	-0.506839	 0.603389	-5.830520	-1.168355	 0.499654
-2.062532	-6.206697	-0.517815	-0.500690	-5.081345	-0.515190	-3.075228	-0.483279	 0.602179	-5.817554	-1.166133	 0.499654
-2.070246	-6.198851	-0.506029	-0.500177	-5.070490	-0.514213	-3.069575	-0.471499	 0.600966	-5.805467	-1.163916	 0.499654
-2.072074	-6.189551	-0.500136	-0.499921	-5.059658	-0.513237	-3.063992	-0.465609	 0.599752	-5.793831	-1.161703	 0.499654
-2.070963	-6.179534	-0.497190	-0.499792	-5.048850	-0.512263	-3.058449	-0.462664	 0.598539	-5.782430	-1.159494	 0.499654
-2.068385	-6.169167	-0.495716	-0.499728	-5.038065	-0.511290	-3.052931	-0.461191	 0.597329	-5.771159	-1.157289	 0.499654
-1.565079	-5.658634	-0.494980	-0.499696	-5.027303	-0.510320	-3.047430	-0.960455	 0.596120	-5.759963	-1.155088	 0.499654
-1.312389	-5.398897	-0.494612	-0.499680	-5.016564	-0.509352	-3.041943	-1.208783	 0.594913	-5.748815	-1.152892	 0.499654
-1.185009	-5.764565	-0.494427	-0.499672	-5.005847	-0.508385	-3.036468	-0.831645	 0.593709	-5.737702	-1.150700	 0.499654
-1.120286	-5.942074	-0.494335	-0.499668	-4.995154	-0.507420	-3.031003	-0.643077	 0.592507	-5.726617	-1.148512	 0.499654
-1.086894	-6.025514	-0.494289	-0.499666	-4.984484	-0.506457	-3.025549	-0.548792	 0.591308	-5.715557	-1.146328	 0.499654
-1.569169	-6.061929	-0.494266	-0.499665	-4.973836	-0.505496	-3.520105	-0.501650	 0.590111	-5.704520	-1.144148	 0.499654
-1.808303	-6.074839	-0.494255	-0.499665	-4.963211	-0.504536	-3.763771	-0.478079	 0.588917	-5.693505	-1.141972	 0.499654
-1.425870	-6.076007	-0.494249	-0.999664	-4.952609	-0.503579	-3.381999	-0.466293	 0.587725	-5.682512	-1.139801	 0.499654
-1.233634	-6.071313	-0.494246	-1.248131	-4.942029	-0.502623	-3.188414	-0.460401	 0.586535	-5.671540	-1.137633	 0.499654
-1.636500	-6.063697	-0.494245	-0.870834	-4.931472	-0.501669	-3.088927	-0.457454	 0.585348	-5.660589	-1.135470	 0.499654
-1.835941	-6.054630	-0.494244	-0.682186	-4.920938	-0.500717	-3.036494	-0.455981	 0.584163	-5.649660	-1.133311	 0.499654
-1.933673	-6.044845	-0.494244	-0.587862	-4.910426	-0.500241	-3.007593	 0.044756	 0.582980	-5.638752	-1.131156	 0.499654
-1.980555	-6.034711	-0.494243	-0.540700	-4.899936	-0.500003	-2.990463	 0.294637	 0.581800	-5.627865	-1.129005	 0.499654
-1.502016	-6.024412	-0.494243	-0.517119	-4.889469	-0.499884	-3.479223	-0.080909	 0.580623	-5.116999	-1.126858	 0.499654
-1.261747	-6.014039	-0.494243	-0.505328	-4.879024	-0.499824	-3.720033	-0.268682	 0.579447	-4.857119	-1.124716	 0.499654
-1.140615	-6.003638	-0.494243	-0.499433	-4.868602	-0.499795	-3.836875	-0.362569	 0.578274	-4.722741	-1.122577	 0.499654
-1.579053	-5.993233	-0.494243	-0.496485	-4.858202	-0.499780	-3.391739	-0.409512	 0.077104	-5.151122	-1.120442	 0.499654
-1.796302	-5.982834	-0.494243	-0.495011	-4.847824	-0.499772	-3.166520	-0.432983	-0.173481	-5.359927	-1.118312	 0.499654
-1.402960	-5.972447	-0.494243	-0.494274	-4.837468	-0.499768	-3.051264	-0.444719	 0.201226	-4.958953	-1.116185	 0.499654
-1.205303	-5.962076	-0.494243	-0.493906	-4.827134	-0.499767	-2.990995	-0.450587	 0.387997	-4.754066	-1.114063	 0.499654
-1.605490	-5.951721	-0.494243	-0.493722	-4.816823	-0.499766	-2.958224	-0.453521	 0.480800	-5.147231	-1.111945	 0.499654
-1.803625	-5.941383	-0.494243	-0.493630	-4.806533	-0.499765	-2.939207	-0.454988	 0.526622	-5.338464	-1.109830	 0.499654
-1.400737	-5.431063	-0.494243	-0.493584	-4.796266	-0.499765	-2.927071	-0.455722	 0.548953	-5.428743	-1.107720	 0.499654
-1.198319	-5.171630	-0.494243	-0.493560	-4.786020	-0.499765	-2.918381	-0.456088	 0.559540	-5.468554	-1.105613	 0.499654
-1.096137	-5.037646	-0.494243	-0.493549	-4.775796	-0.499765	-2.911418	-0.456272	 0.564257	-5.483142	-1.103511	 0.499654
-1.044075	-5.466396	-0.494243	-0.493543	-4.765594	-0.499765	-3.405323	-0.456363	 0.566040	-4.985129	-1.101413	 0.499654
-1.017076	-5.675651	-0.494243	-0.493540	-4.755414	-0.499765	-3.648768	-0.456409	 0.566356	-4.731790	-1.099318	 0.499654
-1.502609	-5.275167	-0.494243	-0.493539	-4.745256	-0.499765	-3.766989	-0.456432	 0.565941	-4.600798	-1.097228	 0.499654
-1.743434	-5.070691	-0.494243	-0.493538	-4.735119	-0.499765	-3.822604	-0.456444	 0.565161	-4.530986	-1.095142	 0.499654
-1.861908	-5.464227	-0.494243	-0.493538	-4.725004	-0.499765	-3.346923	-0.456449	 0.564200	-4.991774	-1.093059	 0.499654
-1.919211	-5.655908	-0.494243	-0.493538	-4.714911	-0.499765	-3.106499	-0.456452	 0.563149	-5.216904	-1.090981	 0.499654
-1.945933	-5.746669	-0.494243	-0.493538	-4.704839	-0.499765	-2.983709	-0.456454	 0.562055	-5.324215	-1.088906	 0.499654
-1.957367	-5.786980	-0.494243	-0.493537	-4.694788	-0.499765	-2.919740	-0.456454	 0.560940	-5.372627	-1.086836	 0.499654
-1.961161	-5.802074	-0.494243	-0.493537	-4.684760	-0.499765	-2.885186	-0.456455	 0.559816	-5.391600	-1.084769	 0.499654
-1.461139	-5.804569	-0.494243	-0.493537	-4.674752	-0.499765	-2.865345	-0.456455	 0.558688	-5.395863	-1.082706	 0.499654
-1.210189	-5.800773	-0.494243	-0.493537	-4.664766	-0.499765	-2.852864	-0.456455	 0.557560	-5.392781	-1.080648	 0.499654
-1.083777	-5.793840	-0.494243	-0.493537	-4.654801	-0.499765	-2.844068	-0.456455	 0.556433	-5.386037	-1.078593	 0.499654
-1.019637	-5.785348	-0.494243	-0.493537	-4.644858	-0.499765	-2.837120	-0.456455	 0.555308	-5.377472	-1.076542	 0.499654
-1.486633	-5.776085	-0.494243	-0.493537	-4.634936	-0.499765	-2.831099	-0.456455	 0.554184	-5.368007	-1.074495	 0.499654
-1.718223	-5.766444	-0.494243	-0.493537	-4.625035	-0.499765	-2.825548	-0.456455	 0.553062	-5.358101	-1.072451	 0.499654
-1.832114	-5.256624	-0.494243	-0.493537	-4.615155	-0.499765	-2.820235	-0.456455	 0.551943	-5.347985	-1.070412	 0.499654
-1.887159	-4.997592	-0.494243	-0.493537	-4.605296	-0.499765	-2.815046	-0.456455	 0.550826	-5.337774	-1.068377	 0.499654
-1.912784	-4.863960	-0.494243	-0.493537	-4.595458	-0.499765	-2.809924	-0.456455	 0.549711	-5.327525	-1.066345	 0.499654
-1.423704	-5.293036	-0.494243	-0.493537	-4.585642	-0.499765	-2.804839	-0.456455	 0.548598	-5.317267	-1.064318	 0.499654
-1.178251	-5.502604	-0.494243	-0.493537	-4.575846	-0.499765	-2.799778	-0.456455	 0.547488	-5.307015	-1.062294	 0.499654
-1.554613	-5.602427	-0.494243	-0.493537	-4.566071	-0.499765	-2.794733	-0.456455	 0.546379	-4.796776	-1.060274	 0.499654
-1.740909	-5.647386	-0.494243	-0.493537	-4.556317	-0.499765	-2.789701	-0.456455	 0.545273	-4.537518	-1.058258	 0.499654
-1.832174	-5.164921	-0.494243	-0.493537	-4.546584	-0.499765	-3.284680	-0.456455	 0.544170	-4.403759	-1.056245	 0.499654
-1.875928	-4.919622	-0.494243	-0.493537	-4.536872	-0.499765	-3.528769	-0.456455	 0.543068	-4.332757	-1.054237	 0.499654
-1.395931	-5.292913	-0.494243	-0.493537	-4.527180	-0.499765	-3.647419	 0.043545	 0.541969	-4.293142	-1.052232	 0.499654
-1.155037	-5.474637	-0.494243	-0.493537	-4.517510	-0.499765	-3.703356	 0.293059	 0.540872	-4.269228	-1.050231	 0.499654
-1.033698	-5.560587	-0.494243	-0.493537	-4.507859	-0.499765	-3.727943	 0.417332	 0.539777	-4.253173	-1.048234	 0.499654
-0.972137	-5.598658	-0.494243	-0.493537	-4.498230	-0.499765	-3.736860	-0.021016	 0.538684	-4.241055	-1.046241	 0.499654
-0.940467	-5.612797	-0.494243	-0.493537	-4.488621	-0.499765	-3.737949	-0.240189	 0.537594	-4.230913	-1.044252	 0.499654
-0.923745	-5.114980	-0.494243	-0.493537	-4.479032	-0.499765	-3.235130	-0.349776	 0.536506	-4.721768	-1.042266	 0.499654
-0.914498	-4.862062	-0.494243	-0.493537	-4.469464	-0.499765	-2.981262	-0.404570	 0.535420	-4.962163	-1.040284	 0.499654
-0.908990	-4.731599	-0.494243	-0.493537	-4.459917	-0.499765	-2.851874	-0.431966	 0.534336	-5.077338	-1.038306	 0.499654
-0.905354	-4.662372	-0.494243	-0.493537	-4.450390	-0.499765	-2.784731	-0.445665	 0.533254	-5.129913	-1.036332	 0.499654
-1.402655	-4.623769	-0.494243	-0.493537	-4.440883	-0.499765	-2.748715	-0.452514	 0.532175	-5.151197	-1.034361	 0.499654
-1.649450	-4.600485	-0.494243	-0.493537	-4.431396	-0.499765	-2.728266	-0.455938	 0.531098	-5.156846	-1.032394	 0.499654
-1.770996	-4.584868	-0.494243	-0.493537	-4.421930	-0.499765	-2.715606	-0.457651	 0.530023	-5.154686	-1.030431	 0.499654
-1.329920	-4.573091	-0.494243	-0.493537	-4.412484	-0.499765	-2.706844	-0.458507	 0.528950	-5.148632	-1.028472	 0.499654
-1.108514	-4.563241	-0.494243	-0.493537	-4.403058	-0.499765	-2.700036	-0.458935	 0.527879	-5.140641	-1.026516	 0.499654
-0.996945	-4.554361	-0.494243	-0.493537	-4.393653	-0.499765	-2.694209	-0.459149	 0.526811	-4.631690	-1.024564	 0.499654
-0.940295	-4.545973	-0.494243	-0.493537	-4.384267	-0.499765	-2.688876	-0.459256	 0.525744	-4.373235	-1.022616	 0.499654
-0.911108	-4.537839	-0.494243	-0.493537	-4.374902	-0.499765	-2.683796	-0.459309	 0.524680	-4.740035	-1.020671	 0.499654
-0.895652	-4.529837	-0.494243	-0.493537	-4.365556	-0.499765	-2.678846	-0.459336	 0.523618	-4.918505	-1.018731	 0.499654
-1.387065	-5.021909	-0.494243	-0.493537	-3.856231	-0.499765	-2.673966	-0.459350	 0.522558	-5.002819	-1.016793	 0.499654
-1.630937	-5.263156	-0.494243	-0.493537	-3.597993	-0.499765	-2.669124	-0.459356	 0.521500	-5.040065	-1.014860	 0.499654
-1.751042	-5.378999	-0.494243	-0.493537	-3.465307	-0.499765	-2.664306	-0.459360	 0.520445	-5.053787	-1.012930	 0.499654
-1.309267	-4.932148	-0.494243	-0.493537	-3.895405	-0.499765	-2.659505	-0.459361	 0.519391	-5.055755	-1.011004	 0.499654
-1.087532	-4.704827	-0.494243	-0.493537	-4.105833	-0.499765	-2.654716	-0.459362	 0.518340	-5.051857	-1.009082	 0.499654
-1.475819	-4.587278	-0.494243	-0.493537	-3.706438	-0.499765	-2.649938	-0.459363	 0.517291	-4.545035	-1.007163	 0.499654
-1.668142	-4.524621	-0.494243	-0.493537	-3.503207	-0.499765	-2.645169	-0.459363	 0.516244	-4.287725	-1.005248	 0.499654
-1.262486	-4.989418	-0.494243	-0.493537	-3.898068	-0.499765	-2.640409	-0.459363	 0.515199	-4.655179	-1.003336	 0.499654
-1.058822	-5.217079	-0.494243	-0.493537	-4.090913	-0.499765	-2.635658	-0.459363	 0.514156	-4.834058	-1.001428	 0.499654
-0.956154	-5.326181	-0.494243	-0.493537	-4.182760	-0.499765	-2.630915	-0.459363	 0.513115	-4.918657	-0.999524	 0.499654
-0.903987	-5.376011	-0.494243	-0.493537	-4.224118	-0.499765	-2.626181	-0.459363	 0.512076	-4.956127	-0.997624	 0.499654
-0.877071	-5.396214	-0.494243	-0.493537	-4.240241	-0.499765	-2.621456	-0.459363	 0.511040	-4.970041	-0.995727	 0.499654
-0.862783	-5.401611	-0.494243	-0.493537	-3.743756	-0.499765	-2.616739	-0.459363	 0.010005	-4.472187	-0.993833	 0.499654
-0.854811	-5.399613	-0.494243	-0.493537	-3.492045	-0.499765	-2.612031	-0.459363	-0.240512	-4.219423	-0.991943	 0.499654
