-0.985730	-3.519815	-0.856439	-0.470082	-3.354965	-1.237620	-2.257820	-0.039120	 0.457072	-3.556337	-0.614928	 0.636683
-0.981420	-3.505736	-1.103726	-0.470082	-3.343010	-1.295354	-2.248786	-0.242636	 0.457045	-3.792017	-0.612468	 0.634136
-1.477312	-3.491713	-0.724667	-0.470082	-3.330370	-0.821515	-2.239790	-0.344394	 0.457031	-3.401802	-0.610018	 0.631599
-1.721311	-3.477746	-0.535138	-0.470082	-3.317415	-0.584596	-2.230830	-0.395273	 0.457025	-3.200671	-0.607578	 0.629073
-1.839380	-3.463835	-0.440373	-0.470082	-3.304329	-0.466136	-2.221906	-0.420713	 0.457021	-3.094107	-0.605148	 0.626557
-1.394499	-3.449980	-0.392991	-0.470082	-3.291203	-0.406906	-2.213018	-0.433432	 0.457020	-3.034850	-0.602727	 0.624050
-1.170160	-3.436180	-0.369300	-0.470082	-3.278084	-0.377291	-2.204166	-0.439792	 0.457019	-2.999270	-0.600316	 0.621554
-1.056099	-3.422435	-0.357454	-0.470082	-2.764994	-0.362484	-2.195350	-0.442972	 0.457018	-3.475552	-0.597915	 0.619068
-0.997184	-3.408745	-0.351532	-0.470082	-2.503946	-0.355080	-2.186568	-0.444562	 0.457018	-3.705790	-0.595523	 0.616592
-0.965850	-3.395110	-0.348570	-0.470082	-2.868936	-0.351378	-2.177822	-0.445357	 0.957018	-3.813037	-0.593141	 0.614125
-0.948314	-3.381530	-0.347089	-0.470082	-3.044963	-0.349527	-2.169111	-0.445755	 1.204104	-3.858820	-0.590769	 0.611669
-0.937684	-3.368004	-0.346349	-0.470082	-3.126535	-0.348602	-2.160434	 0.054047	 0.824744	-3.373902	-0.588406	 0.609222
-0.930516	-3.354532	-0.345979	-0.470082	-3.160904	-0.348139	-2.151792	 0.302840	 0.635065	-3.125665	-0.586052	 0.606785
-0.925084	-3.341114	-0.345794	-0.470082	-3.171698	-0.347908	-2.143185	 0.426133	 0.540225	-2.995792	-0.583708	 0.604358
-0.920530	-3.327749	-0.345701	-0.470082	-2.670730	-0.347792	-2.134612	 0.486681	 0.992805	-3.425123	-0.581373	 0.601941
-0.916420	-3.314438	-0.345655	-0.470082	-2.415907	-0.347734	-2.126074	 0.515860	 1.216204	-3.632080	-0.579047	 0.599533
-0.912541	-3.801181	-0.345632	-0.470082	-2.784173	-0.347705	-2.117570	 0.029360	 0.825025	-3.727880	-0.576731	 0.597135
-0.908784	-4.035976	-0.345620	-0.470082	-2.962001	-0.347691	-2.109099	-0.213891	 0.629435	-3.768133	-0.574424	 0.594746
-0.905095	-3.644832	-0.345614	-0.470082	-3.044636	-0.847683	-2.100663	-0.835516	 0.531640	-3.780643	-0.572127	 0.592367
-0.901448	-3.442753	-0.345612	-0.470082	-3.079698	-1.094984	-2.092260	-1.143414	 0.482742	-3.779311	-0.569838	 0.589998
-0.897829	-3.335232	-0.345610	-0.470082	-2.591000	-1.215950	-2.083891	-0.794460	 0.958294	-3.771090	-0.567559	 0.587638
-0.894231	-3.275016	-0.345609	-0.470082	-2.342447	-1.273760	-2.075556	-0.619984	 1.193202	-3.759453	-0.565288	 0.585287
-0.890651	-3.238478	-0.345609	-0.470082	-2.713982	-1.300001	-2.067254	-0.532745	 0.807799	-3.246139	-0.563027	 0.582946
-0.887087	-3.213805	-0.345609	-0.470082	-2.893579	-1.310469	-2.058985	-0.489126	 0.615098	-2.984017	-0.560775	 0.580614
-0.883537	-3.195091	-0.345609	-0.470082	-2.977231	-1.313061	-2.050749	-0.467317	 0.518748	-2.847512	-0.558532	 0.578292
-0.880003	-3.179381	-0.345609	-0.470082	-3.012935	-0.811726	-2.042546	 0.043588	 0.470572	-2.773837	-0.556298	 0.575979
-0.876483	-3.165198	-0.345609	-0.470082	-3.024690	-0.561059	-2.034375	 0.297932	 0.446485	-2.731599	-0.554073	 0.573675
-1.372977	-3.151805	-0.345609	-0.470082	-3.024494	-0.435725	-2.026238	-0.576001	 0.934441	-2.705102	-0.551856	 0.571380
-1.617485	-3.138832	-0.345609	-0.470082	-3.018348	-0.373058	-2.018133	-1.010068	 1.175574	-2.686496	-0.549649	 0.569095
-1.236015	-3.126093	-0.345609	-0.470082	-2.509250	-0.341725	-2.010060	-0.724213	 1.293308	-2.671857	-0.547450	 0.566818
-1.043571	-3.113497	-0.345609	-0.470082	-2.250701	-0.326058	-2.002020	-0.581285	 1.349352	-2.659223	-0.545261	 0.564551
-0.945646	-3.100998	-0.845609	-0.470082	-2.617442	-0.318224	-1.994012	-0.509821	 0.874564	-2.647613	-0.543080	 0.562293
-0.894989	-3.088571	-1.092917	-0.470082	-2.794844	-0.314308	-1.986036	-0.474090	 0.637169	-2.636536	-0.540907	 0.560044
-0.867971	-3.076205	-1.213891	-0.470082	-2.877601	-0.312349	-1.978092	-0.456224	 0.518472	-2.625747	-0.538744	 0.557803
-0.852781	-3.063895	-1.271709	-0.470082	-2.913059	-0.311370	-1.970180	-0.447291	 0.459124	-2.615122	-0.536589	 0.555572
-0.843510	-3.051636	-1.297958	-0.470082	-2.924890	-0.310881	-1.962299	-0.442824	 0.429449	-2.604601	-0.534442	 0.553350
-0.837206	-3.039428	-0.808435	-0.470082	-2.424933	-0.310636	-1.954450	-0.440591	 0.914612	-2.594152	-0.532305	 0.551136
-0.832393	-3.027270	-0.563673	-0.470082	-2.171104	-0.310514	-1.946632	-0.439474	 1.154394	-2.583760	-0.530175	 0.548932
-0.828331	-3.015160	-0.441292	-0.470082	-2.040355	-0.310452	-1.938845	-0.438916	 1.271497	-2.573417	-0.528055	 0.546736
-0.824651	-3.003099	-0.380101	-0.470082	-1.971162	-0.310422	-1.931090	-0.438637	 1.327271	-2.563120	-0.525942	 0.544549
-0.821169	-2.991087	-0.349506	-0.470082	-1.932761	-0.310406	-1.923366	-0.438497	 1.352392	-3.052866	-0.523839	 0.542371
-0.817793	-2.979123	-0.334209	-0.470082	-1.909772	-0.310399	-1.915672	-0.438428	 1.362197	-3.290653	-0.521743	 0.540202
-0.814476	-2.967206	-0.326560	-0.470082	-1.894504	-0.310395	-1.908009	-0.438393	 1.364356	-3.402490	-0.519656	 0.538041
-0.811195	-2.955337	-0.322735	-0.470082	-1.883111	-0.310393	-1.400377	-0.438375	 1.362702	-2.951380	-0.517578	 0.535889
-0.807939	-2.943516	-0.320823	-0.470082	-1.873671	-0.310392	-1.144776	-0.438366	 1.359153	-2.720824	-0.515507	 0.533745
-0.804702	-2.431742	-0.319867	-0.470082	-1.365223	 0.189608	-1.015197	 0.061638	 1.354668	-2.100566	-0.513445	 0.531610
-0.801480	-2.172015	-0.319389	-0.470082	-1.109285	 0.438229	-0.948636	 0.310517	 1.349724	-1.787476	-0.511392	 0.529484
-0.298273	-2.038327	 0.180850	-0.470082	-0.479610	 1.061166	 0.086409	 0.933837	 1.844563	-0.627982	-0.009346	 1.027366
-0.046669	-1.967673	 0.429607	-0.470082	-0.164772	 1.369266	 0.601688	 1.242383	 2.087304	-0.049299	 0.241677	 1.273256
 1.079133	 2.071447	 1.552629	 1.029918	 4.992647	 2.019962	 4.857094	 1.893555	 2.204014	 4.738985	 1.367188	 0.893163
 1.637624	 4.078786	 2.108789	 1.774859	 7.551056	 2.339968	 6.966572	 2.214051	 2.257728	 7.114072	 1.924958	 0.702091
 1.912477	 5.070284	 2.381539	 2.142289	 8.810042	 2.494651	 8.003158	 2.369230	 2.279962	 8.282637	 2.198878	 0.605532
 3.045529	 8.553909	 2.012605	 2.320985	 10.919397	 2.566694	 10.003372	 1.941770	 1.286474	 14.348017	 2.830892	 0.056235
 3.603698	 10.271646	 1.824851	 2.405333	 11.948017	 2.597438	 10.979472	 1.725012	 0.789731	 17.339880	 3.139974	-0.218414
 5.374459	 15.106536	 1.727700	 1.942528	 15.936373	 2.107554	 13.943611	 1.113616	-0.458641	 22.295148	 3.287616	-2.355738
 6.245548	 17.484099	 1.675863	 1.708166	 17.890702	 1.859376	 15.391865	 0.806914	-1.079413	 24.718282	 3.354567	-3.415414
 7.166860	 21.633156	 1.146697	 1.588038	 20.828177	 1.732065	 17.082311	 1.152563	-1.886399	 27.875565	 3.881199	-4.436302
 7.611340	 23.656121	 0.880878	 1.525038	 22.249382	 1.665200	 17.889989	 1.322390	-2.284505	 29.392142	 4.135700	-4.935831
 7.817468	 26.616245	 0.746739	 0.990613	 23.912644	 2.128571	 18.756433	 0.904320	-2.978193	 31.088612	 4.754170	-5.174725
 7.904485	 28.037154	 0.678444	 0.723401	 24.693123	 2.355073	 19.150409	 0.695285	-3.317693	 31.871277	 5.052659	-5.283345
 7.932010	 28.688693	 0.643077	 0.589795	 25.032416	 2.463160	 19.308308	 0.590767	-3.480128	 32.197302	 5.191202	-5.326871
 7.929854	 29.455781	-0.375823	 0.522992	 26.151318	 2.012061	 20.348325	 0.538508	-3.554061	 32.795268	 5.249814	-5.837893
 7.912920	 29.778880	-0.882483	 0.489591	 26.656229	 1.783390	 20.825557	 0.512379	-3.583771	 33.027464	 5.268503	-6.080706
 7.888661	 30.880225	-0.133035	 0.472890	 27.354363	 2.165945	 20.521568	 0.499314	-3.591400	 33.077043	 5.267273	-6.189466
 7.860803	 31.366935	 0.240457	 0.464540	 27.647324	 2.352126	 20.329138	 0.492782	-3.588016	 33.035579	 5.256126	-6.231249
 7.831208	 31.546582	 0.425974	 0.960365	 27.237924	 2.440139	 20.192649	 0.489515	-3.579155	 32.948859	 5.240062	-5.739595
 7.800807	 31.572954	 0.517510	 1.205365	 26.979567	 2.479090	 20.084293	 0.487882	-3.567583	 32.839775	 5.221583	-5.483272
 7.770066	 31.022941	 0.562060	 1.324964	 27.296947	 1.993529	 19.990163	 0.487066	-3.554686	 32.719771	 5.201937	-5.844656
 7.739217	 30.686988	 0.583122	 1.381874	 27.400407	 1.747732	 19.903305	 0.486658	-3.541153	 32.594570	 5.181749	-6.012937
 7.708376	 30.458310	 0.592444	 1.407452	 27.397130	 1.621830	 19.820244	 0.486453	-3.527332	 32.467031	 5.161332	-6.084714
 7.677600	 30.283512	 0.595902	 1.417375	 26.840704	 1.555888	 19.739239	 0.486351	-3.013394	 31.838582	 5.140842	-5.608290
 7.646918	 30.135895	 0.596432	 1.419482	 26.509922	 1.519936	 19.659420	 0.486300	-2.751426	 31.461937	 5.120356	-5.359814
 7.616345	 30.002110	 0.095503	 0.917692	 26.292173	 1.998993	 19.580351	 0.486275	-3.115464	 31.211444	 5.099913	-5.225354
 7.585887	 29.875481	-0.154961	 0.666797	 26.131149	 2.233565	 19.501814	 0.486262	-3.290523	 31.024276	 5.079533	-5.147942
 8.055547	 29.752669	-0.280193	 1.041350	 25.998698	 1.845914	 19.423699	 0.486256	-3.371122	 30.869018	 5.559224	-5.099095
 8.273327	 29.632003	-0.342809	 1.225794	 25.880739	 1.649173	 19.345951	 0.486253	-3.404518	 30.729961	 5.786992	-5.064571
 7.865234	 29.512647	 0.125882	 0.815196	 25.770234	 1.547897	 19.268540	 0.486251	-2.914340	 30.599251	 5.388847	-5.037248
 7.646274	 29.394183	 0.359039	 0.609897	 25.663662	 1.494366	 19.191452	 0.486250	-2.664402	 30.472959	 5.179793	-5.013568
 7.521939	 29.276399	 0.474433	 0.507247	 25.559262	 1.464719	 19.114680	 0.486250	-2.534605	 30.349119	 5.065324	-4.991747
 7.444976	 29.159190	 0.030951	 0.455922	 25.456152	 1.447025	 19.038218	 0.486250	-2.464897	 30.226749	 4.998188	-5.470897
 7.391759	 29.042502	-0.190791	 0.430260	 25.353892	 1.435320	 18.962063	 0.486249	-2.425252	 30.105355	 4.954758	-5.698572
 7.350473	 28.926306	 0.198339	 0.917429	 25.252258	 1.426620	 18.886214	 0.486249	-2.900658	 29.984690	 4.923220	-5.300557
 7.315212	 28.810588	 0.391728	 1.158204	 25.151140	 1.419434	 18.810669	 0.486249	-3.131610	 29.864630	 4.897668	-5.091745
 7.283021	 28.695339	 0.487253	 1.275794	 25.050481	 1.913016	 18.735426	 0.986249	-2.740360	 29.745110	 4.875148	-5.477572
 7.252425	 28.580554	 0.533850	 1.331802	 24.950251	 2.154994	 18.660484	 1.233277	-2.540037	 29.626099	 4.854182	-5.658760
 7.222682	 27.966231	 0.555987	 0.857030	 24.850437	 1.771189	 18.585842	 0.853830	-2.435196	 29.507580	 4.834033	-5.237673
 7.193425	 27.604365	 0.565900	 0.619644	 24.751028	 1.576512	 18.511499	 0.664107	-2.378115	 29.389542	 4.814331	-5.017497
 7.164469	 27.368947	 0.569704	 0.500951	 24.652021	 1.476410	 18.437453	 0.569245	-2.344932	 29.271980	 4.794890	-4.897814
 7.135719	 27.696971	 0.070460	 0.441605	 24.553411	 1.923606	 18.363703	 0.521814	-2.323717	 29.154890	 4.775619	-5.328416
 7.107131	 27.804933	-0.179163	 0.411932	 24.455196	 2.142463	 18.290248	 0.498099	-2.308505	 29.038270	 4.756471	-5.532200
 7.078679	 27.803088	 0.196026	 0.897095	 24.357375	 2.247168	 18.217087	 0.986241	-2.796312	 28.422116	 4.737422	-5.122619
 7.050353	 27.746563	 0.382478	 1.136912	 24.259945	 2.294817	 18.144219	 1.227363	-3.033648	 28.058427	 4.718461	-4.908403
 7.022146	 27.662921	-0.025434	 1.254067	 24.162906	 2.313957	 18.071642	 0.844987	-3.145773	 27.821193	 4.699582	-4.791906
 6.994054	 27.565941	-0.229390	 1.309902	 24.066254	 2.318861	 17.999355	 0.653800	-3.195320	 27.647409	 4.680780	-4.724307
 6.966077	 27.462513	 0.168632	 1.335089	 23.969989	 2.316665	 17.927358	 0.558206	-2.713604	 28.005569	 4.662056	-4.681194
 6.938212	 27.356081	 0.366510	 1.344961	 23.874109	 2.310938	 17.855648	 0.510409	-2.468282	 28.127922	 4.643407	-4.650362
 6.910459	 27.248366	 0.464320	 1.347188	 23.778612	 2.303464	 17.784226	 0.486510	-2.341175	 28.132597	 4.624833	-4.625706
 6.882817	 26.640227	 0.512101	 1.345602	 23.683498	 2.295135	 17.713089	 0.474561	-2.273194	 28.578661	 4.606333	-4.604177
 6.855285	 26.284093	 0.534872	 1.342121	 23.588764	 2.286397	 17.642236	 0.468586	-2.234793	 28.743643	 4.587908	-4.584246
 6.827864	 27.054170	 0.545142	 1.337704	 23.994409	 2.277473	 18.071667	 0.465599	-2.711199	 28.768317	 4.569556	-4.565153
 6.800552	 27.383561	 0.549166	 1.332828	 24.148431	 2.268474	 18.249381	 0.464105	-2.943027	 28.723068	 4.551278	-4.546514
 6.773350	 25.992830	 0.550072	 0.827735	 23.176838	 2.259455	 16.301383	 0.463358	-2.552592	 25.143088	 4.033073	-3.028138
 6.746257	 25.248260	 0.549422	 0.575188	 22.646630	 2.250445	 15.298678	 0.462985	-2.353050	 23.309971	 3.766941	-2.265931
 6.219272	 20.326968	 0.548000	 0.448914	 18.337294	 2.241457	 12.768733	 0.962798	-1.248971	 17.850460	 3.126873	-0.881820
 5.944395	 17.835510	 0.546196	 0.385778	 16.154569	 2.232498	 11.483283	 1.209780	-0.696932	 15.095922	 2.801865	-0.190769
 5.795617	 16.559094	 0.544205	 0.354209	 15.035264	 2.223572	 10.820162	 1.330357	-0.420913	 13.693970	 2.634408	 0.153756
 5.209935	 11.390320	 1.042125	 0.838425	 10.447779	 2.214679	 7.968288	 1.387744	 0.717097	 8.968410	 2.045745	 0.826018
 4.907845	 8.793490	 1.288005	 1.077888	 8.142316	 2.205821	 6.532118	 1.413547	 1.282392	 6.597145	 1.748500	 1.159153
 3.247589	 2.982682	 0.907878	 0.194984	 2.477911	 1.196998	 1.803841	 0.423570	 1.061344	-0.596940	 0.096975	 0.822735
 2.414286	 0.082934	 0.716758	-0.245091	-0.347919	 0.692587	-0.554448	-0.070286	 0.949139	-4.178400	-0.725679	 0.654527
 0.494472	-3.861307	 0.620147	-0.463759	-3.754486	 0.440381	-2.727768	-0.316086	 0.391363	-6.953611	-1.133909	 0.570423
-0.462584	-5.817816	 0.570795	-0.571728	-5.443448	 0.314278	-3.804625	-0.437862	 0.112475	-8.321758	-1.334940	 0.528370
-0.938272	-7.280522	 0.045075	-0.624353	-6.773664	-0.248773	-4.833291	-0.497630	-0.026969	-9.486452	-1.432383	 0.507344
-1.173289	-7.994388	-0.217784	-0.649312	-7.422564	-0.528675	-5.335900	-0.526400	-0.096691	-10.047497	-1.478045	 0.496831
-1.287980	-8.333905	-0.349214	-0.660442	-7.730871	-0.667009	-5.575527	-0.539675	-0.131552	-10.306802	-1.497829	 0.491575
-1.342521	-8.486316	-0.414929	-0.664665	-7.868946	-0.734565	-6.183711	-1.045206	-0.148983	-9.915323	-1.504686	 0.488947
-1.366997	-8.545245	-0.447786	-0.665438	-7.921970	-0.766739	-6.474219	-1.294870	-0.157698	-9.700535	-1.505091	 0.487632
-1.376452	-9.057500	-0.464215	-0.664492	-7.932532	-0.781228	-6.105943	-0.916613	-0.162056	-9.574170	-1.502282	 0.986975
-1.378408	-9.294489	-0.472429	-0.662692	-7.921926	-0.786881	-5.910330	-0.726408	-0.164235	-9.492092	-1.497879	 1.233674
-1.376625	-8.893920	-0.476537	-0.660470	-7.900801	-0.788123	-6.301094	-0.630233	-0.165324	-9.432233	-1.492691	 0.854063
-1.372984	-8.676649	-0.478590	-0.658043	-7.874479	-0.787165	-6.483093	-0.581077	-0.165869	-9.383558	-1.487121	 0.664257
-1.868425	-9.051095	-0.479617	-0.655518	-7.845622	-0.785114	-6.060762	-0.555436	-0.166141	-9.340551	-1.481374	 0.569354
-2.111417	-9.219467	-0.480130	-0.652950	-7.815560	-0.782522	-5.838319	-0.541555	-0.166277	-9.300453	-1.475549	 0.521903
-2.228205	-9.284877	-0.480387	-0.650365	-7.784958	-0.779666	-5.715866	-0.533560	-0.166345	-9.261883	-1.469697	 0.498177
-2.281909	-8.798881	-0.480515	-0.647777	-7.754148	-1.276684	-6.143453	-1.028511	-0.166379	-9.224151	-1.463843	 0.986314
-2.304089	-8.539258	-0.480580	-0.645192	-7.723296	-1.521646	-6.344104	-1.272939	-0.166396	-9.186912	-1.458000	 1.227434
-2.310527	-8.892887	-0.480612	-0.642615	-7.692486	-1.140594	-5.931340	-0.892119	-0.166405	-9.649994	-1.452174	 0.845057
-2.309112	-9.051208	-0.480628	-0.640046	-7.661757	-0.948549	-5.713921	-0.700686	-0.166409	-9.861308	-1.446369	 0.653868
-2.303789	-8.611950	-0.480636	-0.637487	-7.631131	-1.351013	-6.094219	-0.603951	-0.166411	-9.446820	-1.440585	 0.558274
-2.296531	-8.375975	-0.480640	-0.634937	-7.600616	-1.548738	-6.271418	-0.554569	-0.166412	-9.221512	-1.434823	 0.510477
-2.288323	-8.241708	-0.980642	-0.632398	-7.570219	-1.144108	-6.347121	-1.028868	-0.166413	-9.090865	-1.429084	 0.986578
-2.279659	-8.158360	-1.227681	-0.629868	-7.539941	-0.940314	-6.372127	-1.263011	-0.166413	-9.007621	-1.423368	 1.221703
-2.270785	-8.100535	-0.848252	-0.627349	-7.509782	-0.836944	-6.371835	-1.377088	-0.166413	-8.948150	-1.417675	 1.336352
-2.261824	-8.055538	-0.658537	-0.624839	-7.479744	-0.783792	-6.358946	-1.431144	-0.166413	-8.900638	-1.412004	 1.390775
-2.252838	-8.017018	-0.563680	-0.622340	-7.449825	-0.755754	-6.339810	-1.455202	-0.166413	-8.859175	-1.406356	 1.415096
-2.243857	-7.981801	-0.516251	-0.619851	-7.420026	-0.740280	-6.317600	-0.964273	-0.166413	-8.820808	-1.400731	 1.424377
-2.234897	-7.948299	-0.492537	-0.617371	-7.390346	-0.731093	-6.293905	-0.718808	-0.166413	-8.784060	-1.395128	 1.426151
-2.225965	-7.915719	-0.480679	-0.614902	-7.360785	-1.225056	-6.269516	-0.596075	-0.166413	-8.748191	-1.389547	 1.424182
-2.217065	-7.883662	-0.474751	-0.612442	-7.331341	-1.468600	-6.244832	-0.534709	-0.166413	-8.712832	-1.383989	 1.420353
-2.208199	-7.851931	-0.971787	-0.609992	-7.302016	-1.586947	-6.220050	-0.504026	 0.333587	-8.677798	-1.378453	 1.415605
-2.199367	-7.820425	-1.217367	-0.607552	-7.272808	-1.642710	-6.195268	-0.488684	 0.581919	-8.642995	-1.372939	 1.410410
-2.190570	-7.789094	-0.837231	-0.605122	-7.243717	-1.167195	-6.170536	-0.481014	 0.704425	-8.608377	-1.367448	 1.405002
-2.181808	-7.757913	-0.647163	-0.602702	-7.214742	-0.928054	-6.145878	-0.477178	 0.764024	-8.573921	-1.361978	 1.399498
-2.173081	-7.726869	-0.552129	-0.600291	-7.185883	-0.807105	-6.121307	-0.475261	 0.792177	-8.539614	-1.356530	 1.393959
-2.664388	-7.695955	-0.504612	-1.097890	-7.157139	-0.745259	-6.096828	-0.474302	 0.804612	-8.505450	-1.351104	 0.888412
-2.903731	-7.665168	-0.480854	-1.343498	-7.128511	-0.712969	-6.072444	-0.473822	 0.809196	-8.471425	-1.345699	 0.635639
-2.517116	-7.634506	-0.468974	-0.963124	-7.099997	-0.695462	-5.548156	-0.473583	 0.809860	-8.437538	-1.340317	 1.009252
-2.319547	-7.603967	-0.463035	-0.771772	-7.071597	-0.685353	-5.275964	-0.473463	 0.808571	-8.403787	-1.334955	 1.193293
-2.216519	-7.573551	-0.460065	-0.674935	-7.043310	-0.678948	-5.629860	-0.473403	 0.806312	-8.370172	-1.329616	 1.282559
-2.160778	-7.543257	-0.458580	-0.625360	-7.015137	-0.674401	-5.794841	-0.473373	 0.803575	-8.336691	-1.324297	 1.324448
-2.128698	-7.513084	-0.457838	-0.599421	-6.987077	-0.670787	-5.365412	-0.473358	 0.800604	-8.303344	-1.319000	 0.842660
-2.108464	-7.483031	-0.457466	-0.585305	-6.959128	-0.667646	-5.140825	-0.473350	 0.797524	-8.270130	-1.313724	 0.601766
-2.094171	-7.453099	-0.457281	-0.577104	-6.931292	-0.664747	-5.018699	-0.473347	 0.794394	-8.237050	-1.308469	 0.481319
-2.082864	-7.423287	-0.457188	-0.571866	-6.903567	-0.661973	-4.947843	-0.473345	 0.791247	-8.204102	-1.303235	 0.921095
-2.073068	-7.393594	-0.457142	-0.568114	-6.875952	-0.659268	-4.902661	-0.473344	 0.788098	-8.171285	-1.298022	 1.138262
-2.064043	-7.364019	-0.457118	-1.065109	-6.848449	-0.656602	-5.370355	-0.473343	 0.784953	-8.638600	-1.292830	 1.244134
-2.055421	-7.334563	-0.457107	-1.310482	-6.821055	-0.653962	-5.592526	-0.473343	 0.781817	-8.854046	-1.287659	 1.294371
-2.047016	-7.305225	-0.457101	-0.930057	-6.793771	-0.651339	-5.191982	-0.473343	 0.778691	-8.443630	-1.282508	 1.316799
-2.038737	-7.276004	-0.457098	-0.738745	-6.766596	-0.648730	-4.982128	-0.473343	 0.775578	-8.222355	-1.277378	 1.325335
-2.030536	-7.246900	-0.957097	-0.641994	-6.739529	-0.646133	-5.367656	-0.473343	 0.772476	-8.095716	-1.772269	 1.326936
-2.022391	-7.217912	-1.204182	-0.592529	-6.712571	-0.643547	-5.548913	-0.473343	 0.769386	-8.016458	-2.015180	 1.325079
-2.014290	-7.189041	-1.324822	-0.566710	-6.685721	-0.640973	-5.628082	-0.473343	 0.766309	-7.960954	-2.132119	 1.321504
-2.006227	-7.160284	-0.882251	-0.552718	-6.658978	-1.138409	-5.156252	-0.473343	 0.763244	-7.917392	-1.686090	 1.317080
-1.998199	-7.131643	-0.660965	-0.544645	-6.632342	-1.383855	-4.910968	-0.473343	 0.760191	-7.879863	-1.460596	 1.312243
-1.990205	-7.103117	-0.550323	-0.539535	-6.605813	-1.003319	-4.778994	-0.473343	 0.757150	-7.845414	-1.345379	 1.307210
-1.982243	-7.074704	-0.495001	-0.535912	-6.579389	-0.811806	-4.703713	-0.473343	 0.754121	-7.812567	-1.285310	 1.302089
-1.974314	-7.046405	-0.467341	-0.533035	-6.553072	-1.214809	-5.156816	-0.473343	 0.751105	-7.780585	-1.252825	 0.796935
-1.966417	-7.018220	-0.453510	-0.530537	-6.526859	-1.413075	-5.372148	-0.473343	 0.748100	-7.749096	-1.234141	 0.544358
-1.958551	-6.990147	-0.946595	-0.528231	-6.500752	-1.008985	-4.968639	-0.473343	 0.745108	-7.717917	-1.222369	 0.918069
-1.950717	-6.962186	-1.190258	-0.526027	-6.474749	-0.805730	-4.757754	-0.473343	 0.742127	-7.686953	-1.214061	 1.102341
-1.942914	-6.934338	-1.309222	-0.523877	-6.448850	-0.702898	-4.643218	-0.473343	 0.739159	-7.656160	-1.207496	 1.191904
-1.935142	-6.906600	-0.865847	-0.521759	-6.423055	-0.650282	-4.576892	-0.473343	 0.736202	-7.625512	-1.201812	 1.234122
-1.927402	-6.878974	-0.644160	-0.519660	-6.397362	-0.622778	-4.534708	-0.473343	 0.733258	-7.594999	-1.196577	 1.252679
-1.919692	-6.851458	-0.533316	-0.517576	-6.371773	-0.607836	-5.004631	-0.473343	 0.730325	-7.564613	-1.191577	 1.259415
-1.912013	-6.824052	-0.477895	-0.515503	-6.346286	-0.599179	-5.228644	-0.473343	 0.727403	-7.534352	-1.186704	 1.260250
-1.904365	-6.796756	-0.450184	-0.513439	-6.320901	-0.593669	-5.329745	-0.473343	 0.724494	-7.504213	-1.181904	 0.758146
-1.896748	-6.769569	-0.436328	-0.511385	-6.295617	-0.589738	-5.369433	-0.473343	 0.721596	-7.474195	-1.177150	 0.507094
-1.889161	-6.742491	-0.429400	-0.509339	-6.270435	-1.086601	-4.878460	-0.473343	 0.718709	-7.444298	-1.172428	 0.881568
-1.881604	-6.715521	-0.425937	-0.507301	-6.245353	-1.331866	-4.624198	-0.473343	 0.715834	-7.414521	-1.167731	 1.066293
-1.874078	-6.688659	-0.424205	-0.505272	-6.220372	-1.451344	-4.488327	-0.473343	 0.712971	-7.384863	-1.163057	 1.156153
-1.866581	-6.661904	-0.423339	-0.503251	-6.195490	-1.507941	-4.411686	-0.473343	 0.710119	-7.355323	-1.158403	 1.198591
-1.859115	-6.635256	-0.422906	-0.501238	-6.170708	-1.533111	-4.364696	-0.473343	 0.707279	-7.325902	-1.153769	 1.217328
-1.851679	-6.608715	-0.422689	-0.500231	-6.146025	-1.542579	-4.332566	-0.473343	 0.704450	-7.296598	-1.149153	 1.224225
-1.844272	-6.582280	-0.422581	-0.499728	-6.121441	-1.544209	-4.307900	-0.473343	 0.701632	-7.267412	-1.144556	 1.225210
-1.836895	-6.555951	-0.922527	-0.499476	-6.096955	-1.541932	-4.287000	-0.473343	 0.698825	-7.238342	-1.139978	 1.223251
-1.829547	-6.529728	-1.169655	-0.499351	-6.072568	-1.537715	-4.268018	-0.473343	 0.696030	-7.209389	-1.135418	 1.219829
-1.822229	-6.503609	-0.790385	-0.499288	-6.048277	-1.032539	-4.250029	-0.473343	 0.693246	-7.180551	-1.130876	 1.215685
-1.814940	-6.477594	-0.600750	-0.499256	-6.024084	-0.778896	-4.232570	-0.473343	 0.690473	-7.151829	-1.126353	 1.211190
-1.807680	-6.451684	-0.505933	-0.499240	-5.999988	-0.651024	-4.215411	-0.473343	 0.687711	-7.123222	-1.121848	 1.206529
-1.800450	-6.425877	-0.458524	-0.499233	-5.975988	-0.586042	-4.198435	-0.473343	 0.684960	-7.094729	-1.117360	 1.201795
-1.793248	-6.400174	-0.434820	-0.499229	-5.952084	-0.552509	-4.181584	-0.473343	 0.682220	-7.066350	-1.112891	 1.197033
-1.786075	-6.374573	-0.422968	-0.499227	-5.928276	-0.534704	-4.664829	-0.473343	 0.179491	-7.038084	-1.108439	 1.192268
-1.778930	-6.349075	-0.417042	-0.499226	-5.904562	-0.524768	-4.896155	-0.473343	-0.071873	-7.009932	-1.104005	 1.187511
-1.771815	-6.323678	-0.414079	-0.499225	-5.880944	-0.518771	-4.501563	-0.473343	 0.302445	-6.981892	-1.099589	 1.182766
-1.764727	-6.298384	-0.412597	-0.499225	-5.857420	-0.514746	-4.296053	-0.473343	 0.488250	-6.953965	-1.095191	 1.178038
-1.757669	-6.273190	-0.411856	-0.499225	-5.833991	-0.511712	-4.185117	-0.473343	 0.579805	-6.926149	-1.090810	 0.673327
-1.750638	-6.248097	-0.411486	-0.499225	-5.810655	-0.509178	-4.121501	-0.473343	 0.624239	-6.898444	-1.086447	 0.420972
-1.743635	-6.223105	-0.411301	-0.499225	-5.787412	-0.506898	-4.081577	-0.473343	 0.645119	-6.870851	-1.082101	 0.294794
-1.736661	-6.198212	-0.411208	-0.499225	-5.764263	-0.504749	-4.053532	-0.473343	 0.654227	-6.843367	-1.077773	 0.731706
-1.729714	-6.173420	-0.411162	-0.499225	-5.741206	-0.502669	-4.031458	-0.473343	 0.657454	-6.815994	-1.073462	 0.947824
-1.722795	-6.148726	-0.411139	-0.499225	-5.718241	-0.500627	-4.012402	-0.473343	 0.657747	-6.788730	-1.069168	 1.053555
-1.715904	-6.124131	-0.411127	-0.499225	-5.695368	-0.499607	-3.994888	-0.473343	 0.656577	-6.761575	-1.064891	 1.104102
-1.709041	-6.099635	-0.411121	-0.499225	-5.672586	-0.499097	-4.478176	-0.473343	 0.654681	-6.734529	-1.060632	 1.127067
-1.702204	-6.075236	-0.411119	-0.499225	-5.649896	-0.498841	-4.709897	-0.473343	 0.652428	-6.707590	-1.056389	 1.136249
-1.695396	-6.050935	-0.411117	-0.499225	-5.627296	-0.498714	-4.315874	-0.473343	 0.650001	-6.680760	-1.052164	 1.138549
-1.688614	-6.026731	-0.411116	-0.499225	-5.604787	-0.498650	-4.111019	-0.473343	 0.647492	-6.654037	-1.047955	 1.137417
-1.681859	-6.002624	-0.411116	-0.499225	-5.582368	-0.498618	-4.000779	-0.473343	 0.644948	-6.627421	-1.043763	 1.134579
-1.675132	-5.978614	-0.411116	-0.499225	-5.560039	-0.498602	-3.937878	-0.473343	 0.642391	-6.100911	-1.039588	 1.130896
-1.668432	-5.954699	-0.411116	-0.499225	-5.537798	-0.498594	-3.898678	-0.473343	 0.639832	-5.826508	-1.035430	 1.126800
-1.661758	-5.930881	-0.411116	-0.499225	-5.515647	-0.498590	-4.371359	-0.973343	 0.637279	-6.178202	-1.031288	 1.122507
-1.655111	-5.907157	-0.411116	-0.499225	-5.493585	-0.498588	-4.598011	-1.220396	 0.634733	-6.340989	-1.027163	 1.118124
-1.648490	-5.883528	-0.911116	-0.499225	-5.471610	-0.498587	-4.201688	-0.840988	 0.632195	-6.409375	-1.023054	 1.113705
-1.641896	-5.859994	-1.158293	-0.499225	-5.449724	-0.498587	-3.995916	-0.651284	 0.629667	-6.430612	-1.018962	 1.109277
-1.635329	-5.836554	-0.779071	-0.499225	-5.427925	-0.498587	-4.385449	-0.556432	 0.627149	-6.428327	-1.014886	 1.104853
-1.628787	-5.813208	-0.589460	-0.499225	-5.406213	-0.498586	-4.570666	-0.509006	 0.624640	-6.414333	-1.010827	 1.100440
-1.622272	-5.789955	-0.494655	-0.499225	-5.384588	-0.498586	-4.653763	-0.485293	 0.622142	-6.394535	-1.006783	 1.096042
-1.615783	-5.766796	-0.447252	-0.499225	-5.363050	-0.998586	-4.185837	-0.473436	 0.619653	-6.371886	-1.002756	 1.091660
-1.609320	-5.743728	-0.423551	-0.499225	-5.341598	-1.245589	-3.944439	-0.467508	 0.617175	-6.347864	-0.998745	 1.087294
-1.602883	-5.720753	-0.411700	-0.499225	-5.320231	-0.866105	-4.316333	-0.464544	 0.614706	-6.323205	-0.994750	 1.082945
-1.596471	-5.697870	-0.405775	-0.499225	-5.298950	-0.676364	-4.492904	-0.463062	 0.612247	-6.298278	-0.990771	 1.078613
-1.590085	-5.675079	-0.902812	-0.499225	-5.277755	-0.581493	-4.071851	-0.462321	 0.609798	-6.273268	-0.986808	 1.074299
-1.583725	-5.652379	-1.148531	-0.499225	-5.256644	-0.534057	-3.854022	-0.461950	 0.607359	-6.248266	-0.982861	 1.070002
-1.577390	-5.629769	-0.768602	-0.499225	-5.235617	-1.010339	-3.737836	-0.461765	 0.604930	-6.223319	-0.978929	 0.565722
-1.571081	-5.607250	-0.578637	-0.499225	-5.214675	-1.245507	-3.672499	-0.461672	 0.602510	-6.198449	-0.975014	 0.313582
-1.564796	-5.584821	-0.483655	-0.499225	-5.193816	-1.360130	-3.632617	-0.461626	 0.600100	-6.173666	-0.971114	 0.187512
-1.558537	-5.562482	-0.436164	-0.499225	-5.173041	-0.914492	-3.605490	-0.461603	 0.597699	-6.148977	-0.967229	 0.624477
-1.552303	-5.540232	-0.412419	-0.499225	-5.152348	-0.691673	-3.584770	-0.461591	 0.595309	-6.124384	-0.963360	 0.840837
-1.546094	-5.518071	-0.400546	-0.499225	-5.131739	-0.580263	-3.567282	-0.461585	 0.592927	-6.099888	-0.959507	 0.946902
-1.539909	-5.495999	-0.394609	-0.499225	-5.111212	-0.524558	-3.551438	-0.461583	 0.590556	-6.075489	-0.955669	 0.997829
-1.533750	-5.474015	-0.391641	-0.499225	-5.090767	-0.496706	-3.536445	-0.461581	 0.588193	-6.051188	-0.951846	 1.021195
-1.527615	-5.452119	-0.390157	-0.499225	-5.070404	-0.482780	-3.521906	-0.461580	 0.585841	-6.026983	-0.948039	 1.030788
-1.521504	-5.430310	-0.889415	-0.499225	-5.050123	-0.475817	-3.507621	-0.461580	 0.583497	-6.002875	-0.944246	 1.033505
-1.515418	-5.408589	-1.136267	-0.499225	-5.029922	-0.472335	-3.493492	-0.461580	 0.581163	-5.978864	-0.940469	 1.032790
-1.509357	-5.386954	-0.756926	-0.499225	-5.009802	-0.470594	-3.479469	-0.461580	 0.578839	-5.954949	-0.936708	 1.030369
-1.503319	-5.365407	-0.567256	-0.499225	-4.989763	-0.469724	-3.465527	-0.461580	 0.576523	-5.931129	-0.932961	 1.027102
-1.497306	-5.343945	-0.472421	-0.499225	-4.969804	-0.469289	-3.451652	-0.461580	 0.574217	-5.907404	-0.929229	 1.023421
-1.491317	-5.322569	-0.425003	-0.499225	-4.949925	-0.469071	-3.437839	-0.461580	 0.571920	-5.883775	-0.925512	 1.019541
-1.485351	-5.301279	-0.401295	-0.499225	-4.930125	-0.468962	-3.424085	-0.461580	 0.569633	-5.860240	-0.921810	 1.015570
-1.479410	-5.280074	-0.389440	-0.499225	-4.910405	-0.968908	-3.910387	-0.461580	 0.567354	-5.836799	-0.918123	 1.011561
-1.473492	-5.258954	-0.383513	-0.499225	-4.890763	-1.215943	-4.144745	-0.461580	 0.565085	-5.813451	-0.914450	 1.007542
-1.467598	-5.237918	-0.380549	-0.499225	-4.871200	-0.836534	-3.753165	-0.461580	 0.562824	-5.790198	-0.910792	 1.003525
-1.461728	-5.216966	-0.379068	-0.499225	-4.851715	-0.646830	-3.550653	-0.461580	 0.560573	-5.767037	-0.907149	 0.999517
-1.455881	-5.196098	-0.378327	-0.499225	-4.832308	-0.551978	-3.442700	-0.461580	 0.558331	-5.743969	-0.903521	 0.995523
-1.450058	-5.175314	-0.377956	-0.499225	-4.812979	-0.504552	-3.382054	-0.461580	 0.556097	-5.720993	-0.899907	 0.991542
-1.444257	-5.154613	-0.377771	-0.499225	-4.793727	-0.480839	-3.345088	-0.461580	 0.553873	-5.698109	-0.896307	 0.987577
-1.438480	-5.133994	-0.377678	-0.499225	-4.774552	-0.968983	-3.819989	-0.461580	 0.551658	-5.675316	-0.892722	 0.983627
-1.432726	-5.113458	-0.377632	-0.499225	-4.755454	-1.210140	-4.048850	-0.461580	 0.549451	-5.652615	-0.889151	 0.979693
-1.426995	-5.093004	-0.877609	-0.499225	-4.736432	-0.827816	-3.654725	-0.461580	 0.547253	-5.630005	-0.885594	 0.975774
-1.421287	-5.072632	-1.124842	-0.499225	-4.717487	-0.636654	-3.451141	-0.461580	 0.545064	-5.607485	-0.882052	 0.971871
-1.415602	-5.052342	-0.745715	-0.499225	-4.698617	-1.041073	-3.342854	 0.038420	 0.542884	-5.085055	-0.878524	 0.967984
-1.409940	-5.032132	-0.556151	-0.499225	-4.679822	-1.240392	-3.282241	 0.287343	 0.540712	-4.814714	-0.875010	 0.964112
-1.404300	-5.012004	-0.461369	-0.499225	-4.661103	-0.837172	-3.245492	-0.089267	 0.538549	-5.170456	-0.871510	 0.960255
-1.398683	-4.991956	-0.413978	-0.499225	-4.642458	-0.635562	-3.220699	-0.277573	 0.536395	-5.337274	-0.868023	 0.956414
-1.393088	-4.971988	-0.390283	-0.499225	-4.623889	-0.534757	-3.201912	-0.371726	 0.534250	-5.409675	-0.864551	 0.952589
-1.387516	-4.952100	-0.378435	-0.499225	-4.605393	-0.484354	-3.186151	-0.418802	 0.532113	-5.434911	-0.861093	 0.948778
-1.381966	-4.932292	-0.372511	-0.499225	-4.586972	-0.459153	-3.171930	-0.442340	 0.529984	-5.436609	-0.857649	 0.944983
-1.376438	-4.912562	-0.369549	-0.499225	-4.568624	-0.946552	-3.158505	-0.454109	 0.527864	-5.426581	-0.854218	 0.441203
-1.370932	-4.892912	-0.368068	-0.499225	-4.550349	-1.187384	-3.145501	-0.459994	 0.525753	-5.410734	-0.850801	 0.189313
-1.365448	-4.873341	-0.367328	-0.499225	-4.532148	-0.804943	-3.132735	-0.462936	 0.523650	-4.892021	-0.847398	 0.563368
-1.359987	-4.853847	-0.366957	-0.499225	-4.514019	-0.613723	-3.120112	-0.464407	 0.521555	-4.623918	-0.844009	 0.748521
-1.354547	-4.834432	-0.366772	-0.499225	-4.495963	-0.518113	-3.107585	-0.465143	 0.519469	-4.981154	-0.840633	 0.839230
-1.349129	-4.815094	-0.366680	-0.499225	-4.477979	-0.470308	-3.095132	-0.465511	 0.517391	-5.149096	-0.837270	 0.882725
-1.343732	-4.795834	-0.366633	-0.499225	-4.460067	-0.446405	-3.082740	-0.465695	 0.515322	-5.222433	-0.833921	 0.902619
-1.338357	-4.776650	-0.366610	-0.499225	-4.442227	-0.434454	-3.070403	-0.465786	 0.513260	-4.748510	-0.830585	 0.910722
-1.333004	-4.757544	-0.366599	-0.499225	-4.424458	-0.428479	-3.058118	-0.465832	 0.511207	-4.502999	-0.827263	 0.912935
-1.327672	-4.738514	-0.366593	-0.499225	-4.406760	-0.425491	-3.045885	-0.465855	 0.509162	-4.871729	-0.823954	 0.912212
-1.322361	-4.719560	-0.366590	-0.499225	-4.389133	-0.423997	-3.033700	-0.465867	 0.507126	-5.045612	-0.820658	 0.910027
-1.317072	-4.700681	-0.366589	-0.499225	-4.371577	-0.423250	-3.021565	-0.465873	 0.505097	-5.122115	-0.817375	 0.907119
-1.311803	-4.681879	-0.366588	-0.499225	-4.354090	-0.422876	-3.009479	-0.465876	 0.503077	-5.149970	-0.814106	 0.903857
-1.306556	-4.663151	-0.366588	-0.499225	-4.336674	-0.922690	-3.497441	-0.465877	 0.501065	-4.653541	-0.810849	 0.900424
-1.301330	-4.644498	-0.366587	-0.499225	-4.319327	-1.169751	-3.733451	-0.465878	 0.500058	-4.397013	-0.807606	 0.896914
-1.296124	-4.625920	-0.366587	-0.499225	-4.302050	-1.290448	-3.843517	-0.465878	 0.499555	-4.260467	-0.804376	 0.893372
-1.290940	-4.607417	-0.366587	-0.499225	-4.284842	-0.847975	-3.390643	-0.465878	 0.499304	-4.683947	-0.801158	 0.889821
-1.285776	-4.588987	-0.366587	-0.499225	-4.267702	-0.626738	-3.158330	-0.465878	 0.499178	-4.885472	-0.797954	 0.886274
-1.280633	-4.570631	-0.366587	-0.499225	-4.250632	-0.516119	-3.036322	-0.465878	 0.499115	-4.976060	-0.794762	 0.882734
-1.275511	-4.552349	-0.366587	-0.499225	-4.233629	-0.460810	-2.969489	-0.465878	 0.499084	-5.011221	-0.791583	 0.879206
-1.770409	-4.534139	-0.366587	-0.499225	-4.216695	-0.433156	-3.430268	-0.465878	 0.499068	-4.518709	-0.788416	 0.875691
-2.013327	-4.516003	-0.366587	-0.499225	-4.199828	-0.419328	-3.652875	-0.465878	 0.499060	-4.264400	-0.785263	 0.872189
-1.630274	-4.497939	-0.366587	-0.499225	-4.183029	-0.412415	-3.256427	-0.465878	 0.499056	-4.129226	-0.782122	 0.868700
-1.436252	-4.479947	-0.366587	-0.499225	-4.166296	-0.408958	-3.052483	-0.465878	 0.499054	-4.053651	-0.778993	 0.865226
-1.336757	-4.462027	-0.366587	-0.499225	-4.149631	-0.407229	-2.944815	-0.465878	 0.499053	-4.007907	-0.775877	 0.861765
-1.284535	-4.444179	-0.366587	-0.499225	-4.133033	-0.906365	-2.885306	-0.465878	 0.499053	-4.477111	-0.772774	 0.858318
-1.255960	-4.426402	-0.366587	-0.499225	-4.116501	-1.153122	-2.849900	-0.465878	 0.499052	-4.701820	-0.769683	 0.854885
-1.239217	-4.408697	-0.366587	-0.499225	-4.100035	-0.773701	-2.826568	-0.465878	 0.499052	-4.804321	-0.766604	 0.851465
-1.228401	-4.391062	-0.366587	-0.499225	-4.083634	-0.583990	-2.809295	-0.465878	 0.499052	-4.845759	-0.763537	 0.848059
-1.220558	-4.373498	-0.366587	-0.499225	-4.067300	-0.489135	-2.795075	-0.465878	 0.499052	-4.356703	-0.760483	 0.844667
-1.214211	-4.356004	-0.366587	-0.499225	-4.051031	-0.441707	-2.782403	-0.465878	 0.499052	-4.104440	-0.757441	 0.841288
-1.708621	-4.338580	-0.366587	-0.499225	-4.034827	-0.417993	-2.770528	-0.465878	 0.499052	-4.470604	-0.754412	 0.837923
-1.951421	-4.321225	-0.366587	-0.499225	-4.018687	-0.406136	-2.759073	-0.465878	 0.499052	-4.644012	-0.751394	 0.834571
-2.068432	-4.303940	-0.366587	-0.499225	-4.002613	-0.400208	-2.747850	-0.465878	 0.499052	-4.721081	-0.748388	 0.831233
-2.122567	-4.286725	-0.366587	-0.499225	-3.986602	-0.397244	-2.736766	-0.465878	 0.499052	-4.750020	-0.745395	 0.827908
-2.145281	-4.269578	-0.366587	-0.499225	-3.970656	-0.395762	-2.725772	-0.465878	 0.499052	-4.754931	-0.742413	 0.824597
-1.652302	-4.252499	-0.366587	-0.499225	-3.954773	-0.395021	-2.714845	-0.465878	 0.499052	-4.247867	-0.739444	 0.821298
-1.403493	-4.235489	-0.366587	-0.499225	-3.938954	-0.394650	-2.703974	-0.465878	 0.499052	-3.986853	-0.736486	 0.818013
-1.276780	-4.218548	-0.366587	-0.499225	-3.923198	-0.394465	-2.693153	-0.465878	 0.499052	-3.848895	-0.733540	 0.814741
-1.211123	-4.201673	-0.366587	-0.499225	-3.907505	-0.394372	-2.682377	-0.465878	 0.499052	-3.772494	-0.730606	 0.811482
-1.676004	-4.184867	-0.366587	-0.499225	-3.891875	-0.394326	-2.671646	-0.465878	 0.499052	-3.726901	-0.727683	 0.808236
-1.904162	-4.168127	-0.366587	-0.499225	-3.876308	-0.394303	-2.660959	-0.465878	 0.499052	-3.696742	-0.724773	 0.805003
-2.013977	-4.151455	-0.366587	-0.499225	-3.860803	-0.394291	-2.650315	-0.465878	 0.499052	-3.674329	-0.721873	 0.801783
-1.564637	-4.134849	-0.366587	-0.499225	-3.845359	-0.394285	-2.639713	-0.465878	 0.999052	-4.155819	-0.718986	 0.798576
-1.337736	-4.118309	-0.366587	-0.499225	-3.829978	-0.394282	-2.629154	-0.465878	 1.246054	-4.387290	-0.716110	 0.795382
-1.222064	-4.101836	-0.366587	-0.499225	-3.814658	-0.894281	-2.618638	-0.465878	 0.866569	-3.993787	-0.713246	 0.792200
-1.162015	-4.085429	-0.366587	-0.499225	-3.799399	-1.141492	-2.608163	-0.465878	 0.676826	-3.789835	-0.710393	 0.789031
-1.129787	-4.069087	-0.366587	-0.499225	-3.784202	-1.262320	-2.597730	-0.465878	 0.581955	-4.180688	-0.707551	 0.785875
-1.111477	-4.052811	-0.366587	-0.499225	-3.769065	-1.319967	-2.587340	-0.465878	 0.534519	-4.366971	-0.704721	 0.782732
-1.100136	-4.036600	-0.366587	-0.499225	-3.753989	-0.846036	-2.576990	-0.465878	 0.510802	-3.951006	-0.701902	 0.779601
-1.092288	-4.020453	-0.366587	-0.499225	-3.738973	-0.609070	-2.566682	-0.465878	 0.498943	-3.735953	-0.699094	 0.776482
-1.086195	-4.004371	-0.366587	-0.499225	-3.724017	-0.490587	-2.556415	-0.465878	 0.493013	-3.621385	-0.696298	 0.773377
-1.080989	-3.988354	-0.366587	-0.499225	-3.709121	-0.431346	-2.546190	-0.465878	 0.490049	-3.557088	-0.693513	 0.770283
-1.076234	-3.972400	-0.366587	-0.499225	-3.694284	-0.401725	-2.536005	-0.465878	 0.488566	-3.517953	-0.690739	 0.767202
-1.071714	-3.956511	-0.366587	-0.499225	-3.679507	-0.386915	-2.525861	 0.034122	 0.987825	-3.991428	-0.687976	 0.764133
-1.067319	-3.940685	-0.366587	-0.499225	-3.664789	-0.379510	-2.515758	 0.283053	 1.234480	-4.219236	-0.685224	 0.761077
-1.062996	-3.924922	-0.366587	-0.499225	-3.650130	-0.375807	-2.505695	-0.093545	 0.854846	-3.824246	-0.682483	 0.758032
-1.058717	-3.909222	-0.366587	-0.499225	-3.635529	-0.373956	-2.495672	-0.281844	 0.665028	-3.619892	-0.679753	 0.755000
-1.054469	-3.893585	-0.366587	-0.499225	-3.620987	-0.373030	-2.485689	-0.375993	 0.570120	-4.010884	-0.677034	 0.751980
-1.050244	-3.878011	-0.366587	-0.499225	-3.606503	-0.372567	-2.475746	-0.423068	 0.522665	-4.197577	-0.674326	 0.748972
-1.546040	-3.862499	-0.366587	-0.499225	-3.592077	-0.372336	-2.465843	-0.446605	 0.498938	-4.282154	-0.671629	 0.745976
-1.789854	-3.847049	-0.366587	-0.499225	-3.577709	-0.372220	-2.455980	-0.458374	 0.487075	-4.315710	-0.668942	 0.742992
-1.907693	-3.831661	-0.366587	-0.499225	-3.563398	-0.372162	-2.446156	-0.464259	 0.481143	-4.323789	-0.666266	 0.740020
-1.962562	-3.816334	-0.366587	-0.499225	-3.549145	-0.372133	-2.436371	-0.467201	 0.478177	-4.319165	-0.663601	 0.737060
-1.985962	-3.801069	-0.366587	-0.499225	-3.534948	-0.372119	-2.426626	-0.468672	 0.476694	-4.308224	-0.660947	 0.734112
-1.493643	-3.785865	-0.366587	-0.499225	-3.520808	-0.372112	-2.416919	-0.469407	 0.475952	-3.794158	-0.658303	 0.731176
-1.245481	-3.770721	-0.366587	-0.499225	-3.506725	-0.372108	-2.407252	-0.469775	 0.475582	-3.530566	-0.655670	 0.728251
-1.119405	-3.755638	-0.366587	-0.499225	-3.492698	-0.372106	-2.397623	-0.469959	 0.475396	-3.392235	-0.653047	 0.725338
-1.054381	-3.740616	-0.366587	-0.499225	-3.478727	-0.372105	-2.388032	-0.470051	 0.475304	-3.316562	-0.650435	 0.722437
-1.019890	-3.725653	-0.366587	-0.499225	-2.964812	-0.872105	-2.878480	 0.029903	 0.475257	-3.272244	-0.647833	 0.719547
-1.000673	-3.710751	-0.366587	-0.499225	-2.702953	-1.119361	-3.116966	 0.278820	 0.475234	-3.243629	-0.645242	 0.716669
-0.989102	-3.695908	-0.366587	-0.499225	-2.567141	-1.240255	-3.229498	 0.402224	 0.475223	-3.222892	-0.642661	 0.713802
-0.981362	-3.681124	-0.366587	-0.499225	-2.994373	-0.797980	-2.779080	-0.037126	 0.975217	-3.206118	-0.640090	 0.710947
-0.975544	-3.666400	-0.366587	-0.499225	-3.201145	-0.576843	-2.549214	-0.256801	 1.222263	-3.191353	-0.637530	 0.708103
-0.970696	-3.651734	-0.366587	-0.499225	-3.297716	-0.466274	-2.429642	-0.366638	 0.842848	-3.677617	-0.634980	 0.705271
-0.966340	-3.637127	-0.366587	-0.499225	-3.339212	-0.410989	-2.365236	-0.421557	 0.653140	-3.912422	-0.632440	 0.702449
-0.962238	-3.622579	-0.866587	-0.499225	-3.353199	-0.383347	-2.328431	-0.449016	 0.558287	-3.521530	-0.629910	 0.699640
-0.958271	-3.608088	-1.113854	-0.499225	-3.353458	-0.369526	-2.305446	-0.462746	 0.510860	-3.319822	-0.627390	 0.696841
-1.454379	-3.593656	-0.734765	-0.499225	-3.346880	-0.362616	-2.289388	-0.469611	 0.487146	-3.712732	-0.624881	 0.694054
