-0.013791	-0.499022	 0.012074	-0.417416	-0.499910	 0.158242	-0.439700	-0.496653	 0.349984	 0.146730	-0.487989	-0.498955
-0.256470	-0.499022	 0.255238	-0.417416	-0.499910	 0.164154	-0.439700	-0.498158	 0.349984	 0.146734	-0.493824	-0.498955
 0.122190	-0.499022	-0.123181	-0.417416	-0.499910	 0.167111	-0.439700	-0.498910	 0.349984	 0.146735	-0.496742	-0.498955
 0.310519	-0.499022	-0.311387	-0.417416	-0.499910	 0.168589	-0.439700	-0.499286	 0.349984	 0.146736	-0.498201	-0.498955
 0.404683	-0.499022	-0.405490	-0.417416	-0.499910	 0.169328	-0.439700	-0.499474	 0.349984	 0.146737	-0.498931	-0.498955
 0.451765	-0.499022	-0.452541	-0.417416	-0.499910	 0.169698	-0.439700	-0.499568	 0.349984	 0.146737	-0.499295	-0.498955
 0.475306	-0.499022	-0.476067	-0.417416	-0.499910	 0.169883	-0.439700	-0.499616	 0.349984	 0.146737	-0.499478	-0.498955
 0.487077	-0.499022	-0.487830	-0.417416	-0.499910	 0.169975	-0.439700	-0.499639	 0.349984	 0.146737	-0.499569	-0.498955
 0.492962	-0.499022	-0.493711	-0.417416	-0.499910	 0.170021	-0.439700	-0.499651	 0.349984	 0.146737	-0.499615	-0.498955
-0.004095	-0.499022	-0.496652	-0.417416	-0.499910	 0.170044	-0.439700	 0.000343	 0.349984	 0.146737	-0.499637	-0.498955
-0.251622	-0.499022	-0.498122	-0.417416	-0.499910	 0.170056	-0.439700	 0.249340	 0.349984	 0.146737	-0.499649	-0.498955
-0.375385	-0.499022	-0.498857	-0.417416	-0.499910	-0.329938	-0.439700	-0.126162	 0.349984	 0.146737	-0.499655	-0.498955
-0.437266	-0.499022	-0.499225	-0.417416	-0.499910	-0.578276	-0.439700	-0.312910	 0.349984	 0.146737	-0.499657	-0.498955
 0.031793	-0.499022	-0.499409	-0.417416	-0.499910	-0.200791	-0.439700	 0.093717	 0.349984	 0.146737	-0.499659	-0.498955
 0.265321	-0.499022	-0.499501	-0.417416	-0.499910	-0.012049	-0.439700	 0.296029	 0.349984	 0.146737	-0.499660	-0.498955
 0.382085	-0.499022	-0.499547	-0.417416	-0.499910	-0.417678	-0.439700	-0.102815	 0.349984	 0.146737	-0.499660	-0.498955
 0.440467	-0.499022	-0.499570	-0.417416	-0.499910	-0.618845	-0.439700	-0.301233	 0.349984	 0.146737	-0.499660	-0.498955
 0.469658	-0.499022	-0.499581	-0.417416	-0.499910	-0.717789	-0.439700	-0.400443	 0.349984	 0.146737	-0.499660	-0.498955
-0.015747	-0.499022	-0.499587	-0.417416	-0.499910	-0.265628	-0.439700	-0.450047	 0.349984	 0.146737	-0.499660	-0.498955
-0.257447	-0.499022	-0.499590	-0.417416	-0.499910	-0.039547	-0.439700	-0.474850	 0.349984	 0.146737	-0.499660	-0.498955
 0.121703	-0.499022	-0.499591	-0.417416	-0.499910	 0.073493	-0.439700	-0.487251	 0.349984	 0.146737	-0.499660	-0.498955
 0.310277	-0.499022	-0.499592	-0.417416	-0.499910	 0.130014	-0.439700	-0.493451	 0.349984	 0.146737	-0.499660	-0.498955
 0.404563	-0.499022	-0.499592	-0.417416	-0.499910	-0.341726	-0.439700	-0.496552	 0.349984	 0.146737	-0.499660	-0.498955
 0.451706	-0.499022	-0.499592	-0.417416	-0.499910	-0.575969	-0.439700	-0.498102	 0.349984	 0.146737	-0.499660	-0.498955
-0.024722	-0.499022	-0.499593	-0.417416	-0.499910	-0.191470	-0.439700	-0.498877	 0.349984	 0.146737	-0.499660	-0.498955
-0.261934	-0.499022	-0.499593	-0.417416	-0.499910	 0.000779	-0.439700	-0.499264	 0.349984	 0.146737	-0.499660	-0.498955
-0.380540	-0.499022	-0.499593	-0.417416	-0.499910	 0.096904	-0.439700	-0.499458	 0.349984	 0.146737	-0.499660	-0.498955
 0.060157	-0.499022	-0.499593	-0.417416	-0.499910	 0.144966	-0.439700	-0.499555	 0.349984	 0.146737	-0.499660	-0.498955
 0.279504	-0.499022	-0.499593	-0.417416	-0.499910	 0.168997	-0.439700	-0.499604	 0.349984	 0.146737	-0.499660	-0.498955
 0.389178	-0.499022	-0.499593	-0.417416	-0.499910	 0.181013	-0.439700	-0.499628	 0.349984	 0.146737	-0.499660	-0.498955
 0.444014	-0.499022	-0.499593	-0.417416	-0.499910	 0.187021	-0.439700	-0.499640	 0.349984	 0.146737	-0.499660	-0.498955
 0.471433	-0.499022	-0.499593	-0.417416	-0.499910	-0.309975	-0.439700	-0.499646	 0.349984	 0.146737	-0.499660	-0.498955
 0.485142	-0.499022	-0.499593	-0.417416	-0.499910	-0.556860	-0.439700	-0.499649	 0.349984	 0.146737	-0.499660	-0.498955
 0.491996	-0.499022	-0.499593	-0.417416	-0.499910	-0.178694	-0.439700	 0.000350	 0.349984	 0.146737	-0.499660	-0.498955
 0.495424	-0.499022	-0.499593	-0.417416	-0.499910	 0.010389	-0.439700	 0.249348	 0.349984	 0.146737	-0.499660	-0.498955
 0.497137	-0.499022	 0.000407	-0.417416	-0.499910	 0.104930	-0.439700	-0.626153	 0.349984	 0.146737	-0.499660	-0.498955
 0.497994	-0.499022	 0.249407	-0.417416	-0.499910	 0.152201	-0.439700	-1.060900	 0.349984	 0.146737	-0.499660	-0.498955
 0.498423	-0.499022	 0.373906	-0.417416	-0.499910	 0.175836	-0.439700	-1.275282	 0.349984	 0.146737	-0.499660	-0.498955
 0.498637	-0.499022	 0.436156	-0.417416	-0.499910	-0.312346	-0.439700	-0.879494	 0.349984	 0.146737	-0.499660	-0.498955
 0.498744	-0.499022	 0.467281	-0.417416	-0.499910	-0.554836	-0.439700	-0.681600	 0.349984	 0.146737	-0.499660	-0.498955
 0.498797	-0.499022	 0.482843	-0.417416	-0.499910	-0.174487	-0.439700	-0.082653	 0.349984	 0.146737	-0.499660	 0.001045
 0.498824	-0.499022	 0.490624	-0.417416	-0.499910	 0.015688	-0.439700	 0.215788	 0.349984	 0.146737	-0.499660	 0.250043
 0.498838	-0.499022	-0.005485	-0.417416	-0.499910	 0.610775	-0.439700	 0.363980	 0.349984	 0.146737	 0.000340	 0.374542
 0.498844	-0.499022	-0.252536	-0.417416	-0.499910	 0.905907	-0.439700	 0.437052	 0.349984	 0.146737	 0.249339	 0.436792
 0.498848	-0.499022	-0.376062	-0.417416	 0.000090	 1.051071	 0.060300	 0.472568	 0.349984	 0.146737	 0.373839	 0.467916
 0.498849	-0.499022	-0.437825	-0.417416	 0.249090	 1.121261	 0.309180	 0.489309	 0.349984	 0.146737	 0.436089	 0.483479
 0.498850	-0.499022	-0.468706	-0.417416	 0.373590	 1.153973	 0.432503	 0.496668	 0.349984	 0.146737	 0.467213	 0.491260
 0.498851	-0.499022	 0.015853	-0.417416	 0.435840	 2.167955	 1.493053	 0.999339	 0.849984	 0.646737	 0.482776	 0.495150
 0.498851	-0.499022	 0.257132	-0.417416	 0.466965	 2.668583	 2.018221	 1.247671	 1.097285	 0.894444	 0.490557	 0.497096
 0.498851	-0.499022	 0.377771	-0.417416	 0.482527	 3.412558	 2.775718	 2.368845	 1.218245	 1.016013	 0.494448	 0.498068
 0.498851	-0.499022	 0.438091	-0.417416	 0.490308	 3.776232	 3.147401	 2.922452	 1.276047	 1.074522	 0.496393	 0.498555
 0.498851	-0.499022	 0.468251	-0.417416	 0.994199	 4.949790	 3.326203	 3.692303	 1.302281	 1.101511	 0.497366	 0.498798
 0.498851	-0.499022	 0.483331	-0.417416	 1.243148	 5.524322	 3.408595	 4.068304	 1.312740	 1.112748	 0.497852	 0.498919
 0.498851	-0.499022	 0.490870	-0.417416	 1.364638	 5.799390	 3.942809	 4.247416	 1.315324	 1.116119	 0.498095	 0.498980
 0.498851	-0.499022	 0.494640	-0.417416	 1.422411	 5.924775	 4.200961	 4.328119	 1.313980	 1.115565	 0.498217	 0.499011
 0.498851	-0.499022	 0.496525	-0.417416	 1.448337	 5.975368	 4.321120	 4.359653	 1.310682	 1.113058	 0.498278	 0.499026
 0.498851	-0.499022	 0.497468	-0.417416	 0.958352	 4.988612	 3.372316	 3.366638	 0.806419	 0.609584	 0.498308	 0.499033
 0.498851	-0.499022	 0.497939	-0.417416	 0.713359	 4.487230	 2.893067	 2.865383	 0.554287	 0.357846	 0.498323	 0.499037
 0.498851	-0.499022	 0.498175	-0.417416	 0.590863	 3.728568	 2.148615	 2.110027	 0.428221	 0.231978	 0.498331	 0.499039
 0.498851	-0.499022	 0.498293	-0.417416	 0.529615	 3.343297	 1.773581	 1.729640	 0.365188	 0.169043	 0.498335	 0.499040
 0.498851	-0.499022	 0.498352	-0.417416	-0.001009	 2.644745	 1.083267	 1.036748	 0.333672	 0.137576	 0.498337	 0.499041
 0.498851	-0.499022	 0.498381	-0.417416	-0.265258	 2.291577	 0.738110	 0.690302	 0.317914	 0.121843	 0.498337	 0.499041
 0.498851	-0.499022	-0.001604	-0.417416	 0.103676	 1.611116	 0.565531	 0.517079	 0.310035	 0.113976	 0.498338	 0.499041
 0.498851	-0.499022	-0.250594	-0.417416	 0.288144	 1.269024	 0.479242	 0.430467	 0.306095	 0.110043	 0.498338	 0.499041
 0.498851	-0.499022	-0.375088	-0.417416	 0.380377	 1.096125	 0.436097	 0.387161	 0.304125	 0.108076	 0.498338	 0.499041
 0.498851	-0.499022	-0.437336	-0.417416	-0.073506	 1.007828	-0.085475	 0.365508	 0.303140	 0.107093	-0.001662	-0.000959
 0.498851	-0.499022	-0.468460	-0.417416	-0.299393	 0.961841	-0.345047	 0.354682	 0.302648	 0.106601	-0.250658	-0.249957
 0.498851	-0.499022	 0.015979	-0.417416	-0.411285	 0.437016	-0.473624	 0.349269	 0.302402	 0.106355	 0.124843	-0.374456
 0.498851	-0.499022	 0.257197	-0.417416	-0.466185	 0.174603	-0.536708	 0.346562	 0.302279	 0.106232	 0.311594	-0.436706
-0.001149	-0.499022	 0.377806	-0.417416	-0.492593	 0.043397	-0.567050	 0.345209	 0.302217	 0.106171	-0.095031	 0.032170
-0.250147	-0.499022	 0.438111	-0.417416	-0.504759	-0.022206	-0.581027	 0.344532	 0.302186	 0.106140	-0.297341	 0.265605
 0.125354	-0.499022	 0.468263	-0.417416	-0.509808	-0.055008	-0.586825	-0.155806	 0.302171	 0.106125	 0.101505	 0.382323
 0.312103	-0.499022	 0.483339	-0.417416	-0.511303	-0.071409	-0.588539	-0.404663	 0.302163	 0.106117	 0.299927	 0.440682
-0.094522	-0.499022	 0.490877	-0.417416	-0.511025	-0.579609	-0.588215	-0.527784	 0.302159	 0.106113	 0.399138	 0.469861
-0.296833	-0.499022	 0.494646	-0.417416	-0.509864	-0.831534	-0.586878	-0.088043	 0.302157	 0.106111	-0.051257	-0.015549
-0.397988	-0.499022	 0.496531	-0.417416	-0.508267	-0.955329	-0.585038	 0.131827	 0.302156	 0.106110	-0.275451	-0.257252
 0.051434	-0.499022	 0.497473	-0.417416	-0.506455	-0.515069	-0.582952	 0.241763	 0.302156	 0.106110	-0.387548	-0.378104
 0.275144	-0.499022	 0.497944	-0.417416	-0.504539	-0.294938	-0.580747	 0.296730	 0.302156	 0.106109	-0.443596	-0.438530
 0.386999	-0.499022	 0.498180	-0.417416	-0.502576	-0.184873	-0.578487	 0.324214	 0.302156	 0.106109	-0.471620	-0.468743
 0.442926	-0.499022	 0.498297	-0.417416	-0.500594	-0.129841	-0.576205	 0.337956	 0.302155	 0.106109	-0.485632	-0.483849
 0.470890	-0.499022	 0.498356	-0.417416	-0.499602	-0.102324	-1.073916	-0.155173	 0.302155	 0.106109	-0.492638	-0.491402
 0.484871	-0.499022	 0.498386	-0.417416	-0.499107	-0.088566	-1.319628	-0.400441	 0.302155	 0.106109	-0.496141	-0.495179
 0.491862	-0.499022	 0.498400	-0.417416	-0.498859	-0.081687	-0.939354	-0.021784	 0.302155	 0.106109	-0.497893	-0.497067
 0.495358	-0.499022	 0.498408	-0.417416	-0.498735	-0.078248	-0.748098	 0.167545	 0.302155	 0.106109	-0.498769	-0.498011
 0.497106	-0.499022	 0.498411	-0.417416	-0.498673	-0.076528	-0.651357	 0.262209	 0.302155	 0.106109	-0.499207	-0.498483
 0.497979	-0.499022	 0.498413	-0.417416	-0.498642	-0.075668	-0.601877	-0.190458	 0.302155	 0.106109	-0.499426	-0.498719
 0.498416	-0.499022	 0.498414	-0.417416	-0.498626	-0.075238	-0.576032	-0.415506	 0.302155	 0.106109	-0.499535	-0.498837
 0.498635	-0.499022	-0.001585	-0.417416	-0.498619	-0.075023	-0.562009	-0.026749	 0.302155	 0.106109	-0.499590	-0.498896
 0.498744	-0.499022	-0.250582	-0.417416	-0.498615	-0.074915	-0.553902	 0.167630	 0.302155	 0.106109	-0.499617	-0.498926
 0.498799	-0.499022	-0.375080	-0.417416	-0.498613	-0.074862	-0.548757	 0.264819	 0.302155	 0.106109	-0.499631	-0.498941
 0.498826	-0.499022	-0.437329	-0.417416	-0.498612	-0.074835	-0.545097	 0.313414	 0.302155	 0.106109	-0.499638	-0.498948
-0.001160	-0.499022	-0.468454	-0.417416	-0.498611	-0.074821	-0.542184	-0.162289	 0.302155	 0.106109	-0.499641	 0.001048
-0.250151	-0.499022	-0.484016	-0.417416	-0.498611	-0.074815	-0.539649	-0.398864	 0.302155	 0.106109	-0.499643	 0.250044
-0.374647	-0.499022	-0.491797	-0.417416	-0.498611	-0.074811	-0.537307	-0.515881	 0.302155	 0.106109	-0.499644	 0.374542
 0.063106	-0.499022	-0.495688	-0.417416	-0.498611	-0.074810	-0.535067	-0.573124	 0.302155	 0.106109	-0.499644	-0.063209
 0.280980	-0.499022	-0.497633	-0.417416	-0.498611	-0.074809	-0.532881	-0.600484	 0.302155	 0.106109	-0.499644	-0.281082
 0.389917	-0.499022	-0.498606	-0.417416	-0.498611	-0.074808	-0.530726	-0.612909	 0.302155	 0.106109	-0.499644	-0.390019
 0.444386	-0.499022	-0.499092	-0.417416	-0.498611	-0.074808	-0.528592	-0.617870	 0.302155	 0.106109	-0.499644	-0.444487
 0.471620	-0.499022	-0.499335	-0.417416	-0.498611	-0.574808	-0.526472	-0.619105	 0.302155	-0.393891	-0.499644	-0.471722
 0.485237	-0.499022	-0.499457	-0.417416	-0.498611	-0.822658	-0.524363	-0.618482	 0.302155	-0.642103	-0.499644	-0.485339
-0.007954	-0.499022	-0.499518	-0.417416	-0.498611	-0.944443	-0.522264	-0.616935	 0.302155	-0.264429	-0.499644	-0.492147
-0.253548	-0.499022	-0.499548	-0.417416	-0.498611	-1.003202	-0.520174	-0.614931	 0.302155	-0.075591	-0.499644	-0.495552
-0.376344	-0.499022	-0.499563	-0.417416	-0.498611	-1.030458	-0.518093	-0.612703	 0.302155	 0.018827	-0.499644	-0.497254
-0.437743	-0.499022	-0.499571	-0.417416	-0.498611	-1.041971	-1.016021	-0.610368	 0.302155	 0.066037	-0.499644	-0.498105
-0.468442	-0.499022	-0.499575	-0.417416	-0.498611	-1.045620	-1.261957	-0.607984	 0.302155	 0.089641	-0.499644	-0.498530
-0.483791	-0.499022	-0.499577	-0.417416	-0.498611	-0.545346	-0.881909	-0.605581	 0.302155	 0.101444	-0.499644	-0.498743
-0.491466	-0.499022	-0.499578	-0.417416	-0.498611	-0.295209	-0.690881	-0.603173	 0.302155	 0.107345	-0.499644	-0.498849
 0.004696	-0.499022	-0.499578	-0.417416	-0.498611	-0.170141	-0.595367	-0.600768	 0.302155	 0.110295	-0.499644	-0.498903
 0.251776	-0.499022	-0.499578	-0.417416	-0.498611	-0.107606	-0.547610	-0.598368	 0.302155	 0.111771	-0.499644	-0.498929
 0.375316	-0.499022	-0.499578	-0.417416	-0.498611	-0.076339	-0.523732	-0.595977	 0.302155	 0.112508	-0.499644	-0.498942
 0.437086	-0.499022	-0.499578	-0.417416	-0.498611	-0.060706	-0.511793	-0.593594	 0.302155	 0.112877	-0.499644	-0.498949
 0.467971	-0.499022	-0.499578	-0.417416	-0.498611	-0.052889	-0.505823	-0.591220	 0.302155	 0.113062	-0.499644	-0.498952
-0.016587	-0.499022	-0.499579	-0.417416	-0.498611	-0.548980	-0.502838	-0.588855	 0.302155	 0.113154	-0.499644	-0.498954
-0.257863	-0.499022	-0.499579	-0.417416	-0.498611	-0.794936	-0.501346	-0.586500	 0.302155	 0.113200	-0.499644	-0.498955
 0.121498	-0.499022	-0.499579	-0.417416	-0.498611	-0.415832	-0.500600	-0.084154	 0.302155	 0.113223	-0.499644	-0.498955
 0.310178	-0.499022	-0.499579	-0.417416	-0.498611	-0.226280	-0.500226	 0.167019	 0.302155	 0.113234	-0.499644	-0.498956
-0.095483	-0.499022	-0.499579	-0.417416	-0.498611	-0.631504	-0.500040	-0.207394	 0.302155	 0.113240	-0.499644	-0.498956
-0.297311	-0.499022	-0.499579	-0.417416	-0.498611	-0.832043	-0.499947	-0.393438	 0.302155	 0.113243	-0.499644	-0.498956
 0.101775	-0.499022	-0.499579	-0.417416	-0.498611	-0.930247	-0.499900	-0.485300	 0.302155	 0.113245	-0.499644	-0.498956
 0.300317	-0.499022	-0.499579	-0.417416	-0.498611	-0.977292	-0.499877	-0.530077	 0.302155	 0.113245	-0.499644	-0.498956
 0.399587	-0.499022	-0.499579	-0.417416	-0.498611	-0.998766	-0.499865	-0.551316	 0.302155	 0.113246	-0.499644	-0.498956
 0.449223	-0.499022	-0.499579	-0.417416	-0.498611	-1.007462	-0.499859	-0.560790	 0.302155	 0.113246	-0.499644	-0.498956
 0.474040	-0.499022	-0.499579	-0.417416	-0.498611	-1.009778	-0.499856	-0.564387	 0.302155	 0.113246	-0.499644	-0.498956
 0.486449	-0.499022	-0.499579	-0.417416	-0.498611	-1.008912	-0.499855	-0.565049	 0.302155	 0.113246	-0.499644	-0.498956
 0.492653	-0.499022	-0.499579	-0.417416	-0.498611	-1.006463	-0.499854	-0.564249	 0.302155	 0.113246	-0.499644	-0.498956
-0.004244	-0.499022	-0.499579	-0.417416	-0.498611	-1.003230	-0.499854	-0.562722	 0.302155	 0.113246	-0.499644	-0.498956
-0.251691	-0.499022	-0.499579	-0.417416	-0.498611	-0.999614	-0.499854	-0.560836	 0.302155	 0.113246	-0.499644	-0.498956
-0.375414	-0.499022	-0.499579	-0.417416	-0.498611	-0.995814	-0.499853	-0.558775	 0.302155	 0.113246	-0.499644	-0.498956
-0.437276	-0.499022	-0.499579	-0.417416	-0.498611	-0.991930	-0.499853	-0.556631	 0.302155	 0.113246	-0.499644	-0.498956
-0.468207	-0.499022	-0.499579	-0.417416	-0.498611	-0.988012	-0.499853	-0.554450	 0.302155	 0.113246	-0.499644	-0.498956
-0.483672	-0.499022	-0.499579	-0.417416	-0.498611	-0.984084	-0.499853	-0.552255	 0.302155	 0.113246	-0.499644	-0.498956
-0.491405	-0.499022	-0.499579	-0.417416	-0.498611	-0.980160	-0.499853	-0.550058	 0.302155	 0.113246	-0.499644	-0.498956
 0.004729	-0.499022	-0.499579	-0.417416	-0.498611	-0.976246	-0.499853	-0.547863	 0.302155	 0.113246	-0.499644	-0.498956
 0.251794	-0.499022	-0.499579	-0.417416	-0.498611	-0.972344	-0.499853	-0.545675	 0.302155	 0.113246	-0.499644	-0.498956
-0.124674	-0.499022	-0.499579	-0.417416	-0.498611	-0.468456	-0.499853	-0.543493	 0.302155	-0.386754	-0.499644	-0.498956
-0.311905	-0.499022	-0.499579	-0.417416	-0.498611	-0.216512	-0.499853	-0.541320	 0.302155	-0.634980	-0.499644	-0.498956
 0.094479	-0.499022	-0.499579	-0.417416	-0.498611	-0.590540	-0.499853	-0.539155	 0.302155	-0.257327	-0.499644	-0.498956
 0.296670	-0.499022	-0.499579	-0.417416	-0.498611	-0.775625	-0.499853	-0.536999	 0.302155	-0.068501	-0.499644	-0.498956
 0.397765	-0.499022	-0.499579	-0.417416	-0.498611	-0.866246	-0.499853	-0.534851	 0.302155	 0.025913	-0.499644	-0.498956
-0.051687	-0.499022	-0.499579	-0.417416	-0.498611	-0.909643	-0.499853	-0.532711	 0.302155	 0.073119	-0.499644	-0.498956
-0.275411	-0.499022	-0.499579	-0.417416	-0.498611	-0.929435	-0.499853	-0.530581	 0.302155	 0.096723	-0.499644	-0.498956
-0.387273	-0.499022	-0.499579	-0.417416	-0.498611	-0.437433	-0.499853	-0.528458	 0.302155	 0.108524	-0.499644	-0.498956
-0.443204	-0.499022	-0.499579	-0.417416	-0.498611	-0.191432	-0.499853	-0.526344	 0.302155	 0.114425	-0.499644	-0.498956
 0.028830	-0.499022	-0.499579	-0.417416	-0.498611	-0.568431	-0.499853	-0.524239	 0.302155	-0.382625	-0.499644	-0.498956
 0.263846	-0.499022	-0.499579	-0.417416	-0.498611	-0.755040	-0.499853	-0.522142	 0.302155	-0.629390	-0.499644	-0.498956
 0.381353	-0.499022	-0.499579	-0.417416	-0.498611	-0.846461	-0.499853	-0.020054	 0.302155	-0.251020	-0.499644	-0.498956
 0.440107	-0.499022	-0.499579	-0.417416	-0.498611	-0.890296	-0.499853	 0.230991	 0.302155	-0.061836	-0.499644	-0.498956
 0.469484	-0.499022	-0.499579	-0.417416	-0.498611	-0.910345	-0.499853	 0.356513	 0.302155	 0.032757	-0.499644	-0.498956
 0.484173	-0.499022	-0.499579	-0.417416	-0.498611	-0.918509	-0.499853	 0.419274	 0.302155	 0.080053	-0.499644	-0.498956
 0.491517	-0.499022	-0.499579	-0.417416	-0.498611	-0.920738	-0.499853	 0.450654	 0.302155	 0.103701	-0.499644	-0.498956
-0.004811	-0.499022	-0.499579	-0.417416	-0.498611	-0.920006	-0.499853	-0.033655	 0.302155	 0.115525	-0.499644	-0.498956
-0.251973	-0.499022	-0.499579	-0.417416	-0.498611	-0.917801	-0.499853	-0.274774	 0.302155	 0.121437	-0.499644	-0.498956
 0.124447	-0.499022	-0.499579	-0.417416	-0.498611	-0.414868	-0.499853	 0.105698	 0.302155	 0.124393	-0.499644	-0.498956
 0.311654	-0.499022	-0.499579	-0.417416	-0.498611	-0.163401	-0.499853	 0.295934	 0.302155	 0.125871	-0.499644	-0.498956
 0.405258	-0.499022	-0.499579	-0.417416	-0.498611	-0.037668	-0.499853	-0.108948	 0.302155	 0.126610	 0.000356	-0.498956
 0.452060	-0.499022	-0.499579	-0.417416	-0.498611	 0.025199	-0.499853	-0.310361	 0.302155	 0.126980	 0.249355	-0.498956
 0.475461	-0.499022	-0.499579	-0.417416	-0.498611	 0.056632	-0.499853	-0.410044	 0.302155	 0.127164	 0.373854	-0.498956
-0.012838	-0.499022	-0.499579	-0.417416	-0.498611	-0.427651	-0.499853	-0.458866	 0.302155	-0.872743	-0.063896	-0.498956
-0.255986	-0.499022	-0.499579	-0.417416	-0.498611	-0.667969	-0.499853	-0.482262	 0.302155	-1.368952	-0.281768	-0.498956
-0.377559	-0.499022	-0.499579	-0.417416	-0.498611	-0.286312	-0.499853	-0.492948	 0.302155	-1.113326	-0.390703	-0.498956
-0.438346	-0.499022	-0.499579	-0.417416	-0.498611	-0.095483	-0.499853	-0.497284	 0.302155	-0.983797	-0.445171	-0.498956
-0.468740	-0.499022	-0.499579	-0.417416	-0.498611	-0.500068	-0.499853	-0.498449	 0.302155	-0.417324	-0.472405	-0.498956
-0.483936	-0.499022	-0.499579	-0.417416	-0.498611	-0.700552	-0.499853	-0.499031	 0.302155	-0.134088	-0.486022	-0.498956
-0.491535	-0.499022	-0.499579	-0.417416	-0.498611	-0.798991	-0.499853	-0.499323	 0.302155	 0.007530	-0.492831	-0.498956
-0.495334	-0.499022	-0.499579	-0.417416	-0.498611	-0.846416	-0.499853	-0.499468	 0.302155	 0.078339	-0.496235	-0.498956
-0.497234	-0.499022	-0.499579	-0.417416	-0.498611	-0.868341	-0.499853	-0.499541	 0.302155	 0.113744	-0.497937	-0.498956
 0.001817	-0.499022	-0.499579	-0.417416	-0.498611	-0.877523	-0.499853	-0.499577	 0.302155	 0.131446	-0.498788	-0.498956
 0.250340	-0.499022	-0.499579	-0.417416	-0.498611	-0.880341	-0.499853	-0.499596	 0.302155	 0.140297	-0.499214	-0.498956
-0.125398	-0.499022	-0.499579	-0.417416	-0.498611	-0.379983	-0.499853	-0.499605	 0.302155	 0.144723	-0.499427	-0.498956
-0.312265	-0.499022	-0.499579	-0.417416	-0.498611	-0.129804	-0.499853	-0.499609	 0.302155	 0.146935	-0.499533	-0.498956
-0.405699	-0.499022	-0.499579	-0.417416	-0.498611	-0.004715	-0.499853	 0.000388	 0.302155	 0.148042	-0.499586	-0.498956
-0.452415	-0.499022	-0.499579	-0.417416	-0.498611	 0.057830	-0.499853	 0.249387	 0.302155	 0.148595	-0.499613	-0.498956
 0.024226	-0.499022	-0.499579	-0.417416	-0.498611	 0.089102	-0.499853	-0.126114	 0.302155	 0.148872	-0.499626	-0.498956
 0.261545	-0.499022	-0.499579	-0.417416	-0.498611	 0.104738	-0.499853	-0.312862	 0.302155	 0.149010	-0.499633	-0.498956
 0.380205	-0.499022	-0.499579	-0.417416	-0.498611	 0.112556	-0.499853	-0.406235	 0.302155	 0.149079	-0.499636	-0.498956
 0.439535	-0.499022	-0.499579	-0.417416	-0.498611	-0.383535	-0.499853	 0.047078	 0.302155	 0.149114	-0.499638	-0.498956
 0.469200	-0.499022	-0.499579	-0.417416	-0.498611	-0.629821	-0.499853	 0.272734	 0.302155	 0.149131	-0.499639	-0.498956
 0.484032	-0.499022	-0.499579	-0.417416	-0.498611	-0.251212	-0.499853	-0.114438	 0.302155	 0.149140	-0.499639	-0.498956
 0.491448	-0.499022	-0.499579	-0.417416	-0.498611	-0.061907	-0.499853	-0.307021	 0.302155	 0.149144	-0.499639	-0.498956
 0.495156	-0.499022	-0.499579	-0.417416	-0.498611	-0.467255	-0.499853	-0.403313	 0.302155	 0.149146	-0.499639	-0.498956
 0.497010	-0.499022	-0.499579	-0.417416	-0.498611	-0.668183	-0.499853	-0.451458	 0.302155	 0.149147	-0.499639	-0.498956
 0.497937	-0.499022	-0.499579	-0.417416	-0.498611	-0.266910	-0.499853	-0.475531	 0.302155	 0.149148	-0.499639	-0.498956
 0.498401	-0.499022	-0.499579	-0.417416	-0.498611	-0.066273	-0.499853	-0.487568	 0.302155	 0.149148	-0.499639	-0.498956
-0.001367	-0.499022	-0.499579	-0.417416	-0.498611	 0.034046	-0.499853	-0.493586	 0.302155	 0.149148	-0.499639	-0.498956
-0.250249	-0.499022	-0.499579	-0.417416	-0.498611	 0.084205	-0.499853	-0.496595	 0.302155	 0.149148	-0.499639	-0.498956
-0.374690	-0.499022	-0.499579	-0.417416	-0.498611	 0.109285	-0.499853	-0.498100	 0.302155	 0.149148	-0.499639	-0.498956
-0.436911	-0.499022	 0.000421	-0.417416	-0.498611	 0.121824	-0.499853	-0.498852	 0.302155	 0.149148	-0.499639	-0.498956
-0.468021	-0.499022	 0.249421	-0.417416	-0.498611	 0.128094	-0.499853	-0.499228	 0.302155	 0.149148	-0.499639	-0.498956
-0.483576	-0.499022	-0.126080	-0.417416	-0.498611	-0.368771	-0.499853	-0.499416	 0.302155	-0.350852	-0.499639	-0.498956
-0.491353	-0.499022	-0.312827	-0.417416	-0.498611	-0.615472	-0.499853	-0.499510	 0.302155	-0.599150	-0.499639	-0.498956
 0.004758	-0.499022	-0.406200	-0.417416	-0.498611	-0.237098	-0.499853	-0.499557	 0.302155	-0.221604	-0.499639	-0.498956
 0.251812	-0.499022	-0.452887	-0.417416	-0.498611	-0.047911	-0.499853	-0.499581	 0.302155	-0.032831	-0.499639	-0.498956
-0.124661	-0.499022	-0.476231	-0.417416	-0.498611	 0.046682	-0.499853	 0.000408	 0.302155	-0.438445	-0.499639	-0.498956
-0.311896	-0.499022	-0.487902	-0.417416	-0.498611	 0.093979	-0.499853	 0.249401	 0.302155	-0.639564	-0.499639	-0.498956
-0.405513	-0.499022	-0.493738	-0.417416	-0.498611	 0.117627	-0.499853	 0.373898	 0.302155	-0.738442	-0.499639	-0.498956
 0.047679	-0.499022	-0.496656	-0.417416	-0.498611	 0.129451	-0.499853	-0.063854	 0.302155	-0.286206	-0.499639	-0.498956
 0.273273	-0.499022	-0.498115	-0.417416	-0.498611	 0.135363	-0.499853	-0.281727	 0.302155	-0.060088	-0.499639	-0.498956
-0.113930	-0.499022	 0.001156	-0.417416	-0.498611	 0.138319	-0.499853	-0.390663	 0.302155	 0.052971	-0.499639	-0.498956
-0.306530	-0.499022	 0.249790	-0.417416	-0.498611	 0.139798	-0.499853	-0.445131	 0.302155	 0.109500	-0.499639	-0.498956
 0.097171	-0.499022	-0.125893	-0.417416	-0.498611	 0.140537	-0.499853	-0.472365	 0.302155	-0.362235	-0.499639	-0.498956
 0.298019	-0.499022	-0.312731	-0.417416	-0.498611	 0.140906	-0.499853	-0.485982	 0.302155	-0.596435	-0.499639	-0.498956
-0.101557	-0.499022	-0.406150	-0.417416	-0.498611	-0.358909	-0.499853	-0.492791	 0.302155	-0.211873	-0.499639	-0.498956
-0.300342	-0.499022	-0.452860	-0.417416	-0.498611	-0.607099	-0.499853	-0.496195	 0.302155	-0.019593	-0.499639	-0.498956
-0.399735	-0.499022	-0.476215	-0.417416	-0.498611	-0.729484	-0.499853	-0.497897	 0.302155	 0.076548	-0.499639	-0.498956
 0.050569	-0.499022	-0.487892	-0.417416	-0.498611	-0.288972	-0.499853	-0.498748	 0.302155	 0.124618	-0.499639	-0.498956
 0.274719	-0.499022	-0.493731	-0.417416	-0.498611	-0.068717	-0.499853	-0.499174	 0.302155	 0.148653	-0.499639	-0.498956
 0.386794	-0.499022	-0.496650	-0.417416	-0.498611	 0.041411	-0.499853	-0.499386	 0.302155	 0.160671	-0.499639	-0.498956
 0.442831	-0.499022	-0.498110	-0.417416	-0.498611	 0.096475	-0.499853	-0.499493	 0.302155	 0.166679	-0.499639	-0.498956
-0.029150	-0.499022	-0.498839	-0.417416	-0.498611	 0.124007	-0.499853	-0.499546	 0.302155	-0.330316	-0.499639	-0.498956
-0.264138	-0.499022	-0.499204	-0.417416	-0.498611	 0.137773	-0.499853	-0.499573	 0.302155	-0.577159	-0.499639	-0.498956
 0.118367	-0.499022	-0.499387	-0.417416	-0.498611	 0.144656	-0.499853	 0.000414	 0.302155	-0.198933	-0.499639	-0.498956
 0.308619	-0.499022	-0.499478	-0.417416	-0.498611	 0.148098	-0.499853	 0.249407	 0.302155	-0.009820	-0.499639	-0.498956
 0.403744	-0.499022	-0.499524	-0.417416	-0.498611	 0.149818	-0.499853	 0.373903	 0.302155	 0.084737	-0.499639	-0.498956
 0.451307	-0.499022	-0.499546	-0.417416	-0.498611	-0.349321	-0.499853	-0.063849	 0.302155	 0.132015	-0.499639	-0.498956
 0.475088	-0.499022	-0.499558	-0.417416	-0.498611	-0.597194	-0.499853	-0.281722	 0.302155	 0.155654	-0.499639	-0.498956
-0.013021	-0.499022	-0.499564	-0.417416	-0.498611	-0.219441	-0.499853	 0.109342	 0.302155	 0.167474	-0.499639	-0.498956
-0.256073	-0.499022	-0.499566	-0.417416	-0.498611	-0.030564	-0.499853	 0.303873	 0.302155	 0.173384	-0.499639	-0.498956
 0.122400	-0.499022	-0.499568	-0.417416	-0.498611	-0.436125	-0.499853	-0.098862	 0.302155	 0.176338	-0.499639	-0.498956
 0.310636	-0.499022	-0.499569	-0.417416	-0.498611	-0.637223	-0.499853	-0.299226	 0.302155	 0.177816	-0.499639	-0.498956
 0.404753	-0.499022	-0.499569	-0.417416	-0.498611	-0.236095	-0.499853	-0.399408	 0.302155	-0.321445	-0.499639	-0.498956
 0.451812	-0.499022	-0.499569	-0.417416	-0.498611	-0.035531	-0.499853	-0.449499	 0.302155	-0.569435	-0.499639	-0.498956
 0.475341	-0.499022	-0.499569	-0.417416	-0.498611	 0.064751	-0.499853	-0.474544	 0.302155	-0.691794	-0.499639	-0.498956
-0.012894	-0.499022	-0.499569	-0.417416	-0.498611	-0.385108	-0.499853	-0.487067	 0.302155	-0.751346	-0.499639	-0.498956
-0.256009	-0.499022	-0.499569	-0.417416	-0.498611	-0.608367	-0.499853	-0.493328	 0.302155	-0.779500	-0.499639	-0.498956
-0.377567	-0.499022	-0.499569	-0.417416	-0.498611	-0.218334	-0.499853	 0.003541	 0.302155	-0.791962	-0.499639	-0.498956
-0.438346	-0.499022	-0.499569	-0.417416	-0.498611	-0.023317	-0.499853	 0.250975	 0.302155	-0.796584	-0.499639	-0.498956
-0.468735	-0.499022	 0.000431	-0.417416	-0.498611	 0.074191	-0.499853	-0.125308	 0.302155	-0.297292	-0.499639	-0.498956
-0.483930	-0.499022	 0.249430	-0.417416	-0.498611	 0.122945	-0.499853	-0.312447	 0.302155	-0.047646	-0.499639	-0.498956
 0.008473	-0.499022	-0.126071	-0.417416	-0.498611	-0.352678	-0.499853	-0.406016	 0.302155	 0.077176	-0.499639	-0.498956
 0.253672	-0.499022	-0.312818	-0.417416	-0.498611	-0.588832	-0.499853	-0.452800	 0.302155	 0.139588	-0.499639	-0.498956
 0.376272	-0.499022	-0.406191	-0.417416	-0.498611	-0.705260	-0.499853	-0.476193	 0.302155	 0.170794	-0.499639	-0.498956
-0.062428	-0.499022	-0.452878	-0.417416	-0.498611	-0.261830	-0.499853	-0.487889	 0.302155	 0.186396	-0.499639	-0.498956
-0.280776	-0.499022	-0.476221	-0.417416	-0.498611	-0.040115	-0.499853	-0.493737	 0.302155	 0.194198	-0.499639	-0.498956
-0.389950	-0.499022	-0.487893	-0.417416	-0.498611	 0.070742	-0.499853	 0.003339	 0.302155	-0.301901	-0.499639	-0.498956
-0.444537	-0.499022	-0.493729	-0.417416	-0.498611	 0.126171	-0.499853	 0.250876	 0.302155	-0.548355	-0.499639	-0.498956
 0.028170	-0.499022	 0.003353	-0.417416	-0.498611	-0.346115	-0.499853	-0.125355	 0.302155	-0.169992	-0.499639	-0.498956
 0.263521	-0.499022	 0.250893	-0.417416	-0.498611	-0.580621	-0.499853	-0.312468	 0.302155	 0.019189	-0.499639	-0.498956
-0.118803	-0.499022	-0.125337	-0.417416	-0.498611	-0.196244	-0.499853	-0.406024	 0.302155	 0.113780	-0.499639	-0.498956
-0.308963	-0.499022	-0.312448	-0.417416	-0.498611	-0.004055	-0.499853	-0.452802	 0.302155	 0.161075	-0.499639	-0.498956
-0.404043	-0.499022	-0.406004	-0.417416	-0.498611	 0.092039	-0.499853	-0.476191	 0.302155	 0.184723	-0.499639	-0.498956
 0.048417	-0.499022	-0.452782	-0.417416	-0.498611	-0.359914	-0.499853	-0.487886	 0.302155	 0.196547	-0.499639	-0.498956
 0.273646	-0.499022	-0.476171	-0.417416	-0.498611	-0.584266	-0.499853	-0.493733	 0.302155	 0.202459	-0.499639	-0.498956
-0.113740	-0.499022	-0.487866	-0.417416	-0.498611	-0.194825	-0.499853	 0.003343	 0.302155	-0.294585	-0.499639	-0.498956
-0.306431	-0.499022	-0.493713	-0.417416	-0.498611	-0.000105	-0.499853	 0.250881	 0.302155	-0.541524	-0.499639	-0.498956
 0.097224	-0.499022	-0.496637	-0.417416	-0.498611	 0.097255	-0.499853	-0.125351	 0.302155	-0.663417	-0.499639	-0.498956
 0.298049	-0.499022	-0.498098	-0.417416	-0.498611	 0.145935	-0.499853	-0.312463	 0.302155	-0.722792	-0.499639	-0.498956
 0.398462	-0.499022	-0.498829	-0.417416	-0.498611	-0.329725	-0.499853	-0.406019	 0.302155	-0.250916	-0.499639	-0.498956
 0.448668	-0.499022	-0.499195	-0.417416	-0.498611	-0.565944	-0.499853	-0.452797	 0.302155	-0.014977	-0.499639	-0.498956
 0.473772	-0.499022	-0.499377	-0.417416	-0.498611	-0.682449	-0.499853	-0.476187	 0.302155	 0.102992	-0.499639	-0.498956
 0.486323	-0.499022	-0.499469	-0.417416	-0.498611	-0.239104	-0.499853	-0.487881	 0.302155	 0.161976	-0.499639	-0.498956
 0.492599	-0.499022	-0.499515	-0.417416	-0.498611	-0.017431	-0.499853	-0.493728	 0.302155	 0.191468	-0.499639	-0.498956
 0.495737	-0.499022	-0.499537	-0.417416	-0.498611	 0.093405	-0.499853	-0.496652	 0.302155	 0.206215	-0.499639	-0.498956
 0.497306	-0.499022	-0.499549	-0.417416	-0.498611	 0.148823	-0.499853	-0.498114	 0.302155	 0.213588	-0.499639	-0.498956
 0.498090	-0.499022	-0.499555	-0.417416	-0.498611	-0.323468	-0.499853	-0.498845	 0.302155	 0.217274	-0.499639	-0.498956
 0.498483	-0.499022	-0.499557	-0.417416	-0.498611	-0.558021	-0.499853	-0.499210	 0.302155	 0.219117	-0.499639	-0.498956
 0.498679	-0.499022	-0.499559	-0.417416	-0.498611	-0.673713	-0.499853	-0.499393	 0.302155	 0.220039	-0.499639	-0.498956
 0.498777	-0.499022	-0.499559	-0.417416	-0.498611	-0.729980	-0.499853	-0.499484	 0.302155	 0.220500	-0.499639	-0.498956
 0.498826	-0.499022	-0.499560	-0.417416	-0.498611	-0.756541	-0.499853	-0.499530	 0.302155	 0.220730	-0.499639	-0.498956
 0.498850	-0.499022	 0.000440	-0.417416	-0.498611	-0.268256	-0.499853	-0.499553	 0.302155	 0.220846	-0.499639	-0.498956
 0.498863	-0.499022	 0.249439	-0.417416	-0.498611	-0.024113	-0.499853	-0.499564	 0.302155	 0.220903	-0.499639	-0.498956
 0.498869	-0.499022	-0.126061	-0.417416	-0.498611	-0.402042	-0.499853	-0.499570	 0.302155	 0.220932	-0.499639	-0.498956
 0.498872	-0.499022	-0.312809	-0.417416	-0.498611	-0.589446	-0.499853	-0.499573	 0.302155	 0.220946	-0.499639	-0.498956
-0.001127	-0.499022	-0.406182	-0.417416	-0.498611	-0.181594	-0.499853	 0.000426	 0.302155	 0.220954	-0.499639	-0.498956
-0.250124	-0.499022	-0.452869	-0.417416	-0.498611	 0.022331	-0.499853	 0.249424	 0.302155	 0.220957	-0.499639	-0.498956
 0.125378	-0.499022	-0.476212	-0.417416	-0.498611	 0.124294	-0.499853	-0.126077	 0.302155	 0.220959	-0.499639	-0.498956
 0.312127	-0.499022	-0.487884	-0.417416	-0.498611	 0.175276	-0.499853	-0.312824	 0.302155	 0.220960	-0.499639	-0.498956
 0.405501	-0.499022	-0.493720	-0.417416	-0.498611	-0.299234	-0.499853	-0.406197	 0.302155	 0.220960	-0.499639	-0.498956
 0.452189	-0.499022	-0.496638	-0.417416	-0.498611	-0.534941	-0.499853	-0.452884	 0.302155	 0.220961	-0.499639	-0.498956
 0.475532	-0.499022	-0.498097	-0.417416	-0.498611	-0.651253	-0.499853	-0.476228	 0.302155	 0.220961	-0.499639	-0.498956
-0.012796	-0.499022	-0.498826	-0.417416	-0.498611	-0.207874	-0.499853	 0.012101	 0.302155	 0.220961	-0.499639	-0.498956
-0.255958	-0.499022	-0.499191	-0.417416	-0.498611	 0.013816	-0.499853	 0.255264	 0.302155	 0.220961	-0.499639	-0.498956
 0.122461	-0.499022	-0.499373	-0.417416	-0.498611	 0.124660	-0.499853	-0.123154	 0.302155	 0.220961	-0.499639	-0.498956
 0.310669	-0.499022	-0.499465	-0.417416	-0.498611	 0.180083	-0.499853	-0.311360	 0.302155	 0.220961	-0.499639	-0.498956
-0.095227	-0.499022	 0.000490	-0.417416	-0.498611	-0.292206	-0.499853	-0.405463	 0.302155	-0.279039	-0.499639	-0.498956
-0.297173	-0.499022	 0.249466	-0.417416	-0.498611	-0.526822	-0.499853	-0.452515	 0.302155	-0.527481	-0.499639	-0.498956
 0.101854	-0.499022	-0.126046	-0.417416	-0.498611	-0.642606	-0.499853	-0.476041	 0.302155	-0.150150	-0.499639	-0.498956
 0.300366	-0.499022	-0.312798	-0.417416	-0.498611	-0.698982	-0.499853	-0.487804	 0.302155	 0.038515	-0.499639	-0.498956
 0.399622	-0.499022	-0.406175	-0.417416	-0.498611	-0.725659	-0.499853	-0.493685	 0.302155	 0.132848	-0.499639	-0.498956
 0.449250	-0.499022	-0.452863	-0.417416	-0.498611	-0.737493	-0.499853	-0.496626	 0.302155	 0.180014	 0.000361	-0.498956
 0.474064	-0.499022	-0.476207	-0.417416	-0.498611	-0.741911	-0.499853	-0.498096	 0.302155	 0.203597	 0.249360	-0.498956
 0.486471	-0.499022	-0.487879	-0.417416	-0.498611	-0.742628	-0.499853	 0.001169	 0.302155	 0.215389	-0.126140	-0.498956
 0.492674	-0.499022	-0.493715	-0.417416	-0.498611	-0.741499	-0.499853	 0.249800	 0.302155	 0.221285	-0.312887	-0.498956
 0.495776	-0.499022	-0.496633	-0.417416	-0.498611	-0.239454	-0.499853	-0.125884	 0.302155	-0.275767	-0.406261	-0.498956
 0.497327	-0.499022	-0.498092	-0.417416	-0.498611	 0.011568	-0.499853	-0.312723	 0.302155	-0.522748	-0.452947	-0.498956
 0.498102	-0.499022	-0.498822	-0.417416	-0.498611	 0.137079	-0.499853	-0.406142	 0.302155	-0.144698	-0.476291	-0.498956
 0.498490	-0.499022	-0.499187	-0.417416	-0.498611	 0.199835	-0.499853	-0.452852	 0.302155	 0.044326	-0.487963	-0.498956
 0.498684	-0.499022	-0.499369	-0.417416	-0.498611	 0.231213	-0.499853	-0.476207	 0.302155	 0.138838	-0.493798	-0.498956
 0.498781	-0.499022	-0.499460	-0.417416	-0.498611	-0.253098	-0.499853	-0.487884	 0.302155	 0.186095	-0.496716	-0.498956
 0.498829	-0.499022	-0.499506	-0.417416	-0.498611	-0.493779	-0.499853	-0.493723	 0.302155	 0.209723	-0.498175	-0.498956
-0.001147	-0.499022	-0.499528	-0.417416	-0.498611	-0.612651	-0.499853	-0.496643	 0.302155	 0.221537	-0.498905	-0.498956
-0.250132	-0.499022	-0.499540	-0.417416	-0.498611	-0.670623	-0.499853	-0.498102	 0.302155	 0.227444	-0.499269	-0.498956
 0.125375	-0.499022	-0.499546	-0.417416	-0.498611	-0.198152	-0.499853	-0.498832	 0.302155	 0.230397	-0.499452	-0.498956
 0.312127	-0.499022	-0.499548	-0.417416	-0.498611	 0.038083	-0.499853	-0.499197	 0.302155	 0.231874	-0.499543	-0.498956
 0.405503	-0.499022	-0.499550	-0.417416	-0.498611	 0.156201	-0.499853	-0.499379	 0.302155	 0.232612	-0.499589	-0.498956
 0.452191	-0.499022	-0.499551	-0.417416	-0.498611	 0.215260	-0.499853	-0.499471	 0.302155	 0.232982	-0.499611	-0.498956
 0.475535	-0.499022	-0.499551	-0.417416	-0.498611	 0.244789	-0.499853	-0.499516	 0.302155	 0.233166	-0.499623	-0.498956
 0.487207	-0.499022	-0.499551	-0.417416	-0.498611	-0.240446	-0.499853	-0.499539	 0.302155	 0.233259	-0.499629	-0.498956
 0.493043	-0.499022	-0.499551	-0.417416	-0.498611	-0.481612	-0.499853	-0.499550	 0.302155	 0.233305	-0.499631	-0.498956
 0.495961	-0.499022	-0.499551	-0.417416	-0.498611	-0.100750	-0.499853	-0.499556	 0.302155	 0.233328	-0.499633	-0.498956
 0.497420	-0.499022	-0.499551	-0.417416	-0.498611	 0.089681	-0.499853	-0.499559	 0.302155	 0.233339	-0.499634	-0.498956
 0.498149	-0.499022	-0.499551	-0.417416	-0.498611	 0.184897	-0.499853	-0.499560	 0.302155	 0.233345	-0.499634	-0.498956
 0.498514	-0.499022	-0.499551	-0.417416	-0.498611	 0.232505	-0.499853	-0.499561	 0.302155	 0.233348	-0.499634	-0.498956
 0.498696	-0.499022	-0.499551	-0.417416	-0.498611	 0.256308	-0.499853	-0.499562	 0.302155	 0.233349	-0.499634	-0.498956
 0.498787	-0.499022	-0.499551	-0.417416	-0.498611	 0.268210	-0.499853	-0.499562	 0.302155	 0.233350	-0.499634	-0.498956
 0.498833	-0.499022	-0.499551	-0.417416	-0.498611	 0.274161	-0.499853	-0.499562	 0.302155	 0.233350	-0.499634	-0.498956
 0.498856	-0.499022	 0.000449	-0.417416	-0.498611	 0.277137	-0.499853	-0.499562	 0.302155	 0.233351	-0.499634	-0.498956
 0.498867	-0.499022	 0.249448	-0.417416	-0.498611	 0.278625	-0.499853	-0.499562	 0.302155	 0.233351	-0.499634	-0.498956
-0.001127	-0.499022	 0.373947	-0.417416	-0.498611	 0.279368	-0.499853	-0.499562	 0.302155	 0.233351	-0.499634	-0.498956
-0.250122	-0.499022	 0.436197	-0.417416	-0.498611	 0.279740	-0.499853	-0.499562	 0.302155	 0.233351	-0.499634	-0.498956
 0.125381	-0.499022	-0.032678	-0.417416	-0.498611	 0.279926	-0.499853	-0.499562	 0.302155	-0.266649	-0.499634	-0.498956
 0.312130	-0.499022	-0.266112	-0.417416	-0.498611	 0.280019	-0.499853	-0.499562	 0.302155	-0.515116	-0.499634	-0.498956
 0.405505	-0.499022	-0.382830	-0.417416	-0.498611	-0.219934	-0.499853	-0.499562	 0.302155	-0.137822	-0.499634	-0.498956
 0.452192	-0.499022	-0.441188	-0.417416	-0.498611	-0.468471	-0.499853	-0.499562	 0.302155	 0.050825	-0.499634	-0.498956
 0.475536	-0.499022	-0.470368	-0.417416	-0.498611	-0.591306	-0.499853	-0.499562	 0.302155	 0.145148	-0.499634	-0.498956
 0.487208	-0.499022	-0.484957	-0.417416	-0.498611	-0.151295	-0.499853	 0.000438	 0.302155	 0.192310	-0.499634	-0.498956
 0.493044	-0.499022	-0.492252	-0.417416	-0.498611	 0.068711	-0.499853	 0.249437	 0.302155	 0.215891	-0.499634	-0.498956
 0.495962	-0.499022	-0.495899	-0.417416	-0.498611	-0.321286	-0.499853	-0.126063	 0.302155	 0.227681	-0.499634	-0.498956
 0.497421	-0.499022	-0.497723	-0.417416	-0.498611	-0.514862	-0.499853	-0.312810	 0.302155	 0.233577	-0.499634	-0.498956
 0.498150	-0.499022	-0.498635	-0.417416	-0.498611	-0.110233	-0.499853	-0.406184	 0.302155	 0.236524	-0.499634	-0.498956
 0.498515	-0.499022	-0.499091	-0.417416	-0.498611	 0.092081	-0.499853	-0.452871	 0.302155	 0.237998	-0.499634	-0.498956
-0.001303	-0.499022	-0.499319	-0.417416	-0.498611	 0.193238	-0.499853	-0.476214	-0.197845	 0.238735	-0.499634	-0.498956
-0.250209	-0.499022	-0.499433	-0.417416	-0.498611	 0.243817	-0.499853	-0.487886	-0.446449	 0.239103	-0.499634	-0.498956
-0.374663	-0.499022	-0.499490	-0.417416	-0.498611	 0.269106	-0.499853	-0.493722	-0.569361	 0.239288	-0.499634	-0.498956
 0.063111	-0.499022	-0.499518	-0.417416	-0.498611	-0.218249	-0.499853	-0.496639	-0.129432	 0.239380	-0.499634	-0.498956
 0.280996	-0.499022	-0.499533	-0.417416	-0.498611	-0.460516	-0.499853	-0.498098	 0.090532	 0.239426	-0.499634	-0.498956
 0.389938	-0.499022	-0.499540	-0.417416	-0.498611	-0.080243	-0.499853	-0.498828	 0.200514	-0.260551	-0.499634	-0.498956
 0.444409	-0.499022	-0.499543	-0.417416	-0.498611	 0.109893	-0.499853	-0.499193	 0.255505	-0.509019	-0.499634	-0.498956
 0.471645	-0.499022	-0.499545	-0.417416	-0.498611	 0.204961	-0.499853	-0.499375	 0.283001	-0.131737	-0.499634	-0.498956
 0.485263	-0.499022	-0.499546	-0.417416	-0.498611	 0.252495	-0.499853	-0.499466	 0.296748	 0.056903	-0.499634	-0.498956
-0.007928	-0.499022	-0.499546	-0.417416	-0.498611	 0.276262	-0.499853	-0.499512	 0.303622	 0.151223	-0.499634	-0.498956
-0.253522	-0.499022	-0.499547	-0.417416	-0.498611	 0.288145	-0.499853	-0.499535	 0.307059	 0.198384	-0.499634	-0.498956
-0.376318	-0.499022	-0.499547	-0.417416	-0.498611	 0.294087	-0.499853	-0.499546	 0.308778	 0.221964	-0.499634	-0.498956
