-0.250089	-0.499022	-0.499250	-0.329373	-0.499177	-0.278429	-0.487447	-0.487597	 0.325943	 0.421932	-0.499585	-0.498962
-0.374565	-0.499022	-0.499250	-0.329373	-0.499177	-0.388317	-0.487447	-0.487789	 0.325943	 0.421933	-0.499585	-0.498962
-0.436803	-0.499022	-0.499250	-0.329373	-0.499177	-0.443260	-0.487447	-0.487885	 0.325943	 0.421934	-0.499585	-0.498962
 0.032078	-0.499022	-0.499250	-0.329373	-0.499177	-0.470732	-0.487447	-0.487933	 0.325943	 0.421935	-0.499585	-0.498962
 0.265516	-0.499022	-0.499250	-0.329373	-0.499177	-0.484468	-0.487447	-0.487957	 0.325943	 0.421935	-0.499585	-0.498962
-0.117764	-0.499022	-0.499250	-0.329373	-0.499177	-0.491336	-0.487447	 0.012031	 0.325943	 0.421935	-0.499585	-0.498962
-0.308403	-0.499022	-0.499250	-0.329373	-0.499177	-0.494770	-0.487447	 0.261001	 0.325943	 0.421935	-0.499585	-0.498962
-0.403722	-0.499022	-0.499250	-0.329373	-0.499177	-0.496487	-0.487447	 0.384466	 0.325943	 0.421935	-0.499585	-0.498962
 0.048619	-0.499022	-0.499250	-0.329373	-0.499177	 0.002655	-0.487447	-0.054817	 0.325943	 0.421935	-0.499585	-0.498962
 0.273787	-0.499022	-0.499250	-0.329373	-0.499177	 0.251222	-0.487447	-0.274459	 0.325943	 0.421935	-0.499585	-0.498962
-0.113629	-0.499022	-0.499250	-0.329373	-0.499177	-0.124495	-0.487447	-0.384279	 0.325943	 0.421935	-0.499585	-0.498962
-0.306335	-0.499022	-0.499250	-0.329373	-0.499177	-0.311353	-0.487447	-0.439190	 0.325943	 0.421935	-0.499585	-0.498962
-0.402688	-0.499022	-0.499250	-0.329373	-0.499177	-0.404781	-0.487447	-0.466645	 0.325943	 0.421935	-0.499585	-0.498962
-0.450864	-0.499022	-0.499250	-0.329373	-0.499177	-0.451496	-0.487447	-0.480373	 0.325943	 0.421935	-0.499585	-0.498962
 0.025048	-0.499022	-0.499250	-0.329373	-0.499177	 0.025147	-0.487447	-0.487236	 0.325943	 0.421935	-0.499585	-0.498962
 0.262002	-0.499022	-0.499250	-0.329373	-0.499177	 0.262465	-0.487447	-0.490668	 0.325943	 0.421935	-0.499585	-0.498962
 0.380479	-0.499022	-0.499250	-0.329373	-0.499177	 0.381124	-0.487447	-0.492384	 0.325943	 0.421935	-0.499585	-0.498962
 0.439717	-0.499022	-0.499250	-0.329373	-0.499177	-0.059547	-0.487447	-0.493242	 0.325943	 0.421935	-0.499585	-0.498962
 0.469336	-0.499022	-0.499250	-0.329373	-0.499177	-0.278882	-0.487447	-0.493671	 0.325943	 0.421935	-0.499585	-0.498962
 0.484146	-0.499022	-0.499250	-0.329373	-0.499177	 0.111451	-0.487447	-0.493886	 0.325943	 0.421935	-0.499585	-0.498962
 0.491551	-0.499022	-0.499250	-0.329373	-0.499177	 0.305614	-0.487447	-0.493993	 0.325943	 0.421935	-0.499585	-0.498962
-0.004747	-0.499022	-0.499250	-0.329373	-0.499177	 0.402695	-0.487447	 0.005953	 0.325943	 0.421935	-0.499585	-0.498962
-0.251894	-0.499022	-0.499250	-0.329373	-0.499177	 0.451236	-0.487447	 0.254915	 0.325943	 0.421935	-0.499585	-0.498962
-0.375467	-0.499022	-0.499250	-0.329373	-0.499177	-0.024494	-0.487447	-0.121612	 0.325943	 0.421935	-0.499585	-0.498962
-0.437254	-0.499022	-0.499250	-0.329373	-0.499177	-0.261358	-0.487447	-0.309876	 0.325943	 0.421935	-0.499585	-0.498962
-0.468147	-0.499022	-0.499250	-0.329373	-0.499177	-0.379791	-0.487447	-0.404008	 0.325943	 0.421935	-0.499585	-0.498962
 0.016406	-0.499022	-0.499250	-0.329373	-0.499177	 0.060993	-0.487447	 0.048927	 0.325943	 0.421935	-0.499585	-0.498962
 0.257681	-0.499022	-0.499250	-0.329373	-0.499177	 0.280382	-0.487447	 0.274390	 0.325943	 0.421935	-0.499585	-0.498962
 0.378319	-0.499022	-0.499250	-0.329373	-0.499177	 0.390076	-0.487447	-0.112878	 0.325943	 0.421935	-0.499585	-0.498962
 0.438637	-0.499022	-0.499250	-0.329373	-0.499177	 0.444923	-0.487447	-0.305512	 0.325943	 0.421935	-0.499585	-0.498962
 0.468797	-0.499022	-0.499250	-0.329373	-0.499177	-0.027654	-0.487447	-0.401829	 0.325943	 0.421935	-0.499585	-0.498962
 0.483876	-0.499022	-0.499250	-0.329373	-0.499177	-0.262941	-0.487447	-0.449988	 0.325943	 0.421935	-0.499585	-0.498962
-0.008584	-0.499022	-0.499250	-0.329373	-0.499177	 0.119415	-0.487447	-0.474067	 0.325943	 0.421935	-0.499585	-0.498962
-0.253812	-0.499022	-0.499250	-0.329373	-0.499177	 0.309589	-0.487447	-0.486107	 0.325943	 0.421935	-0.499585	-0.498962
-0.376426	-0.499022	-0.499250	-0.329373	-0.499177	 0.404677	-0.487447	-0.492126	 0.325943	 0.421935	-0.499585	-0.498962
-0.437733	-0.499022	-0.499250	-0.329373	-0.499177	-0.047780	-0.487447	-0.495136	 0.325943	 0.421935	-0.499585	-0.498962
-0.468386	-0.499022	-0.499250	-0.329373	-0.499177	-0.273007	-0.487447	-0.496641	 0.325943	 0.421935	-0.499585	-0.498962
 0.016287	-0.499022	-0.499250	-0.329373	-0.499177	-0.385621	-0.487447	 0.002606	 0.325943	 0.421935	-0.499585	-0.498962
 0.257622	-0.499022	-0.499250	-0.329373	-0.499177	-0.441928	-0.487447	 0.251226	 0.325943	 0.421935	-0.499585	-0.498962
 0.378289	-0.499022	-0.499250	-0.329373	-0.499177	 0.029918	-0.487447	-0.124464	 0.325943	 0.421935	-0.499585	-0.498962
 0.438623	-0.499022	-0.499250	-0.329373	-0.499177	 0.264838	-0.487447	-0.311308	 0.325943	 0.421935	-0.499585	-0.498962
 0.468789	-0.499022	 0.000750	-0.329373	-0.499177	 0.382298	-0.487447	 0.095269	 0.325943	 0.421935	-0.499585	 0.001038
 0.483873	-0.499022	 0.249749	-0.329373	-0.499177	 0.441028	-0.487447	 0.297554	 0.325943	 0.421935	-0.499585	 0.250036
 0.491415	-0.499022	 0.374248	-0.329373	-0.499177	 0.470393	-0.487447	 0.398697	 0.325943	 0.421935	-0.499585	 0.374535
 0.495185	-0.499022	-0.063502	-0.329373	 0.000823	 0.985075	-0.487447	 0.449268	 0.325943	 0.421935	-0.499585	 0.436785
 0.497071	-0.499022	-0.281375	-0.329373	 0.249822	 1.239417	-0.487447	 0.474554	 0.325943	 0.421935	-0.499585	 0.467909
-0.001986	-0.499022	 0.109689	-0.329373	-0.125679	 1.363600	 0.012553	 0.487197	 0.325943	 0.421935	 0.000415	 0.483472
-0.250513	-0.499022	 0.304219	-0.329373	-0.312427	 1.422716	 0.261528	 0.493518	 0.325943	 0.421935	 0.249414	 0.491253
-0.374776	-0.499022	 0.401484	-0.329373	-0.405801	 1.949311	 0.384994	 0.996679	 0.325943	 0.421935	-0.126086	 0.495144
-0.436908	-0.499022	 0.450117	-0.329373	-0.452488	 2.207656	 0.445711	 1.245260	 0.325943	 0.421935	-0.312833	 0.497089
-0.467974	-0.499022	 0.474433	-0.329373	 0.024168	 2.831897	 0.975056	 1.366562	 0.325943	 0.421935	 0.093793	 0.498061
-0.483507	-0.499022	 0.486591	-0.329373	 0.261495	 3.137105	 1.236720	 1.424238	 0.325943	 0.421935	 0.296105	 0.498548
 0.008727	-0.499022	 0.492670	-0.329373	 0.380158	 2.782824	 1.364555	 1.450112	 0.325943	 0.421935	 0.397262	 0.498791
 0.253842	-0.499022	 0.495710	-0.329373	 0.439490	 2.600827	 1.425488	 1.460097	 0.325943	 0.421935	 0.447840	 0.498913
 0.376399	-0.499022	 0.497230	-0.329373	 0.469156	 2.504991	 1.452981	 1.462149	 0.325943	 0.421935	 0.473129	 0.498973
 0.437678	-0.499022	 0.497989	-0.329373	 0.483989	 2.952254	 0.963767	 1.460247	 0.325943	 0.421935	-0.014227	 0.499004
 0.468317	-0.499022	 0.498369	-0.329373	 0.491405	 3.169087	 0.719160	 1.456379	 0.325943	 0.421935	-0.256901	 0.499019
 0.483637	-0.499022	 0.498559	-0.329373	 0.495113	 2.270731	 0.596857	 1.451540	 0.325943	 0.421935	 0.121761	 0.499027
-0.008703	-0.499022	 0.498654	-0.329373	 0.496967	 1.818809	 0.035705	 0.946227	 0.325943	 0.421935	 0.310092	 0.499030
-0.253871	-0.499022	 0.498702	-0.329373	 0.497894	 1.590114	-0.243820	 0.693571	 0.325943	 0.421935	 0.404257	 0.499032
 0.123545	-0.499022	 0.498726	-0.329373	 0.498358	 1.473044	 0.117464	 0.567243	 0.325943	 0.421935	-0.048660	-0.000967
 0.311251	-0.499022	 0.498738	-0.329373	 0.498590	 1.411796	 0.298106	 0.504079	 0.325943	 0.421935	-0.274116	-0.249964
 0.405104	-0.499022	 0.498743	-0.329373	 0.498706	 1.378472	 0.388427	 0.472496	 0.325943	 0.421935	-0.386843	-0.374463
-0.047970	-0.499022	 0.498746	-0.329373	 0.498763	 0.859119	-0.066412	 0.456705	 0.325943	 0.421935	-0.443207	 0.063287
-0.273504	-0.499022	 0.498748	-0.329373	 0.498792	 0.599443	-0.292790	 0.448810	 0.325943	 0.421935	-0.471389	 0.281161
 0.113728	-0.499022	 0.498749	-0.329373	-0.001193	 0.469605	-0.404940	 0.444862	 0.325943	 0.421935	-0.485480	-0.109903
 0.306343	-0.499022	 0.498749	-0.329373	-0.250183	 0.404686	-0.459981	 0.442888	 0.325943	 0.421935	-0.492526	-0.304433
 0.402650	-0.499022	 0.498749	-0.329373	-0.374679	 0.372226	-0.486471	 0.441901	 0.325943	 0.421935	-0.496049	-0.401697
 0.450804	-0.499022	 0.498749	-0.329373	-0.436926	 0.355996	-0.498691	 0.441408	 0.325943	 0.421935	-0.497810	-0.450330
 0.474880	-0.499022	 0.498749	-0.329373	-0.468050	 0.347881	-0.503778	 0.441161	 0.325943	 0.421935	-0.498691	 0.025354
 0.486919	-0.499022	 0.498749	-0.329373	-0.483612	 0.343824	-0.505305	 0.441038	 0.325943	 0.421935	-0.499131	 0.262194
 0.492938	-0.499022	 0.498749	-0.329373	-0.491393	 0.341795	-0.505054	 0.440976	 0.325943	 0.421935	-0.499351	 0.380614
-0.004052	-0.499022	 0.498749	-0.329373	-0.495283	-0.159219	-0.503919	-0.059055	 0.325943	 0.421935	-0.499461	-0.060176
-0.251545	-0.499022	 0.498749	-0.329373	-0.497229	-0.408406	-0.502346	-0.307952	 0.325943	 0.421935	-0.499516	-0.279570
-0.375292	-0.499022	 0.498749	-0.329373	-0.498201	-0.031684	-0.500558	-0.431287	 0.325943	 0.421935	-0.499544	-0.389266
-0.437165	-0.499022	 0.498749	-0.329373	-0.498688	 0.156677	-0.499664	-0.491845	 0.325943	 0.421935	-0.499557	-0.444114
-0.468102	-0.499022	-0.001251	-0.329373	-0.498931	 0.250857	-0.499217	-0.021019	 0.325943	 0.421935	-0.499564	-0.471538
-0.483570	-0.499022	-0.250248	-0.329373	-0.499052	 0.297948	-0.498993	 0.214393	 0.325943	 0.421935	-0.499568	-0.485251
 0.008696	-0.499022	-0.374747	-0.329373	-0.499113	 0.321493	-0.498882	-0.167900	 0.325943	 0.421935	-0.499570	-0.492107
 0.253827	-0.499022	-0.436996	-0.329373	-0.499143	 0.333265	-0.498826	-0.357947	 0.325943	 0.421935	-0.499570	-0.495535
 0.376392	-0.499022	-0.468121	-0.329373	-0.499159	 0.339152	-0.498798	-0.451874	 0.325943	 0.421935	-0.499571	-0.497249
-0.062325	-0.499022	 0.016317	-0.329373	-0.499166	-0.157905	-0.498784	 0.002254	 0.325943	 0.421935	-0.499571	-0.498106
-0.280682	-0.499022	 0.257534	-0.329373	-0.499170	-0.405124	-0.498777	 0.229318	 0.325943	 0.421935	-0.499571	-0.498534
-0.389860	-0.499022	-0.121857	-0.329373	-0.499172	-0.527428	-0.498773	 0.342850	 0.325943	 0.421935	-0.499571	-0.498748
-0.444449	-0.499022	-0.310550	-0.329373	-0.499173	-0.587281	-0.498772	 0.399616	 0.325943	 0.421935	-0.499571	-0.498855
-0.471744	-0.499022	-0.404897	-0.329373	-0.499173	-0.615913	-0.498771	-0.072001	 0.325943	 0.421935	-0.499571	-0.498909
-0.485391	-0.499022	-0.452070	-0.329373	-0.499174	-0.628940	-0.498770	-0.306722	 0.325943	 0.421935	-0.499571	-0.498936
-0.492215	-0.499022	-0.475657	-0.329373	-0.499174	-0.634170	-0.498770	-0.423000	 0.325943	 0.421935	-0.499571	-0.498949
-0.495626	-0.499022	-0.487450	-0.329373	-0.499174	-0.635506	-0.498770	-0.480060	 0.325943	 0.421935	-0.499571	-0.498956
-0.497332	-0.499022	-0.493347	-0.329373	-0.499174	-0.634900	-0.498770	-0.507516	 0.325943	 0.421935	-0.499571	-0.498959
 0.001815	-0.499022	-0.496295	-0.329373	-0.499174	-0.633329	-0.998770	-0.520174	 0.325943	 0.421935	-0.499571	-0.498961
 0.250386	-0.499022	-0.497769	-0.329373	-0.499174	-0.631279	-1.245772	-0.525437	 0.325943	 0.421935	-0.499571	-0.498962
-0.125328	-0.499022	-0.498507	-0.329373	-0.499174	-0.128996	-0.866288	-0.527008	 0.325943	 0.421935	-0.499571	-0.498962
-0.312183	-0.499022	-0.498875	-0.329373	-0.499174	 0.122145	-0.676546	-0.526736	 0.325943	 0.421935	-0.499571	-0.498962
-0.405610	-0.499022	-0.499059	-0.329373	-0.499174	-0.252284	-0.581675	-0.525547	 0.325943	 0.421935	-0.499571	-0.498963
-0.452324	-0.499022	-0.499152	-0.329373	-0.499174	-0.438245	-0.534239	-0.523903	 0.325943	 0.421935	-0.499571	-0.498963
-0.475681	-0.499022	-0.499198	-0.329373	-0.499174	-0.529977	-0.510522	-0.522037	 0.325943	 0.421935	-0.499571	-0.498963
-0.487360	-0.499022	-0.499221	-0.329373	-0.499174	-0.574600	-0.498663	-0.520064	 0.325943	 0.421935	-0.499571	-0.498963
-0.493199	-0.499022	-0.499232	-0.329373	-0.499174	-0.595673	-0.492733	-0.518041	 0.325943	 0.421935	-0.499571	-0.498963
 0.003882	-0.499022	-0.499238	-0.329373	-0.499174	-0.604976	-0.489769	-0.515998	 0.325943	 0.421935	-0.499571	-0.498963
 0.251420	-0.499022	-0.499241	-0.329373	-0.499174	-0.608399	-0.488286	-0.513948	 0.325943	 0.421935	-0.499571	-0.498963
-0.124811	-0.499022	-0.499242	-0.829373	-0.499174	-0.608887	-0.487545	-0.511899	 0.325943	 0.421935	-0.499571	-0.498963
-0.311924	-0.499022	-0.499243	-1.076714	-0.499174	-0.607912	-0.487174	-0.509855	 0.325943	 0.421935	-0.499571	-0.498963
-0.405481	-0.499022	-0.499243	-0.697737	-0.499174	-0.106211	-0.486989	-0.507818	 0.325943	 0.421935	-0.499571	-0.498963
-0.452259	-0.499022	-0.499243	-0.508248	-0.499174	 0.144640	-0.486896	-0.505787	 0.325943	 0.421935	-0.499571	-0.498963
-0.475648	-0.499022	-0.499244	-0.413503	-0.499174	-0.229935	-0.486850	-0.503765	 0.325943	 0.421935	-0.499571	-0.498963
-0.487343	-0.499022	-0.499244	-0.366131	-0.499174	-0.416013	-0.486827	-0.501750	 0.325943	 0.421935	-0.499571	-0.498963
-0.493190	-0.499022	-0.499244	-0.342445	-0.499174	-0.507848	-0.486815	-0.500742	 0.325943	 0.421935	-0.499571	-0.498963
-0.496114	-0.499022	-0.499244	-0.330602	-0.499174	-0.552566	-0.486810	-0.500239	 0.325943	 0.421935	-0.499571	-0.498963
-0.497576	-0.499022	-0.499244	-0.324681	-0.499174	-0.573731	-0.486807	-0.499987	 0.325943	 0.421935	-0.499571	-0.498963
 0.001693	-0.499022	-0.499244	-0.321720	-0.499174	-0.583123	-0.486805	 0.000139	 0.325943	-0.078065	-0.499571	-0.498963
 0.250326	-0.499022	-0.499244	-0.320239	-0.499174	-0.586634	-0.486805	 0.249202	 0.325943	-0.326909	-0.499571	-0.498963
 0.374642	-0.499022	-0.499244	-0.319499	-0.499174	-0.587209	-0.486804	-0.126267	 0.325943	 0.049821	-0.499571	-0.498963
 0.436800	-0.499022	-0.499244	-0.319129	-0.499174	-0.586322	-0.486804	-0.312998	 0.325943	 0.238185	-0.499571	-0.498963
-0.032121	-0.499022	-0.499244	-0.318944	-0.499174	-0.084707	-0.486804	-0.406364	 0.325943	 0.332368	-0.499571	-0.498963
-0.265579	-0.499022	-0.499244	-0.318852	-0.499174	 0.166101	-0.486804	-0.453046	 0.325943	 0.379459	-0.499571	-0.498963
-0.382308	-0.499022	-0.499244	-0.318805	-0.499174	 0.291504	-0.486804	-0.476388	 0.325943	 0.403005	-0.499571	-0.498963
-0.440673	-0.499022	-0.499244	-0.318782	-0.499174	-0.145794	-0.486804	-0.488058	 0.325943	-0.585223	-0.499571	-0.498963
-0.469855	-0.499022	-0.499244	-0.318771	-0.499174	-0.363277	-0.486804	-0.493894	 0.325943	-1.076189	-0.499571	-0.498963
-0.484446	-0.499022	-0.499244	-0.318765	-0.499174	 0.029143	-0.486804	 0.003189	 0.325943	-0.318538	-0.499571	-0.498963
-0.491742	-0.499022	-0.499244	-0.318762	-0.499174	 0.225353	-0.486804	 0.250729	 0.325943	 0.060287	-0.499571	-0.498963
-0.495390	-0.499022	-0.499244	-0.318761	-0.499174	-0.176542	-0.486804	-0.125500	 0.325943	 0.249700	-0.499571	-0.498963
-0.497213	-0.499022	-0.499244	-0.318760	-0.499174	-0.376332	-0.486804	-0.312612	 0.325943	 0.344406	-0.499571	-0.498963
-0.498125	-0.499022	-0.499244	-0.318759	-0.499174	 0.024925	-0.486804	-0.406168	 0.325943	 0.391759	-0.499571	-0.498963
-0.498581	-0.499022	-0.499244	-0.318759	-0.499174	 0.225553	-0.486804	-0.452945	 0.325943	 0.415436	-0.499571	-0.498963
-0.498809	-0.499022	-0.499244	-0.318759	-0.499174	 0.325867	-0.486804	-0.476334	 0.325943	 0.427274	-0.499571	-0.498963
-0.498923	-0.499022	-0.499244	-0.318759	-0.499174	-0.123975	-0.486804	-0.488029	 0.325943	 0.433193	-0.499571	-0.498963
-0.498980	-0.499022	-0.499244	-0.318759	-0.499174	-0.347749	-0.486804	-0.493876	 0.325943	 0.436153	-0.499571	-0.498963
 0.000991	-0.499022	-0.499244	-0.318759	-0.499174	-0.458493	-0.486804	 0.003200	 0.325943	 0.437633	-0.499571	-0.498963
 0.249975	-0.499022	-0.499244	-0.318759	-0.499174	-0.512727	-0.486804	 0.250738	 0.325943	 0.438373	-0.499571	-0.498963
-0.125533	-0.499022	-0.499244	-0.318759	-0.499174	-0.538709	-0.486804	-0.125493	 0.325943	 0.438743	-0.499571	-0.498963
-0.312285	-0.499022	-0.499244	-0.318759	-0.499174	-0.550571	-0.486804	-0.312605	 0.325943	 0.438928	-0.499571	-0.498963
 0.094339	-0.499022	-0.499244	-0.318759	-0.499174	-0.555377	-0.486804	-0.406161	 0.325943	 0.439020	-0.499571	-0.498963
 0.296649	-0.499022	-0.499244	-0.318759	-0.499174	-0.556660	-0.486804	-0.452939	 0.325943	 0.439066	-0.499571	-0.498963
 0.397804	-0.499022	-0.499244	-0.318759	-0.499174	-0.556186	-0.486804	-0.476328	 0.325943	 0.439090	-0.499571	-0.498963
 0.448382	-0.499022	-0.499244	-0.318759	-0.499174	-0.554837	-0.486804	-0.488023	 0.325943	 0.439101	-0.499571	-0.498963
 0.473670	-0.499022	-0.499244	-0.318759	-0.499174	-0.553056	-0.486804	-0.493870	 0.325943	 0.439107	-0.499571	-0.498963
-0.013685	-0.499022	-0.499244	-0.318759	-0.499174	-0.551062	-0.486804	-0.496794	 0.325943	 0.439110	-0.499571	-0.498963
-0.256361	-0.499022	-0.499244	-0.318759	-0.499174	-0.548968	-0.486804	-0.498256	 0.325943	 0.439111	-0.499571	-0.498963
-0.377699	-0.499022	-0.499244	-0.318759	-0.499174	-0.046827	-0.486804	-0.498987	 0.325943	 0.439112	-0.499571	-0.498963
-0.438368	-0.499022	-0.499244	-0.318759	-0.499174	 0.204244	-0.486804	-0.499352	 0.325943	 0.439112	-0.499571	-0.498963
 0.031298	-0.499022	-0.499244	-0.318759	-0.499174	-0.170221	-0.486804	-0.499535	 0.325943	 0.439112	-0.499571	-0.498963
 0.265129	-0.499022	-0.499244	-0.318759	-0.499174	-0.356364	-0.486804	-0.499626	 0.325943	 0.439113	-0.499571	-0.498963
 0.382044	-0.499022	-0.499244	-0.318759	-0.499174	-0.448350	-0.486804	-0.499672	 0.325943	 0.439113	-0.499571	-0.498963
 0.440502	-0.499022	-0.499244	-0.318759	-0.499174	-0.493263	-0.486804	-0.499695	 0.325943	-0.060887	-0.499571	-0.498963
 0.469731	-0.499022	-0.499244	-0.318759	-0.499174	-0.514643	-0.486804	-0.499706	 0.325943	-0.309766	-0.499571	-0.498963
-0.015655	-0.499022	-0.499244	-0.318759	-0.499174	-0.524261	-0.486804	-0.499712	 0.325943	 0.066913	-0.499571	-0.498963
-0.257346	-0.499022	-0.499244	-0.318759	-0.499174	-0.528002	-0.486804	-0.499715	 0.325943	 0.255252	-0.499571	-0.498963
 0.121809	-0.499022	-0.499244	-0.318759	-0.499174	-0.528809	-0.486804	-0.999716	 0.325943	 0.349421	-0.499571	-0.498963
 0.310384	-0.499022	-0.499244	-0.318759	-0.499174	-0.528153	-0.486804	-1.246717	 0.325943	 0.396506	-0.499571	-0.498963
-0.095328	-0.499022	-0.499244	-0.318759	-0.499174	-0.026770	-0.486804	-0.867231	 0.325943	 0.420048	-0.499571	-0.498963
-0.297182	-0.499022	-0.499244	-0.318759	-0.499174	 0.223921	-0.486804	-0.677487	 0.325943	 0.431820	-0.499571	-0.498963
-0.398109	-0.499022	-0.499244	-0.318759	-0.499174	-0.150733	-0.486804	-0.582615	 0.325943	-0.062295	-0.499571	-0.498963
-0.448573	-0.499022	-0.499244	-0.318759	-0.499174	-0.337010	-0.486804	-0.535180	 0.325943	-0.308239	-0.499571	-0.498963
-0.473804	-0.499022	-0.499244	-0.318759	-0.499174	-0.429101	-0.486804	-0.511462	 0.325943	-0.430103	-0.499571	-0.498963
 0.013580	-0.499022	-0.499244	-0.318759	-0.499174	-0.474105	-0.486804	-0.499603	 0.325943	 0.010069	-0.499571	-0.498963
 0.256270	-0.499022	-0.499244	-0.318759	-0.499174	-0.495568	-0.486804	-0.493673	 0.325943	 0.230155	-0.499571	-0.498963
-0.122385	-0.499022	-0.499244	-0.318759	-0.499174	-0.505266	-0.486804	-0.490708	 0.325943	 0.340198	-0.499571	-0.498963
-0.310710	-0.499022	-0.499244	-0.318759	-0.499174	-0.509085	-0.486804	-0.489226	 0.325943	 0.395219	-0.499571	-0.498963
 0.095127	-0.499022	-0.499244	-0.318759	-0.499174	-0.009968	-0.486804	-0.488485	 0.325943	 0.422730	-0.499571	-0.498963
 0.297044	-0.499022	-0.499244	-0.318759	-0.499174	 0.239590	-0.486804	-0.488114	 0.325943	 0.436486	-0.499571	-0.498963
-0.101998	-0.499022	-0.499244	-0.318759	-0.499174	 0.364369	-0.486804	-0.487929	 0.325943	 0.443363	-0.499571	-0.498963
-0.300517	-0.499022	-0.499244	-0.318759	-0.499174	 0.426758	-0.486804	-0.487836	 0.325943	 0.446802	-0.499571	-0.498963
-0.399776	-0.499022	-0.499244	-0.318759	-0.499174	 0.457953	-0.486804	-0.487790	 0.325943	 0.448522	-0.499571	-0.498963
 0.050594	-0.499022	-0.499244	-0.318759	-0.499174	-0.026449	-0.486804	-0.487767	 0.325943	 0.449381	-0.499571	-0.498963
 0.274777	-0.499022	-0.499244	-0.318759	-0.499174	-0.267629	-0.486804	-0.487755	 0.325943	 0.449811	-0.499571	-0.498963
-0.113131	-0.499022	-0.499244	-0.318759	-0.499174	-0.387201	-0.486804	-0.487750	 0.325943	 0.450026	-0.499571	-0.498963
-0.306083	-0.499022	-0.499244	-0.318759	-0.499174	-0.445974	-0.486804	-0.487747	 0.325943	 0.450134	-0.499571	-0.498963
-0.402559	-0.499022	-0.499244	-0.318759	-0.499174	-0.474351	-0.486804	-0.487745	 0.325943	 0.450187	-0.499571	-0.498963
-0.450797	-0.499022	-0.499244	-0.318759	-0.499174	-0.487534	-0.486804	-0.487744	 0.325943	 0.450214	-0.499571	-0.498963
-0.474916	-0.499022	-0.499244	-0.318759	-0.499174	-0.493124	-0.486804	-0.487744	 0.325943	 0.450228	-0.499571	-0.498963
-0.486976	-0.499022	-0.499244	-0.318759	-0.499174	-0.495919	-0.486804	-0.487744	 0.325943	 0.450234	-0.499571	-0.498963
-0.493005	-0.499022	-0.499244	-0.318759	-0.499174	-0.497316	-0.486804	-0.487744	 0.325943	 0.450238	-0.499571	-0.498963
-0.496020	-0.499022	-0.499244	-0.318759	-0.499174	 0.001985	-0.486804	-0.487744	 0.325943	 0.450239	-0.499571	-0.498963
-0.497528	-0.499022	-0.499244	-0.318759	-0.499174	 0.250633	-0.486804	-0.487744	 0.325943	 0.450240	-0.499571	-0.498963
-0.498281	-0.499022	-0.499244	-0.318759	-0.499174	 0.374957	-0.486804	-0.487744	-0.174057	 0.450241	-0.499571	-0.498963
-0.498658	-0.499022	-0.499244	-0.318759	-0.499174	 0.437119	-0.486804	-0.487744	-0.422709	 0.450241	-0.499571	-0.498963
-0.498847	-0.499022	-0.499244	-0.318759	-0.499174	-0.031800	-0.486804	-0.487744	-0.045692	 0.450241	-0.499571	-0.498963
-0.498941	-0.499022	-0.499244	-0.318759	-0.499174	-0.265258	-0.486804	-0.487744	 0.142816	 0.450241	-0.499571	-0.498963
-0.498988	-0.499022	-0.499244	-0.318759	-0.499174	 0.118013	-0.486804	 0.012256	 0.237071	 0.450241	-0.499571	-0.498963
-0.499012	-0.499022	-0.499244	-0.318759	-0.499174	 0.308646	-0.486804	 0.261232	 0.284198	 0.450241	-0.499571	-0.498963
-0.499023	-0.499022	-0.499244	-0.318759	-0.499174	 0.403963	-0.486804	 0.384699	 0.307761	 0.450241	-0.499571	-0.498963
-0.499029	-0.499022	-0.499244	-0.318759	-0.499174	-0.048379	-0.486804	-0.054584	 0.319543	 0.450241	-0.499571	-0.498963
-0.499032	-0.499022	-0.499244	-0.318759	-0.499174	-0.273549	-0.486804	-0.274225	 0.325434	 0.450241	-0.499571	-0.498963
 0.000966	-0.499022	-0.499244	-0.318759	-0.499174	 0.113867	-0.486804	-0.384046	 0.328379	 0.450241	-0.499571	-0.498963
 0.249964	-0.499022	-0.499244	-0.318759	-0.499174	 0.306572	-0.486804	-0.438956	 0.329852	 0.450241	-0.499571	-0.498963
 0.374462	-0.499022	-0.499244	-0.318759	-0.499174	-0.097076	-0.486804	-0.466411	 0.330588	 0.450241	-0.499571	-0.498963
 0.436712	-0.499022	-0.499244	-0.318759	-0.499174	-0.297898	-0.486804	-0.480139	 0.330957	 0.450241	-0.499571	-0.498963
-0.032164	-0.499022	-0.499244	-0.318759	-0.499174	 0.101691	-0.986804	 0.012998	 0.331141	-0.049759	-0.499571	-0.498963
-0.265599	-0.499022	-0.499244	-0.318759	-0.499174	 0.300483	-1.233830	 0.258553	 0.331233	-0.298659	-0.499571	-0.498963
-0.382317	-0.499022	-0.499244	-0.318759	-0.499174	 0.399879	-1.354382	 0.380323	 0.331279	-0.422015	-0.499571	-0.498963
-0.440676	-0.499022	-0.499244	-0.318759	-0.499174	 0.449577	-1.411708	 0.440204	 0.331302	-0.482601	-0.499571	-0.498963
 0.030145	-0.499022	-0.499244	-0.318759	-0.499174	-0.025574	-0.937432	-0.030856	 0.331313	-0.011808	-0.499571	-0.498963
 0.264553	-0.499022	-0.499244	-0.318759	-0.499174	-0.262149	-0.700295	-0.265382	 0.331319	-0.776412	-0.499571	-0.498963
 0.381757	-0.499022	-0.499244	-0.318759	-0.499174	-0.380436	-0.581726	-0.382645	 0.331322	-1.155632	-0.499571	-0.498963
-0.059641	-0.499022	-0.499244	-0.318759	-0.499174	-0.439579	-0.522442	-0.441277	 0.331323	-0.342172	-0.499571	-0.498963
-0.279338	-0.499022	-0.499244	-0.318759	-0.499174	-0.469151	-0.492799	-0.470592	 0.331324	 0.064558	-0.499571	-0.498963
 0.110814	-0.499022	-0.499244	-0.318759	-0.499174	-0.483937	-0.477978	-0.485250	 0.331324	 0.267923	-0.499571	-0.498963
 0.304888	-0.499022	-0.499244	-0.318759	-0.499174	-0.491330	-0.470568	-0.492579	 0.331325	 0.369605	-0.499571	-0.498963
 0.401925	-0.499022	-0.499244	-0.318759	-0.499174	-0.495026	-0.466863	-0.496244	 0.331325	 0.420447	-0.499571	-0.498963
 0.450443	-0.499022	-0.499244	-0.318759	-0.499174	 0.003126	-0.465010	-0.498076	 0.331325	-0.054133	-0.499571	-0.498963
 0.474702	-0.499022	-0.499244	-0.318759	-0.499174	 0.251199	-0.464084	-0.498992	 0.331325	-0.290365	-0.499571	-0.498963
-0.013168	-0.499022	-0.499244	-0.318759	-0.499174	 0.375236	-0.463620	-0.499450	 0.331325	-0.407428	-0.499571	-0.498963
-0.256101	-0.499022	-0.499244	-0.318759	-0.499174	 0.437254	-0.463389	-0.499679	 0.331325	-0.464910	-0.499571	-0.498963
-0.377568	-0.499022	-0.499244	-0.318759	-0.499174	-0.031737	-0.463273	-0.499794	 0.331325	 0.007393	-0.499571	-0.498963
-0.438301	-0.499022	-0.499244	-0.318759	-0.499174	-0.265231	-0.463215	-0.499851	 0.331325	 0.243545	-0.499571	-0.498963
 0.031332	-0.499022	-0.499244	-0.318759	-0.499174	 0.118022	-0.463186	-0.499880	 0.331325	 0.361621	-0.499571	-0.498963
 0.265147	-0.499022	-0.499244	-0.318759	-0.499174	 0.308646	-0.463172	-0.499894	 0.331325	 0.420659	-0.499571	-0.498963
 0.382054	-0.499022	-0.499244	-0.318759	-0.499174	 0.403958	-0.463165	-0.499901	 0.331325	 0.450178	-0.499571	-0.498963
 0.440508	-0.499022	-0.499244	-0.318759	-0.499174	 0.451614	-0.463161	-0.499905	 0.331325	 0.464937	-0.499571	-0.498963
 0.469735	-0.499022	-0.499244	-0.318759	-0.499174	 0.475442	-0.463159	-0.499906	 0.331325	 0.472317	-0.499571	-0.498963
 0.484348	-0.499022	-0.499244	-0.318759	-0.499174	 0.487356	-0.463158	-0.499907	 0.331325	 0.476007	-0.499571	-0.498963
 0.491655	-0.499022	-0.499244	-0.318759	-0.499174	-0.006687	-0.463158	-0.499908	 0.331325	 0.477852	-0.499571	-0.498963
 0.495308	-0.499022	-0.499244	-0.318759	-0.499174	-0.252707	-0.463158	-0.499908	 0.331325	 0.478774	-0.499571	-0.498963
-0.002865	-0.499022	-0.499244	-0.318759	-0.499174	 0.124283	-0.463157	 0.000092	 0.331325	 0.479236	-0.499571	-0.498963
-0.250949	-0.499022	-0.499244	-0.318759	-0.499174	 0.311775	-0.463157	 0.249092	 0.331325	 0.479466	-0.499571	-0.498963
-0.374992	-0.499022	-0.499244	-0.318759	-0.499174	 0.405522	-0.463157	 0.373591	 0.331325	 0.479581	-0.499571	-0.498963
-0.437013	-0.499022	-0.499244	-0.318759	-0.499174	 0.452395	-0.463157	 0.435841	 0.331325	 0.479639	-0.499571	-0.498963
-0.468023	-0.499022	-0.499244	-0.318759	-0.499174	 0.475831	-0.463157	 0.466966	 0.331325	 0.479668	-0.499571	-0.498963
-0.483529	-0.499022	-0.499244	-0.318759	-0.499174	 0.487550	-0.463157	-0.017471	 0.331325	-0.020318	-0.499571	-0.498963
-0.491281	-0.499022	-0.499244	-0.318759	-0.499174	 0.493409	-0.463157	-0.258686	 0.331325	-0.269270	-0.499571	-0.498963
-0.495158	-0.499022	-0.499244	-0.318759	-0.499174	-0.003662	-0.463157	-0.879294	 0.331325	 0.107290	-0.499571	-0.498963
-0.497096	-0.499022	-0.499244	-0.318759	-0.499174	-0.251195	-0.463157	-1.186597	 0.331325	 0.295571	-0.499571	-0.498963
-0.498065	-0.499022	-0.499244	-0.318759	-0.499174	 0.125038	-0.463157	-0.837262	 0.331325	 0.389711	-0.499571	-0.498963
-0.498549	-0.499022	-0.499244	-0.318759	-0.499174	 0.312152	-0.463157	-0.662594	 0.331325	 0.436781	-0.499571	-0.498963
 0.001208	-0.499022	-0.499244	-0.318759	-0.499174	-0.094291	-0.463157	-0.575260	 0.331325	 0.460316	-0.499571	-0.498963
 0.250085	-0.499022	-0.499244	-0.318759	-0.499174	-0.296511	-0.463157	-0.531593	 0.331325	 0.472083	-0.499571	-0.498963
 0.374524	-0.499022	-0.499244	-0.318759	-0.499174	-0.397621	-0.463157	-0.509759	 0.331325	 0.477967	-0.499571	-0.498963
-0.063257	-0.499022	-0.499244	-0.318759	-0.499174	-0.448176	-0.463157	-0.498843	 0.331325	-0.019091	-0.499571	-0.498963
-0.281145	-0.499022	-0.499244	-0.318759	-0.499174	-0.473454	-0.463157	-0.493384	 0.331325	-0.266588	-0.499571	-0.498963
-0.390090	-0.499022	-0.499244	-0.318759	-0.499174	-0.486093	-0.463157	-0.490655	 0.331325	 0.110692	-0.499571	-0.498963
-0.444562	-0.499022	-0.499244	-0.318759	-0.499174	-0.492412	-0.463157	-0.489290	 0.331325	 0.299332	-0.499571	-0.498963
-0.471798	-0.499022	-0.499244	-0.318759	-0.499174	-0.495572	-0.463157	-0.488608	 0.331325	 0.393652	-0.499571	-0.498963
-0.485416	-0.499022	-0.499244	-0.318759	-0.499174	-0.497151	-0.463157	-0.488267	 0.331325	 0.440812	-0.499571	-0.498963
-0.492225	-0.499022	-0.499244	-0.318759	-0.499174	-0.497941	-0.463157	-0.488096	 0.331325	 0.464392	-0.499571	-0.498963
-0.495629	-0.499022	-0.499244	-0.318759	-0.499174	-0.498336	-0.463157	-0.488011	 0.331325	 0.476182	-0.499571	-0.498963
-0.497331	-0.499022	-0.499244	-0.318759	-0.499174	-0.498534	-0.463157	-0.487968	 0.331325	 0.482077	-0.499571	-0.498963
-0.498183	-0.499022	-0.499244	-0.318759	-0.499174	 0.001367	-0.463157	-0.487947	 0.331325	 0.485024	-0.499571	-0.498963
-0.498608	-0.499022	-0.499244	-0.318759	-0.499174	 0.250316	-0.463157	-0.487936	 0.331325	 0.486498	-0.499571	-0.498963
 0.001179	-0.499022	-0.499244	-0.318759	-0.499174	-0.125210	-0.463157	-0.487931	 0.331325	 0.487235	-0.499571	-0.498963
 0.250071	-0.499022	-0.499244	-0.318759	-0.499174	-0.311972	-0.463157	-0.487928	 0.331325	 0.487603	-0.499571	-0.498963
 0.374517	-0.499022	-0.499244	-0.318759	-0.499174	-0.405353	-0.463157	 0.012073	 0.331325	 0.487788	-0.499571	-0.498963
 0.436740	-0.499022	-0.499244	-0.318759	-0.499174	-0.452043	-0.463157	 0.261049	 0.331325	 0.487880	-0.499571	-0.498963
-0.032149	-0.499022	-0.499244	-0.318759	-0.499174	-0.475388	-0.463157	-0.115482	 0.331325	 0.487926	-0.499571	-0.498963
-0.265591	-0.499022	-0.499244	-0.318759	-0.499174	-0.487061	-0.463157	-0.303748	 0.331325	 0.487949	-0.499571	-0.498963
-0.382312	-0.499022	-0.499244	-0.318759	-0.499174	-0.492897	-0.463157	-0.397881	 0.331325	 0.487960	-0.499571	-0.498963
 0.059327	-0.499022	-0.499244	-0.318759	-0.499174	-0.495815	-0.463157	 0.055052	 0.331325	 0.487966	-0.499571	-0.498963
 0.279145	-0.499022	-0.499244	-0.318759	-0.499174	-0.497274	-0.463157	 0.280503	 0.331325	 0.487969	-0.499571	-0.498963
-0.110946	-0.499022	-0.499244	-0.318759	-0.499174	-0.498004	-0.463157	-0.107783	 0.331325	 0.487970	-0.499571	-0.498963
-0.304990	-0.499022	-0.499244	-0.318759	-0.499174	-0.498369	-0.463157	-0.301927	 0.331325	 0.487971	-0.499571	-0.498963
 0.097989	-0.499022	-0.499244	-0.318759	-0.499174	-0.498551	-0.463157	-0.398998	 0.331325	 0.487971	-0.499571	-0.498963
 0.298476	-0.499022	-0.499244	-0.318759	-0.499174	-0.498642	-0.463157	-0.447534	 0.331325	 0.487972	-0.499571	-0.498963
-0.101281	-0.499022	-0.499244	-0.318759	-0.499174	-0.498688	-0.463157	-0.471802	 0.331325	 0.487972	-0.499571	-0.498963
-0.300157	-0.499022	-0.499244	-0.318759	-0.499174	-0.498711	-0.463157	-0.483936	 0.331325	 0.487972	-0.499571	-0.498963
 0.100405	-0.499022	 0.000756	-0.318759	-0.499174	 0.001278	-0.463157	 0.009997	 0.331325	 0.487972	-0.499571	-0.498963
 0.299684	-0.499022	 0.249755	-0.318759	-0.499174	 0.250270	-0.463157	 0.255956	 0.331325	 0.487972	-0.499571	-0.498963
 0.399324	-0.499022	 0.374254	-0.318759	-0.499174	 0.374766	-0.463157	 0.377931	 0.331325	 0.487972	-0.499571	-0.498963
 0.449144	-0.499022	-0.063496	-0.318759	-0.499174	-0.062986	-0.463157	 0.438919	 0.331325	 0.487972	-0.499571	-0.498963
 0.474053	-0.499022	-0.281369	-0.318759	-0.499174	-0.280861	-0.463157	 0.469413	 0.331325	 0.487972	-0.499571	-0.498963
 0.486508	-0.499022	-0.390305	-0.318759	-0.499174	-0.389798	-0.463157	-0.015340	-0.168675	 0.487972	-0.499571	-0.498963
 0.492736	-0.499022	-0.444774	-0.318759	-0.499174	-0.444267	-0.463157	-0.256717	-0.417338	 0.487972	-0.499571	-0.498963
 0.495850	-0.499022	-0.472008	-0.318759	-0.499174	 0.028499	-0.463157	-0.377405	-0.040337	 0.487972	-0.499571	-0.498963
 0.497406	-0.499022	-0.485625	-0.318759	-0.499174	 0.263879	-0.463157	-0.437749	 0.148163	 0.487972	-0.499571	-0.498963
-0.001815	-0.499022	-0.492433	-0.318759	-0.499174	-0.118431	-0.463157	-0.467921	 0.242413	 0.487972	-0.499571	-0.498963
-0.250424	-0.499022	-0.495837	-0.318759	-0.499174	-0.308584	-0.463157	-0.483007	 0.289538	 0.487972	-0.499571	-0.498963
-0.374728	-0.499022	-0.497540	-0.318759	-0.499174	-0.403661	-0.463157	-0.490550	 0.313101	 0.487972	-0.499571	-0.498963
-0.436880	-0.499022	-0.498391	-0.318759	-0.499174	-0.451199	-0.463157	-0.494321	 0.324882	 0.487972	-0.499571	-0.498963
-0.467956	-0.499022	-0.498816	-0.318759	-0.499174	-0.474968	-0.463157	-0.496207	 0.330773	 0.487972	-0.499571	-0.498963
 0.016505	-0.499022	-0.499029	-0.318759	-0.499174	 0.013147	-0.463157	 0.002850	 0.333718	 0.487972	-0.499571	-0.498963
 0.257735	-0.499022	-0.499135	-0.318759	-0.499174	 0.256202	-0.463157	 0.251375	 0.335191	 0.487972	-0.499571	-0.498963
 0.378349	-0.499022	-0.499188	-0.318759	-0.499174	-0.122270	-0.463157	-0.124363	 0.335927	 0.487972	-0.499571	-0.498963
 0.438656	-0.499022	-0.499215	-0.318759	-0.499174	-0.310505	-0.463157	-0.311232	 0.336295	 0.487972	-0.499571	-0.498963
-0.031190	-0.499022	 0.000772	-0.318759	-0.499174	-0.404622	-0.463157	-0.404666	 0.336479	 0.487972	-0.499571	-0.498963
-0.265111	-0.499022	 0.249763	-0.318759	-0.499174	-0.451681	-0.463157	-0.451383	 0.336571	 0.487972	-0.499571	-0.498963
-0.382072	-0.499022	 0.374259	-0.318759	-0.499174	-0.475210	-0.463157	-0.474742	 0.336618	 0.487972	-0.499571	-0.498963
-0.440552	-0.499022	-0.063493	-0.318759	-0.499174	-0.486975	-0.463157	 0.013579	 0.336641	 0.487972	-0.499571	-0.498963
-0.469792	-0.499022	-0.281366	-0.318759	-0.499174	-0.492857	-0.463157	 0.256736	 0.336652	 0.487972	-0.499571	-0.498963
 0.015588	-0.499022	-0.390303	-0.318759	-0.499174	 0.004201	-0.463157	-0.121686	 0.336658	 0.487972	-0.499571	-0.498963
 0.257276	-0.499022	-0.444771	-0.318759	-0.499174	 0.251728	-0.463157	-0.309897	 0.336661	 0.487972	-0.499571	-0.498963
-0.121880	-0.499022	-0.472006	-0.318759	-0.499174	-0.124508	-0.463157	 0.095998	 0.336662	 0.487972	-0.499571	-0.498963
-0.310456	-0.499022	-0.485623	-0.318759	-0.499174	-0.311625	-0.463157	 0.297942	 0.336663	 0.487972	-0.499571	-0.498963
 0.095256	-0.499022	-0.492431	-0.318759	-0.499174	-0.405183	-0.463157	-0.601087	 0.336663	 0.487972	-0.499571	-0.498963
 0.297110	-0.499022	-0.495835	-0.318759	-0.499174	-0.451963	-0.463157	-1.047601	 0.336663	 0.487972	-0.499571	-0.498963
 0.398037	-0.499022	-0.497538	-0.318759	-0.499174	-0.475352	-0.463157	-1.267869	 0.336663	 0.487972	-0.499571	-0.498963
 0.448501	-0.499022	-0.498389	-0.318759	-0.499174	 0.012953	-0.463157	-0.875027	 0.336663	-0.012028	-0.499571	-0.498963
 0.473732	-0.499022	-0.498814	-0.318759	-0.499174	 0.256103	-0.463157	-0.678606	 0.336664	-0.261004	-0.499571	-0.498963
 0.486348	-0.499022	-0.499027	-0.318759	-0.499174	 0.377678	-0.463157	-0.580396	 0.336664	 0.115528	-0.499571	-0.498963
 0.492656	-0.499022	-0.499133	-0.318759	-0.499174	 0.438466	-0.463157	-0.531291	 0.336664	 0.303794	-0.499571	-0.498963
 0.495810	-0.499022	-0.499187	-0.318759	-0.499174	-0.031141	-0.463157	-0.006738	 0.336664	 0.397927	-0.499571	-0.498963
 0.497387	-0.499022	-0.499213	-0.318759	-0.499174	-0.264942	-0.463157	 0.254503	 0.336664	 0.444993	-0.499571	-0.498963
 0.498176	-0.499022	-0.499226	-0.318759	-0.499174	-0.381843	-0.463157	-0.115909	 0.336664	 0.468527	-0.499571	-0.498963
 0.498570	-0.499022	-0.499233	-0.318759	-0.499174	-0.440293	-0.463157	-0.301114	 0.336664	 0.480293	-0.499571	-0.498963
 0.498767	-0.499022	-0.499236	-0.318759	-0.499174	-0.469519	-0.463157	-0.393717	 0.336664	 0.486176	-0.499571	-0.498963
-0.001134	-0.499022	-0.499238	-0.318759	-0.499174	-0.484131	-0.463157	 0.059982	 0.336664	 0.489118	-0.499571	-0.498963
-0.250083	-0.499022	-0.499239	-0.318759	-0.499174	-0.491437	-0.463157	 0.285804	 0.336664	 0.490589	-0.499571	-0.498963
-0.374557	-0.499022	-0.499239	-0.318759	-0.499174	-0.495091	-0.463157	-0.602309	 0.336664	 0.491324	-0.499571	-0.498963
-0.436795	-0.499022	-0.499240	-0.318759	-0.499174	-0.496917	-0.463157	-1.043384	 0.336664	 0.491692	-0.499571	-0.498963
-0.467913	-0.499022	-0.499240	-0.318759	-0.499174	-0.497831	-0.463157	-0.760953	 0.336664	 0.491876	-0.499571	-0.498963
-0.483472	-0.499022	-0.499240	-0.318759	-0.499174	-0.498287	-0.463157	-0.619737	 0.336664	 0.491968	-0.499571	-0.498963
-0.491252	-0.499022	-0.499240	-0.318759	-0.499174	 0.001485	-0.463157	-0.549129	 0.336664	 0.492014	-0.499571	-0.498963
-0.495142	-0.499022	-0.499240	-0.318759	-0.499174	 0.250368	-0.463157	-0.513825	 0.336664	 0.492037	-0.499571	-0.498963
-0.497087	-0.499022	-0.499240	-0.318759	-0.499174	 0.374810	-0.463157	-0.496173	 0.336664	 0.492048	-0.499571	-0.498963
-0.498059	-0.499022	-0.499240	-0.318759	-0.499174	-0.062970	-0.463157	 0.012653	 0.336664	 0.492054	-0.499571	-0.498963
-0.498546	-0.499022	-0.499240	-0.318759	-0.499174	-0.280858	-0.463157	 0.266023	 0.336664	 0.492057	-0.499571	-0.498963
-0.498789	-0.499022	-0.499240	-0.318759	-0.499174	 0.110198	-0.463157	-0.108331	 0.336664	 0.492058	-0.499571	-0.498963
-0.498910	-0.499022	-0.499240	-0.318759	-0.499174	 0.304724	-0.463157	-0.295508	 0.336664	 0.492059	-0.499571	-0.498963
-0.498971	-0.499022	-0.499240	-0.318759	-0.499174	-0.098014	-0.463157	-0.389096	 0.336664	 0.492059	-0.499571	-0.498963
-0.499001	-0.499022	-0.499240	-0.318759	-0.499174	-0.298381	-0.463157	-0.435891	 0.336664	 0.492060	-0.499571	-0.498963
-0.499017	-0.499022	-0.499240	-0.318759	-0.499174	-0.398564	-0.463157	-0.459288	 0.336664	 0.492060	-0.499571	-0.498963
-0.499024	-0.499022	-0.499240	-0.318759	-0.499174	-0.448656	-0.463157	-0.470986	 0.336664	 0.492060	-0.499571	-0.498963
-0.499028	-0.499022	-0.499240	-0.318759	-0.499174	-0.473702	-0.463157	-0.476836	 0.336664	 0.492060	-0.499571	-0.498963
 0.000970	-0.499022	-0.499240	-0.318759	-0.499174	 0.013775	-0.463157	 0.020240	 0.336664	 0.492060	-0.499571	-0.498963
 0.249967	-0.499022	-0.499240	-0.318759	-0.499174	 0.256511	-0.463157	 0.267743	 0.336664	 0.492060	-0.499571	-0.498963
 0.374466	-0.499022	-0.499240	-0.318759	-0.499174	 0.377879	-0.463157	-0.109536	 0.336664	 0.492060	-0.499571	-0.498963
 0.436715	-0.499022	-0.499240	-0.318759	-0.499174	 0.438563	-0.463157	-0.298176	 0.336664	 0.492060	-0.499571	-0.498963
-0.032160	-0.499022	-0.499240	-0.318759	-0.499174	-0.031095	-0.463157	-0.392495	 0.336664	 0.492060	-0.499571	-0.498963
-0.265596	-0.499022	-0.499240	-0.318759	-0.499174	-0.264922	-0.463157	-0.439655	 0.336664	 0.492060	-0.499571	-0.498963
-0.382314	-0.499022	-0.499240	-0.318759	-0.499174	 0.118164	-0.463157	-0.463235	 0.336664	 0.492060	-0.499571	-0.498963
-0.440673	-0.499022	-0.499240	-0.318759	-0.499174	 0.308705	-0.463157	-0.475025	 0.336664	 0.492060	-0.499571	-0.498963
-0.469852	-0.499022	-0.499240	-0.318759	-0.499174	 0.403975	-0.463157	-0.480920	 0.336664	 0.492060	-0.499571	-0.498963
-0.484442	-0.499022	-0.499240	-0.318759	-0.499174	-0.048390	-0.463157	 0.016132	 0.336664	 0.492060	-0.499571	-0.498963
-0.491737	-0.499022	-0.499240	-0.318759	-0.499174	-0.273571	-0.463157	 0.263632	 0.336664	 0.492060	-0.499571	-0.498963
 0.004616	-0.499022	-0.499240	-0.318759	-0.499174	-0.386161	-0.463157	-0.113640	 0.336664	 0.492060	-0.499571	-0.498963
 0.251790	-0.499022	-0.499240	-0.318759	-0.499174	-0.442457	-0.463157	-0.302276	 0.336664	 0.492060	-0.499571	-0.498963
 0.375377	-0.499022	-0.499240	-0.318759	-0.499174	 0.029396	-0.463157	-0.396594	-0.163336	 0.492060	-0.499571	-0.498963
 0.437171	-0.499022	-0.499240	-0.318759	-0.499174	 0.264319	-0.463157	-0.443753	-0.412010	 0.492060	-0.499571	-0.498963
 0.468068	-0.499022	-0.499240	-0.318759	-0.499174	 0.381781	-0.463157	-0.467333	-0.035025	-0.007940	-0.499571	-0.498963
 0.483516	-0.499022	-0.499240	-0.318759	-0.499174	 0.440512	-0.463157	-0.479123	 0.153467	-0.256924	-0.499571	-0.498963
 0.491240	-0.499022	-0.499240	-0.318759	-0.499174	 0.469878	-0.463157	-0.485017	 0.247713	 0.119595	-0.499571	-0.498963
 0.495103	-0.499022	-0.499240	-0.318759	-0.499174	 0.484560	-0.463157	-0.487965	 0.294837	 0.307855	-0.499571	-0.498963
 0.497034	-0.499022	-0.499240	-0.318759	-0.499174	 0.491902	-0.463157	-0.489439	 0.318398	 0.401985	-0.499571	-0.498963
 0.497999	-0.499022	-0.499240	-0.318759	-0.499174	-0.004427	-0.463157	-0.490176	 0.330179	 0.449050	-0.499571	-0.498963
 0.498482	-0.499022	-0.499240	-0.318759	-0.499174	-0.251591	-0.463157	-0.490544	 0.336069	 0.472583	-0.499571	-0.498963
-0.001277	-0.499022	-0.499240	-0.318759	-0.499174	 0.124828	-0.463157	-0.490728	 0.339014	 0.484349	-0.499571	-0.498963
-0.250154	-0.499022	-0.499240	-0.318759	-0.499174	 0.312035	-0.463157	-0.490820	 0.340487	 0.490232	-0.499571	-0.498963
