-0.590196	-0.352347	-0.498902	-0.136857	-0.652606	-0.499470	-2.645884	-0.263674	 0.498728	-1.171053	-3.216027	 0.515171
-0.587835	-0.851977	-0.498902	-0.136796	-0.557751	-0.499470	-2.628465	 0.118832	 0.403991	-1.166369	-3.321098	 0.389098
-0.585484	-1.099089	-0.498902	-0.136765	-0.510324	-0.499470	-2.614533	 0.309083	 0.356622	-1.161704	-3.366781	 0.326061
-0.583142	-1.219953	-0.498902	-0.136750	-0.486610	-0.499470	-2.602366	 0.404208	 0.332938	-1.157057	-3.382798	 0.294543
-0.580810	-0.777703	-0.498902	-0.136742	-0.474753	-0.499470	-2.591102	 0.451771	 0.321095	-1.152429	-2.884009	 0.278784
-0.578486	-0.556578	-0.498902	-0.136739	-0.468825	-0.499470	-2.580310	 0.475552	 0.315174	-1.147819	-2.629844	 0.270905
-0.576172	-0.446015	-0.498902	-0.136737	-0.465861	-0.499470	-2.569775	 0.487443	 0.312214	-1.143228	-2.498010	 0.766965
-0.573868	-0.390734	-0.498902	-0.136736	-0.464379	-0.499470	-2.559389	 0.493388	 0.310734	-1.138655	-2.427360	 1.012469
-0.571572	-0.363093	-0.498902	-0.136735	-0.463638	-0.499470	-2.549098	 0.496361	 0.309993	-1.134100	-2.387322	 1.132705
-0.569286	-0.349273	-0.498902	-0.136735	-0.463267	-0.499470	-2.538875	 0.497847	 0.309623	-1.129564	-2.362609	 1.190317
-0.567009	-0.842363	-0.498902	-0.136735	-0.463082	-0.499470	-2.528706	 0.498591	 0.309438	-1.125045	-2.345576	 1.216627
-0.564741	-1.086237	-0.498902	-0.136735	-0.462989	-0.499470	-2.518585	 0.498962	 0.309346	-1.120545	-2.332403	 1.227297
-0.562482	-1.205514	-0.498902	-0.136735	-0.462943	-0.499470	-2.508507	 0.499148	 0.309300	-1.116063	-2.321178	 1.230155
-0.560232	-1.262503	-0.498902	-0.136735	-0.462920	-0.499470	-2.498471	-0.000759	 0.309276	-1.111599	-2.310945	 0.729119
-0.557991	-1.288358	-0.498902	-0.136735	-0.462908	-0.499470	-2.488477	-0.249711	 0.309265	-1.107152	-2.301227	 0.478600
-0.555759	-0.798657	-0.498902	-0.136735	-0.462902	-0.499470	-2.978522	-0.374188	 0.309259	-1.102724	-2.291786	 0.853341
-0.553536	-0.553807	-0.498902	-0.136735	-0.462900	-0.499470	-3.216608	-0.436426	 0.309256	-1.098313	-2.282500	 1.038255
-0.551322	-0.431382	-0.498902	-0.136735	-0.462898	-0.499470	-2.828742	-0.467545	 0.309255	-1.093920	-2.273311	 1.128266
-0.549117	-0.370169	-0.498902	-0.136735	-0.462897	-0.499470	-2.629927	-0.483104	 0.309254	-1.089544	-2.264188	 1.170835
-0.546920	-0.339563	-0.498902	-0.136735	-0.462897	-0.499470	-2.525657	 0.009116	 0.309254	-1.085186	-2.255116	 1.189693
-0.544732	-0.324260	-0.498902	-0.136735	-0.462897	-0.499470	-2.468679	 0.254224	 0.309254	-1.080845	-2.246088	 1.196704
-0.542553	-0.316608	-0.498902	-0.136735	-0.462897	-0.499470	-2.435367	 0.376777	 0.309253	-1.076522	-2.237100	 1.197803
-0.540383	-0.312782	-0.498902	-0.136735	-0.462897	-0.499470	-2.413907	 0.438054	 0.309253	-0.572216	-2.228150	 1.195954
-0.538222	-0.310869	-0.498902	-0.136735	-0.462897	-0.499470	-2.398392	 0.468693	 0.309253	-0.320063	-2.219237	 1.192642
-0.536069	-0.309913	-0.498902	-0.136735	-0.462897	-0.499470	-2.385868	 0.484012	 0.309253	-0.693986	-2.210359	 1.188607
-0.533925	-0.309435	-0.498902	-0.136735	-0.462897	-0.499470	-2.374860	 0.491671	 0.309253	-0.878812	-2.201518	 1.184220
-0.531789	-0.309196	-0.498902	-0.136735	-0.462897	-0.499470	-2.364628	 0.495501	 0.309253	-0.969098	-2.192711	 1.179667
-0.529662	-0.309076	-0.498902	-0.136735	-0.462897	-0.499470	-2.354804	 0.497416	 0.309253	-1.012122	-2.183940	 1.175040
-0.527543	-0.309016	-0.498902	-0.136735	-0.462897	-0.499470	-2.345201	 0.498374	 0.309253	-1.031523	-2.175205	 0.670386
-0.525433	-0.308986	-0.498902	-0.136735	-0.462897	-0.499470	-2.335729	 0.498852	 0.309253	-1.039122	-2.166504	 0.418059
-0.523331	-0.308972	-0.498902	-0.136735	-0.462897	-0.499470	-2.326340	 0.499092	 0.309253	-1.040829	-2.157838	 0.291896
-0.521238	-0.308964	-0.498902	-0.136735	-0.462897	-0.499470	-2.317012	 0.499211	 0.809253	-1.039596	-2.149206	 0.728814
-0.519153	-0.308960	-0.498902	-0.136735	-0.462897	-0.499470	-2.307732	 0.499271	 1.056635	-1.036904	-2.140610	 0.944941
-0.517076	-0.308958	-0.498902	-0.136735	-0.462897	-0.499470	-2.298496	 0.499301	 0.677718	-1.033489	-2.132047	 1.050683
-0.515008	-0.308958	-0.498902	-0.136735	-0.462897	-0.499470	-2.289299	 0.499316	 0.488259	-1.029721	-2.123519	 1.101241
-0.512948	-0.308957	-0.498902	-0.136735	-0.462897	-0.499470	-2.280140	-0.000676	 0.893530	-1.025786	-2.115025	 1.124217
-0.510896	-0.308957	-0.498902	-0.136735	-0.462897	-0.499470	-2.271019	-0.249671	 1.093567	-1.021774	-2.106565	 1.133410
-0.508853	-0.308957	-0.498902	-0.136735	-0.462897	-0.499470	-2.261935	 0.125831	 0.690999	-0.517733	-2.098139	 1.135721
-0.506817	-0.308957	-0.498902	-0.136735	-0.462897	-0.499470	-2.252887	 0.312580	 0.489715	-0.265712	-2.089746	 1.134601
-0.504790	-0.308957	-0.498902	-0.136735	-0.462897	-0.499470	-1.743875	 0.405954	 0.389073	-0.139702	-2.081387	 1.131774
-0.502771	-0.308957	-0.498902	-0.136735	-0.462897	-0.499470	-1.486900	-0.047359	 0.838752	-0.076697	-2.073061	 1.128102
-0.500760	-0.308957	-0.498902	-0.136735	-0.462897	-0.499470	-1.355952	-0.273014	 1.061014	-0.045194	-2.064769	 1.124018
-0.499754	-0.308957	-0.498902	-0.136735	-0.462897	-0.499470	-1.288028	 0.114159	 1.169579	-0.029443	-2.056510	 1.119736
-0.499251	-0.308957	-0.498902	-0.136735	-0.462897	-0.499470	-1.251626	 0.306742	 1.221305	-0.021567	-2.048284	 1.115364
-0.499000	-0.308957	-0.498902	-0.136735	 0.037103	-0.499470	-1.230994	 0.403034	 1.244622	-0.017629	-2.040091	 1.110956
-0.498874	-0.308957	-0.498902	-0.136735	 0.286029	-0.499470	-1.218258	 0.451180	 1.253745	-0.015661	-2.031931	 1.106539
-0.498811	-0.308957	-0.498902	-0.136735	 0.409422	-0.499470	-1.209479	 0.975253	 1.755780	 0.985324	-1.523803	 1.602126
-0.498780	-0.308957	-0.498902	-0.136735	 0.470053	-0.499470	-1.202688	 1.234291	 2.002282	 1.481844	-1.267708	 1.845724
 0.001236	 0.191043	-0.498902	-0.136735	 0.499307	 0.000530	 1.803100	 1.860823	 2.621036	 10.226147	 1.862363	 1.963344
 0.250241	 0.439661	-0.498902	-0.136735	 0.512877	 0.249529	 3.296376	 2.169114	 2.923933	 14.560357	 3.417414	 2.017993
 0.374744	 0.562594	-0.498902	-0.136735	 0.518609	 0.374029	 4.033434	 2.318305	 3.068928	 16.689673	 4.184994	 2.041172
 0.936995	 0.622689	 0.001098	-0.136735	 1.520426	 0.936278	 5.892422	 2.387966	 2.634998	 21.716694	 6.058879	 1.048632
 1.215122	 0.651371	 0.250096	-0.136735	 2.016291	 1.214406	 6.806414	 2.417881	 2.413630	 24.176716	 6.979956	 0.552363
 1.851199	 1.664352	 0.374594	 0.363265	 2.259198	 1.350485	 12.247969	 2.427942	 1.298562	 36.853454	 11.924692	-1.695772
 2.164263	 2.165488	 0.436844	 0.611539	 2.375648	 1.415551	 14.933367	 2.428097	 0.741028	 43.182252	 14.363322	-2.811952
 2.815841	 2.410722	-0.032031	 0.733956	 2.928889	 1.445123	 18.240829	 2.423318	-0.037739	 51.837118	 19.049033	-3.862185
 3.134695	 2.528028	-0.265467	 0.793452	 3.198545	 1.456960	 19.851463	 2.416092	-0.425489	 56.154841	 21.344419	-4.377477
 3.287214	 2.581390	 0.117815	 0.821494	 2.826436	 1.459941	 21.113856	 1.907661	-1.117738	 61.302963	 24.944832	-6.125338
 3.356595	 2.602801	 0.308454	 0.833816	 2.635474	 1.458505	 21.700300	 1.650647	-1.460243	 63.867210	 26.687948	-6.983521
 3.384433	 2.608258	 0.403773	 0.838284	 2.535103	 1.454873	 21.948948	 1.519353	-1.627889	 65.138680	 27.502644	-7.396930
 3.391528	 2.605760	 0.451433	 0.338833	 2.980048	 1.450155	 22.028877	 1.950929	-1.708122	 66.263805	 28.353357	-7.588013
 3.388278	 2.599304	 0.475263	 0.089108	 3.195671	 1.444905	 22.024624	 2.161953	-1.744661	 66.814145	 28.720306	-7.667997
 3.379883	 2.590890	 0.487178	-0.035755	 3.296660	 1.439400	 21.978457	 1.762718	-1.759368	 67.077142	 28.845606	-6.692493
 3.368942	 2.581518	 0.493135	-0.098187	 3.340359	 1.433780	 21.911509	 1.560374	-1.763174	 67.196293	 28.850314	-6.193307
 3.356756	 2.571688	 0.496114	-0.129402	 3.355440	 1.428114	 21.334346	 1.456486	-1.761543	 66.243572	 28.794958	-5.932326
 3.343974	 2.561649	 0.497603	-0.145010	 3.356240	 1.422436	 21.004250	 1.401837	-1.757207	 65.755185	 28.709800	-5.790492
 3.330920	 2.551527	 0.498348	-0.152814	 3.349926	 1.416763	 20.797853	 1.371818	-1.751534	 65.499013	 28.609972	-6.708278
 3.317758	 2.541383	 0.498720	-0.156716	 3.340081	 1.411105	 20.653472	 1.354125	-1.745205	 65.359442	 28.503038	-7.151919
 3.304567	 2.531248	 0.498906	-0.158667	 3.328499	 1.405465	 20.540264	 1.342605	-1.738563	 65.278216	 28.392779	-7.358548
 3.291389	 2.521139	 0.499000	-0.159642	 2.816074	 1.399845	 20.942805	 1.834184	-1.731779	 64.726210	 27.781084	-7.446733
 3.278244	 2.511062	 0.499046	-0.160130	 2.555254	 1.394247	 21.101385	 2.075321	-1.724936	 64.438858	 27.420898	-7.475755
 3.265141	 2.501021	 0.499069	-0.160374	 2.420255	 1.388670	 20.638155	 2.191257	-1.718079	 64.283879	 27.686684	-6.475257
 3.252085	 2.491019	 0.499081	-0.160496	 2.348185	 1.383116	 20.366190	 2.244610	-1.711228	 64.194687	 27.763671	-5.964058
 3.239080	 1.981056	-0.000913	-0.160557	 2.307598	 1.377584	 20.190020	 2.266691	-1.704393	 64.138436	 27.246484	-6.697553
 3.226125	 1.723132	-0.249908	-0.160587	 2.282770	 1.372073	 20.061906	 2.273154	-1.697581	 64.100763	 26.934432	-7.049438
 3.213221	 2.091240	 0.125594	-0.160603	 2.765840	 1.866585	 19.957982	 1.771826	-1.690793	 63.571249	 26.725161	-6.210578
 3.200368	 2.270375	 0.312343	-0.160610	 3.000878	 2.109119	 19.866312	 1.518621	-1.684032	 63.296021	 26.567494	-5.780405
 3.187567	 2.355044	 0.405717	-0.160614	 3.111925	 2.225682	 19.780928	 1.389488	-1.677296	 63.146930	 26.435840	-5.554618
 3.174817	 2.392499	 0.452405	-0.160616	 3.161002	 1.779280	 19.698844	 1.822401	-1.670587	 63.060953	 26.317405	-6.431066
 3.162117	 2.406366	 0.475748	-0.160617	 3.179121	 1.553412	 19.618569	 2.034347	-1.663905	 63.007024	 26.205790	-6.854676
 3.149469	 1.908460	 0.487420	-0.160618	 2.681786	 1.437824	 19.539355	 2.135827	-1.657249	 62.969162	 26.597794	-6.051924
 3.136871	 1.656685	 0.493256	-0.160618	 2.428749	 1.377385	 19.460828	 2.182092	-1.650621	 62.939155	 26.739816	-5.640050
 3.124324	 2.027988	 0.496174	-0.160618	 2.797879	 1.344532	 19.382799	 2.200768	-1.644018	 62.913120	 26.757064	-5.423656
 3.111826	 2.208841	 0.497633	-0.160618	 2.976110	 1.325482	 19.305176	 2.205668	-1.637442	 62.888671	 26.712139	-5.305045
 3.099379	 2.294488	 0.498362	-0.160618	 2.558917	 1.313344	 19.227909	 2.203696	-1.630892	 62.865060	 26.136342	-5.235366
 3.086982	 2.332551	 0.498727	-0.160618	 2.346037	 1.304673	 19.150974	 2.198307	-1.624369	 62.842358	 25.797322	-5.190196
 3.074634	 2.346842	 0.498909	-0.160618	 2.235331	 1.297745	 19.074359	 2.191226	-1.617871	 62.820155	 25.576896	-5.157320
 3.062335	 2.349265	 0.499001	-0.160618	 2.675729	 1.291699	 18.998055	 2.183318	-1.611400	 62.798244	 25.415970	-5.130634
 3.050086	 2.345773	 0.499046	-0.160618	 2.889695	 1.286105	 18.922060	 2.175013	-1.604954	 62.776300	 25.284997	-5.107083
 3.037885	 2.339342	 0.499069	 0.339382	 2.990471	 0.780747	 18.846371	 2.166527	-1.598534	 62.754384	 25.669202	-6.085140
 3.025734	 2.331461	 0.499080	 0.587703	 3.034677	 0.528068	 18.770984	 2.157968	-1.592140	 62.732845	 25.809198	-6.560042
 3.013631	 2.322873	 0.499086	 0.210192	 3.050622	 0.901729	 18.695900	 1.649389	-1.585772	 62.711536	 25.327298	-5.783423
 3.001576	 2.313951	 0.499089	 0.021436	 3.052461	 1.086008	 18.621116	 1.392819	-1.579429	 62.690286	 25.036656	-5.385101
 3.489570	 2.304880	 0.499090	-0.072942	 3.047272	 1.675607	 18.546632	 1.262261	-1.573111	 62.169109	 24.841844	-5.175965
 3.725612	 2.295752	 0.499091	-0.120131	 3.038593	 1.965877	 18.472445	 1.194718	-1.566818	 61.897565	 24.695144	-5.061464
 3.835709	 2.286616	 0.499092	-0.143725	 3.028194	 2.106499	 18.398555	 1.158693	-1.560551	 61.750882	 24.572697	-4.994320
 3.382866	 2.277492	-0.000908	-0.155522	 2.516959	 2.172316	 18.324961	 1.638435	-1.554309	 61.666672	 24.462573	-4.950893
 3.150585	 2.268394	-0.249906	-0.161421	 2.257330	 2.200748	 18.251661	 1.874069	-1.548092	 61.615126	 24.358806	-4.919365
 3.028608	 1.759326	 0.125595	-0.164370	 2.623520	 2.210506	 18.178655	 1.487667	-1.541899	 60.078793	 22.758412	-4.893825
 2.961806	 1.502292	 0.312343	-0.165845	 2.800636	 2.210944	 18.105940	 1.292264	-1.535732	 59.301861	 21.915899	-4.871319
 2.922615	 1.371284	 0.405717	-0.166582	 2.383238	 1.706740	 16.033516	 1.192368	-1.529589	 51.903805	 17.952496	-3.350368
 2.897252	 1.303299	 0.452404	-0.166951	 2.170608	 1.452234	 14.969382	 1.140235	-1.523470	 48.197448	 15.942816	-2.586234
 2.378827	 1.266837	 0.475748	-0.167135	 2.060376	 1.322585	 10.909505	 1.111993	-1.017377	 36.836970	 8.910110	-0.700522
 2.115894	 1.246144	 0.487419	-0.167227	 2.001360	 1.255374	 8.865867	 1.095704	-0.763307	 31.105777	 5.390002	 0.239963
 1.980722	 1.233347	 0.493255	-0.167274	 1.967968	 1.219393	 7.830403	 1.085401	-0.635254	 28.189432	 3.626209	 0.707845
 1.909444	 0.724508	 0.496173	-0.167297	 1.447402	 1.199035	 4.299082	 1.078099	-0.070213	 18.680713	 0.240587	 1.439434
 1.870129	 0.470088	 0.497632	-0.167308	 1.185266	 1.186499	 2.531885	 1.072306	 0.212308	 13.908010	-1.445934	 1.800887
 0.846810	-0.157122	-0.001638	-0.167314	 0.552351	 0.677883	-1.353242	 0.067277	-0.146432	 5.503387	-4.282929	 1.477289
 0.335151	-0.469158	-0.250272	-0.167317	 0.235894	 0.423575	-3.285329	-0.433362	-0.324792	 1.306879	-5.687187	 1.313182
-0.420679	-0.623614	-0.374589	-0.167318	 0.077666	 0.296421	-4.240938	-0.681813	-0.412965	-0.785596	-6.375133	 1.228831
-0.796241	-0.699286	-0.436747	-0.167319	-0.001449	 0.232844	-4.708349	-0.804179	-0.456049	-1.826078	-6.704980	 1.184366
-0.981678	-0.735572	-0.467826	-0.167319	-0.541006	-0.298944	-5.431703	-0.863508	-0.477592	-2.340585	-6.855834	 1.159854
-1.072063	-0.752171	-0.483366	-0.167319	-0.808623	-0.563177	-5.781070	-0.891327	-0.488363	-2.592129	-6.917248	 1.145327
-1.114930	-0.758933	-0.491135	-0.167320	-0.940280	-0.693639	-5.943493	-0.903399	-0.493748	-2.712213	-6.933997	 1.135802
-1.134048	-0.760783	-0.495020	-0.167320	-1.003964	-0.757221	-6.012492	-1.407603	-0.496441	-3.266591	-6.928470	 1.128787
-1.141301	-0.760182	-0.496963	-0.167320	-1.033671	-0.787371	-6.034829	-1.655882	-0.497788	-3.536138	-6.911861	 1.123036
-1.142630	-0.758363	-0.497934	-0.167320	-1.046397	-0.800811	-6.033883	-1.276213	-0.498461	-3.163300	-6.889766	 1.117926
-1.141007	-0.755940	-0.498420	-0.167320	-1.050642	-0.805902	-6.021344	-1.084586	-0.498797	-2.971300	-6.864983	 1.113145
-1.137916	-0.753222	-0.498662	-0.167320	-1.050655	-0.806826	-6.003057	-0.986986	-0.998966	-2.869742	-6.838911	 1.108538
-1.134102	-0.750361	-0.498784	-0.167320	-1.048560	-0.805672	-5.981944	-0.936407	-1.246051	-2.813426	-6.812249	 1.104027
-1.129934	-0.747436	-0.498845	-0.167320	-1.045420	-0.803486	-5.959466	-0.909346	-0.866608	-2.779754	-6.785347	 1.099572
-1.125598	-0.744485	-0.498875	-0.167320	-1.041765	-0.800791	-5.936353	-0.894051	-0.676886	-2.757426	-6.758380	 1.095154
-1.121188	-0.741526	-0.498890	-0.167320	-1.037861	-0.797847	-5.912970	-0.884646	-0.582026	-2.740791	-6.731433	 1.090764
-1.116749	-0.738569	-0.498898	-0.167320	-1.033842	-0.794785	-5.889499	-0.878193	-0.534595	-2.727026	-6.704550	 1.086396
-1.112305	-0.735620	-0.498901	-0.167320	-1.029772	-0.791671	-5.866032	-0.873223	-0.510880	-2.714717	-6.677754	 1.082048
-1.107867	-0.732680	-0.498903	-0.167320	-1.025686	-0.788537	-5.842613	-0.869002	-0.499022	-2.703157	-6.651054	 1.077719
-1.103442	-0.729750	-0.498904	-0.167320	-1.021600	-0.785399	-5.819265	-0.865161	-0.493094	-2.691994	-6.624455	 1.073407
-1.099031	-0.726832	-0.498905	-0.167320	-1.017522	-0.782265	-6.295999	-0.861519	-0.490129	-3.181051	-6.597960	 1.069113
-1.094636	-0.723925	-0.498905	-0.167320	-1.013456	-0.779140	-6.520821	-0.857981	-0.488647	-3.418239	-6.571569	 1.064837
-1.090258	-0.721029	-0.498905	-0.167320	-1.009404	-0.776026	-6.119741	-0.854504	 0.012094	-3.029523	-6.545284	 1.560577
-1.085898	-0.718145	-0.498905	-0.167320	-1.005367	-0.772922	-5.907763	-0.851063	 0.261439	-2.829883	-6.519103	 1.804335
-1.081554	-0.715273	-0.498905	-0.167320	-1.001346	-0.769831	-5.790383	-0.847648	 0.385090	-2.724802	-6.493027	 1.922118
-1.077228	-0.712412	-0.498905	-0.167320	-0.997341	-0.766752	-5.720347	-1.344251	 0.445898	-2.667023	-6.467055	 1.976929
-1.072919	-0.709562	-0.498905	-0.167320	-0.993352	-0.763685	-5.674028	-1.588871	 0.475288	-2.632914	-6.441186	 2.000271
-1.068628	-0.706724	-0.498905	-0.167320	-0.989379	-0.760631	-5.639613	-1.207514	 0.488974	-2.610662	-6.415422	 1.507895
-1.064353	-0.703897	-0.498905	-0.167320	-0.985421	-0.757588	-5.611195	-1.015184	 0.494812	-2.594360	-6.389760	 1.259676
-1.060096	-0.701081	-0.498905	-0.167320	-0.981479	-0.754558	-5.585821	-0.917373	 0.496729	-2.581052	-6.364201	 1.633544
-1.055855	-0.698277	-0.498905	-0.167320	-0.977554	-0.751540	-5.562013	-0.866828	 0.497688	-2.569263	-6.338744	 1.816463
-1.051632	-0.695484	-0.498905	-0.167320	-0.973643	-0.748533	-5.539032	-1.339923	 0.498168	-3.058253	-6.313389	 1.903923
-1.047425	-0.692702	-0.498905	-0.167320	-0.969749	-0.745539	-5.516510	-1.572845	 0.498407	-3.295654	-6.288136	 1.943671
-1.043236	-0.689931	-0.498905	-0.167320	-0.965870	-0.742557	-5.494261	-1.185694	-0.001473	-2.907288	-6.262983	 1.959578
-1.039063	-0.687171	-0.498905	-0.167320	-0.962006	-0.739587	-5.472192	-0.990521	-0.250410	-2.708068	-6.237931	 1.963581
-1.034906	-0.684423	-0.498905	-0.167320	-0.958158	-0.736629	-5.450258	-0.891344	-0.374879	-2.603440	-6.212980	 1.961647
-1.030767	-0.681685	-0.498905	-0.167320	-0.954326	-0.733682	-5.428434	-0.840172	 0.062887	-3.046128	-6.188128	 1.456760
-1.026644	-0.678958	-0.498905	-0.167320	-0.950508	-0.730747	-5.406709	-0.813007	 0.280768	-3.260495	-6.163375	 1.202413
-1.022537	-0.676242	-0.498905	-0.167320	-0.946706	-0.727824	-5.385076	-0.797853	 0.389709	-2.860728	-6.138722	 1.073344
-1.018447	-0.673537	-0.498905	-0.167320	-0.942919	-0.724913	-5.363533	-0.788711	 0.444179	-2.655923	-6.114167	 1.006920
-1.014373	-1.170843	-0.498905	-0.167320	-0.939148	-0.722013	-5.342077	-0.782581	 0.471415	-3.048618	-6.089710	 0.971828
-1.010316	-1.416160	-0.498905	-0.167320	-0.935391	-0.719125	-5.320708	-0.777963	 0.485032	-3.238083	-6.065351	 0.952408
-1.006274	-1.035495	-0.498905	-0.167320	-0.931650	-0.716249	-5.299425	-0.774107	 0.491841	-3.325961	-6.041090	 0.940832
-1.002249	-0.843853	-0.498905	-0.167320	-0.927923	-0.713384	-5.278227	-0.770639	 0.495245	-3.363072	-6.016925	 0.933186
-0.998240	-0.746728	-0.498905	-0.167320	-0.924211	-0.710530	-5.257114	-0.767370	 0.496948	-3.374827	-5.992858	 0.927511
-0.994247	-0.696866	-0.498905	-0.167320	-0.920515	-0.707688	-5.236086	-0.764208	 0.497799	-2.873931	-5.968886	 1.422830
-0.990270	-0.670641	-0.498905	-0.167320	-0.916832	-0.704857	-5.215141	-0.761104	 0.498224	-2.618737	-5.945011	 1.666654
-0.986309	-0.656240	-0.498905	-0.167320	-0.913165	-0.702038	-5.194281	-0.758037	 0.498437	-2.986413	-5.921231	 1.284744
-0.982364	-0.647755	-0.498905	-0.167320	-0.909512	-0.699230	-5.173504	-0.754993	 0.498543	-3.163543	-5.897546	 1.091984
-0.978435	-0.642235	-0.498905	-0.167320	-0.905874	-0.696433	-5.152810	-0.751967	 0.498597	-2.745427	-5.873956	 0.993805
-0.974521	-0.638201	-0.498905	-0.167320	-0.902251	-0.693647	-5.132198	-0.748956	 0.498623	-2.531714	-5.850460	 0.942925
-0.970623	-0.634916	-0.498905	-0.167320	-0.898642	-0.690873	-5.111670	-0.745959	-0.001364	-2.420221	-5.827058	 0.915701
-0.966740	-0.632010	-0.498905	-0.167320	-0.895047	-0.688109	-5.091223	-0.742974	-0.250354	-2.359858	-5.803750	 0.900311
-0.962873	-0.629299	-0.498905	-0.167320	-0.891467	-0.685357	-5.070858	-0.740002	-0.374849	-2.325077	-5.780535	 0.890847
-0.959022	-0.626690	-0.998905	-0.167320	-0.887901	-0.682615	-5.050575	-0.737042	 0.062903	-2.303106	-5.757413	 0.884352
-0.955186	-0.624137	-1.245907	-0.167320	-0.884350	-0.679885	-5.030372	-0.734094	 0.280778	-2.287558	-5.734383	 0.879349
-0.951365	-1.121618	-0.866423	-0.167320	-0.880812	-0.677165	-5.010251	-0.731157	 0.389715	-2.275240	-5.711445	 1.375099
-0.947560	-1.367120	-0.676680	-0.167320	-0.877289	-0.674457	-4.990210	-0.728233	 0.444184	-2.264555	-5.688600	 1.619232
-0.943769	-0.986646	-0.581809	-0.167320	-0.873780	-0.671759	-4.970249	-0.725320	 0.471418	-2.254705	-5.665845	 1.237572
-0.939994	-0.795196	-0.534374	-0.167320	-0.870285	-0.669072	-4.950368	-0.722418	 0.485035	-2.245290	-5.643182	 1.045030
-0.936234	-0.698264	-0.510656	-0.167320	-0.866804	-0.666395	-4.930566	-0.719529	 0.491844	-2.236111	-5.620609	 0.947054
-0.932489	-0.648595	-0.498797	-0.167320	-0.863336	-0.663730	-4.910844	-0.716651	 0.495248	-2.227068	-5.598127	 0.896368
-0.928759	-0.622563	-0.492867	-0.167320	-0.859883	-0.661075	-4.891201	-0.713784	 0.496950	-2.218110	-5.575734	 0.869333
-0.925044	-0.608354	-0.489903	-0.167320	-0.856444	-0.658431	-4.871636	-0.710929	 0.497801	-2.209213	-5.553431	 1.354131
-0.921344	-0.600061	-0.488420	-0.167320	-0.853018	-0.655797	-4.852149	-0.708085	 0.498227	-2.200364	-5.531217	 1.592853
-0.917659	-0.594731	-0.487679	-0.167320	-0.849606	-0.653174	-4.832741	-0.705253	 0.498440	-2.191556	-5.509093	 1.208550
-0.913988	-0.590887	-0.487309	-0.167320	-0.846207	-0.650561	-4.813410	-0.702432	 0.498546	-2.182787	-5.487056	 1.014750
-0.910332	-0.587791	-0.487123	-0.167320	-0.842822	-0.647959	-4.794156	-0.699622	 0.498599	-2.174054	-5.465108	 0.916209
-0.906691	-0.585074	-0.487031	-0.167320	-0.839451	-0.645367	-4.774980	-0.696824	 0.498626	-2.165357	-5.443248	 0.865302
-0.903064	-0.582550	-0.486984	-0.167320	-0.836093	-0.642785	-4.755880	-0.694036	 0.498639	-2.156695	-5.421475	 1.338220
-0.899452	-0.580129	-0.486961	-0.167320	-0.832749	-0.640214	-4.736856	-0.691260	 0.498646	-2.148068	-5.399789	 1.571057
-0.895854	-0.577762	-0.486950	-0.167320	-0.829418	-0.637653	-4.717909	-0.688495	 0.498649	-2.139476	-5.378190	 1.683868
-0.892271	-0.575428	-0.486944	-0.167320	-0.826100	-0.635103	-4.699037	-0.685741	-0.001349	-2.130918	-5.356677	 1.736680
-0.888702	-0.573115	-0.486941	-0.167320	-0.822796	-0.632562	-4.680241	-0.682998	-0.250346	-2.122394	-5.335250	 1.759507
-0.885147	-0.570817	-0.486939	-0.167320	-0.819505	-0.630032	-4.661520	-0.680266	 0.125156	-2.113905	-5.313909	 1.767356
-0.881606	-0.568531	-0.486939	-0.167320	-0.816227	-0.627512	-4.642874	-0.677545	 0.311906	-2.105449	-5.292653	 1.767730
-0.878080	-0.566255	-0.486938	-0.167320	-0.812962	-0.625002	-4.624302	-0.674835	 0.405281	-2.097027	-5.271483	 1.764380
-0.874567	-0.563990	-0.486938	-0.167320	-0.809710	-0.622502	-4.605805	-0.672136	 0.451968	-2.088639	-5.250397	 1.759184
-0.871069	-0.561733	-0.486938	-0.167320	-0.806471	-0.620012	-4.587382	-0.669447	 0.475312	-2.080285	-5.229395	 1.753077
-0.867585	-0.559486	-0.486938	-0.167320	-0.803245	-0.617532	-4.569033	-0.666769	 0.486983	-2.071963	-5.208478	 1.746530
-0.864115	-0.557248	-0.486938	-0.167320	-0.800032	-0.615062	-4.550756	-0.664102	 0.492819	-2.063676	-5.187644	 1.739777
-0.860658	-0.555019	-0.486938	-0.167320	-0.796832	-0.612602	-4.532553	-0.661446	 0.495737	-2.055421	-5.166893	 1.732934
-0.857215	-0.552799	-0.486938	-0.167320	-0.793645	-0.610151	-4.514423	-0.658800	 0.497196	-2.047199	-5.146226	 1.726060
-0.853787	-0.550588	-0.486938	-0.167320	-0.790470	-0.607711	-4.996365	-0.656165	 0.497926	-2.039010	-5.125641	 1.719185
-0.850371	-0.548386	-0.486938	-0.167320	-0.787308	-0.605280	-5.226380	-0.653540	 0.498291	-2.030854	-5.105138	 1.712323
-0.846970	-0.546192	-0.486938	-0.167320	-0.784159	-0.602859	-4.830474	-0.650926	-0.001527	-2.022731	-5.084718	 1.705481
-0.843582	-0.544007	-0.486938	-0.167320	-0.781022	-0.600447	-4.623653	-0.648322	-0.250433	-2.014640	-5.064379	 1.698663
-0.840208	-0.541831	-0.486938	-0.167320	-0.777898	-0.598045	-4.511408	-0.645729	 0.125114	-2.006581	-5.044121	 1.691870
-0.836847	-0.539664	-0.486938	-0.167320	-0.774787	-0.595653	-4.446487	-0.643146	 0.311886	-1.998555	-5.023945	 1.685103
-0.833500	-0.537505	-0.486938	-0.167320	-0.771688	-0.593271	-4.405264	-0.640573	 0.405272	-1.990561	-5.003849	 1.678363
-0.830166	-0.535355	-0.486938	-0.167320	-0.768601	-0.590898	-4.375924	-0.638011	 0.451965	-1.982599	-4.983834	 1.171650
-0.826845	-0.533214	-0.486938	-0.167320	-0.765526	-0.588534	-4.352561	-0.635459	 0.475312	-1.974668	-4.963898	 0.916964
-0.823538	-0.531081	-0.486938	-0.167320	-0.762464	-0.586180	-4.332221	-0.632917	 0.486985	-1.966770	-4.944043	 1.288296
-0.820243	-0.528957	-0.486938	-0.167320	-0.759414	-0.583835	-4.313427	-0.630386	 0.492821	-1.958903	-4.924266	 1.470643
-0.816962	-0.526841	-0.486938	-0.167320	-0.756377	-0.581500	-4.295441	-0.627864	 0.495740	-1.951067	-4.904569	 1.558510
-0.813695	-0.524733	-0.486938	-0.167320	-0.753351	-0.579174	-4.277893	-0.625353	 0.497199	-1.943263	-4.884951	 1.599151
-0.810440	-0.522634	-0.486938	-0.167320	-0.750338	-0.576857	-4.260599	-0.622851	-0.002072	-1.935490	-4.865411	 1.116192
-0.807198	-0.520544	-0.486938	-0.167320	-0.747337	-0.574550	-4.243465	-0.620360	-0.250704	-1.927748	-4.845950	 0.873446
-0.803969	-0.518462	-0.486938	-0.167320	-0.744347	-0.572251	-4.226445	-0.617878	-0.375020	-1.920037	-4.826566	 0.750812
-0.800753	-0.516388	-0.486938	-0.167320	-0.741370	-0.569962	-4.209516	-0.615407	 0.062822	-1.912356	-5.307260	 0.688238
-0.797550	-0.514322	-0.486938	-0.167320	-0.738404	-0.567683	-4.192667	-0.612945	 0.280741	-1.904707	-5.536031	 0.655700
-0.794360	-0.512265	-0.486938	-0.167320	-0.735451	-0.565412	-4.175890	-0.610493	 0.389701	-1.897088	-5.138886	 1.138184
-0.791183	-0.510216	-0.486938	-0.167320	-0.732509	-0.563150	-4.159184	-0.608051	 0.444181	-1.889500	-4.930831	 1.376185
-0.788018	-0.508175	-0.486938	-0.167320	-0.729579	-0.560898	-4.142546	-0.605619	 0.471421	-1.881942	-4.817358	 1.491958
-0.784866	-0.506142	-0.486938	-0.167320	-0.726661	-0.558654	-4.125975	-0.603197	 0.485041	-1.874414	-4.751213	 1.546628
-0.781726	-0.504118	-0.486938	-0.167320	-0.723754	-0.556419	-4.109471	-0.600784	 0.491851	-1.866916	-4.708771	 1.570761
-0.778600	-0.502101	-0.486938	-0.167320	-0.720859	-0.554194	-4.093033	-0.598381	 0.495256	-1.859449	-4.678217	 1.579637
-0.775485	-0.500093	-0.486938	-0.167320	-0.717975	-0.551977	-4.076660	-0.595987	 0.496958	-1.852011	-4.653645	 1.580899
-0.772383	-0.499089	-0.486938	-0.167320	-0.715104	-0.549769	-4.060354	-0.593603	 0.497810	-1.844603	-4.632100	 1.578365
-0.769294	-0.498587	-0.486938	-0.167320	-0.712243	-0.547570	-4.044112	-0.591229	 0.498235	-1.837225	-4.612107	 1.573946
-0.766216	-0.498336	-0.486938	-0.167320	-0.709394	-0.545380	-4.027936	-0.588864	 0.498448	-1.829876	-4.592926	 1.068598
-0.763152	-0.498210	-0.486938	-0.167320	-0.706557	-0.543198	-4.011824	-0.586509	 0.498554	-1.822556	-4.574188	 0.814798
-0.760099	-0.498147	-0.486938	-0.167320	-0.703730	-0.541025	-3.995777	-0.584163	 0.498608	-1.815266	-4.555709	 0.686775
-0.757059	-0.498116	-0.486938	-0.167320	-0.700915	-0.538861	-3.979794	-0.581826	 0.498634	-1.808005	-4.537394	 0.621647
-0.754030	-0.498100	-0.486938	-0.167320	-0.698112	-0.536706	-3.963874	-0.579499	 0.498647	-1.800773	-4.519199	 1.087969
-0.751014	-0.498092	-0.486938	-0.167320	-0.695319	-0.534559	-3.948019	-0.577181	 0.498654	-1.793570	-4.501099	 1.318022
-0.748010	-0.498089	-0.486938	-0.167320	-0.692538	-0.532421	-3.932227	-0.574872	 0.498657	-1.786395	-4.483083	 1.429952
-0.745018	-0.498087	-0.486938	-0.167320	-0.689768	-0.530291	-3.916498	-0.572572	 0.498659	-1.779250	-4.465145	 1.482833
-0.742038	-0.498086	-0.486938	-0.167320	-0.687009	-0.528170	-3.900832	-0.570282	 0.498660	-1.772133	-4.447282	 1.506203
-0.739070	-0.498085	-0.486938	-0.167320	-0.684261	-0.526057	-3.885229	-0.568001	 0.498660	-1.765044	-4.429491	 1.014828
-0.736114	-0.498085	-0.486938	-0.167320	-0.681524	-0.523953	-3.869688	-0.565729	 0.498661	-1.757984	-4.411773	 0.768094
-0.733169	-0.498085	-0.486938	-0.167320	-0.678798	-0.521857	-3.854209	-0.563466	 0.498661	-1.750952	-4.394125	 1.143684
-0.730237	-0.498085	-0.486938	-0.167320	-0.676083	-0.519770	-3.838792	-0.561212	 0.498661	-1.743948	-4.376548	 1.328441
-0.727316	-0.498085	-0.486938	-0.167320	-0.673378	-0.517691	-3.823437	-0.558967	 0.498661	-1.736973	-4.359042	 0.917793
-0.724406	-0.498085	-0.486938	-0.167320	-0.670685	-0.515620	-3.808143	-0.556731	 0.498661	-1.730025	-4.341606	 0.711454
-0.721509	-0.498085	-0.486938	-0.167320	-0.668002	-0.513557	-3.792911	-0.554505	 0.498661	-1.723105	-4.324240	 1.107275
-0.718623	-0.498085	-0.486938	-0.167320	-0.665330	-0.511503	-3.777739	-0.552287	 0.498661	-1.716212	-4.306943	 1.302179
-0.715748	-0.498085	-0.486938	-0.167320	-0.662669	-0.509457	-3.762628	-0.550077	 0.498661	-1.709347	-4.289715	 1.396637
-0.712885	-0.498085	-0.486938	-0.167320	-0.660018	-0.507419	-4.247578	-0.547877	 0.498661	-1.702510	-4.272556	 0.940884
-0.710034	-0.498085	-0.486938	-0.167320	-0.657378	-0.505390	-4.480587	-0.545686	 0.498661	-1.695700	-4.255466	 0.713007
-0.707193	-0.498085	-0.486938	-0.167320	-0.654748	-0.503368	-4.087665	-0.043503	 0.498661	-1.688917	-4.238444	 1.099069
-0.704365	-0.498085	-0.486938	-0.167320	-0.652129	-0.501355	-3.883814	 0.207589	 0.498661	-1.682161	-4.221490	 1.289129
-0.701547	-1.498085	-0.486938	-0.167320	-0.649521	-0.500348	-3.774529	 0.333134	 0.498661	-1.675433	-4.204604	 1.381201
-0.698741	-1.993088	-0.486938	-0.167320	-0.646923	-0.499845	-3.712556	 0.395907	 0.498661	-1.668731	-4.187786	 1.424291
-0.695946	-1.235614	-0.486938	-0.167320	-0.644335	-0.499593	-3.674268	-0.072706	 0.498661	-1.662056	-4.171035	 1.442901
-0.693162	-0.856877	-0.486938	-0.167320	-0.641758	-0.499467	-3.647852	-0.305931	 0.498661	-1.655408	-4.154350	 1.449282
-0.690390	-0.667508	-0.486938	-0.167320	-0.639191	-0.499404	-3.627402	-0.421464	 0.498661	-1.648786	-4.137733	 1.449562
-0.687628	-0.572824	-0.486938	-0.167320	-0.636634	-0.499373	-3.609962	 0.021843	 0.498661	-1.642191	-4.121182	 1.446802
-0.684878	-0.525482	-0.486938	-0.167320	-0.634087	-0.499357	-3.594058	 0.243496	 0.498661	-1.635622	-4.104697	 1.442534
-0.682138	-0.501811	-0.486938	-0.167320	-0.631551	-0.499349	-3.578949	-0.145677	 0.498661	-1.129080	-4.088279	 1.437524
-0.679410	-0.489975	-0.486938	-0.167320	-0.629025	-0.499345	-3.564267	-0.339194	 0.498661	-0.874564	-4.071925	 1.432153
-0.676692	-0.484058	-0.486938	-0.167320	-0.626509	-0.499343	-3.549827	-0.434887	 0.498661	-1.246065	-4.055638	 1.426615
-0.673985	-0.481099	-0.486938	-0.167320	-0.624003	-0.499342	-3.535536	-0.481672	 0.498661	-1.428581	-4.039415	 1.421003
-0.671289	-0.479619	-0.486938	-0.167320	-0.621507	-0.499342	-3.521348	-0.504008	 0.498661	-1.516617	-4.023258	 1.415367
-0.668604	-0.478880	-0.486938	-0.167320	-0.619021	-0.499341	-3.507240	-0.514123	 0.498661	-1.557425	-4.007164	 1.409729
-0.665930	-0.478510	-0.486938	-0.167320	-0.616545	-0.499341	-3.493199	-0.518132	 0.498661	-1.574633	-3.991136	 1.404102
-0.663266	-0.478325	-0.486938	-0.167320	-0.614078	-0.499341	-3.479221	-0.019093	 0.498661	-1.580053	-3.975171	 1.398491
-0.660613	-0.478232	-0.486938	-0.167320	-0.611622	-0.499341	-3.465301	 0.230427	 0.498661	-1.579592	-3.959271	 1.392900
-0.657970	-0.478186	-0.486938	-0.167320	-0.609176	-0.499341	-3.451438	-0.144813	 0.498661	-1.576204	-3.943434	 0.887330
-0.655338	-0.478163	-0.486938	-0.167320	-0.606739	-0.499341	-3.437632	-0.331393	 0.498661	-1.571364	-3.927660	 0.634545
-0.652717	-0.478151	-0.486938	-0.167320	-0.604312	-0.499341	-3.423881	 0.076353	 0.498661	-1.565811	-3.911949	 1.008153
-0.650106	-0.478146	-0.486938	-0.167320	-0.601895	-0.499341	-3.410185	 0.280226	 0.498661	-1.559914	-3.896301	 1.192193
-0.647506	-0.478143	-0.486938	-0.167320	-0.599487	-0.499341	-3.396544	 0.382163	 0.498661	-1.553857	-3.880716	 1.281461
-0.644916	-0.478141	-0.486938	-0.167320	-0.597089	-0.499341	-3.382958	 0.433131	 0.498661	-1.547733	-3.865193	 1.323353
-0.642336	-0.478141	-0.486938	-0.167320	-0.594701	-0.499341	-3.369426	 0.458615	 0.498661	-1.541588	-3.849733	 1.341569
-0.639767	-0.478140	-0.486938	-0.167320	-0.592322	-0.499341	-3.355949	-0.028643	 0.498661	-1.535445	-3.834334	 1.347957
-0.637208	-0.478140	-0.486938	-0.167320	-0.589953	-0.499341	-3.342525	-0.271240	 0.498661	-1.529314	-3.818996	 1.348442
-0.634659	-0.478140	-0.486938	-0.167320	-0.587593	-0.499341	-3.329155	-0.391511	 0.498661	-1.523203	-3.803720	 1.345987
-0.632120	-0.478140	-0.486938	-0.167320	-0.585243	-0.499341	-3.315838	-0.450623	 0.498661	-1.517113	-3.788505	 1.342073
-0.629592	-0.478140	-0.486938	-0.167320	-0.582902	-0.499341	-3.302575	 0.020841	 0.498661	-1.511046	-3.773351	 1.337439
-0.627073	-0.478140	-0.486938	-0.167320	-0.580570	-0.499341	-3.289364	 0.256572	 0.498661	-1.505002	-3.758258	 1.332457
-0.624565	-0.478140	-0.486938	-0.167320	-0.578248	-0.499341	-3.276207	 0.374438	 0.498661	-1.498983	-3.743225	 1.327310
-0.622067	-0.478140	-0.486938	-0.167320	-0.575935	-0.499341	-3.263102	 0.433371	 0.498661	-1.492987	-3.728252	 1.322093
-0.619579	-0.478140	-0.486938	-0.167320	-0.573631	-0.499341	-3.250050	 0.462838	 0.498661	-1.487015	-3.713339	 1.316851
-0.617100	-0.478140	-0.486938	-0.167320	-0.571336	-0.499341	-3.237050	-0.022429	 0.498661	-1.481067	-3.698486	 0.811606
-0.614632	-0.478140	-0.486938	-0.167320	-0.569051	-0.499341	-3.224101	-0.264047	 0.498661	-1.475143	-3.683692	 0.558984
-0.612173	-0.478140	-0.486938	-0.167320	-0.566775	-0.499341	-3.211205	-0.383845	 0.498661	-0.969242	-3.668957	 0.932673
-0.609725	-0.478140	-0.486938	-0.167320	-0.564508	-0.499341	-3.198360	-0.442736	 0.498661	-0.716292	-3.654281	 1.116904
-0.607286	-0.478140	-0.486938	-0.167320	-0.562250	-0.499341	-3.185567	 0.028821	 0.498661	-1.089817	-3.639664	 1.206418
-0.604857	-0.478140	-0.486938	-0.167320	-0.560001	-0.499341	-3.172824	 0.263599	 0.498661	-1.273653	-3.625105	 1.248583
-0.602437	-0.478140	-0.486938	-0.167320	-0.557761	-0.499341	-3.160133	-0.119012	 0.498661	-1.362656	-3.610605	 0.767084
-0.600027	-0.478140	-0.486938	-0.167320	-0.555530	-0.499341	-3.147493	-0.309314	 0.498661	-1.404254	-3.596162	 0.526334
-0.597627	-0.478140	-0.486938	-0.167320	-0.553308	-0.499341	-3.134903	-0.404465	 0.498661	-1.422161	-3.581778	 0.405960
-0.595237	-0.478140	-0.486938	-0.167320	-0.551094	-0.499341	-3.122363	-0.452041	 0.498661	-1.428235	-3.567451	 0.845772
-0.592856	-0.478140	-0.486938	-0.167320	-0.548890	-0.499341	-3.109874	-0.475828	 0.498661	-1.428403	-3.553181	 1.063107
-0.590484	-0.478140	-0.486938	-0.167320	-0.546694	-0.499341	-3.097434	 0.012278	 0.498661	-0.925630	-3.538968	 1.169214
-0.588123	-0.478140	-0.486938	-0.167320	-0.544508	-0.499341	-3.085044	 0.255330	 0.498661	-0.674243	-3.524812	 1.219717
-0.585770	-0.478140	-0.486938	-0.167320	-0.542330	-0.499341	-3.072704	-0.123144	 0.498661	-1.048550	-3.510713	 1.242428
-0.583427	-0.478140	-0.486938	-0.167320	-0.540160	-0.499341	-3.060413	-0.311378	 0.498661	-1.232858	-3.496670	 1.251253
-0.581093	-0.478140	-0.486938	-0.167320	-0.538000	-0.499341	-3.048172	-0.405494	 0.498661	-1.322177	-3.482684	 1.253145
-0.578769	-0.478140	-0.486938	-0.167320	-0.535848	-0.499341	-3.035979	-0.452553	 0.498661	-1.364014	-3.468753	 1.251581
-0.576454	-0.478140	-0.486938	-0.167320	-0.533704	-0.499341	-3.023835	-0.476082	 0.498661	-1.382120	-3.454878	 1.248300
-0.574148	-0.478140	-0.486938	-0.167320	-0.531569	-0.499341	-3.011740	 0.012153	 0.498661	-1.388373	-3.441058	 1.244168
-0.571851	-0.478140	-0.486938	-0.167320	-0.529443	-0.499341	-2.999693	 0.255270	 0.498661	-1.388711	-3.427294	 1.239623
-0.569564	-0.478140	-0.486938	-0.167320	-0.527325	-0.499341	-2.987694	-0.123171	 0.498661	-1.386101	-3.413585	 1.234880
-0.567286	-0.478140	-0.486938	-0.167320	-0.525216	-0.499341	-2.975743	-0.311389	 0.498661	-1.382029	-3.399931	 1.230048
-0.565017	-0.478140	-0.486938	-0.167320	-0.523115	-0.499341	-2.963840	-0.405498	 0.498661	-1.377237	-3.386331	 1.225182
-0.562757	-0.478140	-0.486938	-0.167320	-0.521023	-0.499341	-2.951985	-0.452552	 0.498661	-1.372097	-3.372785	 1.220308
-0.560505	-0.478140	-0.486938	-0.167320	-0.518939	-0.499341	-2.940177	 0.023921	 0.498661	-1.366792	-3.359294	 1.215440
-0.558263	-0.478140	-0.486938	-0.167320	-0.516863	-0.499341	-2.928416	 0.261156	 0.498661	-1.361417	-3.345857	 1.210585
-0.556030	-0.478140	-0.486938	-0.167320	-0.514795	-0.499341	-2.916703	 0.379774	 0.498661	-1.356018	-3.332474	 1.205746
-0.553806	-0.478140	-0.486938	-0.167320	-0.512736	-0.499341	-2.905036	-0.060917	 0.498661	-1.350617	-3.319144	 1.200925
-0.551591	-0.478140	-0.486938	-0.167320	-0.510685	-0.499341	-2.893416	-0.280259	 0.498661	-1.345226	-3.305867	 1.196122
-0.549385	-0.478140	-0.486938	-0.167320	-0.508643	-0.499341	-2.881842	-0.389930	 0.498661	-1.339850	-3.292644	 1.191338
-0.547187	-0.478140	-0.486938	-0.167320	-0.506608	-0.499341	-2.870315	-0.444766	 0.498661	-1.334494	-3.279473	 1.186573
-0.544998	-0.478140	-0.486938	-0.167320	-0.504582	-0.499341	-2.858833	 0.027816	 0.498661	-1.329157	-3.266355	 1.181827
-0.542818	-0.478140	-0.486938	-0.167320	-0.502563	-0.499341	-2.847398	 0.263107	 0.498661	-1.323841	-3.253290	 1.177100
-0.540647	-0.478140	-0.486938	-0.167320	-0.500553	-0.499341	-2.836008	 0.380752	 0.498661	-1.318546	-3.240277	 1.172391
-0.538485	-0.478140	-0.486938	-0.167320	-0.499548	-0.499341	-2.824664	 0.439574	 0.498661	-1.313272	-3.227316	 1.167702
-0.536331	-0.478140	-0.486938	-0.167320	-0.499045	-0.499341	-2.813366	-0.031014	 0.498661	-1.308019	-3.214406	 0.663031
-0.534185	-0.478140	-0.486938	-0.167320	-0.498794	-0.499341	-2.802112	-0.265306	 0.498661	-1.302787	-3.201549	 0.410695
-0.532049	-0.478140	-0.486938	-0.167320	-0.498668	-0.499341	-2.790904	-0.382451	 0.498661	-1.297576	-3.188743	 0.284528
-0.529920	-0.478140	-0.486938	-0.167320	-0.498606	-0.499341	-2.779740	 0.058976	 0.498661	-1.292386	-3.175988	 0.721444
-0.527801	-0.478140	-0.486938	-0.167320	-0.498574	-0.499341	-2.768621	 0.278689	 0.498661	-1.287216	-3.163284	 0.937585
-0.525689	-0.478140	-0.486938	-0.167320	-0.498558	-0.499341	-2.757547	-0.111455	 0.498661	-1.282068	-3.150631	 1.043348
-0.523587	-0.478140	-0.486938	-0.167320	-0.498551	-0.499341	-2.746517	-0.305523	 0.498661	-1.276939	-3.138028	 1.093932
-0.521492	-0.478140	-0.486938	-0.167320	-0.498547	-0.499341	-2.735531	 0.097442	 0.998661	-1.271832	-3.125476	 1.116935
-0.519406	-0.478140	-0.486938	-0.167320	-0.498545	-0.499341	-2.724588	 0.297924	 1.245663	-1.266744	-3.112974	 1.126156
-0.517329	-0.478140	-0.486938	-0.167320	-0.498544	-0.499341	-2.713690	 0.398165	 0.866179	-1.261677	-3.100522	 1.128496
-0.515259	-0.478140	-0.486938	-0.167320	-0.498543	-0.499341	-2.702835	 0.448286	 0.676437	-1.256631	-3.088120	 1.127404
-0.513198	-0.478140	-0.486938	-0.167320	-0.498543	-0.499341	-2.692024	 0.473346	 0.581566	-1.251604	-3.075768	 1.124606
-0.511146	-0.478140	-0.486938	-0.167320	-0.498543	-0.499341	-2.681256	 0.485876	 1.034131	-1.246598	-3.063464	 1.120963
-0.509101	-0.478140	-0.486938	-0.167320	-0.498543	-0.499341	-2.670531	 0.492141	 1.257440	-1.241611	-3.051211	 1.116907
-0.507065	-0.478140	-0.486938	-0.167320	-0.498543	-0.499341	-2.659849	-0.004726	 0.866133	-1.236645	-3.039006	 1.112653
-0.505036	-0.478140	-0.486938	-0.167320	-0.498543	-0.499341	-2.649209	-0.252157	 0.670479	-1.231698	-3.026850	 1.108309
-0.503016	-0.478140	-0.486938	-0.167320	-0.498543	-0.499341	-2.638612	-0.375872	 0.572652	-1.226771	-3.014742	 1.103930
-0.501004	-0.478140	-0.486938	-0.167320	-0.498543	-0.499341	-2.628058	-0.437730	 0.523739	-1.221864	-3.002683	 1.099541
-0.499998	-0.478140	-0.486938	-0.167320	-0.498543	-0.499341	-2.617546	 0.031342	 0.499282	-1.216977	-2.990673	 0.595156
-0.499495	-0.478140	-0.486938	-0.167320	-0.498543	-0.499341	-2.607076	 0.264876	 0.487054	-1.212109	-2.978710	 0.342964
-0.499244	-0.478140	-0.486938	-0.167320	-0.498543	-0.499341	-2.596647	 0.381644	 0.480940	-1.207261	-2.966795	 0.216867
-0.499118	-0.478140	-0.486938	-0.167320	-0.498543	-0.499341	-2.586261	 0.440027	 0.477883	-1.202432	-2.954928	 0.653819
-0.499055	-0.478140	-0.486938	-0.167320	-0.498543	-0.499341	-2.575916	 0.469219	 0.476354	-1.197622	-2.943108	 0.870114
-0.499024	-0.478140	-0.486938	-0.167320	-0.498543	-0.499341	-2.565612	-0.016185	 0.475590	-0.692831	-2.931336	 0.976088
-0.499008	-0.478140	-0.486938	-0.167320	-0.498543	-0.499341	-2.555350	-0.257884	 0.475208	-0.440436	-2.919610	 1.026911
-0.499000	-0.478140	-0.486938	-0.167320	-0.498543	-0.499341	-2.545128	-0.378733	 0.975017	-0.814238	-2.907932	 1.050167
-0.498996	-0.478140	-0.486938	-0.167320	-0.498543	-0.499341	-2.534948	-0.439158	 1.221972	-0.998764	-2.896300	 1.059648
-0.498994	-0.478140	-0.486938	-0.167320	-0.498543	-0.499341	-2.524808	 0.030630	 0.842511	-0.588660	-2.884715	 1.062251
-0.498993	-0.478140	-0.486938	-0.167320	-0.498543	-0.499341	-2.514709	 0.264523	 0.652781	-0.383607	-2.873176	 1.061422
-0.498993	-0.478140	-0.486938	-0.167320	-0.498543	-0.499341	-2.504650	 0.381469	 0.557916	-0.281081	-2.861683	 1.058887
