-2.403701	-1.707125	-0.738485	-0.945419	-3.792308	-1.238367	-2.966498	-0.498534	-0.442902	-1.956252	-2.149920	-0.527562
-2.394086	-1.700297	-0.735531	-0.943468	-3.777139	-1.294617	-2.954632	-0.498527	-0.442902	-1.948427	-2.141320	-0.525452
-2.384510	-1.693496	-0.732589	-0.940609	-3.762031	-0.820040	-2.942813	-0.498523	-0.942902	-1.940633	-2.132755	-0.523350
-2.374971	-1.686722	-0.729658	-0.937305	-3.746982	-0.582751	-2.931042	-0.498521	-1.190017	-1.932871	-2.124224	-0.521256
-2.365472	-1.679975	-0.726740	-0.933784	-3.731994	-0.464107	-2.919318	-0.498520	-1.310699	-1.925139	-2.115727	-0.519171
-2.356010	-1.673255	-0.723833	-0.930164	-3.717066	-0.404785	-2.907640	-0.498519	-1.368178	-1.917439	-2.107264	-0.517095
-2.346586	-1.666562	-0.720938	-0.926500	-3.702198	-0.375124	-2.896010	-0.498519	-1.394066	-1.909769	-2.098835	-0.515026
-2.337199	-1.659896	-0.718054	-0.922823	-3.687389	-0.360293	-2.884426	-0.498519	-0.904170	-1.902130	-2.090440	-0.512966
-2.327851	-1.653256	-0.715182	-0.919146	-3.672640	-0.352878	-2.872888	-0.498519	-0.659222	-1.894521	-2.082078	-0.510914
-2.318539	-1.646643	-0.712321	-0.915476	-3.657949	-0.349170	-2.861396	-0.498519	-0.536748	-1.886943	-2.073749	-0.508871
-2.309265	-1.640056	-0.709472	-0.911818	-3.643318	-0.347316	-2.849951	-0.498519	-0.475511	-1.879395	-2.065454	-0.506835
-2.300028	-1.633496	-0.706634	-0.908173	-3.628744	-0.346390	-3.338551	-0.498519	-0.444893	-1.871878	-2.057193	-0.504808
-2.290828	-1.626962	-0.703807	-0.904541	-3.614229	-0.345926	-3.575197	-0.498519	-0.429584	-1.864390	-2.048964	-0.502789
-2.281664	-1.620454	-0.700992	-0.900923	-3.599772	-0.845694	-3.685896	-0.498519	-0.421929	-1.856933	-2.040768	-0.500778
-2.272538	-1.613973	-0.698188	-0.897320	-3.585373	-1.092888	-3.733652	-0.498519	-0.418102	-1.849505	-2.032605	-0.499772
-2.263448	-1.607517	-0.695395	-0.893730	-3.571032	-1.213804	-3.749968	-0.498519	-0.416188	-1.842107	-2.024475	-0.499269
-2.254394	-1.601087	-0.692614	-0.890156	-3.556748	-0.771593	-3.250593	-0.498519	-0.415231	-1.834739	-2.016377	-0.499018
-2.245376	-1.594682	-0.689843	-0.886595	-3.542521	-0.550487	-2.995403	-0.498519	-0.414753	-1.827400	-2.008311	-0.498892
-2.236395	-1.588304	-0.687084	-0.383049	-3.528351	-0.439934	-2.862328	-0.498519	-0.414513	-1.820090	-2.000278	-0.498829
-2.227449	-1.581950	-0.684335	-0.131275	-3.514237	-0.384658	-2.790332	-0.498519	-0.414394	-1.812810	-1.992277	-0.498798
-2.218539	-1.575623	-0.681598	-0.505389	-3.500180	-0.357020	-2.748897	-0.498519	-0.414334	-1.805558	-1.984308	-0.498782
-2.209665	-1.569320	-0.678872	-0.690687	-3.486179	-0.343201	-2.722765	-0.498519	-0.414304	-1.798336	-1.976370	-0.498774
-2.200827	-1.563043	-0.676156	-0.781583	-3.472235	-0.336291	-2.704305	-0.498519	-0.414289	-1.791143	-1.968465	-0.498770
-2.192023	-1.556791	-0.673452	-0.825287	-3.458346	-0.332836	-2.689704	-0.498519	-0.414282	-1.783978	-1.960591	-0.498768
-2.183255	-1.550563	-0.670758	-0.845401	-3.444512	-0.331109	-2.677053	-0.498519	-0.414278	-1.776842	-1.952749	-0.498767
-2.174522	-1.544361	-0.668075	-0.353727	-2.930734	-0.330245	-2.665399	-0.498519	 0.085724	-1.269735	-1.444938	 0.001233
-2.165824	-1.538184	-0.665402	-0.107889	-2.669011	-0.329813	-2.654264	-0.498519	 0.334553	-1.014656	-1.189158	 0.250231
-1.657161	-1.532031	-0.162741	 0.515029	-2.533335	-0.329597	-2.643410	-0.498519	 0.457801	-0.885597	-1.559401	 0.374730
-1.400532	-1.525903	 0.088590	 0.824212	-2.460702	-0.329490	-2.632718	-0.498519	 0.518263	-0.819555	-1.740664	 0.436979
-1.269930	-1.519799	 0.214255	 0.476537	-2.419609	-0.329436	-2.122128	 0.001481	 0.547337	-0.785027	-1.327451	 0.468104
-1.202350	-1.513720	 0.277088	 0.302700	-2.394306	-0.329409	-1.863610	 0.250478	 0.560721	-0.766262	-1.119016	 0.483666
-1.166291	-1.007665	 0.308504	 0.715781	-2.376916	-0.329395	-1.731141	 0.374977	 0.566264	-0.755384	-1.012978	 0.991448
-1.146001	-0.753635	 0.324213	 0.920064	-2.363502	-0.329388	-1.661709	 0.437226	 0.567893	-0.748456	-0.958145	 1.242340
-1.133604	-0.626619	 0.332067	 1.019957	-2.352095	-0.329385	-1.623809	 0.468351	 0.567568	-0.743509	-0.928921	 1.364799
-1.125164	-0.563112	 0.335994	 1.067663	-2.341710	-0.329383	-2.101687	 0.483913	 0.566271	-0.739559	-0.912510	 0.923055
-1.118710	-0.531358	 0.337957	 1.089286	-2.331855	-0.329382	-2.335466	 0.491694	 0.564492	-0.736112	-0.902513	 0.702182
-1.113258	-0.515481	 0.338939	 1.097875	-2.322283	-0.329382	-2.447218	-0.004415	 0.562478	-0.732924	-1.395729	 0.091746
-1.108317	-0.507542	 0.339430	 1.099957	-2.312872	-0.329382	-2.497976	-0.251469	 0.560349	-0.729870	-1.638559	-0.212435
-1.603640	-1.003573	-0.160325	 0.098794	-2.803560	-0.329382	-2.518257	-0.374996	 0.058169	-1.226889	-1.756211	-0.363492
-1.847103	-1.248589	-0.408882	-0.399983	-3.042315	-0.329382	-2.523321	-0.436759	-0.192921	-1.471951	-1.811290	-0.437991
-1.964654	-1.368110	-0.531845	-0.647574	-3.155130	-0.329382	-2.520796	-0.467641	-0.318467	-1.591048	-1.835096	-0.474216
-2.019264	-1.424895	-0.592018	-0.769579	-3.205002	-0.329382	-2.514497	-0.483082	-0.381239	-1.647177	-1.843282	-0.491308
-2.042422	-1.450325	-0.620799	-0.828798	-3.223428	-0.329382	-2.506331	-0.490802	-0.412625	-1.671834	-1.843671	-0.498836
-2.049870	-1.460088	-0.633891	-0.356632	-3.226158	-0.329382	-2.497251	-0.494662	-0.428319	-1.680770	-1.840178	-0.501588
-2.049479	-1.462030	-0.639143	-0.120549	-3.221065	-0.329382	-2.487736	-0.496592	-0.436165	-1.681858	-1.834758	-0.501955
-2.045185	-1.460073	-0.640480	-0.502507	-2.712086	-0.329382	-2.478021	-0.497557	-0.440088	-1.179037	-1.828389	-0.501134
-2.038957	-1.456178	-0.639865	-0.691717	-2.453191	-0.329382	-2.468227	-0.498040	-0.442050	-0.926273	-1.821561	-0.499723
-2.031777	-1.451326	-0.138279	-0.284561	-1.319354	-0.329382	-0.958413	 0.501719	 0.056969	 0.201455	-1.314517	 0.500982
-2.024138	-1.446007	 0.112514	-0.080982	-0.752436	-0.329382	-0.204609	 0.998595	 0.305367	 0.762661	-1.059381	 0.998332
-0.516286	 2.559534	 0.737910	 1.020807	 3.031023	 0.170618	 3.671194	 1.244042	 0.928458	 6.040617	 0.569796	 1.244015
 0.235658	 4.549174	 1.047882	 1.567456	 4.909123	 0.419277	 5.594002	 1.363787	 1.236901	 8.656957	 1.379987	 1.363877
 0.609654	 5.530917	 1.200152	 1.836553	 5.834599	 0.542271	 6.540372	 1.420692	 1.388031	 9.942581	 1.780702	 1.420841
 1.794685	 9.508763	 1.273582	 0.966890	 6.783817	 0.602437	 7.998584	 1.446190	 0.460518	 16.062936	 2.476696	-0.553633
 2.381241	 11.470712	 1.307603	 0.532058	 7.242960	 0.631195	 8.708776	 1.455995	-0.003238	 19.078747	 2.818348	-1.535813
 4.668583	 16.424822	 0.821931	 0.814642	 10.457127	 1.644254	 16.045034	 3.457966	 0.764883	 33.042464	 9.982854	-0.021868
 5.798343	 18.859119	 0.579094	 0.953740	 12.036868	 2.145469	 19.666401	 4.448032	 1.145878	 40.005367	 13.530812	 0.732121
 9.349366	 30.533680	 1.957676	 2.521103	 18.299505	 3.390783	 18.930509	 4.932189	 1.833322	 45.967940	 16.770634	 2.106143
 11.099077	 36.351132	 2.640295	 3.296608	 21.381700	 4.004168	 18.526173	 5.163434	 2.172002	 48.929397	 18.350524	 2.786194
 14.948235	 41.240108	 2.974958	 3.676216	 23.873869	 4.301625	 22.787762	 5.268268	 2.336321	 51.390376	 19.100608	 3.119287
 16.835219	 43.661525	 3.135670	 3.857908	 25.067222	 4.441156	 24.864458	 5.309938	 2.413479	 52.597794	 19.435949	 3.278928
 18.241267	 45.849255	 3.209434	 3.940675	 25.611377	 4.501759	 25.848923	 5.320070	 2.447077	 53.178525	 19.564076	 3.351872
 18.904996	 46.920034	 3.239749	 3.974012	 25.831143	 4.522937	 26.287489	 5.314476	 2.458914	 53.445804	 20.088756	 3.381494
 19.197723	 47.432229	 3.248367	 3.982666	 25.888925	 4.524437	 26.453320	 5.301061	 2.459892	 53.556249	 20.309869	 3.389483
 19.305106	 47.165225	 3.246162	 4.479010	 25.865922	 4.516135	 26.482997	 5.283778	 2.455459	 54.088370	 20.379363	 3.386683
 19.319972	 47.008514	 3.238571	 4.717231	 25.802735	 4.502969	 26.444810	 5.264604	 2.448340	 54.331221	 20.373213	 3.378515
 19.288736	 47.907042	 2.228314	 2.826431	 25.719662	 4.487406	 21.372904	 2.744526	 0.939898	 45.929531	 17.329403	 2.867690
 19.234602	 48.332021	 1.720749	 1.879160	 25.626853	 4.470681	 18.804348	 1.484487	 0.186814	 41.653630	 15.778927	 2.607564
 19.169175	 48.520324	 2.464540	 2.903660	 25.529380	 4.453410	 21.987599	 2.854467	 0.311405	 47.440924	 17.975233	 2.972806
 19.098254	 48.090250	 2.830019	 3.908054	 25.429780	 4.435903	 24.528883	 4.031008	 1.373700	 50.310346	 19.033042	 3.148751
 19.024738	 47.852210	 3.006368	 4.400426	 25.329319	 4.418312	 25.745384	 4.608864	 1.899976	 51.722054	 19.521765	 3.230074
 18.950078	 47.710280	 3.088177	 4.636827	 25.228631	 4.400716	 26.299711	 4.887418	 2.158261	 52.404997	 19.726106	 3.264113
 18.874997	 48.116496	 3.122741	 4.745280	 25.128031	 4.883151	 26.023167	 5.016364	 2.282571	 52.723650	 19.788415	 3.274536
 18.799857	 48.296876	 3.133709	 4.789800	 25.027676	 5.113638	 25.833401	 5.070546	 2.339912	 52.860249	 19.779868	 3.273177
 18.724837	 48.364429	 3.132903	 4.802391	 24.927644	 5.218193	 25.687231	 5.087387	 2.363788	 52.905912	 19.736052	 3.265955
 13.650028	 39.875660	 1.126236	 2.799056	 19.327973	 4.259825	 23.563064	 5.085599	 2.370951	 52.906197	 19.674760	 3.255826
 10.595473	 35.568501	 0.124664	 1.795798	 16.500681	 2.774038	 18.958103	 2.074538	-0.630224	 43.386581	 18.604887	 3.244270
 9.053113	 33.352399	-0.374369	 1.292583	 15.059688	 2.028568	 16.626916	 0.570880	-2.123549	 38.559040	 18.034880	 3.232026
 13.766912	 40.182076	 0.377862	 3.039397	 19.811954	 3.653267	 20.932731	 2.820917	 0.137023	 45.577806	 18.714947	 3.219465
 16.086850	 43.575004	 0.751717	 3.903232	 22.138959	 4.455060	 23.035161	 3.935793	 1.262513	 49.065280	 19.016190	 3.206771
 17.210006	 45.249646	 0.936393	 4.325615	 23.253529	 4.845443	 24.036101	 4.483130	 1.820482	 50.787194	 19.128177	 3.194035
 17.734917	 46.065233	 2.026489	 4.527311	 23.762078	 5.030163	 24.486497	 4.746738	 2.094710	 51.626417	 19.145690	 3.181305
 17.960853	 46.450978	 2.565304	 4.618701	 23.967811	 5.112093	 24.661821	 4.868521	 2.227086	 52.023981	 19.116120	 3.168603
 17.537447	 46.621891	 2.828503	 4.654975	 24.022331	 5.142670	 24.699809	 4.919432	 2.288555	 52.200803	 19.063162	 3.155940
 17.291517	 46.685676	 2.953919	 4.663730	 24.001437	 5.147612	 24.669327	 4.934947	 2.314590	 52.267542	 18.998663	 3.143322
 17.634460	 46.695984	 2.010469	 4.658763	 23.943029	 4.639778	 24.604809	 4.932803	 2.322926	 52.279327	 18.928545	 3.130751
 17.769977	 46.680039	 1.536610	 4.646971	 23.866056	 4.377597	 24.523469	 4.921870	 2.322431	 52.264120	 18.855769	 3.118230
 17.801924	 46.651052	 2.297554	 4.631805	 23.279991	 4.738276	 24.433915	 4.906582	 2.317540	 51.735503	 18.781815	 3.105758
 17.782230	 46.615228	 2.671910	 4.614989	 22.941571	 4.908417	 24.340449	 4.889155	 2.310469	 51.449864	 18.707423	 3.093335
 17.736858	 46.576071	 2.852995	 4.597384	 22.727154	 4.983331	 24.245222	 4.870698	 2.302327	 51.285799	 18.632960	 3.080962
 17.678789	 46.535333	 2.937469	 4.579423	 22.574921	 5.010671	 24.149309	 4.851765	 2.293667	 51.182607	 18.558612	 3.068638
 17.614513	 46.493888	 2.973663	 2.561319	 17.453958	 3.514265	 24.053245	 2.332633	-0.715232	 48.109936	 13.984469	-0.943636
 17.547275	 46.459801	 2.485740	 3.051180	 15.868811	 2.262027	 18.957299	 1.073067	-0.212234	 41.560235	 9.678577	-3.439862
 17.478696	 46.423509	 2.237783	 3.289029	 15.047670	 1.633888	 16.381603	 0.443284	 0.039265	 38.215364	 7.514886	-4.676102
 17.409586	 46.386190	 3.109824	 3.900900	 19.108647	 3.317807	 20.066144	 2.628392	 1.165015	 44.473187	 12.922338	-0.782398
 17.340350	 46.346271	 3.537881	 4.197810	 21.092796	 4.149763	 21.860912	 3.711320	 1.723308	 47.580838	 15.589404	 1.158232
 17.271190	 45.805135	 3.743978	 4.337275	 22.038716	 4.555777	 22.710985	 4.243195	 1.497892	 49.613488	 16.886425	 2.122349
 17.202205	 45.513677	 3.839126	 4.398054	 22.465708	 4.748861	 23.088900	 4.499582	 1.382638	 50.608923	 17.498568	 2.598234
 17.133447	 45.347140	 3.878832	 4.419526	 22.633418	 4.835519	 23.230923	 4.618264	 1.322477	 51.085833	 17.768418	 2.830029
 17.064938	 45.743148	 3.890848	 4.421380	 22.671670	 4.869004	 23.255189	 4.668131	 1.789872	 50.803564	 17.867267	 2.939802
 16.996691	 45.920311	 3.889050	 4.413461	 22.645377	 4.875941	 23.220763	 4.683628	 2.019054	 50.641588	 17.880759	 2.988590
 16.928711	 45.988135	 3.880376	 4.400690	 22.586992	 4.869644	 23.157178	 4.681979	 2.129149	 50.539843	 17.851716	 3.006909
 15.860999	 46.001372	 2.368296	 2.885529	 21.512742	 4.856769	 22.079198	 3.671793	 2.179718	 41.968295	 11.301550	 0.010018
 15.297557	 45.989199	 1.610544	 2.125207	 20.934741	 4.840643	 21.498205	 3.161378	 2.200542	 37.615728	 8.016963	-1.482453
 12.486367	 34.964395	 0.229962	 0.742317	 14.605026	 2.322932	 14.665875	 1.400868	-0.293489	 29.372918	 4.365206	-2.222739
 11.061422	 29.404114	-0.458028	 0.052153	 11.423618	 1.064076	 11.234042	 0.520613	-1.534929	 25.209253	 2.537900	-2.586956
 6.829677	 22.576286	-0.299731	-0.291653	 7.316430	 0.434648	 7.502521	 0.080485	-1.150096	 19.585329	 0.622826	-1.263162
 4.708608	 19.130875	-0.220582	-0.462285	 5.256417	 0.119934	 5.629219	-0.139579	-0.956150	 16.745445	-0.332127	-0.601266
 3.642899	 17.376798	-0.181008	-0.546336	 4.220018	-0.037423	 4.685056	-0.249610	-0.857652	 15.297691	-0.807029	-0.270317
 2.104889	 12.968514	-0.161221	-0.087100	 2.695452	-0.116102	 3.205493	 0.195374	-0.306885	 10.546114	-1.041916	-0.104843
 1.334751	 10.747252	-0.151327	 0.142518	 1.930826	-0.155441	 2.462259	 0.416585	-0.031501	 8.158737	-1.156806	-0.022106
-1.551447	 4.119569	-0.146380	-0.242673	-1.953819	-0.675110	-1.412795	-0.474085	-0.393809	 1.453506	-3.211708	-0.480737
-2.985671	 0.810744	-0.143907	-0.434013	-3.884464	-0.932556	-3.339747	-0.916690	-0.573451	-1.888607	-4.228625	-0.708174
-4.193943	-1.838673	-0.642670	-0.528432	-5.838157	-1.058898	-5.292690	-1.135275	-1.161766	-4.049201	-4.726593	-0.820021
-4.787275	-3.154405	-0.889769	-0.574396	-6.799419	-1.119699	-6.254670	-1.241859	-1.452423	-5.117079	-4.965128	-0.874081
-5.073180	-3.803331	-1.011045	-1.096137	-7.264529	-1.147739	-6.721226	-1.292454	-1.594265	-5.638648	-5.073988	-1.399255
-5.205414	-4.118889	-1.069418	-1.353772	-7.481625	-1.159407	-6.940129	-1.315066	-1.661714	-5.887112	-5.118052	-1.657993
-5.260855	-4.267799	-1.096349	-1.479367	-7.574775	-1.162899	-7.035262	-1.323696	-1.691981	-5.999073	-5.129760	-1.783529
-5.277944	-4.333421	-1.107568	-1.538954	-7.606015	-1.162312	-7.568568	-1.825347	-1.703669	-6.042831	-5.125331	-1.342478
-5.275898	-4.357434	-1.110940	-1.565551	-7.606360	-1.159695	-7.819017	-2.071518	-1.706083	-6.052537	-5.112875	-1.120150
-5.264327	-4.360677	-1.110397	-1.575665	-7.591319	-1.156072	-7.928103	-2.189968	-1.703873	-6.045266	-5.096446	-1.507190
-5.248036	-4.353571	-1.107906	-1.577550	-7.568646	-1.151956	-7.966571	-2.244577	-1.699364	-6.029554	-5.078071	-1.696922
-5.229427	-4.341325	-1.104450	-1.575334	-7.542218	-1.147602	-7.469796	-1.767282	-1.693720	-6.009671	-5.058765	-1.788015
-5.209701	-4.326544	-1.100519	-1.571080	-7.513972	-1.143139	-7.707462	-2.026055	-1.687522	-5.487749	-5.039032	-1.329803
-5.189458	-4.310530	-1.096361	-1.565819	-7.484878	-1.138630	-7.810404	-2.150872	-1.681060	-5.216857	-5.019128	-1.098954
-5.168998	-4.293934	-1.092098	-1.560067	-7.455419	-1.134107	-7.846049	-2.208729	-1.674480	-5.071519	-4.999177	-0.981793
-5.148471	-4.777081	-1.087790	-1.554083	-7.425837	-1.629587	-7.848108	-1.733124	-1.167854	-4.988997	-4.979243	-0.921483
-5.127952	-5.008134	-1.083469	-1.547995	-7.396254	-1.873076	-7.833437	-1.492807	-0.913219	-4.937924	-4.959357	-0.889606
-5.107477	-4.613183	-1.079151	-1.541867	-7.366729	-1.490588	-7.310464	-1.370143	-0.784584	-4.902613	-4.939536	-0.871952
-5.087066	-4.407270	-1.074842	-1.535731	-7.337293	-1.297128	-7.035403	-1.306317	-0.718955	-4.875223	-4.919785	-0.861416
-4.566727	-4.295911	-0.570546	-1.029604	-7.307958	-1.698190	-7.384351	-1.771918	-1.184834	-4.851833	-4.900110	-0.854447
-4.298465	-4.231863	-0.318399	-0.775494	-7.278734	-1.894523	-7.543359	-2.000244	-1.414472	-4.830481	-4.880512	-0.849267
-4.656273	-4.191503	-0.692325	-1.147396	-7.249623	-1.988507	-7.607458	-1.609950	-1.526002	-4.810186	-4.860991	-0.844989
-4.825149	-4.163021	-0.877155	-1.330308	-7.220626	-2.031335	-7.624165	-1.412363	-1.578493	-4.790459	-4.841547	-0.841169
-4.399599	-4.140510	-0.467447	-0.918738	-6.691745	-1.548600	-7.117236	-1.311140	-1.101476	-4.771054	-4.822181	-0.337584
-4.178876	-4.121019	-0.262592	-0.711939	-6.414978	-1.305101	-6.850551	-1.258109	-0.861718	-4.751848	-4.802893	-0.085791
-4.060598	-4.103071	-0.160165	-0.607529	-6.264319	-1.181228	-6.704041	-1.229183	-0.740596	-4.732780	-4.783681	 0.040105
-4.493575	-4.085926	-0.608951	-1.054317	-7.176761	-1.617177	-7.117671	-1.712320	-1.178796	-4.713819	-4.764546	-0.896947
-4.700210	-4.069216	-0.831229	-1.274710	-7.616804	-1.831046	-7.309423	-1.949497	-1.394662	-4.694948	-4.745488	-1.361805
-4.793714	-4.052756	-0.940261	-1.381915	-7.320712	-1.433890	-6.890297	-1.563713	-0.999373	-4.676161	-4.726506	-1.090580
-4.830691	-4.036454	-0.992678	-1.432540	-7.158617	-1.233238	-6.667792	-1.368465	-0.800521	-4.657453	-4.707600	-0.953329
-4.339445	-4.020262	-1.016797	-0.954886	-7.063576	-1.130848	-6.543648	-1.768494	-0.699892	-4.638821	-4.688770	-0.883072
-4.086125	-4.004158	-1.026774	-0.716059	-7.002119	-1.077595	-6.468738	-1.964172	-0.648378	-4.620265	-4.670015	-0.846317
-4.451800	-3.988130	-1.029689	-1.096646	-6.957509	-1.048920	-6.918495	-1.557691	-1.121428	-4.601783	-4.651335	-1.326321
-4.625002	-3.972172	-1.029082	-1.283984	-6.921378	-1.032543	-7.128637	-1.352148	-1.354764	-4.583376	-4.632729	-1.562710
-4.702007	-3.956280	-1.026721	-1.374711	-6.889542	-1.022321	-7.219030	-1.247083	-1.468256	-4.565042	-4.614198	-1.677307
-4.730951	-3.940454	-1.023492	-1.417144	-6.859909	-1.015186	-6.749608	-1.192267	-1.521838	-4.546782	-4.595742	-1.231021
-4.735903	-3.924691	-1.019837	-1.435441	-6.831431	-1.009603	-6.502337	-1.162584	-1.545478	-4.528595	-4.577359	-1.006309
-4.728898	-3.908992	-1.015977	-1.441682	-6.803587	-1.004803	-6.366191	-1.145477	-1.554160	-4.510480	-4.559049	-0.892389
-4.715951	-3.893356	-1.012023	-1.441907	-6.776113	-1.000403	-6.285658	-1.134666	-1.555376	-4.492438	-4.540813	-0.833873
-4.700072	-3.877783	-1.008030	-0.939135	-6.748879	-0.996211	-6.232981	-1.127013	-1.052870	-4.974469	-4.522650	-0.803064
-4.682764	-3.862271	-1.004025	-0.687749	-6.721819	-0.992131	-6.194282	-1.120948	-0.800517	-5.204571	-4.504559	-0.786115
-4.664779	-3.846822	-1.000022	-1.062056	-6.694899	-0.988115	-6.162621	-1.115686	-0.673244	-4.808752	-4.486541	-0.776102
-4.646493	-3.831435	-0.996029	-1.246336	-6.668103	-0.984139	-6.134529	-1.110834	-0.608515	-4.602017	-4.468595	-0.769563
-4.628094	-3.816109	-0.992049	-1.335616	-6.641423	-0.980190	-6.108270	-1.106196	-0.575063	-4.489859	-4.450720	-0.764768
-4.609674	-3.800845	-0.988082	-1.377405	-6.614853	-0.976264	-6.082977	-1.101674	-0.557254	-4.425025	-4.432918	-0.760850
-4.591282	-3.785641	-0.984131	-1.395462	-6.588391	-0.972356	-6.058214	-1.097218	-0.547271	-4.383887	-4.415186	-0.757378
-4.572941	-3.770499	-0.980195	-1.401663	-6.562037	-0.968465	-6.033766	-1.092805	-0.541204	-4.354633	-4.397525	-0.754134
-4.554660	-3.755417	-0.976274	-0.901948	-6.535788	-0.964590	-6.009524	-1.088422	-0.537101	-4.331355	-4.379935	-0.751010
-4.536448	-3.740395	-0.972369	-0.652090	-6.509645	-0.960731	-5.985432	-1.084062	-0.533983	-4.311100	-4.362415	-0.747952
-4.518305	-3.725434	-0.968480	-1.027162	-6.483606	-0.956888	-5.961463	-1.079723	-0.531363	-4.292391	-4.344966	-0.744933
-4.500233	-3.710532	-0.964606	-1.211893	-6.457672	-0.953061	-5.937604	-1.075402	-0.528995	-4.274489	-4.327586	-0.741940
-4.482233	-3.695690	-0.960747	-1.301465	-6.431841	-0.949248	-5.913847	-1.071100	-0.526758	-4.257025	-4.310275	-0.738966
-4.464304	-3.680907	-0.956904	-1.343469	-6.406113	-0.945451	-5.890188	-1.066815	-0.524590	-4.239813	-4.293034	-0.736007
-4.446447	-3.666183	-0.953077	-1.361700	-6.380489	-0.941669	-5.866626	-1.062548	-0.522461	-4.222763	-4.275862	-0.733061
-4.428662	-3.651519	-0.949264	-1.368056	-6.354967	-0.937903	-5.843158	-1.058297	-0.520356	-4.205826	-4.258759	-0.730128
-4.410947	-3.636913	-0.945467	-1.368485	-6.329547	-0.934151	-5.819785	-1.054064	-0.518267	-4.188980	-4.241724	-0.727207
-4.393303	-3.622365	-0.941685	-1.365962	-6.304229	-0.930415	-5.796506	-1.049848	-0.516191	-4.172212	-4.224757	-0.724298
-4.375730	-3.607875	-0.937919	-1.361973	-6.279012	-0.926693	-5.773320	-1.045649	-0.514124	-4.155518	-4.207858	-0.721401
-4.358227	-3.593444	-0.934167	-1.357263	-6.253896	-0.922986	-5.750226	-1.041466	-0.512067	-4.138893	-4.191026	-0.718515
-4.340794	-3.579070	-0.930430	-1.352203	-6.228880	-0.919294	-5.727226	-1.037300	-0.510018	-4.122336	-4.174262	-0.715641
-4.323431	-3.564754	-0.926709	-1.346978	-6.203965	-0.915617	-5.704317	-1.033151	-0.507977	-4.105846	-4.157565	-0.712778
-4.306137	-3.550495	-0.923002	-1.341683	-6.179149	-0.911955	-5.681499	-1.029018	-0.505945	-4.089422	-4.140935	-0.709927
-4.288913	-3.536293	-0.919310	-1.336362	-6.154432	-0.908307	-5.658773	-1.024902	-0.503922	-4.073064	-4.124371	-0.707087
-4.271757	-3.522148	-0.915633	-1.331040	-6.129815	-0.904674	-5.636138	-1.020803	-0.501906	-4.056772	-4.107874	-0.704259
-4.254670	-3.508059	-0.911970	-1.325727	-6.105295	-0.901055	-5.613594	-1.016719	-0.500898	-4.040545	-4.091442	-0.701442
-4.237651	-3.494027	-0.908322	-1.320430	-6.080874	-0.897451	-5.591139	-1.012652	-0.500394	-4.024382	-4.075076	-0.698636
-4.220701	-3.480051	-0.904689	-1.315151	-6.056551	-0.893861	-5.568775	-1.008602	-0.500142	-4.008285	-4.058776	-0.695842
-4.203818	-3.466131	-0.901070	-0.809892	-6.032325	-0.890285	-5.546500	-1.504567	-0.500016	-3.992252	-4.042541	-0.693058
-4.187003	-3.452266	-0.897466	-0.557262	-6.008195	-0.886724	-5.524314	-1.748549	-0.499953	-3.976283	-4.026371	-0.690286
-4.170255	-3.438457	-0.893876	-0.430947	-5.984162	-0.883177	-5.502216	-1.366555	-0.499922	-3.960378	-4.010265	-0.687525
-4.153574	-3.424703	-0.890300	-0.367790	-5.960226	-0.879645	-5.480208	-1.173589	-0.499906	-3.944536	-3.994224	-0.684775
-4.136959	-3.411004	-0.886739	-0.336211	-5.936385	-0.876126	-5.458287	-1.075144	-0.499898	-3.928758	-3.978247	-0.682036
-4.120412	-3.397360	-0.883192	-0.820422	-5.912639	-0.872622	-5.436454	-1.023969	-0.499894	-3.913043	-3.962334	-0.679308
-4.103930	-3.383771	-0.879660	-1.059918	-5.888989	-0.869131	-5.414708	-0.996435	-0.499892	-3.897391	-3.946485	-0.676590
-4.087514	-3.370236	-0.876141	-1.177067	-5.865433	-0.865655	-5.393049	-0.980731	-0.499891	-3.881801	-3.930699	-0.673884
-4.071164	-3.356755	-0.872636	-1.233053	-5.841971	-0.862192	-5.371477	-0.970949	-0.499891	-3.866274	-3.914976	-0.671188
-4.054879	-3.343328	-0.869146	-0.758468	-6.318603	-0.858743	-5.349991	-0.964135	-0.499890	-3.850809	-3.899316	-0.668504
-4.038660	-3.329955	-0.865669	-0.521176	-6.543329	-0.855308	-5.328591	-0.958814	-0.499890	-3.835406	-3.883719	-0.665830
-4.022505	-3.316635	-0.862206	-0.402530	-6.142156	-0.851887	-5.307276	-0.954246	-0.499890	-3.820064	-3.868184	-0.663166
-4.006415	-3.303368	-0.858758	-0.343207	-5.930087	-0.848479	-5.286047	-0.950063	-0.499890	-3.804784	-3.852712	-0.660514
-3.990390	-3.290155	-0.855323	-0.313545	-5.812617	-0.845085	-5.264903	-0.946080	-0.499890	-3.789565	-3.837301	-0.657872
-3.974428	-3.276994	-0.851901	-0.298714	-5.742491	-0.841705	-5.243844	-0.942204	-0.499890	-3.774406	-3.821952	-0.655240
-3.958530	-3.263886	-0.848494	-0.291299	-5.696084	-0.838338	-5.222868	-0.938389	-0.499890	-3.759309	-3.806664	-0.652619
-3.942696	-3.250831	-0.845100	-0.287591	-5.661581	-0.834985	-5.201977	-0.934613	-0.499890	-3.744271	-3.791437	-0.650009
-3.926925	-3.237827	-0.841719	-0.285737	-5.633075	-0.831645	-5.181169	-0.930863	-0.499890	-3.729294	-3.776271	-0.647409
-3.911218	-3.224876	-0.838352	-0.284810	-5.607613	-0.828318	-5.160444	-0.927134	-0.499890	-3.714377	-3.761166	-0.644819
-3.895573	-3.211976	-0.834999	-0.284347	-5.583718	-0.825005	-5.139802	-0.923422	-0.499890	-3.699520	-3.746122	-0.642240
-3.879991	-3.199129	-0.831659	-0.784115	-5.560650	-1.321705	-5.119243	-0.919727	-0.499890	-3.684722	-3.731137	-0.639671
-3.864471	-3.186332	-0.828332	-1.031432	-5.538041	-1.566418	-5.098766	-0.916047	-0.499890	-3.669983	-3.716213	-0.637112
-3.849013	-3.173587	-0.825019	-1.152532	-5.515706	-1.685153	-5.078371	-0.912383	-0.499890	-3.655303	-3.701348	-0.634564
-3.833617	-3.160892	-0.821719	-1.210535	-5.493552	-1.240912	-5.058058	-0.908733	-0.499890	-3.640682	-3.686542	-0.632025
-3.818282	-3.148249	-0.818432	-1.237000	-5.471532	-1.017198	-5.037825	-0.905098	-0.499890	-3.626119	-3.671796	-0.629497
-3.803009	-3.135656	-0.815158	-1.247705	-5.449623	-0.903755	-5.017674	-0.901478	-0.499890	-3.611614	-3.657109	-0.626979
-3.787797	-3.123113	-0.811898	-1.250541	-5.427813	-0.845452	-4.997603	-0.897872	-0.499890	-3.597168	-3.642480	-0.624471
-3.772646	-3.110621	-0.808650	-0.749452	-5.406096	-0.814727	-4.977613	-0.894280	-0.499890	-3.582779	-3.627911	-0.621974
-3.757555	-3.098178	-0.805416	-0.498908	-5.384469	-0.797796	-4.957703	-0.890703	-0.499890	-3.568448	-3.613399	-0.619486
-3.742525	-3.085786	-0.802194	-0.873635	-5.362929	-0.787769	-4.937872	-1.387140	-0.499890	-3.554174	-3.598945	-0.617008
-3.727555	-3.073442	-0.798985	-1.058503	-5.341477	-0.781200	-4.918120	-1.631592	-0.499890	-3.539958	-3.584550	-0.614540
-3.712645	-3.061149	-0.795789	-1.148449	-5.320111	-0.776366	-4.898448	-1.750065	-0.499890	-3.525798	-3.570211	-0.612082
-3.697794	-3.048904	-0.792606	-0.690946	-5.298830	-0.772406	-4.878854	-1.305565	-0.499890	-3.511695	-3.555931	-0.609633
-3.683003	-3.036708	-0.789436	-0.462194	-5.277635	-0.768889	-4.859339	-1.081593	-0.499890	-3.497648	-3.541707	-0.607195
-3.668271	-3.024562	-0.786278	-0.347819	-5.256524	-0.765600	-4.839901	-0.967892	-0.999890	-3.483657	-3.527540	-0.604766
-3.653598	-3.012463	-0.783133	-0.290631	-5.235498	-0.762431	-4.820542	-0.909332	-1.246890	-3.469723	-3.513430	-0.602347
-3.638983	-3.000413	-0.780000	-0.762037	-5.214556	-0.759327	-4.801259	-0.878351	-0.867403	-3.455844	-3.499376	-0.599937
-3.624428	-2.988412	-0.776880	-0.995273	-5.193698	-0.756263	-4.782054	-0.861166	-0.677659	-3.442020	-3.485379	-0.597538
-3.609930	-2.976458	-0.773773	-0.609434	-5.172923	-1.253225	-4.762926	-0.850886	-0.582787	-3.428252	-3.471437	-0.595148
-3.595490	-2.964552	-0.770678	-0.416514	-5.152231	-1.498205	-4.743874	-0.844064	-0.535351	-3.414539	-3.457551	-0.592767
-3.581108	-2.952694	-0.767595	-0.820055	-5.131622	-1.117209	-4.724899	-0.838979	-0.511633	-3.400881	-3.443721	-0.590396
-3.566784	-2.940883	-0.764525	-1.019378	-5.111096	-0.925239	-4.705999	-0.834768	-0.499774	-3.387278	-3.429946	-0.588034
-3.552517	-2.929120	-0.761466	-1.116602	-5.090651	-0.827787	-4.687175	-0.831002	-0.493845	-3.373728	-3.416226	-0.585682
-3.538306	-2.917403	-0.758421	-0.662786	-5.070289	-0.777600	-4.668427	-0.827464	-0.490880	-3.360234	-3.402562	-0.583339
-3.524153	-2.905734	-0.755387	-0.435878	-5.050008	-0.751052	-4.649753	-0.824048	-0.489397	-3.346793	-3.388951	-0.581006
-3.510057	-2.894111	-0.752365	-0.322424	-5.029808	-0.736329	-4.631154	-0.820698	-0.988656	-3.333405	-3.375395	-0.578682
-3.496016	-2.882534	-0.749356	-0.265697	-5.009688	-0.727525	-4.612629	-0.817389	-1.235310	-3.320072	-3.361894	-0.576367
-3.482032	-2.871004	-0.746358	-0.237334	-4.989650	-0.721685	-4.594179	-0.814106	-0.855673	-3.306792	-3.348446	-0.574062
-3.468104	-2.859520	-0.743373	-0.223152	-4.969691	-0.717333	-4.575802	-0.810843	-0.665854	-3.293564	-3.335053	-0.571766
-3.454232	-2.848082	-0.740400	-0.716061	-4.949812	-0.713731	-4.557499	-0.807596	-0.570945	-3.280390	-3.321712	-0.569479
-3.440415	-2.836690	-0.737438	-0.960098	-4.930013	-0.710510	-4.539269	-0.804364	-0.523490	-3.267269	-3.308425	-0.567201
-3.426653	-2.825343	-0.734488	-1.079708	-4.910293	-0.707485	-4.521112	-0.801146	-0.499763	-3.254199	-3.295192	-0.564932
-3.412947	-2.814042	-0.731550	-0.637114	-4.890652	-0.704564	-5.003027	-0.797941	-0.487899	-3.241183	-3.282011	-0.562672
-3.399295	-2.802785	-0.728624	-0.415818	-4.871089	-0.701700	-5.233015	-0.794749	-0.481967	-3.228218	-3.268883	-0.560421
-3.385698	-2.791574	-0.725710	-0.305169	-4.851605	-0.698870	-4.837083	-0.791570	-0.479001	-3.215305	-3.255807	-0.558180
-3.372155	-2.780408	-0.722807	-0.249845	-4.832198	-0.696063	-4.630235	-0.788403	-0.477518	-3.202444	-3.242784	-0.555947
-3.358666	-2.769286	-0.719915	-0.222183	-4.812870	-0.693273	-4.517964	-0.785250	-0.976777	-3.189634	-3.229813	-0.553723
-3.345232	-2.758209	-0.717036	-0.208352	-4.793618	-0.690497	-4.453017	-0.782109	-1.223454	-3.176876	-3.216894	-0.551508
-3.331851	-2.747176	-0.714168	-0.701436	-4.774444	-0.687734	-4.411768	-0.778980	-0.843853	-3.164168	-3.204026	-0.549302
-3.318523	-2.736188	-0.711311	-0.945589	-4.755346	-0.684982	-4.382402	-0.775864	-0.654052	-3.151511	-3.191210	-0.547105
-3.305249	-2.725243	-0.708466	-1.065287	-4.736324	-0.682242	-4.359013	-0.772761	-0.559151	-3.138905	-3.178445	-0.544917
-3.292028	-2.714342	-0.705632	-0.622765	-4.717379	-1.179512	-4.338647	-1.269670	-0.511701	-3.126350	-3.165732	-0.542737
-3.278860	-2.703485	-0.702809	-0.401504	-4.698510	-1.424794	-4.319828	-1.514591	-0.487976	-3.113844	-3.153069	-0.540566
-3.265745	-2.692671	-0.699998	-0.290874	-4.679716	-1.044095	-4.301816	-1.133533	-0.476113	-3.101389	-3.140456	-0.538404
-3.252682	-2.681900	-0.697198	-0.235559	-4.660997	-0.852419	-4.284242	-0.941498	-0.470182	-3.088983	-3.127894	-0.536250
-3.239671	-2.671172	-0.694409	-0.707901	-4.642353	-0.755259	-4.266922	-0.843982	-0.467216	-3.076627	-3.115383	-0.534105
-3.226712	-2.660488	-0.691632	-0.941712	-4.623783	-0.705363	-4.249763	-0.793732	-0.465734	-3.064321	-3.102921	-0.531969
-3.213805	-2.649846	-0.688865	-0.556266	-4.605288	-0.679104	-4.232718	-0.767119	-0.464992	-3.052064	-3.090510	-0.529841
-3.200950	-2.639246	-0.686110	-0.363544	-4.586867	-0.664669	-4.215764	-0.752332	-0.464622	-3.039855	-3.078148	-0.527722
-3.188146	-2.628689	-0.683365	-0.267182	-4.568520	-0.656151	-4.198890	-0.743463	-0.464436	-3.027696	-3.065835	-0.525611
-3.175394	-2.618175	-0.680632	-0.219001	-4.550246	-0.650597	-4.182089	-0.737560	-0.464344	-3.015585	-3.053572	-0.523508
-3.162692	-2.607702	-0.677909	-0.194911	-4.532045	-0.646529	-4.165357	-0.733145	-0.464297	-3.003523	-3.041357	-0.521414
-3.150041	-2.597271	-0.675198	-0.182866	-4.513916	-0.643211	-4.148695	-0.729480	-0.464274	-2.991509	-3.029192	-0.519328
-3.137441	-2.586882	-0.672497	-0.176843	-4.495861	-0.640272	-4.132099	-0.726195	-0.464262	-2.979543	-3.017075	-0.517251
-3.124891	-2.576535	-0.669807	-0.173832	-4.477877	-0.637528	-4.115570	-0.723108	-0.464257	-2.967625	-3.005007	-0.515182
-3.112392	-2.566228	-0.667128	-0.172326	-4.459966	-0.634886	-4.099108	-0.720124	-0.464254	-2.955754	-2.992987	-0.513121
-3.099942	-2.555963	-0.664459	-0.671573	-4.442126	-0.632301	-4.082711	-0.717197	-0.464252	-2.943931	-2.981015	-0.511069
-3.087543	-2.545740	-0.661801	-0.918855	-4.424357	-0.629748	-4.066380	-0.714306	-0.464252	-2.932155	-2.969091	-0.509025
-3.075192	-2.535557	-0.659154	-0.540164	-4.406660	-0.627218	-4.050115	-0.711437	-0.464251	-2.920427	-2.957215	-0.506989
-3.062892	-2.525414	-0.656517	-0.350818	-4.389033	-0.624703	-4.033914	-0.708585	-0.464251	-2.908745	-2.945386	-0.504961
-3.050640	-2.515313	-0.653891	-0.256146	-4.371477	-0.622202	-4.017779	-0.705748	-0.464251	-2.897110	-2.933604	-0.502941
-3.038438	-2.505252	-0.651276	-0.708809	-4.353991	-0.619712	-4.001708	-0.702924	-0.464251	-2.885522	-2.921870	-0.500929
-3.026284	-2.495230	-0.648671	-0.932818	-4.336575	-0.617232	-3.985701	-0.700111	-0.464251	-2.873979	-2.910182	-0.499923
-3.014179	-2.485250	-0.646076	-1.042509	-4.319229	-0.614763	-3.969758	-0.697311	-0.464251	-2.862484	-2.898542	-0.499420
-3.002122	-2.475309	-0.643492	-1.095050	-4.301952	-0.612303	-3.953879	-0.694521	-0.464251	-2.851034	-2.886947	-0.499169
-2.990113	-2.465407	-0.640918	-1.119025	-4.284744	-0.609854	-3.938063	-0.691743	-0.464251	-2.839629	-2.875400	-0.499043
-2.978153	-2.455546	-0.638354	-1.128727	-4.267605	-0.607415	-3.922311	-0.688976	-0.464251	-2.828271	-2.863898	-0.498980
-2.966240	-2.445724	-0.635801	-1.131301	-4.250535	-0.604985	-3.906622	-0.686220	-0.464251	-2.816958	-2.852442	-0.498949
-2.954375	-2.435941	-0.633258	-1.130320	-4.233533	-0.602565	-3.890995	-0.683475	-0.464251	-2.805690	-2.841033	-0.498933
-2.942558	-2.426197	-0.630724	-1.127571	-4.216599	-0.600155	-3.875431	-0.680741	-0.464251	-2.794467	-2.829668	-0.498925
-2.930788	-2.416492	-0.628202	-0.623947	-4.199732	-0.597754	-3.859930	-0.678018	-0.464251	-2.783289	-2.818350	-0.498921
-2.919065	-2.406826	-0.625689	-0.372135	-4.182933	-0.595363	-3.844490	-0.675306	-0.464251	-2.772156	-2.807076	-0.498919
-2.907388	-2.397199	-0.623186	-0.746229	-4.166202	-0.592982	-3.829112	-0.672605	-0.464251	-2.761068	-2.795848	-0.498918
-2.895759	-2.387610	-0.620693	-0.931035	-4.149537	-0.590610	-3.813796	-0.669915	-0.464251	-2.750023	-2.784665	-0.498918
-2.884176	-2.378060	-0.618211	-0.521206	-4.132939	-0.588247	-4.298540	-0.667235	-0.464251	-2.739023	-2.773526	-0.498917
-2.872639	-2.368547	-0.615738	-0.316292	-4.116407	-0.585894	-4.531346	-0.664566	-0.464251	-2.728067	-2.762432	-0.498917
-2.861148	-2.359073	-0.613275	-0.213835	-4.099941	-0.583551	-4.638221	-0.661908	-0.464251	-2.717155	-2.751382	-0.498917
-2.849704	-2.349637	-0.610822	-0.162607	-4.083541	-0.581217	-4.682168	-0.659260	-0.464251	-2.706286	-2.740377	-0.498917
-2.838305	-2.340238	-0.608378	-0.136992	-4.067207	-0.578892	-4.694689	-0.656623	-0.464251	-2.695461	-2.729415	-0.498917
-2.826952	-2.330877	-0.605945	-0.124185	-4.050938	-0.576576	-4.191536	-1.153997	-0.464251	-2.684679	-2.718497	-0.498917
-2.815644	-2.321554	-0.603521	-0.117782	-4.034735	-0.574270	-3.932582	-1.399381	-0.464251	-2.673941	-2.707624	-0.498917
-2.804381	-2.312268	-0.601107	-0.614580	-4.018596	-0.571973	-3.795758	-1.018783	-0.464251	-2.663245	-2.696793	-0.498917
-2.793164	-2.303019	-0.598703	-0.860756	-4.002521	-0.569685	-3.720028	-0.827208	-0.464251	-2.652592	-2.686006	-0.498917
-2.781991	-2.293806	-0.596308	-0.481630	-3.986511	-0.567406	-3.674874	-0.730149	-0.464251	-2.641981	-2.675262	-0.498917
-2.770863	-2.284631	-0.593922	-0.292068	-3.970565	-0.565136	-3.645038	-0.680354	-0.464251	-2.631414	-2.664561	-0.498917
-2.759780	-2.275493	-0.591547	-0.197286	-3.954683	-0.562876	-3.622890	-0.654195	-0.464251	-2.620888	-2.653903	-0.498917
-2.748741	-2.266391	-0.589181	-0.149895	-3.938864	-0.560624	-3.604614	-0.639859	-0.464251	-2.610404	-2.643287	-0.498917
-2.737746	-2.257325	-0.586824	-0.126200	-3.923109	-0.558382	-3.588303	-0.631440	-0.464251	-2.599963	-2.632714	-0.498917
-2.726795	-2.248296	-0.584477	-0.114352	-3.907416	-0.556148	-3.573004	-0.625985	-0.464251	-2.589563	-2.622183	-0.498917
-2.715888	-2.239303	-0.582139	-0.108429	-3.891787	-0.553924	-3.558239	-0.622016	-0.464251	-2.579205	-2.611694	-0.498917
-2.705024	-2.230346	-0.579810	-0.605467	-3.876220	-0.551708	-3.543770	-0.618796	-0.464251	-2.568888	-2.601247	-0.498917
-2.694204	-2.221424	-0.577491	-0.851781	-3.860715	-0.549501	-3.529476	-0.615954	-0.464251	-2.558612	-2.590842	-0.498917
-2.683427	-2.212538	-0.575181	-0.972741	-3.845272	-0.547303	-3.515299	-0.613307	-0.464251	-2.548378	-2.580479	-0.498917
-2.672693	-2.203688	-0.572880	-1.031034	-3.829891	-0.545114	-3.501209	-0.610762	-0.464251	-2.538184	-2.570157	-0.498917
-2.662003	-2.194874	-0.570589	-0.558002	-3.814571	-0.542934	-3.487189	-0.608274	-0.464251	-2.528032	-2.559877	-0.498917
-2.651355	-2.186094	-0.568306	-0.321486	-3.799313	-0.540762	-3.473233	-0.605818	-0.464251	-2.517919	-2.549637	-0.498917
-2.640749	-2.177350	-0.566033	-0.203228	-3.784116	-0.538599	-3.459336	-0.603383	-0.464251	-2.507848	-2.539438	-0.498917
-2.630186	-2.168640	-0.563769	-0.644099	-3.768979	-1.036444	-3.445497	-0.600964	-0.464251	-2.497816	-2.529281	-0.498917
-2.619665	-2.159966	-0.561514	-0.862365	-3.753903	-1.282299	-3.431714	-0.598557	-0.464251	-2.487825	-2.519164	-0.498917
-2.609187	-2.151326	-0.559268	-0.469336	-3.738888	-0.902169	-3.417987	-0.596161	-0.464251	-2.477874	-2.509087	-0.498917
-2.598750	-2.142721	-0.557031	-0.272822	-3.723932	-0.711061	-3.404315	-0.593776	-0.464251	-2.467962	-2.499051	-0.498917
-2.588355	-2.134150	-0.554803	-0.174565	-3.709036	-0.614467	-3.390697	-0.591400	 0.035749	-2.458090	-2.489054	-0.498917
-2.578002	-2.125613	-0.552583	-0.125436	-3.694200	-0.565134	-3.377134	-0.589035	 0.284678	-2.448258	-2.479098	-0.498917
-2.567690	-2.117111	-0.550373	-0.600872	-3.679423	-0.539436	-3.363626	-0.586678	-0.091925	-2.438465	-2.469182	-0.498917
-2.557419	-2.108642	-0.548172	-0.836437	-3.664706	-0.525559	-3.350171	-0.584332	-0.280227	-2.428711	-2.459305	-0.498917
-2.547189	-2.100208	-0.545979	-0.952076	-3.650047	-0.517598	-3.336771	-0.581994	-0.374378	-2.418996	-2.449468	-0.498917
-2.537000	-2.091807	-0.543795	-0.507760	-3.635447	-0.512597	-3.323423	-0.579666	-0.421453	-2.409320	-2.439670	-0.498917
-2.526852	-2.083440	-0.541620	-0.285602	-3.620905	-0.509082	-3.310130	-0.577348	-0.444991	-2.399683	-2.429911	-0.498917
-2.516745	-2.075106	-0.539453	-0.674523	-3.606421	-0.506313	-3.296889	-0.575038	-0.456759	-2.390084	-2.420192	-0.498917
-2.506678	-2.066805	-0.537296	-0.866856	-3.591996	-0.503922	-3.283702	-0.572738	-0.462644	-2.380524	-2.410511	-0.498917
-2.496651	-2.058538	-0.535146	-0.960905	-3.577628	-0.501723	-3.270567	-0.570447	-0.465586	-2.371002	-2.400869	-0.498917
-2.486665	-2.050304	-0.533006	-1.005819	-3.563317	-0.500624	-3.257485	-0.568165	-0.467057	-2.361518	-2.391265	-0.498917
-2.476718	-2.042103	-0.530874	-0.526175	-3.549064	-0.500074	-3.244455	-0.565893	-0.467793	-2.352072	-2.381700	-0.498917
-2.466811	-2.033934	-0.528750	-0.286353	-3.534868	-0.499799	-3.231477	-0.563629	-0.468161	-2.342664	-2.372173	-0.498917
-2.456944	-2.025799	-0.526635	-0.166441	-3.520728	-0.499662	-3.218551	-0.561375	-0.468344	-2.333293	-2.362685	-0.498917
-2.447116	-2.017695	-0.524529	-0.106486	-3.506645	-0.999593	-3.205677	-0.559129	-0.468436	-2.323960	-2.353234	-0.498917
-2.437328	-2.009625	-0.522431	-0.076508	-3.492619	-1.246560	-3.192854	-0.556893	-0.468482	-2.314664	-2.343821	-0.498917
-2.427578	-2.001586	-0.520341	-0.061519	-3.478648	-1.367056	-3.180083	-0.554665	-0.468505	-2.305405	-2.334446	-0.498917
-2.417868	-1.993580	-0.518259	-0.054025	-3.464734	-1.424329	-3.167362	-0.552446	-0.468517	-2.296184	-2.325108	-0.498917
-2.408197	-1.985605	-0.516186	-0.050278	-3.450875	-1.450002	-3.154693	-0.550237	-0.468523	-2.286999	-2.315808	-0.498917
-2.398564	-1.977663	-0.514122	-0.048404	-3.437071	-1.459888	-3.142074	-0.548036	-0.468525	-2.277851	-2.306544	-0.498917
-2.388970	-1.969752	-0.512065	-0.047467	-3.423323	-0.961891	-3.129506	-0.545844	-0.468527	-2.268739	-2.297318	-0.498917
-2.379414	-1.961873	-0.510017	-0.046999	-3.409630	-0.712892	-3.116988	-0.543660	-0.468528	-2.259664	-2.288129	-0.498917
-2.369896	-1.954026	-0.507977	-0.046765	-3.395991	-0.588393	-3.104520	-0.541486	-0.468528	-2.250626	-2.278976	-0.498917
-2.360416	-1.946210	-0.505945	-0.546648	-3.382407	-0.526143	-3.092102	-0.539320	-0.468528	-2.241623	-2.269860	-0.498917
-2.350975	-1.938425	-0.503921	-0.794496	-3.368877	-0.495019	-3.079733	-0.537162	-0.468528	-2.232657	-2.260781	-0.498917
-2.341571	-1.930671	-0.501906	-0.916335	-3.355402	-0.479456	-3.067414	-0.535014	-0.468528	-2.223726	-2.251738	-0.498917
-2.332205	-1.922949	-0.500898	-0.975179	-3.341980	-0.471675	-3.055145	-0.532874	-0.468528	-2.214831	-2.242731	-0.498917
-2.322876	-1.915257	-0.500394	-1.002532	-3.328612	-0.467784	-3.042924	-0.530742	-0.468528	-2.205972	-2.233760	-0.498917
-2.313584	-1.907596	-0.500142	-1.014150	-3.315298	-0.465839	-3.030752	-0.528619	-0.468528	-2.197148	-2.224825	-0.498917
-2.304330	-1.899965	-0.500016	-1.017907	-3.302037	-0.464866	-3.018629	-0.526505	-0.468528	-2.188360	-2.215926	-0.498917
-2.295113	-1.892365	-0.499953	-1.017742	-3.288829	-0.464380	-3.006555	-0.524399	-0.468528	-2.179606	-2.207062	-0.498917
-2.285932	-1.884796	-0.499921	-1.015624	-3.275673	-0.464137	-2.994529	-0.522301	-0.468528	-2.170888	-2.198234	-0.498917
-2.276788	-1.877257	-0.499906	-1.012538	-3.262571	-0.464015	-2.982551	-0.520212	-0.468528	-2.162204	-2.189441	-0.498917
-2.267681	-1.869748	-0.499898	-1.008977	-3.249520	-0.463955	-2.970620	-0.518131	-0.468528	-2.153555	-2.180683	-0.498917
-2.258611	-1.862269	-0.499894	-1.005185	-3.236522	-0.463924	-2.958738	-0.516058	-0.468528	-2.144941	-2.171960	-0.498917
-2.249576	-1.854820	-0.499892	-1.001286	-3.223576	-0.463909	-2.946903	-0.513994	-0.468528	-2.136361	-2.163272	-0.498917
-2.240578	-1.847400	-0.499891	-0.997342	-3.210682	-0.463901	-2.935115	-0.511938	-0.468528	-2.127816	-2.154619	-0.498917
-2.231615	-1.840011	-0.499890	-0.993383	-3.197839	-0.463898	-2.923375	-0.509891	-0.468528	-2.119305	-2.146001	-0.498917
-2.222689	-1.832651	-0.499890	-0.989425	-3.185048	-0.463896	-2.911681	-0.507851	-0.468528	-2.110827	-2.137417	-0.498917
