-2.238348	-1.455400	-0.487558	-0.641589	-4.044131	-0.828017	-2.916855	-0.497916	-0.498555	-1.022473	-2.054704	 0.048115
-2.229502	-1.449578	-0.487546	-0.889294	-4.027954	-0.824705	-2.905188	-0.491987	-0.498555	-1.016446	-2.046485	 0.273405
-2.220638	-1.443780	-0.487541	-0.510873	-4.011843	-0.821406	-2.893567	-0.489022	-0.498555	-1.511411	-2.038299	 0.386050
-2.211783	-1.438005	-0.487538	-0.321662	-3.995795	-0.818120	-2.881993	-0.487540	-0.498555	-1.754881	-2.030146	 0.442372
-2.202949	-1.432253	-0.487536	-0.227057	-3.979812	-0.814848	-2.870465	-0.486799	-0.498555	-1.372619	-2.022025	-0.029467
-2.194144	-1.426524	-0.487536	-0.179754	-3.963893	-0.811589	-2.858983	-0.486428	-0.498555	-1.179507	-2.013937	-0.264383
-2.185371	-1.420818	-0.487535	-0.656103	-3.948037	-0.808342	-3.347547	-0.986243	-0.498555	-1.080979	-2.005882	-0.381842
-2.176631	-1.415135	-0.487535	-0.892012	-3.932245	-0.805109	-3.584157	-1.233178	-0.498555	-1.029750	-1.997858	-0.440571
-2.167925	-1.409474	-0.487535	-1.007711	-3.916516	-0.801888	-3.694820	-1.353686	-0.498555	-1.002178	-1.989867	-0.469935
-2.159254	-1.403836	-0.487535	-0.563314	-3.900850	-0.798681	-3.242541	-1.410991	-0.498555	-1.486443	-1.981907	 0.015382
-2.150617	-1.398221	-0.487535	-0.341115	-3.885247	-0.795486	-3.010820	-1.436707	-0.498555	-1.724634	-1.973980	 0.257040
-2.142015	-1.392628	-0.487535	-0.230016	-3.869706	-0.792304	-3.389402	-0.946640	-0.498555	-1.839804	-1.966084	 0.377868
-2.133447	-1.387057	-0.487535	-0.174466	-3.854227	-0.789135	-3.571157	-0.701607	-0.498555	-1.893479	-1.958219	 0.438283
-2.124913	-1.381509	-0.987535	-0.146691	-3.838810	-0.785978	-3.154529	-0.579090	-0.498555	-1.916422	-1.950386	-0.031510
-2.116413	-1.375983	-1.234560	-0.132804	-3.823455	-0.782834	-2.940739	-0.517832	-0.498555	-1.924015	-1.942585	-0.265404
-2.107948	-1.370479	-0.855109	-0.625860	-3.808161	-0.779703	-2.828390	-0.487202	-0.498555	-1.923948	-1.934814	-0.382351
-2.099516	-1.364997	-0.665384	-0.870150	-3.792928	-0.776584	-2.766783	-0.471888	-0.498555	-1.920067	-1.927075	-0.440824
-2.091118	-1.359537	-0.570521	-0.990067	-3.777757	-0.773478	-2.730570	-0.464231	-0.498555	-1.914294	-1.919367	-0.470061
-2.082753	-1.854099	-0.523090	-1.047805	-3.762646	-0.770384	-3.207074	-0.460402	-0.498555	-1.907591	-1.911689	-0.484679
-2.074422	-2.096683	-0.499374	-1.074463	-3.747595	-0.767303	-3.437959	-0.458488	-0.498555	-1.900437	-1.904043	-0.491989
-2.066125	-1.713296	-0.987516	-1.085590	-3.732605	-0.764233	-3.046064	-0.457530	-0.498555	-1.893074	-1.896427	-0.495643
-2.057860	-1.518943	-1.228636	-1.088960	-3.717674	-0.761176	-2.844808	-0.457052	-0.498555	-1.885621	-1.888841	-0.497470
-2.549629	-1.919117	-1.346256	-1.588460	-4.202803	-0.758132	-3.238893	-0.956813	-0.498555	-1.878138	-2.381285	-0.498384
-2.789430	-2.114566	-1.402139	-1.834034	-4.435992	-0.755099	-3.428670	-1.203780	-0.498555	-1.870655	-2.621760	-0.498841
-2.403272	-2.207670	-1.427164	-1.452662	-4.543248	-0.752079	-3.516321	-1.324362	-0.498555	-1.863187	-2.736273	-0.499069
-2.206159	-2.249620	-1.436772	-1.259833	-4.587575	-0.749070	-3.552939	-1.381763	-0.498555	-1.855742	-2.787828	-0.499183
-2.103585	-2.266013	-1.438684	-1.161285	-4.600475	-0.746074	-3.564068	-1.407585	-0.498555	-1.848323	-2.807927	-0.499241
-2.048295	-2.269644	-0.936758	-1.109885	-4.097698	-0.743090	-3.062483	-0.917630	-0.498555	-1.840931	-2.812320	-0.499269
-2.016665	-2.266913	-0.685795	-1.082069	-3.839120	-0.740118	-2.806568	-0.672652	-0.498555	-1.833568	-2.808883	-0.499283
-1.996879	-1.761019	-0.560314	-0.566052	-3.702670	-0.737157	-2.673510	-0.550163	-0.498555	-1.326235	-2.301554	 0.000709
-1.983032	-1.505562	-0.497573	-0.308043	-3.627312	-0.734208	-2.601900	-0.488918	-0.498555	-1.070930	-2.044301	 0.249704
-1.972171	-1.375333	-0.466203	-0.179039	-3.582529	-0.731272	-2.561034	-0.458296	-0.498555	-1.441646	-1.912100	 0.374202
-1.962817	-1.307729	-0.450518	-0.114537	-3.553062	-0.728347	-2.535561	-0.442985	-0.498555	-1.623380	-1.842440	 0.436451
-1.954233	-1.271446	-0.442675	-0.082286	-3.531282	-0.725433	-2.517804	-0.435330	-0.498555	-1.210636	-1.804065	 0.467575
-1.946050	-1.250834	-0.438754	-0.066160	-3.513373	-0.722531	-2.503926	-0.431502	-0.498555	-1.002669	-1.781345	 0.483137
-1.938083	-1.238068	-0.436793	-0.058098	-3.497427	-0.719641	-2.492006	-0.429588	-0.498555	-0.897096	-1.766469	 0.490918
-1.930239	-1.229234	-0.435813	-0.054066	-3.482491	-0.716763	-2.981086	-0.428631	-0.498555	-0.842726	-1.755527	 0.494809
-1.922472	-1.222377	-0.435323	-0.052051	-3.468088	-0.713896	-3.218686	-0.428152	-0.498555	-0.813964	-1.746567	 0.496754
-1.414759	-1.216517	-0.435078	-0.051043	-3.453979	-0.711040	-2.830573	-0.427913	-0.498555	-0.798013	-1.738612	 0.497727
-1.159089	-1.211166	-0.434955	-0.050539	-3.440045	-0.708196	-2.631632	-0.427794	-0.498555	-0.788474	-1.731173	 0.498213
-1.529447	-1.206078	-0.434894	-0.050287	-3.426226	-0.705363	-2.527296	-0.427734	-0.498555	-1.282146	-1.724006	-0.001544
-1.710826	-1.201133	-0.434863	-0.050161	-3.412491	-0.702542	-2.470282	-0.427704	-0.498555	-1.525430	-1.716989	-0.250419
-1.797732	-1.196268	 0.065152	-0.050098	-3.398827	-0.199731	-1.936949	-0.427689	-0.498555	-1.143535	-1.710060	 0.125143
-1.837415	-1.191452	 0.314030	-0.050066	-3.385224	 0.051674	-1.667475	-0.427681	-0.498555	-0.951064	-1.703190	 0.311922
-1.853502	-1.186671	 0.437342	-0.050051	-3.371679	 0.177376	-1.529942	-0.427678	-0.498555	-0.853312	-1.696362	 0.405312
-1.357807	-1.181917	 0.497877	-0.550043	-2.858191	 0.240227	-1.958390	 0.072324	 0.001445	-0.302924	-1.689569	 0.452007
-1.108235	-1.177185	 0.527028	-0.797939	-2.596757	 0.271653	-2.167841	 0.321180	 0.250442	-0.027731	-1.682807	 0.475354
-0.981732	-1.172475	 0.540491	-0.919795	-2.461370	 0.287366	-2.267812	 0.444469	 0.374941	 0.109866	-1.676074	 0.487028
-0.916770	-0.667784	 0.546115	 0.021360	-0.889024	 0.295222	-0.313062	 1.004977	 0.937190	 2.678665	-0.169368	 0.992865
 0.617415	 5.084561	 1.547823	 0.990013	 3.395782	 1.299150	 3.661030	 1.782100	 1.215316	 8.452569	 1.081309	 0.742786
 1.380204	 7.939060	 2.043578	 1.470422	 5.522824	 1.796508	 5.632806	 2.165544	 1.351392	 11.311068	 1.701984	 0.617747
 2.757313	 11.844723	 1.786377	 1.706724	 8.571045	 2.040600	 8.603484	 1.852167	-0.083545	 17.711979	 3.007677	-1.444773
 3.437598	 13.766053	 1.654718	 1.820990	 10.071918	 2.158076	 10.065675	 1.692401	-0.797977	 20.864208	 3.651896	-2.469018
 3.769505	 14.695343	 1.585843	 1.874252	 10.799208	 2.212263	 10.773715	 1.609453	-1.152168	 22.392290	 3.965413	-2.974155
 5.927256	 19.628739	 1.048371	 1.897028	 14.639800	 2.234824	 18.604771	 4.064926	 1.173750	 35.608490	 7.113614	 0.780236
 6.989961	 22.046313	 0.778613	 1.904576	 16.523136	 2.241589	 22.467428	 5.279622	 2.329709	 42.197123	 8.667191	 2.648362
 7.505208	 23.206172	 0.642717	 1.904526	 17.427990	 2.240475	 24.346096	 5.873981	 2.900717	 45.472051	 9.423538	 3.573392
 13.246791	 34.737370	 3.073755	 3.900692	 26.843752	 4.735439	 26.232981	 6.158224	 3.179278	 49.090203	 15.281352	 3.526910
 17.079606	 42.475664	 4.278264	 4.886982	 32.479114	 5.968461	 27.620183	 6.287460	 2.811643	 51.371975	 18.167980	 3.496708
 18.954188	 46.316817	 4.869553	 5.368380	 35.220566	 6.570568	 28.255770	 6.339245	 2.622937	 52.484867	 19.569185	 3.474674
 19.849822	 48.709511	 5.154276	 6.097379	 37.015368	 6.857277	 28.515780	 6.352356	 2.523716	 53.013430	 20.227847	 3.456752
 20.256148	 49.877686	 5.285760	 6.448226	 37.835148	 6.986343	 28.588234	 6.346180	 2.469256	 53.249540	 20.515405	 3.440913
 20.417986	 50.433716	 5.340667	 6.610052	 38.167729	 7.036646	 28.567139	 6.330412	 2.437197	 53.339537	 20.617578	 3.426144
 19.957745	 50.683784	 5.357330	 6.677420	 37.757018	 7.047623	 28.499500	 6.309899	 2.416357	 52.856589	 20.627225	 3.411936
 19.688630	 50.781384	 5.354913	 6.697615	 37.476971	 7.038994	 28.408817	 6.287063	 2.401146	 52.587680	 20.590775	 3.398037
 20.015233	 50.302859	 5.342999	 6.694277	 37.262553	 7.020619	 28.306839	 6.263117	 2.888768	 52.425901	 20.531441	 3.384319
 20.137851	 50.035981	 5.326381	 6.679226	 37.081248	 6.997427	 28.199440	 6.238666	 3.125827	 52.317396	 20.460830	 3.370719
 20.158639	 49.875037	 5.307452	 6.658372	 36.916795	 6.971883	 28.089556	 6.214012	 3.237630	 52.235639	 20.384744	 3.357205
 20.128675	 49.767170	 5.287410	 6.634670	 36.761064	 6.945218	 27.978655	 6.189306	 3.286833	 52.167365	 20.306083	 3.343760
 19.573495	 49.685951	 5.266855	 6.609597	 36.609988	 6.918048	 27.867469	 6.164624	 2.804763	 52.105943	 20.226298	 3.330377
 19.257868	 49.618565	 5.246084	 6.583892	 36.461532	 6.890682	 27.756364	 6.140003	 2.559082	 52.048455	 20.146113	 3.317052
 19.062170	 49.558203	 5.225248	 6.557923	 36.314678	 6.863272	 27.645520	 6.115462	 2.431615	 51.993042	 20.065888	 3.303782
 19.426589	 49.501460	 5.204422	 6.531874	 36.168915	 6.835895	 27.535029	 6.091009	 2.863273	 51.938773	 19.985805	 3.290566
 19.569216	 49.446232	 5.183641	 6.505839	 36.023988	 6.808590	 27.424935	 6.066650	 3.072512	 51.884783	 19.905951	 3.277403
 19.601105	 49.391869	 5.162925	 6.479861	 35.879766	 6.781375	 27.315258	 6.042386	 2.670568	 51.831038	 19.826372	 3.264293
 19.577784	 49.338246	 5.142283	 6.453964	 35.736184	 6.754259	 27.206008	 6.018217	 2.465059	 51.777725	 19.747089	 3.251236
 19.027015	 49.285098	 5.121718	 6.428160	 35.593208	 6.727246	 27.097190	 5.994145	 2.857785	 51.724732	 19.668112	 3.238231
 18.714678	 49.232293	 5.101234	 6.402453	 35.450819	 6.700340	 26.988804	 5.970169	 3.047647	 51.672004	 19.589446	 3.225278
 18.521704	 49.179765	 5.080830	 6.376846	 34.809008	 6.673540	 26.880850	 5.946288	 3.136103	 51.619515	 19.511091	 3.212377
 18.388560	 49.127680	 5.060507	 6.351340	 34.419768	 6.646846	 26.773327	 5.922503	 3.173882	 51.567449	 19.433048	 3.199527
 18.285477	 49.075919	 5.040265	 6.325936	 34.157087	 6.620259	 26.666235	 5.898813	 3.186348	 51.515698	 19.355316	 3.186729
 18.697571	 48.524424	 5.020105	 6.300632	 34.457957	 6.593778	 26.559570	 5.875218	 3.186184	 51.464207	 19.277895	 3.673982
 18.865399	 48.222563	 5.000024	 6.275430	 34.538875	 6.567403	 26.453332	 5.851717	 3.179730	 51.412349	 19.200784	 3.909286
 18.911246	 48.045625	 4.980024	 5.750328	 34.510094	 5.541133	 26.347518	 5.828310	 3.170156	 51.360412	 19.123981	 3.518649
 18.896256	 47.932052	 4.960104	 5.477327	 34.426741	 5.018969	 26.242128	 5.804997	 3.159048	 51.309339	 19.047485	 3.317074
 18.350998	 47.850261	 4.940264	 5.830418	 34.316378	 5.748893	 26.137160	 5.781777	 3.147198	 51.258799	 18.971295	 3.210056
 18.042757	 47.784062	 4.920503	 5.994596	 34.192784	 6.100897	 26.032611	 5.758650	 3.135002	 51.208225	 18.895410	 3.150341
 17.853168	 47.725760	 4.900821	 6.064368	 34.062849	 6.263994	 25.928481	 5.735615	 3.122659	 51.157736	 18.819828	 3.114302
 17.723046	 47.671507	 4.881217	 6.086985	 33.930016	 6.332688	 25.824767	 5.712673	 3.110267	 51.107390	 18.744549	 3.090126
 17.622800	 47.619380	 4.861692	 6.086075	 33.796005	 6.354232	 25.721468	 5.689822	 3.097875	 51.057215	 18.669571	 3.071906
 17.537631	 47.568415	 4.842246	 6.073449	 33.661675	 6.352253	 25.618582	 5.667063	 3.085508	 50.507226	 18.594892	 3.056689
 17.460142	 47.518130	 4.822877	 6.055015	 33.527456	 6.338562	 25.516107	 5.644395	 3.073178	 50.207430	 18.520513	 3.042997
 17.386632	 47.468286	 4.803585	 6.033724	 33.393559	 6.319068	 25.414043	 5.621817	 2.560891	 50.532830	 18.446431	 3.530093
 17.315251	 47.418760	 4.784371	 6.011054	 33.260092	 6.296721	 25.312387	 5.599330	 2.300651	 50.670926	 18.372645	 3.765606
 17.245073	 47.869491	 4.765233	 5.987742	 33.127105	 6.272999	 25.211137	 5.576932	 2.666450	 50.715469	 18.299154	 3.875361
 17.175634	 48.070250	 4.746172	 5.964158	 32.994623	 6.248639	 25.110293	 5.554625	 2.843285	 50.713133	 18.225958	 3.922268
 17.106702	 48.146120	 4.727188	 5.940484	 32.862658	 5.724011	 24.009852	 5.032406	 2.425662	 49.687456	 17.653054	 3.937783
 17.038160	 48.160845	 4.708279	 5.916814	 32.731214	 5.451298	 23.413812	 4.762277	 2.212835	 49.151407	 17.332442	 3.937634
 16.969950	 48.145089	 4.689446	 5.893192	 32.600293	 5.304584	 23.070157	 4.618227	 2.102421	 48.860264	 17.138112	 3.929684
 15.902042	 38.614186	 2.170688	 2.869642	 22.969893	 3.220912	 16.352876	 2.037255	 0.043230	 36.191668	 9.007060	 0.417866
 15.338419	 33.790568	 0.911309	 1.357868	 18.128015	 2.176801	 12.974965	 0.747855	-0.982334	 29.810323	 4.939781	-1.331855
 9.527059	 25.820825	 0.281620	 0.601980	 12.680503	 1.652480	 9.266815	 0.104239	-0.991100	 22.572793	 2.404397	-1.200552
 6.613947	 21.800251	-0.033225	 0.224036	 9.942281	 1.388064	 7.401623	-0.216490	-0.993483	 18.923357	 1.136705	-1.132763
 4.149989	 15.754405	 0.309353	 0.535064	 5.558762	 1.253608	 5.457954	 0.124219	-0.992683	 14.568092	 0.002859	-0.596738
 2.914638	 12.712065	 0.479338	 0.688886	 3.364652	 1.184142	 4.479091	 0.294574	-0.990299	 12.370033	-0.561802	-0.328725
 0.793604	 6.671555	 0.063031	-0.235888	-1.734744	 0.147180	-0.517341	-0.620248	-0.987131	 4.250660	-3.341880	-1.194719
-0.264258	 3.650038	-0.145122	-0.695954	-4.270774	-0.369522	-3.004530	-1.074590	-0.983579	 0.198711	-4.719674	-1.623595
-0.790545	 2.138023	-0.249198	-0.923675	-5.525175	-0.626100	-4.237141	-1.298702	-0.979843	-1.819557	-5.396377	-1.833927
-3.051054	-1.619237	-0.801236	-2.035233	-7.638817	-1.252624	-5.842506	-1.907713	-1.476023	-3.821016	-5.722582	-1.935005
-4.170686	-3.487114	-1.074549	-2.584718	-8.676132	-1.562128	-6.630294	-2.207185	-1.720169	-4.810100	-5.873587	-1.981472
-4.719921	-4.410342	-0.208510	-0.853192	-8.175363	-0.713136	-7.009351	-2.851908	-2.338313	-5.293044	-5.937040	-2.000650
-4.984001	-4.861290	 0.223195	 0.010814	-7.909630	-0.288641	-7.184103	-3.167276	-2.641472	-5.522964	-5.956766	-2.006199
-5.105544	-5.076139	-0.562262	-1.058932	-9.261475	-1.076393	-7.756761	-3.317994	-2.287162	-5.626418	-5.954676	-1.504950
-5.155862	-5.172981	-0.952296	-1.589548	-9.916171	-1.466541	-8.026432	-3.386416	-2.106142	-5.666685	-5.941726	-1.252318
-4.670608	-5.210863	-1.144628	-1.850616	-10.222377	-1.657901	-7.644674	-2.913718	-1.511781	-5.175405	-5.923393	-1.124003
-4.419611	-5.219306	-1.238120	-1.976926	-10.354423	-1.749883	-7.439270	-2.672486	-1.212766	-4.920397	-5.902416	-1.057854
-4.285775	-5.213072	-1.282203	-2.035875	-9.899473	-1.792190	-7.822100	-2.547008	-1.061431	-4.783562	-5.380165	-1.022796
-4.210553	-5.199542	-1.301591	-2.061160	-9.653109	-1.809675	-7.997105	-2.479426	-0.983943	-4.705851	-5.109324	-1.003291
-4.164671	-5.182404	-1.308644	-2.069629	-9.511114	-1.814763	-8.068264	-2.440811	-0.943387	-4.657739	-4.964226	-0.991571
-4.633493	-5.163505	-1.309539	-2.069708	-9.421378	-1.813667	-8.087564	-2.416699	-0.921303	-5.124464	-5.382039	-1.483752
-4.857699	-5.143766	-1.307365	-2.065608	-9.357847	-1.809494	-8.081001	-2.399858	-0.908462	-5.346644	-5.579346	-1.725890
-4.959638	-5.123649	-1.303668	-1.559434	-9.307492	-1.803797	-7.561570	-2.386672	-0.900251	-4.946596	-5.166446	-1.343023
-5.000485	-5.103383	-1.299220	-1.304241	-9.263801	-1.797352	-7.287770	-2.375331	-0.894361	-4.737479	-4.950489	-1.149669
-5.010825	-5.083084	-1.294406	-1.674547	-9.223515	-1.790548	-7.636843	-2.364933	-1.389639	-4.623864	-5.333041	-1.051080
-5.005953	-5.062809	-1.289420	-1.855610	-9.185006	-1.783578	-7.795407	-2.355025	-1.633508	-4.558036	-5.512886	-0.999880
-4.993515	-5.042586	-1.284358	-1.942068	-9.147458	-1.776540	-7.858781	-1.845381	-1.251688	-4.516138	-5.091423	-0.972383
-4.977334	-5.022430	-1.279268	-1.981240	-9.110464	-1.769482	-7.874624	-1.587887	-1.059038	-4.486240	-4.871352	-0.956745
-4.959321	-5.002348	-1.274175	-1.996785	-9.073820	-1.762428	-7.866764	-1.456480	-0.960981	-4.462378	-4.752014	-0.947043
-4.440432	-4.982342	-1.269091	-2.000533	-9.037424	-1.755391	-7.847117	-1.888126	-1.410226	-4.441571	-5.183079	-0.940318
-4.173144	-4.962414	-1.264020	-1.998398	-9.001224	-1.748375	-7.821638	-2.099309	-1.631130	-4.422325	-5.387384	-0.935088
-4.531689	-4.942565	-1.258967	-1.993338	-8.965194	-1.741385	-7.793306	-2.200280	-1.237877	-4.403896	-4.978353	-0.930613
-4.701181	-4.922796	-1.253933	-1.986832	-8.929321	-1.734421	-7.763611	-2.246163	-1.039562	-4.385911	-4.764698	-0.926524
-4.776185	-4.903105	-1.248918	-1.979618	-8.893597	-1.727484	-7.733295	-2.264520	-0.938722	-4.368182	-4.648769	-0.922634
-4.803985	-4.883492	-1.243922	-1.972066	-8.858019	-1.720574	-7.702731	-2.269133	-0.886626	-4.350617	-4.581739	-0.918852
-4.808221	-4.363958	-1.238947	-1.964361	-8.822586	-1.713692	-7.172105	-1.766892	-0.858909	-4.333168	-4.539194	-0.915130
-4.800715	-4.096503	-1.233991	-1.956596	-8.787295	-1.706837	-6.893509	-1.513242	-0.843388	-4.315813	-4.508929	-0.911447
-4.787375	-3.955117	-1.229055	-1.948815	-8.752145	-1.700010	-6.740981	-1.383898	-0.833972	-4.298538	-4.484839	-0.907790
-4.771157	-4.376796	-1.224139	-1.941043	-9.217136	-1.693210	-7.151540	-1.816717	-0.827615	-4.281338	-4.463872	-0.904153
-4.753538	-4.578039	-1.219243	-1.933290	-9.430268	-1.686437	-7.341695	-2.028627	-0.822794	-4.264210	-4.444503	-0.900533
-4.735257	-4.669102	-1.214366	-1.925563	-9.017546	-1.679691	-7.421709	-1.630101	-0.818747	-4.247151	-4.425968	-0.896930
-4.716682	-4.705113	-1.209508	-1.917863	-8.793976	-1.672973	-7.446713	-1.428375	-0.815095	-4.230162	-4.407886	-0.893341
-4.197999	-4.713636	-1.204670	-1.910193	-8.665050	-1.666281	-6.944271	-1.825059	-0.811645	-4.213241	-4.390065	-0.889768
-3.931298	-4.708454	-1.199851	-1.902553	-8.583515	-1.659616	-6.680167	-2.018957	-0.808304	-4.196388	-4.372410	-0.886208
-4.290619	-4.696456	-1.195052	-1.894943	-8.525744	-1.652977	-7.035282	-2.111481	-0.805024	-4.179602	-4.354873	-0.882663
-4.460979	-4.681088	-1.190272	-1.887364	-8.479922	-1.646365	-7.198059	-2.153335	-0.801780	-4.162884	-4.337430	-0.879133
-4.536897	-4.664072	-1.185511	-1.879814	-8.440143	-1.639780	-7.264726	-2.169871	-0.798561	-4.146232	-4.320069	-0.875616
-4.565630	-4.646271	-1.680769	-1.872295	-8.403453	-1.633221	-7.283397	-2.173766	-0.795361	-4.129647	-4.302783	-0.872114
-4.570808	-4.628113	-1.924046	-1.864806	-8.368374	-1.626688	-7.278128	-2.171359	-0.792177	-4.113129	-4.285568	-0.868625
-4.064245	-4.609814	-1.541349	-1.357347	-8.334168	-1.620181	-7.260948	-2.165817	-0.789007	-4.596676	-4.268425	-0.865151
-3.803848	-4.591482	-1.347684	-1.101917	-8.300465	-1.613700	-7.237870	-2.158726	-0.785850	-4.828290	-4.251350	-0.861690
-3.666563	-4.573169	-1.748543	-1.472510	-8.267080	-1.607246	-7.211902	-1.650877	-0.782706	-4.433976	-4.234344	-0.858243
-3.590861	-4.554903	-1.944674	-1.654120	-8.233920	-1.600817	-7.184546	-1.394666	-0.779575	-4.228740	-4.217407	-0.854810
-4.045980	-4.536697	-1.538458	-1.241253	-8.200939	-1.594413	-6.656553	-1.764284	-0.776457	-4.118076	-4.200537	-0.851391
-4.264538	-4.518557	-1.333085	-1.033163	-8.168112	-1.588036	-6.380300	-1.944825	-0.773351	-4.054728	-4.183735	-0.847986
-4.364850	-4.500486	-1.228144	-0.927468	-8.135428	-1.581683	-6.229965	-2.030845	-0.770257	-4.015072	-4.167000	-0.844594
-3.906076	-3.982486	-1.173426	-1.372977	-8.102881	-1.575357	-6.142639	-2.069621	-0.767176	-4.487293	-4.150332	-0.841215
-3.669794	-3.716556	-1.143830	-1.592094	-8.070466	-1.569055	-6.086865	-2.084792	-0.764108	-4.713484	-4.133731	-0.837850
-4.044787	-4.076691	-1.126804	-1.698031	-8.038183	-1.562779	-6.046916	-1.588178	-0.761051	-4.816701	-4.117196	-0.834499
-4.223443	-4.247884	-1.116071	-1.747391	-8.006030	-1.556528	-6.014927	-1.337688	-0.758007	-4.858469	-4.100727	-0.831161
-3.803967	-4.324643	-1.108494	-1.268478	-7.974005	-1.550302	-6.486967	-1.710268	-0.754975	-4.369553	-4.084324	-0.827836
-3.587460	-4.354219	-1.102504	-1.027442	-7.942109	-1.544101	-6.709069	-1.892393	-0.751955	-4.117333	-4.067987	-0.824525
-3.972465	-3.860240	-1.097315	-1.405351	-7.910340	-1.537924	-6.306258	-1.979306	-0.748947	-3.983493	-4.051715	-0.821227
-4.156252	-3.606518	-1.092537	-1.590739	-7.878699	-1.531773	-6.093045	-2.018630	-0.745951	-3.908874	-4.035508	-0.817942
-4.239466	-3.472951	-1.087972	-1.679881	-7.847184	-1.525645	-5.974679	-2.034176	-0.742968	-3.863896	-4.019366	-0.814670
-3.772427	-3.899489	-1.083523	-1.220914	-7.815795	-1.519543	-5.903783	-1.537850	-0.739996	-4.333769	-4.003288	-0.811411
-3.532297	-4.104106	-1.079140	-0.989906	-7.784532	-1.513465	-5.856670	-1.287604	-0.737036	-4.559098	-3.987275	-0.808166
-3.905648	-3.697797	-1.074800	-1.372885	-7.753394	-1.507411	-5.821494	-1.160406	-0.734088	-4.162194	-3.971326	-0.804933
-4.083765	-3.488059	-1.070488	-1.560862	-7.722381	-1.501381	-5.792333	-1.094741	-0.731151	-3.956211	-3.955441	-0.801713
-4.164300	-3.376634	-1.066200	-1.151353	-7.691491	-1.495376	-6.266227	-1.559850	-0.728227	-3.845719	-3.939619	-0.798507
-4.196078	-3.314391	-1.061932	-0.945115	-7.660725	-1.489394	-6.489693	-1.788355	-0.725314	-3.783003	-3.923861	-0.795313
-4.203511	-3.276765	-1.557683	-1.340518	-8.130082	-1.483437	-6.088000	-1.898573	-1.222412	-3.744204	-3.908165	-0.792131
-4.198806	-3.251474	-1.801452	-1.534748	-8.347562	-1.477503	-5.875781	-1.949665	-1.467523	-3.717394	-3.892533	-0.788963
-4.188065	-3.232376	-1.919245	-1.628405	-8.439172	-1.471593	-5.758344	-1.971209	-1.586653	-3.696608	-3.876962	-0.785807
-4.174340	-3.716400	-1.474068	-1.171789	-7.967915	-1.465706	-6.188344	-1.477996	-1.142806	-3.678863	-3.861455	-0.282664
-4.159156	-3.950011	-1.249422	-0.942051	-7.717293	-1.459844	-6.390107	-1.229420	-0.919485	-3.662669	-3.846009	-0.031092
-4.143276	-4.058450	-1.135049	-0.825758	-7.577049	-1.454004	-5.977805	-1.103170	-0.806432	-3.647278	-3.830625	-0.405306
-4.127082	-4.104335	-1.075821	-0.766192	-7.492053	-1.448188	-5.760523	-1.038091	-0.748519	-3.632319	-3.815302	-0.590854
-4.110762	-3.618978	-1.044174	-0.734996	-7.434741	-1.442396	-5.640795	-1.503606	-0.718181	-3.617605	-3.800041	-0.682076
-4.094414	-3.370032	-1.026326	-0.717990	-7.391331	-1.436626	-5.569890	-1.732425	-0.701636	-3.603042	-3.784841	-0.726140
-4.078084	-3.239316	-1.015384	-0.708085	-7.354929	-1.430879	-6.023439	-1.342912	-0.691994	-3.588584	-3.769702	-0.746631
-4.061795	-3.167742	-1.007905	-0.701736	-7.322092	-1.425156	-6.237259	-1.146249	-0.685808	-3.574206	-3.754623	-0.755343
-4.045560	-3.125762	-1.002164	-0.697171	-7.291094	-1.419455	-6.331267	-1.046018	-0.681356	-3.559898	-3.739604	-0.758170
-4.029383	-3.098604	-0.997301	-1.193503	-7.261075	-1.413777	-5.865421	-1.494011	-0.677776	-3.545653	-3.724646	-0.758062
-4.013269	-3.078883	-0.992885	-1.438290	-7.231604	-1.408122	-5.621698	-1.714123	-0.674637	-3.531467	-3.709747	-0.756492
-3.997217	-3.062904	-0.988700	-1.057317	-7.202464	-1.402490	-5.489081	-1.320311	-0.671725	-3.517340	-3.694908	-0.754197
-3.981229	-3.048820	-0.984638	-0.865478	-7.173547	-1.396880	-5.412060	-1.121552	-0.668931	-3.503270	-3.680129	-0.751546
-3.965304	-3.535709	-1.480646	-1.268211	-7.144800	-1.391292	-5.362879	-1.520327	-0.666202	-3.489256	-3.665408	-0.748723
-3.949443	-3.771108	-1.724697	-1.466236	-7.116194	-1.385727	-5.327661	-1.715876	-0.663511	-3.475299	-3.650746	-0.745819
-3.933646	-3.880795	-1.342785	-1.561919	-7.087716	-1.380184	-5.299467	-1.309828	-0.660843	-3.461398	-3.636143	-0.742882
-3.917911	-3.927657	-1.149907	-1.606446	-7.059358	-1.374664	-5.274828	-1.104996	-0.658193	-3.447552	-3.621599	-0.739933
-3.902240	-3.943139	-1.051554	-1.625407	-7.031117	-1.369165	-5.252008	-1.000780	-0.655557	-3.433762	-3.607112	-0.736985
-3.886631	-3.442963	-1.000471	-1.631599	-7.002991	-1.363688	-5.730139	-1.446879	-0.652933	-3.420027	-3.592684	-0.734043
-3.871084	-3.186989	-0.973031	-1.631420	-6.974978	-1.358233	-5.956789	-1.666142	-0.650321	-3.406347	-3.578313	-0.731109
-3.355600	-3.553141	-0.957419	-1.128068	-6.947078	-1.352801	-6.057746	-1.772003	-0.647719	-3.392721	-3.564000	-0.728186
-3.092177	-3.728378	-0.947730	-0.875142	-6.919289	-1.347389	-6.095908	-1.821178	-0.645128	-3.379151	-3.549744	-0.725274
-3.454809	-3.808189	-0.941009	-1.247435	-6.891612	-1.342000	-6.102720	-1.842025	-0.642547	-3.365634	-3.535545	-0.722373
-3.628489	-3.840318	-0.935781	-1.430342	-6.864046	-1.336632	-6.093908	-1.848722	-0.639977	-3.352171	-3.521403	-0.719484
-3.207725	-3.348638	-0.931305	-1.518569	-6.836589	-1.331285	-5.577331	-1.348360	-0.637417	-3.338763	-3.507317	-0.716606
-2.991770	-3.097084	-0.927214	-1.559469	-6.809243	-1.325960	-5.308921	-1.096483	-0.634868	-3.325408	-3.493288	-0.713740
-2.878240	-2.965616	-0.923322	-1.576718	-6.782006	-1.320656	-5.164635	-0.968855	-0.632328	-3.312106	-3.479315	-0.710885
-3.315946	-3.394214	-0.919537	-1.082154	-6.754878	-1.315374	-5.082452	-1.403359	-0.629799	-3.298858	-3.465398	-0.708041
-3.527291	-3.600867	-0.915813	-0.833698	-6.727859	-1.310112	-5.031359	-1.616935	-0.627280	-3.285662	-3.451536	-0.705209
-3.625487	-3.196579	-0.912127	-0.708299	-6.700947	-1.304872	-5.495853	-1.720062	-0.624770	-3.272520	-3.437730	-0.702388
-3.667137	-2.988850	-0.908467	-0.644433	-6.674143	-1.299652	-5.716179	-1.767979	-0.622271	-3.259429	-3.423979	-0.699579
-3.680545	-3.379423	-0.904827	-1.111340	-6.647447	-1.294454	-5.814469	-1.288306	-0.619782	-3.246392	-3.410283	-0.696781
-3.679861	-3.567170	-0.901205	-1.341636	-6.620857	-1.289276	-5.851788	-1.046852	-0.617303	-3.233406	-3.396642	-0.693993
-3.672160	-3.153534	-0.897599	-1.453641	-6.594374	-1.284119	-5.358670	-0.924514	-0.614834	-3.220473	-3.383055	-0.691217
-3.660981	-2.941236	-0.894008	-1.506512	-6.567996	-1.278982	-5.102379	-0.861741	-0.612375	-3.207591	-3.369523	-0.688453
-3.648092	-2.829629	-0.890431	-1.529828	-6.541724	-1.273866	-4.964542	-0.828757	-0.609925	-3.194760	-3.356045	-0.685699
-3.634377	-3.268389	-0.886869	-1.038380	-6.515557	-1.268771	-4.885970	-1.310673	-0.607485	-3.181981	-3.342621	-0.182956
-3.620278	-3.480355	-0.883322	-0.791563	-6.489495	-1.263696	-4.837069	-1.548046	-0.605055	-3.169253	-3.329250	 0.068415
-3.606017	-3.578953	-0.879788	-1.167064	-6.463537	-1.258641	-4.803042	-1.163161	-0.602635	-3.156576	-3.315933	-0.305899
-3.591702	-3.620898	-0.876269	-1.351730	-6.437683	-1.253606	-4.776491	-0.969163	-0.600225	-3.143950	-3.302670	-0.491696
-3.577390	-3.634544	-0.872764	-1.440990	-6.411932	-1.248592	-4.753715	-0.870613	-0.597824	-3.131374	-3.289459	-0.583239
-3.563108	-3.634071	-0.869273	-1.482559	-6.386284	-1.243598	-4.732866	-0.819794	-0.595433	-3.118849	-3.276301	-0.627661
-3.548869	-3.626567	-0.865796	-1.000296	-6.360739	-1.238623	-5.213017	-0.792847	-0.593051	-3.106373	-3.263196	-0.648528
-3.534681	-3.615577	-0.862333	-0.758128	-6.335296	-1.233669	-5.441706	-0.777841	-0.590679	-3.093948	-3.250143	-0.657623
-3.020545	-3.602873	-0.858883	-0.636012	-6.309955	-1.228734	-5.044710	-1.268813	-0.588316	-3.081572	-3.237143	-0.660837
-2.758465	-3.589340	-0.855448	-0.573927	-6.284715	-1.223819	-4.836916	-1.510779	-0.585963	-3.069246	-3.224194	-0.661115
-2.622432	-3.575422	-0.852026	-0.541860	-6.259576	-1.218924	-4.723761	-1.628256	-0.583619	-3.056969	-3.211297	-0.659932
-3.049443	-3.061340	-0.848618	-1.024807	-6.234538	-1.214048	-5.157962	-1.183504	-0.581284	-3.044741	-3.198452	-0.158023
-3.255995	-2.799205	-0.845224	-1.263265	-6.209600	-1.209192	-5.363879	-0.959650	-0.578959	-3.032562	-3.185658	 0.092932
-3.352346	-2.663063	-0.841843	-0.879491	-6.184762	-1.204355	-4.955697	-0.846251	-0.576643	-3.020432	-3.172916	-0.281591
-3.393624	-2.589938	-0.838475	-0.687604	-6.160023	-1.199538	-4.742512	-0.788086	-0.574337	-3.008350	-3.160224	-0.467540
-3.407394	-2.548342	-0.835121	-0.591660	-6.135382	-1.194740	-4.626860	-0.757544	-0.572039	-2.996317	-3.147583	-0.559208
-3.407436	-2.522531	-0.831781	-0.543688	-6.110841	-1.189961	-4.560012	-0.740819	-0.569751	-2.984331	-3.134993	-0.603740
-3.400642	-2.504632	-0.828454	-0.519702	-6.586398	-1.185201	-4.517602	-1.231008	-0.567472	-3.472394	-3.122453	-0.624709
-3.390458	-2.490709	-0.825140	-0.507709	-6.810052	-1.180460	-4.487446	-1.472660	-0.565202	-3.708504	-3.109963	-0.633903
-3.378605	-2.478793	-0.821839	-0.501713	-6.907812	-1.175738	-4.463454	-1.590058	-0.562942	-3.818670	-3.097523	-0.637213
-2.865945	-2.467902	-0.818552	-0.498715	-6.442680	-1.171035	-4.442578	-1.145342	-0.560690	-3.365896	-3.085133	-0.637587
-2.604908	-2.457542	-0.815278	-0.497216	-6.198160	-1.166351	-4.423297	-0.921582	-0.558447	-3.133682	-3.072792	-0.636498
-2.969702	-2.447468	-0.812017	-0.496466	-6.063992	-1.161686	-4.404849	-0.808307	-0.556213	-3.011772	-3.060501	-0.634683
-3.145430	-2.437556	-0.808769	-0.496091	-5.985049	-1.157039	-4.386852	-0.750279	-0.553988	-2.945038	-3.048259	-0.632510
-2.726652	-2.427745	-0.805534	-1.495904	-5.933765	-1.152411	-4.869116	-0.719881	-0.551772	-2.905914	-3.036066	-0.630163
-2.512647	-2.418004	-0.802311	-1.990819	-5.896358	-1.147801	-5.099545	-0.703303	-0.549565	-2.880618	-3.023922	-0.627733
-2.901047	-2.408316	-0.799102	-1.233305	-5.865936	-1.143210	-4.704099	-0.693640	-0.547367	-2.862260	-3.011826	-0.625268
-3.088668	-2.398676	-0.795906	-0.854548	-5.839055	-1.138637	-4.497759	-0.687441	-0.545178	-2.847393	-2.999779	-0.622790
-3.175927	-2.389077	-0.792722	-0.665169	-5.813989	-1.134083	-4.386007	-0.682979	-0.542997	-2.834294	-2.987780	-0.620310
-3.213029	-2.379519	-0.789551	-1.070480	-5.789879	-1.129546	-4.321582	-0.679391	-0.540825	-2.822103	-2.975829	-0.617834
-3.225080	-2.370000	-0.786393	-1.270184	-5.766292	-1.125028	-4.280855	-0.676245	-0.538662	-2.810387	-2.963925	-0.615366
-3.224632	-2.360519	-0.783247	-1.367096	-5.743013	-1.120528	-4.252011	-0.673326	-0.536507	-2.798932	-2.952070	-0.612906
-3.217959	-2.351077	-0.780115	-1.412624	-5.719935	-1.116046	-4.229143	-0.670526	-0.534361	-2.787629	-2.940261	-0.610455
-2.708200	-2.841673	-1.276994	-1.932472	-5.697001	-1.111582	-4.209296	-0.667790	-0.532223	-2.776425	-2.928500	-0.108014
-2.448923	-3.080306	-1.521886	-2.187491	-5.674187	-1.107135	-4.190994	-0.665092	-0.530095	-2.765293	-2.916786	 0.143207
-2.814906	-2.692985	-1.140799	-1.810115	-5.651477	-1.102707	-4.173498	-1.162419	-0.527974	-2.754219	-2.905119	 0.268818
-2.991536	-2.494713	-0.948735	-1.618562	-5.628864	-1.098296	-4.156437	-1.407762	-0.525862	-2.743195	-2.893499	 0.331623
-3.073514	-2.390984	-0.851190	-1.519932	-5.606345	-1.093903	-4.139629	-1.527128	-0.523759	-2.732219	-2.881925	 0.363025
-3.108192	-2.334545	-1.300911	-1.467774	-5.583918	-1.089527	-4.122978	-1.083518	-0.521664	-2.721288	-2.870397	-0.121273
-3.119246	-2.301769	-1.522269	-1.438864	-5.561582	-1.085169	-4.106441	-0.860433	-0.519577	-2.710402	-2.858915	-0.362212
-2.618512	-2.280843	-1.629462	-1.421589	-5.539335	-1.080828	-4.089992	-0.747616	-0.517499	-2.699560	-2.847480	-0.481474
-2.363909	-2.265861	-1.679584	-1.410142	-5.517177	-1.076505	-4.073621	-0.689938	-0.515429	-2.688762	-2.836090	-0.539904
-2.232389	-2.253867	-1.201186	-0.901622	-5.995109	-1.072199	-4.057321	-0.659834	-0.513367	-2.678007	-2.824746	-0.567923
-2.162428	-2.243387	-0.960542	-0.647362	-6.221128	-1.067910	-4.041088	-0.643523	-0.511314	-2.667295	-2.813447	-0.580740
-2.623262	-2.233681	-0.838780	-1.520232	-5.821244	-1.063639	-4.024923	-1.134113	-0.509268	-2.656625	-2.802193	-0.585961
-2.847511	-2.224380	-0.776465	-1.951880	-5.610459	-1.059384	-4.008822	-1.376158	-0.507231	-2.645999	-2.790984	-0.587390
-2.953492	-2.215300	-0.743879	-2.162938	-5.494267	-1.055146	-3.992787	-1.493945	-0.505202	-2.635415	-2.779820	-0.586926
-3.000363	-2.206347	-0.726163	-1.763718	-5.425415	-1.050926	-3.976815	-1.049614	-0.503182	-2.624873	-2.768701	-0.085522
-3.017704	-2.197476	-0.715889	-1.561380	-5.380276	-1.046722	-3.960908	-0.826239	-0.501169	-2.614374	-2.757626	 0.165181
-3.020305	-2.188663	-0.709340	-1.457492	-5.347036	-1.042535	-4.445064	-0.713345	-0.500163	-2.603916	-2.746595	-0.209468
-3.015559	-2.179897	-0.704660	-1.402841	-5.319788	-1.038365	-4.677284	-0.655697	-0.499659	-2.593501	-2.735609	-0.395624
-3.007165	-2.171171	-0.700920	-1.372819	-5.295579	-1.034212	-4.283575	-0.625677	-0.499408	-2.583127	-2.724667	 0.012461
-2.996970	-2.162484	-0.697656	-1.355123	-5.272932	-1.030075	-4.078940	-0.609476	-0.499282	-2.572794	-2.713768	 0.216504
-2.485899	-2.153833	-0.694635	-0.843600	-5.251108	-1.025955	-3.968875	-0.600189	-0.499219	-2.562503	-2.702913	-0.181475
-2.226414	-2.145216	-0.691741	-0.587838	-5.229737	-1.021851	-3.906124	-0.594363	-0.499188	-2.552253	-2.692101	-0.379305
-2.092738	-2.136635	-0.688917	-0.459958	-5.208635	-1.017763	-3.867062	-0.590274	-0.499172	-2.542044	-2.681333	-0.477066
-2.521982	-2.128089	-0.686132	-0.896017	-5.187709	-1.013692	-3.839875	-0.587056	-0.499164	-2.531876	-2.670608	-0.524797
-2.730701	-2.119576	-0.683373	-1.111383	-5.166913	-1.009638	-3.818656	-0.584280	-0.499160	-2.521748	-2.659925	-0.547517
-2.829182	-2.111098	-0.680633	-0.716412	-5.146222	-1.005599	-3.800452	-0.581729	-0.499158	-2.511661	-2.649285	-0.557737
-2.872567	-2.102653	-0.677907	-0.518927	-5.125626	-1.001577	-3.783785	-0.579295	-0.499157	-2.501615	-2.638688	-0.561711
-2.888428	-2.594243	-0.675193	-0.420184	-5.105117	-0.997570	-3.767918	-1.076924	-0.499157	-2.491608	-2.628133	-0.562567
-2.890549	-2.833866	-0.672492	-0.370813	-5.084694	-0.993580	-3.752480	-1.322590	-0.499156	-2.481642	-2.617621	-0.561868
-2.885825	-2.447530	-0.669801	-0.346127	-5.064354	-0.989606	-4.237287	-0.942286	-0.499156	-2.471715	-2.607150	-0.060396
-2.877700	-2.250240	-0.667122	-0.333784	-5.044096	-0.985647	-4.470246	-0.751010	-0.499156	-2.461828	-2.596722	 0.190340
-2.867899	-2.147489	-0.664453	-0.327613	-5.023919	-0.981705	-4.577319	-0.654253	-0.499156	-2.451981	-2.586335	 0.315708
-2.357282	-2.592024	-1.161795	-0.324527	-5.003823	-0.977778	-4.121487	-0.604759	-0.499156	-2.442173	-2.575990	 0.378392
-2.098280	-2.808219	-1.407148	-0.322984	-4.983808	-0.973867	-3.886240	-0.578902	-0.499156	-2.432404	-2.565686	 0.409734
-2.465101	-2.410267	-1.526519	-0.822213	-4.963873	-0.969971	-3.761314	-0.564867	-0.499156	-2.422675	-2.555423	 0.425405
-2.642847	-2.207267	-1.582913	-1.069184	-4.944017	-0.966091	-3.691579	-0.556748	-0.499156	-2.412984	-2.545201	 0.433241
-2.726079	-2.101758	-1.107832	-1.190038	-4.924241	-0.962227	-4.149467	-0.551591	-0.499156	-1.903332	-2.535020	-0.062842
-2.762077	-2.045011	-0.869025	-1.247843	-4.904544	-0.958378	-4.369197	-0.547920	-0.499156	-1.645719	-2.524880	-0.309765
-2.774479	-2.012661	-0.748362	-0.774134	-4.884926	-0.954545	-4.469884	-0.544996	-0.499156	-2.014136	-2.514781	 0.067887
-2.775107	-1.992525	-0.686775	-0.537279	-4.865386	-0.950726	-4.511086	-0.542450	-0.499156	-2.193579	-2.504722	 0.256713
-2.769869	-1.978513	-0.654731	-0.418852	-4.845925	-0.946923	-4.522582	-0.540097	-0.499156	-2.278555	-2.494703	 0.351126
-2.761721	-1.967577	-0.637463	-0.859638	-4.826541	-0.943136	-4.519263	-0.537845	-0.499156	-1.816316	-2.484724	-0.101668
-2.752140	-1.958197	-0.627589	-1.077431	-4.807235	-0.939363	-4.508571	-0.535648	-0.499156	-1.582488	-2.474785	-0.326956
-2.741864	-1.949608	-1.121417	-0.683737	-4.788006	-0.935606	-3.994229	-0.533482	-0.499156	-1.462877	-2.464886	-0.438495
-2.731263	-1.941432	-1.365100	-0.486889	-4.768854	-0.931863	-3.730098	-0.531337	-0.499156	-1.400385	-2.455026	-0.493165
-2.720521	-1.933478	-1.483724	-0.388466	-4.749778	-0.928136	-3.591101	-0.529206	-0.499156	-1.866463	-2.445206	-0.019404
-2.709731	-1.925649	-1.539831	-0.339254	-4.730779	-0.924423	-3.514698	-0.527086	-0.499156	-2.094837	-2.435425	 0.217476
-2.698938	-1.917900	-1.064693	-0.814648	-4.711856	-0.920726	-3.469620	-0.524976	-0.499156	-2.204377	-2.425684	-0.164083
-2.688165	-1.910204	-0.825945	-1.049765	-4.693009	-0.917043	-3.440232	-0.522876	-0.499156	-2.254520	-2.415981	-0.353772
-2.677424	-1.902552	-0.705396	-1.164754	-4.674237	-0.913375	-3.418717	-0.520784	-0.499156	-2.274982	-2.406317	-0.447529
-2.166720	-2.394936	-0.643953	-1.219689	-4.655540	-0.909721	-3.401164	-0.518700	-0.499156	-2.280622	-2.396692	-0.493325
-1.908056	-2.635353	-0.612066	-1.244607	-4.636918	-0.906082	-3.385621	-0.516626	-0.499156	-2.278869	-2.387105	-0.515145
-2.275425	-2.249810	-0.594962	-1.254527	-4.618370	-0.902458	-3.371109	-0.514559	-0.499156	-2.273439	-2.377557	-0.524981
-2.453824	-2.053310	-0.585254	-1.256958	-4.599896	-0.898848	-3.357140	-0.512501	-0.499156	-2.266188	-2.368046	-0.528830
-2.037759	-1.951347	-0.579249	-0.755655	-4.581497	-0.895253	-3.343469	-0.510451	-0.499156	-2.258044	-2.358574	-0.029688
-1.826483	-1.896666	-0.575100	-0.505003	-4.563171	-0.891672	-3.329974	-0.508409	-0.499156	-2.249473	-2.349140	 0.219882
-2.217615	-1.865642	-1.071884	-0.379677	-4.544918	-0.888105	-3.316594	-0.506375	-0.499156	-2.240705	-2.339743	 0.344668
-2.407963	-1.846460	-1.317138	-0.317015	-4.526738	-0.884553	-3.303297	-0.504350	-0.499156	-2.231857	-2.330384	 0.407060
-2.497941	-1.833215	-1.436641	-0.285683	-4.508632	-0.881014	-3.290069	-0.502332	-0.499156	-2.222987	-2.321063	 0.438256
-2.537753	-2.322953	-0.993280	-0.270017	-4.490597	-1.377490	-3.276901	-1.000323	-0.499156	-2.214124	-2.311779	-0.046145
-2.552505	-2.562196	-0.770499	-0.262185	-4.472635	-1.621980	-3.263789	-1.246322	-0.499156	-2.205282	-2.302532	-0.287285
-2.554746	-2.176215	-0.658014	-0.258268	-4.454744	-1.240492	-3.250732	-0.866336	-0.499156	-2.196468	-2.293321	 0.093202
-2.550753	-1.979644	-0.600680	-0.256310	-4.436925	-1.048030	-3.237728	-0.676344	-0.499156	-2.187686	-2.284148	 0.283445
-2.543662	-1.877792	-0.570926	-0.755331	-4.419177	-0.950088	-3.724777	-0.581348	-0.499156	-2.178937	-2.275012	 0.378567
-2.535044	-1.823314	-0.554967	-1.002333	-4.401501	-0.899413	-3.959878	-0.533849	-0.499156	-2.170222	-2.265911	 0.426128
-2.525682	-1.792538	-0.545909	-0.623335	-4.383895	-0.872378	-3.569038	-0.510100	-0.499156	-2.161542	-2.256848	 0.449908
-2.515968	-1.773626	-0.540307	-0.433836	-4.366359	-0.857170	-3.367262	-0.498226	-0.499156	-2.152896	-2.247820	 0.461798
-2.506099	-1.760661	-0.536436	-0.839086	-4.348894	-0.847881	-3.760043	-0.492288	-0.499156	-2.144284	-2.238829	-0.032256
-2.496172	-1.750683	-0.533436	-1.039223	-4.331498	-0.841560	-3.948128	-0.489320	-0.499156	-2.135707	-2.229874	-0.278231
-2.486236	-1.742212	-0.530875	-1.136813	-4.314172	-0.836729	-4.033898	-0.487836	-0.499156	-2.127164	-2.220954	-0.400170
-2.476315	-1.734509	-0.528538	-0.683139	-4.296915	-0.832650	-3.568543	-0.987093	-0.499156	-1.618656	-2.212071	-0.460096
-2.466422	-1.727204	-0.526317	-0.456302	-4.279728	-0.828953	-3.329660	-1.233750	-0.499156	-1.362181	-2.203222	-0.489018
-1.956563	-1.720112	-0.524158	-0.342883	-4.262609	-0.825454	-3.204036	-0.854117	-0.499156	-1.231732	-2.194409	-0.502444
-1.698739	-1.713140	-0.522035	-0.286174	-4.245558	-0.822061	-3.135068	-0.664301	-0.499156	-1.164306	-2.185632	-0.508125
-2.066946	-1.706242	-0.519933	-0.757819	-4.228576	-0.818727	-3.094451	-0.569392	-0.499156	-1.628398	-2.176889	-0.009937
-2.246179	-1.699394	-0.517847	-0.991183	-4.211662	-0.815429	-3.068036	-0.521938	-0.499156	-1.856260	-2.168182	 0.239156
-2.330945	-1.692585	-0.515772	-0.605416	-4.194815	-0.812156	-3.048744	-0.498211	-0.499156	-1.966022	-2.159509	 0.363703
-2.368496	-1.685809	-0.513707	-0.412532	-4.178036	-0.808901	-3.033040	-0.486348	-0.499156	-2.016752	-2.150871	 0.425976
-2.382460	-1.679062	-0.511651	-0.316090	-4.161324	-0.805663	-3.019153	-0.480416	-0.499156	-2.037982	-2.142267	 0.457113
-2.384649	-1.672345	-0.509604	-0.267869	-4.144678	-0.802439	-3.006199	-0.477450	-0.499156	-2.044478	-2.133698	-0.027319
-2.380969	-1.665655	-0.507566	-0.243759	-4.128100	-0.799228	-2.993735	-0.475967	-0.499156	-2.043624	-2.125164	-0.268511
-2.374375	-1.658992	-0.505535	-0.231704	-4.111587	-0.796031	-2.981541	-0.475226	-0.499156	-2.039112	-2.116663	 0.111912
-2.366343	-1.652356	-0.503513	-0.225676	-4.095141	-0.792847	-2.969505	-0.474855	-0.499156	-2.032787	-2.108196	 0.302124
-1.857610	-1.645746	-0.501499	-0.222662	-4.078760	-0.789675	-2.957572	-0.474670	-0.499156	-2.025571	-2.099763	-0.102770
-1.600545	-1.639163	-0.500492	-0.221155	-4.062445	-0.786517	-2.945715	-0.474577	-0.499156	-2.017927	-2.091364	-0.304202
-1.969326	-1.632606	-0.499989	-0.220402	-4.046196	-0.783371	-2.933918	-0.474531	-0.499156	-2.010084	-2.082999	-0.403907
-2.149041	-1.626076	-0.499737	-0.220025	-4.030011	-0.780237	-2.922176	-0.474507	-0.499156	-2.002158	-2.074667	-0.452752
-2.234240	-1.619572	-0.499611	-0.219837	-4.013891	-0.777116	-2.910484	-0.474496	-0.499156	-1.994206	-2.066368	-0.476171
-2.272201	-1.613093	-0.499548	-0.219743	-3.997835	-0.774008	-2.898840	-0.474490	-0.499156	-1.986258	-2.058103	 0.012119
-2.286561	-1.606641	-0.499517	-0.219696	-3.981844	-0.770912	-2.887244	-0.474487	-0.499156	-1.978328	-2.049870	 0.255264
-2.289140	-2.100214	-0.499501	-0.719672	-3.965917	-0.767828	-2.875694	-0.474486	-0.499156	-1.470421	-2.041671	 0.376836
-2.285845	-2.341814	-0.499493	-0.967221	-3.950053	-0.764757	-2.864191	-0.474485	-0.499156	-1.214543	-2.033504	 0.437622
