-1.105643	-3.320551	-0.484541	-0.498226	-2.856055	 0.246008	-2.173932	-0.006434	 0.556066	-3.571944	-0.823117	 0.515277
-1.101037	-3.683047	-0.491409	-0.498226	-2.750881	-0.128485	-2.165236	-0.005696	 0.647401	-3.557428	-0.819825	 0.513216
-1.096541	-3.856204	-0.494843	-0.498226	-2.693003	-0.314725	-2.156575	-0.005326	 0.691590	-3.543084	-0.816545	 0.511163
-1.092109	-3.934724	-0.496560	-0.498226	-2.658793	-0.406844	-2.147949	-0.005142	 0.712214	-3.528854	-0.813279	 0.509119
-1.087717	-3.965958	-0.497418	-0.498226	-2.636439	-0.452903	-2.139357	-0.005050	 0.721060	-3.514710	-0.810026	 0.507082
-1.083355	-3.973580	-0.497847	-0.498226	-2.620034	-0.475932	-2.130800	-0.005003	 0.724023	-3.500637	-0.806786	 0.505054
-1.079016	-3.969429	-0.498062	-0.498226	-3.106624	-0.487447	-2.122277	-0.004980	 0.224051	-3.486627	-0.803559	 0.503034
-1.074697	-3.959422	-0.498169	-0.498226	-3.342733	-0.493205	-2.113788	-0.004969	-0.025936	-3.472677	-0.800345	 0.501022
-1.070397	-3.446520	-0.498223	-0.498226	-2.953630	-0.996083	-2.105332	-0.504963	 0.349071	-3.458785	-0.797143	 0.500015
-1.066114	-3.184202	-0.498250	-0.498226	-2.753949	-1.244525	-2.096911	-0.752950	 0.535127	-3.444949	-0.793955	 0.499512
-1.061850	-3.547199	-0.498263	-0.498226	-2.649000	-0.865760	-1.588523	-0.374942	 0.626712	-3.431168	-0.790779	 0.499261
-1.057602	-3.720878	-0.498270	-0.498226	-2.591437	-0.676377	-1.332169	-0.185938	 0.671068	-3.417443	-0.787616	 0.499135
-1.053371	-3.799928	 0.001727	-0.498226	-2.557588	-0.581686	-1.701841	-0.091436	 0.691815	-2.903773	-0.784465	 0.499072
-1.049158	-3.831695	 0.250722	-0.498226	-2.535616	-0.534340	-1.882533	-0.044185	 0.700764	-2.642158	-0.781327	 0.499041
-1.044961	-3.839851	 0.375219	-0.498226	-2.519603	-0.510667	-1.968753	-0.020559	 0.703818	-2.506590	-0.778202	 0.499025
-1.040781	-3.336233	-0.062532	-0.498226	-2.506589	-0.498831	-2.007753	-0.008746	 0.703932	-2.934063	-0.775089	 0.499017
-1.036618	-3.078759	-0.280407	-0.498226	-2.495095	-0.492913	-2.023160	-0.002840	 0.702581	-3.141077	-0.771989	 0.499013
-1.032472	-3.444380	-0.389345	-0.498226	-2.484381	-0.489953	-2.026786	 0.000113	 0.700503	-2.737888	-0.768901	 0.499011
-1.028342	-3.619570	-0.443814	-0.498226	-2.474077	-0.488474	-2.024538	 0.001590	 0.698067	-2.531624	-0.765825	 0.499010
-1.024229	-3.699576	-0.971048	-0.498226	-2.463997	-0.487734	-2.019370	-0.497672	 0.695458	-2.923841	-0.762762	 0.499010
-1.020132	-3.732019	-1.231669	-0.498226	-2.454049	-0.487364	-2.012757	-0.745309	 0.692767	-3.113317	-0.759711	 0.499010
-1.016051	-3.740712	-0.358994	-0.498226	-2.444187	 0.012821	-2.005438	-0.367142	 0.690042	-3.201450	-0.756672	 0.499010
-1.011987	-3.737560	 0.076315	-0.498226	-2.434387	 0.261887	-1.997783	-0.178058	 0.687305	-3.238937	-0.753646	 0.499009
-1.007939	-3.728515	 0.292947	-0.498226	-2.424638	 0.385399	-1.989975	-0.083516	 0.684567	-3.251128	-0.750631	 0.499009
-1.003907	-3.216553	 0.400244	-0.498226	-2.414934	-0.053864	-1.982106	-0.036245	 0.681834	-3.250697	-0.747628	 0.499009
-0.999892	-2.955163	 0.452877	-0.498226	-2.405271	-0.273495	-1.974224	-0.012610	 0.679110	-3.243981	-0.744638	 0.499009
-0.995892	-3.319081	-0.021818	-0.998226	-2.395649	-0.383310	-1.966350	-0.500792	 0.676395	-3.234148	-0.741659	 0.499009
-0.991908	-3.493674	-0.259165	-1.245230	-2.386066	-0.438218	-1.958496	-0.742905	 0.673690	-3.222783	-0.738693	 0.499009
-0.987941	-3.073633	-0.377838	-0.865747	-2.376521	-0.465672	-1.950668	-0.361992	 0.670996	-2.710678	-0.735738	 0.499009
-0.983989	-2.858306	-0.437175	-0.676006	-2.367015	-0.479399	-1.942868	-0.171535	 0.668312	-2.450228	-0.732795	 0.499009
-0.980053	-2.745357	-0.466844	-0.581135	-2.857547	-0.486262	-1.935098	-0.076307	 0.165639	-2.815623	-0.729864	 0.499009
-0.976133	-2.683617	-0.481678	-0.533700	-3.096116	-0.489694	-1.927358	-0.028692	-0.085698	-2.991959	-0.726944	 0.499009
-0.972228	-2.647503	-0.489095	-0.509982	-3.208732	-0.491410	-1.919649	-0.004885	-0.211366	-3.073790	-0.724037	 0.499009
-0.968339	-3.124224	-0.492803	-0.498123	-2.758397	-0.492268	-1.911970	 0.007018	-0.274200	-3.108395	-0.721140	 0.499009
-0.964466	-3.355382	-0.494658	-0.492194	-2.528613	-0.492697	-1.904323	 0.012970	-0.305617	-3.119411	-0.718256	 0.499009
-0.960608	-2.963788	-0.495585	-0.489229	-2.409124	-0.492911	-1.896705	 0.015946	 0.178674	-3.118658	-0.715383	 0.499009
-0.956766	-2.762847	-0.496048	-0.487747	-2.344800	-0.493019	-1.889119	 0.017434	 0.419494	-3.112046	-0.712521	 0.499009
-0.952939	-3.157252	-0.496280	-0.487006	-2.308077	-0.493072	-1.881562	 0.018178	 0.538583	-3.102529	-0.709671	 0.499009
-0.949127	-3.347352	-0.496396	-0.486635	-2.285173	-0.493099	-1.874036	 0.018550	 0.596812	-3.091585	-0.706833	 0.499009
-1.445330	-3.435327	-0.496454	-0.486450	-2.269196	-0.493112	-1.366540	 0.018736	 0.124617	-3.079951	-0.704005	 0.499009
-1.689549	-3.472268	-0.496483	-0.486357	-2.256701	-0.493119	-1.111074	 0.018829	-0.111481	-3.067998	-0.701189	 0.499009
-1.807791	-3.483719	-0.496497	-0.486311	-2.245966	-0.493122	-0.981629	 0.018875	-0.229530	-3.055909	-0.698384	 0.499009
-1.363060	-2.982455	-0.496505	-0.486288	-2.236127	 0.006876	-1.415203	 0.018899	 0.211446	-2.543777	-0.695591	 0.499009
-1.138858	-2.726861	-0.496508	-0.486276	-2.226755	 0.255861	-1.628292	 0.018910	 0.430629	-2.283648	-0.692809	 0.499009
-1.024927	-2.594121	 0.003490	-0.486270	-1.717635	 0.379344	-1.231154	 0.518916	 0.538921	-2.149536	-0.690037	 0.499009
-0.966140	-2.522828	 0.252482	-0.486267	-1.460657	 0.440080	-1.030917	 0.766881	 0.591772	-2.078449	-0.687277	 0.499009
-0.934932	-2.482279	 0.375975	 0.013734	-1.329761	 0.469446	-0.929137	 0.888834	 1.116909	-1.538891	-0.184528	 0.999009
-0.917520	-2.457121	 0.437722	 0.262707	-1.261916	 0.484130	-0.876592	 0.947789	 1.376193	-1.267113	 0.066846	 1.246011
-0.407014	-1.939678	 0.968595	 0.386171	-0.225605	 0.991471	 0.151328	 1.475253	 1.502564	-0.129234	 0.692534	 1.866526
-0.151761	-1.678112	 1.231033	 0.446883	 0.290929	 1.242144	 0.662930	 1.734979	 1.562492	 0.437689	 1.002741	 2.171810
-0.024134	-1.544495	 1.359265	 0.476224	 0.547582	 1.364495	 0.916382	 1.860853	 1.589211	 0.719141	 1.155219	 2.319497
 2.039679	 5.025134	 1.920406	 1.489883	 3.174299	 1.922697	 4.540768	 2.419817	 2.099338	 6.357865	 2.228842	 2.388407
 3.063378	 8.286760	 2.196013	 1.991706	 4.476056	 2.196836	 6.336631	 2.693341	 2.349183	 9.153235	 2.759049	 2.417947
 3.067054	 9.894476	 2.328873	 2.737630	 8.615379	 2.828964	 8.718297	 2.824169	 1.468908	 14.527022	 3.517574	 1.427822
 3.062750	 10.675329	 2.390380	 3.103625	 10.659531	 3.138105	 9.886931	 2.883673	 1.027593	 17.174114	 3.888284	 0.932759
 5.554482	 16.542844	 2.416230	 2.779684	 14.156199	 3.285782	 12.449136	 2.407539	-0.194237	 21.958018	 4.565121	-0.314772
 6.784255	 19.431780	 2.424270	 2.612801	 15.869228	 3.352753	 13.700216	 2.165609	-0.802320	 24.296486	 4.893056	-0.935413
 7.883114	 23.831607	 2.423426	 2.524468	 18.690578	 3.379399	 15.295854	 2.040797	-1.103541	 27.412450	 5.546581	-2.242621
 8.414579	 25.975057	 2.418159	 2.475429	 20.058229	 3.385910	 16.059889	 1.974559	-1.251342	 28.909375	 5.860944	-2.889126
 8.662419	 26.990546	 2.410699	 2.446057	 20.699202	 3.382381	 16.408259	 1.937623	-1.322444	 29.597025	 6.005774	-3.205307
 9.268519	 29.442278	 1.902163	 2.426538	 21.977009	 3.373858	 17.048931	 1.915354	-1.855208	 30.380281	 6.565888	-3.356354
 9.551820	 30.604356	 1.645108	 2.411964	 22.569403	 3.362867	 17.333888	 1.900433	-2.116814	 30.709581	 6.831693	-3.424863
 9.673800	 32.121862	 1.513804	 2.399882	 23.819276	 3.350667	 17.941128	 1.889201	-2.242860	 32.312154	 6.950401	-4.452131
 9.715198	 32.813336	 1.445387	 2.389066	 24.394074	 3.337890	 18.207652	 1.879830	-2.301145	 33.045611	 6.995616	-4.954806
 10.216384	 34.092064	 1.408425	 2.378901	 25.131536	 3.324851	 18.803965	 1.871403	-2.325569	 33.344781	 7.504143	-4.195229
 10.445542	 34.660686	 1.387201	 2.369081	 25.448528	 3.311709	 19.063322	 1.863464	-2.333081	 33.427078	 7.742380	-3.808569
 10.538772	 34.874538	 1.373857	 2.359453	 25.555494	 3.298540	 19.154354	 1.855783	-2.332156	 33.401208	 7.345538	-4.608395
 10.564123	 34.911288	 1.364464	 2.349939	 25.557651	 3.285385	 19.161380	 1.848247	-2.327031	 33.321523	 7.133219	-4.997492
 10.555619	 34.859767	 1.357057	 2.340501	 25.507611	 3.272263	 19.126556	 1.840797	-2.319824	 33.215196	 7.013218	-5.181267
 10.530273	 34.764389	 1.350654	 2.331120	 25.431675	 2.759184	 19.070960	 1.333405	-2.311596	 33.095815	 6.939431	-5.262424
 10.496590	 34.647363	 1.344764	 2.321786	 25.342996	 2.498152	 19.005132	 1.078057	-2.302875	 32.970172	 6.888806	-5.292316
 10.458823	 34.519789	 1.339142	 2.312494	 25.248148	 2.363162	 18.934339	 0.948738	-2.293926	 32.841661	 6.849818	-4.296617
 10.419097	 34.387217	 1.333663	 2.303242	 25.150417	 2.291210	 18.861216	 0.882440	-2.284882	 32.711979	 6.816702	-3.792166
 10.378476	 34.252422	 1.328268	 2.294028	 25.051446	 2.750796	 18.787078	 1.347658	-2.275808	 32.081974	 6.786576	-4.533365
 10.337489	 34.116790	 1.322924	 2.284851	 24.952056	 2.974168	 18.712583	 1.576642	-2.266738	 31.704067	 6.758001	-4.893415
 10.296403	 33.981011	 1.317617	 2.275711	 24.852655	 3.079459	 18.638059	 1.687522	-2.257687	 31.452461	 6.730254	-4.062934
 10.255349	 33.845431	 1.312339	 2.266608	 24.753449	 3.125735	 18.563670	 1.739366	-2.248665	 31.264257	 6.702976	-3.641228
 10.214394	 33.710221	 1.307086	 2.257542	 24.654537	 3.142529	 18.489497	 1.761705	-2.239674	 31.108003	 6.675986	-3.423936
 10.173569	 33.575467	 1.301856	 2.248512	 24.555969	 3.144607	 18.415580	 1.769306	-2.230717	 30.967972	 6.649192	-3.308877
 10.132891	 33.441208	 1.296648	 2.239518	 24.457771	 3.139353	 18.341938	 1.769553	-2.221796	 30.836301	 6.622551	-3.244959
 10.092368	 32.807464	 1.291460	 2.230560	 24.359953	 3.130458	 18.268581	 1.766137	-2.212909	 30.709056	 7.096038	-3.206639
 10.052003	 32.426245	 1.286294	 2.221637	 24.262519	 3.119767	 18.195511	 1.760904	-2.204058	 30.584270	 7.317643	-3.181142
 10.011797	 32.171546	 1.281149	 2.712751	 24.165472	 3.108204	 17.622732	 1.754776	-2.195241	 30.460958	 6.913367	-4.162082
 9.971750	 31.980362	 1.276024	 2.951900	 24.068812	 3.096229	 17.302242	 1.748214	-2.186461	 30.338626	 6.698211	-4.642266
 9.931864	 31.821192	 1.270920	 3.065092	 23.972538	 3.084072	 17.108034	 1.741450	-2.177715	 30.217028	 6.577666	-4.872113
 9.892137	 31.678283	 1.265837	 3.115332	 23.876648	 3.071851	 16.977102	 1.734599	-2.169004	 30.096038	 6.504480	-4.976833
 9.852568	 31.543758	 1.260773	 3.134121	 23.781141	 3.059620	 16.877944	 1.727718	-2.160328	 29.975593	 6.455024	-5.019029
 9.813158	 31.413677	 1.255730	 2.637209	 23.686017	 3.047411	 16.794807	 1.720836	-2.151687	 29.855660	 6.417485	-4.030005
 9.773905	 31.286069	 1.250707	 2.384473	 23.591273	 3.035235	 16.719816	 1.713966	-2.143080	 29.736222	 6.385956	-3.529411
 9.734810	 31.159948	 1.245704	 2.253841	 22.996908	 3.023101	 16.649030	 1.707118	-2.134508	 29.617270	 6.357482	-4.273057
 9.695871	 31.034820	 1.240722	 2.184279	 22.654920	 3.011013	 16.580481	 1.700293	-2.125969	 29.498797	 6.330587	-4.634846
 9.157087	 30.910437	 1.235759	 2.145268	 22.439301	 2.998970	 16.513182	 1.693494	-2.117466	 29.380800	 6.304533	-3.805747
 8.870459	 30.786673	 1.230816	 2.121550	 22.287043	 2.986975	 16.446641	 1.686720	-2.108996	 29.263276	 6.278948	-3.385245
 9.209977	 31.163465	 1.225892	 2.105496	 22.666645	 2.975028	 16.380611	 1.679974	-2.600560	 29.146222	 6.253649	-4.169064
 9.360637	 31.288781	 1.220989	 2.093290	 22.810354	 2.963128	 16.314966	 1.673254	-2.840158	 29.029637	 6.228543	-4.551068
 9.416945	 31.288610	 1.216105	 2.083024	 22.836300	 2.951276	 16.249645	 1.666561	-2.953797	 28.913518	 6.203583	-4.732204
 9.426152	 30.725948	 1.211240	 2.573746	 22.303548	 2.939471	 16.184616	 1.659895	-2.504482	 28.797864	 6.178746	-4.812945
 9.411885	 30.384291	 1.206396	 2.812978	 21.993631	 2.927713	 16.119862	 1.653256	-2.275714	 28.682673	 6.154020	-4.843528
 8.885956	 30.153377	 1.201570	 2.926490	 21.795305	 2.916002	 16.055375	 1.646643	-2.157236	 28.567942	 6.129398	-4.849071
 8.606271	 29.978075	 1.196764	 2.977166	 21.652948	 2.904338	 15.991150	 1.640056	-2.093919	 28.453670	 6.104877	-4.842134
 8.949776	 29.830818	 1.191977	 2.996448	 22.038748	 2.892721	 16.427183	 1.633496	-2.058200	 27.339856	 6.080456	-3.828995
 9.102942	 29.697823	 1.187209	 3.000058	 22.186799	 2.881150	 16.611474	 1.626962	-2.036295	 26.730496	 6.056134	-3.316793
 8.161012	 28.072195	 1.182460	 2.495855	 20.716155	 2.869625	 15.170027	 1.120454	-2.021314	 24.373574	 5.031909	-2.055084
 7.675610	 27.206489	 1.177730	 2.239770	 19.942342	 2.858147	 14.421847	 0.865972	-2.009811	 23.151080	 4.511781	-1.422642
 7.418528	 26.720954	 1.173019	 2.107761	 19.517098	 2.846714	 14.020410	 0.737508	-2.000063	 22.495976	 4.243734	-1.104841
 7.275664	 22.425715	 1.168327	 2.037804	 16.266293	 2.335327	 11.792453	 1.172058	-0.991208	 18.124742	 3.601759	 0.055634
 7.189966	 20.241835	 1.163654	 1.998891	 14.614859	 2.075986	 10.659346	 1.386120	-0.486781	 15.911618	 3.274852	 0.633439
 5.632909	 14.113779	 1.158999	 1.975514	 10.263215	 1.942682	 8.073739	 1.489951	 0.265433	 11.277659	 2.605503	 1.419919
 4.846229	 11.033780	 1.154363	 1.959921	 8.075570	 1.872411	 6.769960	 1.538678	 0.639505	 8.947392	 2.266956	 1.808746
 2.944770	 5.977872	 1.649746	 1.448236	 3.469972	 1.333671	 2.607138	 1.059867	 0.324513	 0.769024	 0.593825	 1.498765
 1.991953	 3.448075	 1.893147	 1.190520	 1.169444	 1.062712	 0.528838	 0.819300	 0.167017	-3.305341	-0.240581	 1.341397
 0.013467	-2.318660	 1.010574	 0.559797	-2.478558	 0.425648	-2.007213	 0.197858	 0.088270	-6.327764	-1.155635	 1.260344
-0.971846	-5.185857	 0.569288	 0.244435	-4.290305	 0.107117	-3.266151	-0.112862	 0.048896	-7.820275	-1.609020	 1.217460
-1.460589	-6.603350	 0.348645	 0.086754	-5.183975	-0.052149	-3.886571	-0.268222	 0.029209	-8.547905	-1.831588	 1.193668
-2.201061	-7.796054	 0.238323	-0.492086	-6.118655	-0.631782	-4.687766	-0.345903	 0.019365	-8.893169	-1.938763	 1.179433
-2.565414	-8.374429	 0.183162	-0.779364	-6.571888	-0.919176	-5.077386	-0.384743	 0.014444	-9.047325	-1.988259	 1.169985
-2.741731	-9.145711	 0.155582	-0.920870	-6.784454	-1.060459	-5.261262	-0.904163	-0.488017	-9.605999	-2.508932	 1.162939
-2.824054	-9.511517	 0.141792	-0.989498	-6.876743	-1.128698	-5.342310	-1.161026	-0.737267	-9.865007	-2.763209	 1.157105
-2.859402	-9.674666	 0.134897	-1.021696	-6.908950	-0.660423	-5.371987	-1.286621	-0.859919	-9.974263	-2.384312	 1.151885
-2.871287	-9.736565	 0.131449	-1.035687	-6.911171	-0.426286	-5.376022	-1.346595	-0.919279	-10.008724	-2.190853	 1.146982
-2.871463	-9.747918	-0.370275	-1.040584	-7.398454	-0.809217	-5.367280	-1.373768	-0.947002	-10.005868	-2.090129	 0.642246
-2.865808	-9.734075	-0.619393	-1.040941	-7.626325	-0.998298	-5.352192	-1.384553	-0.958914	-9.984434	-2.035788	 0.389878
-2.857260	-9.707714	-0.742215	-1.039037	-7.724552	-1.090464	-5.333973	-1.387155	-0.962929	-9.953791	-2.004655	 0.263695
-3.347288	-9.675170	-0.801895	-1.036010	-7.758019	-1.134182	-5.814232	-1.385676	-0.463002	-9.418623	-1.985141	 0.700603
-3.584628	-9.639613	-0.830013	-1.032431	-7.759170	-1.153685	-6.041773	-1.382169	-0.213039	-9.133272	-1.971453	 0.916782
-3.195654	-9.602626	-1.342355	-1.028584	-7.744225	-1.161090	-5.643005	-1.377657	-0.088057	-9.472901	-1.960693	 1.022605
-2.995553	-9.565002	-1.594817	-1.024611	-7.721294	-1.162456	-5.433132	-1.372655	-0.025566	-9.623091	-1.951413	 1.073260
-2.889912	-9.527135	-0.717353	-1.020583	-7.694432	-1.160811	-5.817749	-1.367419	 0.005679	-9.678639	-1.942889	 1.096340
-2.831523	-9.489223	-0.278621	-1.016536	-7.665666	-1.157670	-5.997653	-1.362077	 0.021302	-9.686944	-1.934759	 1.105641
-2.796782	-9.451364	-0.559256	-1.012488	-7.636009	-1.153791	-5.575250	-1.356692	 0.029113	-9.671707	-1.926840	 1.108061
-2.773888	-9.413608	-0.697893	-1.008447	-7.605967	-1.149551	-5.353743	-1.351297	 0.033019	-9.644775	-1.919043	 1.107051
-2.756939	-9.375978	-0.765538	-1.004417	-7.575795	-1.145141	-5.232725	-1.345908	 0.034972	-9.612073	-1.911322	 1.104333
-3.242984	-9.338486	-0.797695	-1.000402	-7.545618	-1.140654	-5.161992	-1.340532	 0.035948	-9.576564	-2.403654	 1.100771
-3.478549	-9.301138	-0.812113	-0.996401	-7.515498	-1.136138	-5.116443	-1.335174	 0.036436	-9.539727	-2.644028	 1.096796
-3.088903	-9.263937	-0.817669	-0.992416	-7.485467	-1.131617	-5.583527	-0.829835	 0.036681	-9.502303	-2.258446	 0.592623
-2.888681	-9.226883	-0.818801	-0.988447	-7.455541	-1.127103	-5.804968	-0.577166	 0.036803	-9.464661	-2.061910	 0.340536
-2.783194	-9.189976	-0.817727	-0.984493	-7.425727	-1.122600	-5.403635	-0.950831	 0.036864	-9.426986	-1.959911	 0.214493
-2.725094	-9.153216	-0.815557	-0.980555	-7.396028	-1.118113	-5.192965	-1.135015	 0.036894	-9.389370	-1.905195	 0.151471
-2.690711	-9.616604	-0.812845	-0.976633	-7.366446	-1.113642	-5.077665	-1.724468	 0.036909	-9.351858	-1.874137	 0.619960
-2.668206	-9.828137	-0.809869	-0.972727	-7.336981	-1.109188	-5.010090	-2.014567	 0.036917	-9.314474	-1.854921	 0.852028
-2.651663	-9.413825	-0.806767	-0.968836	-7.307634	-1.104751	-5.466417	-2.155007	 0.036921	-9.277227	-1.841642	 0.965893
-2.638121	-9.188670	-0.803608	-0.964960	-7.278403	-1.100333	-5.682736	-1.720636	 0.036923	-9.240124	-1.831346	 1.020667
-2.626101	-9.058165	-0.800428	-0.961100	-7.249290	-1.095931	-5.779097	-1.500878	 0.036924	-9.203166	-1.822556	 1.045902
-2.614862	-8.975057	-0.797244	-0.957256	-7.220293	-1.091548	-5.315526	-1.388437	 0.036924	-9.166355	-1.814533	 0.556378
-2.604036	-8.915720	-0.794063	-0.953427	-7.191411	-1.087181	-5.074037	-1.329665	 0.036924	-9.129691	-1.806909	 0.311616
-2.593436	-8.868338	-0.790891	-0.949613	-6.662646	-1.082833	-4.943628	-1.297737	 0.036924	-9.093172	-1.799498	 0.689235
-2.582971	-8.827005	-0.787730	-0.945815	-6.385995	-1.078501	-4.868796	-1.279241	 0.036925	-9.056800	-1.792208	 0.875911
-2.572593	-8.788768	-0.784580	-1.442032	-6.735451	-1.074187	-4.821793	-1.267472	 0.036925	-9.020573	-1.784994	 0.967123
-2.562280	-8.752148	-0.781442	-1.686263	-6.896009	-1.069891	-4.788742	-1.259076	 0.036925	-8.984490	-1.777831	 1.010613
-2.552019	-8.716407	-0.778317	-1.304518	-6.962175	-1.065611	-4.762704	-1.252376	 0.036925	-8.448552	-1.770708	 1.030250
-2.541805	-8.681175	-0.775204	-1.111800	-6.981202	-1.061349	-4.740213	-1.246535	 0.036925	-8.164758	-1.763620	 1.037968
-2.531635	-8.646267	-0.772103	-1.013603	-6.976714	-1.057103	-4.719531	-1.241133	 0.036925	-8.007099	-1.756562	 1.039736
-2.521507	-8.611590	-0.769015	-1.462674	-6.960526	-1.052875	-4.699793	-1.235961	 0.036925	-8.412571	-1.749535	 1.038537
-2.511421	-8.577098	-0.765939	-1.683386	-6.938544	-1.048663	-4.680564	-1.230913	 0.036925	-8.597670	-1.742536	 1.035863
-2.501375	-8.542767	-0.762875	-1.289933	-6.413719	-1.044469	-4.661626	-0.725937	 0.036925	-8.172655	-1.735565	 0.532459
-2.491369	-8.508584	-0.759823	-1.091414	-6.139529	-1.040291	-4.642872	-0.473450	 0.036925	-7.944652	-1.728623	 0.280758
-2.481403	-8.474544	-0.756784	-0.990369	-6.490703	-1.036130	-4.624247	-0.847206	 0.036925	-7.815217	-1.721708	 0.654907
-2.471478	-8.440643	-0.753757	-0.938067	-6.652607	-1.031985	-4.605723	-1.031642	 0.036925	-7.735128	-1.714821	 0.839923
-2.961592	-8.406879	-0.750742	-0.910145	-6.719929	-1.027857	-4.587287	-1.121428	-0.463075	-8.179773	-1.707962	 0.930381
-3.199745	-8.373251	-0.747739	-0.894420	-6.740016	-1.023746	-4.568931	-1.163898	-0.711149	-8.384847	-1.701130	 0.973569
-3.311946	-8.339758	-0.744748	-0.884800	-6.736540	-1.019651	-4.550652	-1.182721	-0.833268	-8.470204	-1.694326	 0.993129
-2.861199	-8.306399	-0.741769	-0.878239	-6.721335	-1.015572	-4.532447	-1.189729	-0.392416	-7.995772	-1.687548	 0.500884
-2.631004	-8.273173	-0.738802	-0.873216	-6.700320	-1.011510	-4.514317	-1.190840	-0.171990	-7.743513	-1.680798	 0.254761
-2.511105	-8.240080	-0.735847	-1.368967	-6.676455	-1.007464	-4.496259	-0.689011	-0.061778	-7.602401	-1.674075	 0.631700
-2.446373	-8.207120	-0.732903	-1.613114	-6.651216	-1.003434	-4.478274	-0.438097	-0.006671	-7.516922	-1.667379	 0.818152
-2.909244	-8.174291	-0.729972	-1.231473	-6.125345	-0.999420	-4.460361	-0.312639	 0.020882	-7.959320	-1.660709	 0.909369
-3.133935	-8.141594	-0.727052	-1.038952	-5.851211	-0.995423	-4.442519	-0.249911	 0.034659	-8.163715	-1.654066	 0.952976
-2.739563	-8.109028	-0.724144	-0.940999	-6.202990	-0.991441	-4.424749	-0.718547	 0.041547	-8.249177	-1.647450	 0.972787
-2.537687	-8.076592	-0.721247	-0.890337	-6.365769	-0.987475	-4.407050	-0.950490	 0.044991	-8.275238	-1.640860	 0.980707
-2.432077	-8.044285	-0.718362	-0.863326	-6.434102	-0.983525	-4.389422	-1.064097	 0.046713	-8.271667	-1.634297	 0.982689
-2.374619	-8.012108	-0.715489	-0.848148	-5.955264	-0.979591	-4.371864	-1.118545	 0.047574	-7.753344	-1.627760	 0.981711
-2.341256	-7.980060	-0.712627	-0.838893	-5.704892	-0.975673	-4.354377	-1.143423	 0.048005	-7.479713	-1.621248	 0.979261
-2.319959	-7.948139	-0.709776	-0.832606	-6.068797	-0.971770	-4.336959	-0.653525	 0.048220	-7.328486	-1.614764	 0.976082
-2.304713	-7.916347	-0.706937	-0.827810	-6.237884	-0.967883	-4.319611	-0.408577	 0.048328	-7.238517	-1.608304	 0.972547
-2.292511	-7.884681	-0.704109	-1.323766	-5.809613	-0.964011	-4.302333	-0.786102	 0.048382	-7.679236	-1.601871	 0.968841
-2.281849	-7.853143	-0.701293	-1.568105	-5.584715	-0.960155	-4.285124	-0.972538	 0.048408	-7.883355	-1.595464	 0.965058
-2.271976	-7.821730	-0.698488	-1.186649	-5.961547	-0.956315	-4.767983	-1.063438	 0.048422	-7.969240	-1.589082	 0.961244
-2.262515	-7.790443	-0.695694	-0.994311	-6.137286	-0.952490	-4.998911	-1.106579	 0.048429	-7.996072	-1.582726	 0.957422
-2.253279	-7.759281	-0.692911	-0.896538	-6.212529	-0.948680	-5.103916	-1.125850	 0.048432	-7.993443	-1.576395	 0.953604
-2.244172	-7.728244	-0.690139	-0.846054	-6.237575	-0.944885	-4.646000	-1.133195	 0.048434	-7.476146	-1.570089	 0.449795
-2.235149	-7.697331	-0.687379	-0.819221	-6.237573	-0.941105	-4.408666	-1.134587	 0.048435	-7.203580	-1.563809	 0.197891
-2.726185	-7.666542	-0.684629	-0.804219	-6.225097	-0.937341	-4.281656	-1.133011	 0.048435	-7.553435	-1.557553	 0.571939
-2.965269	-7.635876	-0.681891	-0.795140	-6.206434	-0.933592	-4.209842	-1.129960	 0.048435	-7.712556	-1.551323	 0.757071
-2.578402	-7.605332	-0.679163	-1.289029	-5.684726	-0.929857	-4.165659	-1.126181	 0.048435	-7.276373	-1.545118	 0.847752
-2.380585	-7.574911	-0.676447	-1.532407	-5.413547	-0.926138	-4.135324	-1.122046	 0.048435	-7.044601	-1.538938	 0.891216
-2.277312	-7.544611	-0.673741	-1.150545	-5.767672	-0.922433	-4.111947	-0.617743	 0.048435	-6.915090	-1.532782	 0.911079
-2.221327	-7.514433	-0.671046	-0.958076	-5.932491	-0.918743	-4.092081	-0.365592	 0.048435	-6.836763	-1.526651	 0.919148
-2.189003	-7.484375	-0.668362	-0.860311	-6.002706	-0.915068	-4.074004	-0.239516	 0.048435	-6.784082	-1.520544	 0.921329
-2.668528	-7.454438	-0.165688	-0.809903	-6.025668	-0.911408	-4.056854	-0.176478	 0.048435	-6.744279	-1.514462	 0.920572
-2.901995	-7.424620	 0.085649	-0.783180	-6.025051	-0.907763	-4.040199	-0.144959	 0.048435	-6.710969	-1.508404	 0.918354
-2.512457	-7.394921	-0.288683	-0.768305	-5.512694	-0.904132	-4.023825	-0.629200	 0.048435	-7.180958	-1.502370	 0.915412
-2.313442	-7.365342	-0.474523	-0.759361	-5.246515	-0.900515	-4.007622	-0.869093	 0.048435	-7.400651	-1.496361	 0.912117
-2.709706	-7.335880	-0.566122	-0.753388	-5.603465	-0.896913	-3.991539	-0.486822	 0.048435	-7.495257	-1.490375	 0.908651
-2.901626	-7.306537	-0.610606	-0.748907	-5.770019	-0.893325	-3.975546	-0.295686	 0.048435	-7.527380	-1.484414	 0.905108
-2.491399	-7.277311	-0.631538	-0.745178	-5.841423	-0.889752	-3.959630	-0.700118	 0.048435	-7.028323	-1.478476	 0.901533
-2.282123	-7.248202	-0.640699	-0.741830	-5.865299	-0.886193	-3.943785	-0.900125	 0.048435	-6.765735	-1.472562	 0.897950
-2.173340	-7.219209	-0.643980	-0.738679	-5.865459	-0.882648	-3.928006	-0.997928	 0.048435	-6.621436	-1.466672	 0.894370
-2.614819	-7.190332	-0.144326	-0.735633	-5.853807	-0.879118	-3.912293	-1.044639	 0.048435	-6.536331	-1.460805	 0.890798
-2.829446	-7.161571	 0.105501	-0.732644	-5.836297	-0.875601	-3.896643	-1.065811	 0.048435	-6.480877	-1.454962	 0.887238
-2.430671	-7.132924	-0.269585	-0.729691	-5.315905	-0.872099	-3.881056	-0.574223	 0.048435	-6.940299	-1.449142	 0.883690
-2.227220	-7.104393	-0.455839	-0.726761	-5.046118	-0.868610	-3.865531	-0.328429	 0.048435	-7.155210	-1.443346	 0.880156
-2.121447	-7.075975	-0.547682	-0.723848	-4.901671	-0.865136	-3.850069	-0.705532	 0.048435	-6.747926	-1.437572	 0.876636
-2.064529	-7.047671	-0.592324	-0.720950	-4.819934	-0.861675	-3.834669	-0.891919	 0.048435	-6.531602	-1.431822	 0.873130
-2.032055	-7.019480	-0.613371	-0.718064	-4.769588	-0.858229	-3.819330	-0.482955	 0.048435	-6.410810	-1.926095	 0.869637
-2.011818	-6.991403	-0.622626	-0.715192	-4.734977	-0.854796	-3.804053	-0.278473	 0.048435	-6.337834	-2.168390	 0.866159
-1.997717	-6.963437	-0.625990	-0.712330	-4.708271	-0.851377	-3.788837	-0.176232	 0.048435	-6.288816	-2.284717	 0.862694
-1.986699	-6.935583	-0.626413	-1.209481	-4.685555	-0.847971	-3.773681	-0.125112	 0.048435	-6.251827	-1.838078	 0.859243
-1.977239	-6.907841	-0.625371	-1.454643	-4.664871	-0.844579	-3.758586	-0.099552	 0.048435	-6.220903	-1.611976	 0.855806
-1.968573	-6.880209	-0.623601	-1.073824	-4.645241	-0.841201	-3.743552	-0.086772	 0.048435	-6.193061	-1.496153	 0.852383
-1.960320	-6.852689	-0.621472	-0.882029	-4.626174	-0.837836	-3.728578	-0.080382	 0.048435	-6.166810	-1.435481	 0.848974
-1.952290	-6.825278	-0.619170	-0.784751	-4.607427	-1.334485	-3.713664	-0.077187	 0.048435	-6.141403	-1.402395	 0.845578
-1.944386	-6.797977	-0.616784	-0.734737	-4.588876	-1.579147	-3.698809	-0.075589	 0.048435	-6.116468	-1.383114	 0.842195
-1.936561	-6.770785	-0.614363	-0.708360	-4.570460	-1.197830	-3.684014	-0.574790	 0.048435	-6.091817	-1.370745	 0.838827
-1.928792	-6.743702	-0.611928	-0.693808	-4.552148	-1.005539	-3.669278	-0.822243	 0.048435	-6.067357	-1.361844	 0.835471
-1.921065	-6.716727	-0.609492	-0.685174	-4.533924	-0.907767	-3.654601	-0.943830	 0.048435	-6.043042	-1.354688	 0.832129
-1.913374	-6.689860	-0.607060	-0.679503	-5.015780	-0.857261	-3.639982	-1.002493	 0.048435	-6.018846	-1.348415	 0.828801
-1.905718	-6.663101	-0.604634	-0.675320	-5.245714	-0.830394	-3.625422	-1.029702	 0.048435	-5.994759	-1.342594	 0.825486
-1.898094	-6.636448	-0.602217	-0.671887	-4.849729	-0.815354	-3.610921	-1.041192	 0.048435	-5.970775	-1.337010	 0.822184
-1.890500	-6.609902	-0.599809	-0.668833	-4.642829	-0.806233	-3.596477	-1.044832	 0.048435	-5.946889	-1.331555	 0.818895
-1.882938	-6.583463	-0.597410	-0.665974	-5.030507	-0.800078	-3.582091	-0.544555	 0.048435	-5.923100	-1.326175	 0.815619
-1.875406	-6.557129	-0.595021	-0.663219	-5.213510	-0.795413	-3.567763	-0.294417	 0.048435	-5.899407	-1.320844	 0.812357
-1.867904	-6.530900	-0.592641	-0.660520	-4.794218	-0.791499	-3.553492	-0.169348	 0.548435	-6.375809	-1.315547	 0.809107
-1.860433	-6.504777	-0.590270	-0.657855	-4.575823	-0.787967	-3.539278	-0.106813	 0.796338	-6.600305	-1.310278	 0.805871
-1.852991	-6.478758	-0.587909	-0.655212	-4.457910	-0.784632	-3.525120	-0.075546	 0.918202	-6.698904	-1.305034	 0.802648
-1.845579	-6.452843	-1.085558	-0.652586	-4.390274	-0.781402	-3.511020	-0.059912	 0.477053	-6.234608	-1.299812	 0.799437
-1.838197	-6.427031	-1.331215	-0.649973	-4.347810	-0.778230	-3.496976	-0.052095	 0.256479	-5.990920	-1.294612	 0.796239
-1.830844	-6.401323	-0.950891	-0.647371	-4.317968	-0.775095	-3.482988	-0.048187	 0.646192	-5.857581	-1.289433	 0.793054
-1.823521	-6.375718	-0.759587	-0.644781	-4.294470	-0.771983	-3.469056	-0.046232	 0.838976	-5.779463	-1.284275	 0.789882
-1.816226	-6.350215	-0.662799	-0.642202	-4.774180	-0.768889	-3.455180	-0.045255	 0.433305	-5.729002	-1.279138	 0.286723
-1.808962	-6.324814	-0.613272	-0.639633	-5.003526	-0.765811	-3.441359	-0.044767	 0.230469	-5.692414	-1.274021	 0.035143
-1.801726	-6.299515	-0.087382	-0.637074	-4.607734	-0.762746	-3.427594	-0.544523	 0.129052	-6.162808	-1.268925	 0.409353
-1.794519	-6.274317	 0.175563	-0.634526	-4.401414	-0.759694	-3.413883	-0.792312	 0.078343	-6.384739	-1.263849	 0.594891
-1.787341	-6.249220	 0.307036	-0.631988	-4.289864	-0.756655	-3.400228	-0.914126	 0.052988	-6.482491	-1.258794	 0.686099
-1.780191	-6.224223	-0.127228	-0.629460	-4.225732	-0.753628	-3.386627	-0.472962	 0.540311	-6.018206	-1.253759	 0.730148
-1.773071	-6.199326	-0.343236	-0.626942	-4.185343	-0.750614	-3.373080	-0.252379	 0.781917	-5.774956	-1.248744	 0.750625
-1.765978	-6.174528	-0.450122	-0.624434	-4.156859	-0.747611	-3.359588	-0.142088	 0.900673	-6.142268	-1.243749	 0.759321
-1.758914	-6.149830	-0.502451	-0.621936	-4.134360	-0.744621	-3.346150	-0.086943	 0.958012	-6.312905	-1.238774	 0.762133
-2.251879	-6.125231	-0.527506	-0.619449	-4.114886	-0.741642	-3.332765	-0.559370	 0.984651	-5.885256	-1.233819	 0.762009
-2.492871	-6.100730	-0.538929	-0.616971	-4.096959	-0.738676	-3.319434	-0.793520	 0.995948	-5.660516	-1.228884	 0.760423
-2.607900	-6.076327	-0.543539	-0.614503	-4.079837	-0.735721	-3.306156	-0.408539	 0.499582	-5.537275	-1.223968	 0.758112
-2.659968	-6.052022	-0.544748	-0.612045	-4.063151	-0.732778	-3.292932	-0.216049	 0.251399	-5.464826	-1.219072	 0.755446
-2.680578	-6.027814	-0.544261	-0.609597	-4.046715	-0.729847	-3.279760	-0.119804	 0.127307	-5.417817	-1.214196	 0.752607
-2.685481	-6.003703	-0.542929	-0.607158	-4.530436	-0.726928	-3.266641	-0.071682	 0.565262	-5.383571	-1.209339	 0.749688
-2.682552	-5.979688	-0.541180	-0.604730	-4.762269	-0.724020	-3.253574	-0.047620	 0.782232	-5.355749	-1.204502	 0.746734
-2.175728	-5.955769	-0.539227	-0.602311	-4.868197	-0.721124	-3.240560	-0.535590	 0.888719	-5.331182	-1.199684	 0.743770
-1.918978	-5.931946	-0.537176	-0.599902	-4.911212	-0.718239	-3.227598	-0.777527	 0.939972	-5.308286	-1.194885	 0.740807
-1.787278	-6.908218	-0.535080	-0.597502	-4.422812	-0.715366	-3.214687	-0.396457	 0.463616	-5.286267	-1.190105	 0.737849
-1.718118	-7.380585	-0.532966	-0.595112	-4.170743	-0.712505	-3.201829	-0.205922	 0.225438	-5.264729	-1.185345	 0.734901
-1.680239	-6.601063	-0.530848	-0.592731	-4.036871	-0.709655	-3.189021	-0.610655	 0.106349	-5.243473	-1.180604	 0.731962
-1.658015	-6.199659	-0.528731	-0.590361	-3.962129	-0.706816	-3.176265	-0.810990	 0.046805	-5.222401	-1.175881	 0.729035
-1.643632	-5.987360	-0.526619	-1.087999	-3.916983	-0.703989	-3.163560	-0.409135	 0.017033	-5.201462	-1.171178	 0.726120
-1.633182	-5.869661	-0.524514	-1.333647	-3.886667	-0.701173	-3.150906	-0.208208	 0.002147	-5.180632	-1.166493	 0.723215
-1.624711	-5.799307	-0.522417	-1.453312	-3.863796	-0.698368	-3.138302	-0.107744	-0.005297	-5.159897	-1.161827	 0.720323
-1.617243	-5.752672	-0.520328	-1.009999	-3.844678	-0.695575	-3.625749	-0.057512	-0.009018	-5.639251	-1.157180	 0.717441
-1.610290	-5.717943	-0.518247	-0.787209	-3.827468	-0.692793	-3.861246	-0.032396	-0.010879	-5.866691	-1.152551	 0.714572
-2.103606	-5.689212	-0.516174	-0.674685	-4.311243	-0.690022	-3.470801	-0.019838	-0.011809	-5.468223	-1.647941	 0.711713
-2.345071	-5.663525	-0.514109	-0.617299	-4.543540	-0.687261	-3.269418	-0.013559	-0.012274	-5.258849	-1.891349	 0.708866
-2.460630	-5.639406	-0.512053	-0.587486	-4.650137	-0.684512	-3.162590	-0.010420	-0.012507	-5.644064	-1.508784	 0.706031
-2.513257	-5.616116	-0.510005	-0.571464	-4.693922	-0.681774	-3.103065	-0.008850	-0.012623	-5.824612	-1.315248	 0.703207
-2.034439	-5.593285	-0.507965	-0.562343	-4.206339	-0.679047	-3.067215	-0.508065	 0.487319	-5.402876	-1.216237	 0.700394
-1.791919	-5.570729	-0.505933	-0.556675	-3.955110	-0.676331	-3.043227	-0.755658	 0.735315	-5.182046	-1.164498	 0.697592
-1.667560	-5.548355	-0.503909	-0.552740	-3.822088	-0.673626	-3.025195	-0.877448	 0.857347	-5.061708	-1.136402	 0.694802
-1.602294	-5.526115	-0.501893	-0.549674	-3.748199	-0.670931	-3.010165	-0.936345	 0.416404	-4.991657	-1.120138	 0.692023
-1.566587	-5.503988	-0.500886	-0.547048	-3.703906	-0.668248	-2.996659	-0.963802	 0.195932	-4.946788	-1.109798	 0.689255
-1.545672	-5.481961	-0.500382	-0.544646	-3.674440	-0.665575	-2.983940	-0.975549	 0.585696	-4.914549	-1.102429	 0.686498
-1.532164	-5.460027	-0.500130	-0.542361	-3.652417	-0.662912	-2.971638	-0.979447	 0.778628	-4.888666	-1.096554	 0.683752
-1.522374	-5.438184	-0.500004	-1.040138	-3.634145	-0.660261	-2.959569	-0.979430	 0.373150	-4.865998	-1.091436	 0.681017
-1.514453	-5.416430	-0.499941	-1.285951	-3.617777	-0.657620	-2.947639	-0.977462	 0.170411	-4.844978	-1.086704	 0.678293
-1.507480	-5.394764	-0.499909	-0.905794	-3.602390	-0.654989	-2.935802	-0.474528	 0.069042	-4.824820	-1.082174	 0.675579
-1.500992	-5.373184	-0.499894	-0.714664	-3.587523	-0.652369	-2.924036	-0.223060	 0.018357	-4.805131	-1.077754	 0.672877
-1.494759	-5.351691	-0.499886	-0.618052	-3.572944	-0.649760	-2.912329	-0.097327	-0.006985	-4.785716	-1.073397	 0.670186
-1.488666	-5.330284	-0.499882	-0.568703	-3.558537	-0.647161	-2.900674	-0.534460	-0.019656	-5.266476	-1.069080	 0.667505
-1.482654	-5.308963	-0.499880	-0.542990	-3.544246	-0.644572	-2.889068	-0.751083	-0.025992	-5.495362	-1.064793	 0.664835
-1.476694	-5.287727	-0.499879	-0.529099	-3.530040	-0.641994	-3.377510	-0.857459	-0.029160	-5.098356	-1.060528	 0.662176
-1.470773	-5.266576	-0.499878	-0.521123	-3.515906	-0.639426	-3.614000	-0.908720	-0.030744	-4.890450	-1.056283	 0.659527
-1.464883	-5.245510	-0.499878	-0.516108	-4.001835	-0.636868	-3.224543	-0.932430	 0.468464	-5.277132	-1.052056	 0.656889
-1.459020	-5.224528	-0.499878	-0.512579	-4.235824	-0.634320	-3.024145	-0.942373	 0.716133	-5.459146	-1.047847	 0.654261
-1.453182	-5.203630	-0.499878	-0.509796	-3.843879	-0.631783	-3.418298	-0.945440	 0.838040	-5.038870	-1.043655	 0.651644
-1.447369	-5.182815	-0.499878	-0.507391	-3.641003	-0.629256	-3.607750	-0.945076	 0.897073	-4.819495	-1.039481	 0.649038
-1.441579	-5.162084	-0.499878	-0.505178	-3.532688	-0.626739	-3.694882	-0.943005	 0.924678	-4.700607	-1.035323	 0.646441
-1.435812	-5.141436	-0.499878	-0.503066	-3.971682	-0.624232	-3.230883	-0.940088	 0.436576	-4.632000	-1.031181	 0.643856
-1.430069	-5.120870	-0.499878	-0.501008	-4.182358	-0.621735	-2.993350	-0.936754	 0.192524	-4.588570	-1.027057	 0.641280
-1.424348	-5.100387	-0.499878	-0.499979	-3.778910	-0.619248	-2.869072	-0.933221	 0.070499	-4.557764	-1.022948	 0.638715
-1.418651	-5.079985	-0.499878	-0.499464	-3.570435	-0.616771	-2.801444	-0.929595	 0.009486	-4.533307	-1.018856	 0.636160
-1.412976	-5.059665	-0.499878	-0.499207	-3.459473	-0.614304	-2.762162	-0.925930	-0.021020	-5.012061	-1.014781	 0.633616
-1.407324	-5.039426	-0.499878	-0.499079	-3.397296	-0.611847	-2.737075	-0.922253	-0.036273	-5.240457	-1.010722	 0.631081
-1.901695	-5.019269	 0.000122	-0.499014	-3.859536	-0.609400	-2.719108	-0.418577	-0.043900	-5.343717	-1.006679	 0.628557
-2.144088	-4.999192	 0.249122	-0.498982	-4.082013	-0.606962	-2.704722	-0.166739	-0.047713	-5.384453	-1.002652	 0.626043
-2.260512	-4.979195	 0.373622	-0.498966	-4.184643	-0.604534	-2.692148	-0.040821	-0.049620	-5.393970	-0.998642	 0.623538
-1.813970	-4.959278	-0.064128	-0.498958	-3.727383	-0.602116	-2.680502	-0.477861	-0.050573	-4.887922	-0.994647	 0.621044
-1.587964	-4.939441	-0.281999	-0.498954	-3.492213	-0.599708	-2.669341	-0.694552	-0.051050	-4.626134	-0.990669	 0.618560
-1.472237	-4.919683	-0.390935	-0.498952	-3.868114	-0.597309	-2.658445	-0.801074	-0.051288	-4.486512	-0.986706	 0.616086
-1.411661	-4.900005	-0.445403	-0.498951	-4.047576	-0.594919	-2.647701	-0.852521	-0.051408	-4.408007	-0.982759	 0.613622
-1.378670	-4.380405	-0.472637	-0.498950	-3.628853	-0.592540	-2.637055	-0.376436	-0.051467	-4.360095	-0.978828	 0.611167
-1.359484	-4.112883	-0.486254	-0.498950	-3.413071	-0.590170	-2.626480	-0.138393	-0.051497	-4.327515	-0.974913	 0.608722
-1.347210	-4.471431	-0.493062	-0.498950	-3.798786	-0.587809	-2.615960	-0.019372	-0.051512	-4.302635	-0.971013	 0.606287
-1.338403	-4.641046	-0.496467	-0.498950	-3.983274	-0.585458	-2.605490	 0.040139	-0.051519	-4.281640	-0.967129	 0.603862
-1.331341	-4.716231	-0.498169	-0.498950	-3.567183	-0.583116	-2.595064	 0.069894	-0.051523	-4.262621	-0.963260	 0.601447
-1.325161	-4.744242	-0.499020	-0.498950	-3.352835	-0.580783	-2.584682	 0.084772	-0.051525	-4.244624	-0.959407	 0.599041
-1.319433	-4.748702	-0.499445	-0.498950	-3.239384	-0.578460	-2.574343	 0.092210	-0.051526	-4.227172	-0.955570	 0.596645
-1.313941	-4.741426	-0.499658	-0.498950	-3.176407	-0.576146	-2.564045	-0.404070	-0.051526	-4.710027	-0.951748	 0.594258
-1.308579	-4.728320	-0.499764	-0.498950	-3.138691	-0.573842	-2.553788	-0.650410	-0.051526	-4.941069	-0.947941	 0.591881
-1.303291	-4.712336	-0.499818	-0.498950	-3.113632	-0.571546	-3.043573	-0.271786	-0.051527	-4.546245	-0.944149	 0.589514
-1.298051	-4.694952	-0.499844	-0.498950	-3.094925	-0.569260	-3.281399	-0.082474	-0.051527	-4.340531	-0.940372	 0.587156
-1.292846	-4.676904	-0.499857	-0.498950	-3.079419	-0.566983	-2.893273	 0.012182	 0.448473	-4.229404	-0.936611	 0.584807
-1.287668	-4.658563	-0.499864	-0.498950	-3.065538	-0.564715	-2.694200	 0.059510	 0.696576	-4.165604	-0.932864	 0.582468
-1.282514	-4.640112	-0.499867	-0.998950	-3.052494	-0.562456	-2.589673	 0.083174	 0.318739	-4.125500	-0.929133	 0.580138
-1.277382	-4.621643	-0.499869	-1.245952	-3.039893	-0.560207	-2.532440	 0.095006	 0.129820	-4.097278	-0.925416	 0.577817
-1.272272	-4.603202	-0.499870	-1.366467	-3.027538	-0.557966	-2.498872	 0.100922	 0.035360	-4.075028	-0.921715	 0.575506
-1.267182	-4.584812	-0.499870	-0.923751	-3.015331	-0.555734	-2.477158	 0.103880	 0.488130	-4.055798	-0.918028	 0.573204
-1.262113	-4.566484	-0.499871	-0.702393	-3.003220	-0.553511	-2.461390	 0.105359	 0.712634	-4.038110	-0.914356	 0.570911
-1.257065	-4.548224	-0.499871	-0.591713	-3.491183	-0.551297	-2.448615	-0.393902	 0.323011	-4.021225	-0.910698	 0.568628
-1.252036	-4.530034	-0.499871	-0.536374	-3.727206	-0.549092	-2.437355	-0.641746	 0.128200	-4.004773	-0.907055	 0.566353
-1.747028	-4.511915	-0.499871	-0.508704	-3.337291	-0.546895	-2.426874	-0.263889	 0.530794	-4.488571	-0.903427	 0.564088
-1.990040	-4.493868	-0.499871	-0.494869	-3.136439	-0.544708	-2.416800	-0.074960	 0.730225	-4.720525	-0.899813	 0.561831
-1.607080	-4.475893	-0.499871	-0.487952	-3.030142	-0.542529	-2.406950	-0.480496	 0.828080	-4.326598	-0.896214	 0.559584
-1.413151	-4.457990	-0.499871	-0.484493	-2.971145	-0.540359	-2.397230	-0.681492	 0.875157	-4.121768	-0.892629	 0.557346
-1.313749	-4.440158	-0.499871	-0.482764	-2.935823	-0.538197	-2.387596	-0.780224	 0.896850	-4.011520	-0.889059	 0.555116
-1.761619	-4.422397	-0.499871	-0.981899	-2.912361	-0.536045	-2.878022	-0.827833	 0.405860	-3.948593	-0.885503	 0.552896
-1.981135	-4.404708	-0.499871	-1.228505	-2.894852	-0.533900	-3.116499	-0.849886	 0.160365	-3.909358	-0.881961	 0.550684
-1.586492	-4.387089	-0.499871	-0.848857	-2.880343	-0.531765	-2.729027	-0.359169	 0.037617	-3.882001	-0.878433	 0.548482
-1.386786	-4.369541	-0.499871	-0.659034	-2.867356	-0.529638	-2.530608	-0.113811	-0.023757	-3.860612	-0.874919	 0.546288
-1.284559	-4.352062	-0.499871	-0.564122	-2.855155	-0.527519	-2.426734	-0.491131	-0.054444	-3.842240	-0.871419	 0.544103
-1.231081	-4.334654	-0.499871	-0.516666	-2.843368	-0.525409	-2.370152	-0.678055	-0.069787	-3.825406	-0.867934	 0.541926
-1.201987	-4.317316	-0.499871	-0.492938	-2.831811	-0.523308	-2.337233	-0.769787	 0.422541	-3.809372	-0.864462	 0.539758
-1.185094	-4.300046	-0.499871	-0.481074	-2.820392	-0.521214	-2.316165	-0.813929	 0.666876	-3.793768	-0.861004	 0.537599
-1.174311	-4.282846	-0.499871	-0.475142	-2.809065	-0.519129	-2.301041	-0.834285	 0.787220	-3.778410	-0.857560	 0.535449
-1.166593	-4.265715	 0.000129	-0.472176	-2.797806	-0.517053	-2.288907	-0.342753	 0.845578	-3.763205	-0.854130	 0.533307
-1.160416	-4.248652	 0.249129	-0.470693	-2.786603	-0.514985	-2.278287	-0.096987	 0.872948	-3.748106	-0.850713	 0.531174
-1.655019	-4.231657	-0.126371	-0.469951	-3.275451	-0.512925	-2.268441	-0.474104	 0.384833	-3.733091	-0.847310	 0.529049
-1.898021	-4.214731	-0.313117	-0.469581	-3.512346	-0.510873	-2.259001	-0.660960	 0.140776	-3.718147	-0.843921	 0.526933
-1.515240	-4.197872	-0.906491	-0.469395	-3.123296	-0.508830	-2.249782	-0.752693	 0.018747	-3.703269	-0.840546	 0.524825
-1.321585	-4.181080	-1.200177	-0.469302	-2.923302	-0.506794	-2.240691	-0.796870	-0.042268	-3.688453	-0.837183	 0.522726
-1.722501	-4.164356	-0.844033	-0.469256	-3.317858	-0.504767	-2.231683	-0.317277	 0.427225	-3.673698	-0.833835	 0.520635
-1.918713	-4.147699	-0.665961	-0.469233	-3.507711	-0.502748	-2.222733	-0.077480	 0.660178	-3.659002	-0.830499	 0.518553
-2.012589	-4.131108	-0.576925	-0.469221	-3.595243	-0.500737	-2.213831	 0.042418	 0.774868	-3.644366	-0.827177	 0.516478
-1.555314	-4.114583	-0.532407	-0.469216	-3.131643	-0.499732	-2.204970	-0.397632	 0.330434	-3.629788	-0.823869	 0.514412
