-1.609928	-4.354153	-0.557917	-0.828613	-3.386287	-0.858887	-2.422530	-0.039086	-0.014943	-4.187949	-1.267352	-0.044009
-1.603488	-4.336737	-0.555685	-0.825312	-3.372742	-0.855451	-2.412828	 0.022400	-0.014943	-4.358709	-1.074782	-0.044009
-1.597074	-4.319390	-0.553462	-0.822018	-3.359251	-0.852030	-2.903171	-0.446857	-0.014943	-3.935030	-0.976733	-0.044009
-1.590686	-4.302112	-0.551249	-0.818734	-3.345814	-0.848622	-3.141556	-0.679654	-0.014943	-3.716168	-0.925951	-0.044009
-1.584323	-4.284904	-0.549044	-0.815461	-3.332431	-0.845227	-3.253988	-0.794227	-0.014943	-4.099742	-0.898810	 0.455991
-1.577986	-4.267764	-0.546847	-0.812200	-3.319101	-0.841846	-3.303471	-0.849696	-0.014943	-4.282562	-0.883496	 0.704079
-1.571674	-4.250693	-0.544660	-0.808951	-3.305825	-0.838479	-3.321507	-0.875620	-0.014943	-4.365042	-0.874103	 0.826219
-1.565387	-4.233690	-0.542481	-0.805716	-3.292602	-0.835125	-2.823846	-0.386779	-0.014943	-4.397387	-0.867677	 0.885392
-1.559125	-4.216756	-0.540311	-0.802493	-3.279431	-0.831784	-2.570363	-0.142359	-0.014943	-4.404700	-0.862741	 0.913089
-1.552889	-4.199889	-0.538150	-0.799283	-3.266314	-0.828457	-2.438988	-0.520148	-0.014943	-4.399532	-1.358558	 0.425056
-1.546677	-4.183089	-0.535998	-0.796086	-3.253248	-0.825143	-2.368685	-0.707247	-0.014943	-4.388159	-1.602757	 0.181040
-1.540491	-4.166357	-0.533854	-0.292902	-3.240235	-0.821843	-2.328937	-0.799008	-0.014943	-4.373720	-1.221163	 0.059032
-1.534329	-4.149691	-0.531718	-0.041309	-3.227274	-0.818555	-2.304484	-0.843107	-0.014943	-4.357781	-1.028687	-0.001972
-1.528191	-4.133093	-0.529591	-0.415513	-3.214365	-0.315281	-2.287698	-0.863382	-0.014943	-4.341128	-0.930776	 0.467526
-1.522079	-4.116560	-0.527473	-0.601036	-3.201508	-0.063644	-2.274763	-0.871752	-0.014943	-4.324153	-0.880155	 0.700401
-1.515990	-4.100094	-0.525363	-0.692224	-3.188702	 0.062174	-2.263772	-0.874177	-0.014943	-4.307051	-0.853186	 0.814971
-1.509926	-4.083694	-0.523262	-0.236251	-3.175947	-0.374916	-2.253771	-0.873636	-0.014943	-3.789920	-0.838049	 0.870398
-1.503887	-4.067359	-0.521169	-0.008265	-3.163243	-0.591838	-2.244282	-0.871620	-0.014943	-3.524809	-0.828834	 0.896259
-1.497871	-4.051089	-0.519084	-0.394272	-3.150590	-0.198681	-2.235069	-0.368872	 0.485057	-3.385734	-0.822588	 0.907346
-1.491880	-4.034885	-0.517008	-0.585715	-3.137988	-0.002102	-2.226010	-0.117498	 0.733087	-3.309703	-0.817832	 0.911052
-0.985912	-3.518745	-0.014939	-0.179882	-2.625436	 0.096187	-2.217047	 0.008188	 0.855140	-3.265220	-0.813828	 0.911076
-0.732928	-3.254670	 0.236095	 0.023035	-2.364934	 0.145331	-2.208149	 0.071032	 0.914212	-3.236538	-0.810206	 0.909266
-0.606436	-3.116652	 0.361612	 0.124493	-2.230474	 0.169904	-2.199302	 0.602454	 0.941801	-2.715780	-0.306782	 0.906546
-0.543190	-3.041685	 0.424370	 0.175222	-2.159053	 0.182190	-2.190497	 0.865897	 0.953657	-2.451012	-0.055070	 0.903378
-0.511567	-2.998268	 0.455749	 0.200587	-2.119166	 0.188333	-2.181732	 0.995360	 0.957654	-2.314255	 0.070786	 0.899994
-0.495756	-2.470650	 0.471439	 0.713269	-2.095065	 0.191405	-1.673003	 1.057841	 0.957729	-2.241522	 0.133714	 1.396508
-0.487850	-2.202955	 0.479284	 0.967158	-2.078872	 0.192940	-1.416310	 1.086842	 0.955851	-2.200817	 0.165178	 1.640979
-0.483897	-2.565237	 0.483206	 1.091661	-2.066650	 0.193708	-1.285644	 1.099110	 0.953004	-2.176145	 0.180910	 1.759444
-0.481921	-2.740523	 0.485167	 1.151480	-2.056430	 0.194092	-1.218001	 1.103022	 0.949681	-2.159506	 0.188776	 1.814921
-0.480933	-2.322334	 0.486148	 1.178967	-2.047228	 0.194284	-1.181879	 0.602763	 1.446126	-2.146901	 0.192709	 1.838918
-0.480439	-2.109432	 0.486638	 1.190297	-2.038551	 0.194380	-1.161527	 0.352634	 1.690463	-2.136329	 0.194676	 1.847191
-0.480192	-1.999187	 0.486883	 1.193559	-2.030153	 0.194428	-1.149068	 0.727570	 1.808763	-2.126792	 0.195659	 1.847617
-0.480068	-1.940287	 0.487006	 1.192796	-2.021910	 0.194452	-1.140566	 0.912833	 1.864058	-2.117789	 0.196150	 1.844133
-0.480006	-1.907075	 0.487067	 1.190031	-2.013761	 0.194464	-1.134050	 1.003268	 1.887867	-2.109070	 0.196396	 1.838710
-0.479975	-2.386720	 0.487098	 0.686274	-2.005676	 0.194470	-1.128537	 1.046298	 1.395948	-2.100510	 0.196519	 1.332332
-0.479960	-2.620811	 0.487113	 0.434395	-1.997638	 0.194473	-1.123535	 1.065634	 1.148181	-2.092046	 0.196581	 1.077491
-0.479952	-2.732146	 0.487121	 2.808456	-2.489640	-0.305525	-1.618797	 0.073133	 0.522496	-2.583646	-0.803389	 0.448426
-0.479948	-2.782127	 0.487125	 3.985121	-2.729677	-0.553914	-1.862199	-0.421280	 0.209654	-2.823296	-1.299767	 0.133893
-0.479946	-3.301453	-0.012873	 2.063130	-2.843757	-0.676503	-1.979690	-0.166654	 0.053233	-3.436995	-1.044363	 0.476626
-0.479945	-3.553474	-0.261847	 1.102135	-2.894881	-0.736200	-2.034240	-0.039342	-0.024978	-3.735744	-0.915084	 0.646354
-0.479945	-3.671874	 0.114688	 0.621637	-2.414551	-0.264456	-1.557338	 0.524315	 0.435917	-2.877049	-0.348872	 1.229586
-0.479945	-3.723493	 0.302956	 0.381388	-2.170517	-0.028584	-1.316726	 0.803967	 0.664571	-2.443665	-0.065767	 1.517577
-0.479945	-3.741753	 0.397090	 0.261264	-2.044647	 0.089351	-1.194268	 0.941626	 0.777111	-2.222952	 0.075786	 1.657961
-0.479945	-3.743363	 0.444156	 0.701202	-1.477875	 0.148319	-1.130895	 1.008297	 1.331602	-2.108591	 0.146563	 1.724556
-0.479945	-3.736677	 0.467690	 0.918888	-1.192667	 0.177803	-1.097074	 1.039482	 1.605075	-2.047422	 0.181951	 1.754271
-0.479945	-2.725875	-0.020543	 1.025458	-1.048248	 0.692545	-0.578037	 1.052934	 1.738055	-1.512865	 0.199645	 1.765561
-0.479945	-2.217043	-0.263642	 1.076479	-0.974230	 0.947502	-0.318518	 1.057527	 1.800803	-1.243630	 0.208492	 1.767652
 0.020056	-1.459211	 0.615821	 1.099735	-0.435421	 1.572575	 0.311241	 1.557699	 2.328449	-0.607064	 0.712916	 2.265158
 0.269015	-1.078893	 1.052563	 1.109117	-0.166017	 1.880716	 0.624239	 1.803669	 2.586560	-0.288781	 0.962693	 2.508386
 0.892459	 0.112664	 1.767955	 2.111571	 3.968686	 2.530409	 4.778863	 2.422555	 3.209927	 5.370361	 2.585156	 2.624497
 1.201150	 0.705834	 2.120684	 2.606569	 6.019830	 2.848896	 6.838309	 2.725915	 3.513943	 8.177873	 3.387973	 2.677071
 1.352475	 0.999821	 2.292102	 2.847866	 7.029260	 3.001804	 7.850236	 2.871537	 3.658316	 9.559658	 3.781000	 2.697898
 2.425130	 5.644227	 2.872884	 2.962336	 8.517898	 3.071949	 9.338475	 2.938313	 2.722896	 13.728667	 3.969165	 2.202875
 2.954462	 7.945852	 3.156368	 3.013417	 9.242204	 3.100737	 10.060941	 2.965691	 2.251612	 15.777377	 4.054933	 1.951947
 5.212160	 14.076170	 2.791230	 3.032829	 13.084424	 3.108872	 12.400607	 2.473394	 1.012409	 20.766080	 4.589535	-0.176918
 6.326070	 17.100916	 2.603809	 3.036430	 14.971680	 3.106706	 13.540960	 2.223283	 0.392807	 23.208921	 4.846588	-1.236740
 7.368145	 22.073038	 2.005265	 2.532150	 18.381591	 3.099413	 15.581774	 1.594282	-0.916993	 27.379039	 5.964908	-2.262057
 7.872362	 24.505008	 1.703180	 2.275955	 20.042963	 3.089583	 16.566935	 1.277850	-1.567440	 29.400999	 6.509901	-2.768141
 8.607717	 28.167120	 1.549335	 2.143818	 22.330240	 3.078508	 18.024412	 1.617712	-1.888228	 31.849133	 6.768288	-3.514635
 8.956709	 29.934517	 1.469622	 2.073726	 23.424644	 3.066836	 18.714186	 1.783727	-2.044203	 33.004606	 6.883428	-3.879359
 9.112593	 30.754812	 1.426986	 2.034673	 23.922808	 3.054889	 19.020266	 1.862835	-2.117791	 33.514022	 6.927001	-4.053234
 9.171998	 32.101809	 1.402899	 2.011155	 25.123048	 3.042830	 19.134653	 1.898506	-2.150202	 34.700683	 7.434846	-4.631716
 9.183238	 32.708410	 1.388098	 1.995421	 25.670521	 3.030739	 19.153348	 1.912472	-2.162042	 35.222239	 7.672883	-4.910537
 9.170469	 33.945080	 1.377950	 1.983594	 26.391822	 3.018656	 19.624352	 1.915603	-2.163615	 35.411529	 7.776080	-4.539569
 9.145769	 34.493052	 1.370141	 1.973737	 26.698246	 3.006602	 19.819663	 1.913331	-2.160070	 35.434973	 7.811920	-4.345748
 9.115177	 34.696956	 1.363512	 1.964881	 26.797449	 2.994585	 19.877288	 1.908373	-2.153985	 34.875778	 7.814144	-4.240533
 9.081712	 34.729106	 1.357484	 1.956541	 26.793257	 2.982612	 19.866231	 1.902087	-2.146647	 34.527547	 7.799624	-4.179655
 9.046883	 34.175658	 1.351766	 1.948475	 26.237583	 2.970684	 19.320993	 1.895152	-2.138699	 34.285073	 7.776793	-4.140979
 9.011444	 33.831690	 1.346216	 1.940560	 25.908382	 2.958803	 19.010822	 1.887908	-2.130464	 34.095751	 7.749870	-4.113436
 9.475773	 33.592731	 1.340759	 1.932738	 25.692623	 2.946968	 19.318335	 1.880525	-2.122102	 33.933277	 7.720963	-4.091493
 9.688057	 33.406543	 1.335360	 1.924977	 25.533790	 2.935181	 19.432840	 1.873087	-2.113693	 33.784498	 7.691125	-4.072382
 9.774398	 33.247009	 1.330001	 1.917262	 25.403623	 2.923440	 19.450998	 1.865637	-2.105278	 33.642838	 7.660883	-4.054720
 9.297847	 33.101067	 1.324672	 1.909586	 25.287993	 2.911746	 18.921138	 1.858196	-2.096877	 33.505005	 7.630501	-4.037815
 9.041929	 32.962186	 1.319369	 1.901944	 25.179833	 2.900099	 18.619426	 1.850773	-2.088499	 33.369354	 7.600110	-4.021321
 8.896398	 32.827098	 1.314089	 1.394334	 25.075610	 2.888499	 18.431934	 1.843375	-2.580150	 33.235062	 7.569775	-4.505064
 8.806131	 32.694171	 1.308831	 1.138756	 24.973556	 2.876945	 18.301700	 1.836005	-2.819832	 33.101714	 7.539528	-4.736958
 8.743566	 32.562584	 1.303596	 1.509200	 24.872785	 2.865437	 18.700239	 1.828662	-2.433554	 32.969103	 7.509387	-4.342967
 8.694921	 32.431929	 1.298381	 1.690663	 24.772856	 2.853975	 18.861312	 1.821348	-2.236321	 32.837125	 7.479357	-4.138074
 8.653306	 31.801999	 1.293187	 1.777650	 24.673546	 2.342560	 18.403803	 1.814063	-2.133626	 32.705725	 7.449444	-4.027761
 8.615275	 31.424690	 1.288014	 1.817415	 24.574742	 2.083189	 18.139156	 1.806807	-2.078216	 32.574877	 7.419648	-3.964770
 8.579105	 31.173941	 1.282862	 1.833583	 24.476388	 1.949857	 17.971084	 1.799580	-2.046466	 32.444564	 7.389971	-3.925470
 8.543935	 31.486720	 1.277731	 1.837967	 24.378456	 2.379557	 17.851441	 1.792381	-2.026562	 31.814780	 7.360411	-3.898048
 8.509332	 31.579510	 1.272620	 1.836474	 24.280928	 2.588789	 17.756157	 1.785212	-2.012596	 31.437518	 7.330970	-3.876596
 8.475081	 31.562561	 1.267529	 1.832058	 24.183797	 2.687809	 17.673193	 1.778071	-2.001616	 31.686766	 7.301646	-3.858160
 8.441074	 31.490995	 1.262459	 1.826195	 24.087059	 2.731745	 17.596530	 1.770959	-1.992145	 31.747518	 7.272440	-3.841262
 8.407256	 31.392373	 0.757409	 1.819622	 23.990709	 2.748162	 17.523159	 1.763875	-1.983444	 31.714278	 7.243350	-3.825164
 8.373600	 31.280474	 0.504885	 1.812710	 23.894745	 2.750841	 17.451574	 1.756819	-1.975144	 31.634295	 7.214376	-3.809498
 8.340092	 30.662188	 0.878622	 1.805642	 23.799166	 2.746674	 17.881022	 1.749792	-1.967060	 31.531195	 7.185519	-3.794076
 8.306725	 30.292957	 1.062986	 1.798511	 23.703969	 2.739105	 18.059124	 1.742793	-1.959100	 31.416789	 7.156777	-3.778809
 8.273495	 30.048494	 1.152673	 1.791363	 23.609153	 2.729857	 18.111701	 1.735822	-1.951218	 31.296982	 7.128150	-3.763648
 8.240399	 30.366655	 1.195032	 1.784221	 23.514716	 2.719792	 17.601661	 1.728878	-1.943390	 31.174723	 7.099637	-3.748570
 8.207437	 30.464365	 1.213737	 1.777095	 23.420657	 2.709341	 17.312458	 1.721963	-1.935605	 31.051489	 7.071239	-3.733564
 8.174607	 30.452096	 1.220625	 1.769992	 23.326975	 2.698717	 17.133810	 1.715075	-1.927857	 30.428016	 7.042954	-3.718624
 8.141908	 30.385082	 1.221613	 1.762915	 23.233667	 2.688029	 17.010575	 1.708215	-1.920143	 30.056670	 7.014782	-3.703747
 8.109340	 30.290939	 1.219662	 1.755865	 23.140732	 2.677330	 16.915183	 1.701382	-1.912461	 29.811626	 6.486723	-3.688931
 8.076903	 30.183474	 1.216252	 1.748842	 23.048169	 2.666647	 16.833848	 1.694576	-1.904810	 29.629971	 6.210776	-3.674174
 8.044595	 30.069589	 1.212120	 1.741847	 22.955977	 2.655994	 16.759675	 1.687798	-1.897191	 29.980247	 6.560933	-3.659477
 8.012417	 29.952736	 1.207639	 1.734880	 22.864153	 2.645377	 16.689218	 1.681047	-1.889602	 30.094724	 6.722189	-3.644839
 7.980367	 29.834637	 1.202992	 1.727941	 22.772696	 2.634799	 16.620752	 1.674323	-1.882043	 30.091544	 6.789050	-3.630260
 7.948446	 29.716155	 1.198272	 1.721029	 22.681605	 2.124261	 17.053414	 1.667625	-1.874515	 29.529777	 6.308769	-3.615738
 7.916652	 29.597718	 1.193524	 1.714145	 22.590879	 1.865765	 17.234773	 1.660955	-1.867017	 29.190958	 6.056971	-3.601276
 7.884985	 27.979541	 1.188773	 1.707288	 21.500515	 2.233302	 15.790620	 1.654311	-1.359549	 25.963844	 5.419462	-2.586870
 7.853446	 27.117730	 1.184030	 1.700459	 20.914513	 2.411869	 15.039851	 1.647694	-1.104111	 24.304814	 5.091144	-2.076523
 6.822032	 23.134313	 1.179299	 1.693657	 18.080855	 2.495972	 12.635888	 1.641103	-0.474694	 19.930007	 4.417459	-0.318217
 6.294744	 21.104302	 1.174585	 1.686883	 16.633532	 2.532863	 11.413443	 1.634539	-0.159986	 17.711493	 4.073129	 0.558056
 6.019565	 15.051148	 1.169888	 1.680135	 11.879498	 2.546169	 8.781838	 2.128001	 0.997368	 13.071250	 3.393506	 1.493324
 5.870486	 12.006575	 1.165209	 1.673415	 9.488230	 2.547703	 7.453735	 2.369489	 1.571736	 10.734267	 3.048267	 1.956101
 5.784504	 10.466365	 1.160549	 1.666721	 8.278402	 2.543372	 6.777433	 2.485011	 1.854627	 9.548980	 2.870242	 2.182651
 4.230116	 6.678407	 1.655907	 1.660054	 4.159351	 2.536128	 3.927079	 2.037571	 1.491798	 1.939610	 1.275845	 2.291108
 3.447571	 4.778648	 1.899283	 1.653414	 2.099825	 2.527448	 2.499749	 1.810670	 1.308126	-1.853736	 0.478646	 2.340537
 1.550968	-1.176990	 1.016686	 1.146800	-1.429938	 1.518071	-0.216061	 1.194053	 1.214040	-4.739115	 0.080047	 2.360472
 0.602667	-4.140543	 0.575388	 0.892213	-3.184900	 1.012365	-1.568102	 0.884589	 1.164758	-6.166555	-0.119253	 2.365679
-0.371484	-6.108112	 0.354738	 0.763644	-5.052501	 0.758499	-2.738283	 0.728707	 1.137886	-7.365087	-0.718903	 2.363540
-0.855868	-7.075745	 0.244414	 0.698090	-5.972461	 0.630556	-3.315556	 0.649620	 1.122228	-7.947226	-1.016091	 2.357748
-1.095380	-7.543475	 0.189251	 0.664047	-5.918657	 0.565580	-3.596407	 0.608936	 1.112185	-8.721237	-1.162058	 2.350148
-1.212466	-7.761317	 0.161670	 0.645766	-5.880025	 0.532090	-3.729078	 0.587457	 1.104960	-9.089251	-1.232426	 2.341663
-1.268349	-7.854280	 0.147880	 0.635371	-5.849026	 0.515346	-3.787690	 0.575586	 1.099152	-9.254344	-1.265004	 2.332754
-1.293643	-7.884867	 0.140984	 0.128923	-6.321891	 0.006973	-4.309303	 0.568523	 1.094061	-9.318052	-1.278698	 2.323652
-1.303652	-7.884329	 0.137537	-0.124301	-6.544733	-0.246210	-4.560448	 0.563868	 1.089338	-9.331142	-1.282960	 2.314472
-1.306029	-7.868293	 0.135813	 0.249087	-6.642619	-0.372802	-4.676397	 0.560422	 1.084807	-9.318999	-1.282517	 2.305271
-1.304601	-7.844571	 0.134951	 0.434536	-6.678082	-0.436098	-4.724787	 0.557586	 1.080381	-9.294314	-1.279731	 2.296079
-1.801280	-7.817067	 0.134520	 0.526021	-6.682386	-0.467746	-4.739436	 0.055058	 1.076016	-9.263432	-1.275784	 2.286909
-2.045024	-7.787737	 0.134304	 0.570528	-6.671164	-0.483570	-4.737252	-0.196206	 1.071690	-9.229525	-1.271267	 2.277768
-1.662318	-7.757555	 0.134197	 0.591551	-6.652234	-0.491482	-5.226690	-0.321838	 1.067393	-9.194181	-1.266475	 2.268661
-1.468406	-7.727009	 0.134143	 0.600838	-6.629502	-0.495438	-5.459977	-0.384654	 1.063118	-9.158191	-1.261556	 2.259588
-1.368901	-7.696343	 0.134116	 0.604261	-6.604922	-0.497416	-5.565234	-0.416062	 1.058862	-9.121952	-1.256583	 2.250550
-1.816610	-7.665679	 0.134102	 0.604757	-6.579472	-0.498405	-5.106521	 0.068234	 1.054626	-8.585661	-1.251593	 1.741549
-2.035936	-7.635077	 0.134096	 0.603795	-6.553639	-0.498899	-4.867869	 0.309277	 1.050406	-8.301417	-1.246605	 1.484583
-2.141088	-8.104567	 0.134092	 0.102108	-6.527666	-0.499146	-4.739285	 0.428698	 1.046204	-8.643260	-1.241628	 1.353644
-2.189172	-8.322163	 0.134091	-0.148735	-6.501677	-0.499270	-4.665771	 0.487312	 1.042019	-8.796212	-1.236666	 1.285730
-2.208739	-8.413882	 0.134090	-0.274157	-6.975731	-0.499332	-5.119830	 0.015527	 0.537851	-9.854789	-1.731721	 1.749337
-2.214066	-8.442731	 0.134089	-0.336868	-7.197858	-0.499363	-5.335711	-0.220365	 0.285767	-10.362251	-1.974796	 1.976715
-2.212291	-8.440212	 0.134089	 0.131777	-6.794082	-0.499378	-5.432549	-0.338312	 0.659725	-9.594243	-2.091897	 1.585995
-2.206982	-8.422077	 0.134089	 0.364898	-6.579413	-0.499386	-5.469909	-0.397285	 0.844637	-9.192586	-2.146030	 1.388245
-2.199925	-8.396201	 0.134089	 0.480263	-6.459349	-0.499390	-5.477574	-0.426771	 0.935034	-8.974176	-2.168696	 1.286989
-2.692010	-8.866523	-0.365911	-0.463246	-7.386639	-0.999392	-5.970437	-0.941514	 0.478181	-9.347459	-2.675646	 0.733990
-2.931685	-9.083010	-0.614179	-0.932187	-7.833655	-1.246394	-6.203941	-1.195974	 0.249755	-9.514659	-2.922756	 0.457490
-3.045179	-9.172655	-0.736588	-1.163855	-8.040603	-1.366908	-6.307819	-1.320302	 0.135542	-10.078896	-2.539971	 0.819240
-3.095609	-9.198952	-0.796075	-1.276898	-8.127581	-1.424190	-6.346934	-1.379577	 0.078435	-10.339728	-2.344264	 0.997753
-3.114532	-9.193651	-0.324107	-1.330640	-7.654641	-0.949869	-5.853719	-0.906337	 0.049882	-9.948943	-2.242114	 0.584657
-3.117726	-9.172623	-0.088123	-1.354742	-7.403808	-0.712708	-5.596391	-0.669717	 0.035605	-9.734434	-2.186759	 0.378109
-2.613082	-9.143806	 0.029869	-0.864035	-7.264085	-0.594127	-5.457049	-0.551407	 0.028467	-9.608139	-2.154818	 0.274835
-2.356543	-9.111168	 0.088865	-0.618682	-7.179975	-0.534837	-5.376742	-0.492252	 0.024898	-9.526029	-2.134602	 0.223198
-2.224073	-9.076692	 0.118363	-0.496005	-7.123728	-0.505192	-5.325996	-0.462675	 0.023113	-9.466085	-2.120266	 0.197380
-2.153655	-9.041369	 0.133112	-0.434667	-7.081470	-0.490369	-4.790073	 1.052114	 9.522221	-4.417301	 0.891115	 3.184470
-2.114280	-9.005696	 0.140486	-0.403998	-7.046262	-0.482958	-4.513603	 1.804375	 14.233732	-1.894172	 2.389000	 4.665673
-2.090442	-8.469919	 0.144173	 0.111337	-6.514637	-0.479252	-4.366893	 1.175392	 7.551597	-5.133866	 0.630169	 3.393980
-2.074390	-8.186162	 0.146017	 0.367751	-6.236858	-0.477400	-4.285098	 0.859807	 4.208791	-6.736965	-0.246990	 2.753889
-2.062247	-8.028479	 0.146939	-0.005291	-6.586050	-0.476473	-4.735794	 0.200927	 2.035656	-7.521835	-1.183321	 1.929616
-2.052076	-7.933896	 0.147400	-0.191811	-6.746776	-0.476010	-4.950769	-0.128513	 0.949088	-7.897657	-1.647247	 1.515269
-2.042906	-7.870926	 0.147630	-0.285072	-6.813323	-0.475778	-5.047925	-0.293234	 0.405804	-8.569020	-1.874987	 0.805893
-2.034254	-7.823825	 0.147745	-0.331702	-6.832838	-0.475663	-5.086213	-0.375594	 0.134162	-8.886221	-1.984652	 0.451206
-2.025877	-7.784721	 0.147803	-0.355017	-6.828890	-0.475605	-5.095108	-0.416774	-0.001659	-9.026415	-2.035296	 0.273862
-2.517653	-8.249678	-0.352168	-0.866675	-6.813266	-0.975576	-5.589347	-0.937364	-0.069569	-9.578179	-2.556446	 0.185190
-2.757522	-8.464727	-0.600449	-1.119747	-6.791859	-1.222610	-5.824300	-1.194743	-0.103524	-9.833801	-2.810866	 0.140854
-2.871462	-9.054892	-0.722893	-1.243537	-7.267615	-1.343188	-5.929658	-1.320528	-0.620502	-9.441433	-2.931945	 0.118686
-2.922461	-9.330684	-0.782424	-1.302698	-7.490006	-1.400550	-5.970266	-1.380528	-0.876716	-9.227151	-2.986379	 0.107602
-2.942014	-8.949367	-0.810505	-1.329554	-7.585776	-1.426314	-5.478549	-1.407647	-0.502557	-9.101984	-3.007514	 0.102060
-2.945867	-8.741573	-0.822869	-1.340270	-7.618299	-1.436293	-5.222717	-1.418337	-0.315477	-9.021447	-3.012024	 0.099289
-2.941894	-8.620608	-0.827380	-1.342925	-7.619258	-1.438389	-5.584867	-1.420824	-0.721938	-8.963297	-3.008246	 0.097903
-2.934032	-8.543126	-0.827972	-1.341562	-7.604498	-1.436557	-5.754048	-1.419221	-0.922911	-8.916411	-3.000349	 0.097211
-2.924249	-8.487454	-0.826611	-1.338200	-7.581938	-1.432771	-5.826792	-1.415584	-1.021150	-8.875229	-2.990415	 0.096864
-2.913528	-8.442755	-0.824280	-1.333849	-7.555539	-1.428020	-5.851365	-1.410942	-1.068031	-8.836970	-2.979487	 0.096691
-2.902362	-8.403609	-0.821470	-1.329015	-7.527281	-1.422798	-5.851900	-1.405808	-1.089241	-8.800243	-2.968086	 0.096604
-2.890997	-8.367307	-0.818428	-1.323950	-7.498155	-1.417352	-5.840462	-1.400440	-1.097625	-8.764353	-2.956472	 0.096561
-2.879555	-8.332494	-0.815276	-1.318779	-7.468653	-1.411805	-5.823085	-1.394965	-1.099606	-8.728951	-2.944775	 0.096540
-2.868097	-8.298492	-0.812076	-1.313567	-6.939024	-1.406219	-5.302785	-1.389449	-1.098392	-8.693863	-2.933061	 0.096529
-2.856656	-8.264962	-0.808858	-1.308344	-6.661391	-1.400625	-5.033070	-1.383923	-1.095592	-8.659001	-2.921361	 0.096523
-2.845244	-9.231734	-0.805638	-1.303126	-7.009807	-1.395038	-5.388686	-1.378404	-1.092006	-8.624322	-2.909692	 0.096521
-2.833871	-9.694723	-0.802423	-1.297921	-7.169298	-1.389465	-5.555006	-1.372898	-1.088036	-8.589803	-2.898061	 0.096519
-2.822539	-8.905902	-0.799217	-1.292733	-7.234386	-1.383911	-5.626723	-1.367410	-1.083883	-8.555433	-2.886473	 0.096519
-2.811251	-8.495258	-0.796022	-1.287564	-7.252331	-1.378377	-5.651184	-1.361943	-1.079647	-8.521206	-2.874929	 0.096518
-2.800007	-8.273766	-0.792839	-1.282415	-7.246763	-1.372865	-5.652064	-1.356496	-1.075378	-8.487118	-2.863430	 0.096518
-2.788807	-8.146916	-0.789668	-1.277286	-6.729497	-1.367374	-5.141198	-1.351071	-0.571101	-8.453169	-2.851977	 0.096518
-2.777652	-8.067451	-0.786510	-1.272177	-6.458439	-1.361905	-4.876504	-1.345666	-0.318963	-8.419355	-2.840569	 0.096518
-2.766542	-8.011742	-0.783364	-1.267089	-6.310536	-1.356457	-5.234933	-1.340284	-0.192894	-8.385677	-2.829207	 0.096518
-2.755476	-7.967976	-0.780231	-1.262020	-6.224259	-1.351031	-5.402961	-1.334923	-0.129859	-8.352135	-2.817890	 0.096518
-2.744454	-7.930244	-0.777110	-1.256972	-6.168844	-1.345627	-5.475833	-1.329583	-0.098342	-8.318726	-2.806619	 0.096518
-2.733476	-7.895593	-0.774001	-1.251944	-6.128910	-1.340245	-5.501172	-1.324265	-0.082583	-8.285451	-2.795392	 0.096518
-2.722542	-7.862546	-0.770905	-1.246937	-6.096765	-1.334884	-5.002788	-1.318968	-0.074704	-8.752309	-2.784211	 0.096518
-2.711652	-7.830363	-0.767822	-1.241949	-6.068563	-1.329544	-4.744588	-1.313692	-0.070764	-8.967300	-2.773074	 0.096518
-2.700805	-7.798676	-0.764750	-1.236981	-6.042382	-1.324226	-4.606515	-1.308437	-0.068794	-9.056431	-2.761982	 0.096518
-2.690002	-7.767298	-0.761691	-1.232033	-6.017259	-1.318929	-5.028541	-1.303203	-0.067809	-8.582705	-2.750934	 0.096518
-2.679242	-7.736137	-0.758645	-1.227105	-5.992713	-1.313653	-5.228653	-1.297991	-0.067317	-8.329624	-2.739930	 0.096518
-2.668525	-7.705147	-0.755610	-1.222197	-6.468503	-1.308399	-5.317852	-1.292799	-0.067071	-8.186931	-2.728970	 0.096518
-2.657851	-7.674303	-0.752588	-1.217308	-6.692510	-1.303165	-5.351637	-1.287627	-0.066948	-8.099495	-2.718054	 0.096518
-2.647220	-8.143595	-0.749577	-1.212438	-6.290680	-1.297953	-5.357759	-1.282477	-0.066886	-8.039754	-2.707182	 0.096518
-2.636631	-8.361015	-0.746579	-1.207589	-6.077988	-1.292761	-5.350092	-1.277347	-0.066855	-7.993923	-2.696353	 0.096518
-2.626084	-7.952568	-0.743593	-1.202758	-5.959911	-1.287590	-4.835574	-1.272238	-0.066840	-7.955111	-2.685568	 0.096518
-2.615580	-7.733256	-0.740618	-1.197947	-5.889189	-1.282439	-4.569672	-1.267149	-0.066832	-7.919873	-2.674826	 0.096518
-2.605118	-7.608572	-0.737656	-1.193156	-5.842191	-1.277310	-4.428114	-1.262080	-0.066828	-7.886484	-2.664126	 0.096518
-2.594697	-7.531263	-0.734705	-1.188383	-5.807102	-1.272200	-4.348762	-1.257032	-0.066827	-7.854084	-2.653470	 0.096518
-2.584318	-7.477700	-0.731766	-1.183629	-5.778013	-1.267112	-4.300547	-1.252004	-0.066826	-7.822240	-2.642856	 0.096518
-2.573981	-7.936070	-0.728839	-1.178895	-5.751971	-1.262043	-4.767935	-1.246996	-0.066825	-7.790738	-2.632285	 0.096518
-2.563685	-8.148466	-0.725924	-1.174179	-5.727498	-1.256995	-4.991158	-1.242008	-0.066825	-7.759468	-2.621755	 0.096518
-2.553430	-8.737943	-0.723020	-1.169483	-5.703855	-1.251967	-5.092341	-0.737040	-0.566825	-7.728377	-2.611268	 0.096518
-2.543217	-9.014026	-0.720128	-1.164805	-5.680674	-1.246959	-5.132545	-0.484556	-0.814691	-7.697437	-2.600823	 0.096518
-2.533044	-8.133488	-0.717248	-1.160145	-5.657768	-1.241971	-4.642302	-0.358314	-0.436499	-8.166633	-2.590420	 0.096518
-2.522912	-7.678713	-0.714379	-1.155505	-5.635045	-1.237003	-4.388876	-0.295193	-0.247403	-8.383960	-2.580058	 0.096518
-2.512820	-7.436877	-0.711521	-1.150883	-5.612459	-1.232055	-4.253893	-0.263632	-0.152855	-8.475421	-2.569738	 0.096518
-2.502769	-7.301569	-0.708675	-1.146279	-5.589986	-1.227127	-4.678163	-0.747852	-0.105581	-8.004018	-2.559459	 0.096518
-2.492758	-7.219583	-0.705840	-1.141694	-5.567615	-1.222219	-4.880093	-0.987498	-0.081944	-7.753251	-2.549221	 0.096518
-2.482787	-7.164314	-0.703017	-1.137127	-5.545339	-1.217330	-4.970894	-1.104866	-0.070126	-7.612862	-2.539024	-0.403482
-2.472855	-7.122462	-0.700205	-1.132579	-5.523155	-1.212460	-5.006171	-1.161106	-0.064216	-7.527723	-2.528868	-0.651675
-2.462964	-7.087375	-0.697404	-1.128049	-5.501061	-1.207611	-4.513727	-1.186791	-0.061262	-7.470268	-2.518753	-0.273972
-2.453112	-7.055727	-0.694615	-1.123536	-5.479056	-1.202780	-4.259462	-1.197209	-0.059784	-7.426715	-2.508678	-0.085120
-2.443300	-7.025854	-0.691836	-1.119042	-5.457139	-1.197969	-4.124320	-1.200002	-0.059046	-7.390173	-2.498643	 0.009305
-2.433527	-6.996926	-0.689069	-1.114566	-5.435310	-1.193177	-4.048770	-1.198994	-0.058676	-7.357194	-2.488649	 0.056518
-2.423792	-6.968526	-0.686312	-1.110108	-5.413569	-1.188404	-4.003049	-1.196093	-0.058492	-7.326056	-2.478694	 0.080125
-2.414097	-6.940446	-0.683567	-1.105667	-5.391915	-1.183651	-4.472273	-1.192257	-0.558399	-7.295897	-2.468779	 0.091928
-2.404441	-6.912581	-0.680833	-1.101245	-5.370347	-1.178916	-4.697003	-1.187962	-0.806237	-7.266287	-2.458904	 0.097830
-2.394823	-6.884879	-0.678110	-1.096840	-5.348866	-1.174201	-4.299524	-0.683447	-0.428047	-7.237008	-2.449068	 0.100780
-2.385244	-6.857314	-0.675397	-1.092452	-5.327470	-1.169504	-4.092980	-0.431189	-0.238952	-7.207953	-2.439272	 0.102256
-2.375703	-6.829872	-0.672696	-1.088083	-5.306160	-1.164826	-3.981936	-0.805061	-0.144405	-7.179068	-2.429515	 0.102994
-2.366200	-6.802546	-0.670005	-1.083730	-5.284936	-1.160166	-3.918672	-0.989638	-0.097131	-7.150325	-2.419797	 0.103362
-2.356735	-6.775332	-0.667325	-1.079395	-5.263796	-1.155526	-4.379329	-1.079579	-0.073494	-7.121710	-2.410118	 0.103547
-2.347308	-6.748229	-0.664656	-1.075078	-5.242741	-1.150904	-4.599977	-1.122210	-0.061676	-7.093217	-2.400477	 0.103639
-2.337919	-6.721236	-0.661997	-1.070777	-5.221770	-1.146300	-4.700660	-1.141196	-0.055767	-7.064840	-2.390875	 0.103685
-2.328567	-6.694350	-0.659349	-1.066494	-5.200883	-1.141715	-4.241399	-1.148368	-0.052812	-7.036579	-2.381312	 0.103708
-2.319253	-6.667573	-0.656712	-1.062228	-5.180079	-1.137148	-4.004204	-1.149644	-0.051335	-7.008432	-2.371787	 0.103720
-2.309976	-6.640902	-0.654085	-1.057979	-5.159359	-1.132599	-3.878073	-1.147979	-0.050596	-6.980398	-2.362300	 0.103725
-2.300736	-6.614339	-0.651468	-1.053748	-5.138721	-1.128069	-3.807503	-1.144855	-0.050227	-6.952476	-2.352850	 0.103728
-2.291533	-7.087881	-0.648862	-1.049533	-5.118166	-1.123557	-3.764745	-0.641009	-0.550042	-7.424666	-2.343439	 0.103730
-2.282367	-7.309530	-0.646267	-1.045334	-5.097694	-1.119062	-3.735921	-0.389086	-0.797850	-7.644968	-2.334065	 0.103731
-2.273238	-6.905292	-0.643682	-1.041153	-5.577303	-1.114586	-3.714095	-0.763124	-0.419663	-7.239388	-2.324729	 0.103731
-2.264145	-6.690170	-0.641107	-1.036988	-5.804994	-1.110128	-3.695798	-0.947869	-0.230569	-7.022930	-2.315430	 0.103731
-2.255088	-6.569660	-0.638543	-1.032840	-5.906774	-1.105687	-3.679294	-1.037977	-0.136022	-6.901088	-2.306168	 0.103731
-2.246068	-6.496506	-0.635989	-1.528709	-5.445647	-1.101265	-3.663717	-1.080774	-0.088749	-6.826609	-2.296944	 0.103731
-2.237084	-6.447083	-0.633445	-1.772594	-5.205114	-1.096860	-3.648632	-1.099926	-0.065112	-6.775865	-2.287756	 0.103731
-2.228135	-6.409576	-0.630911	-1.390504	-5.074919	-1.092472	-4.133822	-0.607263	-0.053294	-6.737043	-2.278605	 0.103731
-2.219223	-6.378078	-0.628387	-1.197442	-4.999931	-1.088102	-4.367179	-0.360932	-0.047385	-6.704235	-2.269490	 0.103731
-2.710346	-6.349636	-0.625874	-1.098902	-4.952588	-1.083750	-4.474657	-0.737767	-0.544430	-6.674489	-2.260412	 0.103731
-2.949504	-6.322772	-0.623370	-1.047632	-4.919106	-1.079415	-4.519231	-0.923955	-0.790870	-6.646326	-2.251371	 0.103731
-2.562706	-6.296749	-0.620877	-1.020003	-4.892593	-1.075097	-4.032391	-1.014828	-0.912015	-6.619008	-2.242365	 0.103731
-2.364956	-6.271196	-0.618393	-1.004205	-4.869605	-1.070797	-3.781880	-1.058054	-0.970521	-6.592166	-2.233396	 0.103731
-2.261746	-6.245928	-0.615920	-0.994329	-4.848418	-1.066514	-4.149561	-0.577464	-0.497716	-6.565614	-2.224462	 0.103731
-2.205824	-6.220853	-0.613456	-0.987422	-4.828170	-1.062248	-4.324368	-0.337169	-0.261314	-6.539260	-2.215564	 0.103731
-2.173563	-6.195923	-0.611002	-0.982007	-4.808430	-1.057999	-4.402773	-0.217022	-0.143113	-6.513057	-2.206702	 0.103731
-2.153150	-6.671117	-0.608558	-0.977347	-4.788982	-1.053767	-4.433013	-0.656948	-0.084012	-6.486982	-2.197875	 0.103731
-2.138678	-6.894421	-0.606124	-0.973071	-4.769719	-1.049552	-4.439206	-0.874717	-0.054462	-6.461023	-2.189084	 0.103731
-2.127194	-6.491837	-0.603699	-0.968996	-4.750587	-1.045353	-3.933412	-0.481417	-0.039687	-6.435173	-2.180328	 0.103731
-2.117220	-6.278367	-0.601285	-0.965028	-4.731558	-1.041172	-3.673660	-0.284767	-0.032299	-6.409429	-2.171606	 0.103731
-2.608019	-6.159502	-0.598879	-0.961122	-4.712619	-1.037007	-4.036956	-0.186442	-0.028605	-6.383790	-2.162920	 0.103731
-2.847220	-6.087989	-0.596484	-0.957255	-4.693761	-1.032859	-4.209803	-0.137279	-0.026758	-6.358254	-2.154268	 0.103731
-2.460648	-6.040199	-0.594098	-0.953414	-4.674983	-1.028728	-3.787462	-0.612698	-0.025835	-6.332821	-2.145651	 0.103731
-2.263214	-6.004319	-0.591722	-0.949595	-4.656281	-1.024613	-3.569561	-0.848231	-0.025373	-6.307490	-2.137068	 0.103731
-2.160366	-5.974442	-0.589355	-0.945794	-4.637655	-1.020514	-3.453907	-0.963830	-0.025142	-6.282260	-2.128520	 0.103731
-2.104826	-5.947615	-0.586997	-0.942009	-4.619104	-1.016432	-3.389404	-1.019471	-0.025027	-6.257130	-2.120006	 0.103731
-2.072958	-5.922360	-0.584649	-0.938240	-4.600628	-1.012367	-3.350502	-1.045141	-0.024969	-6.232102	-2.111526	 0.103731
-2.052942	-6.397938	-0.582311	-0.934487	-4.582225	-1.008317	-3.824428	-1.055834	-0.524940	-6.207174	-2.103080	 0.103731
-2.038868	-6.621980	-0.579981	-0.930749	-4.563896	-1.004284	-4.052794	-1.059048	-0.772876	-6.182345	-2.094668	 0.103731
-2.027781	-6.220309	-0.577662	-0.927026	-5.045641	-1.000267	-3.658415	-1.058530	-0.394802	-6.157615	-2.086289	 0.103731
-2.018204	-6.007836	-0.575351	-0.923318	-5.275458	-0.996266	-3.454698	-1.056155	-0.205766	-6.132985	-2.077944	 0.103731
-2.009399	-5.890009	-0.573049	-0.919624	-4.879356	-0.992281	-3.346337	-1.052860	-0.111247	-6.108453	-2.069632	 0.103731
-2.000995	-5.819551	-0.570757	-0.915946	-4.672339	-0.988311	-3.285680	-1.049114	-0.063988	-6.084019	-2.061354	 0.103731
-1.992808	-5.772824	-0.568474	-0.912282	-4.559899	-0.984358	-3.248902	-1.045150	-0.040358	-6.059683	-2.053108	 0.103731
-1.984745	-5.738008	-0.566200	-0.908633	-4.494785	-0.980421	-3.224089	-1.041085	-0.028543	-6.035444	-2.044896	 0.103731
-1.976760	-5.709194	-0.563936	-0.904998	-4.453368	-0.976499	-3.205284	-1.036979	-0.022636	-6.011303	-2.036716	 0.103731
-1.968830	-5.683426	-0.561680	-0.901378	-4.423836	-0.972593	-3.189508	-0.532860	-0.019682	-5.987257	-2.028569	 0.103731
-1.960943	-5.659227	-0.559433	-0.897773	-4.400281	-0.968703	-3.175273	-0.280801	-0.018206	-5.963308	-2.020455	 0.103731
-1.953094	-5.635857	-0.557195	-0.894182	-4.379750	-0.964828	-3.161833	-0.654771	-0.017467	-5.939455	-1.512373	 0.103731
-1.945279	-5.612947	-0.554967	-0.890605	-4.360767	-0.960969	-3.148817	-0.839699	-0.017098	-5.915697	-1.256324	 0.103731
-1.937496	-5.590312	-0.552747	-0.887043	-4.342591	-0.957125	-3.636037	-0.930113	-0.016913	-5.892035	-1.626298	 0.103731
-1.929745	-5.567859	-0.550536	-0.883494	-4.324855	-0.953296	-3.871400	-0.973280	-0.016821	-5.868466	-1.807293	 0.103731
-1.922026	-5.545542	-0.548334	-0.879960	-4.307372	-0.949483	-3.980868	-0.992830	-0.016775	-5.844993	-1.893814	 0.103731
-1.914338	-5.523337	-0.546140	-0.876441	-4.290051	-0.945685	-3.527422	-1.000580	-0.016752	-5.821613	-1.933114	 0.103731
-1.906680	-5.501232	-0.543956	-0.872935	-4.272845	-0.941902	-3.294551	-1.002439	-0.016740	-5.798326	-1.948819	 0.103731
-1.899054	-5.479221	-0.541780	-0.869443	-4.255731	-0.938135	-3.171992	-1.001359	-0.016734	-5.775133	-1.452742	 0.103731
-1.891457	-5.457302	-0.539613	-0.865965	-4.238696	-0.934382	-3.104613	-0.998819	-0.016732	-5.752032	-1.202791	 0.103731
-1.883891	-5.435471	-0.537454	-0.862502	-4.221736	-0.930645	-3.064850	-0.995556	-0.016730	-5.729024	-1.575909	 0.103731
-1.876356	-5.413728	-0.535304	-0.859052	-4.204846	-0.926922	-3.038918	-0.991940	-0.016729	-5.706108	-1.758570	 0.103731
-1.868850	-5.392073	-0.533163	-0.855615	-4.188025	-0.923214	-3.019926	-0.988156	-0.016729	-5.683284	-1.846019	 0.103731
-1.861375	-5.370505	-0.531031	-0.852193	-4.171272	-0.919522	-3.004428	-0.984295	-0.016729	-5.660550	-1.885876	 0.103731
-1.853930	-5.349023	-0.528906	-0.848784	-4.154587	-0.915843	-2.990701	-0.980403	-0.016729	-5.637908	-1.901953	 0.103731
-1.846514	-5.327626	-0.526791	-0.845389	-4.137968	-0.912180	-2.977884	-0.476505	-0.016729	-5.615357	-1.406155	 0.103731
-1.839128	-5.306316	-0.524684	-0.842007	-4.121416	-0.908531	-2.965545	-0.224555	-0.016729	-5.592895	-1.156436	 0.103731
-1.831771	-5.285091	-0.522585	-0.838639	-4.104931	-0.904897	-3.453469	-0.598581	-0.016729	-5.570524	-1.529763	 0.103731
-1.824444	-5.263950	-0.520495	-0.835285	-4.088511	-0.901278	-3.689548	-0.783648	-0.016729	-5.548242	-1.712620	 0.103731
-1.817146	-5.242894	-0.518413	-0.831944	-4.072157	-0.897673	-3.299737	-0.874244	-0.016729	-5.026049	-1.800258	 0.103731
-1.809878	-5.221923	-0.516339	-0.828616	-4.055868	-0.894082	-3.099011	-0.917613	-0.016729	-4.755944	-1.840301	 0.103731
-1.802638	-5.201035	-1.014274	-0.825301	-4.039645	-0.890506	-2.992852	-0.937375	-0.516729	-5.111921	-1.856561	 0.603731
-1.795428	-5.180231	-1.260217	-0.822000	-4.023486	-0.886944	-2.933999	-0.945342	-0.764695	-5.278973	-1.860946	 0.851524
-1.788246	-5.159510	-1.380176	-0.818712	-4.007392	-0.883396	-2.898822	-0.947419	-0.886653	-5.351607	-1.859408	 0.973221
-1.781093	-5.138872	-0.937155	-0.815437	-3.991363	-0.879862	-3.375506	-0.446558	-0.445615	-5.377076	-1.854923	 0.531880
-1.773969	-5.118317	-0.715645	-0.812176	-3.975397	-0.876343	-3.606144	-0.196128	-0.225096	-5.379005	-1.848980	 0.311210
-1.766873	-5.097843	-0.604889	-0.808927	-4.459496	-0.872837	-3.713789	-0.570913	-0.114836	-5.369208	-1.842322	 0.200875
-1.759805	-5.077452	-0.549512	-0.805691	-4.691658	-0.869346	-3.759969	-0.756414	-0.059706	-5.353590	-1.835322	 0.145707
-1.752766	-5.057142	-0.521823	-0.302468	-4.797891	-0.865869	-3.275447	-0.347280	-0.032142	-5.335105	-1.828165	 0.118123
-1.745755	-5.036914	-0.507979	-0.050857	-4.841200	-0.862405	-3.027603	-0.142714	-0.018359	-5.315230	-1.820945	 0.104331
-1.738772	-5.016766	-0.501056	-0.425051	-4.353085	-0.858956	-3.398122	-0.540430	-0.011468	-5.794701	-1.313707	 0.097435
-1.731817	-4.996699	-0.497595	-0.610550	-4.101297	-0.855520	-3.575845	-0.737413	-0.008022	-6.021889	-1.058475	 0.093987
-1.724890	-4.976712	-0.495865	-0.701707	-3.967705	-0.852098	-3.657199	-0.834035	-0.006299	-6.122984	-0.929253	 0.092263
-1.717990	-4.956805	-0.495000	-0.745700	-3.893240	-0.848689	-3.190398	-0.380485	-0.005438	-5.661084	-0.863042	 0.091401
-1.711118	-4.936978	-0.494567	-0.766117	-3.848370	-0.845294	-2.951551	-0.153709	-0.005007	-5.419735	-0.828342	 0.090970
-1.704274	-4.917230	-0.494351	-0.774753	-3.818328	-0.841913	-2.826702	-0.540322	-0.004792	-4.788704	-0.809405	 0.090755
-1.697457	-4.897561	-0.494242	-0.777504	-3.795731	-0.838546	-2.758874	-0.731774	-0.004684	-4.464873	-0.798356	 0.090647
-1.690667	-4.877971	-0.494188	-0.777319	-4.276886	-0.835191	-2.719578	-0.325654	-0.004631	-4.794676	-1.291257	 0.090593
-1.683904	-4.858459	-0.494161	-0.775672	-4.507947	-0.831851	-2.694569	-0.122594	-0.004604	-4.949328	-1.534139	 0.090566
-2.177168	-4.839025	-0.494148	-0.773300	-4.114000	-0.828523	-2.676726	-0.521064	-0.004590	-5.016446	-1.652026	 0.090553
-2.418460	-4.819669	-0.494141	-0.770573	-3.909586	-0.825209	-2.662486	-0.718460	-0.004583	-5.039838	-1.707429	 0.090546
-2.533786	-4.800390	-0.494138	-0.767673	-3.799969	-0.821908	-2.650070	-0.815326	-0.004580	-5.041408	-1.731606	 0.090543
-2.086151	-4.781189	-0.494136	-0.764694	-3.737780	-0.818621	-2.638586	-0.861935	-0.004578	-5.032107	-1.740182	 0.090541
-1.859056	-4.762064	-0.494135	-0.761681	-3.699334	-0.815346	-2.627591	-0.883422	-0.004578	-5.017410	-1.740973	 0.090540
-1.742245	-4.743016	-0.494135	-0.758657	-3.672789	-0.812085	-2.616859	-0.892356	-0.004577	-5.000057	-1.737885	 0.090540
-1.680588	-4.724044	-0.494134	-0.755634	-3.652224	-0.808837	-2.606282	-0.895020	-0.004577	-4.981415	-1.732871	 0.090540
-1.646522	-4.705148	-0.494134	-0.752617	-3.634678	-0.805601	-2.595801	-0.894557	-0.004577	-4.962168	-1.726908	 0.090540
-1.626264	-4.686327	-0.494134	-0.749609	-3.618671	-0.802379	-2.585390	-0.892537	-0.004577	-4.942659	-1.720485	 0.090539
-1.612923	-4.667582	-0.494134	-0.746612	-3.603462	-0.799169	-2.575035	-0.889746	-0.004577	-4.923058	-1.213846	 0.090539
-1.603054	-4.648911	-0.494134	-0.743627	-3.588681	-0.795973	-2.564728	-0.886577	-0.004577	-4.903451	-0.959111	 0.090539
-1.594933	-4.630316	-0.494134	-0.740653	-3.574143	-0.792789	-2.554466	-0.883225	-0.004577	-4.883879	-0.830335	 0.090539
-1.587698	-4.611794	-0.494134	-0.737690	-3.559755	-0.789618	-3.044246	-0.379790	-0.004577	-4.864365	-0.764544	 0.090539
-1.580920	-4.593347	-0.494134	-0.734739	-3.545470	-0.786459	-3.282068	-0.128072	-0.004577	-4.844918	-0.730251	 0.090539
-1.574383	-4.574974	-0.494134	-0.731801	-3.531265	-0.783313	-2.893940	-0.502213	-0.004577	-4.825544	-0.711713	 0.090539
-1.567979	-4.556674	-0.494134	-0.728873	-3.517129	-0.780180	-2.694864	-0.687531	-0.004577	-4.806244	-0.701057	 0.090539
-1.561653	-4.538447	-0.494134	-0.725958	-3.503054	-0.777059	-3.090334	-0.778444	-0.004577	-5.287021	-1.194349	 0.090539
-1.555380	-4.520294	-0.494134	-0.723054	-3.489039	-0.773951	-3.281098	-0.822162	-0.004577	-5.515873	-1.437619	 0.090539
-1.549145	-4.502212	-0.494134	-0.720162	-3.475082	-0.770855	-2.869536	-0.342289	-0.004577	-5.118810	-1.055893	 0.090539
-1.542942	-4.484203	-0.494134	-0.717281	-3.461181	-0.767772	-2.658839	-0.102353	-0.004577	-4.910835	-0.863681	 0.090539
-1.536767	-4.466267	-0.494134	-0.714412	-3.447336	-0.764701	-2.548594	 0.017615	-0.004577	-4.797442	-0.766232	 0.090539
-1.530618	-4.448402	-0.494134	-0.711554	-3.433546	-0.761642	-2.488595	 0.077599	-0.004577	-4.731377	-0.716170	 0.090539
-1.524495	-4.430608	-0.494134	-0.708708	-3.419812	-0.758595	-2.453738	 0.107591	-0.004577	-4.689014	-0.689807	 0.090539
-1.518396	-4.412886	-0.494134	-0.705873	-3.406132	-0.755561	-2.431472	-0.377413	-0.004577	-4.658539	-1.175299	 0.090539
-1.512323	-4.395234	-0.494134	-0.703050	-3.392508	-0.752539	-2.415521	-0.618190	-0.004577	-4.634046	-1.414723	 0.090539
-1.506273	-4.377653	-0.494134	-0.700238	-3.378938	-0.749529	-2.402746	-0.736860	-0.004577	-4.612580	-1.531127	 0.090539
-1.500248	-4.360142	-0.494134	-0.697437	-3.365422	-0.746530	-2.391578	-0.794485	-0.004577	-4.592665	-1.586033	 0.090539
-1.494247	-4.342702	-0.494134	-0.694647	-3.351960	-0.743544	-2.381234	-0.321593	-0.004577	-4.073562	-1.610205	 0.590539
-1.488270	-4.325331	-0.494134	-0.691868	-3.338553	-0.740570	-2.371320	-0.085146	-0.004577	-3.806901	-1.619022	 0.838358
-1.482317	-4.308030	-0.494134	-0.689101	-3.325198	-0.737608	-2.361640	 0.033077	-0.004577	-3.666490	-1.620175	 0.960095
-1.476388	-4.290798	-0.494134	-0.686344	-3.311898	-0.734657	-2.352096	 0.092188	-0.004577	-4.089233	-1.617509	 0.518800
-1.470482	-4.273634	-0.494134	-0.683599	-3.298650	-0.731719	-2.342639	 0.121744	-0.004577	-4.291580	-1.612946	 0.298153
-1.464600	-5.256540	-0.494134	-0.680865	-3.285455	-0.728792	-2.333244	-0.363478	-0.004577	-3.883766	-1.107448	 0.187829
-1.458742	-5.735514	-0.494134	-0.678141	-3.272314	-0.725877	-2.323899	-0.604392	-0.004577	-3.672907	-0.853495	 0.132667
-1.452907	-4.962572	-0.494134	-0.175429	-3.259224	-0.722973	-2.314597	-0.223158	-0.004577	-3.560553	-0.725319	 0.105086
-1.447095	-4.567721	-0.494134	 0.075928	-3.246187	-0.720081	-2.305336	-0.032541	-0.004577	-3.497480	-0.660037	 0.091296
-1.441307	-4.361951	-0.494134	-0.298394	-3.733203	-0.717201	-2.296113	-0.437233	-0.004577	-3.459075	-1.126206	 0.084400
