-0.499114	-0.498756	-0.498784	-0.436114	-1.780183	-0.498183	-4.327940	 0.214661	 0.912312	-0.577455	-1.495715	 1.188577
-0.499125	-0.498756	-0.498784	-0.467239	-1.773063	-0.498183	-4.310628	 0.214662	 0.908663	-0.567774	-1.489733	 1.183822
 0.000869	-0.498756	-0.498784	 0.017199	-1.765970	-0.498183	-4.293385	 0.214662	 0.905029	-0.561818	-1.483774	 1.179087
 0.249865	-0.498756	-0.498784	 0.258414	-1.758907	-0.498183	-4.276212	 0.214662	 0.901408	-0.557728	-1.477839	 1.174371
 0.374362	-0.498756	-0.498784	-0.120978	-1.751871	-0.498183	-4.259107	 0.214662	 0.897803	-0.554575	-0.971927	 1.169673
 0.436611	-0.498756	-0.498784	-0.309673	-1.744863	-0.498183	-4.242070	 0.214663	 0.894212	-0.551896	-0.718972	 1.164995
-0.032264	-0.498756	-0.498784	 0.095979	-1.737884	-0.498183	-4.225102	 0.214663	 0.890635	-0.549458	-1.092494	 1.160335
-0.265700	-0.498756	-0.498784	 0.297802	-1.730932	-0.498183	-4.208202	 0.214663	 0.887072	-0.547145	-1.276323	 1.155693
-0.382418	-0.498756	-0.498784	 0.398713	-1.724009	-0.498183	-4.191369	 0.214663	 0.883524	-0.544899	-1.365317	 1.151071
-0.440776	-0.498756	-0.498784	 0.449169	-1.717113	-0.498183	-4.174603	 0.214663	 0.879990	-0.542691	-1.406906	 1.146466
-0.469956	-0.498756	-0.498784	 0.474397	-1.710244	-0.498183	-4.157905	 0.214663	 0.876470	-0.540506	-1.424803	 1.141880
-0.484546	-0.498756	-0.498784	 0.487011	-2.203403	-0.498183	-4.141273	 0.214663	 0.872964	-0.538337	-1.430866	 1.137313
-0.491840	-0.498756	-0.498784	 0.493318	-2.444590	-0.498183	-4.124708	 0.214663	 0.869472	-0.536180	-1.431024	 1.132764
-0.495488	-0.498756	-0.498784	 0.496471	-2.059811	-0.498183	-4.108209	 0.214663	 0.865994	-0.534033	-0.928240	 1.128233
-0.497312	-0.498756	-0.498784	 0.498048	-1.864072	-0.498183	-4.091777	 0.214663	 0.862530	-0.531896	-0.676849	 1.123720
 0.001777	-0.498756	-0.498784	 0.498836	-1.762866	-0.498183	-4.075410	 0.214663	 0.859080	-0.529768	-0.551153	 1.119225
 0.250319	-0.498756	-0.498784	 0.499231	-1.708939	-0.498183	-4.059108	 0.214663	 0.855644	-0.527649	-0.488305	 1.114748
 0.374590	-0.498756	-0.498784	 0.499428	-1.678666	-0.498183	-4.042871	 0.214663	 0.852221	-0.525538	-0.456881	 1.110289
 0.436726	-0.498756	-0.498784	 0.499526	-1.660233	-0.498183	-4.026700	 0.214663	 0.848812	-0.523436	-0.441169	 1.105848
 0.467793	-0.498756	-0.498784	 0.499576	-1.647732	-0.498183	-4.010593	 0.214663	 0.845417	-0.521342	-0.433313	 1.101424
 0.483327	-0.498756	-0.498784	 0.499600	-1.638212	-0.498183	-3.994551	 0.714663	 0.842035	-0.519257	-0.429385	 1.097019
 0.491094	-0.498756	-0.498784	 0.499613	-1.630194	-0.498183	-3.978573	 0.962233	 0.838667	-0.517180	-0.427421	 1.092631
 0.494978	-0.498756	-0.498784	 0.499619	-1.622941	-0.498183	-3.462658	 0.583599	 0.835313	-0.515111	-0.426439	 1.088260
 0.496920	-0.498756	-0.498784	 0.499622	-1.616083	-0.498183	-3.198808	 0.394282	 0.831971	-0.513050	-0.425948	 1.083907
 0.497890	-0.498756	-0.498784	 0.499623	-1.609435	-0.498183	-3.561012	 0.299623	 0.828643	-0.510998	-0.425702	 1.079571
 0.498376	-0.498756	-0.498784	 0.499624	-1.602906	-0.498183	-3.734268	 0.252294	 0.825329	-0.508954	-0.425580	 1.075253
 0.498619	-0.498756	-0.498784	 0.499624	-1.596449	 0.001817	-3.813081	 0.728629	 1.322028	-0.506918	-0.425518	 1.070952
 0.498740	-0.498756	-0.498784	 0.499625	-1.590040	 0.250814	-3.844704	 0.964387	 1.566739	-0.504891	-0.425488	 1.066668
 0.498801	-0.498756	-0.498784	 0.499625	-1.583668	 0.375312	-3.852763	 1.079866	 1.685472	-0.502871	-0.425472	 1.062402
 0.498831	-0.498756	-0.498784	 0.499625	-1.577328	-0.062439	-3.849070	 1.135214	 1.241231	-0.500860	-0.425465	 1.058152
 0.498846	-0.498756	-0.498784	 0.499625	-1.571016	-0.280314	-3.839533	 1.160507	 1.017516	-0.499854	-0.425461	 1.053919
 0.498854	-0.498756	-0.498784	 0.499625	-1.564730	 0.110748	-3.827105	 0.670782	 0.904071	-0.499351	-0.425459	 1.049704
 0.498857	-0.498756	-0.498784	 0.499625	-1.558471	 0.305276	-3.813261	 0.425920	 0.845767	-0.499100	-0.425458	 1.045505
 0.498859	-0.498756	-0.498784	 0.499625	-1.552237	-0.097460	-3.798741	 0.303489	 0.815040	-0.498974	-0.425457	 1.041323
 0.498860	-0.498756	-0.498784	 0.499625	-1.546027	-0.297828	-3.783912	 0.242273	 0.798108	-0.498911	-0.425457	 1.037158
 0.498861	-0.498756	-0.498784	 0.499625	-1.539843	 0.101988	-3.268960	 0.711665	 0.788080	-0.498880	-0.425457	 1.033009
 0.498861	-0.498756	-0.498784	 0.499625	-1.533684	 0.300893	-3.005975	 0.943999	 0.781509	-0.498864	-0.425457	 1.028877
 0.498861	-0.498756	-0.498784	 0.499625	-1.527549	 0.400345	-2.868997	 1.057814	 0.776674	-0.498856	-0.425457	 1.024761
 0.498861	-0.498756	-0.498784	 0.499625	-1.521439	 0.450071	-3.295044	 0.612377	 1.272713	-0.498852	-0.425457	 1.020662
 0.498861	-0.498756	-0.498784	 0.499625	-1.515353	 0.474934	-3.500625	 0.389659	 1.517195	-0.498850	-0.425457	 1.016580
 0.498861	-0.498756	 0.001216	 0.499625	-1.509292	 0.487366	-3.096004	 0.778300	 1.635913	-0.498849	-0.425457	 1.012513
 0.498861	-0.498756	 0.250213	 0.499625	-1.503254	 0.493581	-2.888310	 0.970287	 1.691762	-0.498849	-0.425457	 1.008463
 0.498861	-0.498756	-0.125288	 0.499625	-1.497241	-0.003311	-2.779102	 1.063956	 1.716192	 0.001152	-0.425457	 1.004429
 0.498861	-0.498756	-0.312037	 0.499625	-1.491252	-0.250756	-2.719158	 1.108475	 1.724925	 0.250149	-0.425457	 1.000412
-0.001139	-0.998756	-0.405412	 0.499625	-1.485287	-0.374479	-2.683868	 0.628428	 1.225825	-0.125352	-0.925457	 0.496410
-0.250136	-1.245759	-0.452099	 0.499625	-1.479346	-0.436341	-2.660925	 0.388405	 0.974821	-0.312101	-1.172606	 0.244409
-0.374635	-1.366274	-0.475443	 0.499625	-1.473429	-0.467271	-2.644178	 0.268394	 0.847871	-0.405475	-1.293341	 0.118409
-0.436885	-1.423559	-0.487114	-0.000375	-1.467535	-0.482737	-2.630550	 0.708388	 0.782955	 0.047838	-1.350880	 0.055409
-0.468009	-1.449239	-0.492950	-0.249374	-1.461665	-0.490469	-2.618502	 0.926088	 0.749060	 0.273492	-1.376833	 0.023909
-0.483572	-0.959129	-0.495868	 0.126126	-0.455818	 0.005664	-0.607265	 2.032651	 1.730683	 4.386319	-0.387004	 0.508159
-0.491353	-0.714075	-0.497327	 0.312873	 0.046005	 0.252727	 0.395546	 2.579654	 2.216070	 6.425734	 0.106705	 0.748299
 0.004756	 0.408453	-0.498057	 0.406246	 3.295821	 0.876259	 6.394154	 2.846902	 1.453360	 16.428511	 1.352359	 0.366392
 0.251809	 0.966655	-0.498421	 0.452933	 4.907638	 1.185025	 9.368673	 2.974298	 1.070624	 21.377038	 1.969989	 0.175438
 0.375336	 1.242706	-0.498604	 0.476276	 7.200507	 1.336421	 16.331246	 2.031792	-0.622120	 35.798649	 4.273629	-1.920038
 0.437099	 1.377694	-0.498695	 0.487948	 8.327955	 1.409143	 19.765945	 1.558361	-1.463862	 43.000173	 5.412295	-2.959746
 0.967981	 1.942162	 0.001259	 0.493784	 9.872768	 1.442540	 25.436893	 1.319475	-2.380122	 57.591689	 7.468526	-4.471600
 1.230424	 2.219384	 0.250234	 0.496702	 10.622340	 1.456287	 28.210151	 1.197871	-2.831659	 64.877481	 8.477592	-5.215561
 1.358660	 2.353001	-0.125278	 0.498161	 11.474381	 1.460220	 31.534814	 1.134917	-3.550861	 76.009458	 9.463151	-7.075622
 1.419804	 2.414836	-0.312033	 0.498890	 11.875750	 1.459259	 33.127426	 1.101296	-3.901922	 81.565359	 9.935034	-7.987781
 1.447414	 2.440801	-0.405410	 0.499255	 12.051879	 1.955861	 35.354292	 1.082350	-4.068947	 88.332035	 10.650161	-8.426061
 1.458269	 2.448849	-0.452099	 0.499437	 12.115488	 2.199258	 36.392563	 1.070750	-4.143987	 91.703032	 10.984994	-8.627472
 1.460758	 2.447960	-0.475444	 0.499529	 12.122935	 2.316071	 37.336836	 1.062832	-5.173069	 95.376240	 11.129771	-8.710520
 1.459076	 2.442621	-0.487116	 0.499574	 12.102397	 2.369611	 37.732411	 1.056763	-5.675206	 97.200824	 11.179611	-8.734457
 1.455321	 2.435077	-0.492952	 0.499597	 12.067964	 2.391535	 37.853942	 1.051627	-5.913920	 98.101145	 11.182071	-8.728908
 1.450540	 1.926450	-0.495870	 0.499608	 11.526681	 2.397670	 38.338757	 1.046966	-5.020971	 98.539381	 11.660933	-8.708687
 1.445258	 1.669301	-0.497329	 0.499614	 11.234069	 2.395930	 38.503517	 1.042551	-4.566241	 98.746179	 11.876084	-8.681200
 1.439737	 1.537902	 0.001942	 0.499617	 11.065879	 2.390272	 38.008561	 1.038267	-4.330653	 99.337307	 11.459477	-8.650149
 1.434108	 1.469389	 0.250574	 0.499618	 10.959989	 2.382674	 37.686055	 1.034057	-4.204669	 99.622171	 11.229088	-8.617385
 1.428436	 1.432331	-0.125109	 0.499619	 10.885336	 2.374124	 37.450076	 1.029893	-4.133519	 99.252872	 11.091896	-8.583834
 1.422755	 1.411012	-0.311949	 0.499620	 10.826388	 2.365118	 37.257658	 1.025759	-4.089820	 99.057808	 11.001390	-8.549958
 1.417080	 1.397573	-0.405369	 0.499620	 10.275379	 1.855903	 37.587318	 0.521649	-4.059878	 98.948639	 10.934316	-8.515988
 1.411420	 1.388085	-0.452079	 0.499620	 9.980426	 1.598602	 37.676314	 0.269594	-4.036847	 98.881519	 10.879044	-8.482039
 1.405779	 1.380584	-0.475435	 0.499620	 9.813579	 1.467269	 37.645282	 0.143566	-4.017304	 98.835475	 10.829761	-8.448168
 1.400157	 1.374087	-0.487112	 0.499620	 10.210862	 1.898931	 37.554537	 0.580552	-3.999537	 99.300018	 10.783558	-8.414404
 1.394558	 1.368103	-0.492951	 0.499620	 10.388287	 2.110100	 37.434237	 0.797010	-3.982690	 99.520611	 10.738982	-8.380761
 1.388980	 1.362387	 0.004130	 0.499620	 10.455868	 2.211043	 37.299459	 0.903212	-3.966334	 99.619274	 11.195305	-8.347245
 1.383424	 1.356816	 0.251668	 0.499620	 10.468611	 2.256890	 37.157741	 0.954295	-3.950257	 99.657878	 11.400163	-8.313859
 1.377891	 1.351328	-0.124563	 0.499620	 9.954021	 2.275208	 37.012850	 0.977825	-3.934350	 99.665419	 10.979382	-8.280606
 1.372379	 1.345892	-0.311677	 0.499620	 9.677846	 2.279780	 36.866668	 0.987587	-3.918559	 99.659147	 10.747875	-8.247484
 1.366890	 1.340493	-0.405234	 0.499620	 9.520956	 2.277497	 36.720137	 0.990474	-3.902859	 99.644787	 11.111088	-8.214495
 1.361422	 1.335124	-0.452013	 0.499620	 9.423782	 2.271805	 36.573723	 0.989931	-3.887234	 99.626204	 11.269746	-8.181637
 1.355977	 1.329779	-0.475402	 0.499620	 9.356542	 2.264427	 36.427662	 0.987680	-3.871678	 99.605557	 11.326219	-8.148910
 1.350553	 1.324458	 0.012903	 0.499620	 9.304344	 2.256224	 36.282068	 0.984584	-3.856188	 99.583923	 10.831689	-8.116315
 1.345151	 1.319160	 0.256054	 0.499620	 9.259740	 2.247627	 36.136999	 0.981073	-3.840762	 99.563066	 10.563750	-8.083850
 1.339770	 1.313883	-0.122371	 0.499620	 9.219008	 2.238850	 35.992480	 0.977362	-3.825398	 99.541639	 10.409189	-8.051514
 1.334411	 1.308627	-0.310582	 0.499620	 9.180286	 2.230001	 35.848525	 0.973560	-3.810096	 99.521165	 10.311400	-8.019308
 1.329073	 1.303392	-0.404687	 0.499620	 9.142641	 2.221134	 35.705138	 0.969719	-3.794855	 99.500017	 10.242077	-7.987231
 1.323757	 1.298179	-0.451740	 0.499620	 9.105609	 2.212277	 35.562321	 0.965867	-3.779676	 99.478576	 10.187071	-7.955282
 1.318462	 1.292986	-0.475266	 0.499620	 9.068956	 2.203441	 35.420073	 0.962017	-3.764557	 99.457031	 10.639303	-7.923461
 1.313188	 1.287814	-0.487030	 0.499620	 9.032565	 2.194634	 35.278394	 0.958175	-3.749499	 99.435255	 10.843237	-7.891767
 1.307935	 1.282663	-0.492911	 0.499620	 8.996377	 2.685859	 35.137281	 0.454346	-4.734501	 99.413408	 10.423109	-7.860200
 1.302704	 1.277532	-0.495852	 0.499620	 8.960362	 2.925117	 34.996732	 0.202431	-5.215563	 99.390942	 10.193039	-7.828759
 1.297493	 1.272422	-0.497322	 0.499620	 8.924506	 3.038417	 34.856745	 0.076474	-5.444701	 99.368213	 10.058078	-7.797444
 0.792303	 1.267332	-0.498058	 0.499620	 8.888801	 3.088764	 34.717318	 0.513495	-4.547922	 99.345399	 9.970752	-7.766254
 0.539708	 1.262263	-0.498425	 0.499620	 8.853242	 3.107659	 34.578449	 0.730105	-4.092230	 99.322172	 9.907321	-7.735189
 0.913410	 1.257214	-0.498609	 0.499620	 8.817828	 2.610854	 34.940135	 0.836516	-4.857111	 99.798785	 9.855919	-7.704249
 1.097687	 1.252185	-0.498701	 0.499620	 8.782555	 2.358223	 35.050375	 0.887836	-5.228308	 100.026828	 9.810608	-7.673432
 1.187262	 1.247176	-0.498747	 0.499620	 8.747425	 2.227696	 35.035173	 0.911618	-5.402707	 100.130626	 9.768422	-7.642738
 1.229496	 1.242187	-0.498770	 0.499620	 8.712435	 2.158238	 34.957533	 0.921638	-5.478752	 100.172342	 9.727877	-7.612167
 1.248069	 1.237219	 0.001219	 0.499620	 7.677585	 2.119332	 32.848952	 0.924784	-4.505666	 95.683059	 9.688229	-7.581718
 1.254822	 1.232270	 0.250210	 0.499620	 7.146875	 2.095718	 31.733182	 0.924502	-4.012057	 93.430026	 9.649109	-7.551391
 1.255676	 1.227341	 0.374706	 0.499620	 6.868287	 2.079767	 31.114061	 0.922512	-3.758216	 92.294334	 9.610328	-7.521186
 0.753590	 0.722431	-0.063046	 0.499620	 6.215814	 2.067664	 28.743511	 0.419676	-3.624286	 81.217349	 8.071795	-6.491101
 0.502546	 0.469977	-0.280920	 0.499620	 5.878451	 2.057501	 27.505490	 0.168258	-3.550341	 75.669979	 7.289462	-5.965137
 0.377025	 0.343749	-0.389857	 0.499620	 5.698687	 2.048325	 26.833945	 0.042549	-3.506415	 72.885811	 6.885281	-5.691276
 0.814264	 0.780636	-0.444326	 0.499620	 5.597767	 2.039658	 19.445848	 0.479695	-2.977528	 52.483287	 4.170228	-3.543511
 0.530381	 0.996644	 0.028440	 0.499620	 5.036313	 2.031263	 13.227683	 0.696434	-2.208187	 34.217863	 1.809792	-1.466837
 0.388439	 1.102223	 0.263820	 0.499620	 4.746637	 2.023020	 10.104582	 0.802977	-1.820638	 25.053247	 0.630675	-0.429720
-0.182532	 0.152596	-0.118490	-0.000380	 1.092885	 1.014869	 0.529069	 0.354430	-1.623998	 11.439161	-1.457787	 0.087624
-0.466510	-0.320623	-0.308643	-0.249379	-0.728870	 0.510793	-4.240595	 0.130156	-1.522823	 4.636468	-2.494925	 0.345086
-0.606999	-0.555645	-0.403719	-0.373879	-1.634646	 0.258755	-6.607407	 0.018019	-1.469392	 1.239454	-3.006430	 0.472612
-0.675748	-1.171574	-0.451258	-0.436129	-2.582453	-0.367264	-8.772864	-0.538049	-1.439845	-1.454738	-3.755147	 0.535175
-0.708633	-1.475964	-0.475027	-0.467254	-3.049296	-0.678286	-9.833716	-0.813895	-1.422251	-2.793536	-4.120498	 0.565261
-1.223593	-1.624598	-0.486912	-0.482816	-3.775685	-0.831819	-10.842353	-1.449639	-1.410644	-3.454670	-3.794201	 0.579113
-1.477596	-1.695369	-0.492854	-0.490597	-4.129875	-0.906615	-11.322969	-1.763340	-1.402043	-3.777006	-3.624117	 0.584853
-1.101134	-1.727222	-0.495825	-0.494488	-3.798003	-0.942050	-11.539670	-1.916036	-1.894956	-3.929975	-3.532167	 0.586542
-0.911454	-1.739630	-0.497311	-0.496433	-3.625134	-0.957813	-11.624508	-1.988247	-2.136636	-3.998294	-3.479312	 0.586210
-0.815170	-1.742330	-0.498053	-0.497406	-3.531795	-0.963747	-11.643508	-2.020232	-1.752720	-4.524320	-3.446031	 0.584872
-0.765590	-1.740190	-0.498425	-0.497892	-3.478249	-0.964774	-11.629683	-2.032119	-1.558024	-4.777232	-3.422565	 0.583036
-0.739369	-1.735644	-0.498610	-0.498135	-3.444626	-0.963357	-11.599539	-2.033975	-1.457949	-4.893628	-3.404034	 0.580956
-0.724831	-1.729909	-0.498703	-0.498257	-3.920993	-0.960724	-11.061328	-1.530831	-0.905196	-3.941806	-3.887998	 0.078758
-0.716142	-1.723593	-0.498750	-0.498318	-4.150381	-0.957491	-10.771177	-1.277204	-0.628820	-3.459915	-4.121235	-0.172341
-0.710383	-2.217000	-0.998773	-0.998348	-4.256316	-0.953966	-11.605139	-1.648343	-0.990632	-4.213013	-4.229145	 0.202110
-0.706094	-2.458283	-1.245787	-1.245367	-4.300559	-0.950303	-11.997242	-1.829874	-1.168833	-4.579630	-4.274426	 0.388182
-0.702546	-1.573526	-0.866308	-1.365891	-4.313991	-0.946578	-12.168514	-2.416617	-1.255239	-4.753046	-4.288427	 0.480069
-0.699374	-1.129769	-0.676569	-1.423181	-4.312052	-0.942830	-12.229471	-2.703981	-1.295759	-4.829901	-4.286823	 0.524869
-0.196395	-1.406519	-0.581699	-0.948864	-3.802462	-0.939078	-12.235369	-2.341681	-1.313346	-4.358515	-3.777450	 1.046130
 0.055094	-1.541527	-0.534265	-0.711706	-3.541082	-0.935331	-12.213835	-2.156572	-1.319478	-4.115048	-3.516228	 1.303625
 0.180839	-1.605679	-0.510547	-0.593127	-3.403832	-0.931595	-12.178684	-2.060074	-1.319893	-3.985571	-3.379107	 1.429251
-0.256289	-1.634414	-0.498688	-0.533838	-3.328674	-0.927871	-11.136821	-1.507899	-1.317460	-3.913121	-3.304062	 1.488954
-0.473466	-1.645456	-0.492759	-0.504193	-3.284588	-0.924160	-10.595699	-1.229899	-1.313613	-3.869214	-3.260082	 1.515708
-0.080673	-1.147664	-0.489794	-0.489370	-3.256064	-0.920464	-10.805030	-1.588996	-1.309070	-3.839610	-3.231659	 1.526000
 0.115723	-0.897468	-0.488312	-0.481959	-3.235347	-0.916783	-10.887666	-1.764648	-1.304190	-3.817188	-3.211042	 1.528074
-0.286079	-0.771076	-0.487571	-0.478254	-3.218559	-0.913116	-10.407044	-1.348593	-0.299151	-3.298388	-3.194352	 2.026050
-0.485604	-0.706590	-0.487200	-0.476401	-3.203762	-0.909463	-10.146879	-1.138701	 0.201957	-3.033428	-3.179652	 2.269990
-0.583996	-0.673063	-0.487015	 0.024526	-3.189985	-0.905825	-9.997024	-1.031897	-0.048895	-3.395412	-3.165972	 1.886932
-0.631828	-0.655020	-0.486922	 0.273938	-3.176744	-0.902202	-9.902402	-0.976645	-0.174322	-3.568889	-3.152827	 1.692396
-0.654384	-0.644725	-0.486876	 0.397597	-3.163797	-0.898593	-9.835475	-0.947176	-0.237035	-3.648142	-3.139976	 1.592132
-0.664308	-0.638309	-0.486853	-0.041615	-3.151021	-0.894999	-10.282475	-1.430606	 0.231609	-3.180314	-3.127295	 1.539016
-0.667922	-0.633837	-0.486841	-0.261222	-3.138357	-0.891419	-10.484516	-1.668493	 0.464530	-2.940975	-3.114726	 1.509486
-0.668386	-0.630342	-0.486836	 0.128975	-3.125774	-0.887853	-10.064163	-1.283624	 0.579596	-3.315903	-3.102237	 1.491762
-0.667280	-0.627341	-0.486833	 0.323035	-3.113256	-0.884302	-9.834699	-1.089392	 0.635739	-3.495985	-3.089813	 1.479951
-0.165395	-1.124592	-0.486831	 0.419031	-3.100795	-0.880765	-9.700757	-0.990485	 0.162427	-3.078674	-3.077446	 1.471110
 0.085548	-1.369973	-0.486830	 0.465999	-3.088388	-0.877242	-9.614652	-0.939249	-0.074229	-2.864695	-3.065133	 1.463764
-0.288981	-0.989433	-0.486830	-0.011543	-3.076033	-0.873733	-10.052542	-0.911855	-0.192557	-2.752405	-3.052871	 1.457179
-0.474918	-0.797946	-0.486830	-0.250314	-3.063728	-0.870238	-10.250507	-0.896389	-0.251721	-2.690979	-3.040658	 1.450985
-0.566565	-0.700989	-0.486830	-0.369700	-3.051472	-0.866757	-10.328592	-0.886894	-0.281303	-2.655007	-3.028495	 1.444998
-0.611072	-0.651303	-0.486830	-0.429393	-3.039266	-0.863290	-10.346821	-0.880392	-0.296094	-3.131783	-3.016381	 1.439127
-0.632014	-0.625256	-0.486830	-0.459239	-3.027109	-0.859837	-10.335206	-0.875393	-0.303489	-3.362954	-3.004315	 1.433325
-0.641180	-0.611034	-0.486830	 0.025838	-3.015000	-0.856397	-10.308751	-1.371153	 0.192813	-3.471351	-2.992298	 1.427569
-0.644462	-0.602730	-0.486830	 0.267354	-3.002940	-0.852972	-10.274959	-1.615299	 0.439586	-3.518390	-2.980329	 1.421847
-0.644807	-0.597389	-0.486830	-0.112905	-2.990929	-0.849560	-9.737580	-1.233653	 0.561600	-3.034779	-2.968407	 1.416154
-0.643689	-0.593534	-0.486830	-0.303035	-2.978965	-0.846162	-9.450491	-1.041126	 0.621239	-2.787871	-2.956534	 1.410487
-0.641846	-0.590428	-0.486830	 0.101900	-2.967049	-0.842777	-9.288619	-0.943165	 0.149697	-2.659335	-2.944708	 1.404843
-0.639644	-0.587700	-0.486830	 0.303354	-2.955181	-0.839406	-9.189430	-0.892495	-0.086074	-2.590006	-2.932929	 1.399223
-0.637268	-0.585166	-0.486830	 0.403072	-2.943360	-0.836048	-9.121655	-0.865476	-0.203959	-2.550299	-2.921197	 1.393626
-0.634810	-0.582733	-0.486830	-0.048075	-2.931587	-0.832704	-9.069659	-0.850289	 0.237098	-2.525425	-2.909512	 1.388051
-0.632316	-0.580357	-0.486830	-0.273649	-2.919860	-0.829373	-9.025627	-0.841026	 0.456271	-2.507987	-2.897874	 1.382499
-0.629810	-0.578012	-0.486830	-0.386435	-2.908181	-0.826056	-8.985647	-0.834730	 0.564506	-2.494287	-2.886283	 1.376969
-0.627302	-0.575689	-0.486830	-0.442829	-2.896548	-0.822751	-8.947766	-0.829926	 0.617278	-2.482476	-2.874738	 1.371461
-0.124799	-0.573380	-0.486830	-0.471025	-2.884962	-0.819460	-9.411005	-0.325873	 0.642324	-2.471629	-2.863239	 1.365975
 0.126453	-0.571084	-0.486830	-0.485124	-2.873422	-0.816183	-9.622877	-0.073847	 0.653512	-2.461284	-2.851786	 1.360511
-0.247921	-0.568798	-0.486830	-0.492173	-2.861928	-0.812918	-9.209143	-0.447834	 0.657777	-2.451209	-2.840378	 1.355069
-0.433864	-0.566522	-0.486830	-0.495698	-2.850481	-0.809666	-8.984685	-0.633184	 0.658585	-2.441290	-2.829017	 1.349649
-0.525595	-0.564256	-0.486830	-0.497460	-2.839079	-0.806428	-8.854936	-0.724222	 0.657671	-2.431467	-2.817701	 1.344250
-0.570226	-0.561999	-0.486830	-0.498341	-2.827722	-0.803202	-8.772611	-0.768110	 0.655900	-2.421713	-2.806430	 1.338873
-0.591312	-0.559751	-0.486830	-0.498782	-2.816412	-0.799989	-8.714068	-0.788430	 0.653706	-2.412011	-2.795204	 1.333518
-0.600630	-0.557512	-0.486830	 0.000998	-2.805146	-0.796789	-8.667485	-0.796973	 0.151306	-2.902356	-2.784024	 1.328184
-0.604070	-0.555282	-0.486830	 0.249886	-2.793925	-0.793602	-8.626952	-0.799633	-0.099894	-3.140743	-2.772887	 1.322871
-0.604574	-0.553060	-0.486830	-0.125669	-2.782750	-0.790428	-8.589513	-0.799359	 0.274506	-2.753178	-2.761796	 1.317580
-0.603616	-0.550848	-0.486830	-0.312445	-2.771619	-0.787266	-8.553689	-0.797623	 0.460408	-2.554665	-2.750749	 1.312309
-0.601932	-0.548645	-0.486830	 0.094167	-2.760532	-0.784117	-8.518741	-0.795164	 0.552067	-2.450696	-2.739746	 1.307060
-0.599889	-0.546450	-0.486830	 0.296472	-2.749490	-0.780980	-8.484300	-0.792349	 0.596609	-2.394018	-2.728787	 1.301832
-0.597672	-0.544264	-0.486830	 0.397624	-2.738492	-0.777856	-8.450179	-0.789362	 0.617597	-2.361004	-2.717872	 1.296624
-0.095373	-1.042087	-0.486830	 0.448200	-2.727538	-0.774745	-8.416287	-0.786296	 0.626814	-2.339841	-2.707000	 1.291438
 0.155777	-1.287919	-0.486830	 0.473488	-2.716628	-0.771646	-8.382576	-0.783197	 0.630151	-2.324622	-2.696172	 1.286272
-0.218648	-0.907767	-0.486830	 0.486132	-2.705761	-0.768559	-8.349023	-0.780087	 0.630552	-2.312394	-2.685387	 1.281127
-0.404675	-0.716636	-0.486830	 0.492454	-2.694938	-0.765485	-8.315615	-0.776978	 0.629491	-2.301680	-2.674646	 1.276003
-0.496507	-0.620020	-0.486830	 0.495615	-2.684159	-0.762423	-8.282347	-0.273875	 0.627703	-2.291741	-2.663947	 1.270899
-0.541246	-0.570665	-0.486830	 0.497196	-2.673422	-0.759373	-8.249215	-0.022324	 0.625558	-2.282208	-2.653291	 1.265815
-0.562443	-0.544944	-0.486830	-0.002014	-2.662728	-0.756336	-8.216216	 0.103451	 0.623238	-2.272896	-2.642678	 1.260752
-0.571875	-0.531046	-0.486830	-0.250616	-2.652077	-0.753311	-8.183351	 0.166339	 0.620837	-2.263712	-2.632108	 1.255709
-0.575428	-0.523062	-0.486830	-0.374917	-2.641469	-0.750297	-8.150617	 0.197783	 0.618399	-2.254612	-2.621579	 1.250686
-0.576047	-0.518040	-0.486830	-0.437068	-2.630903	-0.747296	-8.118014	-0.286495	 0.615948	-2.245570	-2.611093	 1.245683
-0.575203	-0.514503	-0.486830	-0.468143	-2.620380	-0.744307	-8.085542	-0.527093	 0.613496	-2.236577	-2.600648	 1.240700
-0.573632	-0.511713	-0.486830	-0.483681	-2.609898	-0.741330	-8.553200	-0.145856	 0.611048	-2.227625	-2.590246	 1.235738
-0.571703	-0.509300	-0.486830	-0.491450	-2.599458	-0.738364	-8.768987	 0.044762	 0.608606	-2.218711	-2.579885	 1.230795
-0.569598	-0.507080	-0.486830	 0.004666	-2.589061	-0.735411	-8.358911	-0.359929	 0.606173	-2.209835	-2.569565	 1.225871
-0.567411	-0.504960	-0.486830	 0.251722	-2.578704	-0.732469	-8.137976	-0.560745	 0.603749	-2.200995	-2.559287	 1.220968
-0.565187	-0.502894	-0.486830	 0.375250	-2.568390	-0.729540	-8.011674	-0.659630	 0.601335	-2.192191	-2.549050	 1.216084
-0.562949	-0.500860	-0.486830	 0.437014	-2.558116	-0.726621	-7.932752	-0.707555	 0.598929	-2.183422	-2.538854	 1.211220
-0.560709	-0.499842	-0.486830	 0.467896	-2.547884	-0.723715	-7.877584	-0.730007	 0.596534	-2.174688	-2.528698	 1.206375
-0.558472	-0.499334	-0.486830	-0.016663	-2.537692	-0.720820	-8.334354	-0.739728	 0.594148	-2.165989	-2.518584	 1.701549
-0.556241	-0.499080	-0.486830	-0.257940	-2.527541	-0.717937	-8.545158	-0.743089	 0.591771	-2.157325	-2.508509	 1.944743
-0.554017	-0.498952	-0.486830	 0.121422	-2.517431	-0.715065	-8.133047	-0.743277	 0.589404	-2.148696	-2.498475	 2.061964
-0.551802	-0.498889	-0.486830	 0.310101	-2.507361	-0.712205	-7.911550	-0.741884	 0.587046	-2.140101	-2.488481	 2.116216
-0.549595	-0.498857	-0.486830	-0.095560	-2.497332	-0.709356	-7.785422	-0.739707	 0.584698	-2.131541	-2.478527	 1.639001
-0.547397	-0.498841	-0.486830	-0.297387	-2.487343	-0.706518	-7.707039	-0.737143	 0.582359	-2.123015	-2.468613	 1.398070
-0.545207	-0.498833	-0.486830	-0.398301	-2.477393	-0.703692	-8.152590	-0.234392	 0.580030	-2.114522	-2.458739	 1.275291
-0.543026	-0.498829	-0.486830	-0.448758	-2.467484	-0.700878	-8.358169	 0.016983	 0.577710	-2.106064	-2.448904	 1.211596
-0.540854	-0.498827	-0.486830	 0.026013	-2.457614	-0.698074	-7.943832	-0.357329	 0.575399	-2.097640	-2.439108	 1.177453
-0.538691	-0.498826	-0.486830	 0.262398	-2.447783	-0.695282	-7.721604	-0.543022	 0.573097	-2.089250	-2.429352	 1.158094
-0.536536	-0.498826	-0.486830	 0.380590	-2.437992	-0.692501	-7.595491	-0.634411	 0.570805	-2.080893	-2.419634	 1.146138
-0.534390	-0.498825	-0.486830	 0.439686	-2.428240	-0.689731	-7.517496	-0.678653	 0.568522	-2.072569	-2.409956	 1.637891
-0.532252	-0.498825	-0.486830	 0.469234	-2.418527	-0.686972	-7.463619	-0.699329	 0.566248	-2.064279	-2.400316	 1.879508
-0.530123	-0.498825	-0.486830	 0.484008	-2.408853	-0.684224	-7.421862	-0.708227	 1.063983	-2.056022	-2.390715	 1.496075
-0.528003	-0.498825	-0.486830	 0.491395	-2.399218	-0.681487	-7.386222	-0.711242	 1.309727	-2.047798	-2.381152	 1.302133
-0.525891	-0.498825	-0.486830	 0.495088	-2.389621	-0.678761	-7.353702	-0.711320	 0.929488	-2.039606	-2.371627	 1.702945
-0.523787	-0.498825	-0.486830	 0.496935	-2.380062	-0.676046	-7.322799	-0.709937	 0.738270	-2.031448	-2.362141	 1.899144
-0.521692	-0.498825	-0.486830	-0.002142	-2.370542	-0.673342	-7.292764	-0.207828	 0.641567	-2.023322	-2.352692	 1.493053
-0.519605	-0.498825	-0.486830	-0.250677	-2.361060	-0.670648	-7.263221	 0.043226	 0.592126	-2.015229	-2.343281	 1.287833
-0.517527	-0.498825	-0.486830	-0.374945	-2.351616	-0.667966	-7.233982	 0.168753	 0.566320	-2.007168	-2.333908	 1.183058
-0.515457	-0.498825	-0.486830	 0.062921	-2.342209	-0.665294	-7.204953	 0.231517	 0.552336	-1.999139	-2.324573	 1.628514
-0.513395	-0.498825	-0.486830	 0.280852	-2.332840	-0.662633	-7.176087	 0.262899	 0.544267	-1.991143	-2.315274	 1.847094
-0.511342	-0.498825	-0.486830	 0.389818	-2.323509	-0.659982	-7.147359	 0.278590	 0.539160	-1.983178	-2.306013	 1.452253
-0.509296	-0.498825	-0.486830	 0.444301	-2.314215	-0.657342	-7.118758	 0.286435	 0.535539	-1.975245	-2.296789	 1.252717
-0.507259	-0.498825	-0.486830	-0.028458	-2.304958	-0.654713	-7.090277	-0.209642	 0.532664	-1.967344	-2.287602	 1.150843
-0.505230	-0.498825	-0.486830	-0.263835	-2.295738	-0.652094	-7.061913	-0.456269	 0.530167	-1.959475	-2.278452	 1.097808
-0.503209	-0.498825	-0.486830	-0.381523	-2.286555	-0.649486	-7.033664	-0.578177	 0.527863	-1.451637	-2.269338	 1.569201
-0.501196	-0.498825	-0.486830	-0.440367	-2.277409	-0.646888	-7.005529	-0.637731	 0.525660	-1.195831	-2.260261	 1.800817
-0.500190	-0.498825	-0.486830	-0.469790	-2.268299	-0.644300	-6.977506	-0.666113	 0.523512	-1.066047	-2.251219	 1.912559
-0.499687	-0.498825	-0.486830	-0.484501	-2.259226	-0.641723	-6.949596	-0.178915	 0.521395	-1.499283	-2.242215	 1.964382
-0.499435	-0.498825	-0.486830	-0.491856	-2.250189	-0.639156	-6.921798	 0.064684	 0.519298	-1.712036	-2.233246	 1.986261
-0.499309	-0.498825	-0.486830	 0.004466	-2.241189	-0.636600	-6.894110	 0.186483	 0.517215	-1.814563	-2.224313	 1.993184
-0.499246	-0.498825	-0.486830	 0.251626	-2.232224	-0.634053	-6.866534	 0.247383	 0.515143	-1.861992	-2.215416	 1.992646
-0.499215	-0.498825	-0.486830	 0.375205	-2.223295	-0.631517	-6.839068	-0.222167	 0.513081	-1.881888	-2.206554	 1.988392
-0.499199	-0.498825	-0.486830	 0.436995	-2.214402	-0.628991	-6.811711	-0.455559	 0.511028	-1.888032	-2.197728	 1.982297
-0.499191	-0.498825	-0.486830	-0.032110	-2.205544	-0.626475	-6.784465	-0.070877	 0.508984	-1.887316	-2.188937	 1.975297
-0.499187	-0.498825	-0.486830	-0.265660	-2.196722	-0.623969	-6.757327	 0.121464	 0.506948	-1.883185	-2.180181	 1.967861
-0.499185	-0.498825	-0.486830	-0.382435	-2.187935	-0.621473	-6.730297	 0.217635	 0.504920	-1.877361	-2.171460	 1.960221
-0.499184	-0.498825	-0.486830	 0.059178	-2.179183	-0.618987	-6.703376	 0.265720	 0.502900	-1.870706	-2.162774	 1.452497
-0.499184	-0.498825	-0.486830	 0.278982	-2.170467	-0.616511	-6.676563	 0.289763	 0.500889	-1.863650	-2.154123	 1.196745
-0.499184	-0.498825	-0.486830	 0.388885	-2.161785	-0.614045	-6.649856	 0.301784	 0.999883	-1.856409	-2.145507	 1.066987
-0.499183	-0.498825	-0.486830	 0.443836	-2.153138	-0.611589	-6.623257	 0.307794	 1.246382	-1.849091	-2.136925	 1.000233
-0.499183	-0.498825	-0.486830	 0.471311	-2.144525	-0.609143	-6.596764	 0.310800	 0.866646	-1.841748	-2.128377	 1.464990
-0.499183	-0.498825	-0.486830	 0.485049	-2.135947	-0.606706	-6.570377	 0.312302	 0.676778	-1.834407	-2.119864	 1.693508
-0.499183	-0.498825	-0.486830	-0.008082	-2.127403	-0.604279	-6.544095	 0.313054	 1.081844	-1.827083	-2.111384	 1.803924
-0.499183	-0.498825	-0.486830	-0.253645	-2.118894	-0.601862	-6.517919	 0.313429	 1.281403	-1.819781	-2.102939	 1.855303
-0.499183	-0.498825	-0.486830	-0.376427	-2.110418	-0.599455	-6.491847	 0.313617	 1.378221	-1.812506	-2.094527	 1.877179
-0.499183	-0.498825	-0.486830	 0.062183	-2.101976	-0.597057	-6.465880	 0.313711	 0.923680	-1.805257	-2.086149	 1.884319
-0.499183	-0.498825	-0.486830	 0.280486	-2.093568	-0.594669	-6.440016	 0.313758	 0.696409	-1.798037	-2.077804	 1.884106
-0.499183	-0.498825	-0.486830	 0.389637	-2.085194	-0.592290	-6.414256	 0.313782	 1.082774	-1.790845	-2.069493	 1.880232
-0.499183	-0.498825	-0.486830	 0.444213	-2.076853	-0.589921	-6.388599	 0.313793	 1.273018	-1.783682	-2.061215	 1.874542
-0.499183	-0.498825	-0.486830	-0.028499	-2.068546	-0.587561	-6.363045	-0.186201	 0.865213	-1.276548	-2.052970	 1.367959
-0.499183	-0.498825	-0.486830	-0.263853	-2.060272	-0.585211	-6.337593	-0.434825	 0.661311	-1.021441	-2.044758	 1.112945
-0.499183	-0.498825	-0.486830	-0.381530	-2.052031	-0.582870	-6.312242	-0.057771	 1.059360	-1.392356	-2.036579	 0.983722
-0.499183	-0.498825	-0.486830	-0.440368	-2.043823	-0.580539	-6.286993	 0.130756	 1.255469	-1.574286	-2.028433	 0.917402
-0.499183	-0.498825	-0.486830	-0.469787	-2.035647	-0.578216	-6.261845	 0.225020	 1.350621	-1.661739	-2.020319	 0.882539
-0.499183	-0.498825	-0.486830	 0.015503	-2.027505	-0.575904	-6.236798	 0.272152	 1.395305	-1.701967	-2.012238	 0.863413
-0.499183	-0.498825	-0.486830	 0.257147	-2.019395	-0.573600	-6.211851	 0.295718	 1.414768	-1.718597	-2.004189	 0.852161
-0.499183	-0.498825	-0.486830	-0.122032	-2.011317	-0.571306	-6.187003	-0.192499	 0.921630	-1.723441	-1.996172	 0.844853
-0.499183	-0.498825	-0.486830	-0.310618	-2.003272	-0.569020	-6.162255	-0.435246	 0.675061	-1.722407	-1.988187	 0.839524
-0.499183	-0.498825	-0.486830	 0.095088	-1.995259	-0.566744	-6.137606	-0.555264	 1.051777	-1.718447	-1.980235	 1.335191
-0.499183	-0.498825	-0.486830	 0.296940	-1.987278	-0.564477	-6.113056	-0.613922	 1.237278	-1.713038	-1.972314	 1.579363
-0.499183	-0.498825	-0.486830	 0.397866	-1.979329	-0.562219	-6.088604	-0.641906	 1.327183	-1.706918	-1.964425	 1.697802
-0.499183	-0.498825	-0.486830	 0.448329	-1.971411	-0.559971	-6.064249	-0.654558	 1.369301	-1.700457	-1.956567	 1.753389
-0.499183	-0.498825	-0.486830	 0.473560	-1.963526	-0.557731	-6.039992	-0.659550	 1.387537	-1.693838	-1.948741	 1.777565
 0.000817	-0.498825	-0.486830	 0.486176	-1.955672	-0.555500	-6.015832	-0.660717	 0.893844	-1.687154	-1.940946	 1.286049
 0.249815	-0.498825	-0.486830	 0.492484	-1.947849	-0.553278	-5.991769	-0.659976	 0.646997	-1.680451	-1.933182	 1.038702
-0.125686	-0.498825	-0.486830	 0.495638	-1.940057	-0.551065	-5.967802	-0.158288	 1.023574	-1.673752	-1.925449	 1.413446
-0.312434	-0.498825	-0.486830	 0.497215	-1.932297	-0.548860	-5.943931	 0.092557	 1.209062	-1.667069	-1.917747	 1.597241
-0.405808	-0.498825	-0.486830	-0.001997	-1.924568	-0.546665	-6.420155	-0.282021	 1.299017	-1.660406	-1.910076	 1.685577
-0.452495	-0.498825	-0.486830	-0.250600	-1.916870	-0.544478	-6.644474	-0.467997	 1.341216	-1.653768	-1.902436	 1.726197
-0.475838	-0.498825	-0.486830	 0.125098	-1.909202	-0.542300	-6.242897	-0.059677	 0.859549	-1.647154	-1.894826	 1.242973
-0.487510	-0.498825	-0.486830	 0.311946	-1.901565	-0.540131	-6.030425	 0.144483	 0.618716	-1.640566	-1.887247	 0.999842
-0.493346	-0.498825	-0.486830	 0.405370	-1.893959	-0.537971	-5.912553	 0.246563	 0.498299	-1.634004	-1.879698	 0.876763
-0.496264	-0.498825	-0.486830	 0.452082	-1.886383	-0.535819	-5.842028	-0.202397	 0.938091	-1.627468	-1.872179	 0.813716
-0.497723	-0.498825	-0.486830	 0.475438	-1.878838	-0.533675	-5.795222	-0.425574	 1.155231	-1.620958	-1.864690	 0.780691
-0.498452	-0.498825	-0.486830	 0.487116	-1.871322	-0.531541	-5.760323	-0.535865	 1.261056	-1.614475	-1.857232	 1.262684
-0.498817	-0.498825	-0.486830	 0.492955	-1.863837	-0.529415	-5.731422	-0.589718	 1.311235	-1.608017	-1.849803	 1.500190
-0.498999	-0.998825	-0.486830	 0.495874	-1.856382	-0.527297	-5.705567	-0.115358	 1.333601	-1.101585	-1.842404	 1.115468
-0.499091	-1.245828	-0.486830	 0.497334	-1.848956	-0.525188	-5.681280	 0.121822	 1.342073	-0.847178	-1.835034	 0.921646
-0.499136	-0.866343	-0.486830	 0.498064	-1.841560	-0.523087	-5.657822	-0.259587	 0.843607	-0.718790	-1.827694	 0.823279
-0.499159	-0.676601	-0.486830	 0.498429	-1.834194	-0.520995	-5.634825	-0.449010	 0.594375	-0.653415	-1.820383	 0.772646
-0.499170	-0.581730	-0.486830	 0.498611	-1.826857	-0.518911	-5.612102	-0.542445	 0.469758	-0.619551	-1.813101	 0.745885
 0.000824	-0.534294	-0.486830	-0.001298	-1.819550	-0.516835	-5.589562	-0.087891	 0.907450	-0.601448	-1.805849	 1.231066
 0.249819	-0.510576	-0.486830	-0.250250	-1.812272	-0.514768	-5.567158	 0.139387	 1.123606	-0.591229	-1.798626	 1.470225
-0.125683	-1.998717	-0.486830	 0.125274	-1.805023	-0.512709	-6.044867	 0.253025	 0.729004	-1.084958	-1.791431	 1.586385
-0.312432	-2.735814	-0.486830	 0.312035	-1.797803	-0.510658	-6.270676	 0.309845	 0.531703	-1.328665	-1.784265	 1.641060
-0.405806	-1.597417	-0.486830	 0.405415	-1.790611	-0.508615	-5.870587	-0.161746	 0.433053	-0.947374	-1.777128	 1.165006
-0.452493	-1.028218	-0.486830	 0.452105	-1.783449	-0.506581	-5.659602	-0.396274	 0.383728	-0.755596	-1.770020	 0.925601
-0.475837	-0.743619	-0.486830	-0.024550	-1.776315	-0.504554	-5.543212	-0.012277	 0.859065	-1.158580	-1.762940	 1.304526
-0.487509	-0.601319	-0.486830	-0.261875	-1.769210	-0.502536	-5.474164	 0.179722	 1.094065	-1.356948	-1.755888	 1.490622
-0.493344	-0.530169	-0.486830	-0.380537	-1.762133	-0.500526	-5.428829	 0.275721	 1.208907	-1.453022	-1.748864	 1.580317
-0.496262	-0.494594	-0.486830	 0.060131	-1.755085	-0.499521	-5.395395	 0.323721	 1.263680	-0.997961	-1.741869	 1.621824
-0.497721	-0.476807	-0.486830	 0.279464	-1.748064	-0.499018	-5.367954	 0.347721	 1.288430	-0.769344	-1.734902	 1.639251
-0.498451	-0.467913	-0.486830	-0.110870	-1.741072	-0.498767	-5.343552	-0.140279	 1.298178	-1.153954	-1.727962	 1.644651
-0.498816	-0.463466	-0.486830	-0.305034	-1.734108	-0.498641	-5.320713	-0.383023	 1.300437	-1.343183	-1.721050	 1.644051
-0.498998	-0.461243	-0.486830	-0.402116	-1.727171	-0.498579	-5.298698	-0.003143	 1.298961	-1.434732	-1.714166	 1.640464
-0.499089	-0.460131	-0.486830	-0.450657	-1.720263	-0.498547	-5.277137	 0.186797	 1.295628	-1.477454	-1.707309	 1.635397
-0.499135	-0.459575	-0.486830	 0.025072	-1.713382	-0.498532	-5.255845	 0.281767	 1.291376	-1.495774	-1.700480	 1.629602
-0.499158	-0.459297	-0.486830	 0.261935	-1.706528	-0.498524	-5.234730	 0.329252	 1.286677	-1.501907	-1.693678	 1.623458
-0.499169	-0.459158	-0.486830	 0.380367	-1.699702	-0.498520	-5.213746	 0.352994	 1.281763	-1.501957	-1.686903	 1.617151
-0.499175	-0.459089	-0.486830	-0.060417	-1.692903	-0.498518	-5.192868	-0.135135	 1.276752	-0.998978	-1.680156	 1.610775
-0.499178	-0.459054	-0.486830	-0.279807	-1.686131	-0.498517	-5.172085	-0.377952	 1.271703	-0.747488	-1.673435	 1.604379
-0.499179	-0.459037	-0.486830	-0.389502	-1.679387	-0.498516	-5.151391	-0.498120	 0.766646	-1.121743	-1.666741	 1.597985
-0.499180	-0.459028	-0.486830	-0.444349	-1.672669	-0.498516	-5.130782	-0.556967	 0.514117	-1.305879	-1.660074	 1.591605
-0.499180	-0.459024	-0.486830	-0.471773	-1.665979	-0.498516	-5.110258	-0.585159	 0.887852	-1.394967	-1.653434	 1.085244
-0.499180	-0.459022	-0.486830	-0.485485	-1.659315	-0.498516	-5.089816	-0.598028	 1.072197	-1.436542	-1.646820	 0.830906
-0.499180	-0.459021	-0.486830	-0.492341	-1.652678	-0.498516	-5.069457	-0.603241	 0.661856	-1.454374	-1.640233	 1.202584
-0.499180	-0.459020	-0.486830	-0.495769	-1.646067	-0.498516	-5.049179	-0.604630	 0.456686	-1.460346	-1.633672	 1.385274
-0.499180	-0.459020	-0.486830	-0.497483	-1.639483	-0.498516	-5.028982	-0.604113	 0.354101	-1.460399	-1.627137	 1.473483
-0.499180	-0.459020	-0.486830	 0.001660	-1.632925	-0.498516	-5.008866	-0.602647	 0.802808	-1.457504	-1.620629	 1.514465
-0.499180	-0.459020	-0.486830	 0.250230	-1.626393	-0.498516	-4.988830	-0.600712	 1.024659	-1.453148	-1.614146	 1.531844
-0.499180	-0.459020	-0.486830	-0.125485	-1.619887	-0.498516	-4.968875	-0.098547	 0.633091	-1.448072	-1.607690	 1.537436
-0.499180	-0.459020	-0.486830	-0.312340	-1.613408	-0.498516	-4.948999	 0.152536	 0.437307	-1.442648	-1.601259	 1.537145
 0.000820	-0.459020	-0.486830	-0.405768	-1.606954	-0.498516	-4.929203	 0.278077	 0.839415	-0.937062	-1.594854	 1.533927
 0.249818	-0.459020	-0.486830	-0.452481	-1.600526	-0.498516	-4.909487	 0.340848	 1.037986	-0.684269	-1.588475	 1.529256
-0.125683	-0.459020	-0.486830	 0.024162	-1.594124	-0.498516	-4.889849	-0.127767	 1.134799	-1.057872	-1.582121	 1.023871
-0.312431	-0.459020	-0.486830	 0.261482	-1.587748	-0.498516	-4.870289	-0.360882	 1.180742	-1.241811	-1.575792	 0.770142
-0.405805	-0.459020	-0.486830	-0.119858	-1.581397	-0.498516	-4.850808	 0.023749	 1.201260	-1.330929	-1.569489	 1.142244
-0.452492	-0.459020	-0.486830	-0.309526	-1.575071	-0.498516	-4.831405	 0.216064	 1.209075	-1.372647	-1.563211	 1.325267
-0.475835	-0.459020	-0.486830	-0.404360	-1.568771	-0.498516	-4.812079	 0.312222	 1.210549	-1.390678	-1.556958	 1.413762
-0.487507	-0.459020	-0.486830	-0.451777	-2.062496	-0.498516	-4.792831	 0.360301	 0.708862	-0.896876	-1.550730	 1.455004
-0.493343	-0.459020	-0.486830	-0.475485	-2.304246	-0.498516	-4.773660	 0.384340	 0.458019	-0.649975	-1.544528	 1.472633
-0.496261	-0.459020	-0.486830	 0.012661	-1.920029	-0.498516	-4.754565	 0.396360	 0.832597	-1.026525	-1.538349	 1.478467
-0.497720	-0.459020	-0.486830	 0.255732	-1.724849	-0.498516	-4.735547	 0.402370	 1.017472	-1.211993	-1.532196	 1.478416
-0.498449	-0.459020	-0.486830	 0.377268	-1.624199	-0.498516	-4.716605	-0.094625	 0.607504	-0.801932	-1.526067	 0.975433
-0.498814	-0.459020	-0.486830	 0.438035	-1.570828	-0.498516	-4.697738	-0.341939	 0.402521	-0.596902	-1.519963	 0.723942
-0.498997	-0.459020	-0.486830	 0.468419	-1.541107	-0.498516	-4.678947	 0.035582	 0.800029	-0.994387	-1.513883	 1.098196
-0.499088	-0.459020	-0.486830	 0.483611	-1.523224	-0.498516	-4.660231	 0.224343	 0.996388	-1.190346	-1.507828	 1.282379
-0.499133	-0.459020	-0.486830	 0.491207	-1.511271	-0.498516	-4.641590	 0.318723	 1.092182	-1.285552	-1.501796	 1.371537
-0.499156	-0.459020	-0.486830	 0.495005	-1.502297	-0.498516	-4.623024	-0.134087	 1.137703	-1.330394	-1.495789	 1.413194
-0.499168	-0.459020	-0.486830	 0.496904	-1.494822	-0.498516	-4.604532	-0.359318	 1.158097	-1.350065	-1.489806	 1.431113
-0.499173	-0.459020	-0.486830	-0.002146	-1.488111	-0.498516	-4.586114	 0.029236	 1.165937	-1.357160	-1.483847	 1.437175
-0.499176	-0.459020	-0.486830	-0.250669	-1.481792	-0.498516	-4.567769	 0.223512	 1.167509	-1.357980	-1.477911	 1.437319
-0.499177	-0.459020	-0.486830	 0.125069	-1.475682	-0.498516	-4.549498	 0.320651	 1.165958	-1.355672	-1.472000	 1.434516
-0.499178	-0.459020	-0.486830	 0.311937	-1.469688	-0.498516	-4.531300	 0.369220	 1.162853	-1.351811	-1.466112	 1.430251
-0.499179	-0.959020	-0.486830	 0.405371	-1.463763	-0.498516	-4.513175	 0.393505	 1.158981	-0.847185	-1.460247	 0.925267
-0.499179	-1.206101	-0.486830	 0.452088	-1.457885	-0.498516	-4.495122	 0.405647	 1.154735	-0.594872	-1.454406	 0.672775
-0.499179	-1.326736	-0.486830	 0.475446	-1.452042	-0.498516	-4.477142	 0.411718	 1.150311	-0.468715	-1.448589	 0.546529
-0.499179	-0.884159	-0.486830	-0.012875	-1.446228	-0.498516	-4.459233	 0.414754	 1.145807	-0.405637	-1.442794	 0.983406
-0.499179	-0.662870	-0.486830	-0.256033	-1.440440	-0.498516	-4.441396	 0.416271	 1.141272	-0.374098	-1.437023	 1.199004
-0.499179	-0.552226	-0.486830	 0.122388	-1.434677	-0.498516	-4.423631	 0.417030	 1.136732	-0.858328	-1.431275	 1.303973
-0.499179	-0.496903	-0.486830	 0.310597	-1.428938	-0.498516	-4.405936	 0.417410	 1.132197	-1.097758	-1.425550	 1.353640
-0.499179	-0.469242	-0.486830	 0.404702	-1.923222	-0.498516	-4.388313	-0.082401	 1.127674	-1.214799	-1.419848	 1.375667
