-0.499221	 0.498671	-0.384419	 0.199629	-0.466061	 0.264624	-0.498376	 0.139599	 0.161985	 0.452851	-0.263696	 0.184982
-0.499221	-0.001329	-0.384373	 0.293840	-0.442356	-0.118642	-0.498376	-0.353518	 0.161985	 0.476390	-0.381385	 0.184982
-0.499221	-0.250326	-0.384350	 0.340946	-0.430503	-0.309272	-0.498376	-0.598384	 0.161985	 0.488160	-0.440229	 0.184982
-0.499221	-0.374825	-0.384338	 0.364499	-0.424577	-0.404586	-0.498376	-0.719130	 0.161985	 0.494045	-0.469651	 0.184982
-0.499221	 0.062926	-0.384332	 0.376275	-0.421614	 0.047756	-0.498376	-0.777823	 0.161985	 0.496987	 0.015638	 0.184982
-0.499221	 0.280800	-0.384329	 0.382163	-0.420132	 0.272927	-0.498376	-0.805497	 0.161985	 0.498458	 0.257281	 0.184982
-0.499221	 0.389737	-0.384328	 0.385107	-0.419392	 0.385513	-0.498376	-0.317668	 0.161985	 0.499194	 0.378102	 0.184982
-0.499221	 0.444205	-0.384327	 0.386579	-0.419021	 0.441806	-0.498376	-0.073753	 0.161985	 0.499562	 0.438513	 0.184982
-0.499221	 0.471439	-0.384327	 0.387315	-0.418836	 0.469952	-0.498376	 0.048205	 0.161985	 0.499746	 0.468718	 0.184982
-0.499221	 0.485057	-0.384327	 0.387683	-0.418743	 0.484025	-0.498376	 0.109183	 0.161985	 0.499838	 0.483821	 0.184982
-0.499221	 0.491865	-0.384327	 0.387867	-0.418697	 0.491062	-0.498376	 0.139673	 0.161985	-0.000117	-0.008628	 0.184982
-0.499221	 0.495269	-0.384326	 0.387959	-0.418674	 0.494580	-0.498376	 0.154917	 0.161985	-0.249093	-0.253850	 0.184982
-0.499221	 0.496972	-0.384326	 0.388005	-0.418662	 0.496339	-0.498376	 0.162540	 0.161985	-0.373582	-0.376461	 0.184982
-0.499221	 0.497823	-0.384326	 0.388028	-0.418657	 0.497219	-0.498376	 0.166351	 0.161985	 0.064174	 0.062233	 0.184982
-0.499221	 0.498248	-0.384326	 0.388040	-0.418654	 0.497659	-0.498376	 0.168256	 0.161985	 0.282048	 0.280578	 0.184982
-0.499221	 0.498461	-0.384326	-0.111954	-0.418652	 0.497879	-0.498376	 0.169209	 0.161985	 0.390985	-0.110249	 0.184982
-0.499221	 0.498567	-0.384326	-0.360728	-0.418651	 0.497989	-0.498376	 0.169686	 0.161985	 0.445454	-0.304660	 0.184982
-0.499221	 0.498621	-0.384326	 0.016105	-0.418651	-0.001956	-0.498376	 0.169924	 0.161985	 0.472688	 0.098134	 0.184982
-0.499221	 0.498647	-0.384326	 0.204521	-0.418651	-0.250925	-0.498376	 0.170043	 0.161985	 0.486305	 0.298529	 0.184982
-0.499221	-0.001340	-0.384326	 0.298729	-0.418651	 0.124591	-0.498376	 0.170102	 0.161985	 0.493113	 0.398727	 0.184982
-0.499221	-0.250330	-0.384326	 0.345833	-0.418651	 0.311348	-0.498376	 0.170132	 0.161985	 0.496518	 0.448826	 0.184982
-0.499221	-0.374826	-0.384326	 0.369385	-0.418651	 0.404727	-0.498376	 0.170147	 0.161985	 0.498220	 0.473875	 0.184982
-0.499221	 0.062927	-0.384326	 0.381161	-0.418651	-0.048584	-0.498376	 0.170155	 0.161985	 0.499071	 0.486400	 0.184982
-0.499221	 0.280802	-0.384326	 0.387049	-0.418651	-0.274235	-0.498376	 0.170158	 0.161985	 0.499496	 0.492662	 0.184982
-0.499221	 0.389739	-0.384326	 0.389993	-0.418651	 0.112939	-0.498376	 0.170160	 0.161985	 0.499709	 0.495793	 0.184982
-0.499221	 0.444208	-0.384326	 0.391465	-0.418651	 0.305526	-0.498376	 0.170161	 0.161985	 0.499816	 0.497359	 0.184982
-0.499221	 0.471442	-0.384326	 0.392201	-0.418651	-0.098181	-0.498376	 0.170162	 0.161985	 0.499869	-0.001858	 0.184982
-0.499221	 0.485059	-0.384326	 0.392569	-0.418651	-0.299030	-0.498376	 0.170162	 0.161985	 0.499895	-0.250465	 0.184982
-0.499221	 0.491868	-0.384326	 0.392753	-0.418651	 0.100545	-0.498376	 0.170162	 0.161985	 0.499909	 0.125232	 0.184982
-0.499221	 0.495272	-0.384326	 0.392845	-0.418651	 0.299333	-0.498376	 0.170162	 0.161985	 0.499915	 0.312078	 0.184982
-0.499221	 0.496974	-0.384326	 0.392891	-0.418651	 0.398726	-0.498376	 0.170162	 0.161985	 0.499919	 0.405502	 0.184982
-0.499221	 0.497825	-0.384326	 0.392914	-0.418651	 0.448423	-0.498376	 0.170162	 0.161985	 0.499920	 0.452213	 0.184982
-0.499221	 0.498251	-0.384326	 0.392926	-0.418651	 0.473272	-0.498376	 0.170162	 0.161985	 0.499921	 0.475569	 0.184982
-0.499221	 0.498464	-0.384326	 0.392931	-0.418651	 0.485696	-0.498376	 0.170162	 0.161985	 0.499922	 0.487247	 0.184982
-0.499221	 0.498570	-0.384326	 0.392934	-0.418651	 0.491908	-0.498376	 0.170162	 0.161985	 0.499922	 0.493086	 0.184982
-0.499221	 0.498623	-0.384326	 0.392936	 0.081349	 0.495014	 0.001624	 0.170162	 0.161985	 0.499922	 0.496005	 0.184982
-0.499221	 0.498650	-0.384326	 0.392936	 0.330187	 0.496567	 0.250621	 0.170162	 0.161985	 0.499922	 0.497465	 0.184982
-0.499221	 0.498663	-0.384326	 0.392937	 0.453447	 0.497343	 0.375120	 0.670162	 0.161985	 0.499922	 0.498195	 0.184982
-0.499221	 0.498670	-0.384326	 0.392937	 0.513924	 0.497732	 0.437369	 0.917822	 0.161985	 0.499922	 0.498560	 0.184982
-0.499221	 0.498673	-0.384326	 0.392937	 0.543014	 0.497926	 0.468493	 1.039321	 0.161985	 0.499922	 0.498742	 0.184982
-0.499221	 0.498675	-0.384326	 0.892937	 0.556414	 0.498023	 0.484056	 1.097748	 0.161985	 0.499922	 0.498834	 0.184982
-0.499221	 0.498676	-0.384326	 1.140151	 0.561975	 0.498071	 0.491837	 1.124650	 0.161985	 0.499922	 0.498879	 0.184982
-0.499221	 0.498676	-0.384326	 1.260984	 0.563620	 0.998096	 0.495727	 1.135798	 0.661985	 0.499922	 0.498902	 0.184982
-0.499221	 0.498676	-0.384326	 1.318636	 0.563312	 1.245112	 0.497673	 1.139077	 0.909661	 0.499922	 0.498914	 0.184982
-0.499221	 0.498676	-0.384326	 1.344710	 1.062032	 0.865635	 0.498645	 1.138433	 0.531184	 0.499922	 0.498919	 0.184982
-0.499221	 0.498676	-0.384326	 1.355005	 1.308271	 0.675897	 0.499132	 1.135835	 0.341946	 0.499922	 0.498922	 0.184982
-0.499221	 0.498676	 0.115674	 1.357422	 1.428281	 1.081028	 0.499375	 1.132269	 0.247327	 0.499922	 0.498924	 0.684982
-0.499221	 0.498676	 0.364442	 1.355911	 1.485190	 1.280621	 0.499496	 1.128229	 0.200017	 0.499922	 0.498924	 0.932612
-0.499221	 0.498676	 0.487600	 1.352447	 1.510560	 1.377457	 0.499557	 1.123961	 0.176362	 0.499922	 0.498925	 1.054066
-0.499221	 0.498676	 0.547958	 1.348016	 1.520173	 1.422927	 0.499587	 0.619587	 0.164535	 0.499922	 0.498925	 0.612442
-0.499221	 0.498676	 0.576920	 1.343114	 1.521920	 1.442725	 0.499603	 0.367400	 0.158621	 0.499922	 0.498925	 0.391631
-0.499221	 0.498676	 0.590189	 1.337987	 1.519746	 1.449699	 0.499610	 0.741307	 0.655664	 0.499922	 0.498925	 0.281225
-0.499221	 0.498676	 0.595617	 1.332757	 1.515624	 1.450272	 0.499614	 0.926030	 0.901880	 0.499922	 0.498925	 0.226022
-0.499221	 0.498676	 0.097128	 1.327487	 1.510540	 1.447657	 0.499616	 1.016170	 0.522692	 0.499922	 0.498925	 0.198420
-0.499221	 0.498676	-0.152116	 1.322208	 1.504987	 1.443460	 0.499617	 1.059027	 0.333098	 0.499922	 0.498925	 0.184619
 0.000779	 0.498676	-0.276738	 1.316935	 1.499212	 0.938483	 0.499617	 0.578252	 0.738301	 0.499922	 0.498925	 0.177719
 0.249777	 0.498676	-0.339049	 1.311674	 1.493337	 0.685994	 0.499618	 0.337864	 0.938616	 0.499922	 0.498925	 0.174269
-0.125724	 0.498676	-0.370204	 1.306432	 1.487425	 1.059750	 0.499618	 0.717671	 0.536495	 0.499922	 0.498925	 0.172544
-0.312471	 0.498676	-0.385782	 1.301208	 1.481506	 1.243760	 0.499618	 0.905379	 0.335435	 0.499922	 0.498925	 0.171681
-0.405845	 0.498676	-0.393571	 1.296004	 1.475595	 1.332910	 0.499618	 0.997047	 0.234905	 0.499922	 0.498925	 0.171250
-0.452532	 0.498676	-0.397465	 1.290820	 1.469700	 0.874641	 0.499618	 1.040703	 0.184640	 0.499922	 0.498925	 0.171034
-0.475876	 0.498676	-0.399413	 1.285657	 1.463825	 0.645507	 0.499618	 1.060363	 0.159507	 0.499922	 0.498925	 0.170926
-0.487548	 0.498676	-0.400386	 1.280515	 0.957972	 0.530939	 0.499618	 1.068033	 0.146941	 0.499922	 0.498925	 0.170873
-0.493384	 0.498676	-0.400873	 1.275393	 0.705045	 0.473656	 0.499618	 1.069716	 0.140658	 0.499922	 0.498925	 0.170846
-0.496301	 0.498676	-0.401116	 0.770291	 0.578582	 0.445014	 0.499618	 1.068415	 0.137516	 0.499922	 0.498925	 0.170832
-0.497760	 0.498676	-0.401238	 0.517740	 0.515350	 0.430693	 0.499618	 1.065630	 0.135945	 0.499922	 0.498925	 0.170825
-0.498490	 0.498676	-0.401299	 0.391465	 0.483735	 0.423532	 0.499618	 0.562112	 0.135160	 0.499922	 0.498925	 0.670822
-0.498855	 0.498676	-0.401329	 0.328327	 0.467927	 0.419952	 0.499618	 0.310353	 0.134767	 0.499922	 0.498925	 0.918479
-0.499037	 0.498676	-0.401345	 0.296759	 0.460023	 0.418162	 0.499618	 0.184474	 0.134571	 0.499922	 0.498925	 1.039975
-0.499128	 0.498676	-0.401352	 0.280974	 0.456071	 0.417267	 0.499618	 0.621534	 0.134473	 0.499922	 0.498925	 1.098400
-0.499174	 0.498676	-0.401356	 0.273082	 0.454095	 0.416819	 0.499618	 0.837947	 0.134424	 0.499922	 0.498925	 1.125299
-0.499197	 0.498676	-0.401358	 0.269136	 0.453107	 0.416596	 0.499618	 0.944044	 0.134399	 0.499922	 0.498925	 0.636444
-0.499208	 0.498676	-0.401359	 0.267163	 0.452613	 0.416484	 0.499618	 0.994993	 0.134387	 0.499922	 0.498925	 0.392016
-0.499214	 0.498676	-0.401359	 0.266176	 0.452366	 0.416428	 0.499618	 1.018375	 0.134381	 0.499922	 0.498925	 0.269803
-0.499217	 0.498676	-0.401360	 0.265683	 0.452242	 0.416400	 0.499618	 1.027983	 0.134378	 0.499922	 0.498925	 0.208696
-0.499218	 0.498676	-0.401360	 0.265436	 0.452180	 0.416386	 0.499618	 1.030712	 0.134376	 0.499922	 0.498925	 0.178142
-0.499219	 0.498676	-0.401360	 0.265313	 0.452150	 0.416379	 0.499618	 1.030009	 0.134375	 0.499922	 0.498925	 0.162866
-0.499219	 0.498676	-0.401360	 0.265251	 0.452134	 0.416375	 0.499618	 1.027599	 0.134375	 0.499922	 0.498925	 0.155227
-0.499219	 0.498676	-0.401360	 0.265221	-0.047874	 0.416374	-0.000382	 1.024344	 0.134375	 0.499922	 0.498925	 0.151408
-0.499219	 0.498676	-0.401360	 0.265205	-0.296782	 0.416373	-0.249381	 1.020674	 0.134375	 0.499922	 0.498925	 0.149498
-0.499219	 0.498676	-0.401360	 0.265197	-0.420144	-0.083628	-0.373881	 1.016805	 0.134375	 0.499922	 0.498925	 0.648544
-0.499219	 0.498676	-0.401360	 0.265194	-0.480739	-0.332461	-0.436131	 1.012845	 0.134374	 0.499922	 0.498925	 0.895771
-0.499219	 0.498676	-0.401360	 0.265192	-0.009953	 0.044286	 0.032744	 1.008847	 0.134374	 0.499922	 0.498925	 0.517099
-0.499219	 0.498676	-0.401360	 0.265191	 0.225440	 0.232659	 0.266179	 1.004838	 0.134374	 0.499922	 0.498925	 0.327763
-0.499219	 0.498676	-0.401360	 0.265190	 0.343136	-0.173155	-0.117104	 0.500832	 0.634374	 0.499922	 0.498925	 0.733095
-0.499219	 0.498676	-0.401360	 0.265190	 0.401984	-0.374904	-0.307745	 0.248829	 0.882106	 0.499922	 0.498925	 0.933484
-0.499219	 0.498676	-0.401360	 0.265190	 0.431408	-0.474625	-0.403065	 0.122828	 1.003712	 0.499922	 0.498925	 1.031410
-0.499219	 0.498676	-0.401360	 0.265190	-0.053880	-0.023337	 0.049275	 0.059827	 0.562264	 0.499922	 0.498925	 0.578115
-0.499219	 0.498676	-0.401360	 0.265190	-0.295445	 0.202307	 0.274441	 0.028327	 0.341540	 0.499922	 0.498925	 0.351468
-0.499219	 0.498676	-0.401360	 0.265190	 0.084846	 0.315129	 0.387025	 0.012577	 0.231178	 0.499922	 0.498925	 0.238144
-0.499219	 0.498676	-0.401360	 0.265190	 0.274991	 0.371540	 0.443316	 0.004701	 0.175997	 0.499922	 0.498925	 0.181482
-0.499219	 0.498676	-0.401360	 0.265190	 0.370064	 0.399746	-0.028538	 0.500764	 0.148407	 0.499922	 0.498925	 0.153151
-0.499219	 0.498676	-0.401360	 0.265190	 0.417601	 0.413849	-0.263464	 0.746801	 0.134612	 0.499922	 0.498925	 0.138985
-0.499219	 0.498676	-0.901360	 0.265190	 0.441369	 0.420900	-0.380927	 0.867835	 0.127714	 0.499922	 0.498925	 0.131903
-0.499219	 0.498676	-1.148557	 0.265190	 0.453253	 0.424426	-0.439659	 0.926373	 0.124265	 0.499922	 0.498925	 0.128361
-0.499219	 0.498676	-1.269364	 0.265190	 0.459195	 0.426189	-0.469025	 0.953673	 0.122541	 0.499922	 0.498925	 0.126591
-0.499219	 0.498676	-1.326987	 0.265190	-0.037834	 0.427070	-0.483708	 0.465361	 0.121679	 0.499922	 0.498925	 0.125705
-0.499219	 0.498676	-1.353030	 0.265190	-0.285279	 0.427511	-0.491049	 0.221205	 0.121247	 0.499922	 0.498925	 0.125263
-0.499219	 0.498676	-0.863293	 0.265190	 0.092064	 0.427731	 0.005280	 0.099127	 0.121032	 0.499922	 0.498925	 0.125041
-0.499219	 0.498676	-0.618424	 0.265190	 0.280736	 0.427841	 0.252442	 0.038088	 0.120924	 0.499922	 0.498925	 0.124931
-0.499219	 0.498676	-0.495990	 0.265190	-0.124928	 0.427896	 0.376022	 0.007568	 0.120870	 0.499922	 0.498925	 0.124875
-0.499219	 0.498676	-0.434773	 0.265190	-0.326699	 0.427924	 0.437813	-0.007692	 0.120843	 0.499922	 0.498925	 0.124848
-0.499219	 0.498676	-0.404164	 0.265190	 0.073472	 0.427938	 0.468708	-0.015321	 0.120830	 0.499922	 0.498925	 0.124834
-0.499219	 0.498676	-0.388860	 0.265190	 0.273558	 0.427945	 0.484156	-0.019136	 0.120823	 0.499922	 0.498925	 0.124827
-0.499219	 0.498676	-0.381208	 0.265190	 0.373601	 0.427948	 0.491879	-0.021044	 0.120820	 0.499922	 0.498925	 0.124823
-0.499219	 0.498676	-0.377382	 0.265190	 0.423622	 0.427950	 0.495741	-0.021998	 0.120818	 0.499922	 0.498925	 0.124822
-0.499219	 0.498676	-0.375469	 0.265190	 0.448633	 0.427951	 0.497672	-0.022474	 0.120817	 0.499922	 0.498925	 0.124821
-0.499219	 0.498676	-0.374512	 0.265190	-0.038862	 0.427951	-0.001362	-0.022713	 0.120817	 0.499922	 0.498925	 0.124820
-0.499219	 0.498676	-0.374034	 0.265190	-0.281556	 0.427951	-0.249879	-0.022832	 0.120817	 0.499922	 0.498925	 0.124820
-0.499219	 0.498676	-0.373795	 0.265190	-0.401855	 0.427951	 0.125863	-0.022892	 0.120816	 0.499922	 0.498925	 0.124820
-0.499219	 0.498676	-0.373675	 0.265190	-0.460960	 0.427951	 0.312731	-0.022922	 0.120816	 0.499922	 0.498925	 0.124820
-0.499219	 0.498676	-0.373616	 0.265190	-0.489473	 0.427951	 0.406164	-0.022936	 0.120816	 0.499922	 0.498925	 0.124820
-0.499219	 0.498676	-0.373586	 0.265190	-0.502693	 0.427952	 0.452881	-0.022944	 0.120816	 0.499922	 0.498925	 0.124820
-0.499219	 0.498676	-0.373571	 0.265190	-0.508271	 0.427952	 0.476240	-0.022948	 0.120816	 0.499922	 0.498925	 0.124820
-0.499219	 0.498676	-0.373563	 0.265190	-0.510033	 0.427952	 0.487919	-0.022949	 0.120816	 0.499922	 0.498925	 0.124820
-0.499219	 0.498676	-0.373560	 0.265190	-0.509890	 0.427952	 0.493759	-0.022950	 0.120816	 0.499922	 0.498925	 0.124820
-0.499219	 0.498676	-0.373558	 0.265190	-0.508799	 0.427952	 0.496679	-0.022951	 0.120816	 0.499922	 0.498925	 0.124820
-0.499219	 0.498676	-0.373557	 0.265190	-0.507238	 0.427952	 0.498138	-0.022951	 0.120816	 0.499922	 0.498925	 0.124820
-0.499219	 0.498676	-0.373556	 0.265190	-0.505446	 0.427952	-0.001132	-0.022951	 0.120816	 0.499922	 0.498925	 0.124820
-0.499219	 0.498676	-0.373556	 0.265190	-0.503543	 0.427952	-0.249766	-0.022951	 0.120816	 0.499922	 0.498925	 0.124820
-0.499219	 0.498676	-0.373556	 0.265190	-0.001588	 0.427952	-0.374083	-0.022951	 0.120816	 0.499922	 0.498925	 0.124820
-0.499219	 0.498676	-0.373556	 0.265190	 0.248389	 0.427952	-0.436242	-0.022951	 0.120816	 0.499922	 0.498925	 0.124820
-0.499219	 0.498676	-0.373556	 0.265190	 0.373377	 0.427952	-0.467321	-0.022951	 0.120816	 0.499922	 0.498925	 0.124820
-0.499219	 0.498676	-0.373556	 0.265190	-0.064129	 0.427952	-0.482860	-0.022951	 0.120816	-0.000078	 0.498925	 0.124820
-0.499219	 0.498676	-0.373556	 0.265190	-0.281878	 0.427952	-0.490630	-0.022951	 0.120816	-0.249078	 0.498925	 0.124820
-0.499219	 0.498676	-0.373556	 0.265190	-0.390753	 0.427952	 0.005485	-0.022951	 0.120816	 0.126422	 0.498925	 0.124820
-0.499219	 0.498676	-0.373556	 0.265190	-0.445191	 0.427952	 0.252539	-0.022951	 0.120816	 0.313168	 0.498925	 0.124820
-0.499219	 0.498676	-0.373556	 0.265190	-0.472409	 0.427952	 0.376066	 0.477049	 0.120816	 0.406542	 0.498925	 0.124820
-0.499219	 0.498676	-0.373556	 0.265190	-0.486019	 0.427952	 0.437830	 0.725095	 0.120816	 0.453228	 0.498925	 0.124820
-0.499219	 0.498676	-0.373556	 0.265190	-0.492823	 0.427952	-0.031288	 0.347171	 0.120816	-0.023429	 0.498925	 0.124820
-0.499219	 0.498676	-0.373556	 0.265190	-0.496226	 0.427952	-0.264847	 0.158210	 0.120816	-0.260757	 0.498925	 0.124820
-0.499219	 0.498676	-0.373556	 0.265190	-0.497927	 0.427952	-0.381626	 0.063729	 0.120816	-0.379421	 0.498925	 0.124820
-0.499219	 0.498676	-0.373556	 0.265190	-0.498778	 0.427952	-0.440015	 0.016488	 0.120816	 0.061247	 0.498925	 0.124820
-0.499219	 0.498676	-0.373556	 0.265190	-0.499203	 0.427952	-0.469210	-0.007132	 0.120816	 0.280577	 0.498925	 0.124820
-0.499219	 0.498676	-0.373556	 0.265190	-0.499415	-0.072048	-0.483807	-0.018942	 0.120816	 0.390242	 0.498925	 0.124820
-0.499219	 0.498676	-0.373556	 0.265190	-0.499522	-0.320904	-0.491106	-0.024847	 0.120816	 0.445075	 0.498925	 0.124820
-0.499219	 0.498676	-0.373556	 0.265190	-0.499575	 0.055807	-0.494755	-0.027800	 0.120816	 0.472491	 0.498925	 0.124820
-0.499219	 0.498676	-0.373556	 0.265190	-0.499602	 0.244163	-0.496580	-0.029276	 0.120816	 0.486199	 0.498925	 0.124820
-0.499219	 0.498676	-0.373556	 0.265190	-0.499615	 0.338341	-0.497493	-0.030014	 0.120816	 0.493053	 0.498925	 0.124820
-0.499219	 0.498676	-0.373556	 0.265190	-0.499621	 0.385430	-0.497949	-0.030383	 0.120816	 0.496480	 0.498925	 0.124820
-0.499219	 0.498676	-0.373556	 0.265190	-0.499625	 0.408974	-0.498177	-0.030568	 0.120816	 0.498194	 0.498925	 0.124820
-0.499219	 0.498676	-0.373556	-0.234810	-0.499626	-0.079253	-0.498291	-0.030660	 0.120816	 0.499051	-0.001075	 0.124820
-0.499219	 0.498676	-0.373556	-0.483341	-0.499627	-0.322232	-0.498348	-0.030706	 0.120816	 0.499479	-0.250073	 0.124820
-0.499219	 0.498676	-0.373556	-0.106142	-0.499628	 0.057409	-0.498376	-0.030729	 0.120816	-0.000307	-0.374572	 0.124820
-0.499219	 0.498676	-0.373556	 0.082457	-0.499628	 0.247229	-0.498391	-0.030741	 0.120816	-0.249200	-0.436821	 0.124820
-0.499219	 0.498676	-0.373556	 0.176757	-0.499628	 0.342139	-0.498398	-0.030746	 0.120816	 0.126354	-0.467946	-0.375180
-0.499219	 0.498676	-0.373556	 0.223907	-0.499628	 0.389594	-0.498401	-0.030749	 0.120816	 0.313127	-0.483508	-0.623430
-0.499219	 0.498676	-0.373556	 0.247482	-0.499628	-0.086678	-0.498403	-0.030751	 0.120816	 0.406514	-0.491290	-0.245811
-0.499219	 0.498676	-0.373556	 0.259269	-0.499628	-0.323688	-0.498404	-0.030751	 0.120816	 0.453207	-0.495180	-0.057002
-0.499219	 0.498676	-0.373556	 0.265163	-0.499628	-0.441072	-0.498404	-0.030752	 0.120816	 0.476553	-0.497125	 0.037403
-0.499219	 0.498676	-0.373556	 0.268110	-0.499628	-0.498647	-0.498405	-0.030752	 0.120816	 0.488227	-0.498098	 0.084605
-0.499219	 0.498676	-0.373556	 0.269583	-0.499628	-0.526322	-0.498405	-0.030752	 0.120816	 0.494063	-0.498584	 0.108206
-0.499219	 0.498676	-0.373556	 0.270320	-0.499628	-0.039052	-0.498405	-0.030752	 0.120816	 0.496982	 0.001172	 0.120007
-0.499219	 0.498676	-0.373556	 0.270688	-0.499628	 0.204584	-0.498405	-0.030752	 0.120816	 0.498441	 0.250049	 0.125907
-0.499219	 0.498676	-0.373556	-0.229128	-0.499628	-0.173599	-0.498405	-0.030752	 0.120816	-0.000830	-0.125513	 0.128857
-0.499219	 0.498676	-0.373556	-0.477578	-0.499628	-0.361586	-0.498405	-0.030752	 0.120816	-0.249465	-0.312291	 0.130332
-0.499219	 0.498676	-0.373556	-0.100351	-0.499628	 0.045519	-0.498405	-0.030752	 0.120816	 0.126218	-0.405681	 0.131070
-0.499219	 0.498676	-0.373556	 0.088263	-0.499628	 0.249072	-0.498405	-0.030752	 0.120816	 0.313055	-0.452375	 0.131439
-0.499219	 0.498676	-0.373556	 0.182570	-0.499628	-0.149152	-0.498405	-0.030752	 0.120816	 0.406474	 0.024277	 0.131623
-0.499219	 0.498676	-0.373556	 0.229723	-0.499628	-0.347169	-0.498405	-0.030752	 0.120816	 0.453184	 0.261602	 0.131715
-0.499219	 0.498676	-0.373556	 0.253300	-0.499628	-0.445087	-0.498405	-0.030752	 0.120816	 0.476538	 0.380264	 0.131761
-0.499219	 0.498676	-0.373556	 0.265088	-0.499628	-0.492960	-0.498405	-0.030752	 0.120816	 0.488216	-0.060405	 0.131784
-0.499219	 0.498676	-0.373556	 0.270982	-0.499628	-0.515815	-0.498405	-0.030752	 0.120816	 0.494054	-0.279737	 0.131796
-0.499219	 0.498676	-0.373556	-0.226071	-0.499628	-0.026165	-0.498405	-0.030752	 0.120816	 0.496974	-0.389403	 0.131802
-0.499219	 0.498676	-0.373556	-0.473151	-0.499628	 0.218660	-0.498405	-0.030752	 0.120816	 0.498433	-0.444237	 0.131804
-0.499219	 0.498676	-0.373556	-0.095251	-0.499628	-0.158928	-0.498405	-0.030752	 0.120816	 0.499163	 0.028347	 0.131806
-0.499219	 0.498676	-0.373556	 0.093700	-0.499628	-0.346649	-0.498405	-0.030752	 0.120816	 0.499528	 0.263637	 0.131807
-0.499219	 0.498676	-0.373556	 0.188175	-0.499628	 0.060560	-0.498405	-0.030752	 0.120816	 0.499710	-0.118718	 0.131807
-0.499219	 0.498676	-0.373556	 0.235412	-0.499628	 0.264164	-0.498405	-0.030752	 0.120816	 0.499802	-0.308894	 0.131807
-0.499219	 0.498676	-0.373556	 0.259031	-0.499628	 0.365966	-0.498405	-0.030752	 0.120816	 0.499847	-0.403981	 0.131807
-0.499219	 0.498676	-0.373556	-0.229160	-0.499628	-0.083133	-0.498405	-0.030752	 0.120816	 0.499870	-0.451525	 0.131807
-0.499219	 0.498676	-0.373556	-0.471820	-0.499628	-0.306618	-0.498405	-0.030752	 0.120816	 0.499881	-0.475297	 0.131807
-0.499219	 0.498676	-0.373556	-0.091722	-0.499628	-0.417300	-0.498405	-0.030752	 0.120816	 0.499887	-0.487183	 0.131807
-0.499219	 0.498676	-0.373556	 0.098328	-0.499628	-0.471585	-0.498405	-0.030752	 0.120816	 0.499890	-0.493126	 0.131807
-0.499219	 0.498676	-0.373556	 0.193352	-0.499628	-0.497676	-0.498405	-0.030752	 0.120816	-0.000109	 0.003902	 0.131807
-0.499219	 0.498676	-0.373556	 0.240865	-0.499628	-0.509674	-0.498405	-0.030752	 0.120816	-0.249108	 0.251415	 0.131807
-0.499219	 0.498676	-0.373556	 0.264621	-0.499628	-0.514630	-0.498405	-0.530752	 0.120816	 0.126393	-0.124829	 0.131807
-0.499219	 0.498676	-0.373556	 0.276499	-0.499628	-0.516068	-0.498405	-0.778691	 0.120816	 0.313139	-0.311949	 0.131807
-0.499219	 0.498676	-0.373556	 0.282438	-0.499628	-0.515753	-0.498405	-0.900607	 0.120816	 0.406513	-0.405509	 0.131807
-0.499219	 0.498676	-0.373556	-0.214592	-0.499628	-0.514564	-0.498405	-0.959519	 0.120816	 0.453199	-0.452289	 0.131807
-0.499219	 0.498676	-0.373556	-0.461684	-0.499628	-0.512943	-0.498405	-0.986939	 0.120816	 0.476542	-0.475678	 0.131807
-0.499219	 0.498676	-0.373556	-0.083813	-0.499628	-0.011110	-0.498405	-0.498620	 0.120816	-0.011786	-0.487373	 0.131807
-0.499219	 0.498676	-0.373556	 0.105123	-0.499628	 0.239807	-0.498405	-0.254461	 0.120816	-0.254950	-0.493221	 0.131807
-0.499219	 0.498676	-0.373556	 0.199591	-0.499628	-0.134735	-0.498405	-0.132381	 0.120816	 0.123468	 0.003855	 0.131807
-0.499219	 0.498676	-0.373556	 0.246825	-0.499628	-0.320987	-0.498405	-0.071341	 0.120816	 0.311673	 0.251392	 0.131807
-0.499219	 0.498676	-0.373556	 0.270442	-0.499628	-0.413099	-0.498405	-0.040821	 0.120816	-0.094224	-0.124840	 0.131807
-0.499219	 0.498676	-0.373556	 0.282250	-0.499628	-0.458144	-0.498405	-0.025561	 0.120816	-0.296172	-0.311954	 0.131807
-0.499219	 0.498676	-0.373556	 0.288154	-0.499628	-0.479661	-0.498405	-0.017931	 0.120816	-0.397147	-0.405511	 0.131807
-0.499219	 0.498676	-0.373556	 0.291107	-0.499628	-0.489416	-0.498405	-0.014116	 0.120816	-0.447634	 0.047711	 0.131807
-0.499219	 0.498676	-0.373556	 0.292583	-0.499628	-0.494294	-0.498405	-0.012209	 0.120816	-0.472877	 0.273319	 0.131807
-0.499219	 0.498676	-0.373556	 0.293321	-0.499628	 0.003267	-0.498405	-0.011255	 0.120816	 0.014501	 0.386124	 0.131807
-0.499219	 0.498676	-0.373556	 0.293690	-0.499628	 0.251046	-0.498405	-0.010778	 0.120816	 0.257186	 0.442526	 0.131807
-0.499219	 0.498676	-0.373556	-0.206126	-0.499628	 0.374935	-0.498405	-0.010540	 0.120816	-0.121471	-0.029273	 0.131807
-0.499219	 0.498676	-0.373556	-0.454622	-0.499628	 0.436880	-0.498405	-0.010421	 0.120816	-0.309799	-0.264170	 0.131807
-0.499219	 0.498676	-0.373556	-0.077463	-0.499628	-0.032148	-0.498405	-0.510361	 0.120816	 0.096036	 0.118381	 0.131807
-0.499219	 0.498676	-0.373556	 0.111116	-0.499628	-0.265659	-0.498405	-0.758310	 0.120816	 0.297950	 0.308655	 0.131807
-0.499219	 0.498676	-0.373556	 0.205405	-0.499628	-0.382415	-0.498405	-0.880273	 0.120816	 0.398908	 0.403792	 0.131807
-0.499219	 0.498676	-0.373556	 0.252550	-0.499628	-0.440793	-0.498405	-0.439249	 0.120816	 0.449386	 0.451360	 0.131807
-0.499219	 0.498676	-0.373556	 0.276122	-0.499628	-0.469982	-0.498405	-0.218738	 0.120816	 0.474625	 0.475145	 0.131807
-0.499219	 0.498676	-0.373556	 0.287909	-0.499628	-0.484576	-0.498405	-0.108482	 0.120816	-0.012755	-0.012963	 0.131807
-0.499219	 0.498676	-0.373556	 0.293802	-0.499628	-0.491874	-0.498405	-0.053354	 0.120816	-0.255445	-0.256015	 0.131807
-0.499219	 0.498676	-0.373556	-0.203252	-0.499628	 0.004478	-0.498405	-0.025790	 0.120816	 0.123210	 0.122459	 0.131807
-0.499219	 0.498676	-0.373556	-0.450378	-0.499628	 0.251652	-0.498405	-0.012008	 0.120816	 0.311534	 0.310694	 0.131807
-0.499219	 0.498676	-0.373556	-0.072546	-0.499628	 0.375239	-0.498405	-0.505117	 0.120816	 0.405696	-0.095188	 0.131807
-0.499219	 0.498676	-0.373556	 0.116370	-0.499628	 0.437032	-0.498405	-0.749675	 0.120816	 0.452777	-0.297127	 0.131807
-0.499219	 0.498676	-0.373556	 0.210828	-0.499628	 0.467929	-0.498405	-0.869966	 0.120816	 0.476317	-0.398097	 0.131807
-0.499219	 0.498676	-0.373556	-0.241943	-0.499628	-0.016622	-0.498405	-0.428130	 0.120816	 0.488087	-0.448581	 0.131807
-0.499219	 0.498676	-0.373556	-0.466939	-0.499628	-0.257896	-0.498405	-0.207213	 0.120816	 0.493973	-0.473824	 0.131807
-0.499219	 0.498676	-0.373556	-0.078053	-0.499628	-0.378533	-0.498405	-0.596754	 0.120816	 0.496915	-0.486445	 0.131807
-0.499219	 0.498676	-0.373556	 0.116390	-0.499628	-0.438851	-0.498405	-0.789552	 0.120816	 0.498386	-0.492756	 0.131807
-0.499219	 0.498676	-0.373556	 0.213611	-0.499628	-0.469010	-0.498405	-0.383986	 0.120816	 0.499122	 0.004089	-0.368193
-0.499219	 0.498676	-0.373556	 0.262222	-0.499628	-0.484090	-0.498405	-0.181204	 0.120816	 0.499490	 0.251510	-0.616456
-0.499219	 0.498676	-0.373556	 0.286527	-0.499628	-0.491630	-0.498405	-0.079812	 0.120816	 0.499674	-0.124780	-0.238859
-0.499219	 0.498676	-0.373556	 0.298680	-0.499628	-0.495399	-0.498405	-0.029116	 0.120816	 0.499766	-0.311923	-0.050060
-0.499219	 0.498676	-0.373556	 0.304756	-0.499628	-0.497284	-0.498405	-0.003769	 0.120816	 0.499812	-0.405494	 0.044340
-0.499219	 0.498676	-0.373556	 0.307795	-0.499628	-0.498227	-0.498405	 0.008905	 0.120816	 0.499835	 0.047720	 0.091539
-0.499219	 0.498676	-0.373556	 0.309314	-0.499628	-0.498698	-0.498405	 0.015242	 0.120816	 0.499846	 0.273325	 0.115139
-0.499219	 0.498676	-0.373556	 0.310073	-0.499628	-0.498934	-0.498405	 0.018411	 0.120816	 0.499852	 0.386128	 0.126939
-0.499219	 0.498676	-0.373556	 0.310453	-0.499628	-0.499052	-0.498405	 0.019995	 0.120816	 0.499855	 0.442529	 0.132839
-0.499219	 0.498676	-0.373556	 0.310643	-0.499628	-0.499110	-0.498405	-0.479213	 0.120816	 0.499856	-0.029270	 0.135789
-0.499219	 0.498676	-0.373556	 0.310738	-0.499628	-0.499140	-0.498405	-0.726860	 0.120816	 0.499857	-0.264168	 0.137264
-0.499219	 0.498676	-0.373556	 0.310785	-0.499628	-0.499155	-0.498405	-0.348734	 0.120816	 0.499857	-0.381616	 0.138002
-0.499219	 0.498676	-0.373556	 0.310809	-0.499628	-0.499162	-0.498405	-0.159672	 0.120816	 0.499858	-0.440341	 0.138370
-0.499219	 0.498676	-0.373556	 0.310821	-0.499628	-0.499166	-0.498405	-0.065140	 0.120816	 0.499858	-0.469703	 0.138555
-0.499219	 0.498676	-0.373556	 0.310827	-0.499628	-0.499168	-0.498405	-0.017875	 0.120816	-0.000142	-0.484384	 0.138647
-0.499219	 0.498676	-0.373556	 0.310830	-0.499628	-0.499168	-0.498405	 0.005758	 0.120816	-0.249142	-0.491725	 0.138693
-0.499219	 0.498676	-0.373556	-0.189169	-0.499628	-0.499169	-0.498405	 0.017575	 0.120816	 0.126358	-0.495395	 0.138716
-0.499219	 0.498676	-0.373556	-0.437790	-0.499628	-0.499169	-0.498405	 0.023483	 0.120816	 0.313104	-0.497230	 0.138728
-0.499219	 0.498676	-0.373556	-0.560727	-0.499628	-0.499169	-0.498405	 0.026437	 0.120816	 0.406478	-0.498148	 0.138733
-0.499219	 0.498676	-0.373556	-0.620829	-0.499628	-0.499169	-0.498405	 0.027914	 0.120816	 0.453164	-0.498606	 0.138736
-0.499219	 0.498676	-0.373556	-0.149518	-0.499628	 0.000831	-0.498405	 0.028653	 0.120816	-0.023492	-0.498836	 0.138738
-0.499219	 0.498676	-0.373556	 0.086138	-0.499628	 0.249829	-0.498405	 0.029022	 0.120816	-0.260820	-0.498950	 0.138738
-0.499219	 0.498676	-0.373556	 0.203966	-0.499628	 0.374328	-0.498405	 0.029206	 0.120816	-0.379485	-0.499008	 0.138739
-0.499219	 0.498676	-0.373556	 0.262880	-0.499628	-0.063422	-0.498405	 0.029299	 0.120816	 0.061183	-0.499036	 0.138739
-0.499219	 0.498676	-0.373556	 0.292336	-0.499628	-0.281295	-0.498405	 0.029345	 0.120816	 0.280514	-0.499051	 0.138739
-0.499219	 0.498676	-0.373556	 0.307065	-0.499628	-0.390232	-0.498405	 0.029368	 0.120816	-0.109821	-0.499058	 0.138739
-0.499219	 0.498676	-0.373556	 0.314429	-0.499628	-0.444700	-0.498405	 0.029380	 0.120816	-0.303988	-0.499062	 0.138739
-0.499219	 0.498676	-0.373556	 0.318111	-0.499628	-0.471934	-0.998405	-0.470615	 0.120816	 0.098928	-0.499063	 0.138739
-0.499219	 0.498676	-0.373556	 0.319952	-0.499628	-0.485551	-1.245408	-0.718671	 0.120816	 0.299383	-0.499064	 0.138739
-0.499219	 0.498676	-0.373556	 0.320873	-0.499628	-0.492359	-0.865925	-0.340765	 0.120816	 0.399610	-0.499065	 0.138739
-0.499219	 0.498676	-0.373556	 0.321333	-0.499628	-0.495764	-0.676183	-0.151812	 0.120816	 0.449724	-0.499065	 0.138739
-0.499219	 0.498676	-0.373556	 0.321563	-0.499628	-0.497466	-0.581312	-0.057336	 0.120816	 0.474780	-0.499065	 0.138739
-0.499219	 0.498676	-0.373556	 0.321678	-0.499628	 0.001683	-0.533877	-0.010098	 0.120816	-0.512691	-0.499065	 0.138739
-0.499219	 0.498676	-0.373556	 0.321736	-0.499628	 0.250256	-0.510159	 0.013521	 0.120816	-1.003427	-0.499065	 0.138739
-0.499219	 0.498676	-0.373556	 0.321765	-0.499628	-0.125458	-0.498300	 0.025331	 0.120816	-0.745806	-0.499065	 0.138739
-0.499219	 0.498676	-0.373556	 0.321779	-0.499628	-0.312312	-0.492371	 0.031236	 0.120816	-0.616996	-0.499065	 0.138739
-0.499219	 0.498676	-0.373556	 0.321786	-0.999628	 0.094261	-0.489406	-0.465812	-0.379184	-0.552591	-0.499065	 0.138739
-0.499219	 0.498676	-0.373556	 0.321790	-1.246629	 0.296545	-0.487924	-0.712410	-0.627425	-0.520388	-0.499065	 0.138739
-0.499219	 0.498676	-0.373556	 0.321792	-0.867142	-0.102312	-0.487183	-0.333791	-0.249795	-0.504287	 0.000935	 0.138739
-0.499219	 0.498676	-0.373556	 0.321793	-0.677399	-0.300739	-0.486812	-0.144482	-0.060980	-0.496236	 0.249933	 0.138739
-0.499219	 0.498676	-0.373556	 0.321793	-0.582527	-0.399952	-0.486627	-0.049827	 0.033428	 0.007789	 0.374432	 0.138739
-0.499219	 0.498676	-0.373556	 0.321793	-0.535091	-0.449559	-0.486534	-0.002500	 0.080632	 0.258778	 0.436682	 0.138739
-0.499219	 0.498676	-0.373556	 0.321793	-0.511373	-0.474362	-0.486488	 0.021164	 0.104234	 0.383253	 0.467806	 0.138739
-0.499219	 0.498676	-0.373556	 0.321793	-0.499514	-0.486764	-0.486465	 0.032996	 0.116035	 0.444475	 0.483369	 0.138739
-0.499219	 0.498676	-0.373556	-0.178207	-0.493585	 0.007036	-0.486453	-0.461088	 0.121935	 0.474075	-0.008850	 0.138739
-0.499219	 0.498676	-0.373556	-0.426850	-0.490620	 0.252933	-0.486447	-0.706220	 0.124886	 0.487867	-0.253957	 0.138739
-0.499219	 0.498676	-0.373556	-0.049821	-0.489137	-0.124118	-0.486444	-0.826883	 0.126361	 0.493760	-0.376511	 0.138739
-0.499219	 0.498676	-0.373556	 0.138694	-0.488396	-0.311641	-0.486443	-0.885319	 0.127098	 0.496707	-0.437788	 0.138739
-0.499219	 0.498676	-0.373556	 0.232951	-0.488026	-0.405402	-0.986442	-0.412650	 0.127467	-0.001820	-0.468426	 0.138739
-0.499219	 0.498676	-0.373556	 0.280080	-0.487840	-0.452283	-1.233469	-0.176315	 0.127651	-0.250083	-0.483745	 0.138739
-0.499219	 0.498676	-0.373556	 0.303644	-0.487748	-0.475724	-0.854021	-0.058148	 0.127744	 0.125786	-0.491405	 0.138739
-0.499219	 0.498676	-0.373556	 0.315426	-0.487701	-0.487444	-0.664298	 0.000936	 0.127790	 0.312717	-0.495235	 0.138739
-0.499219	 0.498676	-0.373556	 0.321317	-0.487678	-0.493304	-0.569436	 0.030477	 0.127813	 0.406182	-0.497150	 0.138739
-0.499219	-0.001324	-0.373556	 0.324263	-0.487667	-0.496234	-0.522005	 0.045248	 0.127824	 0.452915	-0.498107	 0.138739
-0.499219	-0.250321	-0.373556	 0.325735	-0.487661	-0.497699	-0.498289	 0.052634	 0.127830	 0.476282	-0.498586	 0.138739
-0.499219	 0.125180	-0.373556	-0.173528	-0.487658	-0.498431	-0.486432	 0.056326	 0.127833	 0.487965	 0.001175	 0.138739
-0.499219	 0.311930	-0.373556	-0.421814	-0.487657	-0.498798	-0.480503	 0.058173	 0.127834	 0.493806	 0.250053	 0.138739
-0.499219	 0.405304	-0.373556	-0.044617	-0.487656	-0.498981	-0.977538	 0.059096	 0.127835	-0.003273	-0.125508	 0.138739
-0.499219	 0.451992	-0.373556	 0.143981	-0.487655	-0.499072	-1.223107	 0.059558	 0.127835	-0.250812	-0.312286	 0.138739
-0.499219	 0.475335	-0.373556	 0.238281	-0.987655	 0.000882	-0.842954	 0.059788	 0.127836	 0.125419	-0.405675	 0.138739
-0.499219	 0.487007	-0.373556	 0.285430	-1.234680	 0.249857	-0.652877	 0.059904	 0.127836	 0.312531	-0.452370	 0.138739
-0.499219	 0.492843	-0.373556	 0.309005	-1.355229	 0.374345	-0.557839	 0.059961	 0.127836	 0.406087	-0.475717	 0.138739
-0.499219	 0.495761	-0.373556	 0.320792	-0.912552	-0.063411	-0.510320	 0.059990	 0.127836	 0.452865	-0.487390	 0.138739
-0.499219	 0.497220	-0.373556	 0.326686	-0.691213	-0.281287	-0.486560	 0.060005	 0.127836	 0.476254	-0.493227	 0.138739
-0.499219	 0.497949	-0.373556	 0.329633	-0.580544	-0.390225	-0.474681	 0.060012	 0.127836	-0.012052	-0.496146	 0.138739
-0.499219	 0.498314	-0.373556	 0.331106	-0.525209	-0.444694	-0.468741	 0.060016	 0.127836	-0.255204	-0.497605	 0.138739
-0.499219	 0.498497	-0.373556	-0.168157	-0.497542	-0.471928	-0.465771	 0.060017	 0.127836	 0.123220	-0.498334	 0.138739
-0.499219	 0.498588	-0.373556	-0.416454	-0.483708	-0.485545	-0.464286	 0.060018	 0.127836	 0.311429	-0.498699	 0.138739
-0.499219	 0.498633	-0.373556	-0.539273	-0.476791	 0.007646	-0.463543	-0.439981	 0.127836	 0.405533	-0.498882	 0.138739
-0.499219	 0.498656	-0.373556	-0.599358	-0.473333	 0.253240	-0.463172	-0.688101	 0.127836	 0.452585	-0.498973	 0.138739
-0.499219	 0.498668	-0.373556	-0.628082	-0.471604	 0.376037	-0.462986	-0.810289	 0.127836	 0.476112	-0.499018	 0.138739
-0.499219	-0.001327	-0.373556	-0.141130	-0.470739	-0.062564	-0.462894	-0.369517	 0.127836	 0.487875	-0.499041	 0.138739
-0.499219	-0.250321	-0.373556	 0.102346	-0.470307	-0.280863	-0.462847	-0.149132	 0.127836	 0.493756	-0.499053	 0.138739
-0.499219	 0.125181	-0.373556	 0.224084	-0.470091	-0.390012	-0.462824	-0.038939	 0.127836	 0.496697	-0.499058	 0.138739
-0.499219	 0.311931	-0.373556	 0.284953	-0.469983	-0.444587	-0.462812	 0.016157	 0.127836	 0.498167	-0.499061	 0.138739
-0.499219	 0.405306	-0.373556	-0.184613	-0.469929	-0.471874	-0.962807	 0.043706	 0.127836	 0.498902	-0.499063	 0.138739
-0.499219	 0.451994	-0.373556	-0.418087	-0.469902	-0.485518	-1.209878	 0.057480	 0.127836	 0.499270	-0.499063	 0.138739
-0.499219	 0.475338	-0.373556	-0.033521	-0.469888	-0.492340	-0.830500	 0.064367	 0.127836	 0.499454	-0.499064	 0.138739
-0.499219	 0.487010	-0.373556	 0.158762	-0.469881	-0.495750	-0.640811	 0.067810	 0.127836	 0.499546	-0.499064	 0.138739
-0.499219	 0.492846	-0.373556	 0.254903	-0.469878	-0.497456	-0.545966	 0.069532	 0.127836	 0.499592	-0.499064	 0.138739
-0.499219	-0.004237	-0.373556	 0.302974	-0.469876	-0.498309	-0.498544	 0.070393	 0.127836	 0.499615	-0.499064	 0.138739
-0.499219	-0.251775	-0.373556	 0.327009	-0.469875	-0.498735	-0.474833	 0.070823	 0.127836	 0.499626	-0.499064	 0.138739
-0.499219	 0.124456	-0.373556	 0.339027	-0.469875	-0.498948	-0.462977	-0.428961	 0.127836	-0.000368	-0.499064	 0.138739
-0.499219	 0.311570	-0.373556	 0.345036	-0.469875	-0.499055	-0.457050	-0.676996	 0.127836	-0.249364	-0.499064	 0.138739
-0.499219	 0.405127	-0.373556	 0.348040	-0.469875	-0.499108	-0.454086	-0.299164	 0.127836	 0.126137	-0.499064	 0.138739
-0.499219	 0.451905	-0.373556	 0.349543	-0.469875	-0.499135	-0.452604	-0.110247	 0.127836	 0.312885	-0.499064	 0.138739
-0.499219	 0.475295	-0.373556	-0.149706	-0.469875	-0.499148	-0.451863	-0.015789	 0.127836	 0.406259	-0.499064	 0.138739
-0.499219	 0.486989	-0.373556	-0.398033	-0.469875	-0.499155	-0.451492	 0.031440	 0.127836	 0.452946	-0.499064	 0.138739
-0.499219	 0.492837	-0.373556	-0.520903	-0.469875	-0.499158	-0.451307	 0.055054	 0.127836	 0.476289	-0.499064	 0.138739
-0.499219	 0.495760	-0.373556	-0.081051	-0.969875	 0.000840	-0.451214	 0.066862	 0.127836	 0.487961	-0.499064	 0.138739
-0.499219	 0.497222	-0.373556	 0.138875	-1.216935	 0.249838	-0.451168	 0.072765	 0.127836	 0.493797	-0.499064	 0.138739
-0.499219	 0.497953	-0.373556	-0.251162	-0.837537	-0.125663	-0.451145	 0.075717	 0.127836	-0.003285	-0.499064	 0.138739
-0.499219	 0.498319	-0.373556	-0.444898	-0.647838	-0.312412	-0.451133	 0.077193	 0.127836	-0.250826	-0.499064	 0.138739
-0.499219	-0.001499	-0.373556	-0.540489	-0.552989	-0.405786	-0.451128	 0.077931	 0.127836	 0.125404	-0.499064	 0.138739
-0.499219	-0.250405	-0.373556	-0.587012	-0.505564	-0.452473	-0.451125	 0.078300	 0.127836	 0.312516	-0.499064	 0.138739
-0.499219	 0.125142	-0.373556	-0.609007	-0.481851	 0.024184	-0.451123	 0.078485	 0.127836	 0.406072	-0.499064	 0.138739
-0.499219	 0.311914	-0.373556	-0.618742	-0.469995	 0.261510	-0.451123	 0.078577	 0.127836	 0.452850	-0.499064	 0.138739
-0.499219	 0.405300	-0.373556	-0.622352	-0.464067	 0.380173	-0.451122	 0.078623	 0.127836	 0.476239	-0.499064	 0.138739
-0.499219	 0.451993	-0.373556	-0.122906	-0.461103	-0.060495	-0.451122	 0.078646	 0.127836	-0.012067	-0.499064	 0.138739
-0.499219	 0.475340	-0.373556	 0.126817	-0.459621	-0.279827	-0.451122	 0.078657	 0.127836	-0.255219	-0.499064	 0.138739
-0.499219	 0.487013	-0.373556	 0.251679	-0.458880	-0.389493	-0.451122	 0.078663	 0.127836	 0.123205	-0.499064	 0.138739
-0.499219	 0.492850	-0.373556	 0.314110	-0.458510	-0.444326	-0.451122	 0.078666	 0.127836	 0.311414	-0.499064	 0.138739
-0.499219	 0.495768	-0.373556	-0.154675	-0.458324	-0.471742	-0.451122	 0.078668	 0.127836	-0.094482	-0.499064	 0.138739
-0.499219	 0.497227	-0.373556	-0.387820	-0.458232	-0.485450	-0.451122	 0.078668	 0.127836	-0.296429	-0.499064	 0.138739
-0.499219	 0.497957	-0.373556	-0.003151	-0.458185	-0.492305	-0.451122	 0.078669	 0.127836	 0.102597	-0.499064	 0.138739
-0.499219	 0.498322	-0.373556	 0.189184	-0.458162	-0.495732	-0.451122	 0.078669	 0.127836	 0.301107	-0.499064	 0.138739
-0.499219	 0.498504	-0.373556	 0.285351	-0.458151	-0.497445	-0.451122	 0.078669	 0.127836	 0.400362	-0.499064	 0.138739
-0.499219	 0.498595	-0.373556	 0.333435	-0.458145	-0.498302	-0.451122	 0.078669	 0.127836	 0.449990	-0.499064	 0.138739
-0.499219	 0.498641	-0.373556	 0.357477	-0.458142	-0.498730	-0.451122	 0.078669	 0.127836	 0.474804	-0.499064	 0.138739
-0.499219	 0.498664	-0.373556	-0.130503	-0.458140	 0.001055	-0.451122	 0.078669	 0.127836	 0.487211	 0.000936	-0.361261
-0.499219	 0.498675	-0.373556	-0.373255	-0.458140	 0.249947	-0.451122	 0.078669	 0.127836	 0.493414	 0.249934	-0.609538
-0.499219	 0.498681	-0.373556	-0.493399	-0.458139	-0.125608	-0.451122	-0.421331	 0.127836	-0.003484	-0.125567	-0.231962
-0.499219	 0.498684	-0.373556	-0.552244	-0.458139	-0.312383	-0.451122	-0.669488	 0.127836	-0.250933	-0.312315	-0.043173
-0.499219	 0.498685	-0.373556	-0.580445	-0.458139	-0.405770	-0.451122	-0.791732	 0.127836	 0.125343	-0.405689	 0.051221
-0.499219	 0.498686	-0.373556	-0.593328	-0.458139	-0.452464	-0.451122	-0.851025	 0.127836	 0.312478	-0.452376	 0.098418
-0.499219	 0.498686	-0.373556	-0.598557	-0.458139	-0.475811	-0.451122	-0.378852	 0.127836	 0.406045	-0.475720	 0.122017
-0.499219	 0.498686	-0.373556	-0.599964	-0.458139	-0.487484	-0.451122	-0.142765	 0.127836	 0.452829	-0.487392	 0.133816
-0.499219	 0.498686	-0.373556	-0.599464	-0.458139	-0.493321	-0.451122	-0.024721	 0.127836	 0.476221	-0.493228	 0.139716
-0.499219	 0.498686	-0.373556	-0.598017	-0.458139	-0.496239	-0.451122	 0.034300	 0.127836	 0.487917	-0.496146	 0.142666
-0.499219	 0.498686	-0.373556	-0.096100	-0.458139	-0.497698	-0.451122	 0.063811	 0.127836	 0.493765	-0.497605	 0.144140
-0.499219	 0.498686	-0.373556	 0.154859	-0.458139	-0.498428	-0.451122	 0.078567	 0.127836	 0.496689	-0.498334	 0.144878
-0.499219	 0.498686	-0.373556	 0.280338	-0.458139	-0.498793	-0.451122	-0.414056	 0.127836	-0.001849	-0.498699	 0.145247
-0.499219	 0.498686	-0.373556	 0.343077	-0.458139	-0.498975	-0.451122	-0.658553	 0.127836	-0.250118	-0.498881	 0.145431
-0.499219	 0.498686	-0.373556	 0.374447	-0.458139	-0.499066	-0.451122	-0.778996	 0.127836	-0.374252	-0.498972	 0.145523
-0.499219	 0.498686	-0.373556	 0.390132	-0.458139	-0.499112	-0.451122	-0.337419	 0.127836	 0.063681	-0.499018	 0.145569
