-2.305760	-1.901687	-0.986050	-0.886902	-2.301232	-0.911791	-3.684370	-0.806583	-0.071215	-1.939331	-2.293965	-0.498915
-2.296537	-1.894080	-0.985064	-0.883355	-2.292027	-0.908144	-3.669633	-0.803357	-0.071215	-1.931574	-2.284789	-0.498915
-2.287351	-1.886504	-0.982603	-0.879821	-2.282859	-0.904512	-3.654954	-0.800143	-0.071215	-1.923847	-2.275650	-0.498915
-2.278202	-1.878958	-0.979413	-0.876302	-2.273727	-0.900894	-3.640335	-0.796943	-0.071215	-1.916152	-2.266547	-0.498915
-2.269089	-1.871442	-0.975865	-0.872797	-2.264633	-0.897290	-3.625773	-0.793755	-0.071215	-1.908487	-2.257481	-0.498915
-2.260012	-1.863956	-0.472146	-0.869306	-2.255574	-0.893701	-3.611270	-0.790580	-0.071215	-1.900853	-2.248451	-0.498915
-2.250972	-1.856500	-0.220287	-0.865828	-2.246552	-0.890126	-3.596825	-0.787418	-0.071215	-1.893250	-2.239457	-0.498915
-2.241969	-1.849074	-0.094357	-0.862365	-2.237565	-0.886566	-3.582438	-0.784268	-0.571215	-1.885677	-2.230500	-0.498915
-2.233001	-1.841678	-0.031392	-0.858916	-2.228615	-0.883019	-3.568108	-0.781131	-0.819072	-1.878134	-2.221578	-0.498915
-2.224069	-1.834311	 0.000090	-0.855480	-2.219701	-0.879487	-3.553836	-0.778006	-0.940867	-1.870622	-2.212691	-0.498915
-2.215172	-1.826974	-0.484169	-0.852058	-2.210822	-0.875969	-3.539620	-0.774894	-0.499639	-1.863139	-2.203841	-0.498915
-2.206312	-1.819666	-0.724361	-0.848650	-2.201979	-0.872465	-3.525462	-0.771795	-0.279025	-1.855687	-2.195025	-0.498915
-2.197486	-1.812388	-0.842529	-0.845255	-2.193171	-0.868976	-3.511360	-0.768707	-0.168718	-1.848264	-2.186245	-0.498915
-2.188696	-1.805138	-0.899691	-0.841874	-2.184398	-0.865500	-3.497315	-0.765633	-0.113565	-1.840871	-2.177500	-0.498915
-2.179942	-1.797917	-0.926358	-0.838507	-2.175660	-0.862038	-3.483325	-0.762570	-0.085988	-1.833507	-2.168790	-0.498915
-2.171222	-1.790726	-0.937786	-0.835153	-2.166958	-0.858590	-3.469392	-0.759520	-0.072200	-1.826173	-2.160115	-0.498915
-2.162537	-1.783563	-0.441601	-0.831812	-2.158290	-0.855155	-3.455514	-0.756482	-0.065306	-1.818869	-2.151474	-0.498915
-2.153887	-1.776429	-0.193509	-0.828485	-2.149657	-0.851735	-3.441692	-0.753456	-0.061859	-1.811593	-2.142869	-0.498915
-2.145271	-1.769323	-0.069463	-0.825171	-2.141058	-0.848328	-3.427926	-0.750442	-0.060135	-1.804347	-2.134297	-0.498915
-2.136690	-1.762246	-0.507440	-0.821870	-2.132494	-0.844934	-3.414214	-0.747440	-0.059273	-1.797129	-2.125760	-0.498915
-2.128143	-1.755197	-0.724537	-0.818583	-2.123964	-0.841555	-3.400557	-0.744450	-0.058842	-1.789941	-2.117257	-0.498915
-2.119631	-1.748176	-0.831203	-0.815308	-2.115468	-0.838188	-3.386955	-0.741473	-0.058627	-1.782781	-2.108788	-0.498915
-2.111152	-1.741183	-0.882660	-0.812047	-2.107006	-0.834836	-3.373407	-0.738507	-0.058519	-1.775650	-2.100353	-0.498915
-2.602708	-1.734218	-0.906520	-0.808799	-2.098578	-0.831496	-3.359913	-0.735553	-0.058465	-1.768547	-2.091951	-0.498915
-2.842297	-1.727282	-0.916589	-0.805564	-2.090184	-0.828170	-3.346474	-0.732611	-0.058438	-1.761473	-2.083583	-0.498915
-2.455928	-1.720372	-0.919771	-0.802341	-2.081823	-0.824858	-3.333088	-0.729680	-0.058425	-1.754427	-2.075249	-0.498915
-2.258604	-1.713491	-0.919516	-0.799132	-2.073496	-0.821558	-3.319755	-0.726761	-0.058418	-1.747410	-2.066948	-0.498915
-2.155820	-1.706637	-0.917550	-0.795936	-2.065202	-0.818272	-3.306476	-0.723854	-0.058415	-1.740420	-2.058680	-0.498915
-2.100321	-1.699810	-0.914735	-0.792752	-2.056941	-0.814999	-3.293251	-0.720959	-0.058413	-1.733458	-2.050446	-0.498915
-2.068483	-1.693011	-0.911504	-0.789581	-2.048713	-0.811739	-3.280078	-0.718075	-0.058412	-1.726524	-2.042244	-0.498915
-2.548490	-1.686239	-0.908072	-0.786422	-2.040518	-0.808492	-3.266957	-0.715203	-0.058412	-1.719618	-2.034075	-0.498915
-2.782437	-1.679494	-0.904547	-0.783277	-2.032356	-0.805258	-3.253889	-0.712342	-0.058412	-1.712740	-2.025939	-0.498915
-2.393377	-1.672776	-0.900982	-0.780144	-2.024227	-0.802037	-3.240874	-0.709493	-0.058412	-1.705889	-2.017835	-0.498915
-2.194839	-1.666085	-0.897405	-0.777023	-2.016130	-0.798829	-3.227910	-0.706655	-0.058412	-1.699065	-2.009763	-0.498915
-2.091577	-1.659421	-0.893829	-0.773915	-2.008066	-0.795633	-3.214999	-0.703828	-0.058412	-1.692269	-2.001724	-0.498915
-2.035969	-1.652783	-0.890260	-0.770819	-2.000033	-0.792451	-3.202139	-0.701013	-0.058412	-1.685500	-1.993718	-0.498915
-2.004205	-1.646172	-0.886703	-0.767736	-1.992033	-0.789281	-3.189330	-0.698209	-0.058412	-1.678758	-1.985743	-0.498915
-2.484378	-1.639587	-0.383157	-0.764665	-1.984065	-0.786124	-3.176573	-0.695416	-0.058412	-1.672043	-1.977800	-0.498915
-2.718535	-1.633029	-0.131385	-0.761606	-1.976129	-0.782979	-3.163867	-0.692634	-0.058412	-1.665355	-1.969888	-0.498915
-2.329708	-1.626497	-0.505499	-0.758560	-1.968224	-0.779848	-3.151211	-0.689864	-0.058412	-1.658693	-1.962009	-0.498915
-2.131413	-1.619991	-0.690796	-0.755526	-1.960351	-0.776728	-3.138606	-0.687104	-0.058412	-1.652059	-1.954161	-0.498915
-2.528400	-1.613511	-0.781693	-0.752504	-1.952510	-0.773621	-3.126052	-0.684356	-0.058412	-1.645450	-1.946344	-0.498915
-2.721042	-1.607057	-0.825396	-0.749494	-1.944700	-0.770527	-3.113548	-0.681618	-0.058412	-1.638869	-1.938559	-0.498915
-2.311536	-1.600629	-0.845509	-0.746496	-1.936921	-0.767445	-3.101093	-0.678892	-0.058412	-1.632313	-1.930805	-0.498915
-2.102979	-1.594226	-0.853835	-0.743510	-1.929173	-0.764375	-3.088689	-0.676176	-0.058412	-1.625784	-1.923081	-0.498915
-1.994911	-1.587849	-0.856273	-0.740536	-1.921457	-0.761317	-3.076334	-0.673472	-0.058412	-1.619281	-1.915389	-0.498915
-1.937104	-1.581498	-0.855775	-0.737574	-1.913771	-0.758272	-3.064029	-0.170778	-0.058412	-1.112804	-1.907728	-0.498915
-1.904441	-1.575172	-0.853815	-0.734623	-1.906116	-0.755239	-3.051773	 0.080569	-0.058412	-0.858352	-1.900097	-0.498915
-1.884367	-1.068871	-0.351132	-0.231685	-0.898491	-0.252218	-2.039566	 0.706243	-0.058412	-0.229919	-1.392496	-0.498915
-1.870601	-0.814596	-0.099790	 0.019785	-0.394679	-0.000708	-1.531407	 1.016416	-0.058412	 0.084298	-1.136926	-0.498915
-1.360004	-0.186337	 0.525881	 0.645519	 0.357227	 0.625048	 1.724718	 2.168849	-0.058412	 9.741406	 0.992621	 0.001085
-1.103007	 0.127792	 0.836413	 0.955844	 0.730962	 0.935424	 3.342819	 2.738423	-0.058412	 14.531163	 2.051151	 0.250083
 0.027184	 4.784857	 1.489386	 1.608474	 5.415620	 1.588120	 6.141948	 3.016594	 0.441588	 14.887400	 2.574196	 0.374582
 0.589964	 7.094505	 1.811587	 1.930267	 7.737748	 1.909987	 7.523630	 3.149090	 0.689705	 15.035031	 2.829525	 0.436831
 0.869049	 8.230521	 1.968420	 2.086659	 8.878693	 2.066456	 8.196661	 3.208775	 0.811888	 15.078481	 2.951019	 0.467956
 2.506295	 12.779796	 2.042586	 2.160369	 11.929126	 2.140245	 10.515437	 2.732080	-0.128889	 20.569962	 3.505621	-1.016482
 3.316631	 15.019775	 2.075436	 2.192756	 13.424383	 2.172712	 11.649156	 2.489222	-0.597138	 23.263580	 3.774802	-1.753699
 5.713545	 26.605245	 4.087644	 4.204499	 22.142172	 4.684534	 19.690450	 4.863301	 1.670869	 38.058475	 11.401304	 1.382674
 6.895781	 32.321599	 5.081548	 5.197938	 26.439347	 5.926053	 23.655634	 6.035865	 2.796994	 45.426989	 15.176500	 2.941823
 12.970743	 40.603700	 5.566350	 6.182275	 33.026462	 6.532477	 27.082984	 6.607730	 2.852210	 52.082430	 17.526194	 3.712395
 15.970133	 44.715956	 5.796648	 6.660110	 36.240792	 6.821412	 28.735638	 6.879304	 2.874004	 55.381356	 18.661290	 4.088716
 17.931889	 48.743405	 6.399743	 6.884752	 39.269046	 7.451658	 30.501189	 7.000789	 2.879109	 58.502140	 20.189244	 3.767946
 18.872979	 50.732790	 6.687285	 6.982854	 40.758835	 7.750618	 31.319431	 7.047287	 2.875893	 60.038193	 20.909788	 3.600666
 20.303896	 54.703241	 6.817106	 7.517743	 42.479487	 7.883998	 32.664276	 7.056348	 2.868540	 62.281977	 21.226798	 3.510160
 20.975885	 56.663211	 6.868123	 7.769082	 43.314558	 7.934654	 33.268681	 7.046748	 2.859141	 63.378614	 21.342216	 3.458067
 21.268584	 57.618041	 6.879793	 7.878711	 43.706938	 7.944011	 33.503137	 7.027874	 2.848742	 63.901778	 21.357010	 3.425209
 21.871811	 59.070402	 6.871846	 7.917549	 44.378075	 7.932783	 33.552890	 7.004418	 2.837865	 63.638305	 21.321663	 3.401995
 22.128474	 59.771406	 6.854144	 7.921055	 44.688466	 7.911325	 33.510561	 6.978729	 2.826773	 63.481393	 21.261417	 3.383631
 22.212035	 59.596833	 6.331620	 7.906959	 44.818587	 7.884817	 32.922460	 6.951978	 2.815596	 63.377862	 21.188892	 3.367718
 22.209225	 59.485016	 6.058740	 7.884125	 44.859117	 7.855846	 32.563741	 6.924752	 2.804398	 63.301565	 21.110396	 3.353058
 22.163407	 59.404675	 6.410728	 7.856986	 44.854949	 7.825707	 32.319971	 6.897344	 2.793213	 63.238984	 21.029085	 3.339051
 22.096263	 59.339947	 6.573197	 7.827756	 44.828308	 7.795046	 32.133934	 6.869900	 2.782057	 63.183137	 20.946533	 3.325398
 22.018632	 58.783124	 6.640960	 7.797545	 44.290529	 7.764187	 31.977019	 6.842493	 2.770937	 62.630754	 20.863530	 3.311948
 21.935935	 58.480352	 6.661424	 7.766904	 43.997278	 7.733291	 31.834922	 6.815160	 2.759857	 62.330202	 20.780467	 3.298626
 21.850880	 58.304702	 6.658292	 7.736111	 43.826389	 7.702438	 31.700488	 6.787917	 2.748819	 62.155662	 20.697541	 3.285394
 21.764821	 58.192711	 6.643416	 7.705304	 44.216778	 7.671669	 31.570138	 6.760775	 2.737825	 62.044226	 20.614848	 3.272234
 21.678434	 58.112646	 6.622721	 7.674552	 44.387903	 7.641002	 31.442084	 6.733736	 2.726874	 61.964438	 20.532438	 3.259135
 21.092056	 58.048639	 6.599169	 7.643888	 43.949492	 7.610448	 31.315429	 6.706804	 2.715967	 61.900571	 20.450333	 3.246094
 20.757856	 57.992981	 6.574242	 7.613329	 43.706631	 7.580011	 31.189724	 6.679978	 2.705103	 61.844981	 20.368544	 3.233108
 20.549909	 57.941591	 6.548680	 7.582885	 43.561640	 7.549694	 31.064743	 6.653258	 2.694283	 61.793626	 20.287075	 3.220174
 20.405251	 57.892429	 6.522853	 7.552557	 43.465677	 7.519496	 30.940373	 6.626645	 2.683506	 61.744482	 20.205930	 3.207293
 20.792401	 57.844475	 6.496945	 7.522349	 43.894323	 7.489419	 30.816556	 6.600139	 2.672772	 61.696537	 20.125108	 3.194463
 20.943617	 57.796997	 6.471049	 7.492261	 44.085145	 7.459461	 30.693263	 6.573739	 2.662081	 61.649063	 20.044608	 3.181685
 20.977035	 57.749851	 6.445211	 7.462292	 44.157149	 7.429624	 30.570476	 6.547444	 2.651433	 61.601919	 19.964430	 3.168958
 20.951723	 57.202964	 6.419453	 7.432444	 43.669837	 7.399905	 30.448187	 6.521254	 2.640827	 61.055033	 19.884573	 3.156283
 20.897215	 56.906300	 6.393787	 7.402714	 43.402960	 7.370306	 30.326391	 6.495169	 2.630263	 60.758369	 19.805035	 3.143657
 20.328275	 56.734840	 6.368217	 7.373103	 43.246394	 7.340825	 30.205083	 6.469188	 2.619742	 60.586910	 19.725814	 3.131083
 20.004286	 56.626297	 6.342747	 7.343611	 43.145298	 7.311461	 30.084262	 6.443311	 2.609263	 60.478367	 19.646911	 3.118558
 19.802931	 56.049304	 6.317378	 7.314236	 43.072029	 7.282215	 29.963925	 6.417538	 2.098826	 60.401374	 19.568324	 3.106084
 19.663051	 55.738399	 6.292109	 7.284979	 43.012985	 7.253087	 29.844069	 6.391868	 1.840431	 60.340469	 19.490050	 3.093660
 19.554064	 55.560628	 6.266941	 7.255839	 42.961145	 7.224074	 29.724692	 6.366301	 2.208069	 59.787698	 18.912090	 3.081285
 19.460681	 55.449512	 6.241873	 7.226816	 42.912995	 7.195178	 29.605793	 6.340835	 2.386737	 59.489082	 18.586442	 3.068960
 19.375254	 55.371814	 6.216906	 7.197909	 42.866779	 7.166397	 29.487370	 6.315472	 2.470940	 59.317634	 18.387096	 3.056684
 19.293962	 55.310913	 6.192038	 7.169117	 42.321619	 7.137732	 28.869421	 6.290210	 2.507931	 59.209858	 18.251048	 3.544458
 19.214890	 55.258498	 6.167270	 7.140441	 42.027075	 7.109181	 28.503943	 6.265049	 2.521337	 59.134006	 18.146793	 3.780280
 19.137082	 54.710414	 6.142601	 7.111879	 42.357927	 7.080744	 28.264927	 6.239989	 2.522971	 59.074203	 18.058581	 3.890159
 19.060060	 54.414584	 6.118031	 7.083431	 42.501564	 7.052421	 28.089368	 6.215029	 2.518738	 59.022514	 17.978534	 3.937098
 18.483583	 54.244968	 6.093558	 7.055098	 42.051681	 7.024211	 27.945760	 6.190169	 2.511593	 58.974967	 17.902714	 3.452600
 18.159530	 54.138989	 6.069184	 7.026877	 41.805570	 6.996114	 27.818352	 6.165408	 2.503011	 58.930024	 17.829150	 3.204414
 17.961833	 54.064914	 6.044908	 6.998770	 41.661429	 6.968130	 27.699266	 6.140747	 2.493732	 58.386467	 17.756857	 3.574409
 17.827456	 54.006654	 6.020728	 6.970775	 41.568135	 6.940257	 27.584563	 6.116184	 2.484123	 58.093465	 17.685341	 3.751518
 17.724881	 53.956385	 5.996645	 6.942892	 41.500349	 6.912496	 27.472271	 6.091719	 2.474370	 57.925825	 17.614356	 3.832215
 17.638349	 53.910196	 5.472658	 6.415120	 40.945402	 6.384846	 25.861406	 6.067352	 2.464564	 56.320952	 17.043776	 3.864737
 17.559979	 53.861551	 5.200768	 6.139460	 40.587148	 6.109307	 25.007472	 6.043083	 2.454751	 55.492964	 16.725540	 3.873204
 16.985831	 51.811780	 5.054965	 5.989902	 39.827563	 6.459870	 24.032198	 6.018910	 2.444955	 51.553522	 9.033607	-0.130326
 16.665934	 50.766548	 4.972245	 5.903442	 39.369635	 6.621530	 23.498447	 5.994835	 2.435187	 49.563453	 5.184958	-2.123823
 9.973293	 35.723666	 2.421106	 2.848578	 27.062847	 3.688794	 15.185642	 2.970855	 0.425452	 35.048154	 2.257960	-1.612337
 6.620412	 28.160864	 1.145536	 1.321147	 20.879941	 2.220914	 11.015494	 1.458866	-0.576247	 27.749438	 0.795800	-1.354392
 3.937436	 20.338266	 0.507752	 0.557431	 14.259094	 1.485468	 6.916729	 1.202871	-0.573941	 19.559179	 0.066052	-1.223227
 2.593439	 16.401936	 0.188859	 0.175573	 10.933394	 1.116245	 4.861711	 1.072980	-0.571644	 15.441312	-0.297494	-1.155460
 1.918942	 14.408840	 0.029413	-0.015356	 9.255329	 0.930139	 3.828589	 1.006148	-0.569357	 13.359731	-0.477946	-1.119402
 0.079204	 8.887460	-0.050310	-0.610821	 4.401141	 0.335598	-1.193564	-0.029147	-1.067080	 5.296385	-2.566854	-1.099205
-0.837144	 6.120038	-0.090172	-0.906141	 1.974048	 0.038328	-3.692208	-0.544665	-1.312811	 1.270245	-3.601997	-1.086949
-2.791811	 1.229622	-0.610102	-1.551397	-1.239499	-1.110307	-6.429149	-1.300304	-1.432560	-1.737313	-4.610294	-1.578672
-3.759651	-1.208264	-0.867808	-1.869633	-2.837366	-1.680107	-7.779287	-1.674011	-1.489330	-3.231602	-5.103206	-1.820392
-4.234116	-2.919915	-1.494409	-2.024374	-4.127429	-1.960507	-8.436097	-1.856770	-1.514623	-3.969295	-5.338469	-1.937129
-4.461932	-3.766478	-1.803468	-2.097387	-4.761626	-2.096225	-8.746317	-1.944070	-1.524189	-4.328727	-5.444953	-1.991389
-5.066460	-4.180533	-1.953772	-2.129553	-5.067933	-2.159621	-8.883313	-1.983657	-1.525905	-4.499067	-5.487093	-2.014428
-5.357382	-4.378371	-2.024716	-2.141312	-5.210338	-2.186872	-8.933771	-1.999404	-1.523707	-4.574898	-5.497104	-2.021872
-5.491547	-4.468138	-2.055997	-2.142886	-5.270834	-2.196070	-8.941031	-2.003247	-1.519566	-4.603512	-5.491095	-2.021536
-5.547377	-4.503905	-2.067463	-2.139383	-5.290420	-2.196258	-8.926765	-2.001155	-1.514464	-5.108555	-5.977121	-2.017325
-5.564086	-4.512710	-2.069038	-2.133361	-5.289593	-2.191959	-8.901807	-1.996111	-1.508894	-5.349849	-6.207207	-2.011194
-5.561279	-4.508069	-2.065684	-2.126094	-5.278602	-2.185434	-8.871574	-1.989606	-2.003103	-4.959314	-5.809376	-2.004118
-5.548759	-4.496742	-2.059883	-2.118224	-5.262571	-2.177814	-8.838775	-1.982388	-2.245213	-4.754909	-5.599637	-1.996586
-5.531426	-4.482107	-2.052874	-2.110068	-5.244063	-2.169664	-8.804763	-1.974828	-1.861293	-4.643605	-5.483988	-1.988842
-5.511732	-4.465855	-2.045278	-2.101786	-5.224358	-2.161266	-8.770216	-1.967114	-1.666378	-4.578889	-5.415427	-1.981007
-5.490900	-4.448830	-2.037404	-2.093458	-5.204096	-2.152761	-8.735471	-1.959338	-1.565978	-4.537502	-5.870452	-1.973144
-5.469544	-4.431454	-2.029408	-2.085124	-5.183597	-2.144220	-8.700697	-1.951547	-1.512847	-4.507817	-6.085314	-1.965282
-5.447970	-4.413937	-2.021368	-2.076803	-5.163021	-2.135678	-8.665978	-1.943764	-1.483362	-4.484018	-6.180145	-1.957436
-5.426330	-4.396386	-2.013321	-2.068506	-5.642449	-2.127153	-8.631356	-1.936000	-1.465711	-4.963198	-5.715010	-1.949613
-5.404701	-4.378853	-2.005287	-2.060237	-5.869919	-2.118653	-8.596852	-1.928262	-1.453990	-5.191903	-5.471943	-1.941819
-5.383120	-4.361364	-1.997275	-2.051998	-5.471459	-2.110183	-8.562475	-1.920552	-1.445245	-5.295415	-5.339952	-1.934053
-5.361607	-4.343932	-1.989291	-2.043791	-5.262083	-2.101744	-8.528230	-1.912871	-1.437999	-5.336372	-5.263540	-1.926318
-5.340170	-4.326562	-1.981336	-2.035617	-5.647290	-2.093338	-8.494120	-1.905221	-1.431515	-4.846097	-5.714960	-1.918613
-5.318814	-4.309259	-1.973412	-2.027475	-5.827828	-2.084965	-8.460145	-1.897600	-1.425423	-4.592247	-5.928337	-1.910939
-5.297541	-4.292024	-1.965519	-2.019365	-5.406080	-2.076626	-8.426305	-1.890010	-1.419538	-4.456646	-6.022742	-1.903295
-5.276352	-4.274857	-1.957657	-2.011288	-5.185238	-2.068319	-8.392600	-1.882450	-1.413768	-4.380203	-6.057711	-1.895682
-5.255247	-4.257758	-1.949827	-2.003242	-5.064888	-2.060046	-8.359030	-1.874920	-1.408068	-4.333374	-6.063010	-1.888100
-5.234226	-4.240727	-1.942027	-1.995229	-4.994824	-2.051806	-8.325594	-1.867420	-1.402412	-4.301386	-5.553522	-1.880547
-5.213290	-4.223764	-1.934259	-1.987249	-4.949942	-2.043599	-8.292291	-1.859951	-1.396791	-4.276854	-5.288691	-1.873025
-5.192436	-4.206869	-1.926522	-1.979300	-4.917691	-2.035424	-8.259122	-1.852511	-1.391198	-4.256083	-5.146227	-1.865533
-5.171667	-4.190042	-1.918816	-1.971382	-4.891795	-2.027283	-8.226086	-1.845101	-1.385631	-4.237227	-5.064988	-1.858071
-5.150980	-4.173281	-1.911141	-1.963497	-4.869115	-2.019174	-8.193182	-1.837720	-1.880087	-4.219362	-5.014401	-1.850639
-5.130376	-4.156588	-1.903496	-1.955643	-4.848082	-2.011097	-8.160409	-1.830370	-2.122566	-4.202027	-4.979179	-1.843236
-5.109855	-4.139962	-1.895882	-1.947820	-4.827912	-2.003053	-8.127767	-1.823048	-1.739075	-4.184989	-5.451681	-1.335863
-5.089415	-4.123402	-1.888299	-1.940029	-4.808211	-1.995040	-8.095256	-1.815756	-1.544619	-4.168135	-5.676083	-1.080520
-5.069058	-4.106909	-1.880746	-1.932269	-4.788783	-1.987060	-8.062875	-1.808493	-1.444690	-4.151405	-5.776484	-0.951198
-5.048781	-4.090481	-1.873223	-1.924540	-4.769531	-1.979112	-8.030624	-1.801259	-1.392036	-4.634771	-5.314930	-0.884893
-5.028586	-4.074119	-1.865730	-1.916842	-4.750404	-1.971196	-7.998501	-1.794054	-1.363031	-4.866218	-5.074446	-0.850103
-5.008472	-4.057822	-1.858267	-1.909174	-4.731378	-1.963311	-7.966507	-1.786878	-1.345860	-4.471746	-4.944537	-0.831078
-4.988438	-4.041591	-1.850834	-1.901538	-4.712441	-1.955457	-7.934641	-1.779730	-1.334617	-4.266355	-4.869952	-0.819941
-4.968484	-4.025425	-1.843430	-1.893931	-4.693585	-1.947636	-7.902902	-1.772611	-1.326349	-4.155538	-5.323070	-0.812755
-4.948610	-4.009323	-1.836057	-1.886356	-4.674807	-1.939845	-7.871291	-1.765521	-1.319578	-4.092040	-5.538076	-0.807551
-4.928816	-3.993286	-1.828713	-1.878810	-4.656107	-1.932086	-7.839806	-1.758459	-1.313568	-4.052234	-5.134073	-0.803344
-4.909101	-3.977313	-1.821398	-1.871295	-4.637482	-1.924357	-7.808446	-1.751425	-1.307947	-4.024306	-4.922611	-0.799642
-4.889464	-3.961403	-1.814112	-1.863810	-4.618931	-1.916660	-7.777213	-1.744419	-1.302532	-4.002349	-4.807458	-0.796200
-4.869906	-3.945558	-1.806856	-1.856355	-4.600455	-1.908993	-7.746104	-1.737442	-1.297231	-3.983410	-4.740497	-1.292893
-4.850427	-3.929776	-1.799628	-1.848929	-4.582053	-1.901357	-7.715119	-1.730492	-1.291996	-3.966011	-4.697669	-1.537660
-4.831025	-3.914056	-1.792430	-1.841533	-4.563725	-1.893752	-7.684259	-1.723570	-1.286805	-3.949415	-4.666946	-1.156479
-4.811701	-3.898400	-1.785260	-1.834167	-4.545470	-1.886177	-7.653522	-1.716676	-1.281646	-3.933251	-4.642311	-0.964338
-4.792454	-3.882807	-1.778119	-1.826831	-4.527288	-1.878632	-7.622908	-1.709809	-1.276514	-3.917335	-4.620759	-0.866723
-4.773284	-3.867275	-1.771006	-1.819523	-4.509179	-1.871118	-7.592416	-1.702970	-1.271405	-3.901574	-4.600784	-0.816377
-4.754191	-3.851806	-1.763922	-1.812245	-4.491142	-1.863633	-7.562047	-1.696158	-1.266318	-3.885922	-4.581635	-1.289672
-4.735174	-3.836399	-1.756867	-1.804996	-4.473178	-1.856179	-7.531798	-1.689373	-1.261252	-3.870355	-4.562936	-1.522794
-4.716234	-3.821054	-1.749839	-1.797776	-4.455285	-1.848754	-7.501671	-1.682616	-1.256207	-3.854862	-4.544498	-1.635843
-4.697369	-3.805769	-1.742840	-1.790585	-4.437464	-1.841359	-7.471664	-1.675885	-1.251182	-3.839437	-4.526227	-1.188870
-4.678579	-3.790546	-1.735869	-1.783423	-4.419714	-1.833994	-7.441778	-1.669182	-1.246177	-3.824077	-4.508075	-0.963899
-4.659865	-3.775384	-1.728925	-1.776289	-4.902035	-1.826658	-7.412011	-1.662505	-1.241192	-3.808779	-4.490019	-0.849936
-4.641226	-3.760282	-1.722009	-1.769184	-5.132427	-1.819351	-7.382363	-1.655855	-1.236227	-3.793543	-4.472048	-0.791482
-4.622661	-3.745241	-1.715121	-1.762107	-4.736897	-1.812074	-7.352833	-1.649231	-1.231283	-3.778369	-4.454154	-0.760790
-4.604170	-3.730260	-1.708261	-1.755059	-4.530450	-1.804825	-7.323422	-1.642634	-1.226357	-3.763255	-4.436334	-0.743983
-4.585753	-3.715339	-1.701428	-1.748039	-4.418578	-1.797606	-7.294128	-1.636064	-1.221452	-3.748202	-4.418587	-0.734125
-4.567410	-3.700478	-1.694622	-1.741046	-4.354029	-1.790415	-7.264952	-1.629520	-1.216566	-3.733209	-4.400912	-0.727748
-4.549141	-3.685676	-1.687844	-1.734082	-4.313175	-1.783254	-7.235892	-1.623002	-1.211700	-3.718276	-4.383308	-0.723117
-4.530944	-3.670933	-1.681092	-1.727146	-4.284204	-1.776121	-7.206948	-1.616510	-1.206853	-3.703403	-4.365775	-0.719364
-4.512820	-3.656250	-1.674368	-1.720237	-4.261207	-1.769016	-7.178120	-1.610044	-1.202026	-3.688589	-4.348312	-0.716056
-4.494769	-3.641625	-1.667670	-1.713356	-4.241233	-1.761940	-7.149408	-1.603603	-1.197218	-3.673835	-4.330918	-0.712977
-4.476790	-3.627058	-1.661000	-1.706503	-4.222803	-1.754892	-7.120810	-1.597189	-1.192429	-3.659140	-4.313595	-0.710018
-4.958883	-3.612550	-1.654356	-1.699677	-4.205180	-1.747873	-7.092327	-1.590800	-1.187659	-3.644503	-4.296340	-0.707124
-5.189047	-3.598100	-1.647738	-1.692878	-4.187993	-1.740881	-7.063958	-1.584437	-1.182908	-3.629925	-4.279155	-0.704268
-4.793291	-3.583707	-1.641147	-1.686107	-4.671058	-1.733918	-7.035702	-1.578099	-1.178177	-3.615405	-4.262038	-0.701438
-4.586618	-3.569372	-1.634583	-1.679362	-4.902282	-1.726982	-7.007559	-1.571787	-1.173464	-3.600944	-4.244990	-0.698626
-4.474521	-3.555095	-1.628044	-1.672645	-4.507627	-1.720074	-6.979529	-1.565500	-1.168770	-3.586540	-4.228010	-0.695828
-4.409748	-3.540875	-1.621532	-1.665954	-4.302073	-1.713194	-6.951611	-1.559238	-1.164095	-3.572194	-4.211098	-0.693043
-4.368672	-3.526711	-1.615046	-1.659290	-4.191104	-1.706341	-6.923804	-1.553001	-1.159439	-3.557905	-4.194254	-0.690270
-4.339478	-3.512604	-1.608586	-1.652653	-4.127459	-1.699516	-6.896109	-1.546789	-1.154801	-3.543673	-4.177477	-0.687508
-4.316261	-3.498554	-1.602152	-1.646043	-4.087508	-1.692718	-6.868525	-1.540602	-1.150182	-3.529499	-4.160767	-0.684758
-4.296066	-3.484560	-1.595743	-1.639459	-4.059438	-1.685947	-6.841051	-1.534439	-0.645581	-3.515381	-4.144124	-0.682019
-4.277417	-3.470621	-1.589360	-1.632901	-4.037340	-1.679203	-6.813686	-1.528301	-0.393281	-3.501319	-4.127547	-0.679291
-4.259575	-3.456739	-1.583003	-1.626369	-4.018261	-1.672486	-6.786432	-1.522188	-0.767130	-3.487314	-4.111037	-0.676573
-4.242171	-3.442912	-1.576671	-1.619864	-4.000723	-1.665796	-6.759286	-1.516099	-0.951773	-3.473365	-4.094593	-0.673867
-4.225019	-3.429140	-1.570364	-1.613384	-3.983987	-1.659133	-6.732249	-1.510035	-0.541822	-3.459471	-4.078215	-0.671172
-4.208027	-3.415424	-1.564082	-1.606931	-3.967685	-1.652497	-6.705320	-1.503995	-0.336846	-3.445633	-4.061902	-0.668487
-4.191149	-3.401762	-1.557826	-1.600503	-3.951631	-1.645887	-6.678499	-1.497979	-0.234359	-3.431851	-4.045654	-0.665813
-4.174362	-3.388155	-1.551595	-1.594101	-3.935733	-1.639303	-6.651785	-1.491987	-0.183115	-3.418123	-4.029471	-0.663150
-4.157653	-3.374602	-1.545388	-1.587724	-3.919945	-1.632746	-6.625177	-1.486019	-0.157493	-3.404451	-4.013354	-0.660497
-4.141017	-3.361104	-1.539207	-1.581374	-3.904242	-1.626215	-6.598677	-1.480075	-0.144682	-3.390833	-3.997300	-0.657855
-4.124450	-3.347660	-1.533050	-1.575048	-3.888614	-1.619710	-6.572282	-1.474155	-0.138276	-3.377270	-3.981311	-0.655224
-4.107951	-3.334269	-1.526918	-1.568748	-3.873053	-1.613231	-6.545993	-1.468258	-0.135073	-3.363761	-3.965386	-0.652603
-4.091518	-3.320932	-1.520810	-1.562473	-3.857558	-1.606778	-6.519809	-1.462385	-0.133472	-3.350306	-3.949524	-0.649992
-4.075152	-3.307648	-1.514727	-1.556223	-3.842127	-1.600351	-6.493730	-1.456536	-0.632671	-3.336904	-3.933726	-0.647392
-4.058851	-3.294418	-1.508668	-1.549998	-3.826757	-1.593950	-6.467755	-1.450709	-0.880007	-3.323557	-3.917991	-0.644803
-4.042615	-3.281240	-1.502633	-1.543798	-3.811450	-1.587574	-6.441884	-1.444907	-1.001421	-3.310263	-3.902319	-0.642224
-4.526445	-3.268115	-1.496623	-1.537623	-3.796204	-1.581224	-6.416116	-1.439127	-0.559882	-3.297022	-3.886710	-0.639655
-4.758339	-3.255042	-1.490636	-1.531472	-3.781019	-1.574899	-6.390452	-1.433370	-0.339112	-3.283833	-3.871163	-0.637096
-4.364306	-3.242022	-1.484674	-1.525347	-3.765895	-1.568599	-6.364890	-1.427637	-0.228727	-3.270698	-3.855678	-0.634548
-4.159348	-3.229054	-1.478735	-1.519245	-3.750831	-1.562325	-6.339430	-1.421926	-0.173535	-3.257615	-3.840256	-0.632010
-4.048961	-3.216138	-1.472820	-1.513168	-3.735828	-1.556076	-6.314073	-1.416239	-0.645939	-3.244585	-3.824895	-0.629482
-3.985890	-3.203273	-1.466929	-1.507116	-3.720885	-1.549851	-6.288816	-1.410574	-0.879904	-3.231607	-3.809595	-0.626964
-3.946509	-3.190460	-1.461061	-1.501087	-3.706001	-1.543652	-6.263661	-1.404931	-0.494659	-3.218680	-3.794357	-0.624456
-3.919004	-3.177698	-1.455217	-1.495083	-3.691177	-1.537477	-6.238606	-1.399312	-0.302036	-3.205805	-3.779179	-0.621958
-3.897469	-3.164988	-1.449396	-1.489102	-3.676412	-1.531327	-6.213652	-1.393714	-0.205725	-3.192982	-3.764063	-0.619470
-3.878949	-3.152328	-1.443598	-1.483146	-3.661707	-1.525202	-6.188797	-1.388140	-0.157569	-3.180210	-3.749006	-0.616992
-3.861969	-3.139718	-1.437824	-1.477213	-3.647060	-1.519101	-6.164042	-1.382587	-0.133491	-3.167489	-3.734010	-0.614524
-3.845788	-3.127160	-1.432073	-1.471305	-3.632472	-1.513025	-6.139386	-1.377057	-0.121453	-3.154819	-3.719074	-0.612066
-3.830039	-3.114651	-1.426344	-1.465419	-3.617942	-1.506973	-6.114828	-1.371548	-0.115433	-3.142200	-3.704198	-0.609618
-3.814536	-3.102192	-1.420639	-1.459558	-3.603470	-1.500945	-6.090369	-1.366062	-0.612423	-3.129631	-3.689381	-0.607179
-3.799186	-3.089784	-1.414957	-1.453719	-3.589056	-1.494941	-6.066008	-1.360598	-0.858700	-3.117113	-3.674624	-0.604751
-3.783944	-3.077424	-1.409297	-1.447905	-3.574700	-1.488961	-6.041744	-1.355156	-0.979628	-3.104644	-3.659925	-0.602332
-3.768785	-3.065115	-1.403660	-1.442113	-3.560401	-1.483005	-6.017577	-1.349735	-1.037891	-3.092226	-3.645285	-0.599922
-3.753698	-3.052854	-1.398045	-1.436344	-3.546160	-1.477073	-5.993506	-1.344336	-1.064830	-3.079857	-3.630704	-0.597523
-3.738678	-3.040643	-1.392453	-1.430599	-3.531975	-1.471165	-5.969532	-1.338959	-0.576116	-3.067537	-3.616182	-0.595133
-3.723720	-3.028480	-1.386883	-1.424877	-3.517847	-1.465280	-5.945654	-1.333603	-0.331759	-3.055267	-3.601717	-0.592752
-3.708824	-3.016366	-1.381335	-1.419177	-3.503776	-1.459419	-5.921872	-1.328268	-0.209581	-3.043046	-3.587310	-0.590381
-3.693988	-3.004301	-1.375810	-1.413500	-3.489761	-1.453582	-5.898184	-1.322955	-0.148491	-3.030874	-3.572961	-0.588020
-3.679212	-2.992284	-1.370307	-1.407846	-3.475802	-1.447767	-5.874591	-1.317664	-0.117947	-3.018751	-3.558669	-0.585667
-3.664495	-2.980315	-1.364826	-1.402215	-3.461898	-1.441976	-5.851093	-1.312393	-0.102674	-3.006676	-3.544434	-0.583325
-3.649837	-2.968393	-1.359366	-1.396606	-3.448051	-1.436208	-5.827689	-1.307143	-0.595038	-2.994649	-3.530256	-0.580992
-3.635237	-2.956520	-1.353929	-1.391020	-3.434259	-1.430463	-5.804378	-1.301915	-0.839045	-2.982670	-3.516135	-0.578668
-3.620696	-2.944694	-1.348513	-1.385456	-3.420521	-1.424742	-5.781160	-1.296707	-0.958883	-2.970740	-3.502071	-0.576353
-4.106213	-2.932915	-1.343119	-1.379914	-3.406839	-1.419043	-5.758036	-1.291520	-0.516644	-2.958857	-3.488063	-0.574047
-4.339788	-2.921183	-1.337747	-1.374394	-3.393212	-1.413366	-5.735004	-1.286354	-0.295525	-2.947021	-3.474110	-0.571751
-3.947429	-2.909498	-1.332396	-1.368897	-3.379639	-1.407713	-6.212064	-1.281209	-0.184965	-2.935233	-3.460214	-0.569464
-3.744140	-2.897860	-1.327066	-1.363421	-3.366121	-1.402082	-6.437215	-1.276084	-0.129685	-2.923492	-3.446373	-0.567186
-3.635413	-2.886269	-1.321758	-1.357967	-3.352656	-1.396474	-6.036466	-1.270980	-0.102045	-2.911798	-3.432588	-0.564918
-3.573996	-2.874724	-1.316471	-1.352536	-3.339246	-1.390888	-5.824821	-1.265896	-0.088225	-2.900151	-3.418857	-0.562658
-3.536263	-2.863225	-1.311205	-1.347125	-3.325889	-1.385324	-5.707771	-1.260832	-0.081315	-2.888550	-3.405182	-0.560407
-3.510399	-2.851772	-1.305960	-1.341737	-3.312585	-1.379783	-5.638065	-1.255789	-0.077860	-2.876996	-3.391561	-0.558166
-3.490498	-2.840365	-1.300736	-1.336370	-3.299335	-1.374264	-5.592075	-1.250766	-0.076133	-2.865488	-3.377995	-0.555933
-3.473606	-2.829004	-1.295533	-1.331024	-3.286137	-1.368767	-5.557988	-1.245763	-0.075269	-2.854026	-3.364483	-0.553709
-3.458247	-2.817688	-1.290351	-1.325700	-3.272993	-1.363292	-5.529897	-1.240780	-0.074837	-2.842610	-3.351025	-0.551495
-3.443682	-2.806417	-1.285190	-1.320398	-3.259901	-1.357839	-5.504848	-1.235816	-0.074621	-2.831240	-3.337621	-0.549289
-3.429541	-2.795191	-1.280049	-1.315116	-3.246861	-1.352407	-5.481364	-1.230873	-0.074513	-2.819915	-3.324270	-0.547091
-3.415640	-2.784010	-1.274929	-1.309855	-3.233874	-1.346998	-5.458706	-1.225950	-0.074459	-2.808635	-3.310973	-0.544903
-3.401885	-2.772874	-1.269829	-1.304616	-3.220938	-1.341610	-5.436505	-1.221046	-0.074432	-2.797401	-3.297729	-0.542723
-3.388232	-2.761783	-1.264750	-1.299398	-3.208054	-1.336243	-5.414576	-1.216162	-0.074419	-2.786211	-3.284538	-0.540553
-3.374656	-2.750736	-1.259691	-1.294200	-3.195222	-1.330898	-5.392826	-1.211297	-0.074412	-2.775066	-3.271400	-0.538390
-3.361146	-2.739733	-1.254652	-1.289023	-3.182441	-1.325575	-5.371209	-1.206452	-0.074409	-2.763966	-3.258315	-0.536237
-3.847696	-2.728774	-1.249633	-1.283867	-3.169712	-1.320272	-5.349701	-1.201626	-0.574407	-2.752910	-3.245281	-0.534092
-4.082302	-2.717859	-1.244635	-1.278732	-3.157033	-1.314991	-5.328291	-1.196820	-0.822257	-2.741898	-3.232300	-0.531955
-3.690972	-2.706987	-1.239656	-1.273617	-3.144405	-1.309731	-5.306972	-1.192032	-0.444042	-2.730931	-3.219371	-0.529828
-3.488707	-2.696159	-1.234698	-1.268522	-3.131827	-1.304492	-5.285741	-1.187264	-0.254935	-2.720007	-3.206494	-0.527708
-3.381002	-2.685375	-1.229759	-1.263448	-3.119300	-1.299274	-5.264597	-1.182515	-0.160381	-2.709127	-3.193668	-0.525597
-3.320603	-2.674633	-1.224840	-1.258394	-3.106823	-1.294077	-5.243537	-1.177785	-0.113104	-2.698291	-3.180893	-0.523495
-3.283883	-2.663935	-1.219940	-1.253361	-3.094395	-1.288901	-5.722563	-1.173074	-0.089466	-2.687497	-3.168169	-0.521401
-3.259028	-2.653279	-1.215061	-1.248347	-3.082018	-1.283745	-5.949673	-1.168382	-0.077647	-2.676747	-3.155497	-0.519315
-3.240133	-2.642666	-1.210200	-1.243354	-3.069690	-1.278610	-6.050874	-1.163708	-0.071737	-2.666040	-3.142875	-0.517238
-3.224243	-2.632095	-1.205360	-1.238381	-3.057411	-1.273496	-5.589170	-1.159053	-0.068782	-2.655376	-3.130303	-0.515169
-3.209881	-2.621567	-1.200538	-1.233427	-3.045181	-1.268402	-5.348064	-1.154417	-0.067305	-2.644755	-3.117782	-0.513109
-3.696309	-2.611081	-1.195736	-1.228493	-3.033000	-1.263328	-5.217296	-1.149799	-0.066566	-2.634176	-3.105311	-0.511056
-3.931157	-2.600636	-1.190953	-1.223579	-3.020868	-1.258275	-5.141740	-1.145200	-0.066197	-2.623639	-3.092890	-0.509012
-3.540250	-2.590234	-1.186189	-1.218685	-3.008785	-1.253242	-5.093829	-1.140619	-0.066012	-2.613144	-3.080518	-0.506976
-3.338497	-2.579873	-1.181444	-1.213810	-2.996750	-1.248229	-5.059782	-1.136057	-0.065920	-2.602692	-3.068196	-0.504948
-3.231347	-2.569553	-1.176719	-1.208955	-2.984763	-1.243236	-5.032707	-1.131513	-0.065874	-2.592281	-3.055923	-0.502928
-3.171524	-2.559275	-1.172012	-1.204119	-2.972824	-1.238263	-5.009158	-1.126987	-0.065850	-2.581912	-3.043700	-0.500916
-3.135389	-2.549038	-1.167324	-1.199303	-2.960932	-1.233310	-4.987412	-1.122479	-0.065839	-2.571584	-3.031525	-0.499911
-3.111123	-2.538842	-1.162654	-1.194506	-2.949089	-1.228377	-4.966608	-1.117989	-0.065833	-2.561298	-3.019399	-0.499408
-3.092816	-2.528686	-1.158004	-1.189728	-2.937292	-1.223463	-4.946314	-1.113517	-0.065830	-2.551053	-3.007321	-0.499156
-3.077514	-2.518572	-1.153372	-1.184969	-2.925543	-1.218570	-4.926315	-1.109063	-0.065829	-2.540849	-2.995292	-0.499030
-3.063738	-2.508497	-1.148758	-1.180229	-2.913841	-1.213695	-4.906503	-1.104626	-0.065828	-2.530685	-2.983311	-0.498968
-3.050751	-2.498463	-1.144163	-1.175508	-2.902186	-1.208840	-4.886824	-1.100208	-0.065828	-2.520562	-2.971377	-0.498936
-3.038181	-2.488470	-1.139587	-1.170806	-2.890577	-1.204005	-4.867250	-1.095807	-0.065828	-2.510480	-2.959492	-0.498920
-3.025845	-2.478516	-1.135028	-1.166123	-2.879015	-1.199189	-4.847768	-1.091424	-0.065828	-2.500438	-2.947654	-0.498913
-3.013650	-2.468602	-1.130488	-1.161458	-2.867499	-1.194392	-4.828370	-1.087058	-0.065827	-2.490437	-2.935863	-0.498909
-3.001550	-2.458727	-1.125966	-1.156812	-2.856029	-1.189615	-4.809053	-1.082710	-0.065827	-2.480475	-2.924120	-0.498907
-2.989521	-2.448892	-1.121462	-1.152185	-2.844604	-1.184856	-4.789815	-1.078379	-0.065827	-2.470553	-2.912423	-0.498906
-2.977551	-2.439097	-1.116977	-1.147576	-2.833226	-1.180117	-4.770655	-1.074066	-0.065827	-2.460671	-2.900774	-0.498905
-3.465635	-2.429340	-1.112509	-1.142986	-2.821893	-1.175396	-4.751572	-1.069769	-0.065827	-2.450828	-2.889171	-0.498905
-3.701770	-2.419623	-1.108059	-1.138414	-2.810606	-1.170695	-4.732566	-1.065490	-0.065827	-2.441025	-2.877614	-0.498905
-3.311961	-2.409944	-1.103626	-1.133860	-2.799363	-1.166012	-4.713635	-1.061228	-0.065827	-2.431261	-2.866103	-0.498905
-3.111213	-2.400305	-1.099212	-1.129325	-2.788166	-1.161348	-4.694781	-1.056983	-0.065827	-2.421536	-2.854639	-0.498905
-3.005018	-2.390703	-1.094815	-1.124808	-2.777013	-1.156703	-4.676001	-1.052755	-0.065827	-2.411849	-2.843220	-0.498905
-2.946122	-2.381141	-1.090436	-1.120308	-2.765905	-1.152076	-4.657297	-1.048544	-0.065827	-2.402202	-2.831848	-0.498905
-2.910900	-2.371616	-1.086074	-1.115827	-2.754841	-1.147467	-4.638668	-1.044350	-0.065827	-2.392593	-2.820520	-0.498905
-2.887538	-2.362130	-1.081730	-1.111364	-2.743822	-1.142878	-4.620114	-1.040173	-0.065827	-2.383023	-2.809238	-0.498905
-2.870128	-2.352681	-1.077403	-1.106918	-2.732847	-1.138306	-4.601633	-1.036012	-0.065827	-2.373491	-2.798001	-0.498905
-2.855718	-2.343270	-1.073093	-1.102491	-2.721915	-1.133753	-4.583227	-1.031868	-0.065827	-2.363997	-2.786809	-0.498905
-2.842830	-2.333897	-1.068801	-1.098081	-2.711028	-1.129218	-4.564894	-1.027741	-0.065827	-2.354541	-2.775662	-0.498905
-2.830727	-2.324562	-1.064526	-1.093688	-2.700184	-1.124701	-4.546634	-1.023630	-0.065827	-2.345123	-2.764559	-0.498905
-2.819038	-2.315263	-1.060268	-1.089314	-2.689383	-1.120202	-4.528448	-1.019535	-0.065827	-2.335742	-2.753501	-0.498905
-2.807578	-2.306002	-1.056026	-1.084956	-2.678625	-1.115721	-4.510334	-1.015457	-0.065827	-2.326399	-2.742487	-0.498905
-2.796256	-2.296778	-1.051802	-1.080617	-2.667911	-1.111258	-4.492292	-1.011395	-0.065827	-2.317094	-2.731517	-0.498905
-2.785026	-2.287591	-1.047595	-1.076294	-2.657239	-1.106813	-4.474323	-1.007350	-0.065827	-2.307825	-2.720591	-0.498905
-2.773863	-2.278441	-1.043405	-1.071989	-2.646610	-1.102386	-4.456426	-1.003320	-0.065827	-2.298594	-2.709709	-0.498905
-2.762756	-2.269327	-1.039231	-1.067701	-2.636024	-1.097977	-4.438600	-0.999307	-0.065827	-2.289399	-2.698870	-0.498905
-2.751699	-2.260250	-1.035074	-1.063430	-2.625480	-1.093585	-4.420846	-0.995310	-0.065827	-2.280242	-2.688074	-0.498905
-2.740689	-2.251209	-1.030934	-1.059176	-2.614978	-1.089210	-4.403162	-0.991328	-0.065827	-2.271121	-2.677322	-0.498905
-2.729725	-2.242204	-1.026810	-1.054940	-2.604518	-1.084854	-4.385550	-0.987363	-0.065827	-2.262036	-2.666613	-0.498905
-2.718806	-2.233235	-1.022703	-1.050720	-2.594100	-1.080514	-4.368008	-0.983414	-0.065827	-2.252988	-2.655946	-0.498905
-3.207930	-2.224302	-1.018612	-1.046517	-2.583723	-1.076192	-4.350536	-0.979480	-0.065827	-2.243976	-2.645322	-0.498905
-3.445098	-2.215405	-1.014538	-1.042331	-2.573388	-1.071887	-4.333133	-0.975562	-0.065827	-2.235000	-2.634741	-0.498905
-3.056318	-2.206543	-1.010480	-1.038162	-2.563095	-1.067600	-4.315801	-0.971660	-0.065827	-2.226060	-2.624202	-0.498905
-2.856592	-2.197717	-1.006438	-1.034009	-2.552843	-1.063329	-4.298538	-0.967773	-0.065827	-2.217156	-2.613705	-0.498905
-2.751416	-2.188926	-1.002412	-1.029873	-2.542631	-1.059076	-4.281344	-0.963902	-0.065827	-2.208288	-2.603251	-0.498905
-2.693535	-2.680171	-0.998402	-1.025754	-2.532461	-1.054840	-4.264218	-0.960047	-0.565827	-2.199454	-2.592838	-0.498905
-2.659324	-2.919450	-0.994409	-1.021651	-2.522331	-1.050620	-4.247161	-0.956206	-0.813696	-2.190657	-2.582466	-0.498905
-2.636967	-2.532772	-0.990431	-1.017564	-2.512241	-1.046418	-4.230173	-0.952382	-0.435507	-2.181894	-2.572136	-0.498905
-2.620560	-2.335141	-0.986469	-1.013494	-2.502192	-1.042232	-4.213252	-0.948572	-0.246412	-2.173166	-2.561848	-0.498905
-2.607148	-2.232051	-0.982523	-1.009440	-2.492184	-1.038063	-4.196399	-0.944778	-0.151865	-2.164474	-2.551600	-0.498905
-2.595255	-2.176247	-0.978593	-1.005402	-2.482215	-1.033911	-4.179613	-0.940999	-0.104591	-2.155816	-2.541394	-0.498905
-2.584141	-2.144105	-0.974679	-1.001380	-2.472286	-1.029775	-4.162895	-0.937235	-0.080955	-2.147193	-2.531228	-0.498905
-2.573439	-2.123810	-0.970780	-0.997375	-2.462397	-1.025656	-4.146243	-0.933486	-0.069136	-2.138604	-2.521104	-0.498905
-2.562962	-2.109455	-0.966897	-0.993385	-2.452547	-1.021554	-4.129658	-0.929752	-0.063227	-2.130049	-2.511019	-0.498905
-2.552618	-2.098088	-0.963029	-0.989412	-2.442737	-1.017467	-4.113140	-0.926033	-0.060272	-2.121529	-2.500975	-0.498905
-2.542362	-2.088230	-0.959177	-0.985454	-2.432966	-1.013398	-4.096687	-0.922329	-0.058795	-2.113043	-2.490971	-0.498905
-3.032170	-2.079145	-0.955341	-0.981512	-2.423234	-1.009344	-4.080300	-0.918639	-0.058056	-2.104591	-2.481007	-0.498905
-3.270030	-2.070462	-0.951519	-0.977586	-2.413541	-1.005307	-4.063979	-0.914965	-0.057687	-2.096173	-2.471083	-0.498905
-2.881944	-2.061997	-0.947713	-0.973676	-2.403887	-1.001285	-4.047723	-0.911305	-0.057503	-2.087788	-2.461199	-0.498905
-2.682913	-2.053658	-0.943922	-0.969781	-2.394272	-0.997280	-4.031532	-0.907660	-0.057410	-2.079437	-2.451354	-0.498905
-2.578430	-2.045397	-0.940147	-0.965902	-2.384695	-0.993291	-4.015406	-0.904029	-0.057364	-2.071119	-2.441549	-0.498905
-2.521241	-2.037193	-0.936386	-0.962038	-2.375156	-0.989318	-3.999345	-0.900413	-0.057341	-2.062834	-2.431782	-0.498905
-2.487718	-2.029033	-0.932641	-0.958190	-2.365655	-0.985361	-3.983347	-0.896811	-0.057329	-2.054583	-2.422055	-0.498905
-2.466048	-2.020911	-0.428910	-0.954358	-2.356193	-0.981419	-3.967414	-0.893224	-0.057324	-2.046365	-2.412367	-0.498905
-2.450324	-2.012824	-0.177045	-0.950540	-2.346768	-0.977494	-3.951544	-0.889651	-0.057321	-2.038179	-2.402718	-0.498905
-2.437593	-2.004772	-0.551112	-0.946738	-2.337381	-0.973584	-3.935738	-0.886092	-0.057319	-2.030027	-2.393107	-0.498905
-2.426378	-1.996752	-0.736295	-0.942951	-2.328031	-0.969689	-3.919995	-0.882548	-0.057319	-2.021907	-2.383534	-0.498905
-2.415940	-1.988764	-0.827044	-0.939179	-2.318719	-0.965811	-3.904315	-0.879018	-0.057318	-2.013819	-2.374000	-0.498905
-2.405910	-1.980809	-0.870583	-0.935422	-2.309444	-0.961947	-3.888698	-0.875502	-0.057318	-2.005764	-2.364504	-0.498905
-2.896103	-1.972886	-0.890524	-0.931681	-2.300206	-0.958100	-3.873143	-0.872000	-0.057318	-1.997741	-2.355046	-0.498905
-3.134427	-1.964994	-0.898674	-0.927954	-2.291006	-0.954267	-3.857651	-0.868512	-0.057318	-1.989750	-2.345626	-0.498905
-3.246844	-1.957134	-0.900935	-0.924242	-2.281842	-0.950450	-3.842220	-0.865038	-0.057318	-1.981791	-2.336244	-0.498905
-2.796334	-1.949306	-0.900259	-0.920545	-2.272714	-0.946648	-3.826851	-0.861578	-0.057318	-1.973863	-2.326899	-0.498905
-2.566387	-1.941508	-0.898122	-0.916863	-2.263623	-0.942862	-3.811544	-0.858131	-0.057318	-1.965968	-2.317591	-0.498905
-2.446741	-1.933742	-0.895261	-0.913196	-2.254569	-0.939090	-3.796297	-0.854699	-0.057318	-1.958104	-2.308321	-0.498905
-2.382263	-1.926007	-0.892046	-0.909543	-2.245551	-0.935334	-3.781112	-0.851280	-0.057318	-1.950272	-2.299087	-0.498905
-2.345389	-1.918303	-0.888661	-0.905905	-2.236568	-0.931593	-3.765988	-0.847875	-0.057318	-1.942471	-2.289891	-0.498905
-2.322335	-1.910630	-0.885198	-0.902281	-2.227622	-0.927866	-3.750924	-0.844483	-0.057318	-1.934701	-2.280731	-0.498905
-2.306209	-1.902988	-0.881703	-0.898672	-2.218712	-0.924155	-3.735920	-0.841105	-0.057318	-1.926962	-2.271608	-0.498905
-2.293566	-1.895376	-0.878199	-0.895077	-2.209837	-0.920458	-3.720976	-0.837741	-0.057318	-1.919254	-2.262522	-0.498905
