-2.243091	-1.798404	-0.514446	-0.499363	-4.057798	-0.793945	-2.682783	-0.281779	-0.056165	-1.355168	-1.712071	-0.405317
-2.235584	-1.791210	-0.512389	-0.499363	-4.041567	-0.790769	-2.670587	-0.281409	-0.056165	-1.302507	-1.504028	-0.452005
-2.227374	-1.784046	-0.510339	-0.499363	-4.025401	-0.787606	-3.159172	-0.781224	-0.056165	-1.273676	-1.897414	-0.475348
-2.218831	-1.776909	-0.508298	-0.499363	-4.009299	-0.784455	-3.396169	-1.028569	-0.056165	-1.256771	-2.089526	-0.487020
-2.210139	-1.769802	-0.506265	-0.499363	-3.993262	-0.781317	-3.507402	-1.149690	-0.056165	-1.245839	-2.181018	-0.492856
-2.201390	-1.762722	-0.504240	-0.499363	-3.977289	-0.778192	-3.555781	-0.707709	-0.056165	-1.237903	-1.722220	 0.004226
-2.192630	-1.755672	-0.502223	-0.499363	-3.961380	-0.775079	-3.572762	-0.486718	-0.056165	-1.231475	-1.490293	 0.251764
-2.183883	-1.748649	-0.500214	-0.499363	-3.945534	-0.771979	-3.574073	-0.876223	-0.056165	-1.225811	-1.371814	-0.124466
-2.175159	-1.741654	-0.499209	-0.499363	-3.929752	-0.768891	-3.567577	-1.068444	-0.056165	-1.220538	-1.310067	-0.311580
-2.166464	-1.734688	-0.498707	-0.499363	-3.914033	-0.765816	-3.557208	-0.662033	-0.056165	-1.215472	-1.776697	 0.094863
-2.157801	-1.727749	-0.498456	-0.499363	-3.898377	-0.762752	-3.544929	-0.458828	-0.056165	-1.210518	-2.005525	 0.297082
-2.149171	-1.720838	-0.498330	-0.499363	-3.882783	-0.759701	-3.531725	-0.357225	-0.056165	-1.205629	-2.115471	 0.398191
-2.140575	-1.713955	-0.498268	-0.499363	-3.867252	-0.756663	-3.518085	-0.306424	-0.056165	-1.200784	-2.165993	 0.448746
-2.132013	-1.707099	-0.498236	-0.499363	-3.851783	-0.753636	-3.504257	-0.281023	-0.056165	-1.195969	-2.186821	 0.474023
-2.123485	-1.700270	-0.498220	-0.499363	-3.836376	-0.750621	-2.990361	-0.268323	-0.056165	-1.191180	-2.192819	-0.013338
-2.114991	-1.693469	-0.498213	-0.499363	-3.821030	-0.747619	-2.728461	-0.261972	-0.056165	-1.186412	-2.191421	-0.256018
-2.106531	-1.686695	-0.498209	-0.499363	-4.305746	-0.744628	-2.592578	-0.258797	-0.056165	-1.181665	-2.186342	-0.377357
-2.098105	-1.679949	-0.498207	-0.499363	-4.538523	-0.741650	-2.519723	-0.257210	-0.056165	-1.176937	-2.179440	-0.438027
-1.589713	-1.673229	-0.498206	-0.499363	-4.145369	-0.738683	-2.478401	-0.256416	-0.056165	-1.672229	-1.671644	-0.468362
-1.333354	-1.666536	-0.498205	-0.499363	-3.941288	-0.735729	-2.452866	-0.256019	-0.056165	-1.915540	-1.415418	-0.483529
-1.703021	-1.659870	-0.498205	-0.499363	-3.831773	-0.732786	-2.935244	-0.755821	-0.056165	-2.032878	-1.284987	-0.491113
-1.883708	-1.653230	-0.498205	-0.499363	-3.769571	-0.729854	-3.169598	-1.003210	-0.056165	-2.087246	-1.217462	-0.494905
-1.969924	-1.646617	-0.498205	-0.499363	-3.731055	-0.726935	-3.279967	-1.124404	-0.056165	-2.110147	-1.181400	-0.496801
-2.008919	-1.640031	-0.498205	-0.499363	-3.704412	-0.724027	-2.828371	-0.682509	-0.056165	-1.617332	-1.661078	-0.497749
-2.024321	-1.633471	-0.498205	-0.499363	-3.683735	-0.721131	-2.597819	-0.461562	-0.056165	-1.368675	-1.896635	-0.498223
-2.027942	-1.626937	-0.498205	-0.499363	-3.666070	-0.718247	-2.477809	-0.351089	-0.056165	-1.242107	-2.010150	-0.498460
-2.025690	-1.620429	-0.498205	-0.499363	-3.649941	-0.715374	-2.413088	-0.295852	-0.056165	-1.176591	-2.062660	-0.498578
-2.020517	-1.613947	-0.498205	-0.499363	-3.634609	-0.712512	-2.376031	-0.268233	-0.056165	-1.641611	-1.584684	 0.001362
-2.013900	-1.607492	-0.498205	-0.499363	-3.619704	-0.709662	-2.352824	-0.254424	-0.056165	-1.869908	-1.343483	 0.250330
-1.506576	-1.601062	-0.498205	-0.499363	-3.605042	-0.706824	-2.336562	-0.247520	-0.056165	-1.479860	-1.220678	-0.125186
-1.250916	-1.594657	-0.498205	-0.499363	-3.590531	-0.703996	-2.323790	-0.244067	-0.056165	-1.282657	-1.157080	-0.311943
-1.121096	-1.588279	-0.498205	-0.499363	-3.576123	-0.701180	-2.312782	-0.242341	-0.056165	-1.181884	-1.123094	-0.405321
-1.054203	-1.581926	-0.498205	-0.499363	-3.561795	-0.698376	-2.302675	-0.741478	-0.056165	-1.129335	-1.103922	-0.452010
-1.018782	-1.575598	-0.498205	-0.499363	-3.547537	-0.695582	-2.293036	-0.988565	-0.056165	-1.100908	-1.092167	-0.475355
-1.499105	-1.569296	-0.498205	-0.499363	-3.533341	-0.692800	-2.283650	-0.609638	-0.056165	-1.584549	-1.084129	-0.487027
-1.735307	-1.563018	-0.498205	-0.499363	-3.519205	-0.690028	-2.274408	-0.420174	-0.056165	-1.822233	-1.077957	-0.492863
-1.849465	-1.556766	-0.498205	-0.499363	-3.505126	-0.687268	-2.265257	-0.325442	-0.056165	-1.436955	-1.072728	 0.004219
-1.902617	-1.550539	-0.498205	-0.499363	-3.491105	-0.684519	-2.256169	-0.278076	-0.056165	-1.242213	-1.067978	 0.251757
-1.925282	-1.544337	-0.498205	-0.499363	-3.477140	-0.681781	-2.247131	-0.254393	-0.056165	-1.142747	-1.563477	-0.124474
-1.932718	-1.538160	-0.498205	-0.499363	-3.463232	-0.679054	-2.238136	-0.242551	-0.056165	-1.090927	-1.807109	-0.311588
-1.932556	-1.532007	-0.498205	-0.499363	-3.449379	-0.676338	-2.229180	-0.236631	-0.056165	-1.062939	-1.924823	-0.405145
-1.928610	-1.525879	-0.498205	-0.999363	-3.935581	-0.673633	-2.720261	-0.733670	-0.056165	-1.546875	-1.979595	-0.451923
-1.922788	-1.519776	-0.498205	-1.246364	-4.169839	-0.670938	-2.959380	-0.979729	-0.056165	-1.784782	-2.002912	-0.475312
-1.916043	-2.013696	-0.498205	-1.366878	-4.278159	-0.668254	-3.072542	-1.100306	-0.556165	-2.399690	-2.510518	-0.987007
-1.908852	-2.255642	-0.498205	-1.424160	-4.323547	-0.665581	-3.122751	-1.158153	-0.804053	-2.701114	-2.758285	-1.239857
-2.401453	-2.371619	-0.498205	-1.449839	-3.837502	-0.662919	-3.141510	-1.184645	-0.925893	-2.845822	-2.876157	-1.363296
-2.641965	-2.424633	-0.498205	-1.459727	-3.587777	-0.660267	-3.144569	-1.195468	-0.984717	-2.912194	-2.929104	-1.422043
-2.756456	-1.946184	-0.498205	-0.961732	-2.956239	-0.157626	-2.139803	-0.698467	-0.512042	-0.939423	-2.449614	-0.948454
-2.807960	-1.704024	-0.498205	-0.712734	-2.635820	 0.093694	-1.635150	-0.449967	-0.275705	 0.044895	-2.205928	-0.711660
-2.827993	-1.580021	-0.498205	-0.588235	-2.470980	 0.219355	-1.380563	-0.325717	-0.157536	 0.534996	-2.080161	-0.593263
-1.832313	 1.984893	 0.001795	-0.025986	 1.616052	 0.782185	 2.248983	 0.236408	 0.401548	 4.777997	-1.013369	-0.534064
-1.332800	 3.756250	 0.250792	 0.254066	 3.648162	 1.060910	 4.051999	 0.515874	 0.679169	 6.881455	-0.479973	-0.504465
 0.418623	 7.630874	 0.375290	 0.393024	 5.652857	 0.697593	 6.441797	 0.654016	-0.683934	 12.915214	 0.786725	-1.989665
 1.289994	 9.545174	 0.437539	 0.461439	 6.639889	 0.515935	 7.619032	 0.721503	-1.361392	 15.894196	 1.415968	-2.725316
 3.221357	 14.979406	 2.468663	 2.494587	 16.618151	 2.925106	 15.190058	 2.753668	 0.803957	 28.345940	 8.726498	 0.413781
 4.176733	 17.655694	 3.475226	 3.502105	 21.554089	 4.119022	 18.930048	 3.760179	 1.880693	 34.490217	 12.349690	 1.976223
 10.644157	 29.953175	 3.969544	 4.496845	 26.469079	 5.205355	 22.254703	 4.253901	 1.913146	 40.481087	 15.129339	 2.250367
 13.843646	 36.078425	 4.207775	 4.983232	 28.863805	 5.735938	 23.865872	 4.491267	 1.925482	 43.453031	 16.483346	 2.382390
 15.409304	 39.117654	 4.317999	 5.215486	 29.998651	 5.988696	 24.620503	 4.600493	 1.927774	 44.915608	 17.124675	 2.443373
 17.158183	 43.613967	 4.364254	 5.320718	 32.003807	 6.602593	 25.947067	 4.645686	 1.925060	 47.123594	 17.909808	 2.468856
 17.994808	 45.837114	 4.378561	 5.362482	 32.938367	 6.895108	 26.555803	 4.658901	 1.919858	 48.202578	 18.264984	 2.476608
 18.875458	 48.423779	 4.376928	 5.372555	 34.837902	 7.026990	 27.305841	 4.656164	 1.913428	 49.717161	 19.405332	 2.475516
 19.276271	 49.690902	 4.367361	 5.366827	 35.714194	 7.078613	 27.624749	 4.645489	 1.906399	 50.448243	 19.934414	 2.470021
 19.937323	 51.798358	 4.853862	 5.353240	 36.579159	 7.090165	 28.228315	 4.630882	 1.899085	 51.287680	 20.158029	 2.462344
 20.226653	 52.825287	 5.086432	 5.335768	 36.936753	 7.081737	 28.472435	 4.614345	 1.891645	 51.680598	 20.229072	 2.453597
 20.330285	 53.312058	 5.192079	 5.816395	 37.040962	 6.563376	 28.537061	 4.596882	 1.884157	 51.350364	 20.223994	 2.444333
 20.341234	 53.528858	 5.234307	 6.044114	 37.018776	 6.292106	 28.512171	 4.578991	 1.876659	 51.158661	 20.181017	 2.434831
 20.306004	 53.610778	 5.244868	 6.145431	 36.933689	 6.144429	 28.442752	 4.560924	 1.869172	 51.036330	 20.119253	 2.425230
 20.247847	 53.625364	 5.239638	 5.683595	 36.817449	 6.558597	 28.351295	 4.542804	 1.861705	 50.948791	 20.048255	 2.415597
 20.178389	 53.606389	 5.226554	 5.442234	 36.685926	 6.751736	 28.249047	 4.524695	 1.854263	 50.878752	 19.972802	 2.405970
 20.103443	 53.570738	 5.209585	 5.311152	 36.547056	 6.834415	 28.141630	 4.506627	 1.846848	 50.817570	 19.895281	 2.396363
 20.025912	 53.526853	 5.190715	 5.235250	 36.404805	 6.861921	 28.031852	 4.488616	 1.839462	 50.760920	 19.816885	 2.386786
 19.947250	 52.978957	 5.170936	 5.686981	 36.261154	 6.861895	 27.921120	 4.470670	 1.832105	 50.706641	 19.738210	 2.377243
 19.868182	 52.678958	 5.150745	 5.900569	 36.117094	 6.848158	 27.810133	 4.452791	 1.824777	 50.653451	 19.659553	 2.367736
 19.789070	 53.003012	 5.130388	 5.495134	 35.973117	 6.827621	 27.699241	 3.934981	 1.817478	 50.600909	 19.081063	 2.358266
 19.710094	 53.139797	 5.109989	 5.282238	 35.829471	 6.803738	 27.588618	 3.669243	 1.810208	 50.549396	 18.754813	 2.348834
 19.631344	 52.683048	 5.089611	 5.665651	 35.686276	 6.778237	 27.478351	 4.029566	 1.802967	 49.998498	 18.554831	 2.339439
 19.552863	 52.429232	 5.069283	 5.845259	 35.543592	 6.751981	 27.368481	 4.200948	 1.795755	 49.697607	 18.418130	 2.330081
 19.474674	 52.276985	 5.049022	 5.923014	 35.401449	 6.725401	 27.259029	 4.277894	 1.788572	 49.521823	 18.313216	 2.320761
 19.396787	 52.175623	 5.028833	 5.949889	 35.259858	 6.698714	 27.150004	 4.307658	 1.781418	 49.908693	 18.224343	 2.311478
 19.319205	 52.099805	 5.008722	 5.951374	 35.118827	 6.672026	 27.041409	 4.313865	 1.774293	 50.076991	 18.143636	 2.302232
 19.241931	 52.036860	 4.988689	 5.940210	 34.978355	 6.645392	 26.933246	 4.308328	 1.767195	 50.136103	 18.067156	 2.293023
 19.164965	 51.980451	 4.968735	 5.922770	 34.838444	 6.618837	 26.825514	 4.296954	 1.760127	 50.140723	 17.992935	 2.283851
 19.088306	 51.927410	 4.948860	 5.402240	 34.699091	 6.592375	 26.718213	 4.282696	 1.753086	 49.618197	 17.919987	 2.274716
 19.011953	 51.876352	 4.929065	 5.132211	 34.560295	 6.566012	 26.611341	 4.267030	 1.746074	 49.332396	 17.847819	 2.265617
 18.935905	 51.326384	 4.909349	 5.487472	 34.422054	 6.539752	 26.504895	 4.250694	 1.739089	 49.165057	 17.776183	 2.256554
 18.860162	 51.026859	 4.889712	 5.653417	 34.284366	 6.513594	 26.398876	 4.234058	 1.732133	 49.056846	 17.704957	 2.247528
 18.784721	 50.852653	 4.870153	 5.724751	 34.147229	 6.487541	 26.293280	 4.217305	 1.725205	 48.978297	 17.634076	 2.238538
 18.709582	 51.241205	 4.850672	 5.748826	 34.010640	 6.461591	 25.688107	 4.700527	 1.718304	 48.914678	 17.563509	 2.229584
 18.634744	 51.411233	 4.831270	 5.749318	 33.874597	 6.435745	 25.335355	 4.931771	 1.711430	 48.858620	 17.493240	 2.220666
 18.560205	 51.472096	 4.811945	 5.738064	 33.739099	 6.410002	 25.609013	 4.537066	 1.704585	 48.806440	 17.423259	 2.211783
 18.485964	 51.478473	 4.792697	 5.720983	 33.604142	 6.384362	 25.694077	 4.331430	 1.697766	 48.756296	 17.353562	 2.202936
 18.412020	 50.957704	 4.773526	 5.201035	 33.469726	 6.358825	 25.685051	 4.220360	 1.690975	 48.707265	 17.284146	 2.194124
 18.338372	 50.673656	 4.754432	 4.931699	 33.335847	 6.333389	 25.629186	 4.156606	 1.684211	 48.659088	 17.215009	 2.185348
 18.265019	 50.508065	 4.735414	 5.287706	 33.202504	 6.308056	 25.550107	 4.116544	 1.677475	 48.611432	 17.146148	 2.176606
 18.191959	 50.401596	 4.716473	 5.454422	 33.069694	 6.282823	 25.459625	 4.088359	 1.670765	 48.563930	 17.077563	 2.167900
 18.119191	 50.324783	 4.697607	 5.526538	 32.937415	 6.257692	 25.363646	 4.066147	 1.664082	 48.516600	 17.009253	 2.159228
 18.046714	 50.262892	 4.678816	 5.051399	 32.805665	 6.232661	 25.265121	 4.046953	 1.657425	 48.469451	 16.941216	 2.150591
 17.974527	 50.208756	 4.660101	 4.804676	 32.674442	 6.207731	 25.165525	 4.029300	 1.650796	 48.422686	 16.873451	 2.141989
 17.902629	 50.658590	 4.641461	 4.672199	 32.543745	 6.182900	 24.565596	 4.012451	 1.644192	 47.376206	 16.305957	 2.633421
 17.831019	 50.860702	 4.622895	 4.596881	 32.413570	 6.158168	 24.217699	 3.996035	 1.637616	 46.830160	 15.990733	 2.872887
 16.759695	 47.939044	 4.104403	 4.050179	 30.283915	 6.133536	 21.996012	 3.979867	 2.131065	 43.534424	 14.301770	 0.986396
 16.192656	 46.453605	 3.837986	 3.769821	 29.162780	 6.109001	 20.845619	 3.963856	 2.372541	 41.806078	 13.432063	 0.044950
 9.377885	 32.686374	 1.197634	 1.122663	 18.046129	 3.084565	 12.731033	 1.447955	-0.511949	 28.861750	 5.972085	-1.923980
 5.965374	 25.764920	-0.119657	-0.197867	 12.473944	 1.572347	 8.664506	 0.192141	-1.947401	 22.357751	 2.245072	-2.900659
 4.254012	 22.266506	-0.775428	-0.855095	 9.674048	 0.816238	 6.622047	-0.433639	-2.658362	 19.074044	 0.384529	-3.381244
 2.893246	 16.479763	-0.600452	-1.180684	 5.260352	 0.438184	 4.091659	-0.244411	-2.007103	 13.900609	-1.042791	-2.113812
 2.209798	 13.565005	-0.512963	-1.340466	 3.051811	 0.249157	 2.823342	-0.149796	-1.678762	 11.296438	-1.751510	-1.478404
 0.365021	 9.086326	-0.969219	-1.417357	-1.554147	-0.345357	-1.313927	-1.102489	-1.511891	 3.476968	-3.600949	-1.659014
-0.554407	 6.837771	-1.194496	-1.452814	-3.844805	-0.640734	-3.371659	-1.574725	-1.425765	-0.424082	-4.514768	-1.745640
-3.011174	 1.204315	-1.304295	-1.967566	-7.477863	-1.286550	-5.889666	-2.306749	-1.880023	-3.365957	-5.460820	-2.285288
-4.228622	-1.603554	-1.356366	-2.219977	-9.272171	-1.605594	-7.131854	-2.666684	-2.102484	-4.824279	-5.921033	-2.549462
-4.826453	-3.998666	-1.879585	-2.841238	-10.647191	-1.761266	-8.236200	-2.840598	-2.709064	-6.040875	-6.138376	-2.675922
-5.114520	-5.183435	-2.136389	-3.144943	-11.310657	-1.835269	-8.769692	-2.921526	-3.005723	-6.634658	-6.234337	-2.733547
-5.247749	-5.763083	-2.260004	-3.289899	-11.618442	-1.868451	-9.017832	-2.955985	-3.147448	-6.917092	-6.269656	-2.756777
-5.303601	-6.040221	-2.317045	-3.355507	-11.748482	-1.881239	-9.123370	-3.467233	-3.211732	-7.043910	-6.774706	-2.762833
-5.320808	-6.166156	-2.340817	-3.381468	-11.789745	-1.883845	-9.157681	-3.714901	-3.237321	-7.092978	-7.012672	-2.760322
-5.318736	-6.216539	-2.347974	-3.387634	-11.786714	-2.381375	-9.156452	-3.830809	-3.243591	-7.103228	-7.117153	-3.253552
-5.307066	-6.229196	-2.346842	-3.383930	-11.761631	-2.624383	-9.137528	-3.880870	-3.240226	-7.094126	-7.154951	-3.492673
-5.290641	-6.223041	-2.341585	-3.375317	-11.725617	-2.240151	-9.109828	-3.898039	-3.232069	-7.575405	-7.159464	-3.104770
-5.271880	-6.207530	-2.334283	-3.364277	-11.684231	-2.044324	-9.077814	-3.898793	-3.221543	-7.799931	-7.147393	-2.905384
-5.251993	-6.187391	-2.325979	-3.352051	-11.640252	-2.442713	-9.043715	-3.391370	-2.709858	-7.396145	-7.127086	-2.800280
-5.231585	-6.164986	-2.317191	-3.339258	-11.595070	-2.636226	-9.008647	-3.131891	-2.449619	-7.180267	-7.102719	-2.742337
-5.210959	-6.141499	-2.308180	-3.326209	-11.549379	-2.727322	-8.973165	-2.996407	-2.315121	-7.058400	-7.076379	-2.707997
-5.190265	-6.117519	-2.299077	-3.313058	-11.503526	-2.267234	-8.937549	-2.922943	-2.243511	-6.983593	-6.549109	-2.685480
-5.169579	-6.093342	-2.289945	-3.299883	-11.457684	-2.033575	-8.901937	-2.880512	-2.203362	-6.932372	-6.273431	-2.668895
-5.148938	-5.569116	-1.780817	-2.786721	-10.911940	-1.913146	-8.866399	-2.353620	-1.678961	-6.392999	-5.623596	-1.655298
-5.128361	-5.296912	-1.523710	-2.525594	-10.618335	-1.849346	-8.830968	-2.086521	-1.414451	-6.111605	-5.288731	-1.147216
-4.607857	-4.650761	-1.392623	-1.890501	-10.450883	-1.813875	-7.795661	-1.949333	-1.279897	-5.459248	-5.111391	-0.891897
-4.339431	-4.319677	-1.324557	-1.570444	-10.346591	-1.792583	-7.264487	-1.877114	-1.210329	-5.123456	-5.012852	-0.762964
-4.197075	-4.146157	-1.288011	-1.407914	-10.273960	-1.778394	-7.485434	-1.837395	-1.173263	-4.945984	-4.953755	-0.697230
-4.117788	-4.051452	-1.267235	-1.324159	-10.217242	-1.767771	-7.580494	-1.813940	-1.152458	-4.847711	-4.914416	-0.663100
-4.070068	-3.996186	-1.254354	-1.279800	-10.168561	-1.758946	-7.612673	-1.798632	-1.139792	-4.789076	-4.884997	-0.644777
-4.538163	-3.960671	-1.245430	-1.255150	-9.623982	-1.751033	-7.613473	-1.287411	-1.131205	-5.250297	-4.860576	-0.634362
-4.762198	-3.935063	-1.238496	-1.240364	-9.333533	-1.743590	-7.598644	-1.030248	-1.124666	-5.469485	-4.838694	-0.627907
-4.364243	-3.914441	-1.232565	-1.230520	-9.170222	-1.736396	-7.576062	-1.400121	-0.619160	-5.067702	-4.818119	-0.623437
-4.157333	-3.896342	-1.227147	-1.223157	-9.070553	-1.729341	-7.549664	-1.581517	-0.366408	-4.857478	-4.798236	-0.619963
-4.045977	-3.879536	-1.221994	-1.217043	-9.002777	-1.722369	-7.021419	-1.168689	-0.240031	-4.743072	-4.778738	-0.616994
-3.982430	-3.863407	-1.216984	-1.211565	-8.951019	-1.715452	-6.744310	-0.960764	-0.176843	-4.676611	-4.759471	-0.614281
-3.942818	-3.847648	-1.212055	-1.206413	-8.907341	-1.708576	-7.092821	-1.355295	-0.145249	-4.634161	-4.740357	-0.611701
-3.915206	-3.832105	-1.207176	-1.201435	-8.867775	-1.701735	-7.252194	-1.549061	-0.129452	-4.603752	-4.721357	-0.609193
-3.893625	-3.816701	-1.202332	-1.196553	-8.830336	-1.694925	-7.317057	-1.642459	-0.121553	-4.579401	-4.702452	-0.606726
-3.875090	-3.801396	-1.197515	-1.191729	-8.794030	-1.688143	-7.334725	-1.685686	-0.117604	-4.558115	-4.683633	-0.604284
-3.858110	-3.786171	-1.192721	-1.186943	-8.758362	-1.681390	-7.328854	-1.703841	-0.115629	-4.538399	-4.664894	-0.601859
-3.841937	-3.771017	-1.187949	-1.182185	-8.723082	-1.674664	-7.311273	-1.709475	-0.614642	-4.519503	-4.646232	-0.599448
-3.826199	-3.755928	-1.183196	-1.177452	-8.688067	-1.667965	-7.287894	-1.708862	-0.861921	-4.501054	-4.627646	-0.597048
-3.810710	-3.740902	-1.178463	-1.172740	-8.653253	-1.161293	-6.761676	-1.205139	-0.483342	-4.482865	-4.609135	-0.594659
-3.795374	-3.725937	-1.173749	-1.168048	-8.618609	-0.906648	-6.486096	-0.951874	-0.294053	-4.464840	-4.590698	-0.592280
-3.780146	-3.711033	-1.169053	-1.163375	-9.084120	-1.278021	-6.835885	-1.323845	-0.199408	-4.446935	-4.572335	-0.589910
-3.765003	-3.696188	-1.164377	-1.158721	-9.297775	-1.460409	-6.996409	-1.506438	-0.152086	-4.429124	-4.554045	-0.587551
-3.749931	-3.681403	-1.159720	-1.154086	-9.385581	-1.548317	-7.062356	-1.594357	-0.128424	-4.411396	-4.535829	-0.585200
-4.234926	-3.666678	-1.155081	-1.149470	-8.910536	-1.588999	-7.081074	-1.134952	-0.116594	-4.393744	-4.517686	-0.582860
-4.467983	-3.652011	-1.150460	-1.144872	-8.656143	-1.606081	-7.076233	-0.903898	-0.110679	-4.376166	-4.499615	-0.580528
-4.075110	-3.637403	-1.145859	-1.140292	-9.012143	-1.611375	-7.059669	-0.787026	-0.107721	-4.358660	-4.481617	-0.578206
-3.871309	-3.622853	-1.141275	-1.135731	-9.171407	-1.610789	-7.037301	-0.727249	-0.106242	-4.341225	-4.463690	-0.575893
-4.262073	-3.608362	-1.136710	-1.131188	-8.732377	-1.607276	-6.512088	-0.696026	-0.105503	-4.323860	-4.445835	-0.573590
-4.448149	-3.593928	-1.132163	-1.126663	-8.496276	-1.602311	-6.237507	-0.679085	-0.105133	-4.306564	-4.428052	-0.571295
-4.531919	-3.579553	-1.127635	-1.122157	-8.361705	-1.596634	-6.588291	-1.169290	-0.104948	-4.289338	-3.910340	-0.569010
-4.564573	-3.565234	-1.123124	-1.117668	-8.277965	-1.590614	-6.749805	-1.411074	-0.104856	-4.272180	-3.644698	-0.566734
-4.571705	-3.550973	-1.118631	-1.113197	-8.219707	-1.584435	-6.816739	-1.528660	-0.104810	-4.255092	-3.505120	-0.564467
-4.566114	-3.536770	-1.114157	-1.108745	-8.174255	-1.578189	-6.836439	-1.084160	-0.104786	-4.238071	-3.928599	-0.562209
-4.554197	-3.522623	-1.109700	-1.104310	-8.135271	-1.571922	-6.832576	-0.860631	-0.104775	-4.221119	-4.131635	-0.559960
-4.039154	-3.508532	-1.105262	-1.099892	-8.099587	-1.565657	-6.316988	-0.747592	-0.104769	-4.204234	-4.224483	-0.557721
-3.774584	-3.494498	-1.100840	-1.095493	-8.065617	-1.559406	-6.047591	-0.689804	-0.104766	-4.187417	-4.262273	-0.555490
-3.635279	-3.480520	-1.096437	-1.091111	-8.032568	-1.553174	-6.401336	-0.659646	-0.104765	-3.670668	-4.272567	-0.553268
-3.558635	-3.466598	-1.092051	-1.086746	-8.000045	-1.546964	-6.564698	-0.643308	-0.104764	-3.405985	-4.269149	-0.551055
-4.013349	-3.452731	-1.087683	-1.082399	-7.967848	-1.540777	-6.132923	-1.133885	-0.104764	-3.767361	-4.258908	-0.548850
-4.231769	-3.438920	-1.083332	-1.078070	-7.935879	-1.534615	-5.905633	-1.375924	-0.104763	-3.939792	-4.245291	-0.546655
-4.332080	-3.425165	-1.078999	-1.073757	-7.904086	-1.528477	-5.780632	-1.493708	-0.104763	-4.017783	-4.230019	-0.544468
-4.373370	-3.411464	-1.074683	-1.069462	-7.872445	-1.522363	-6.206820	-1.549377	-0.604763	-3.548586	-4.213953	-0.542291
-4.385186	-3.397818	-1.070384	-1.065185	-7.840943	-1.516274	-6.406648	-1.574001	-0.852554	-3.307830	-4.197524	-0.540121
-3.882299	-3.384227	-1.066103	-1.060924	-7.809573	-1.010209	-6.493349	-1.083116	-0.474248	-3.681317	-4.180948	-0.537961
-3.624098	-3.370690	-1.061838	-1.056680	-7.778332	-0.756168	-6.523539	-0.836489	-0.285096	-3.859951	-4.164331	-0.535809
-3.988265	-3.357207	-1.057591	-1.052453	-7.747217	-1.128143	-6.525527	-0.711996	-0.190519	-3.441191	-4.147727	-0.533666
-4.161644	-3.343779	-1.053361	-1.048244	-7.716227	-1.311131	-6.513466	-0.648574	-0.143231	-3.225766	-4.131163	-0.531531
-4.239663	-3.330403	-1.049147	-1.044051	-7.685362	-1.399636	-5.994432	-0.615693	-0.119587	-3.612033	-3.614652	-0.529405
-4.270037	-3.317082	-1.044951	-1.039874	-7.654620	-1.440913	-5.723965	-0.598087	-0.107765	-3.797170	-3.350200	-0.527287
-3.776624	-3.303813	-1.040771	-1.035715	-7.624002	-1.458587	-5.577824	-0.588123	-0.101854	-3.881774	-3.711802	-0.525178
-3.523350	-3.290598	-1.036608	-1.031572	-7.593506	-1.464471	-5.493890	-0.581985	-0.098898	-3.916143	-3.884457	-0.523078
-3.390174	-3.277436	-1.032461	-1.027446	-7.563132	-1.464472	-5.441104	-0.577764	-0.097421	-3.925426	-3.962670	-0.520985
-3.817071	-3.264326	-1.028332	-1.023336	-7.532879	-1.461544	-5.903933	-0.574506	-0.096682	-3.422199	-3.993694	-0.518901
-4.022032	-3.251269	-1.024218	-1.019243	-7.502748	-1.457163	-6.122615	-0.571735	-0.096312	-3.164747	-4.001157	-0.516826
-4.116058	-3.238264	-1.020121	-1.015166	-7.472737	-1.452067	-5.719273	-0.569212	-0.096128	-3.530206	-3.496872	-0.514758
-4.154652	-3.225311	-1.016041	-1.011105	-7.442846	-1.446625	-5.506970	-0.566816	-0.096035	-3.705145	-3.238743	-0.512699
-3.665562	-3.212409	-1.011977	-1.007061	-7.413074	-1.441021	-5.390230	-0.564490	-0.095989	-3.784854	-3.603718	-0.510649
-3.414664	-3.199560	-1.007929	-1.003032	-7.383422	-1.435349	-5.321312	-0.562202	-0.095966	-3.816979	-3.778268	-0.508606
-3.782887	-3.186762	-1.003897	-0.999020	-7.353888	-1.429653	-5.276349	-0.559939	-0.095954	-3.825344	-3.857638	-0.506571
-3.958697	-3.174014	-0.999881	-0.995024	-7.324473	-1.423957	-5.243404	-0.557692	-0.095949	-3.821859	-3.889448	-0.504545
-4.038332	-3.161318	-0.995882	-0.991044	-7.295175	-1.418273	-5.216511	-0.555457	-0.095946	-3.812479	-3.897511	-0.502527
-4.069914	-3.148673	-0.991898	-0.987080	-7.265994	-1.412606	-5.192685	-1.053234	-0.095944	-3.300183	-3.893731	-0.500517
-4.077502	-3.136078	-0.987931	-0.983132	-7.236930	-1.406958	-5.170435	-1.299020	-0.095944	-3.038460	-3.884062	-0.499512
-3.573126	-3.123534	-0.983979	-0.979199	-7.207983	-1.401332	-5.149013	-1.418823	-0.095943	-3.402044	-3.871478	-0.499009
-3.314801	-3.111040	-0.980043	-0.975282	-7.179151	-1.395727	-5.128047	-1.475648	-0.095943	-3.576305	-3.857468	-0.498758
-3.679525	-3.098596	-0.976123	-0.971381	-7.150434	-1.390145	-5.607350	-1.000995	-0.095943	-3.655935	-3.842776	-0.498632
-3.853798	-3.086201	-0.972219	-0.967496	-7.121832	-1.384584	-5.834828	-0.762616	-0.095943	-3.688278	-3.827774	-0.498570
-3.932879	-3.073857	-0.968330	-0.963626	-7.093345	-1.379046	-5.436442	-1.142378	-0.095943	-3.697009	-3.812648	-0.498538
-3.964396	-3.061561	-0.964456	-0.959771	-7.064972	-1.373530	-5.227173	-1.329215	-0.095943	-3.693963	-3.797490	-0.498523
-3.972162	-3.049315	-0.960598	-0.955932	-7.036712	-1.368036	-5.112503	-1.419601	-0.095943	-3.685058	-3.782346	-0.498515
-3.968085	-3.037118	-0.956756	-0.952108	-7.008565	-1.362563	-5.045172	-0.961774	-0.095943	-3.173253	-3.267239	-0.498511
-3.958119	-3.024969	-0.952929	-0.948300	-6.980531	-1.357113	-5.001551	-0.731853	-0.095943	-2.912028	-3.004182	-0.498509
-3.945239	-3.012869	-0.949117	-0.944507	-6.952608	-1.351685	-4.969825	-1.115888	-0.095943	-3.276113	-3.367171	-0.498508
-3.930935	-3.000818	-0.945321	-0.940729	-6.924798	-1.346278	-4.944085	-1.304906	-0.095943	-3.450876	-3.541205	-0.498507
-3.915949	-2.988815	-0.941540	-0.936966	-6.897099	-1.340893	-5.421379	-0.896427	-0.095943	-3.031006	-3.620792	-0.498507
-3.900655	-2.976859	-0.937773	-0.933218	-6.869510	-1.335529	-5.648229	-0.692188	-0.095943	-2.815849	-3.653184	-0.498507
-3.385237	-2.964952	-0.934022	-0.929485	-6.842032	-1.330187	-5.249903	-0.590068	-0.095943	-3.203069	-3.162010	-0.498507
-3.121788	-2.953092	-0.930286	-0.925767	-6.814664	-1.324867	-5.041037	-0.539008	-0.095943	-3.389498	-2.911080	-0.498507
-2.984347	-2.941280	-0.926565	-0.922064	-6.787406	-1.319567	-4.926940	-0.513478	-0.095943	-3.475561	-2.780296	-0.498507
-3.409933	-2.929515	-0.922859	-0.918376	-6.760256	-1.314289	-4.860266	-0.500713	-0.095943	-3.011469	-2.709604	-0.498507
-3.615055	-2.917797	-0.919167	-0.914702	-6.733215	-1.309032	-4.817341	-0.494331	-0.095943	-2.774328	-2.668981	-0.498507
-3.709975	-2.906125	-0.915491	-0.911043	-6.706282	-1.303795	-4.786330	-0.491139	-0.095943	-3.150684	-2.643412	-0.498507
-3.749826	-2.894501	-0.911829	-0.907399	-6.679457	-1.298580	-4.761314	-0.489544	-0.095943	-3.331807	-2.625392	-0.498507
-3.762171	-2.882923	-0.908181	-0.903770	-6.652739	-1.293386	-4.739333	-0.988746	-0.095943	-3.415343	-3.111167	-0.498507
-3.760795	-2.871391	-0.904549	-0.900155	-6.626128	-1.288212	-4.718908	-1.235371	-0.095943	-3.450113	-3.346861	-0.498507
-3.752588	-2.859906	-0.900931	-0.896554	-6.599624	-1.283060	-4.699299	-0.855720	-0.095943	-2.960529	-2.957543	-0.498507
-3.740996	-2.848466	-0.897327	-0.892968	-6.573225	-1.277927	-4.680135	-0.665894	-0.095943	-2.710794	-2.757747	-0.498507
-3.727741	-2.837072	-0.893738	-0.889396	-6.546932	-1.272816	-4.661231	-0.570981	-0.095943	-2.581005	-2.652734	-0.498507
-3.713685	-2.825724	-0.890163	-0.885838	-6.520745	-1.267724	-4.642494	-0.523525	-0.095943	-2.511208	-2.595131	-0.498507
-3.699257	-2.814421	-0.886602	-0.882295	-6.494662	-1.262653	-4.623878	-0.499797	-0.095943	-2.471427	-2.561255	-0.498507
-3.684674	-2.803163	-0.883056	-1.378766	-6.468683	-1.257603	-4.605360	-0.487933	-0.095943	-2.946673	-2.539262	-0.498507
-3.670042	-2.791951	-0.879523	-1.623251	-6.442808	-1.252572	-4.586927	-0.482001	-0.095943	-3.177452	-2.523231	-0.498507
-3.655415	-2.780783	-0.876005	-1.241758	-6.417037	-1.247562	-5.068574	-0.479034	-0.095943	-2.786025	-2.510202	-0.498507
-3.640820	-2.769660	-0.872501	-1.049291	-6.391369	-1.242572	-5.298296	-0.477551	-0.095943	-2.585523	-2.498692	-0.498507
-3.626271	-2.758581	-0.869011	-0.951343	-6.365803	-1.237602	-5.402102	-0.476810	-0.095943	-2.480501	-2.487963	-0.498507
-3.611772	-2.747547	-0.865535	-0.900663	-6.340340	-1.232651	-5.442993	-0.476439	-0.095943	-2.423240	-2.477644	-0.498507
-3.597328	-2.736557	-0.862073	-0.873623	-6.314979	-1.227721	-5.452470	-0.476254	-0.095943	-2.389877	-2.467550	-0.498507
-3.582941	-2.725610	-0.858625	-0.858410	-6.289719	-1.222810	-4.946285	-0.476161	-0.095943	-2.368482	-2.457588	-0.498507
-3.568610	-2.714708	-0.855190	-0.849117	-6.264560	-1.217919	-4.684313	-0.476115	-0.095943	-2.353091	-2.447712	-0.498507
-3.554336	-2.703849	-0.851769	-0.842791	-6.239502	-1.213047	-4.544481	-0.476092	-0.095943	-2.340720	-2.937898	-0.498507
-3.540119	-2.693034	-0.848362	-0.837955	-6.214544	-1.208195	-4.465757	-0.476080	-0.095943	-2.329878	-3.176135	-0.498507
-3.525958	-2.682261	-0.844969	-0.833870	-6.189686	-1.203362	-4.417620	-0.476074	-0.095943	-2.319818	-2.788425	-0.498507
-3.511854	-2.671532	-0.841589	-0.830169	-6.164927	-1.198548	-4.384813	-0.476071	-0.095943	-2.310169	-2.589768	-0.498507
-3.497807	-2.660846	-0.838223	-0.826665	-6.140267	-1.193754	-4.359705	-0.476070	-0.095943	-2.300744	-2.485658	-0.498507
-3.483816	-2.650203	-0.834870	-0.823267	-6.115706	-1.188979	-4.338482	-0.476069	-0.095943	-2.291448	-2.428839	-0.498507
-3.469881	-2.639602	-0.831530	-0.819928	-6.091243	-1.184223	-4.319236	-0.476069	-0.095943	-2.282236	-2.395686	-0.498507
-3.456001	-2.629044	-0.828204	-0.816625	-6.066878	-1.179486	-4.301013	-0.476069	-0.095943	-2.773084	-2.874384	-0.498507
-3.442177	-2.618528	-0.824891	-0.813347	-6.042611	-1.174768	-4.283336	-0.476069	-0.095943	-3.011980	-3.107027	-0.498507
-2.928408	-2.608053	-0.821592	-0.810088	-6.018440	-1.170069	-4.765966	-0.976069	-0.095943	-2.624927	-2.716670	-0.498507
-2.666695	-2.597621	-0.818305	-0.806845	-5.994367	-1.165389	-4.996784	-1.223116	-0.095943	-2.426924	-2.516838	-0.498507
-3.031028	-2.587231	-0.815032	-0.803616	-5.970389	-1.160728	-4.601738	-0.843700	-0.095943	-2.323465	-2.412288	-0.498507
-3.206404	-2.576882	-0.811772	-0.800401	-5.946508	-1.156085	-4.395802	-0.653992	-0.095943	-2.267295	-2.355398	-0.498507
-3.287328	-2.566574	-0.808525	-0.797199	-5.922721	-1.151460	-4.284454	-0.559138	-0.095943	-2.234788	-2.322356	-0.498507
-3.321054	-2.556308	-0.805291	-0.794010	-5.899031	-1.146854	-4.220433	-0.511711	-0.095943	-2.214130	-2.301256	-0.498507
-3.331207	-2.546083	-0.802070	-0.790834	-5.875434	-1.142267	-4.180110	-0.487997	-0.095943	-2.199414	-2.286146	-0.498507
-3.329601	-2.535898	-0.798861	-0.787670	-5.851933	-1.137698	-4.151669	-0.476140	-0.095943	-2.687687	-2.274049	-0.498507
-3.322142	-2.525755	-0.795666	-0.784520	-5.828525	-1.133147	-4.129202	-0.470212	-0.095943	-2.925471	-2.263476	-0.498507
-3.311783	-2.515652	-0.792483	-0.781382	-5.805211	-0.628615	-4.109755	-0.967248	-0.595943	-3.038037	-2.753684	-0.498507
-3.300001	-2.505589	-0.789313	-0.778256	-5.781990	-0.376348	-4.091851	-1.212837	-0.843751	-3.088019	-2.992300	-0.498507
-3.287533	-2.495567	-0.786156	-0.775143	-5.758862	-0.750215	-4.074751	-0.832715	-0.465472	-3.106733	-2.605147	-0.498507
-3.274749	-2.485585	-0.783012	-0.772043	-5.735827	-0.934900	-4.058086	-0.642654	-0.276332	-3.109840	-2.407134	-0.498507
-3.261834	-2.475642	-0.779879	-0.768954	-5.712883	-0.525004	-4.041671	-0.547623	-0.181763	-3.105167	-2.303709	-0.498507
-3.248878	-2.465740	-0.776760	-0.765879	-5.690032	-0.320056	-4.025412	-0.500108	-0.134478	-3.096630	-2.247596	-0.498507
-3.235928	-2.455877	-0.773653	-0.762815	-5.667272	-0.217581	-4.009265	-0.476350	-0.110835	-3.086185	-2.215157	-0.498507
-3.223007	-2.446053	-0.770558	-0.759764	-5.644603	-0.666344	-3.993205	-0.464472	-0.099014	-3.074811	-2.194572	-0.498507
-3.210127	-2.436269	-0.767476	-0.756725	-5.622024	-0.888496	-3.977221	-0.458532	-0.093103	-3.062997	-2.179931	-0.498507
-3.197292	-2.426524	-0.764406	-0.753698	-5.599536	-0.997350	-3.961306	-0.455562	-0.590148	-2.550988	-2.668280	-0.498507
-3.184506	-2.416818	-0.761349	-0.750683	-5.577138	-1.049565	-3.945458	-0.454078	-0.836496	-2.290905	-2.906141	-0.498507
-3.171769	-2.407151	-0.758303	-0.747680	-5.554829	-0.573469	-3.929675	-0.453335	-0.457504	-2.156803	-2.518784	-0.498507
-3.159083	-2.397522	-0.755270	-0.744690	-5.532610	-0.335420	-3.913955	-0.452964	-0.268009	-2.085706	-2.320843	-0.498507
-3.146447	-2.387932	-0.752249	-0.741711	-5.510480	-0.716396	-3.898299	-0.452778	-0.173261	-2.046128	-2.217626	-0.498507
-3.133861	-2.378380	-0.749240	-0.738744	-5.488438	-0.904690	-3.882706	-0.452685	-0.125887	-2.022326	-2.161789	-0.498507
-3.121326	-2.368867	-0.746243	-0.735789	-5.466484	-0.996650	-3.867175	-0.452639	-0.102200	-2.006428	-2.129658	 0.001493
-3.108840	-2.359391	-0.743258	-0.732846	-5.444618	-1.040453	-3.851706	-0.452616	-0.090356	-1.994498	-2.109398	 0.250490
-3.096405	-2.349954	-0.740285	-0.729914	-5.422840	-1.060186	-3.836299	-0.452604	-0.084434	-1.984568	-2.095090	 0.374989
-3.084019	-2.340554	-0.737324	-0.726995	-5.401148	-0.567893	-3.820954	-0.452598	-0.081474	-2.475653	-2.083774	 0.437238
-3.071683	-2.331192	-0.734374	-0.724087	-5.379544	-0.321746	-3.805670	-0.452596	-0.079993	-2.715263	-2.073971	 0.468363
-3.059397	-2.321867	-0.731437	-0.721190	-5.358025	-0.698673	-4.290448	-0.452594	-0.079253	-2.329158	-2.064941	-0.016075
-3.047159	-2.312579	-0.728511	-0.718306	-5.336593	-0.884985	-4.523286	-0.452593	-0.078883	-2.132219	-2.056315	-0.257293
-3.034970	-2.303329	-0.725597	-0.715432	-5.315247	-0.475999	-4.130193	-0.952593	-0.078698	-2.029879	-2.047906	-0.377902
-3.022831	-2.294116	-0.722695	-0.712571	-5.293986	-0.271505	-3.926172	-1.199688	-0.078605	-1.974854	-2.039623	-0.438206
-3.010739	-2.284939	-0.719804	-0.709720	-5.272810	-0.669259	-3.816717	-1.320341	-0.078559	-1.943502	-2.531418	 0.031641
-2.998696	-2.275799	-0.716925	-0.706882	-5.251719	-0.866002	-3.754575	-1.377786	-0.078536	-1.924002	-2.771270	 0.265562
-2.986701	-2.266696	-0.714057	-0.704054	-5.230712	-0.962247	-3.716120	-1.403638	-0.078524	-1.910442	-2.885173	 0.382523
-2.974755	-2.257629	-0.711201	-0.701238	-5.209789	-1.008253	-3.689536	-0.913705	-0.078519	-1.899869	-2.436127	 0.441003
-2.962856	-2.248599	-0.708356	-0.698433	-5.188950	-1.029148	-3.668919	-0.668739	-0.078516	-1.890804	-2.207629	 0.470243
-2.951004	-2.239605	-0.705523	-0.695639	-5.168194	-1.037495	-3.651313	-0.546256	-0.078514	-2.382508	-2.089422	-0.015137
-2.939200	-2.230646	-0.702701	-0.692857	-5.147521	-1.039577	-3.635243	-0.485014	-0.078513	-2.622611	-2.026377	-0.256826
-2.927443	-2.221724	-0.699890	-0.690085	-5.126931	-1.038534	-3.619970	-0.454393	-0.078513	-2.736938	-1.990927	 0.122330
-2.915734	-2.212837	-0.697090	-0.687325	-5.106424	-1.035938	-3.605124	-0.439083	-0.078513	-2.788398	-1.969291	 0.310905
-2.904071	-2.203985	-0.694302	-0.684576	-5.085998	-1.032573	-3.590520	-0.431428	-0.078513	-2.308449	-1.954578	 0.405192
-2.892454	-2.195169	-0.691525	-0.681837	-5.065654	-1.028833	-3.576067	-0.427600	-0.078513	-2.064817	-1.943342	 0.452336
-2.880885	-2.186389	-0.688759	-0.679110	-5.045391	-1.024912	-3.561717	-0.425686	-0.078513	-1.939359	-1.933859	 0.475908
-2.869361	-2.177643	-0.686003	-0.676393	-5.025210	-1.020910	-3.547447	-0.424729	-0.078513	-1.873002	-1.925269	-0.012306
-2.857884	-2.168933	-0.683259	-0.673688	-5.005109	-1.016875	-3.533246	-0.424251	-0.078513	-1.836210	-1.917141	-0.255412
-2.846452	-2.160257	-0.680526	-0.670993	-4.985088	-0.512832	-3.519107	-0.424012	-0.078513	-1.814216	-1.909259	-0.376965
-2.835066	-2.151616	-0.677804	-0.668309	-4.965148	-0.260810	-3.505028	-0.423892	-0.078513	-1.799634	-1.901515	-0.437742
-2.823726	-2.143009	-0.675093	-0.665636	-4.945287	-0.634799	-3.491006	-0.423832	-0.078513	-1.788773	-1.893856	-0.468130
-2.812431	-2.134437	-0.672393	-0.662973	-4.925506	-0.819776	-3.477041	-0.423802	-0.078513	-1.779786	-1.886253	-0.483324
-2.801181	-2.125900	-0.669703	-0.660321	-4.905804	-0.410255	-3.963133	-0.423787	-0.078513	-1.771752	-1.878695	-0.490921
-2.789977	-2.117396	-0.667024	-0.657680	-4.886181	-0.205495	-4.197280	-0.423780	-0.078513	-1.764207	-1.871174	-0.494720
-2.778817	-2.108926	-0.664356	-0.655049	-4.866636	-0.103115	-4.305491	-0.423776	-0.078513	-1.756921	-1.863686	-0.496619
-2.767701	-2.100491	-0.661699	-0.652429	-4.847170	-0.551924	-3.850769	-0.423774	-0.078513	-1.749779	-1.856229	-0.497569
-2.756631	-2.092089	-0.659052	-0.649820	-4.827781	-0.774328	-3.616616	-0.423773	-0.078513	-1.742723	-1.848803	-0.498044
-2.745604	-2.083720	-0.656416	-0.647220	-4.808470	-0.383536	-3.992774	-0.423773	-0.078513	-1.735723	-1.841408	-0.498281
-2.734622	-2.075385	-0.653790	-0.644631	-4.789236	-0.188140	-4.172116	-0.423773	-0.078513	-1.728766	-1.834042	-0.498400
-2.223683	-2.067084	-0.651175	-0.642053	-4.270079	-0.590442	-4.253083	-0.423772	-0.078513	-1.721844	-1.826706	-0.498459
-1.964789	-2.058816	-0.648570	-0.639485	-4.002999	-0.789608	-4.284899	-0.423772	-0.078513	-1.714953	-1.819399	-0.498489
-2.331929	-2.050580	-0.645976	-0.636927	-4.361987	-0.887213	-3.792174	-0.423772	-0.078513	-2.208091	-1.812121	 0.001496
-2.510102	-2.042378	-0.643392	-0.634379	-4.532039	-0.934046	-3.539212	-0.423772	-0.078513	-2.449258	-1.804873	 0.250486
-2.593811	-2.034209	-0.640819	-0.631841	-4.607661	-0.955501	-3.406159	-0.423772	-0.078513	-2.564460	-1.797653	 0.374981
-2.630311	-2.026072	-0.638255	-0.629314	-4.636105	-0.964274	-3.333086	-0.923772	-0.078513	-2.116702	-1.790463	-0.062772
-2.643227	-2.017967	-0.635702	-0.626797	-4.640998	-0.966715	-3.290029	-1.170925	-0.078513	-1.889485	-1.783301	-0.280647
-2.144373	-2.009896	-0.633159	-0.624290	-4.634153	-0.965997	-3.262007	-0.791665	-0.078513	-1.772552	-1.776167	-0.389585
-1.891655	-2.001856	-0.630627	-0.621793	-4.621476	-0.963707	-3.241528	-0.602035	-0.078513	-1.710775	-1.769063	-0.444054
-2.262018	-1.993849	-0.628104	-0.619305	-4.605919	-0.460640	-3.224846	-0.507220	-0.078513	-1.676588	-2.261987	-0.471288
-2.441935	-1.985873	-0.625592	-0.616828	-4.588961	-0.209106	-3.210089	-0.459812	-0.078513	-1.656210	-2.502939	-0.484905
-2.526649	-1.977930	-0.623090	-0.614361	-4.571337	-0.583339	-3.696320	-0.436109	-0.078513	-1.642749	-2.117927	 0.008286
-2.563784	-1.970018	-0.620597	-0.611903	-4.553418	-0.768541	-3.931070	-0.424257	-0.078513	-1.632760	-1.921955	 0.253879
-2.577150	-1.962138	-0.618115	-0.609456	-4.535387	-0.859234	-4.040114	-0.418331	-0.078513	-1.624520	-1.820517	 0.376675
-2.578651	-1.954289	-0.615642	-0.607018	-4.517337	-0.902680	-4.086337	-0.415368	-0.078513	-1.617167	-1.766360	 0.438074
-2.574242	-1.946472	-0.613180	-0.604590	-4.499314	-0.922512	-4.101184	-0.413886	-0.078513	-1.610271	-1.735857	 0.468773
-2.566897	-1.938686	-0.610727	-0.602172	-4.481340	-0.930542	-3.600375	-0.413146	-0.078513	-2.103617	-1.717195	 0.484122
-2.558106	-1.930931	-0.608284	-0.599763	-4.463426	-0.932681	-3.343772	-0.412775	-0.078513	-2.345095	-1.704467	 0.491797
-2.048612	-1.923208	-0.605851	-0.597364	-4.445578	-0.931880	-3.209296	-0.912590	-0.078513	-1.960662	-1.694719	 0.495634
-1.790786	-1.915515	-0.603428	-0.594974	-4.427798	-0.929618	-3.135908	-1.159673	-0.078513	-1.765292	-1.686476	 0.497553
-2.158808	-1.907853	-0.601014	-0.592594	-4.410088	-0.926632	-3.093089	-1.280400	-0.078513	-1.664468	-1.678997	 0.498512
-2.337765	-1.900221	-0.598610	-0.590224	-4.392449	-0.923292	-3.065579	-1.337962	-0.078513	-1.610928	-1.671915	 0.498992
-2.422210	-1.892621	-0.596215	-0.587863	-4.374879	-0.919782	-3.045748	-1.363952	-0.078513	-1.581044	-1.665044	 0.499232
-2.459419	-1.885050	-0.593831	-0.585512	-4.357380	-0.416194	-3.029780	-0.874167	-0.078513	-1.562999	-1.658293	-0.000648
-2.473031	-1.877510	-0.591455	-0.583170	-4.339951	-0.164400	-3.015769	-0.629274	-0.078513	-1.550887	-1.651614	-0.249587
-2.474863	-1.870000	-0.589089	-0.580837	-4.322591	-0.538503	-3.002760	-0.506828	-0.078513	-1.541753	-1.644984	 0.125943
-2.470826	-1.862520	-0.586733	-0.578514	-4.305301	-0.723730	-2.990276	-0.445605	-0.078513	-1.534121	-1.638393	 0.312706
-2.463874	-1.855070	-0.584386	-0.576200	-4.288079	-0.814525	-2.978078	-0.414993	-0.078513	-1.527252	-1.631834	-0.093913
-2.455484	-1.847649	-0.582049	-0.573895	-4.270927	-0.858112	-2.966048	-0.399688	-0.078513	-1.520777	-1.625303	-0.296222
-2.446395	-1.840259	-0.579720	-0.571599	-4.253843	-0.878102	-2.954124	-0.392035	-0.078513	-1.514511	-1.618801	 0.102624
-2.436975	-1.832898	-0.577401	-0.569313	-4.236828	-0.886301	-2.942278	-0.388208	-0.078513	-1.508361	-1.612325	 0.301044
-2.427411	-1.825566	-0.575092	-0.567036	-4.219881	-0.888611	-2.930494	-0.386295	-0.078513	-1.502282	-1.605875	 0.400254
-2.417793	-1.318264	-0.572791	-0.564767	-4.203001	-0.887985	-3.418765	-0.385339	-0.078513	-1.496250	-1.599452	 0.449859
-2.408167	-1.062991	-0.570500	-0.562508	-4.186189	-0.885897	-3.655086	-0.384860	-0.078513	-1.490253	-1.593054	 0.474662
-2.398557	-1.433739	-0.568218	-0.560258	-4.169444	-0.883085	-3.265464	-0.384621	-0.078513	-1.984286	-1.586681	-0.012937
-2.388975	-1.615504	-0.565945	-0.558017	-4.152767	-0.879919	-3.064901	-0.384501	-0.078513	-2.226346	-1.580335	-0.255735
-2.379424	-1.702792	-0.563682	-0.555785	-4.136155	-0.876582	-2.958891	-0.384442	-0.078513	-1.842440	-1.574013	-0.377134
-2.369910	-1.742856	-0.561427	-0.553562	-4.119611	-0.873167	-2.900180	-0.384412	-0.078513	-1.647569	-1.567717	-0.437834
-2.360431	-1.759322	-0.559181	-0.551348	-4.103132	-0.869720	-2.865142	-0.384397	-0.078513	-2.047229	-2.061446	 0.031816
-2.350990	-1.764003	-0.556945	-0.549142	-4.086720	-0.866264	-2.841963	-0.384389	-0.078513	-2.242164	-2.303201	 0.265638
-2.341587	-1.762807	-0.554717	-0.546946	-4.070373	-0.862811	-2.824735	-0.384386	-0.078513	-2.334758	-2.418988	 0.382549
-2.332221	-1.758685	-0.552498	-1.044758	-4.054092	-0.859365	-2.810507	-0.384384	-0.078513	-1.876200	-1.971812	-0.058995
-2.322892	-1.753115	-0.550288	-1.290579	-4.037875	-0.855931	-2.797800	-0.384383	-0.078513	-1.644086	-1.745175	-0.278766
-2.313600	-1.746835	-0.548087	-0.910417	-4.021724	-0.352508	-2.785876	-0.384382	-0.078513	-1.525205	-1.628819	 0.111348
