-1.996338	-1.109278	-0.729287	-0.844697	-1.744574	-0.198654	-1.247530	 0.036435	-0.498753	-1.830444	-0.776016	 0.395870
-1.988353	-1.104835	-0.726370	-0.841318	-1.737596	-0.694951	-1.230816	 0.039603	-0.498759	-1.448122	-0.772912	 0.395870
-1.980399	-1.100413	-0.723465	-0.837953	-1.730645	-0.940717	-1.220030	 0.041187	-0.498762	-1.254830	-0.769821	 0.395870
-1.972478	-1.096010	-0.720571	-0.834601	-1.723723	-1.061227	-1.712219	 0.041979	-0.498763	-1.156060	-0.766741	 0.395870
-1.964588	-1.091625	-0.717689	-0.831263	-1.716828	-1.119119	-1.953904	 0.042375	-0.498764	-1.104561	-0.763674	 0.395870
-1.956729	-1.087258	-0.714818	-0.827938	-1.709961	-0.645711	-1.570356	 0.042573	-0.498764	-1.076705	-0.760620	 0.395871
-1.948902	-1.082909	-0.711959	-0.824626	-1.703121	-0.409007	-1.376208	 0.042672	-0.498764	-1.060680	-0.757577	 0.395871
-1.941107	-1.078577	-0.709111	-0.821327	-1.696308	-0.290654	-1.276770	 0.042721	-0.498764	-1.050578	-0.754547	 0.395871
-1.933342	-1.074263	-0.706274	-0.818042	-1.689523	-0.731478	-1.224697	 0.042746	-0.498764	-1.043446	-0.751529	 0.395871
-1.925609	-1.069966	-0.703449	-0.814770	-1.682765	-0.949546	-1.196314	 0.042758	-0.498764	-1.037807	-0.748523	 0.395871
-1.917907	-1.065686	-0.700636	-0.811511	-1.676034	-1.056244	-1.179788	 0.042764	-0.498764	-1.532923	-0.745529	-0.104129
-1.910235	-1.061423	-0.697833	-0.808265	-1.669330	-1.107268	-1.169198	 0.042767	-0.498764	-1.776425	-0.742546	-0.352921
-1.902594	-1.557177	-0.695042	-0.805032	-1.662653	-1.130463	-1.161585	 0.042769	 0.001236	-1.894137	-0.739576	 0.023886
-1.894984	-1.800949	-0.692261	-0.801812	-1.656002	-1.139753	-1.155471	 0.042770	 0.250233	-1.948969	-0.736618	 0.212290
-1.887404	-2.418745	-0.689492	-0.798604	-1.649378	-0.642100	-1.150116	 0.042770	-0.125268	-1.972377	-0.733672	 0.306492
-1.879854	-2.721570	-0.686734	-0.795410	-1.642780	-0.393274	-1.145148	 0.042770	-0.312017	-1.980089	-0.730737	 0.353593
-1.872335	-2.866934	-0.683988	-0.792228	-1.636209	-0.268860	-1.140384	 0.042770	-0.405392	-1.979970	-0.727814	 0.377143
-1.864845	-1.933591	-0.681252	-0.789059	-1.629664	-0.206654	-1.135731	-0.457230	-0.452079	-1.475951	-0.724903	 0.388919
-1.857386	-1.464919	-0.678527	-0.785903	-1.623146	-0.175550	-1.131142	-0.705315	-0.475423	-1.221997	-0.722003	 0.394806
-1.849956	-1.228591	-0.675812	-0.782759	-1.616653	-0.659999	-1.126595	-0.827451	-0.487095	-1.093084	-0.719115	 0.397750
-1.842557	-1.108442	-0.673109	-0.779628	-1.610187	-0.899934	-1.122077	-0.886620	-0.492930	-1.026700	-0.716239	 0.399222
-1.835186	-1.046391	-0.670417	-0.776510	-1.603746	-0.517622	-1.117583	-0.914313	-0.495848	-0.991587	-0.713374	 0.399958
-1.827846	-1.013397	-0.667735	-0.773404	-1.597331	-0.326466	-1.113109	-0.926275	-0.497307	-0.972117	-0.710520	 0.400326
-1.820534	-0.994939	-0.665064	-0.770310	-1.590942	-0.230888	-1.108656	-0.430380	 0.001963	-0.960477	-0.707678	 0.400510
-1.813252	-0.983757	-0.662404	-0.767229	-1.584578	-0.183099	-1.104220	-0.182432	 0.250596	-0.952759	-0.704847	 0.400602
-1.805999	-0.976221	-0.659754	-0.764160	-1.578239	-0.159204	-1.099803	-0.058458	 0.374912	-0.947011	-0.702028	 0.400648
-1.798775	-0.970515	-0.657115	-0.761103	-1.571927	-0.147257	-1.095404	 0.003529	 0.437071	-1.442254	-0.699220	 0.400671
-1.791580	-0.965733	-0.654487	-0.758059	-1.565639	-0.141283	-1.091022	 0.034522	 0.468150	-1.686000	-0.696423	 0.400682
-1.784414	-0.961420	-0.651869	-0.255027	-1.559376	-0.138297	-1.086658	 0.050019	 0.483689	-1.304014	-0.693637	 0.400688
-1.777276	-0.957349	-0.649261	-0.003511	-1.553139	-0.136803	-1.082311	 0.057767	 0.491459	-1.111177	-0.690863	 0.400691
-1.770167	-0.953407	-0.646664	-0.377753	-1.546926	-0.136056	-1.077982	 0.061641	 0.495344	-1.512921	-0.688099	 0.400692
-1.763086	-0.949537	-0.644078	-0.563370	-1.540738	-0.135683	-1.073670	 0.063578	 0.497286	-1.709964	-0.685347	 0.400693
-1.756034	-0.945711	-1.141501	-0.654680	-1.534576	-0.135496	-1.069375	 0.064547	 0.498258	-1.304672	-0.682605	 0.400694
-1.749010	-0.941914	-1.386935	-0.698843	-1.528437	-0.135403	-1.065098	 0.065031	 0.498743	-1.100227	-0.679875	 0.400694
-1.742014	-0.938140	-1.506388	-0.719439	-1.522323	-0.135356	-1.060837	 0.065273	 0.498986	-0.996213	-0.677156	 0.400694
-1.735046	-0.934383	-1.062862	-0.728257	-1.016234	-0.135333	-1.056594	 0.065394	-0.000893	-0.942421	-0.674447	 0.400694
-1.728105	-0.930644	-0.839861	-0.731192	-0.762169	-0.135321	-1.052368	 0.065455	-0.249830	-0.913748	-0.671749	 0.400694
-1.721193	-0.926921	-0.727126	-0.731191	-0.634121	-0.135316	-1.048158	 0.065485	-0.374299	-0.897642	-0.669062	 0.400694
-1.714308	-0.923213	-0.669530	-0.729728	-0.569084	-0.135313	-1.043966	 0.065500	-0.436534	-0.887825	-0.666386	 0.400694
-1.707451	-0.919520	-0.639508	-0.727540	-0.535558	-0.135311	-1.039790	 0.065508	-0.467651	-0.881161	-0.663720	 0.400694
-1.700621	-0.915841	-0.623278	-0.724995	-0.517791	-0.135310	-1.035631	 0.065512	-0.483210	-0.876080	-0.661065	 0.400694
-1.693819	-0.912178	-0.613949	-0.222278	-0.507907	-0.135310	-1.031488	 0.065514	 0.009011	-0.871798	-0.658421	 0.400694
-1.687043	-0.908529	-0.608076	 0.029081	-0.502965	-0.135310	-1.027362	 0.065515	 0.254119	-0.867921	-0.655787	 0.400694
-1.680295	-0.904895	-0.603934	 0.154760	-0.500494	-0.135310	-1.023253	 0.065515	 0.376673	-0.864255	-0.653164	 0.400694
-1.673574	-0.901275	-0.600664	 0.217600	 0.000741	-0.135310	-0.519160	 0.565515	 0.437950	-0.360701	-0.150552	 0.400694
-1.666880	-0.897670	-0.597834	 0.249019	 0.250355	-0.135310	-0.267113	 0.813384	 0.468588	-0.108924	 0.100755	 0.400694
-1.660212	-0.394080	-0.095229	 0.264729	 0.875162	-0.135310	 0.358910	 0.435196	 0.483908	 0.516965	 0.226408	 0.900694
-1.653571	-0.142284	 0.156073	 0.272584	 1.184566	-0.135310	 0.669952	 0.246102	 0.491567	 0.827624	 0.289234	 1.147893
 0.353043	 5.983613	 1.281725	 1.276512	 6.836279	 0.364690	 1.323511	 0.651555	 0.995397	 1.480676	 0.820648	 1.268702
 1.351631	 9.022343	 1.839735	 1.773915	 9.637160	 0.612961	 1.646336	 0.852168	 1.244314	 1.802935	 1.083650	 1.326327
 2.346224	 12.517586	 2.113945	 1.518073	 12.512725	 1.235374	 2.303810	 0.950369	 0.865785	 2.459814	 1.212458	 0.352372
 2.836839	 14.233182	 2.246274	 1.387628	 13.919730	 1.542865	 2.626625	 0.997372	 0.676521	 2.782020	 1.274180	-0.133362
 3.075492	 15.059082	 2.307681	 1.319892	 14.592580	 1.692909	 2.782133	 1.018785	 0.581889	 2.936915	 1.302369	-0.374991
 5.188190	 20.940262	 1.833646	 2.783519	 24.898473	 3.264246	 5.354012	 2.027411	 1.034573	 6.008179	 3.813802	 0.505427
 6.229937	 23.827209	 1.593910	 3.506838	 29.981012	 4.040243	 6.624100	 2.525652	 1.257941	 7.525652	 5.056868	 0.942865
 11.736267	 36.717255	 3.971333	 5.360037	 35.452154	 4.918609	 8.243356	 3.268724	 1.366662	 8.766302	 5.665801	 1.158823
 14.454947	 43.142181	 5.147348	 6.272211	 38.105878	 5.346198	 9.033258	 3.632237	 1.418071	 9.366613	 5.957718	 1.264053
 16.279940	 49.334628	 5.722708	 6.713928	 41.851221	 5.548445	 9.408563	 3.806002	 1.440837	 10.146835	 6.091178	 1.313929
 17.156227	 52.416641	 5.997792	 6.920476	 43.709682	 5.638067	 9.576648	 3.884925	 1.449293	 10.515092	 6.145458	 1.336140
 18.058305	 56.443494	 6.122788	 7.009496	 46.124759	 5.671423	 10.141201	 3.916459	 1.450606	 10.677453	 6.160199	 1.344528
 18.471423	 58.442423	 6.172791	 7.039809	 47.317800	 5.676691	 10.402066	 3.924329	 1.448358	 10.736955	 6.155219	 1.346017
 18.640213	 59.427449	 6.185346	 7.040825	 48.399882	 5.667961	 10.011172	 3.920401	 1.444342	 10.245112	 6.140429	 1.344066
 18.686990	 59.905980	 6.179229	 7.027249	 48.926942	 5.652278	 9.796485	 3.910603	 1.439453	 9.979685	 6.120783	 1.340406
 18.672911	 60.131321	 6.163823	 7.006434	 49.176547	 5.633163	 9.669978	 3.897903	 1.434140	 9.827542	 6.098757	 1.335903
 18.128554	 58.230122	 6.143824	 6.982055	 47.787479	 5.612377	 10.087637	 3.883782	 1.428625	 9.732120	 6.075591	 1.330988
 17.821207	 57.265708	 6.121577	 6.955951	 47.079131	 5.590801	 10.275456	 3.868983	 1.423022	 9.665136	 6.051903	 1.325879
 17.132506	 55.769742	 6.098254	 6.929039	 46.211199	 5.568875	 10.348439	 3.853874	 1.417385	 9.612447	 6.028003	 1.320683
 16.755268	 55.008256	 6.074443	 6.901778	 45.763729	 5.546818	 10.364088	 3.838643	 1.411744	 9.566984	 6.004044	 1.315454
 16.533892	 54.614062	 6.050436	 6.874399	 45.526544	 5.524740	 9.851153	 3.823380	 1.406111	 9.525209	 5.980105	 1.310219
 16.390580	 54.403770	 6.026380	 6.847015	 45.394755	 5.502695	 9.576009	 3.808133	 1.400493	 9.485354	 5.956223	 1.304991
 16.286429	 54.285480	 6.002347	 6.819684	 45.315718	 5.480712	 9.419835	 3.792923	 1.394895	 9.446536	 5.932417	 1.299778
 16.201989	 54.213245	 5.978374	 6.792434	 45.263108	 5.458803	 9.323221	 3.777763	 1.389317	 9.408312	 5.908697	 1.294582
 16.127534	 54.164089	 5.954479	 6.765279	 45.223765	 5.436974	 9.256461	 3.762658	 1.383760	 9.370459	 5.885067	 1.289406
 16.058200	 54.126525	 5.930670	 6.738225	 45.191108	 5.415230	 9.204701	 3.747610	 1.378226	 9.332868	 5.861529	 1.284249
 15.991556	 54.094809	 5.906952	 6.711275	 45.161845	 5.393571	 9.160515	 3.732621	 1.372713	 9.295482	 5.838084	 1.279112
 15.926384	 53.566068	 5.883327	 6.684432	 45.134331	 5.371997	 9.120190	 3.717691	 1.367222	 9.258272	 5.814733	 1.273996
 15.862075	 53.288867	 5.859794	 6.657695	 45.107743	 5.350510	 9.081867	 3.702821	 1.361753	 9.221225	 5.791474	 1.268900
 15.798325	 53.137487	 5.836356	 6.631065	 45.081669	 5.329108	 9.044619	 3.688010	 1.356306	 9.184334	 5.768308	 1.263825
 15.734981	 53.049068	 5.813011	 6.604541	 45.055904	 5.307792	 9.007980	 3.673258	 1.350881	 9.147593	 5.745235	 1.258769
 15.671966	 52.992181	 5.789759	 6.078123	 45.030344	 5.286560	 9.471718	 3.658565	 1.345478	 9.111001	 5.722254	 1.253734
 15.609240	 52.951111	 5.766600	 5.803810	 45.004937	 5.265414	 9.683716	 3.643930	 1.340096	 9.074556	 5.699365	 1.248719
 15.546785	 52.917999	 5.743533	 5.655595	 44.979657	 5.244353	 9.769924	 3.629355	 1.334735	 9.038257	 5.676568	 1.243724
 15.484588	 52.888918	 5.720559	 5.570473	 44.954491	 4.723375	 9.793315	 3.614837	 1.329396	 9.002104	 5.653861	 1.238749
 15.422645	 52.862101	 5.697677	 5.516941	 44.929632	 4.454482	 9.785378	 3.600378	 1.324079	 8.966096	 5.631246	 1.233794
 15.360952	 52.836465	 5.674886	 5.979248	 44.904976	 4.811664	 9.261854	 3.585976	 1.318783	 8.930231	 5.608721	 1.228859
 15.299507	 52.811270	 5.652187	 6.197519	 44.880270	 4.979917	 8.982615	 3.571632	 1.313507	 8.894510	 5.586286	 1.223944
 15.238308	 52.786344	 5.629578	 6.293822	 44.855588	 5.053747	 9.325589	 3.557346	 1.308253	 8.858932	 5.563941	 1.219048
 15.177355	 52.761402	 5.607060	 6.329194	 44.830769	 5.080407	 9.477739	 3.543117	 1.303020	 8.823496	 5.541685	 1.214172
 14.616645	 51.736501	 3.084631	 4.334150	 37.305930	 3.583523	 7.034554	 3.528944	 0.797808	 6.288202	 3.019518	 1.209315
 14.308179	 51.210298	 1.822293	 3.331951	 33.483948	 2.830908	 5.803779	 3.514828	 0.545202	 5.013050	 1.758435	 1.204478
 14.125946	 50.933499	 1.190004	 2.826191	 31.513633	 2.450444	 5.179246	 3.500769	 0.418899	 4.367997	 1.127893	 1.199660
 10.506942	 43.281456	 0.872744	 2.068671	 30.469389	 1.756072	 4.857869	 1.986766	 0.855748	 6.538025	 3.312623	 1.194861
 8.683664	 39.384175	 0.713003	 1.687288	 29.888417	 1.406762	 4.688108	 1.229764	 1.071587	 7.605623	 4.393992	 1.190082
 11.758305	 45.864561	 3.132026	 3.993985	 37.039316	 3.229993	 7.094191	 2.351264	 1.176931	 8.122076	 4.923727	 1.185322
 13.265959	 49.092501	 4.330435	 5.134732	 40.602512	 4.131501	 8.278232	 2.905068	 1.227039	 8.363025	 5.177687	 1.180580
 13.990239	 50.694267	 4.918582	 5.692555	 42.371906	 4.572190	 8.851328	 3.175052	 1.249539	 8.466292	 5.293804	 1.175858
 14.322950	 51.482995	 5.201642	 5.958965	 43.244448	 4.782508	 9.119027	 3.303154	 1.258245	 8.500786	 5.341042	 1.171155
 14.459994	 51.865252	 5.332203	 6.079720	 43.668612	 4.877682	 8.734103	 3.360343	 1.260064	 8.500962	 4.853885	 1.166470
 14.499322	 52.044722	 5.386558	 6.127696	 43.869036	 4.915323	 8.524943	 3.382102	 1.258449	 8.484048	 4.601573	 1.161804
 14.489909	 52.122845	 5.402853	 6.139333	 43.957636	 4.924237	 8.403731	 3.386174	 1.255128	 8.458657	 4.466718	 1.157157
 13.956241	 50.650342	 4.900163	 6.132849	 43.990371	 4.918828	 8.826560	 3.381429	 1.250964	 8.429095	 4.890627	 1.152528
 13.662562	 49.902571	 4.640022	 6.117355	 43.995219	 4.906297	 9.019476	 3.372304	 1.246389	 8.397515	 5.091953	 1.147918
 13.988985	 49.517213	 5.001193	 6.097404	 43.986171	 4.890244	 8.597509	 1.861014	 1.241617	 7.364993	 4.182029	 0.643326
 14.123565	 49.312122	 5.171053	 6.075273	 43.969235	 4.872469	 8.370174	 1.105370	 1.236758	 6.836067	 3.720523	 0.391031
 9.162339	 39.697215	 2.745301	 3.552102	 32.948405	 2.853872	 5.240221	 0.727547	 0.731864	 4.058990	 1.983252	 0.264883
 6.673324	 34.829597	 1.532425	 2.288458	 27.394135	 1.842903	 3.671024	 0.538636	 0.479418	 2.667887	 1.114616	 0.201809
 5.420448	 27.335864	 0.925988	 1.154587	 20.073320	 0.835755	 2.382222	 0.444181	 0.353194	 1.469782	 0.680298	 0.170272
 4.785675	 23.549313	 0.622769	 0.587651	 16.387408	 0.332180	 1.735634	 0.396953	 0.290083	 0.870730	 0.463139	 0.154503
 4.459986	 21.616512	 0.471159	 0.304183	 14.519048	 0.080393	 1.410162	 0.373339	 0.258527	 0.571204	 0.354560	 0.146619
 2.788873	 17.110744	 0.395354	-0.337551	 11.059567	-0.045500	 0.745257	 0.361532	 0.242749	-0.578559	-0.199730	 0.142677
 1.951081	 14.832650	 0.357452	-0.656459	 9.314627	-0.108447	 0.412804	 0.355629	 0.234860	-1.149984	-0.475367	 0.140706
-0.970041	 7.168494	-0.661499	-0.813963	 3.927017	-0.639920	-0.753422	 0.352677	 0.230915	-2.432254	-1.111683	 0.139720
-2.422820	 3.336416	-1.167614	-0.890771	 1.236133	-0.903314	-1.332696	 0.351201	 0.228943	-3.065960	-1.426345	 0.139228
-3.641458	 0.420377	-1.417324	-0.927241	-1.106399	-1.032678	-1.618509	-0.149537	 0.227957	-2.875413	-1.580194	 0.138981
-4.241057	-1.032651	-1.538845	-0.943548	-2.270767	-1.095036	-1.757607	-0.398605	 0.227464	-2.774770	-1.653651	 0.138858
-4.531175	-2.254194	-1.596284	-1.449782	-3.346081	-1.123900	-2.323363	-0.521844	-0.272783	-3.219100	-1.686925	 0.138796
-4.666592	-2.858014	-1.621697	-1.698987	-3.874895	-1.136026	-2.600462	-0.582173	-0.521360	-3.433939	-1.700121	 0.138766
-4.724696	-3.153000	-1.631109	-1.819693	-4.130495	-1.139793	-2.733257	-0.611053	-0.644108	-3.534060	-1.703293	 0.138750
-4.744183	-3.293597	-1.632534	-1.876165	-4.249523	-1.139389	-2.793922	-0.624213	-0.703949	-3.576853	-1.701466	 0.138742
-4.744399	-3.357027	-1.629978	-1.900536	-4.300299	-1.136910	-2.818545	-0.629518	-0.732342	-3.591010	-1.697153	 0.138739
-4.735017	-3.381902	-1.625446	-1.908871	-4.316985	-1.133401	-2.825171	-0.630901	-0.745017	-3.590878	-1.691611	 0.138737
-4.720875	-3.387525	-1.619938	-1.909205	-4.316661	-1.129387	-2.822820	-0.630328	-0.749839	-3.583630	-1.685468	 0.138736
-4.704391	-3.383551	-1.613955	-1.905552	-4.307866	-1.125129	-2.816003	-0.628782	-0.750741	-3.572854	-1.679038	 0.138735
-4.686773	-3.374804	-1.607747	-1.899922	-4.294871	-1.120758	-2.806977	-0.626755	-0.749688	-3.560341	-1.672477	 0.138735
-4.668626	-3.363699	-1.601440	-1.893319	-4.279809	-1.116340	-2.796868	-1.124491	-0.747665	-3.546990	-1.665865	 0.138735
-4.650251	-3.351441	-1.595097	-1.886244	-4.263749	-1.111907	-2.786240	-1.370115	-0.745162	-3.533246	-1.659241	 0.138735
-4.631800	-3.338634	-1.588747	-1.878948	-4.247224	-1.107476	-2.775374	-1.489696	-0.742425	-3.519336	-1.652623	 0.138735
-4.613348	-3.325578	-1.582408	-2.371556	-4.730499	-1.103054	-2.764413	-1.046268	-0.239577	-3.505370	-1.646023	 0.138735
-4.594932	-3.312426	-1.576086	-2.612132	-4.961710	-1.098646	-2.753425	-0.823348	 0.011847	-3.491404	-1.639443	 0.138735
-4.576571	-3.299251	-1.569786	-2.226715	-5.066929	-1.094253	-2.742446	-1.210687	-0.362441	-3.477466	-1.632888	-0.361265
-4.558274	-3.286091	-1.563508	-2.030324	-5.109195	-1.089877	-2.731494	-1.401160	-0.548112	-3.463570	-1.626358	-0.609543
-4.540046	-3.272965	-1.557255	-1.928460	-4.620024	-1.585518	-2.720577	-0.993214	-0.639479	-3.449723	-1.619853	-0.231966
-4.521888	-3.259883	-1.551027	-1.873875	-4.367177	-1.829176	-2.709699	-0.788070	-0.683702	-3.435927	-1.613374	-0.043177
-4.503801	-3.246848	-1.544823	-1.842944	-4.232525	-1.946860	-2.698862	-1.184332	-0.704357	-3.422185	-1.606920	 0.051217
-4.485787	-3.233863	-1.538644	-1.823855	-4.157004	-2.001573	-2.688068	-1.379302	-0.713234	-3.408497	-1.600493	 0.098414
-4.467844	-3.220929	-1.532489	-1.810700	-4.111080	-2.024816	-2.677316	-1.473639	-0.716229	-3.394864	-1.594091	 0.122013
-4.449973	-3.208046	-1.526359	-1.800528	-4.579988	-1.532342	-3.166607	-1.017671	-0.716288	-3.381285	-1.587714	 0.133812
-4.432173	-3.195214	-1.520254	-1.791861	-4.804344	-1.284025	-3.403941	-0.788564	-0.714885	-3.367760	-1.581364	 0.139711
-4.414444	-3.182433	-1.514173	-1.783961	-4.406464	-1.157795	-3.015325	-1.172891	-0.712756	-3.354289	-1.575038	 0.142661
-4.396786	-3.169703	-1.508116	-1.776459	-4.199507	-1.092617	-2.815764	-1.361941	-0.710270	-3.340871	-1.568738	 0.144136
-4.379199	-3.157025	-1.502084	-1.769170	-4.588044	-1.557973	-2.710751	-0.953363	-0.707612	-3.327508	-1.562463	 0.144874
-4.361682	-3.144397	-1.496075	-1.762002	-4.772359	-1.786605	-2.653033	-0.747985	-0.704873	-3.314198	-1.556213	 0.145242
-4.344236	-3.631819	-1.490091	-1.754908	-4.354603	-1.396890	-2.618983	-1.144211	-0.702099	-3.300941	-1.549988	 0.145427
-4.326859	-3.867292	-1.484131	-1.747866	-4.137852	-1.200018	-2.596788	-1.339243	-0.699314	-3.287737	-1.543788	 0.145519
-4.309551	-3.976823	-1.478194	-1.740863	-4.021634	-1.099576	-2.580542	-1.433690	-0.696528	-3.274586	-1.537613	 0.145565
-4.292313	-3.523415	-1.472282	-1.733894	-3.955714	-1.047357	-2.567290	-0.977857	-0.693747	-3.261488	-1.531463	 0.145588
-4.275144	-3.290572	-1.466392	-1.726955	-3.914974	-1.019257	-2.555556	-0.748897	-0.690975	-3.248442	-1.525337	 0.145600
-4.258043	-3.168034	-1.460527	-1.720046	-3.886856	-1.003224	-2.544601	-1.633377	-0.688213	-3.235448	-1.519236	-0.354395
-4.241011	-3.100675	-1.454685	-1.713165	-3.865079	-0.993234	-2.534057	-2.070581	-0.685461	-3.222507	-1.513159	-0.602683
-4.224047	-3.060928	-1.448866	-1.706312	-3.846505	-1.486272	-2.523737	-1.784168	-0.682719	-3.209617	-1.507106	-0.225125
-4.207151	-3.035013	-1.443071	-1.699487	-3.829561	-1.728833	-2.513551	-1.637966	-0.679988	-3.196778	-1.501078	-0.036346
-4.190322	-3.016037	-1.437298	-1.692689	-3.813464	-1.846170	-2.503451	-1.061881	-0.677269	-3.183991	-1.495073	 0.058043
-4.173561	-3.000555	-1.431549	-1.685918	-3.797821	-1.900912	-2.493414	-0.773839	-0.674560	-3.171255	-1.489093	 0.105238
-4.156867	-2.986843	-1.425823	-1.679174	-3.782435	-1.924371	-2.483429	-0.629818	-0.671861	-3.158570	-1.483137	 0.128835
-4.140239	-2.974041	-1.420120	-1.672458	-3.767208	-1.432206	-2.473490	-0.557807	-0.669174	-2.645936	-1.477204	 0.140634
-4.123678	-2.961718	-1.414439	-1.665768	-3.752091	-1.184243	-2.463593	-0.521802	-0.666497	-2.385352	-1.471295	 0.146533
-4.107184	-2.949658	-1.408781	-1.659105	-3.737058	-1.058388	-2.453737	-1.003799	-0.663831	-2.750811	-1.465410	 0.149483
-4.090755	-2.937752	-1.403146	-1.652468	-3.722098	-0.993596	-2.443921	-1.241826	-0.661176	-2.927307	-1.459548	 0.150958
-4.074392	-2.925948	-1.397534	-1.645858	-3.707203	-0.959343	-2.934145	-0.857880	-0.658531	-3.009348	-1.453710	 0.151695
-4.058094	-2.914217	-1.391943	-1.639275	-3.692371	-0.940366	-3.172409	-0.665907	-0.655897	-3.044186	-1.447895	 0.152064
-4.041862	-2.902547	-1.386376	-1.632718	-3.677600	-0.929034	-2.784719	-0.569920	-0.653273	-3.055446	-1.442104	 0.152248
-4.025695	-2.890930	-1.380830	-1.626187	-3.662889	-0.921533	-2.586080	-0.521927	-0.650660	-3.054943	-1.436335	 0.152340
-4.009592	-2.879363	-1.375307	-1.619682	-3.648237	-0.915955	-2.481986	-0.497930	-0.648058	-3.048583	-1.430590	 0.152386
-3.993553	-2.867844	-1.369806	-1.613204	-3.633644	-0.911345	-2.425183	-0.485932	-0.645466	-3.039318	-1.424868	 0.152410
-3.977579	-2.856372	-1.364326	-1.606751	-3.619109	-0.907226	-2.392044	-0.479933	-0.642884	-3.028626	-1.419168	 0.152421
-3.961669	-2.844946	-1.358869	-1.600324	-3.604633	-1.403361	-2.870758	-0.476933	-0.640312	-3.017244	-1.413492	 0.152427
-3.945822	-2.833566	-1.353434	-1.593922	-3.590214	-1.647629	-3.103415	-0.475434	-0.637751	-3.005541	-1.407838	 0.152430
-3.930039	-3.322231	-1.348020	-1.587547	-3.575853	-1.765979	-2.713072	-0.474684	-0.635200	-2.993702	-1.402206	-0.347569
-3.914319	-3.558942	-1.342628	-1.581197	-3.561550	-1.821386	-2.513255	-0.474309	-0.632659	-2.981819	-1.396597	-0.595873
-3.898661	-3.169707	-1.337257	-1.574872	-3.547304	-1.845336	-2.408719	-0.474121	-0.630128	-3.469937	-1.391011	-0.218337
-3.883067	-2.969528	-1.331908	-1.568572	-3.533115	-1.853572	-2.351843	-0.474028	-0.627608	-3.706080	-1.385447	-0.029569
-3.867535	-2.863900	-1.326581	-1.562298	-3.518982	-1.353966	-2.318815	-0.473981	-0.625097	-3.316268	-1.379905	-0.435185
-3.852064	-2.805569	-1.321274	-1.556049	-3.504906	-1.102455	-2.297730	-0.473957	-0.622597	-3.115508	-1.374386	-0.636311
-3.836656	-2.770909	-1.315989	-1.549825	-3.490887	-0.974997	-2.282633	-0.473946	-0.620107	-3.009299	-1.368888	-0.735199
-3.821310	-2.748107	-1.310725	-1.543625	-3.476923	-1.409573	-2.270550	-0.973940	-0.617626	-2.950388	-1.363412	-0.282975
-3.806024	-2.731255	-1.305482	-1.537451	-3.463015	-1.623173	-2.259992	-1.220989	-0.615156	-2.915150	-1.357959	-0.056863
-3.790800	-2.717400	-1.300260	-1.531301	-3.949163	-1.226299	-2.250214	-0.841577	-0.612695	-2.891771	-1.352527	-0.443807
-3.775637	-2.705066	-1.295059	-1.525176	-4.183367	-1.026204	-2.240844	-0.651872	-0.610244	-2.874345	-1.347117	-0.635618
-3.760534	-2.693513	-1.289879	-1.519075	-3.791633	-1.424504	-2.231696	-0.557019	-0.607803	-2.859918	-1.341728	-0.229868
-3.745492	-2.682373	-1.284720	-1.512999	-3.588967	-1.620008	-2.222677	-0.509592	-0.605372	-2.847013	-1.336362	-0.026993
-3.730510	-2.671460	-1.279581	-1.506947	-3.480861	-1.214129	-2.213740	-0.485879	-0.602951	-2.834893	-1.331016	 0.074444
-3.715588	-2.660683	-1.274462	-1.500919	-3.420062	-1.009573	-2.204862	-0.474023	-0.600539	-2.823187	-1.325692	 0.125163
-3.700726	-2.649995	-1.269365	-1.494915	-3.382945	-0.905685	-2.196031	-0.468094	-0.598137	-2.811711	-1.320389	 0.150522
-3.685923	-2.639372	-1.264287	-1.488936	-3.357694	-0.852138	-2.187241	-0.465130	-0.595744	-2.800373	-1.315108	 0.163202
-3.671179	-2.628803	-1.259230	-1.482980	-3.338404	-0.823767	-2.178489	-0.463648	-0.593361	-2.789125	-1.309847	 0.169542
-3.656495	-2.618282	-1.254193	-1.477048	-3.322121	-1.307990	-2.669774	-0.462907	-0.590988	-2.777946	-1.304608	 0.172712
-3.641869	-2.607806	-1.249176	-1.471140	-3.307367	-1.546518	-2.909094	-0.462536	-0.588624	-2.766823	-1.299389	 0.174297
-3.627301	-2.597373	-1.244180	-1.465255	-3.293405	-1.662212	-3.022457	-0.962351	-0.586269	-2.255750	-1.294192	 0.175089
-3.612792	-2.586983	-1.239203	-1.459394	-3.279865	-1.716503	-3.072867	-1.209334	-0.583924	-1.996724	-1.289015	 0.175485
-3.598341	-2.576635	-1.234246	-1.453557	-3.266563	-1.740106	-2.591826	-0.829913	-0.581589	-2.363736	-1.283859	 0.175683
-3.583947	-2.566328	-1.229309	-1.447742	-3.253405	-1.748381	-2.347083	-0.640203	-0.579262	-2.541780	-1.278724	 0.175783
-3.569612	-2.556063	-1.224392	-1.441951	-3.240346	-1.749005	-2.220508	-0.545347	-0.576945	-2.625363	-1.273609	 0.175832
-3.555333	-2.545838	-1.219494	-1.436184	-3.227361	-1.745818	-2.153032	-0.497920	-0.574637	-2.661736	-1.268514	 0.175857
-3.541112	-2.535655	-1.214616	-1.430439	-3.214441	-1.740739	-2.115123	-0.474206	-0.572339	-2.674526	-1.263440	 0.175869
-3.526947	-2.525512	-1.209758	-1.424717	-3.201577	-1.734728	-2.092014	-0.462349	-0.570049	-2.675547	-1.258386	 0.175875
-3.512840	-2.515410	-1.204919	-1.419018	-3.188768	-1.728265	-2.076322	-0.456420	-0.567769	-2.670704	-1.253353	 0.175878
-3.498788	-2.505349	-1.200099	-1.413342	-3.176011	-1.221590	-2.064354	-0.453456	-0.565498	-2.662951	-1.248340	 0.175880
-3.484793	-2.495327	-1.195299	-1.407689	-3.163307	-0.966823	-2.054266	-0.451974	-0.563236	-2.653764	-1.243346	 0.175881
-3.470854	-2.485346	-1.190518	-1.402058	-3.150653	-0.838015	-2.045133	-0.951233	-0.560983	-2.643881	-1.238373	 0.175881
-3.456971	-2.475404	-1.185755	-1.396450	-3.138050	-0.772193	-2.036495	-1.197962	-0.558739	-2.633672	-1.233419	 0.175881
-3.443143	-2.465503	-1.181012	-1.390864	-3.125498	-0.737869	-2.028120	-1.318436	-0.556504	-2.623320	-1.228486	 0.175881
-3.429370	-2.455641	-1.176288	-1.385301	-3.112996	-0.719300	-2.019893	-0.875796	-0.554278	-2.612919	-1.223572	 0.175882
-3.415653	-2.445818	-1.171583	-1.379759	-3.100544	-0.708614	-2.011756	-0.654476	-0.552061	-2.602513	-1.218677	 0.175882
-3.401990	-2.436035	-1.166897	-1.374240	-3.088142	-0.701875	-2.003681	-0.543816	-0.549853	-2.592126	-1.213803	 0.175882
-3.388382	-2.426291	-1.162229	-1.368743	-3.075789	-0.697115	-1.995652	-0.488486	-0.547654	-2.581769	-1.208947	 0.175882
-3.374828	-2.416586	-1.157580	-1.363268	-3.063486	-1.193351	-1.987662	-0.460821	-0.045463	-2.571447	-1.204112	 0.175882
-3.361329	-2.406919	-1.152950	-1.357815	-3.051232	-1.438089	-1.979708	-0.446988	 0.205632	-2.561164	-1.199295	 0.175882
-3.347884	-2.397292	-1.148338	-1.352384	-3.039027	-1.557093	-1.971787	-0.440072	-0.168820	-2.550921	-1.194498	 0.175882
-3.334492	-2.387702	-1.143745	-1.346975	-3.026871	-1.613243	-1.963899	-0.436614	-0.354960	-2.540718	-1.189720	 0.175882
-3.321154	-2.378152	-1.139170	-1.341587	-3.014764	-1.637979	-1.956043	-0.434885	-0.446947	-2.530556	-1.184961	 0.175882
-3.307870	-2.368639	-1.134613	-1.336220	-3.002704	-1.647021	-1.948218	-0.934020	 0.008137	-2.520434	-1.180221	 0.175882
-3.294638	-2.359165	-1.130075	-1.330875	-2.990694	-1.648230	-1.940425	-1.180722	 0.235679	-2.510352	-1.175500	 0.175882
-3.281460	-2.349728	-1.125555	-1.325552	-2.978731	-1.145536	-1.932664	-1.301217	-0.150550	-2.500311	-1.170798	 0.175882
-3.268334	-2.340329	-1.121052	-1.320250	-2.966816	-0.892903	-1.924933	-1.358622	-0.342591	-2.490309	-1.166115	 0.175882
-3.255261	-2.330968	-1.116568	-1.314969	-2.954949	-0.765306	-1.917233	-1.384492	 0.062458	-2.480348	-1.161451	 0.175882
-3.242239	-2.321644	-1.112102	-1.309709	-2.943129	-0.700232	-1.909564	-1.394607	 0.264982	-2.470427	-1.156805	 0.175882
-3.729271	-2.312357	-1.107653	-1.304470	-2.931356	-1.166425	-1.901926	-0.896854	-0.133756	-2.460545	-1.152178	 0.175882
-3.964353	-2.303108	-1.103223	-1.299252	-2.919631	-1.396256	-1.894318	-0.647978	-0.332060	-2.450703	-1.147569	 0.175882
-4.073496	-2.293895	-1.098810	-1.294055	-2.907952	-1.507920	-1.886741	-0.523540	-0.430151	-2.440900	-1.142979	 0.175882
-3.619702	-2.284720	-1.094415	-1.288879	-2.896321	-1.060512	-1.879194	-0.461321	-0.478140	-2.431136	-1.138407	 0.175882
-3.386473	-2.275581	-1.090037	-1.283723	-2.884735	-0.835582	-1.871677	-0.430212	-0.501082	-2.421412	-1.133853	 0.175882
-3.263552	-2.266479	-1.085677	-1.278588	-3.373196	-1.221896	-1.864191	-0.914657	-0.511505	-2.411726	-1.129318	 0.175882
-3.195811	-2.257413	-1.081334	-1.273474	-3.609704	-1.411836	-1.856734	-1.154081	-0.515673	-2.402079	-1.124801	 0.175882
-3.155684	-2.248383	-1.077009	-1.268380	-3.220265	-1.503603	-1.849307	-0.771006	-0.516717	-2.392471	-1.120301	 0.175882
-3.129389	-2.239389	-1.072701	-1.263307	-3.019884	-1.546296	-1.841910	-0.579469	-0.516204	-2.382901	-1.115820	 0.175882
-3.110036	-2.230432	-1.068410	-1.258253	-2.914054	-1.064464	-1.834542	-0.483700	-0.014916	-2.373370	-1.111357	 0.175882
-3.094177	-2.221510	-1.064136	-1.253220	-2.855523	-0.822383	-1.827204	-0.435816	 0.235728	-2.363876	-1.106911	 0.175882
-3.080092	-2.212624	-1.059880	-1.248208	-2.820663	-0.700182	-1.819895	-0.411874	 0.361050	-2.354421	-1.102484	 0.175882
-3.066917	-2.203774	-1.055640	-1.243215	-2.797662	-1.137925	-1.812616	-0.399903	-0.076289	-2.345003	-1.098074	 0.175882
-3.054222	-2.194959	-1.051418	-1.238242	-2.780612	-1.353645	-1.805365	-0.393917	-0.293931	-2.335623	-1.093682	 0.175882
-3.041791	-2.186179	-1.047212	-1.233289	-2.766560	-1.458367	-1.798144	-0.390924	-0.401729	-2.326280	-1.089307	 0.175882
-3.029517	-2.177434	-1.043023	-1.228356	-2.754029	-1.507602	-1.790951	-0.389428	-0.454609	-2.316975	-1.084950	 0.175882
-3.017346	-2.168724	-1.038851	-1.223442	-2.742280	-1.029105	-2.283787	-0.388680	-0.480034	-2.307707	-1.080610	 0.175882
-3.005250	-2.160049	-1.034696	-1.218549	-2.730945	-0.788756	-2.524652	-0.388306	-0.491735	-2.298477	-1.076287	 0.175882
-2.993216	-2.151409	-1.030557	-1.213674	-2.719838	-0.667484	-2.139553	-0.388119	-0.496579	-2.289283	-1.071982	 0.175882
-2.981236	-2.142804	-1.026435	-1.208820	-2.708867	-0.605756	-1.943495	-0.388025	-0.497998	-2.280125	-1.067694	 0.175882
-2.969308	-2.134232	-1.022329	-1.203984	-2.697986	-0.573804	-1.841971	-0.387978	-0.498708	-2.271005	-1.063423	 0.175882
-2.957429	-2.125695	-1.018240	-1.199168	-2.687171	-0.556744	-2.287728	-0.387955	-0.499063	-2.261921	-1.059170	-0.324118
-2.945598	-2.117193	-1.014167	-1.194372	-2.676411	-0.547135	-2.505140	-0.387943	-0.499240	-2.252873	-1.054933	-0.572470
-2.933815	-2.108724	-1.010110	-1.189594	-2.665700	-0.541255	-2.108401	-0.387937	-0.499329	-2.243862	-1.050713	-0.195004
-2.922080	-2.100289	-1.006070	-1.184836	-2.655034	-0.537245	-1.906608	-0.387935	-0.499373	-2.234886	-1.046511	-0.006272
-2.910392	-2.091888	-1.002045	-1.180097	-2.644412	-1.034173	-1.802302	-0.887933	-0.499395	-2.225947	-1.042324	 0.088095
-2.898750	-2.083520	-0.998037	-1.175376	-2.633834	-1.279575	-1.746753	-1.135156	-0.499406	-2.217043	-1.038155	 0.135278
-2.887155	-2.075186	-0.994045	-1.170675	-2.623298	-0.899226	-1.715596	-1.256003	-0.499412	-2.208175	-1.034003	 0.158870
-2.875606	-2.066885	-0.990069	-1.165992	-2.612805	-0.708013	-1.696648	-1.313673	-0.499415	-2.199342	-1.029867	 0.170666
-2.864104	-2.058618	-0.986108	-1.161328	-2.602354	-0.611374	-1.683819	-1.339765	-0.499416	-2.190545	-1.025747	 0.176563
-2.852647	-2.050383	-0.982164	-1.156683	-2.591944	-0.562024	-1.674063	-1.350080	-0.499417	-2.181783	-1.021644	-0.320488
-2.841237	-2.042182	-0.978235	-1.152056	-2.581576	-0.536324	-1.665856	-1.352516	-0.499417	-2.173055	-1.017558	-0.567378
-2.829872	-2.034013	-0.974322	-1.147448	-2.571250	-0.522453	-1.658437	-0.851024	-0.499417	-2.164363	-1.013487	-0.689195
-2.818552	-2.025877	-0.970425	-1.142858	-2.560965	-0.514500	-1.651426	-0.600279	-0.499417	-2.155706	-1.009433	-0.748481
-2.807278	-2.017774	-0.966543	-1.138287	-2.550721	-1.009511	-1.644631	-0.974906	-0.499417	-2.147083	-1.005396	-0.776509
-2.796049	-2.009702	-0.962677	-1.133733	-2.540518	-1.254007	-1.637958	-1.159520	-0.499417	-2.138495	-1.001374	-0.788913
-2.784865	-2.001664	-0.958827	-1.129198	-2.530356	-0.873258	-1.631359	-0.749139	-0.499417	-2.129941	-0.997369	-0.293513
-2.773725	-1.993657	-0.954991	-1.124682	-2.520235	-0.682884	-1.624810	-0.543949	-0.499417	-2.121421	-0.993379	-0.045813
-2.762631	-1.985682	-0.951171	-1.120183	-2.510154	-0.587696	-1.618299	-0.441353	-0.499417	-2.112935	-0.989406	 0.078037
-2.751580	-1.977740	-0.947367	-1.115702	-2.500113	-1.040103	-2.111820	-0.390056	-0.499417	-1.604483	-0.985448	 0.139962
-2.740574	-1.969829	-0.943577	-1.111239	-2.490113	-1.263321	-2.353370	-0.364407	-0.499417	-1.348066	-0.981506	 0.170925
-2.729611	-1.961949	-0.939803	-1.106794	-2.480152	-1.371957	-1.968955	-0.851582	-0.499417	-1.717673	-0.977580	 0.186406
-2.718693	-1.954102	-0.936044	-1.102367	-2.470232	-1.423314	-1.773578	-1.092493	-0.499417	-1.898303	-0.973670	 0.194146
-2.707818	-1.946285	-0.932299	-1.097958	-2.460351	-0.946043	-1.672734	-0.710281	-0.499417	-1.484459	-0.969775	 0.198017
-2.696987	-1.938500	-0.928570	-1.093566	-2.450509	-0.707407	-1.619167	-0.519175	-0.499417	-1.275397	-0.965896	 0.199952
-2.686199	-1.930746	-0.924856	-1.089192	-2.440707	-1.088090	-2.089253	-0.923622	 0.000583	-1.668732	-0.962032	 0.200920
-2.675454	-1.923023	-0.921157	-1.084835	-2.430944	-1.275493	-2.319177	-1.123190	 0.249581	-1.861276	-0.958184	 0.201403
-2.664752	-1.915331	-0.917472	-1.080496	-2.421221	-1.366269	-2.429041	-1.220328	 0.374081	-1.953441	-0.954352	 0.201645
-2.654093	-2.907670	-0.913802	-1.076174	-2.911536	-1.408743	-1.978895	-0.766262	-0.063669	-1.995431	-0.950534	 0.201766
-2.643477	-3.396039	-0.910147	-1.071869	-3.149890	-1.427078	-1.750765	-0.539229	-0.281542	-2.012352	-0.946732	 0.201827
-2.632903	-2.632455	-0.906506	-1.067581	-2.762290	-1.433354	-1.633654	-0.425713	 0.109522	-2.016754	-0.942945	 0.201857
-2.622371	-2.246925	-0.902880	-1.063311	-2.563741	-1.433613	-1.572066	-0.368954	 0.304053	-2.014912	-0.939173	 0.201872
-2.611882	-2.050437	-0.899269	-1.059058	-2.459736	-1.430875	-1.538251	-0.340575	-0.098682	-1.509966	-0.935417	 0.201880
-2.601434	-1.948486	-0.895672	-1.054822	-2.403022	-1.426649	-1.518335	-0.326386	-0.299046	-1.255482	-0.931675	 0.201883
-2.591029	-1.893817	-0.892089	-1.050602	-2.369972	-1.421692	-1.505380	-0.319291	 0.100771	-1.626238	-0.927948	-0.298115
-2.580665	-1.862804	-0.888521	-1.046400	-2.348774	-1.416380	-1.495917	-0.315744	 0.299679	-1.807623	-0.924236	-0.546518
-2.570342	-1.843634	-0.884967	-1.042214	-2.333519	-1.410901	-1.488213	-0.313970	 0.399133	-1.894337	-0.920540	-0.669129
-2.560061	-1.830400	-0.881427	-1.038045	-2.321256	-0.905351	-1.481400	-0.313083	 0.448860	-1.933731	-0.916857	-0.228852
-2.549820	-1.820149	-0.877901	-1.033893	-2.310506	-0.652576	-1.475044	-0.312640	 0.473723	-1.949483	-0.913190	-0.008713
-2.539621	-1.811403	-0.874389	-1.029758	-2.300531	-0.526189	-1.468929	-0.312418	 0.486155	-1.453428	-0.909537	 0.101357
-2.529463	-1.803425	-0.870892	-1.025639	-2.290963	-0.462995	-1.462946	-0.312307	 0.492371	-1.203486	-0.905899	 0.156391
-2.519345	-1.795845	-0.867408	-1.021536	-2.281616	-0.431398	-1.457040	-0.312252	-0.004521	-1.576607	-0.902275	 0.183909
-2.509267	-1.788479	-0.863939	-1.017450	-2.272398	-0.415600	-1.451185	-0.312224	-0.251964	-1.759269	-0.898666	 0.197668
-2.499230	-1.781233	-0.860483	-1.013380	-2.263263	-0.907701	-1.445367	-0.312210	-0.375686	-1.846716	-0.895072	 0.204547
-2.489233	-1.774063	-0.857041	-1.009327	-2.254187	-1.150951	-1.439579	-0.312203	-0.437547	-1.886571	-0.891491	 0.207987
-2.479276	-1.766943	-0.853613	-1.005289	-2.245158	-1.269788	-1.433817	-0.312200	-0.468477	-1.902646	-0.887925	 0.209706
-2.469359	-1.759864	-0.850198	-1.001268	-2.236172	-0.826430	-1.428080	-0.812198	 0.016058	-1.906846	-0.884374	 0.210566
-2.459482	-1.752819	-0.846797	-0.997263	-2.227225	-0.604750	-1.422367	-1.059573	 0.257324	-1.905123	-0.880836	 0.210996
-2.449644	-1.745805	-0.843410	-0.993274	-2.218314	-0.493911	-1.416677	-1.180646	 0.377957	-1.900456	-0.877313	 0.211211
-2.439845	-1.738820	-0.840037	-0.989301	-2.209440	-0.438491	-1.411010	-1.238580	 0.438274	-1.894330	-0.873804	 0.211319
-2.430086	-1.731864	-0.836677	-0.985344	-2.200602	-0.410781	-1.405366	-0.764953	-0.031568	-1.887491	-0.870308	 0.211372
-2.420366	-1.724936	-0.833330	-0.981402	-2.191800	-0.396926	-1.399745	-0.528140	-0.265486	-1.880310	-0.866827	 0.211399
-2.410684	-1.718037	-0.829996	-0.977477	-2.183032	-0.889998	-1.394146	-0.409733	-0.382445	-1.372973	-0.863360	 0.211413
-2.401041	-1.711164	-0.826676	-0.973567	-2.174300	-1.133769	-1.388569	-0.350530	-0.440925	-1.117574	-0.859906	 0.211419
-2.391437	-1.704320	-0.823370	-0.969673	-2.165603	-0.752899	-1.383015	-0.320928	-0.470164	-0.988149	-0.856467	 0.211423
-2.381872	-1.697502	-0.820076	-0.965794	-2.156940	-0.562464	-1.377483	-0.306128	-0.484784	-1.421720	-0.853041	 0.211425
-2.372344	-1.690712	-0.816796	-0.961931	-2.148313	-0.467246	-1.371973	-0.298727	-0.492094	-1.634795	-0.849629	 0.211425
-2.362855	-1.683949	-0.813529	-0.958083	-2.139719	-0.419637	-1.366485	-0.295027	-0.495749	-1.737636	-0.846230	 0.211426
-2.353403	-1.677214	-0.810275	-0.954251	-2.131161	-0.395833	-1.361019	-0.293177	-0.497577	-1.785376	-0.842845	 0.211426
-2.343990	-1.670505	-0.807034	-0.950434	-2.122636	-0.383931	-1.355575	-0.292252	-0.498490	-1.305580	-0.839474	 0.211426
-2.334614	-1.663823	-0.803805	-0.946632	-2.114145	-0.377980	-1.350153	-0.291789	-0.498947	-1.064030	-0.836116	 0.211426
-2.325275	-1.657167	-0.800590	-0.942845	-2.105689	-0.375004	-1.344752	-0.291558	-0.499176	-1.441610	-0.832772	 0.211426
-2.315974	-1.650539	-0.797388	-0.939074	-2.097266	-0.373516	-1.339373	-0.291442	-0.499290	-1.626762	-0.829440	 0.211426
-2.306710	-1.643937	-0.794198	-0.935318	-2.088877	-0.372772	-1.334015	-0.791385	-0.499347	-1.715714	-0.826123	 0.211426
-2.297483	-1.637361	-0.791022	-0.931576	-2.080521	-0.372400	-1.328679	-1.038773	-0.499376	-1.756581	-0.822818	 0.211426
-2.288293	-1.630811	-0.787857	-0.927850	-2.072199	-0.372214	-1.323365	-1.159895	-0.499390	-1.773419	-0.819527	 0.211426
-2.279140	-1.624288	-0.784706	-0.924139	-2.063911	-0.372122	-1.318071	-0.717894	-0.499397	-1.278258	-0.816249	 0.211426
-2.270024	-1.617791	-0.781567	-0.920442	-2.055655	-0.372075	-1.312799	-0.496893	-0.499401	-1.029111	-0.812984	 0.211426
-2.260944	-1.611320	-0.778441	-0.916760	-2.047432	-0.372052	-1.307548	-0.386393	-0.499402	-1.402978	-0.809732	 0.211426
-2.251900	-1.604875	-0.775327	-0.913093	-2.039243	-0.372040	-1.302317	-0.331143	-0.499403	-1.586357	-0.806493	 0.211426
-2.242892	-1.598455	-0.772226	-0.909441	-2.031086	-0.372034	-1.297108	-0.303518	 0.000596	-1.674508	-0.803267	 0.211426
-2.233921	-1.592061	-0.769137	-0.905803	-2.022961	-0.372031	-1.291920	-0.289705	 0.249595	-1.715057	-0.800054	 0.211426
-2.224985	-1.585693	-0.766060	-0.902180	-2.014869	-0.872030	-1.786752	-0.282799	 0.374094	-1.731821	-0.796854	 0.211426
-2.216085	-1.579350	-0.762996	-0.898571	-2.006810	-1.119285	-2.029605	-0.279346	 0.436344	-1.736706	-0.793666	 0.211426
-2.207221	-1.573033	-0.759944	-0.894977	-1.998783	-1.240180	-1.646487	-0.277619	 0.467469	-1.235665	-0.790492	 0.211426
-2.198392	-1.566741	-0.756904	-0.891397	-1.990788	-1.297905	-1.452401	-0.276756	 0.483031	-0.983675	-0.787330	 0.211426
-2.189598	-1.560474	-0.753877	-0.887832	-1.982824	-1.324056	-1.352841	-0.276324	 0.490812	-0.856217	-0.784180	 0.211426
-2.180840	-1.554232	-0.750861	-0.884280	-1.974893	-0.834431	-1.300555	-0.276109	 0.494703	-1.291030	-0.781044	 0.211426
-2.172116	-1.548015	-0.747858	-0.880743	-1.966994	-0.589619	-1.271915	-0.276001	 0.496648	-1.504985	-0.777919	 0.211426
-2.163428	-1.541823	-0.744866	-0.877220	-1.959126	-0.467213	-1.255109	-0.275947	-0.002379	-1.108525	-0.774808	-0.288574
-2.154774	-1.535656	-0.741887	-0.873711	-1.951289	-0.406010	-1.244229	-0.275920	-0.250890	-0.908871	-0.771709	-0.536997
-2.146155	-2.029513	-0.738919	-0.870216	-1.943484	-0.375408	-1.236322	-0.275906	-0.375146	-1.307625	-0.768622	-0.159637
-2.137571	-2.271395	-0.735964	-0.866736	-1.935710	-0.360107	-1.229912	-0.275899	-0.437273	-1.503590	-0.765547	 0.029042
-2.129020	-1.887309	-0.733020	-0.863269	-1.927967	-0.852457	-1.224260	-0.275896	-0.468337	-1.098173	-0.762485	-0.376618
-2.120504	-1.692260	-0.730088	-0.859816	-1.920255	-1.095942	-1.218997	-0.275894	-0.483869	-0.894079	-0.759435	-0.577883
-2.112022	-1.591741	-0.727167	-0.856376	-1.912574	-1.215006	-1.213938	-0.275894	-0.491635	-0.790652	-0.756397	-0.676958
-2.103574	-1.538499	-0.724259	-0.852951	-1.904924	-1.271870	-1.208990	-0.275893	-0.495518	-1.237564	-0.753372	-0.224943
-2.095160	-1.508908	-0.721362	-0.849539	-1.897304	-1.297644	-1.204109	-0.275893	-0.497459	-1.457651	-0.750358	 0.001065
-2.086779	-1.491153	-0.718476	-0.846141	-1.889715	-1.307884	-1.199269	-0.275893	 0.001570	-1.564339	-0.747357	 0.114068
-2.078432	-1.479329	-0.715602	-0.842756	-1.882156	-1.310368	-1.194461	-0.275893	 0.250083	-1.614341	-0.744367	 0.170570
-2.070118	-1.470482	-0.712740	-0.839385	-1.874628	-1.308985	-1.189677	-0.275893	 0.374340	-1.136013	-0.741390	 0.198821
-2.061838	-1.463135	-0.709889	-0.836028	-1.867129	-1.305678	-1.184916	-0.275893	 0.436468	-0.895534	-0.738424	 0.212947
-2.053591	-1.456550	-0.707049	-0.832684	-1.859661	-1.301419	-1.180175	-0.275893	 0.467532	-0.773984	-0.735471	 0.220009
-2.045376	-1.450358	-0.704221	-0.829353	-1.852222	-1.296696	-1.175453	-0.275893	 0.483065	-0.711905	-0.732529	 0.223541
-2.037195	-1.444374	-0.701404	-0.826035	-1.844813	-1.291750	-1.170751	-0.275893	 0.490831	-0.679565	-0.729599	 0.225306
-2.029046	-1.438504	-0.698599	-0.822731	-1.837434	-1.286704	-1.166068	-0.275893	-0.005286	-0.662101	-0.726680	 0.226189
-2.020930	-1.432705	-0.695804	-0.819440	-1.830084	-1.281617	-1.161403	-0.275893	-0.252342	-0.652080	-0.723774	 0.226631
-2.012846	-1.426951	-0.693021	-0.816163	-1.822764	-1.276521	-1.156758	-0.275893	 0.124130	-1.145785	-0.720879	 0.226851
-2.004795	-1.421232	-0.690249	-0.812898	-1.815473	-1.271430	-1.152131	-0.275893	 0.311365	-1.389358	-0.717995	 0.226962
-1.996775	-1.415541	-0.687488	-0.809646	-1.808211	-1.266352	-1.147522	-0.275893	-0.095018	-1.507879	-0.715123	 0.227017
