-1.964397	-3.344291	-0.498667	-0.615704	-1.934662	-0.498558	-0.758547	-0.483473	 0.498736	-3.155000	-0.749238	-0.000278
-1.980343	-3.330914	-0.498667	-0.388885	-1.672906	-0.498558	-0.755513	-0.491148	 0.498736	-3.142380	-0.745765	-0.249277
-1.984324	-3.317590	-0.498667	-0.275475	-1.539206	-0.498558	-0.752491	-0.494985	 0.498736	-3.129811	-0.742543	 0.126223
-1.982338	-3.304320	-0.498667	-0.218771	-1.469545	-0.498558	-0.749481	-0.496904	 0.498736	-3.117292	-0.739454	 0.312970
-1.477384	-3.291102	-0.498667	-0.190418	-1.431915	-0.498558	-0.746483	 0.002137	 0.498736	-3.104822	-1.236436	 0.406343
-1.222962	-3.277938	-0.498667	-0.176242	-1.410311	-0.498558	-0.743497	 0.250655	 0.498736	-3.092403	-1.481461	 0.453030
-1.593814	-3.264826	-0.498667	-0.169154	-1.396732	-0.498558	-0.740523	 0.374914	 0.498736	-3.080033	-1.100520	 0.476373
-1.775311	-3.251767	-0.498667	-0.165610	-1.387176	-0.498558	-0.737561	 0.437043	 0.498736	-3.067713	-0.908611	 0.488045
-1.862145	-3.238760	-0.498667	-0.163838	-1.379643	-0.498558	-0.734611	 0.468108	 0.498736	-3.055442	-0.811222	 0.493880
-1.401665	-3.725805	-0.498667	-1.162952	-1.373132	-0.498558	-0.731673	 0.483640	 0.498736	-3.043221	-0.761101	 0.496798
-1.169542	-3.960902	-0.498667	-1.658185	-1.367144	-0.498558	-0.728746	 0.491407	 0.498736	-3.031048	-0.734618	 0.498257
-1.551606	-3.570058	-0.498667	-0.901494	-1.361427	-0.498558	-0.725831	-0.004710	 0.498736	-3.018924	-0.719960	 0.498987
-1.738770	-3.368278	-0.498667	-0.523149	-1.355857	-0.498558	-0.722928	-0.251767	 0.498736	-3.006848	-0.711221	 0.499351
-1.328501	-3.261055	-0.498667	-0.833977	-1.350372	-0.498558	-0.720036	 0.124704	 0.498736	-2.994821	-1.205446	 0.499534
-1.121530	-3.201135	-0.498667	-0.987101	-1.344939	-0.498558	-0.717156	 0.311938	 0.498736	-2.982841	-1.449159	 0.499625
-1.516215	-3.164893	-0.498667	-0.561382	-1.339544	-0.498558	-0.714287	 0.405555	 0.498736	-2.970910	-1.067630	-0.000329
-1.709736	-3.140515	-0.498667	-0.348523	-1.334178	-0.498558	-0.711430	 0.452363	 0.498736	-2.959026	-0.875494	-0.249306
-1.802690	-3.122094	-0.498667	-0.242093	-1.328837	-0.498558	-0.708584	 0.475767	 0.498736	-2.947190	-0.778058	-0.373794
-1.345375	-3.106676	-0.498667	-0.188879	-1.823520	-0.498558	-0.705750	 0.487469	 0.498736	-2.935401	-0.727980	 0.063961
-1.114942	-3.092784	-0.498667	-0.162271	-2.066225	-0.498558	-0.702927	 0.493320	 0.498736	-2.923660	-0.701584	 0.281836
-1.497956	-3.079681	-0.498667	-0.648968	-1.682960	-0.498558	-0.700115	 0.496246	 0.498736	-2.911965	-0.687036	 0.390773
-1.685702	-3.066996	-0.498667	-0.890044	-1.488728	-0.498558	-0.697315	 0.497709	 0.498736	-2.900317	-0.678418	 0.445242
-1.275827	-3.054544	-0.498667	-0.508321	-1.389023	-0.498558	-0.694525	 0.498440	 0.498736	-2.888716	-0.672768	 0.472476
-1.069158	-3.042235	-0.498667	-0.317459	-1.336591	-0.498558	-0.691747	 0.498806	 0.498736	-2.877161	-0.668610	 0.486093
-1.464099	-3.530020	-0.498667	-0.222028	-1.807808	-0.498558	-0.688980	 0.498988	 0.498736	-2.865653	-0.665201	 0.492902
-1.657851	-3.765877	-0.498667	-0.174312	-2.038858	-0.498558	-0.686224	 0.499080	 0.498736	-2.854190	-0.662174	 0.496306
-1.751024	-3.875802	-0.498667	-0.150454	-2.149843	-0.498558	-0.683480	 0.499126	 0.498736	-2.842773	-0.659341	 0.498008
-1.793922	-3.922793	-0.498667	-0.138526	-1.700814	-0.498558	-0.680746	-0.000852	 0.498736	-2.831402	-0.656612	 0.498859
-1.811697	-3.938349	-0.498667	-0.132561	-1.473796	-0.498558	-0.678023	-0.249838	 0.498736	-2.820076	-0.653940	 0.499285
-1.816926	-3.438219	-0.498667	-0.129579	-1.357793	-0.498558	-0.675311	 0.125668	 0.498736	-3.308796	-0.651301	 0.499498
-1.815896	-3.182278	-0.498667	-0.128088	-1.297308	-0.498558	-0.672609	 0.312419	 0.498736	-3.545561	-0.648685	 0.499604
-1.811751	-3.048455	-0.498667	-0.127342	-1.264592	-0.498558	-0.169919	 0.405794	 0.498736	-3.156379	-1.146084	 0.499657
-1.806064	-2.975714	-0.498667	-0.126969	-1.245770	-0.498558	 0.081426	 0.452482	 0.498736	-2.956253	-1.391497	 0.499684
-1.799619	-3.433538	-0.498667	-0.126783	-1.233905	 0.001442	-0.292901	-0.024174	 0.998736	-2.850678	-1.010930	 0.499697
-1.792811	-3.654667	-0.498667	-0.126690	-1.225529	 0.250439	-0.478730	-0.261500	 1.245739	-2.792400	-0.819385	 0.499704
-1.785834	-3.757480	-0.498667	-0.126643	-1.218906	 0.374938	-0.570316	-0.380164	 1.366254	-2.757793	-0.722357	 0.499707
-1.278788	-3.301166	-0.498667	-0.126620	-1.213171	-0.062813	-0.614785	 0.060505	 0.923539	-2.735043	-0.672593	 0.499709
-1.023722	-3.067319	-0.498667	-0.126608	-1.207888	-0.280687	-0.635701	 0.279837	 0.702181	-2.718244	-0.646465	 0.499710
-0.894651	-2.944729	-0.498667	-0.126603	-1.202841	 0.110376	-0.644845	 0.389503	 0.591502	-2.704441	-0.632160	 0.499710
-0.828585	-2.877789	-0.498667	-0.126600	-1.197922	 0.304904	-0.648110	 0.444336	 0.536163	-2.692159	-0.623772	 0.499710
-1.294027	-2.838698	-0.498667	-0.126598	-1.193077	 0.402168	-0.148439	 0.471752	 0.508493	-2.680658	-0.618347	 0.499710
-1.523229	-2.813553	-0.498667	-0.126597	-1.188278	 0.450801	 0.101396	 0.485460	 0.494658	-2.669569	-0.614409	 0.499710
-1.634325	-2.795404	-0.498667	-0.126597	-1.183511	 0.475117	-0.273686	 0.492314	 0.487741	-2.658707	-0.611219	 0.499710
-1.686382	-2.780774	-0.498667	-0.126597	-1.178770	 0.487275	-0.459930	 0.495742	 0.484282	-2.647981	-0.608408	 0.499710
-1.708934	-2.767928	-0.498667	-0.126597	-1.174052	 0.493354	-0.551760	 0.497455	 0.482552	-2.637343	-0.605791	 0.499710
-1.216747	-2.755994	-0.498667	-0.126597	-1.169354	-0.003607	-0.096387	 0.498312	 0.981688	-2.626771	-0.603276	 0.499710
-0.969204	-2.744539	-0.498667	-0.126597	-1.164676	-0.251086	 0.131299	 0.498740	 1.228294	-2.616252	-0.600818	 0.499710
-1.343989	-2.733345	 0.001333	-0.126597	-1.160017	 0.125174	 0.245142	 0.498954	 1.348647	-2.105782	-0.598391	 0.499710
-1.527944	-2.722304	 0.250330	-0.126597	-1.155376	 0.312302	 0.302064	 0.499061	 1.405886	-1.847356	-0.595986	 0.499710
-1.116498	-2.211361	 0.374829	 0.373403	-0.150755	 0.405866	 0.330525	 0.999115	 1.431579	-1.214965	-0.093597	 0.999710
-0.909365	-1.952489	 0.437078	 0.621656	 0.349848	 0.452647	 0.344755	 1.246143	 1.441511	-0.897604	 0.157598	 1.246711
 0.195606	 1.180335	 0.968203	 1.244043	 2.598449	 0.476038	 1.851870	 1.366671	 1.943574	 2.762236	 1.283196	 1.867224
 0.745490	 2.738120	 1.230766	 1.551504	 3.713055	 0.487734	 2.598710	 1.423961	 2.189714	 4.579313	 1.841177	 2.172505
 1.017842	 3.508421	 1.359062	 1.701516	 4.260703	 0.493581	 2.965439	 1.449643	 2.307912	 5.475058	 2.115369	 2.320190
 2.151437	 7.885014	 1.420234	 1.772819	 5.024910	 0.996505	 2.642139	 1.459534	 1.362159	 8.410189	 3.247686	 1.389096
 2.711665	 10.048787	 1.447858	 1.804783	 5.395436	 1.244968	 2.475851	 1.461540	 0.889283	 9.855064	 3.805084	 0.923550
 5.485235	 16.606249	 1.458719	 1.817091	 7.069166	 1.366213	 2.388088	 0.959616	 0.152845	 14.554902	 4.575059	-0.809223
 6.855502	 19.838652	 1.461210	 1.819586	 7.888546	 1.423861	 2.339606	 0.708654	-0.214207	 16.866311	 4.949356	-1.670526
 8.524184	 25.908712	 1.459528	 2.817189	 13.280820	 2.449721	 4.810782	 1.083173	-0.396571	 22.983660	 10.625857	 1.403886
 9.338140	 28.879784	 1.455772	 3.308362	 15.939611	 2.955700	 6.031807	 1.267517	-0.486595	 25.984133	 13.431503	 2.932136
 13.724813	 41.301618	 2.950989	 4.046349	 17.731809	 3.201767	 6.627813	 2.356786	 0.969547	 30.926400	 16.301852	 3.687340
 15.881927	 47.490191	 3.689706	 4.405773	 18.588860	 3.317904	 6.911369	 2.894528	 1.692766	 33.325796	 17.698682	 4.056057
 16.924406	 50.562223	 4.050207	 4.575955	 18.978494	 3.369105	 7.038757	 3.156534	 2.049544	 34.454044	 18.358905	 4.231566
 19.409711	 53.576073	 4.221637	 5.151554	 19.134575	 3.387864	 7.088119	 3.280700	 2.223120	 34.947003	 19.150979	 3.810506
 20.608574	 55.060012	 4.298565	 5.427899	 19.174034	 3.390431	 7.098525	 3.335974	 2.305115	 35.122603	 19.507130	 3.593197
 21.664391	 57.779087	 4.328278	 5.554663	 19.655336	 3.384928	 7.089510	 3.356828	 0.841338	 33.139806	 13.145479	 0.477791
 22.146859	 59.120186	 4.334419	 5.606682	 19.855714	 3.375418	 7.070841	 3.360500	 0.110694	 32.086094	 9.951085	-1.074637
 16.842834	 49.272370	 2.828808	 3.621375	 15.915791	 2.363931	 4.547403	 1.855607	-0.753388	 27.497173	 8.340375	-1.845597
 14.167744	 44.269613	 2.073356	 2.625449	 13.921878	 1.855483	 3.281635	 1.103161	-1.182194	 25.156896	 7.521561	-2.225843
 11.807214	 39.189700	 1.192995	 2.124227	 12.901065	 1.598565	 2.644720	 0.226938	-1.393375	 21.941124	 7.098748	-1.910755
 10.608055	 36.581525	 0.752814	 1.870370	 12.366899	 1.467422	 2.322247	-0.209875	-1.495756	 20.295788	 6.873990	-1.750019
 9.989658	 35.209490	 0.532723	 1.740208	 12.076150	 1.399178	 2.157011	-0.426988	-1.543751	 19.435818	 6.748313	-1.666472
 9.661717	 34.455798	 0.422678	 1.671907	 11.907204	 1.362395	 2.070409	-0.034257	-2.064564	 18.968682	 6.172229	-2.121533
 9.479079	 34.011548	 0.367656	 1.634549	 11.799255	 1.341352	 2.023141	 0.162109	-2.319800	 18.698111	 5.872994	-2.343911
 9.369167	 33.722288	 0.840144	 1.612676	 11.721898	 1.328189	 1.995555	 0.260292	-1.942268	 18.525970	 6.212230	-1.949967
 9.295692	 33.510792	 1.073763	 1.598558	 11.659930	 1.318978	 1.977826	 0.309384	-1.750373	 18.403192	 6.368744	-1.749883
 9.240511	 33.338445	 1.187958	 1.588330	 11.605751	 0.811753	 1.965041	 0.333929	-1.651308	 17.805242	 6.433951	-1.646741
 9.194549	 33.185940	 1.242451	 1.580060	 11.555558	 0.558141	 1.954744	 0.346202	-1.598671	 17.471853	 6.453556	-1.592083
 9.153271	 33.043620	 1.267104	 1.572781	 11.007450	 0.931334	 1.945707	 0.352339	-1.569261	 16.770881	 6.450413	-1.561679
 9.114408	 32.906658	 1.276847	 1.566011	 10.712478	 1.115322	 1.937315	 0.355407	-1.551476	 16.388256	 6.435946	-1.543415
 9.076826	 32.772637	 1.279145	 1.559507	 10.544157	 1.204717	 1.929261	 0.356941	-1.539516	 16.164931	 6.415870	-1.531232
 9.039956	 32.140350	 0.777731	 1.553149	 10.939245	 1.246827	 1.921392	 0.357708	-1.530481	 16.521386	 5.893040	-2.022103
 9.003515	 31.761190	 0.527024	 1.546877	 11.114120	 1.265304	 1.913630	 0.358091	-1.522921	 16.665858	 5.620885	-2.262512
 8.967360	 31.508846	 0.901671	 1.540659	 11.178980	 1.271975	 2.405937	 0.358283	-1.516110	 16.704473	 5.474110	-2.377711
 8.931421	 31.320161	 1.086441	 1.534482	 11.188922	 1.272753	 2.646295	 0.358379	-1.509686	 16.690294	 5.390068	-2.430325
 8.895660	 31.163555	 0.676284	 1.528336	 11.171495	 0.770595	 2.760700	 0.858427	-1.503467	 16.649853	 5.337435	-2.451666
 8.860060	 31.023239	 0.471206	 1.522219	 11.140474	 0.519516	 2.812152	 1.105734	-1.497363	 16.596413	 5.300548	-2.457390
 8.824611	 30.891315	 0.868666	 1.516129	 11.102744	 0.893976	 2.332151	 0.726682	-1.491329	 16.536608	 5.271578	-2.455326
 8.789308	 30.763834	 1.064865	 1.510063	 11.061749	 1.078670	 2.088447	 0.537155	-1.485341	 16.473751	 5.246608	-2.449388
 8.754148	 30.638821	 1.160442	 1.504022	 11.019210	 1.168490	 1.962905	 0.442392	-1.479388	 16.409501	 5.223679	-2.441531
 8.719131	 30.015286	 1.205718	 1.498006	 10.975987	 1.210883	 2.396459	 0.395011	-1.473465	 16.344686	 5.201813	-2.432736
 8.684253	 29.644736	 1.225854	 1.492014	 10.932510	 1.229573	 2.607576	 0.371320	-1.467569	 16.279718	 5.180521	-2.423490
 8.649516	 29.900912	 1.233430	 1.486046	 10.888994	 1.236422	 2.207497	 0.359474	-1.961697	 16.214805	 5.159556	-2.414039
 8.614918	 29.968686	 1.234736	 1.480102	 10.845545	 1.237359	 2.003843	 0.353552	-2.203849	 16.150048	 5.138796	-2.404504
 8.580458	 29.442500	 1.232917	 1.474181	 10.802216	 1.235352	 1.898416	 0.350590	-1.820034	 16.085500	 5.118180	-1.894947
 8.546136	 29.121575	 1.229546	 1.468284	 10.759034	 1.231881	 1.842116	 0.349110	-1.625253	 16.021183	 5.097677	-1.637397
 8.511952	 29.403511	 1.225407	 1.462411	 10.716011	 1.227689	 1.810394	 0.348369	-1.525002	 15.957111	 5.577271	-1.505863
 8.477904	 29.485108	 1.220896	 1.456562	 10.673153	 1.223146	 1.790976	 0.347999	-1.472027	 15.893289	 5.804955	-1.437347
 8.443992	 29.466773	 1.216207	 1.450735	 10.630464	 1.218437	 1.777724	 0.347814	-1.442702	 15.829720	 5.906731	-1.400352
 8.410216	 29.398708	 1.211440	 1.444932	 10.587944	 1.213655	 1.767569	 0.347721	-1.425212	 15.766402	 5.445602	-1.379127
 8.376576	 29.306015	 1.206643	 1.439153	 10.545593	 1.208847	 1.758977	 0.347675	-1.413652	 15.703337	 5.205069	-1.365799
 8.343069	 29.201242	 1.201841	 1.433396	 10.503411	 1.204034	 1.751180	 0.347652	-1.405067	 16.140524	 5.074873	-1.356430
 8.309697	 29.090662	 1.197045	 1.427663	 10.461398	 1.199230	 1.743795	 0.347640	-1.397982	 16.325963	 4.999886	-1.349051
 8.276458	 28.477412	 1.192263	 1.421952	 10.419552	 1.194438	 2.236629	 0.347635	-1.391658	 16.385659	 4.952542	-1.342679
 8.243352	 28.115059	 1.187497	 1.416264	 10.377874	 1.189664	 2.477588	 0.347632	-1.385725	 16.382616	 4.919060	-1.336820
 8.210379	 28.878377	 1.182749	 1.410599	 10.836363	 1.184906	 2.092630	 0.347630	-1.379999	 15.848336	 4.892548	-1.331228
 8.177537	 29.200752	 1.178019	 1.404957	 11.043017	 1.180167	 1.896735	 0.347630	-1.374388	 15.550567	 4.869560	-1.325781
 8.144827	 29.302894	 1.173307	 1.399337	 11.123845	 1.175447	 1.795386	 0.347629	-1.368844	 15.371178	 4.848373	-1.320417
 12.612248	 32.795154	 1.168614	 1.393739	 11.141850	 1.170746	 2.241324	 0.847629	-1.363346	 15.251099	 4.828125	-1.815105
 14.811799	 34.468710	 1.163940	 1.388164	 11.128532	 1.166063	 2.458918	 1.094934	-1.357881	 15.160798	 4.808385	-2.057829
 11.377552	 31.233203	 1.159284	 1.382612	 10.599643	 1.161398	 2.062362	 0.715902	-1.352444	 14.585506	 4.288938	-1.674590
 9.644542	 29.559454	 1.154647	 1.377081	 10.315057	 1.156753	 1.860753	 0.526386	-1.347031	 14.269840	 4.021675	-1.480388
 8.262213	 24.166809	 1.150028	 1.371573	 8.652703	 1.152126	 1.256630	 0.431627	-0.841642	 11.584099	 3.380535	-0.380715
 7.557290	 21.432937	 1.145428	 1.366087	 7.807545	 1.147517	 0.953263	 0.384248	-0.588947	 10.223431	 3.054486	 0.167684
 5.691123	 14.528604	 0.140846	 1.360622	 5.371042	 1.142927	 0.800280	 0.360559	 0.037400	 6.525372	 1.886005	 0.940451
 4.750390	 11.061188	-0.359717	 1.355180	 4.146921	 1.138356	 0.722494	 0.348714	 0.349247	 4.670688	 1.300329	 1.323408
 4.272404	 9.312293	-0.608278	 1.349759	 3.529015	 1.133802	 0.682311	 0.342792	 0.503848	 3.737714	 1.006062	 1.511474
 2.525822	 4.422719	-0.230845	 0.844360	 0.714240	 0.629267	 0.160936	-0.160169	 0.579831	-1.234383	-0.642495	 0.602108
 1.650973	 1.977931	-0.042129	 0.591661	-0.688947	 0.376999	-0.099752	-0.410324	 0.616511	-3.708018	-1.462191	 0.147425
-0.788004	-3.244462	-0.447770	-0.034689	-2.386356	 0.250866	-0.730096	-0.034080	 0.133545	-5.432473	-2.367476	-0.079917
-2.001039	-5.838725	-0.648884	-0.346542	-3.226893	 0.187799	-1.042547	 0.154042	-0.107938	-6.280386	-2.813573	-0.193587
-2.601128	-7.618991	-1.247741	-0.501152	-3.639027	 0.156265	-1.196062	-0.251897	 0.271320	-7.190086	-3.030102	-0.250423
-2.894770	-8.490325	-1.543477	-0.577145	-3.836991	 0.140498	-1.270121	-0.453551	 0.459648	-7.628736	-3.131873	-0.278840
-3.035214	-8.907269	-1.187666	-0.613835	-4.427903	 0.132615	-1.304462	-0.553067	 0.552516	-7.831927	-3.176291	-0.293049
-3.099085	-9.097093	-1.008097	-0.630879	-4.713322	 0.128673	-1.318955	-0.601521	 0.597660	-7.917452	-3.192059	-0.300154
-3.124695	-9.173430	-0.916655	-0.638106	-4.846034	 0.126703	-1.323534	-0.624447	 0.118946	-7.944208	-3.193527	 0.196294
-3.131199	-9.193100	-0.869284	-0.640428	-4.902432	 0.125717	-1.323168	-0.634616	-0.120411	-7.941645	-3.187871	 0.443133
-3.128175	-9.184509	-0.843954	-0.640304	-4.920714	 0.125224	-1.320339	-0.638410	-0.240090	-7.924485	-3.178679	 0.565172
-3.120413	-9.661862	-0.829653	-1.138961	-4.919976	 0.124978	-1.316290	-0.639023	 0.200071	-4.900090	-2.167744	 6.124817
-3.110307	-9.880260	-0.820871	-1.385015	-4.909769	 0.124855	-1.311640	-0.638051	 0.418871	-3.384141	-1.659963	 8.881271
-3.099054	-9.469261	-0.814856	 0.995221	-0.894867	-0.375207	-1.306702	-0.136290	 4.026995	-5.122431	-1.903768	 4.236222
-3.087251	-9.245646	-0.810231	 2.178587	 1.106345	-0.623487	-1.301629	 0.114590	 5.815787	-5.977854	-2.021375	 1.913698
-3.075199	-9.115794	-0.806307	 1.763547	-1.899265	-0.245884	-1.296499	-0.259970	 2.694974	-6.891899	-2.575901	 0.752436
-3.063047	-9.032896	-0.802740	 1.553330	-3.392260	-0.057082	-1.291352	-0.445980	 1.134568	-7.333310	-2.846903	 0.171805
-3.050869	-9.473547	-0.799358	-0.054465	-4.128987	-0.462681	-1.286206	-0.537722	 0.354365	-7.538465	-2.976168	-0.118511
-3.038703	-9.674044	-0.796076	-0.855038	-4.487619	-0.663744	-1.281071	-0.582334	-0.035737	-7.625556	-3.034590	-0.263669
-3.026566	-9.754544	-0.792849	-1.252013	-4.657242	-0.762546	-1.275951	-0.603386	-0.230788	-7.653676	-3.057615	-0.336248
-3.014469	-9.275123	-0.789656	-0.947203	-4.732400	-0.810224	-1.270850	-0.612663	-0.328313	-7.652373	-3.062966	-0.372537
-3.002416	-9.017822	-0.786487	-0.793513	-4.760364	-0.832347	-1.265767	-0.616057	-0.377076	-7.636419	-3.059505	-0.390682
-2.990409	-8.871650	-0.783335	-0.715388	-4.764770	-0.841700	-1.260705	-0.616516	-0.401457	-7.613201	-3.051662	-0.399754
-2.978448	-8.781113	-0.780199	-0.675052	-4.757434	-0.844674	-1.255662	-0.615511	-0.413648	-7.586412	-3.041653	-0.404290
-3.466535	-9.218463	-0.777077	-1.153614	-4.744266	-0.844466	-1.250640	-0.613780	-0.419743	-7.557898	-3.030585	-0.406558
-3.702669	-9.417827	-0.773968	-1.389630	-4.728220	-0.842674	-1.245637	-0.611690	-0.422791	-7.528583	-3.019012	-0.407692
-3.312859	-9.498274	-0.770872	-1.004388	-4.710772	-0.840096	-1.240655	-0.609426	 0.075685	-7.998926	-3.007211	-0.408259
-3.112107	-9.519341	-0.767788	-0.810528	-4.692662	-0.837132	-1.235692	-0.607080	 0.323775	-8.217160	-2.995320	-0.408543
-3.005909	-9.510793	-0.764717	-0.712365	-4.674258	-0.833981	-1.230750	-0.604697	 0.446676	-8.309405	-2.983407	-0.408685
-2.947010	-9.487515	-0.761658	-1.162055	-4.655744	-0.830744	-1.225827	-0.602301	 0.006987	-7.838725	-2.971508	-0.408756
-2.911785	-9.456947	-0.758612	-1.383676	-4.637212	-0.827471	-1.220923	-0.599903	-0.212857	-7.588649	-2.959639	-0.408791
-2.888419	-8.922810	-0.755577	-1.491276	-4.618709	-0.824186	-1.216040	-0.597509	 0.177221	-7.448933	-2.947809	-0.408809
-2.871006	-8.638965	-0.752555	-1.541879	-4.600257	-0.820901	-1.211175	-0.595122	 0.371125	-7.364457	-2.936022	-0.408818
-2.856592	-8.480332	-0.749545	-1.563995	-4.581868	-0.817624	-1.206331	-0.592743	 0.466947	-7.307659	-2.924280	-0.408822
-2.843701	-8.384372	-0.746546	-1.571881	-4.563546	-0.814357	-1.201505	-0.590373	 0.513733	-7.264759	-2.912584	-0.408824
-3.331594	-8.319815	-0.743560	-1.572664	-4.545295	-0.811101	-1.196699	-0.588012	 0.536005	-7.728865	-2.900934	-0.408825
-3.567901	-8.271026	-0.740586	-1.569909	-4.527115	-0.807857	-1.191913	-0.585660	 0.546024	-7.944532	-2.889331	-0.408826
-3.678446	-8.230187	-0.737624	-1.565397	-4.509007	-0.804626	-1.187145	-0.583317	 0.549922	-8.036045	-2.877773	-0.408826
-3.226141	-8.693389	-0.734673	-1.060019	-4.490972	-1.301408	-1.182396	-0.580984	 0.550763	-7.065546	-2.866262	 0.091174
-2.994441	-8.906677	-0.731734	-0.806221	-4.473008	-1.546202	-1.177667	-0.578660	 0.550080	-6.568107	-2.854797	 0.339991
-2.873065	-8.495081	-0.728808	-0.678217	-4.455116	-1.165017	-1.172956	-0.576345	 0.548640	-6.807246	-2.843378	-0.036778
-2.806874	-8.273116	-0.725892	-0.613115	-4.437295	-0.972857	-1.168264	-0.574040	 0.546825	-6.912722	-2.832005	-0.225162
-3.268297	-8.646031	-0.722989	-0.579468	-4.419546	-0.875216	-1.163591	-0.571744	 0.044828	-6.451424	-2.820677	-0.319354
-3.491549	-8.814451	-0.720097	-0.561552	-4.401868	-0.824840	-1.158937	-0.569457	-0.206170	-6.208795	-2.809394	-0.366450
-3.095745	-8.380695	-0.717216	-0.551507	-4.384261	-0.798103	-1.154301	-0.567179	 0.168330	-6.575548	-2.798156	 0.110002
-2.892444	-8.147923	-0.714348	-0.545402	-4.366724	-0.783192	-1.149684	-0.564910	 0.354495	-6.745040	-2.786964	 0.347055
-2.785415	-8.015707	-0.711490	-0.541271	-4.349257	-0.774200	-1.145085	-0.562651	 0.446496	-6.815957	-2.775816	 0.464413
-2.726543	-7.933832	-0.708644	-0.538131	-4.331860	-0.768173	-1.140505	-0.560400	 0.491419	-6.837642	-2.764713	 0.021929
-2.691772	-7.877190	-0.705810	-0.535491	-4.314532	-0.763636	-1.135943	-0.558159	 0.512809	-6.834765	-2.753654	-0.199314
-3.169073	-8.333228	-0.702986	-0.533105	-4.297274	-0.759849	-1.131399	-0.055926	 0.522435	-6.819663	-2.742639	 0.190065
-3.400430	-8.543669	-0.700174	-0.530851	-4.280085	-0.756443	-1.126873	 0.195190	 0.526184	-6.798503	-2.731669	 0.383596
-3.008845	-8.131381	-0.697374	-0.528667	-4.262965	-0.753234	-1.122366	 0.320749	 0.526998	-6.774369	-2.220742	-0.020793
-2.807818	-7.909799	-0.694584	-0.526521	-4.245913	-0.750130	-1.117877	 0.383528	 0.526350	-6.748801	-1.961859	-0.222988
-3.202091	-8.283631	-0.691806	-0.524400	-4.228929	-0.747084	-1.113405	-0.085083	 0.524974	-6.722570	-2.329012	 0.175915
-3.392035	-8.453233	-0.689039	-0.522295	-4.212013	-0.744072	-1.108951	-0.318281	 0.523239	-6.696063	-2.507196	 0.374217
-3.479843	-8.520788	-0.686283	-0.520202	-4.195165	-0.741085	-1.104516	-0.433777	 0.521329	-6.669470	-2.590917	 0.472223
-3.516612	-8.037388	-0.683537	-1.018119	-4.178385	-0.738115	-1.100098	 0.009574	 0.019335	-6.142887	-2.627428	 0.020085
-3.527889	-7.780581	-0.680803	-1.264046	-4.161671	-0.735159	-1.095697	 0.231249	-0.231662	-5.868363	-2.640356	-0.205984
-3.526450	-8.137129	-0.678080	-0.883989	-4.145025	-0.732217	-1.091314	-0.157913	 0.142839	-5.719914	-2.641513	 0.180982
-3.518680	-8.298416	-0.675368	-0.692953	-4.128444	-0.729288	-1.086949	-0.351400	 0.329055	-5.634546	-2.636807	 0.373329
-3.507773	-7.862141	-0.672666	-0.596431	-4.111931	-0.726370	-1.082601	-0.447054	 0.421133	-5.580764	-2.629189	 0.468371
-3.495326	-7.629151	-0.669976	-0.548170	-4.095483	-0.723465	-1.078271	-0.493795	 0.466145	-5.542819	-2.620137	 0.514765
-2.982137	-7.497864	-0.667296	-0.524040	-3.579101	-0.720571	-1.073958	-0.516085	-0.012371	-6.512837	-2.610389	 0.536840
-2.720604	-7.417487	-0.664626	-0.511974	-3.314785	-0.717688	-1.069662	-0.526153	-0.251629	-6.982880	-2.600314	 0.546760
-2.584920	-7.362624	-0.661968	-0.505942	-3.176525	-0.714817	-1.065383	-0.530115	-0.371258	-7.202996	-2.590095	 0.550606
-3.012179	-7.320578	-0.659320	-0.502925	-3.101319	-0.711958	-1.061122	-1.031027	 0.068927	-6.798207	-2.579827	 0.551420
-3.218930	-7.284997	-0.656683	-0.501417	-3.057664	-0.709110	-1.056877	-1.278420	 0.288002	-6.583026	-2.569553	 0.550723
-2.815454	-7.752708	-0.654056	-1.000663	-3.029808	-0.706274	-1.052650	-0.899064	 0.396525	-6.462700	-2.559298	 0.549274
-2.608892	-7.970123	-0.651440	-1.247286	-3.009877	-0.703449	-1.048439	-0.708347	 0.449776	-6.389852	-2.549072	 0.547454
-2.500806	-7.562455	-0.648834	-0.867610	-2.993931	-0.700635	-1.044245	-0.611953	 0.475396	-6.340794	-2.538881	 0.545453
-2.441978	-7.344311	-0.646239	-0.677772	-2.980002	-0.697832	-1.040068	-0.562725	 0.487204	-6.303682	-2.528729	 0.543366
-2.407798	-7.220987	-0.643654	-0.582853	-3.467106	-0.695041	-1.035908	-0.537084	 0.493108	-5.772592	-2.518615	 0.541239
-2.385960	-7.145130	-0.641079	-0.535393	-3.702749	-0.692261	-1.031765	-0.523241	 0.496060	-5.496565	-2.508542	 0.539098
-2.370313	-7.093063	-0.638515	-0.511664	-3.812694	-0.689492	-1.027637	-0.515301	 0.497536	-5.348110	-2.498508	 0.536953
-2.857781	-7.552947	-0.635961	-0.499799	-3.359821	-0.686734	-1.023527	-0.510316	 0.498274	-5.763483	-2.488514	 0.534811
-3.094824	-7.766864	-0.633417	-0.493866	-3.127571	-0.683987	-1.019433	-0.506812	 0.498643	-5.958812	-2.478560	 0.532675
-3.206681	-7.357860	-0.630883	-0.490900	-3.005655	-0.681251	-1.015355	-0.504054	 0.498827	-6.044168	-2.468646	 0.030546
-3.255973	-7.139461	-0.628360	-0.489417	-2.938929	-0.678526	-1.011294	-0.501673	 0.498919	-6.074587	-2.458771	-0.220519
-3.274009	-7.516419	-0.625846	-0.488675	-3.399822	-0.675812	-1.007249	-0.500482	-0.001034	-6.077587	-1.948936	 0.153949
-3.276442	-7.689112	-0.623343	-0.488305	-3.622547	-0.673109	-1.003220	-0.499886	-0.250009	-6.066925	-1.691140	 0.340126
-3.271101	-7.259734	-0.620850	-0.488119	-3.226219	-0.670416	-0.999207	 0.000411	-0.374497	-5.549482	-2.059376	 0.432162
-3.261899	-7.031385	-0.618366	-0.488026	-3.022395	-0.667735	-0.995210	 0.249559	-0.436741	-5.280696	-2.238638	 0.477131
-3.250793	-6.903604	-0.615893	-0.487980	-2.914846	-0.665064	-0.991229	 0.374133	-0.467863	-5.136280	-2.323434	 0.498572
-2.738760	-6.826162	-0.613429	-0.987957	-3.355457	-0.662403	-0.987264	-0.063581	 0.016577	-5.054088	-2.361015	 0.508252
-2.478291	-6.773943	-0.610975	-1.234970	-3.568171	-0.659754	-0.983315	-0.281435	 0.257794	-5.003048	-2.375008	 0.512056
-2.343620	-6.734391	-0.608532	-0.855512	-3.166965	-0.657115	-0.979382	-0.390362	 0.378403	-4.967624	-1.877227	 0.512927
-2.271867	-6.701225	-0.606097	-0.665783	-2.960831	-0.654486	-0.975464	-0.444825	 0.438707	-4.940047	-1.625578	 0.512334
-2.731590	-6.671306	-0.603673	-1.070919	-3.352255	-0.651868	-0.971562	-0.472057	 0.468859	-5.416434	-1.997005	 0.511015
-2.955069	-6.643063	-0.601258	-1.270534	-3.540479	-0.649261	-0.967676	-0.485673	 0.483935	-5.642842	-2.177982	 0.509336
-2.560451	-6.615712	-0.598853	-0.867402	-3.127134	-0.646664	-0.963805	-0.492481	 0.491474	-5.244308	-1.763752	 0.507481
-2.358811	-6.588860	-0.596458	-0.665836	-2.915034	-0.644077	-0.959950	-0.495885	 0.495243	-5.035349	-1.553939	 0.505542
-2.253676	-6.562310	-0.594072	-0.565052	-2.803578	-0.641501	-0.956110	-0.497587	 0.497127	-4.921216	-1.446343	 0.503565
-2.696812	-6.535964	-0.591696	-0.514661	-3.242466	-0.638935	-0.952286	-0.498438	 0.498069	-5.354536	-1.889868	 0.501574
-2.912100	-6.509771	-0.589329	-0.489465	-3.454547	-0.636379	-0.948477	-0.498863	 0.498540	-5.559620	-2.106964	 0.500578
-2.513489	-6.483708	-0.586972	-0.976867	-3.053254	-0.633834	-0.944683	-0.499076	 0.498776	-5.150633	-2.210864	 0.500080
-2.309954	-6.457761	-0.584624	-1.217640	-2.847304	-0.631298	-0.940904	-0.499182	 0.498894	-4.936656	-2.258184	 0.499831
-2.203974	-6.431924	-0.582285	-0.835109	-3.239046	-0.628773	-0.937141	-0.499235	 0.498953	-4.820222	-2.277233	-0.000293
-2.146787	-6.406193	-0.579956	-0.643844	-3.427656	-0.626258	-0.933392	-0.499262	 0.498982	-4.752598	-2.282165	-0.249354
-2.114015	-6.380567	-0.577636	-1.048211	-3.014728	-0.623753	-0.929658	-0.499275	 0.498997	-4.709416	-1.780057	 0.126115
-2.093466	-6.355044	-0.575326	-1.247490	-2.803060	-0.621258	-0.925940	-0.499282	 0.499004	-4.678492	-1.526447	 0.312846
-2.079046	-6.329623	-0.573024	-1.344235	-2.692044	-0.618773	-0.922236	-0.499285	 0.499008	-4.653735	-1.397096	 0.406212
-2.067707	-6.804304	-0.570732	-0.889726	-3.131374	-0.616298	-0.918547	 0.000713	 0.499010	-4.632099	-1.329886	 0.452895
-2.057925	-7.027087	-0.568449	-0.662472	-3.343897	-0.613833	-0.914873	 0.249711	 0.499011	-4.612059	-1.293755	 0.476236
-2.548937	-6.623979	-0.566176	-0.548845	-2.943046	-0.611377	-0.911213	 0.374210	 0.499011	-4.592856	-1.273174	 0.487907
-2.788363	-6.409983	-0.563911	-0.492031	-2.737536	-0.608932	-0.907569	 0.436459	 0.499011	-4.574107	-1.260379	 0.493742
-2.902021	-6.290593	-0.561655	-0.463624	-2.629717	-0.606496	-0.903938	 0.467584	 0.499011	-4.555622	-1.251486	 0.496660
-2.952818	-6.218555	-0.559409	-0.449421	-2.570764	-0.604070	-0.900323	 0.483146	 0.499012	-4.537305	-1.244554	 0.498119
-2.472210	-6.670244	-0.557171	-0.442319	-2.536263	-0.601654	-0.896721	-0.009073	 0.499012	-4.519108	-1.738613	 0.498848
-2.227923	-6.881844	-0.554942	-0.438768	-2.514010	-0.599247	-0.893134	-0.254179	 0.499012	-4.501008	-1.981177	 0.499213
-2.101812	-6.973457	-0.552723	-0.436993	-2.497899	-0.596850	-0.889562	-0.376733	 0.499012	-4.482992	-2.098012	 0.499395
-2.034805	-6.505134	-0.550512	-0.436105	-2.484881	-0.594463	-0.886004	 0.061991	 0.499012	-4.465054	-2.151999	-0.000513
-1.997366	-6.258898	-0.548310	-0.435661	-2.473428	-0.592085	-0.882460	 0.280351	 0.499012	-4.447191	-2.174581	-0.249467
-2.474726	-6.123755	-0.546116	-0.435439	-2.462777	-0.589717	-0.878930	-0.110469	 0.499012	-4.429401	-1.681478	 0.126056
-2.707502	-6.044207	-0.543932	-0.435328	-2.452548	-0.587358	-0.875414	-0.304877	 0.499012	-4.411683	-1.432549	 0.312815
-2.318010	-5.992503	-0.541756	-0.435273	-2.942548	-0.585008	-0.871912	-0.402080	 0.499012	-4.394036	-1.805718	 0.406194
-2.119407	-5.954769	-0.539589	-0.435245	-3.180683	-0.582668	-0.868425	-0.450682	 0.499012	-4.376459	-1.987944	 0.452884
-2.016263	-5.924069	-0.537431	-0.435231	-2.792913	-0.580338	-0.864951	-0.474983	 0.499012	-4.358953	-2.074717	 0.476228
-1.960865	-5.896931	-0.535281	-0.435224	-2.594218	-0.578016	-0.861491	-0.487133	 0.499012	-4.341517	-2.113781	 0.487901
-1.929356	-5.871623	-0.533140	-0.435221	-2.490079	-0.575704	-0.858045	-0.493209	 0.499012	-4.324151	-2.129007	 0.493737
-1.909805	-5.847277	-0.531007	-0.435219	-2.933238	-0.573401	-0.854613	-0.496246	 0.499012	-4.306855	-2.132331	 0.496655
-1.896249	-5.823457	-0.528883	-0.435218	-3.148065	-0.571108	-0.851195	-0.497765	 0.499012	-4.289627	-2.129722	 0.498114
-2.385706	-6.299949	-0.526768	-0.435218	-2.748752	-0.568823	-0.847790	-0.498524	 0.499012	-4.272469	-2.124163	 0.498844
-2.624684	-6.524641	-0.524661	-0.435217	-2.544397	-0.566548	-0.844399	-0.498904	 0.499012	-4.255379	-2.117147	 0.499208
-2.238446	-6.123489	-0.522562	-0.435217	-2.937539	-0.564282	-0.841021	-0.499094	 0.499012	-4.238357	-2.109418	 0.499391
-2.041622	-5.911468	-0.520472	-0.435217	-3.127449	-0.562025	-0.837657	-0.499189	 0.499012	-4.221404	-2.101351	 0.499482
-2.439521	-5.794059	-0.518390	-0.935217	-2.715769	-0.559777	-0.834306	-0.499236	 0.499012	-4.204518	-2.093130	 0.499528
-2.632795	-5.724001	-0.516316	-1.182347	-2.505321	-0.557538	-0.830969	-0.499260	 0.499012	-4.187700	-2.084850	 0.499550
-2.723780	-5.677664	-0.514251	-1.303053	-2.395508	-0.555307	-0.827645	-0.499272	 0.499012	-4.170950	-2.076557	 0.499562
-2.763643	-5.643233	-0.512194	-0.860558	-2.336029	-0.553086	-0.824335	-0.499278	 0.499012	-4.654266	-2.068274	 0.499567
-2.777968	-5.614800	-0.510145	-0.639311	-2.301737	-0.550874	-0.821037	-0.499281	 0.499012	-4.885649	-2.060013	 0.499570
-2.279545	-6.089410	-0.508105	-1.028687	-2.280056	-0.048670	-0.817753	-0.499282	-0.000988	-4.491106	-2.051778	 0.499572
-2.026772	-6.313588	-0.506072	-1.220539	-2.264699	 0.202431	-0.814482	-0.499283	-0.249986	-4.285642	-2.043574	 0.499572
-1.896837	-5.912601	-0.504048	-0.813640	-2.252521	-0.172018	-0.811224	 0.000716	 0.125515	-4.174749	-2.035401	 0.499573
-1.828336	-5.701084	-0.502032	-0.610191	-2.241952	-0.358149	-0.807979	 0.249715	 0.312263	-4.111175	-2.027260	 0.499573
-2.290566	-5.584347	-0.500024	-0.508466	-2.232205	-0.450127	-0.804747	 0.374214	 0.405637	-4.071293	-1.519152	-0.000427
-2.516175	-5.515043	-0.499020	-0.457604	-2.222886	-0.495031	-0.801528	 0.436464	 0.452324	-4.043289	-1.263075	-0.249426
-2.623496	-5.469499	-0.498518	-0.432173	-2.213800	-0.516403	-0.798322	 0.467588	 0.475668	-4.021256	-1.133023	-0.373926
-2.671695	-5.435880	-0.498267	-0.419457	-2.204847	-0.526014	-0.795129	-0.016849	 0.487340	-4.002242	-1.065991	-0.436175
-2.690355	-5.408265	-0.498141	-0.413099	-2.195979	-0.529748	-0.791948	-0.258065	 0.493176	-3.984768	-1.030477	-0.467300
-2.694267	-5.383697	-0.498078	-0.409921	-2.187171	-0.530548	-0.788781	 0.121327	 0.496094	-3.968096	-1.010730	 0.017137
-2.690826	-5.360694	-0.498047	-0.408331	-2.178410	-0.529885	-0.785626	 0.310021	 0.497552	-3.951858	-0.998875	 0.258353
-2.683731	-5.338518	-0.498031	-0.407536	-2.169690	-0.528496	-0.782483	 0.404368	 0.498282	-3.935867	-1.490973	 0.378961
-2.674830	-5.316797	-0.498023	-0.407139	-2.161008	-0.526747	-0.779353	 0.451542	 0.498647	-3.920032	-1.733056	 0.439265
-2.665048	-5.295346	-0.498020	-0.406940	-2.152363	-0.524822	-0.776236	-0.024871	 0.498829	-3.904306	-1.850147	 0.469417
-2.654846	-5.274073	-0.498018	-0.406841	-2.143752	-0.522814	-0.773131	-0.262075	 0.498920	-3.888666	-1.904758	 0.484493
-2.644456	-5.252931	-0.498017	-0.906791	-2.135177	-0.520768	-0.770038	 0.119323	 0.498966	-4.373100	-1.428145	 0.492031
-2.633993	-5.231896	-0.498016	-1.153953	-2.126636	-0.518708	-0.766958	 0.309020	 0.498989	-4.605602	-1.187935	 0.495800
-2.623514	-5.210957	-0.498016	-1.274732	-2.118129	-0.516645	-0.763890	 0.403869	 0.499000	-4.712177	-1.065935	 0.497684
-2.613049	-5.690107	-0.498016	-0.832330	-2.109657	-0.514584	-0.760835	-0.048707	 0.499006	-4.255827	-1.003047	 0.498626
-2.602611	-5.917344	-0.498016	-0.611129	-2.101218	-0.512528	-0.757791	-0.273992	 0.499009	-4.020053	-0.969723	 0.499097
-2.592208	-5.518673	-0.498016	-1.000529	-2.092813	-0.510480	-0.754760	 0.113366	 0.499010	-3.894597	-0.951188	 0.499333
-2.581843	-5.309098	-0.498016	-1.192449	-2.084442	-0.508438	-0.751741	 0.306043	 0.499011	-3.824331	-0.940055	 0.499451
-2.571517	-5.194111	-0.498016	-0.785640	-2.076104	-0.506405	-0.748734	-0.097619	 0.499011	-3.781690	-0.932631	 0.499510
-2.561232	-5.126460	-0.498016	-0.582235	-2.067800	-0.504380	-0.745739	-0.298447	 0.499011	-3.752891	-0.927068	 0.499539
-2.050987	-5.082516	-0.498016	-0.980533	-2.059529	-0.502362	-0.742756	 0.101139	 0.499011	-4.231044	-0.922444	 0.499554
-1.792784	-5.050467	-0.498016	-1.176924	-2.051291	-0.500353	-0.739785	 0.299931	 0.499011	-4.460701	-0.918296	 0.499561
-1.660613	-5.024406	-0.498016	-1.272373	-2.043085	-0.499348	-0.736826	 0.399326	 0.499011	-4.566150	-0.914394	 0.499565
-2.091470	-5.001379	-0.498016	-0.817362	-2.034913	-0.498846	-0.733879	-0.050976	 0.499011	-4.109531	-1.410622	 0.499567
-2.301854	-4.979908	-0.498016	-0.589857	-2.026773	-0.498594	-0.730943	-0.275124	 0.499011	-3.873915	-1.654922	 0.499568
-2.402022	-4.959256	-0.498016	-0.476104	-2.018666	-0.498469	-0.728020	 0.112802	 0.499011	-3.748831	-1.273274	 0.499568
-2.447101	-4.939053	-0.498016	-0.419228	-2.010592	-0.498406	-0.725107	 0.305763	 0.499011	-3.679041	-1.080667	 0.499568
-1.964657	-4.919114	-0.498016	-0.390789	-2.002549	-0.498375	-0.722207	 0.402244	 0.499011	-3.636928	-0.982587	 0.499568
-1.720470	-4.899346	-0.498016	-0.376570	-1.994539	-0.498359	-0.719318	 0.450484	 0.499011	-3.608682	-0.931778	 0.499568
-2.095424	-4.879703	-0.498016	-0.369461	-1.986561	-0.498351	-0.716441	 0.474604	 0.499011	-3.587398	-0.904611	 0.499569
-2.277960	-4.860161	-0.498016	-0.365906	-1.978615	-0.498347	-0.713575	 0.486664	 0.499011	-3.569623	-0.889273	 0.499569
-2.364308	-4.840709	-0.498016	-0.364129	-1.970700	-0.498345	-0.710721	 0.492694	 0.499011	-3.553633	-0.879856	 0.499569
-2.402580	-5.321340	-0.498016	-0.363240	-1.962817	-0.498344	-0.707878	-0.004291	 0.499011	-3.538562	-0.873407	 0.499569
-2.416834	-5.550052	-0.498016	-0.362795	-1.954966	-0.498344	-0.705046	-0.251781	 0.499011	-3.523980	-0.868448	 0.499569
-1.919099	-5.152850	-0.498016	-0.362573	-1.947146	-0.498344	-0.702226	 0.124475	 0.499011	-3.509670	-0.864242	 0.499569
-1.667389	-4.944738	-0.498016	-0.362462	-1.939358	-0.498343	-0.699417	 0.311601	 0.499011	-3.495524	-0.860419	 0.499569
-2.038703	-4.831209	-0.498016	-0.362407	-1.931600	-0.498343	-0.696620	 0.405164	 0.499011	-3.481488	-0.856794	 0.499569
-2.219539	-4.765009	-0.498016	-0.362379	-1.923874	-0.498343	-0.693833	 0.451945	 0.499011	-3.467536	-0.853275	 0.499569
-2.305157	-4.722511	-0.498016	-0.362365	-2.416178	-0.498343	-0.691058	 0.475336	 0.499011	-3.453652	-0.849817	 0.499569
-2.343184	-4.691902	-0.498016	-0.362358	-2.656514	-0.498343	-0.688294	 0.487031	 0.499011	-3.439831	-0.846394	 0.499569
-2.357435	-4.667275	-0.498016	-0.362355	-2.770888	-0.498343	-0.685541	 0.492879	 0.499011	-3.426068	-0.842997	 0.499569
-1.859818	-4.645677	-0.498016	-0.362353	-2.322304	-0.498343	-0.682798	-0.004197	 0.499011	-3.412362	-0.839620	 0.499569
-1.608284	-4.625629	-0.498016	-0.362352	-2.094265	-0.498343	-0.680067	-0.251733	 0.499011	-3.398712	-0.836258	 0.499569
-1.979804	-5.606394	-0.498016	-0.362352	-1.976513	-0.498343	-0.677347	-0.375501	 0.499011	-3.385117	-1.332912	 0.499569
-2.160861	-6.083602	-0.498016	-0.362351	-1.913919	-0.498343	-0.674637	-0.437384	 0.499011	-3.371576	-1.577580	 0.499569
-1.746706	-5.309085	-0.498016	-0.862351	-2.378920	-0.498343	-0.671939	 0.031674	 0.499011	-3.858089	-1.196269	 0.499569
-1.536964	-4.912757	-0.498016	-1.109626	-2.605732	-0.498343	-0.669251	 0.265201	 0.499011	-4.092657	-1.003984	 0.499569
-1.429438	-4.705560	-0.498016	-0.730550	-2.213473	-0.498343	-0.666574	-0.118035	 0.499011	-3.701286	-1.406218	 0.499569
-1.373031	-4.592965	-0.498016	-0.541012	-2.013702	-0.498343	-0.663908	-0.308651	 0.499011	-3.498981	-1.603718	 0.499569
-1.342194	-4.527707	-0.498016	-0.446243	-1.910188	-0.498343	-0.661252	-0.403958	 0.499011	-3.391235	-1.698865	 0.499569
-1.824153	-4.986153	-0.498016	-0.398859	-2.354817	-0.498343	-0.658607	 0.048388	 0.499011	-3.330795	-1.242851	 0.499569
-2.060521	-5.204486	-0.498016	-0.375166	-2.571533	-0.498343	-0.655973	 0.273559	 0.499011	-3.294035	-1.013270	 0.499569
-2.174111	-5.302808	-0.498016	-0.363320	-2.674315	-0.498343	-0.653349	-0.113855	 0.499011	-3.769140	-0.896912	 0.499569
-2.226330	-5.341166	-0.498016	-0.357397	-2.720152	-0.498343	-0.650736	-0.306559	 0.499011	-3.998204	-0.837172	 0.499569
-2.247883	-4.849586	-0.498016	-0.354436	-2.237538	-0.498343	-0.648133	 0.097088	 0.499011	-3.604281	-0.805748	 0.499569
-2.254120	-4.595080	-0.498016	-0.352955	-1.992721	-0.498343	-0.645540	 0.297911	 0.499011	-3.400899	-0.788487	 0.499569
-1.752718	-4.959146	-0.498016	-0.352214	-1.866817	-0.498343	-0.642958	 0.398322	 0.499011	-3.292813	-0.778314	 0.499569
-1.499515	-5.130533	-0.498016	-0.351844	-1.800383	-0.498343	-0.640386	 0.448527	 0.499011	-3.232401	-0.771691	 0.499569
-1.370420	-5.205622	-0.498016	-0.351659	-1.763698	-0.498343	-0.637825	 0.473630	 0.499011	-3.195851	-0.766849	 0.499569
-1.303390	-4.732605	-0.498016	-0.351567	-1.741902	-0.498343	-0.635273	-0.013818	 0.499011	-3.171257	-0.762904	 0.499569
-1.267403	-4.487578	-0.498016	-0.351520	-1.727563	-0.498343	-0.632732	-0.256540	 0.499011	-3.152667	-0.759414	 0.499569
-1.746946	-4.356579	-0.498016	-0.351497	-1.716968	-0.498343	-0.630201	 0.122099	 0.499011	-3.137104	-0.756157	 0.499569
-1.982265	-4.282628	-0.498016	-0.351486	-1.708257	-0.498343	-0.627680	 0.310417	 0.499011	-3.123079	-0.753023	 0.499569
-1.595489	-4.737236	-0.498016	-0.351480	-1.700503	-0.498343	-0.625170	-0.095424	 0.499011	-3.109848	-0.749956	 0.499569
-1.399684	-4.954156	-0.498016	-0.351477	-1.693240	-0.498343	-0.622669	-0.297342	 0.499011	-3.097040	-0.746929	 0.499569
-1.799373	-4.552274	-0.498016	-0.351476	-2.186237	-0.498343	-0.620178	-0.398301	 0.499011	-3.084467	-0.743927	 0.499569
-1.994820	-4.343032	-0.498016	-0.351475	-2.427377	-0.498343	-0.617698	-0.448780	 0.499011	-3.072037	-0.740945	 0.499569
-2.088163	-4.230143	-0.498016	-0.351474	-2.542609	-0.498343	-0.615227	-0.474020	 0.499011	-3.059703	-0.737977	 0.499569
-1.630471	-4.165464	-0.498016	-0.351474	-2.094910	-0.498343	-0.612766	 0.013360	 0.999011	-3.047441	-0.735024	 0.499569
-1.399280	-4.124923	-0.498016	-0.351474	-1.867766	-0.498343	-0.610315	 0.256049	 1.246013	-3.035240	-0.732083	 0.499569
-1.281348	-4.096484	-0.498016	-0.351474	-1.750913	-0.498343	-0.607874	 0.377393	 0.866528	-3.023093	-0.729154	 0.499569
-1.220055	-4.074128	-0.498016	-0.351474	-1.689218	-0.498343	-0.605442	 0.438065	 0.676786	-3.010998	-0.726237	 0.499569
-1.187091	-5.054847	-0.498016	-0.351474	-1.655116	-0.498343	-0.603020	 0.468401	 0.581915	-2.998952	-0.723332	 0.499569
-1.168301	-5.533135	-0.498016	-0.351474	-1.634823	-0.498343	-0.600608	 0.483569	 0.534479	-2.986956	-0.720439	 0.499569
-1.156607	-4.760256	-0.498016	-0.851474	-1.621447	-0.498343	-0.598206	 0.491153	 0.510761	-2.975008	-0.717557	 0.499569
-1.148470	-4.365842	-0.498016	-1.098771	-1.611543	-0.498343	-0.595813	 0.494945	 0.498902	-2.963107	-0.714687	 0.499569
-1.142121	-4.160692	-0.498016	-1.219728	-1.603388	-0.498343	-0.593430	 0.496841	 0.492973	-2.951255	-0.711828	 0.499569
-1.136675	-4.050206	-0.498016	-0.777524	-1.596120	-0.498343	-0.591056	 0.497789	 0.490008	-2.939450	-0.708981	 0.499569
-1.131689	-3.987084	-0.498016	-0.556423	-1.589308	-0.498343	-0.588692	 0.498263	 0.488526	-2.927692	-0.706145	 0.499569
-1.626943	-3.947675	-0.498016	-0.445872	-1.582737	-0.498343	-0.586337	 0.498500	 0.487785	-2.915981	-1.203320	 0.499569
-1.870325	-3.920154	-0.498016	-0.390597	-1.576299	-0.498343	-0.583992	 0.498619	 0.487414	-2.904317	-1.448507	 0.499569
-1.487789	-3.898608	-0.498016	-0.362959	-1.569941	 0.001657	-0.581656	 0.498678	 0.487229	-2.892700	-1.067713	 0.499569
-1.294311	-3.880081	-0.498016	-0.349140	-1.563634	 0.250653	-0.579329	 0.498708	 0.487136	-2.881129	-0.875942	 0.499569
-1.695370	-3.863094	-0.498016	-0.342231	-1.557366	-0.124848	-0.077012	 0.498722	 0.487090	-2.869605	-0.778688	 0.499569
-1.891706	-3.846909	-0.498016	-0.338776	-1.551130	-0.311598	 0.174147	 0.498730	 0.487067	-2.858126	-0.728699	 0.499569
-1.985699	-3.831154	-0.498016	-0.337049	-1.544922	-0.404973	 0.299726	 0.498734	 0.487055	-2.846694	-0.702346	 0.499569
-1.528535	-3.815647	-0.498016	-0.336185	-1.538741	-0.451661	-0.137484	 0.498735	 0.487049	-2.835307	-0.687818	 0.499569
-1.297811	-3.800292	-0.498016	-0.335753	-1.532585	-0.475005	-0.354940	 0.498736	 0.487046	-2.823966	-0.679208	 0.499569
-1.180315	-4.785045	-0.498016	-0.335537	-1.526454	-0.486677	-0.462523	-0.001263	 0.487045	-2.812670	-0.673561	 0.499569
-1.119441	-5.265882	-0.498016	-0.335429	-1.520348	-0.492513	-0.515174	-0.250260	 0.487044	-2.801419	-0.669402	 0.499569
-1.086887	-4.494807	-0.498016	-0.335375	-1.514267	 0.004569	-0.540364	 0.125241	 0.487044	-2.790213	-0.665992	 0.499569
