-0.851053	-4.104075	-0.916433	-0.498458	-3.363443	-0.389497	-2.322218	-0.468739	 0.499278	-3.658304	-1.050092	 0.499190
-0.847649	-4.087635	-1.163593	-0.498458	-3.349989	-0.389496	-2.312929	-0.468739	 0.499278	-3.585070	-1.045892	 0.499190
-0.844258	-4.071273	-1.284352	-0.498458	-3.336589	-0.389496	-2.303677	-0.468739	 0.499278	-3.541430	-1.041708	 0.499190
-0.840881	-3.554983	-0.841921	-0.498458	-3.323243	-0.389496	-2.294463	-0.468739	 0.499278	-3.512614	-1.037541	 0.499190
-0.837517	-3.290760	-0.620706	-0.498458	-3.309950	-0.389496	-2.285285	-0.468739	 0.499278	-3.491238	-1.033391	 0.499190
-0.834167	-3.652595	-0.510098	-0.498458	-3.296710	-0.389496	-2.276144	 0.031261	 0.499278	-3.473611	-1.029258	 0.499190
-0.830831	-3.825484	-0.454794	-0.498458	-3.283523	-0.389496	-2.267039	 0.280198	 0.499278	-3.457885	-1.025141	 0.499190
-0.827507	-3.403932	-0.427142	-0.998458	-3.270389	-0.389496	-2.257971	-0.096391	 0.499278	-3.443138	-1.021040	 0.499190
-0.824197	-3.187191	-0.413316	-1.245461	-3.257308	-0.389496	-2.248939	-0.284686	 0.499278	-3.428908	-1.016956	 0.499190
-0.820900	-3.572880	-0.406403	-1.365978	-3.244279	-0.389496	-2.739943	-0.378834	 0.499278	-3.414963	-1.012888	 0.499190
-0.817617	-3.757807	-0.402947	-1.423263	-3.231301	-0.389496	-2.978983	-0.425907	 0.499278	-3.401189	-1.008836	 0.499190
-0.814346	-3.842385	-0.401218	-1.448945	-3.218376	-0.389496	-3.092067	-0.449444	 0.499278	-3.387527	-1.004801	 0.499190
-0.811089	-3.376820	-0.400354	-0.958836	-3.205503	-0.389496	-3.142199	-0.461213	 0.499278	-3.373948	-1.000782	 0.499190
-0.807845	-3.138215	-0.399922	-0.713782	-3.192681	-0.389496	-3.160880	-0.467097	 0.499278	-3.360438	-0.996779	 0.499190
-0.804613	-3.513113	-0.399706	-0.591255	-3.179910	-0.389496	-2.663862	-0.470039	 0.499278	-3.346989	-0.992792	 0.499190
-0.801395	-3.692787	-0.399598	-0.529991	-3.167190	-0.389496	-2.411019	-0.471510	 0.499278	-3.333598	-0.988820	 0.499190
-0.798189	-3.274878	-0.399544	-0.499360	-3.154522	-0.389496	-2.280281	-0.472245	 0.499278	-3.320261	-0.984865	 0.499190
-0.794996	-3.060210	-0.399517	-0.484044	-3.141904	-0.389496	-2.210613	-0.472613	 0.499278	-3.306979	-0.980926	 0.499190
-0.791817	-3.447185	-0.399504	-0.476386	-3.129336	-0.389496	-2.171497	 0.027203	 0.499278	-3.293751	-0.977002	 0.499190
-0.788649	-3.633004	-0.399497	-0.472557	-3.116819	-0.389496	-2.147675	 0.276057	 0.499278	-3.280576	-0.973094	 0.499190
-0.785495	-3.718276	-0.399494	-0.470642	-3.104351	-0.389496	-2.131515	 0.399434	 0.499278	-3.267453	-0.969202	 0.499190
-0.782353	-3.753305	-0.399492	-0.469685	-2.591934	-0.389496	-2.119205	-0.039923	 0.499278	-3.254384	-0.965325	 0.999190
-0.779223	-3.763243	-0.399491	-0.469206	-2.331566	-0.389496	-2.108836	-0.259601	 0.499278	-3.241366	-0.961464	 1.246191
-0.776106	-3.260665	-0.399491	-0.468967	-2.697240	-0.389496	-2.099455	 0.130559	 0.499278	-3.228400	-0.957618	 0.866706
-0.773002	-3.003860	-0.399490	-0.468847	-2.873951	-0.389496	-2.090584	 0.324598	 0.499278	-3.215487	-0.953787	 0.676963
-0.769910	-2.869964	-0.399490	-0.468788	-2.956205	-0.389496	-2.081985	-0.079420	 0.499278	-3.202625	-0.949972	 1.082092
-0.766830	-2.797543	-0.399490	-0.468758	-2.991255	-0.389496	-2.073539	-0.281428	 0.499278	-3.189814	-0.946172	 1.281681
-0.763763	-2.755883	-0.399490	-0.468743	-3.002728	-0.389496	-2.065186	 0.117567	 0.499278	-3.177055	-0.942388	 1.378514
-0.760708	-2.729624	-0.399490	-0.468735	-3.002436	-0.389496	-2.056895	 0.316032	 0.499278	-3.164347	-0.938618	 1.423979
-0.757665	-2.711088	-0.399490	-0.468732	-2.996285	-0.389496	-2.048653	 0.414235	 0.499278	-3.151690	-0.934863	 1.443773
-0.754634	-2.696435	-0.399490	-0.468730	-2.487230	-0.389496	-2.040451	 0.462312	 0.499278	-3.139083	-0.431124	 1.450743
-0.751616	-2.683745	-0.399490	-0.468729	-2.228746	-0.389496	-2.032286	 0.485329	 0.499278	-3.126526	-0.179254	 1.451312
-0.748609	-2.672058	-0.399490	-0.468728	-2.595563	-0.389496	-2.024155	 0.495822	 0.499278	-3.614020	-0.553319	 0.948693
-0.745615	-2.660893	-0.399490	-0.468728	-2.773047	-0.389496	-2.016057	 0.500055	 0.499278	-3.849564	-0.738497	 0.697384
-0.742633	-3.150012	-0.899490	-0.468728	-2.855888	-0.389496	-2.007992	 0.501163	 0.499278	-3.459166	-0.829239	 0.571729
-0.739662	-3.387293	-1.146691	-0.468728	-2.891431	-0.389496	-1.999960	 0.500713	 0.499278	-3.257829	-0.872770	 0.508902
-0.736703	-3.498684	-0.767504	-0.468728	-2.903349	-0.389496	-1.991960	-0.000513	 0.499278	-3.151048	-0.892702	 0.477488
-0.733757	-3.547159	-0.577910	-0.468728	-2.903477	-0.389496	-1.983992	-0.250122	 0.499278	-3.091569	-0.900844	 0.461781
-0.730822	-3.564206	-0.483113	-0.468728	-2.897734	-0.389496	-1.976056	-0.374927	 0.499278	-3.055765	-0.903096	 0.453928
-0.727898	-3.065567	-0.435715	-0.468728	-2.889078	-0.389496	-1.968152	-0.437330	 0.499278	-3.031823	-0.902412	 0.450001
-0.724987	-2.811113	-0.412016	-0.468728	-2.878990	-0.389496	-1.960279	-0.468531	 0.499278	-3.013837	-0.900266	 0.448038
-0.722087	-3.178773	-0.400166	-0.468728	-2.868207	-0.389496	-1.952438	 0.015869	 0.499278	-2.998852	-0.897397	 0.447056
-0.719198	-3.355510	-0.394241	-0.468728	-2.857102	-0.389496	-1.944629	 0.257068	 0.499278	-2.985391	-0.894173	 0.446565
-0.716322	-2.936814	-0.391279	-0.468728	-2.345857	-0.389496	-1.436850	 0.377667	 0.499278	-2.472717	-0.390780	 1.446320
-0.713456	-2.722430	-0.389798	-0.468728	-2.086565	-0.389496	-1.181103	 0.437967	 0.499278	-2.212460	-0.139083	 1.941305
-0.710602	-2.110222	-0.389057	 0.531272	-1.453265	 0.110504	-0.051378	 0.968117	 1.499278	-1.578427	 0.486766	 2.183925
-0.707760	-1.801122	-0.388687	 1.028210	-1.134974	 0.359283	 0.511327	 1.230196	 1.994280	-1.259522	 0.797465	 2.300382
-0.704929	-1.643588	-0.388502	 1.273628	-0.974196	 0.482456	 0.790532	 1.358250	 2.236802	-1.098188	 0.950598	 2.353777
-0.202109	-1.061848	 0.111591	 1.393299	 0.607820	 1.042832	 1.927995	 2.419305	 2.853104	 0.484352	 1.524957	 2.875660
 0.049301	-0.770979	 0.360414	 1.450109	 1.394448	 1.319813	 2.490595	 2.942872	 3.154317	 1.271489	 1.807938	 3.129806
 1.675006	 4.374456	 1.483607	 1.975500	 5.783400	 1.955110	 6.265789	 3.197722	 3.298012	 6.660940	 2.945246	 2.750111
 2.481257	 6.928134	 2.039990	 2.233194	 7.957532	 2.267578	 8.133304	 3.318242	 3.362976	 9.331565	 3.505736	 2.555523
 3.377807	 10.686009	 2.312988	 2.857059	 11.524334	 2.418651	 11.047060	 3.371625	 1.888602	 16.142873	 4.277848	 1.453507
 3.817534	 12.536059	 2.444316	 3.162029	 13.277553	 2.489049	 12.476016	 3.391466	 1.151415	 19.502618	 4.653804	 0.902499
 4.528882	 17.432311	 2.004828	 2.807581	 17.624101	 2.519129	 15.162685	 2.394564	-0.217178	 24.636766	 5.331722	-1.373005
 4.874076	 19.835780	 1.781954	 2.625450	 19.753433	 2.529070	 16.470320	 1.893318	-0.898303	 27.144299	 5.658662	-2.503460
 5.036235	 20.993037	 1.667398	 2.529498	 20.774334	 2.528963	 17.088582	 1.639910	-1.235707	 28.338761	 5.810161	-3.061419
 5.106917	 25.027364	 1.607015	 2.476655	 23.741194	 2.523852	 18.862299	 1.510434	-1.401263	 30.876926	 6.373987	-3.833160
 5.131903	 26.986404	 1.573730	 2.445386	 25.171208	 2.516258	 19.707885	 1.442933	-1.480907	 32.079178	 6.642025	-4.209821
 5.134082	 29.908034	 1.554006	 2.424923	 27.333013	 2.507444	 20.589572	 1.906432	-2.017608	 34.113741	 7.262223	-4.388979
 5.124899	 31.303189	 1.541076	 2.409883	 28.354925	 2.498040	 20.987472	 2.133442	-2.280850	 35.058726	 7.556558	-4.469421
 5.110077	 32.435370	 1.531555	 2.397573	 28.807128	 2.488361	 21.143652	 2.242226	-2.407383	 34.959211	 7.688023	-4.500542
 5.092475	 32.934325	 1.523750	 2.386647	 28.974710	 2.478564	 21.179142	 2.291916	-2.465581	 34.839735	 7.738117	-4.507040
 5.573524	 33.116936	 1.516816	 2.376433	 29.000217	 2.468728	 21.154458	 1.812078	-2.489633	 34.710556	 7.747587	-4.501261
 5.801939	 33.141643	 1.510329	 2.366594	 28.954919	 2.458892	 21.099856	 1.569494	-2.496631	 34.576803	 7.736808	-4.489381
 5.404086	 33.087663	 1.504078	 2.356960	 28.874451	 2.449076	 21.030465	 1.445548	-2.495123	 34.441041	 7.715967	-4.474486
 5.195147	 32.994606	 1.497957	 2.347449	 28.776629	 2.439289	 20.953847	 1.380932	-2.489382	 34.304550	 7.690156	-4.458120
 5.080706	 32.882275	 1.491912	 2.338018	 28.670360	 2.429537	 20.873784	 1.345992	-2.481544	 34.167968	 7.661922	-4.441053
 5.013552	 32.760569	 1.485918	 2.328645	 28.560098	 2.419821	 20.792165	 1.825899	-2.472678	 34.031614	 7.632537	-4.423671
 4.970083	 32.634438	 1.479962	 2.319320	 28.448067	 2.410143	 20.709934	 2.061241	-2.463317	 33.895646	 7.602639	-4.406168
 4.938495	 32.506357	 1.474035	 2.310037	 28.335379	 2.400503	 20.627563	 1.674319	-2.453729	 33.760143	 7.572544	-4.388639
 4.912887	 32.377559	 1.468136	 2.300794	 28.222590	 2.390902	 20.545288	 1.478284	-2.444046	 33.625143	 7.542412	-4.371132
 4.890308	 32.248663	 1.462262	 2.291590	 28.109976	 2.381338	 19.963224	 1.877701	-2.434336	 33.490662	 7.512321	-4.353672
 4.869284	 32.119975	 1.456412	 2.282423	 27.997674	 2.371813	 19.633429	 2.072856	-2.424632	 33.356709	 7.482311	-4.336269
 4.849075	 31.991649	 1.450586	 2.273293	 27.885752	 2.362326	 19.929925	 2.165897	-2.414950	 33.223287	 7.452402	-4.318930
 4.829313	 31.863759	 1.444783	 2.264200	 27.774244	 2.352876	 20.037720	 2.207900	-2.405299	 33.090397	 7.422602	-4.301657
 4.809812	 31.736342	 1.439004	 2.255143	 27.663164	 2.343465	 20.051326	 2.224401	-2.395682	 32.958036	 7.392917	-4.284452
 5.290482	 31.609416	 1.433248	 2.246122	 27.552520	 2.334091	 20.018000	 2.228170	-2.386101	 32.326205	 7.363347	-4.267315
 5.519274	 31.482988	 1.427515	 2.237138	 27.442314	 2.324755	 19.961367	 2.225591	-2.376557	 31.946900	 7.333895	-4.250246
 5.122174	 31.357061	 1.421805	 1.728189	 27.332547	 2.315456	 19.893241	 2.219855	-1.867052	 31.694113	 7.304560	-4.233245
 4.914174	 31.231635	 1.416117	 1.471276	 27.223218	 2.306194	 19.819528	 2.212559	-1.609584	 31.504836	 7.275342	-4.216312
 5.300762	 30.606710	 1.410453	 1.840391	 27.114326	 2.296969	 19.743180	 2.204501	-1.978146	 31.347567	 7.246241	-4.199447
 5.482681	 30.234283	 1.404811	 2.020530	 27.005869	 2.287781	 19.665672	 2.196078	-2.157733	 31.206552	 7.217256	-4.182649
 5.062311	 30.488346	 1.399192	 2.106198	 26.897845	 2.278630	 19.587742	 2.187492	-1.742852	 31.073913	 7.188387	-4.165919
 4.842842	 30.553893	 1.393595	 2.144648	 26.790254	 2.269516	 19.509757	 2.178841	-1.532756	 30.945711	 7.159634	-4.149255
 4.723861	 30.525428	 1.388021	 2.159507	 26.683093	 2.260438	 19.431901	 2.170175	-1.425062	 30.819975	 7.130995	-4.132658
 5.155161	 29.950201	 1.382469	 2.162587	 26.576361	 2.251396	 19.354265	 2.161519	-1.868581	 31.195719	 7.102471	-4.116128
 5.359638	 29.603838	 1.376939	 2.159796	 26.470055	 2.242390	 19.276894	 2.152885	-2.085716	 31.320448	 7.074061	-4.099663
 5.450748	 29.872141	 0.871431	 2.154087	 26.364175	 2.233421	 18.699809	 2.144280	-1.689678	 30.819922	 7.045765	-4.083264
 5.485219	 29.946012	 0.618677	 2.146935	 26.258718	 2.224487	 18.375022	 2.135706	-1.489071	 30.509020	 7.017582	-4.066931
 5.491416	 29.922908	 0.992300	 2.139080	 26.153683	 2.215589	 18.676527	 2.127165	-1.886191	 30.793173	 6.989512	-4.050664
 5.483519	 29.851556	 1.176380	 2.130890	 26.049069	 2.206727	 18.789324	 2.118657	-2.080185	 30.873095	 6.961554	-4.034461
 5.468619	 29.256320	 1.265699	 1.622550	 25.944872	 2.197900	 18.807918	 2.110183	-2.172633	 30.851150	 6.933707	-4.018323
 5.450262	 28.901379	 1.307648	 1.366151	 25.841093	 2.189108	 18.779562	 2.101742	-2.214327	 30.778519	 6.905973	-4.002250
 5.430219	 28.666816	 1.325924	 1.235732	 25.737729	 2.180352	 18.727882	 2.093335	-2.230662	 30.680791	 6.878349	-3.986241
 5.409377	 28.992670	 1.332373	 1.668312	 25.634778	 2.171630	 18.664689	 2.084962	-1.734335	 30.570762	 6.850835	-3.970296
 5.388180	 29.096960	 1.332920	 1.880400	 25.532239	 2.162944	 18.595890	 2.076622	-1.483696	 30.454825	 6.823432	-3.954415
 4.866847	 29.090703	 1.330527	 1.982259	 25.430110	 2.154292	 18.524436	 1.568316	-1.355910	 29.836179	 6.796138	-3.438597
 4.597489	 29.029405	 1.326674	 2.029021	 25.328389	 2.145675	 18.451803	 1.312042	-1.289561	 29.468421	 6.768954	-3.174843
 4.454154	 26.940820	 1.322102	 2.048250	 23.227076	 2.137092	 16.378728	 1.681794	-1.253940	 25.226341	 6.241878	-1.537143
 4.373865	 25.846823	 1.317181	 2.053729	 22.134167	 2.128544	 15.313580	 1.862567	-1.233693	 23.063332	 5.966910	-0.718294
 4.325133	 20.250319	 1.312095	 2.052351	 17.545631	 1.620030	 12.252508	 2.448867	 0.278857	 16.440027	 4.818043	 1.191131
 4.292215	 17.422759	 1.306939	 2.047559	 15.225448	 1.363549	 10.703590	 2.735946	 1.031550	 13.108741	 4.236270	 2.139643
 4.267237	 15.979789	 1.301757	 2.041078	 14.039546	 1.233095	 9.910821	 2.873440	 1.404328	 11.423543	 3.938075	 2.607722
 3.746263	 10.729230	 1.796573	 2.033769	 8.920888	 1.665663	 8.496201	 2.436165	 2.087162	 7.561468	 3.281698	 2.835610
 3.479326	 8.092993	 2.039398	 2.026061	 6.353955	 1.877750	 7.774728	 2.213530	 2.423040	 5.623031	 2.948259	 2.943427
 1.839433	 1.763961	 1.656246	 1.518170	 1.562914	 1.479614	 2.899884	 2.098230	 2.085460	-0.353556	 1.276310	 2.991233
 1.019486	-1.391424	 1.462124	 1.262204	-0.826150	 1.278383	 0.466413	 2.036615	 1.913175	-3.329190	 0.440335	 3.009058
 0.609512	-4.460024	 0.862527	 1.132209	-3.014252	 0.675614	-1.246389	 1.501857	 1.823551	-5.304397	 0.022348	 3.011917
 0.404526	-5.979266	 0.562729	 1.065207	-4.097898	 0.374229	-2.096871	 1.232544	 1.775271	-6.277441	-0.186646	 3.007317
-0.197968	-6.723890	 0.412829	 1.029709	-5.129358	 0.223536	-3.516218	 0.595961	 1.247677	-7.249462	-0.291143	 2.499011
-0.497613	-7.081265	 0.337880	 1.009972	-5.632766	 0.148190	-4.216020	 0.277669	 0.982439	-7.719030	-0.343391	 2.240877
-0.645842	-7.245076	 0.300405	 0.998123	-5.872198	 0.110517	-4.556090	 0.118524	 0.848386	-7.937437	-0.369516	 2.107844
-0.718368	-7.312163	-0.218332	 0.490226	-6.479691	 0.091680	-4.716332	 0.038951	 0.779931	-8.030328	-0.382578	 2.037378
-0.753049	-7.330948	-0.476227	 0.236277	-6.769263	 0.082262	-4.786700	-0.000836	 0.744281	-8.060528	-0.389109	 1.998212
-1.268814	-7.825641	-0.603706	 0.109303	-6.899931	-0.422447	-4.812170	-0.020729	 0.725038	-8.059446	-0.392374	 1.974710
-1.523128	-8.056347	-0.665983	 0.045816	-6.951204	-0.672947	-4.815230	-0.030676	 0.714005	-8.042788	-0.394007	 1.959057
-1.146729	-8.155126	-0.695665	 0.014072	-7.462836	-0.796351	-5.307123	-0.535649	 0.707083	-8.518407	-0.894823	 1.947344
-0.956990	-8.188008	-0.709056	-0.001799	-7.702703	-0.856213	-5.541471	-0.786054	 0.702221	-8.738229	-1.142440	 1.937616
-0.860585	-8.688007	-0.714306	-0.509735	-7.806751	-0.884312	-5.647094	-0.909184	 0.198396	-9.330223	-1.263469	 1.928896
-0.810855	-8.919630	-0.715492	-0.761668	-7.842953	-0.896536	-5.688400	-0.968684	-0.053517	-9.606376	-1.321214	 1.920696
-0.784467	-9.017139	-0.714652	-0.885607	-7.845296	-0.900831	-5.697594	-0.996378	-0.179473	-9.724688	-1.347328	 1.912771
-1.269757	-9.047665	-0.712804	-0.445557	-7.830773	-0.901168	-5.690777	-1.508177	-0.242451	-9.764157	-1.857639	 1.404998
-1.508892	-9.044771	-0.710458	-0.225533	-7.807878	-0.899534	-5.676000	-1.760036	-0.273940	-9.764285	-2.108058	 1.149318
-1.624964	-9.025240	-0.707869	-0.615520	-7.780861	-0.896921	-5.657290	-1.881942	-0.289685	-10.244820	-2.228551	 1.019690
-1.679517	-8.997464	-0.705164	-0.808503	-7.751845	-0.893826	-5.636657	-1.938887	-0.297557	-10.463637	-2.284099	 0.953096
-1.703326	-8.965636	-0.702406	-0.902991	-8.221891	-0.890497	-5.615109	-1.463368	-0.301493	-10.051680	-2.307194	 0.918026
-1.711776	-8.931854	-0.699628	-0.948241	-8.439530	-0.887058	-5.593148	-1.223633	-0.303461	-9.826422	-2.314081	 0.898725
-1.712561	-8.897167	-0.696845	-0.968878	-8.031035	-1.383571	-5.571025	-1.101798	-0.304446	-9.694591	-2.312882	 0.887316
-1.709526	-8.862099	-0.694066	-0.977218	-7.811543	-1.628068	-5.548865	-1.038920	-0.304938	-9.609550	-2.307660	 0.879860
-1.704596	-8.826911	-0.691294	-0.979417	-7.686613	-1.746571	-5.526732	-1.005529	-0.305184	-9.547980	-2.300444	 0.874387
-1.698732	-8.791733	-0.688530	-0.978553	-7.609024	-1.302092	-6.004657	-0.986890	-0.305307	-9.498223	-2.292249	 0.869912
-1.692414	-8.756631	-0.685777	-0.976166	-7.555167	-1.078138	-6.230654	-0.975633	-0.305368	-9.454447	-2.283584	 0.865944
-1.685882	-8.721637	-0.683035	-0.973025	-7.513236	-0.964452	-5.830739	-0.968076	-0.305399	-9.413738	-2.274701	 0.862236
-1.679258	-8.686767	-0.680303	-0.969514	-7.477328	-0.905908	-5.619920	-0.962377	-0.305414	-9.374637	-2.265728	 0.858665
-1.672601	-8.652028	-0.677582	-0.965827	-7.444491	-0.874941	-5.503692	-1.457614	-0.305422	-9.336416	-2.256728	 0.855169
-1.665940	-8.617424	-0.674872	-0.962059	-7.413249	-0.857769	-5.434803	-1.701326	-0.305426	-9.298709	-2.247733	 0.851718
-1.659291	-8.582956	-0.672172	-0.958259	-7.382864	-0.847502	-5.389627	-1.319293	-0.305428	-9.261333	-2.238758	 0.848296
-1.652662	-8.548626	-0.669483	-0.954449	-7.352967	-0.840695	-5.356350	-1.126401	-0.305429	-9.224198	-2.229810	 0.844895
-1.646055	-8.514432	-0.666805	-0.950644	-7.323372	-0.835623	-5.329065	-1.028089	-0.305429	-9.187256	-2.220895	 0.841512
-1.639472	-8.480374	-0.664138	-0.946847	-7.793987	-0.831426	-5.304819	-0.977073	-0.305429	-9.150484	-2.212014	 0.838144
-1.632915	-8.446453	-0.661482	-0.943063	-8.012765	-0.827673	-5.282135	-0.949713	-0.305429	-9.113871	-2.203166	 0.834790
-1.626384	-8.412667	-0.658836	-0.939292	-7.605691	-1.324149	-5.760274	-0.934188	-0.305429	-9.077410	-2.194354	 0.831451
-1.619879	-8.379016	-0.656200	-0.935535	-7.387757	-1.568745	-5.986867	-0.924588	-0.305430	-9.041097	-2.185577	 0.828125
-1.613399	-8.345500	-0.653576	-0.931794	-7.264450	-1.187417	-5.587737	-0.917958	-0.305430	-9.004931	-2.176835	 0.824812
-1.606946	-8.312118	-0.650961	-0.928067	-7.188514	-0.995140	-5.377794	-0.912821	-0.305430	-8.968911	-2.168128	 0.821513
-1.600518	-8.278870	-0.648357	-0.924354	-7.636321	-0.897396	-5.262487	-0.908437	-0.305430	-8.433035	-2.159455	 0.818227
-1.594116	-8.245754	-0.645764	-0.920657	-7.844057	-0.846925	-5.194539	-0.904436	-0.305430	-8.149303	-2.150817	 0.814954
-1.587740	-8.212771	-0.643181	-0.916974	-7.931821	-0.820097	-5.150312	-0.900636	-0.305430	-7.991705	-2.142214	 0.811694
-1.581389	-8.179920	-0.640608	-0.913307	-7.459664	-0.805096	-5.117986	-0.896941	-0.305430	-8.397238	-2.133645	 0.808447
-1.575063	-8.147201	-0.638046	-0.909653	-7.209610	-0.796015	-5.091652	-0.893308	-0.305430	-8.582399	-2.125111	 0.805213
-1.568763	-8.114612	-0.635494	-0.906015	-7.070664	-0.789901	-5.568355	-0.889712	-0.305430	-8.657445	-2.116610	 0.801993
-1.562488	-8.082153	-0.632952	-0.902391	-6.987328	-0.785276	-5.794616	-0.886141	-0.305430	-8.677503	-2.108144	 0.798785
-1.556238	-8.049825	-0.630420	-0.898781	-6.931852	-0.781403	-5.395704	-0.882591	-0.305430	-8.670136	-2.099711	 0.795589
-1.550013	-8.017625	-0.627898	-0.895186	-6.890361	-0.777911	-5.186255	-0.879058	-0.305430	-8.649128	-2.091312	 0.792407
-1.543813	-7.985555	-0.625387	-0.891605	-7.355918	-0.774616	-5.071577	-0.875540	-0.305430	-8.121367	-2.082947	 0.789237
-1.537638	-7.953613	-0.622885	-0.888039	-7.573053	-0.771426	-5.004324	-0.872037	-0.305430	-7.842300	-2.074615	 0.786081
-1.531487	-7.921798	-0.620393	-0.884487	-7.666040	-0.768295	-4.960823	-0.868549	-0.305430	-7.687639	-2.066317	 0.782936
-1.525361	-7.890111	-0.617912	-0.880949	-7.697016	-0.765199	-4.929238	-1.365074	 0.194570	-8.595243	-2.058052	 0.779804
-1.519260	-7.858551	-0.615440	-0.877425	-7.697048	-0.762126	-4.903651	-1.609614	 0.443181	-9.030040	-2.049819	 0.776685
-1.513183	-7.827116	-0.612979	-0.873915	-7.181670	-0.759072	-4.881101	-1.228176	 0.066103	-8.728508	-2.041620	 0.773578
-1.507130	-7.795808	-0.610527	-0.870420	-6.910648	-0.756033	-4.860109	-1.035763	-0.122436	-8.560888	-2.033454	 0.770484
-1.501101	-7.764625	-1.108084	-0.866938	-6.761858	-0.753007	-4.839934	-0.937870	 0.283295	-8.460292	-2.025320	 0.767402
-1.495097	-7.733566	-1.353652	-0.863470	-6.674237	-0.749995	-4.820208	-0.887243	 0.484782	-8.393274	-2.017219	 0.764333
-1.489117	-7.702632	-0.973238	-0.860016	-6.617253	-0.746994	-4.800743	-0.860257	 0.084153	-8.343113	-2.009150	 0.261275
-1.483160	-7.671821	-0.781845	-0.856576	-6.575640	-0.744006	-4.781449	-0.845097	-0.116162	-8.301446	-2.001113	 0.009747
-1.477227	-7.641134	-0.684967	-0.853150	-6.541766	-0.741030	-4.762277	-0.835857	-0.216319	-8.264094	-1.993109	-0.116018
-1.971319	-7.610570	-0.635352	-0.849737	-6.511813	-0.738066	-5.243205	-0.829584	-0.266398	-8.228964	-1.985136	 0.321100
-2.213433	-7.580127	-0.609373	-0.846338	-6.483873	-0.735114	-5.472221	-0.824801	-0.291437	-8.195011	-1.977196	 0.538143
-1.829580	-7.549807	-0.595217	-1.342953	-6.456991	-0.732173	-5.575326	-0.820769	 0.196043	-8.161713	-1.969287	 0.645153
-1.634761	-7.519608	-0.586977	-1.587581	-6.430690	-0.729244	-5.615522	-0.817120	 0.438417	-8.128807	-1.961410	 0.697155
-1.534472	-7.489529	-0.581699	-1.206231	-6.404730	-0.726327	-5.624308	-0.813668	 0.058242	-8.096162	-1.953564	 0.721657
-1.481459	-7.459571	-0.577908	-1.013906	-6.378993	-0.723422	-5.617435	-0.810322	-0.131846	-8.063712	-1.945750	 0.732416
-1.452096	-7.429733	-1.074864	-0.916100	-6.353418	-0.720528	-5.102778	-0.807035	-0.226890	-8.031425	-1.937967	 0.736309
-1.434569	-7.400014	-1.320198	-0.865561	-6.327975	-0.717646	-4.836273	-0.803784	-0.274412	-7.999283	-1.930215	 0.736775
-1.422971	-7.370414	-1.439734	-0.838661	-6.302648	-0.714776	-4.693881	-0.800558	-0.298172	-7.967278	-1.922494	 0.735533
-1.414350	-7.340932	-0.996384	-0.823588	-6.277430	-1.211917	-4.613582	-0.797350	 0.189947	-7.935405	-1.914804	 0.733444
-1.407227	-7.311568	-0.773602	-0.814434	-6.252317	-1.457069	-4.564366	-0.794157	 0.432651	-7.903661	-1.907145	 0.730937
-1.400866	-7.282322	-0.661110	-0.808247	-6.227306	-1.076241	-5.030727	-0.790979	 0.552652	-7.372045	-1.899516	 0.728226
-1.394896	-7.253193	-0.603767	-0.803549	-6.202395	-0.884436	-5.252914	-0.787815	 0.611307	-7.092557	-1.891918	 0.725420
-1.389134	-7.224180	-0.574002	-0.799602	-6.177585	-1.287148	-4.853057	-0.784663	 0.639295	-7.439186	-1.884351	 0.722572
-1.383486	-7.195283	-0.558031	-0.796038	-6.152875	-1.485124	-4.644222	-0.781524	 0.651954	-7.596929	-1.876813	 0.719708
-1.877906	-7.166502	-0.548962	-0.792670	-6.128263	-1.580746	-5.030934	-0.778398	 0.156954	-7.660292	-1.869306	 0.716842
-2.120371	-7.137836	-0.543347	-0.789408	-6.103750	-1.625205	-5.213455	-0.775284	-0.090545	-7.676525	-1.861829	 0.713982
-2.236878	-7.109285	-0.539465	-0.786205	-6.079335	-1.644095	-5.293923	-0.772183	-0.214295	-7.669257	-1.854381	 0.711129
-1.790425	-7.080848	-0.536452	-0.783037	-6.055018	-1.150213	-4.823408	-0.769094	 0.223830	-7.650299	-1.846964	 0.708286
-1.564511	-7.052524	-0.533879	-0.779893	-6.030798	-0.901960	-4.579445	-0.766018	 0.441568	-7.625557	-1.839576	 0.705454
-1.448876	-7.024314	-0.531530	-0.776768	-6.006674	-0.776526	-4.948793	-0.762954	 0.549119	-7.597984	-1.832218	 0.702633
-1.388392	-6.996217	-0.529297	-0.773658	-5.982648	-0.712507	-5.122830	-0.759902	 0.601581	-7.569057	-1.824889	 0.699822
-1.355495	-6.968232	-0.527126	-0.770562	-5.958717	-0.679200	-5.199255	-0.756863	 0.626504	-7.539513	-1.817589	 0.697023
-1.336401	-6.940359	-0.524991	-0.767479	-5.934882	-0.661255	-5.226916	-0.753835	 0.637663	-7.509721	-1.810319	 0.694235
-1.324219	-6.912598	-0.522878	-0.764409	-5.911143	-0.650996	-5.230238	-0.750820	 0.641944	-6.979866	-1.803078	 0.691458
-1.315504	-6.884947	-0.520779	-0.761351	-5.887498	-0.644585	-5.221431	-0.747817	 0.642793	-6.702038	-1.795865	 0.688692
-1.308533	-6.857408	-0.518693	-0.758306	-5.863948	-0.640103	-5.206603	-0.744825	 0.641930	-6.550275	-1.788682	 0.685937
-1.302445	-6.829978	-0.516617	-0.755272	-5.840492	-0.636591	-4.688805	-0.741846	 0.640216	-6.461597	-1.781527	 0.683194
-1.296808	-6.802658	-0.514549	-0.752251	-5.817130	-0.633569	-4.421564	-0.738879	 0.638082	-6.404512	-1.774401	 0.680461
-1.291407	-6.775447	-0.512491	-0.749242	-5.793862	-0.630797	-4.279635	-0.735923	 0.135743	-6.863275	-1.767303	 0.677739
-1.286134	-6.748346	-0.510440	-0.746245	-5.770686	-0.628155	-4.200395	-0.732979	-0.115426	-7.078012	-1.760234	 0.675028
-1.280936	-6.721352	-0.508399	-0.743260	-5.747604	-1.125582	-4.652533	-0.730047	 0.258989	-6.670795	-1.753193	 0.672328
-1.275786	-6.694467	-0.506365	-0.740287	-5.724613	-1.371050	-4.868392	-0.727127	 0.444930	-6.454660	-1.746181	 0.669639
-1.270669	-6.667689	-0.504339	-0.737326	-5.701715	-0.990551	-4.466154	-0.724219	 0.036639	-6.834115	-1.739196	 0.666960
-1.265580	-6.641018	-0.502322	-0.734377	-5.678908	-0.799082	-4.256906	-0.721322	-0.167507	-7.009415	-1.732239	 0.664292
-1.260514	-6.614454	-0.500313	-0.731439	-5.656192	-0.702132	-4.144188	-0.718437	-0.269580	-7.082696	-1.725310	 0.661635
-1.255471	-6.587996	-0.499308	-0.728513	-5.633568	-1.152446	-4.079765	-0.715563	 0.179384	-7.105024	-1.718409	 0.658989
-1.250448	-6.561644	-0.498806	-0.725599	-5.611033	-1.374398	-4.039523	-0.712701	 0.402609	-7.101934	-1.711535	 0.656353
-1.245446	-6.535398	-0.498555	-0.722697	-5.588589	-0.982181	-4.011404	-0.709850	 0.012970	-7.086191	-1.704689	 0.653727
-1.240464	-6.509256	-0.498429	-0.719806	-5.566235	-0.784893	-3.989377	-0.707010	-0.181850	-7.064179	-1.697870	 0.651112
-1.235502	-6.483219	-0.998366	-0.716927	-5.543970	-1.185073	-3.970430	-0.704182	 0.220740	-7.039088	-1.691079	 0.648508
-1.230560	-6.457286	-1.245338	-0.714059	-5.521794	-1.381993	-3.953053	-0.701366	 0.420789	-7.012515	-1.684314	 0.645914
-1.225637	-6.431457	-0.865840	-0.711203	-5.499707	-1.477295	-3.936493	-0.698560	 0.519571	-6.985256	-1.677577	 0.643330
-1.220735	-6.405731	-0.676090	-0.708358	-5.477708	-1.521801	-3.920373	-0.695766	 0.567726	-6.957711	-1.670867	 0.640757
-1.715852	-6.380108	-0.581216	-0.705525	-5.455797	-1.540921	-3.904505	-0.692983	 0.590571	-6.930078	-1.664183	 0.638194
-1.958988	-6.354588	-0.533778	-0.702703	-5.433974	-1.547362	-3.888793	-0.690211	 0.600767	-6.902457	-1.657527	 0.635641
-2.076153	-6.329170	-0.510060	-0.699892	-5.412238	-1.547474	-3.873191	-0.687450	 0.604643	-6.874897	-1.650897	 0.633099
-1.630348	-6.303853	-0.498200	-0.697092	-5.390589	-1.044435	-4.357675	-0.684700	 0.605364	-6.847422	-1.644293	 0.630566
-1.405077	-6.278637	-0.492271	-0.694304	-5.369027	-0.791833	-4.590233	-0.681961	 0.604513	-6.820044	-1.637716	 0.628044
-1.790081	-6.253523	-0.489306	-0.691527	-5.347551	-1.164453	-4.696866	-0.679234	 0.602880	-6.792770	-1.631165	 0.625532
-1.978233	-6.228509	-0.487823	-0.688761	-5.326160	-1.347689	-4.740576	-0.676517	 0.600860	-6.765602	-1.624640	 0.623030
-1.567977	-6.203595	-0.487082	-0.686006	-5.804856	-0.936245	-4.752862	-0.673811	 0.598653	-6.738541	-1.618142	 0.620537
-1.360533	-6.178780	-0.486712	-0.683262	-6.031636	-0.729474	-4.749475	-0.671115	 0.596357	-6.711588	-1.611669	 0.618055
-1.254505	-6.154065	-0.486526	-0.680528	-5.632510	-0.625043	-4.238289	-0.668431	 0.594020	-6.184742	-1.605223	 0.615583
-1.199194	-6.129449	-0.486434	-0.677806	-5.422480	-0.571786	-3.975242	-0.665757	 0.591669	-5.910003	-1.598802	 0.613121
-1.169251	-6.104931	-0.486387	-0.675095	-5.307040	-0.544120	-3.836294	-0.663094	 0.589314	-5.761363	-1.592406	 0.610668
-1.152000	-6.080511	-0.486364	-0.672395	-5.238937	-1.029255	-3.759425	-0.660442	 0.586963	-5.675818	-1.586037	 0.608226
-1.141106	-6.056189	-0.486353	-0.669705	-5.194543	-1.268793	-3.713626	-0.657800	 0.584619	-5.621865	-1.579693	 0.605793
-1.133398	-6.031965	-0.486347	-0.667026	-5.162047	-0.885546	-4.183390	-0.655169	 0.582282	-6.083752	-1.573374	 0.603370
-1.127293	-6.007837	-0.486344	-0.664358	-5.135539	-0.692917	-4.408966	-0.652548	 0.579953	-6.301605	-1.567080	 0.600956
-1.121998	-5.983805	-0.486342	-0.661701	-5.112067	-0.595603	-4.012485	-0.649938	 0.577634	-5.897492	-1.560812	 0.598552
-1.117117	-5.959870	-0.486342	-0.659054	-5.090154	-0.546945	-3.807013	-0.647338	 0.575323	-5.684449	-1.554569	 0.596158
-1.112452	-5.936031	-0.486341	-0.656418	-5.069061	-0.522617	-4.197073	-0.644749	 0.573022	-5.566985	-1.548351	 0.593773
-1.107904	-5.912287	-0.486341	-0.653792	-5.048419	-0.510452	-4.382930	-0.642170	 0.570730	-5.497353	-1.542157	 0.591398
-1.103423	-5.888637	-0.486341	-0.651177	-5.028042	-0.504370	-4.466720	-0.639601	 0.568447	-5.451682	-1.535989	 0.589033
-1.098985	-5.865083	-0.486341	-0.648572	-5.007838	-0.501329	-3.999514	-0.637043	 0.566174	-5.918035	-1.529845	 0.586677
-1.094577	-5.841623	-0.486341	-0.645978	-4.987761	-0.499808	-3.758847	-0.634495	 0.563909	-6.138442	-1.523725	 0.584330
-1.090192	-5.818256	-0.486341	-0.643394	-4.967787	-0.499048	-3.631477	-0.631957	 0.561653	-5.735928	-1.517630	 0.581993
-1.085828	-5.794983	-0.486341	-0.640820	-4.947904	-0.498668	-3.560783	-0.629429	 0.559407	-5.524005	-1.511560	 0.579665
-1.081484	-5.771803	-0.486341	-0.638257	-4.928107	-0.498478	-3.518456	-0.626911	 0.557169	-5.407418	-1.505514	 0.577346
-1.077157	-5.748716	-0.486341	-0.635704	-4.908392	-0.498383	-3.490341	-0.624403	 0.554940	-5.338544	-1.499491	 0.575037
-1.072848	-5.725721	-0.486341	-1.133161	-4.888757	-0.498335	-3.469359	-0.621906	 0.552721	-5.793567	-1.493493	 0.572736
-1.068556	-5.702818	-0.486341	-1.378629	-4.869201	-0.498312	-3.451971	-0.619418	 0.550510	-6.008582	-1.487520	 0.570445
-1.064282	-5.680007	-0.486341	-1.498114	-4.849724	-0.498300	-3.436408	-0.616941	 0.548308	-6.103642	-1.481569	 0.568164
-1.060025	-5.657287	-0.486341	-1.054622	-4.830325	-0.498294	-3.421784	-0.614473	 0.546114	-5.638774	-1.475643	 0.565891
-1.055785	-5.634658	-0.486341	-0.831653	-4.811003	-0.498291	-3.407658	-0.612015	 0.543930	-5.395993	-1.469741	 0.563627
-1.051561	-5.612119	-0.986341	-0.718952	-4.791759	-0.498289	-3.393808	-0.609567	 0.541754	-5.764296	-1.463862	 0.561373
-1.047355	-5.589671	-1.233368	-0.661388	-4.772592	-0.498289	-3.380123	-0.607129	 0.539587	-5.936182	-1.458006	 0.559127
-1.043166	-5.567312	-0.853921	-0.631399	-4.753502	-0.498288	-3.366548	-0.604700	 0.537429	-6.009909	-1.452174	 0.556891
-1.038993	-5.545043	-0.664198	-0.615202	-4.734488	-0.498288	-3.353054	-0.602281	 0.535279	-6.034605	-1.446365	 0.554663
-1.034837	-5.522863	-0.569336	-0.605905	-4.715550	-0.498288	-3.339628	-0.599872	 0.533138	-5.534834	-1.440580	 0.552445
-1.030698	-5.500771	-0.521905	-0.600063	-4.696688	-0.498288	-3.326263	-0.597473	 0.531005	-5.274879	-1.434818	 0.550235
-1.026575	-5.478768	-0.498190	-0.595954	-4.677901	-0.498288	-3.312955	-0.595083	 0.528881	-5.134872	-1.429078	 0.548034
-1.022469	-5.456853	-0.986332	-0.592716	-4.659189	-0.498288	-3.299701	-0.092702	 0.526766	-5.054878	-1.423362	 0.545842
-1.018379	-5.435026	-1.227454	-0.589918	-4.640553	-0.498288	-3.286501	 0.158488	 0.524659	-5.004932	-1.417669	 0.543658
-1.014305	-5.413285	-0.845078	-0.587344	-4.621990	-0.998288	-3.273355	 0.284083	 0.522560	-4.970048	-1.411998	 0.541484
-1.010248	-5.391632	-0.653890	-0.584888	-4.603502	-1.245291	-3.260261	 0.346880	 0.520470	-4.942736	-1.406350	 0.539318
-1.006207	-5.370066	-0.558296	-0.582495	-4.585088	-1.365808	-3.747220	-0.121721	 0.518388	-4.919250	-1.400725	 0.537161
-1.002182	-5.348585	-0.510499	-0.580138	-4.566748	-1.423094	-3.982231	-0.354841	 0.516315	-4.897715	-1.395122	 0.535012
-0.998174	-5.327191	-0.486600	-0.577805	-4.548481	-0.948777	-3.591302	-0.470225	 0.514249	-5.377195	-1.389541	 0.532872
-0.994181	-5.305882	-0.474651	-0.575487	-4.530287	-0.711618	-3.389437	-0.526746	 0.512192	-5.605222	-1.383983	 0.530740
-0.990204	-5.284659	-0.468677	-0.573181	-4.512166	-0.593038	-3.282129	-0.553840	 0.510144	-5.707568	-1.378447	 0.528617
-0.986243	-5.263520	-0.465689	-0.570887	-4.494117	-0.533749	-3.222126	-0.566225	 0.508103	-5.247122	-1.372933	 0.526503
-0.982298	-5.242466	-0.464196	-0.568603	-4.476141	-0.504104	-3.185800	-0.571260	 0.506071	-5.007325	-1.367442	 0.524397
-0.978369	-5.221496	-0.463449	-0.566328	-4.458236	-0.489281	-3.161338	-0.572625	 0.504046	-4.877892	-1.361972	 0.522299
-0.974456	-5.200610	-0.463075	-0.564062	-4.440403	-0.481870	-3.142833	-0.572160	 0.502030	-4.803679	-1.356524	 0.520210
-0.970558	-5.179808	-0.462889	-0.561806	-4.422642	-0.478164	-3.127332	-0.570783	 0.500022	-4.757113	-1.351098	 0.518129
-0.966676	-5.159089	-0.462795	-0.559559	-4.404951	-0.476312	-3.113358	-0.568957	 0.499018	-4.724409	-1.345693	 0.516057
-0.962809	-5.138452	-0.462749	-0.557320	-4.387331	-0.475385	-3.100172	-0.566909	 0.498516	-4.698673	-1.340311	 0.513993
-0.958958	-5.117898	-0.462725	-0.555091	-4.369782	-0.474922	-3.087405	-0.564755	 0.498265	-4.676460	-1.334949	 0.511937
-0.955122	-5.097427	-0.462714	-0.552871	-4.352303	-0.474690	-3.074872	-0.562553	 0.498139	-4.656045	-1.329610	 0.509889
-0.951301	-5.077037	-0.462708	-0.550659	-4.334894	-0.474575	-3.062481	-0.560332	 0.498077	-4.636566	-1.324291	 0.507849
-0.947496	-5.056729	-0.462705	-0.548457	-4.317554	-0.474517	-3.050186	-0.558105	 0.498045	-4.617592	-1.318994	 0.505818
-0.943706	-5.036502	-0.462703	-0.546263	-4.300284	-0.474488	-3.037962	-0.555879	-0.001970	-4.598908	-1.313718	 0.503795
-0.939931	-5.016356	-0.462703	-0.544078	-4.283083	-0.474473	-3.025799	-0.553659	-0.250974	-4.580406	-1.308463	 0.501780
-0.936172	-4.996291	-0.462702	-0.541901	-4.265950	-0.474466	-3.013690	-0.551446	 0.124524	-5.062031	-1.303229	 0.500772
-0.932427	-4.976305	-0.462702	-0.539734	-4.248887	-0.474462	-3.001632	-0.549242	 0.311273	-5.291756	-1.298016	 0.500268
-0.928697	-4.956400	-0.962702	-0.537575	-4.231891	-0.474461	-2.989624	-0.547045	 0.404647	-4.895575	-1.292824	 0.500016
-0.924982	-4.936575	-1.209777	-0.535425	-4.214964	-0.474460	-2.977665	-0.544857	 0.451334	-4.688486	-1.287653	 0.499890
-0.921283	-4.916828	-1.330400	-0.533283	-4.198104	-0.474459	-2.965754	-0.542678	 0.474678	-4.575979	-1.282502	 0.499827
-0.917597	-4.897161	-0.887810	-0.531150	-4.681311	-0.974459	-2.953891	-0.040507	 0.486350	-5.010798	-1.277372	 0.499796
-0.913927	-4.877572	-0.666515	-0.529025	-4.912586	-1.221510	-2.942075	 0.210578	 0.492186	-5.217317	-1.272263	 0.499780
-0.910271	-4.858062	-0.555867	-0.526909	-4.517936	-0.842098	-2.930307	-0.163879	 0.495104	-4.809729	-1.267174	 0.499772
-0.906630	-4.838630	-0.500543	-0.524801	-4.312364	-0.652393	-2.918586	-0.350031	 0.496563	-4.597130	-1.262105	 0.499768
-0.903004	-4.819275	-0.972881	-0.522702	-4.201364	-0.557540	-2.906911	-0.442035	 0.497292	-4.982062	-1.257057	 0.499766
-0.899392	-4.799998	-1.206160	-0.520611	-4.137684	-0.510113	-2.895284	-0.486968	 0.497657	-5.163794	-1.252029	 0.499765
-0.895794	-4.780798	-1.319921	-1.018529	-4.097696	-0.486400	-2.883702	-0.508372	 0.497839	-5.243968	-1.247020	 0.499765
-0.892211	-4.761675	-1.373933	-1.264455	-4.069586	-0.474543	-2.872168	-0.518014	 0.497930	-5.273408	-1.242032	 0.499765
-0.888642	-4.742628	-1.398084	-1.384397	-4.047449	-0.468615	-2.860679	-0.521779	 0.497976	-5.277521	-1.237064	 0.499764
-0.885088	-4.723658	-0.907315	-0.941359	-4.028329	-0.465651	-2.849236	-0.522611	 0.497999	-4.769015	-1.232116	 0.499764
-0.881547	-4.704763	-0.661930	-0.719841	-4.010751	-0.464169	-2.837839	-0.521980	 0.498010	-4.506241	-1.227187	 0.499764
-0.878021	-4.685944	-0.539238	-0.609081	-3.993975	-0.963428	-2.826488	-0.520622	 0.498016	-4.366367	-1.222279	 0.499764
-0.874509	-4.667200	-0.477892	-0.553701	-3.977633	-1.210132	-2.815182	-0.518904	 0.498019	-4.287977	-1.217390	 0.499764
-0.871011	-4.648532	-0.447219	-0.526012	-3.961540	-0.830570	-2.803921	-0.517011	 0.498020	-4.240363	-1.212520	 0.499764
-0.867527	-4.629937	-0.431882	-0.512167	-3.945602	-0.640789	-2.792706	-0.515034	 0.498021	-4.208170	-1.207670	 0.499764
-0.864057	-4.611418	-0.424214	-0.505244	-3.929774	-0.545899	-2.781535	-0.513020	 0.498021	-4.183722	-1.202839	 0.499764
-0.860600	-4.592972	-0.420380	-0.501783	-3.914032	-0.498454	-2.770409	-0.510990	 0.498022	-4.163179	-1.198028	 0.499764
-0.857158	-4.574600	-0.418463	-0.500052	-3.898364	-0.474731	-2.759327	-0.508958	 0.498022	-4.144623	-1.193236	 0.499764
-0.853729	-4.556302	-0.417504	-0.499187	-3.882765	-0.462870	-2.748290	-0.506928	 0.498022	-4.627092	-1.188463	 0.499764
-0.850315	-4.538077	-0.417025	-0.498754	-3.867231	-0.456939	-2.737297	-0.504903	 0.498022	-4.858108	-1.183709	 0.499764
-0.846913	-4.519924	-0.416785	-0.498538	-3.851761	-0.453974	-2.726347	-0.502885	 0.498022	-4.963437	-1.178974	 0.499764
-0.843526	-4.501845	-0.416665	-0.498430	-3.836353	-0.452491	-2.715442	-0.500874	 0.498022	-5.005965	-1.174258	 0.499764
-0.840152	-4.483837	-0.416605	-0.498376	-3.821007	-0.451750	-2.704580	-0.499868	 0.498022	-4.517131	-1.169561	 0.499764
-0.836791	-4.465902	-0.416575	-0.498349	-3.805723	-0.451379	-2.693762	-0.499366	 0.498022	-4.264658	-1.164883	 0.499764
-0.833444	-4.448038	-0.416560	-0.498335	-3.790500	-0.451194	-2.682987	-0.499114	 0.498022	-4.630397	-1.160223	 0.499764
-0.830110	-4.430246	-0.416553	-0.498329	-3.775338	-0.451101	-2.672255	-0.498989	 0.498022	-4.803274	-1.155583	 0.499764
-0.826790	-4.412525	-0.416549	-0.498325	-3.760237	-0.451055	-2.661566	-0.498926	 0.498022	-4.879761	-1.150960	 0.499764
-0.823482	-4.394875	-0.416547	-0.498323	-3.745196	-0.451032	-2.650920	-0.498894	 0.498022	-4.408091	-1.146356	 0.499764
-0.820188	-4.377295	-0.416546	-0.498323	-3.730215	-0.451020	-2.640316	-0.498879	 0.498022	-4.164384	-1.141771	 0.499764
-0.816908	-4.359786	-0.416546	-0.498322	-3.715294	-0.951014	-2.629755	-0.498871	 0.498022	-4.034689	-1.137204	 0.499764
-0.813640	-4.342347	-0.416546	-0.498322	-3.700433	-1.198109	-2.619236	-0.498867	 0.498022	-3.962031	-1.132655	 0.499764
-0.810386	-4.324978	-0.416546	-0.498322	-3.685631	-0.818767	-2.608759	-0.998865	 0.498022	-3.917924	-1.128124	 0.499764
-0.807144	-4.307678	-0.416546	-0.498322	-3.670889	-0.629095	-2.598324	-1.245866	 0.498022	-3.888122	-1.123612	 0.499764
-0.803915	-4.290447	-0.416546	-0.498322	-3.656205	-1.034259	-3.087930	-0.866381	 0.498022	-3.865505	-1.119118	 0.499764
-0.800700	-4.273285	-0.416546	-0.498322	-3.641580	-1.233963	-3.325579	-0.676639	 0.498022	-3.846510	-1.114641	 0.499764
-0.797497	-4.256192	-0.416546	-0.498322	-3.627014	-1.330947	-3.437276	-0.581767	 0.498022	-3.829358	-1.110182	 0.499764
-0.794307	-4.239167	-0.416546	-0.498322	-3.612506	-0.876583	-2.986027	-0.534332	 0.498022	-3.813158	-1.105742	 0.499764
-0.791130	-4.222211	-0.416546	-0.498322	-3.598056	-0.649402	-2.755333	-0.510614	 0.498022	-3.797463	-1.101319	 0.499764
-0.787965	-4.205322	-0.416546	-0.498322	-3.583664	-0.535811	-2.634937	-0.498755	 0.498022	-4.282053	-1.096914	 0.499764
-0.784813	-4.188501	-0.416546	-0.498322	-3.569329	-0.479015	-2.569710	-0.492825	 0.498022	-4.514814	-1.092526	 0.499764
-0.781674	-3.671747	-0.916546	-0.498322	-3.555052	-0.450617	-2.532087	 0.010139	 0.498022	-4.121700	-1.088156	 0.499764
-0.778547	-3.407060	-1.163712	-0.498322	-3.540831	-0.436419	-2.508287	 0.260595	 0.498022	-3.917685	-1.083803	 0.499764
-0.775433	-3.768431	-0.784474	-0.498322	-3.526668	-0.429319	-2.491418	-0.115199	 0.498022	-4.308251	-1.079468	 0.499764
-0.772331	-3.940858	-0.594855	-0.498322	-3.512561	-0.425769	-2.478034	-0.303096	 0.498022	-4.494136	-1.075150	 0.499764
-0.769242	-4.018844	-0.500045	-0.498322	-3.498511	-0.423995	-2.466413	-0.397044	 0.498022	-4.577718	-1.070849	 0.499764
-0.766165	-4.049644	-0.452641	-0.498322	-3.484517	-0.923107	-2.455693	-0.444018	 0.498022	-4.610187	-1.066566	 0.499764
-0.763101	-4.056883	-0.428938	-0.498322	-3.470579	-1.169819	-2.445443	-0.467506	 0.498022	-4.617136	-1.062300	 0.499764
-0.760048	-4.052374	-0.417087	-0.498322	-3.456697	-0.790342	-2.435447	-0.479249	 0.498022	-4.611362	-1.058051	 0.499764
-0.757008	-4.042024	-0.411161	-0.498322	-3.442870	-0.600603	-2.425599	-0.485121	 0.498022	-4.599264	-1.053818	 0.499764
-0.753980	-4.028785	-0.408199	-0.498322	-3.429099	-0.505734	-2.415843	-0.488057	 0.498022	-4.584041	-1.049603	 0.499764
-0.750964	-4.014135	-0.406717	-0.498322	-3.415382	-0.458299	-2.406153	-0.489525	 0.498022	-4.567292	-1.045405	 0.499764
-0.747960	-3.998811	-0.405977	-0.498322	-3.401721	-0.434582	-2.396515	-0.490259	 0.498022	-4.049816	-1.041223	 0.499764
-0.744968	-3.983182	-0.405606	-0.498322	-3.388114	-0.422723	-2.386922	-0.490626	 0.498022	-3.784013	-1.037058	 0.499764
-0.741988	-3.967432	-0.405421	-0.498322	-3.374561	-0.416794	-2.377371	-0.490809	 0.498022	-3.644076	-1.032910	 0.499764
-0.739020	-3.951654	-0.405328	-0.498322	-3.361063	-0.413829	-2.367860	-0.490901	 0.498022	-4.067099	-1.028778	 0.499764
-0.736064	-3.935893	-0.405282	-0.498322	-3.347619	-0.412347	-2.358388	-0.490947	 0.498022	-4.269630	-1.024663	 0.499764
-0.733120	-3.920173	-0.405259	-0.498322	-3.334228	-0.411606	-2.348954	-0.490970	 0.498022	-4.361951	-1.020565	 0.499764
-0.730188	-3.904503	-0.405247	-0.498322	-3.320891	-0.411235	-2.339558	-0.490981	 0.498022	-4.399203	-1.016482	 0.499764
