 0.470678	-0.001858	 0.000621	-0.146868	 0.094607	 0.499288	 0.499365	 0.435287	-0.374274	 0.498797	 0.498666	-0.094083
 0.484687	-0.250855	 0.249620	-0.099597	 0.296555	 0.499316	 0.499365	 0.435287	-0.436523	 0.498797	 0.498666	-0.296394
 0.491692	 0.124647	-0.125881	-0.075961	 0.397528	 0.499329	 0.499365	 0.435287	 0.032353	 0.498797	 0.498666	 0.102450
 0.495194	 0.311398	-0.312628	-0.064143	 0.448015	 0.499336	 0.499365	 0.435287	 0.265788	 0.498797	 0.498666	 0.300870
 0.496945	 0.404773	-0.406002	-0.058234	 0.473259	 0.499340	 0.499365	 0.435287	 0.382506	 0.498797	 0.498666	 0.400080
 0.497821	 0.451461	-0.452689	-0.055279	-0.014120	 0.499341	 0.499365	 0.435287	 0.440864	 0.498797	 0.498666	 0.449685
 0.498259	 0.474805	-0.476032	-0.053802	-0.256806	 0.499342	 0.499365	 0.435287	 0.470044	 0.498797	 0.498666	 0.474487
 0.498478	 0.486477	-0.487704	-0.053064	 0.121851	 0.499343	 0.499365	 0.435287	 0.484634	 0.498797	 0.498666	 0.486888
 0.498587	 0.492312	-0.493540	-0.052694	 0.310179	 0.499343	 0.499365	 0.435287	 0.491928	 0.498797	 0.498666	 0.493089
 0.498642	 0.495230	-0.496458	-0.052510	 0.404342	 0.499343	 0.499365	 0.435287	-0.004424	-0.001203	 0.498666	 0.496189
 0.498669	 0.496689	-0.497917	-0.052417	 0.451424	 0.499343	 0.499365	 0.435287	-0.251599	-0.250200	 0.498666	 0.497740
-0.001317	 0.497419	-0.498646	-0.052371	-0.025035	 0.499343	 0.499365	 0.435287	 0.124814	 0.125301	 0.498666	 0.498515
-0.250308	 0.497784	-0.499011	-0.052348	-0.262262	 0.499343	 0.499365	 0.435287	 0.312018	 0.312050	 0.498666	 0.498902
-0.374803	 0.497966	-0.499193	-0.052336	-0.380875	 0.499343	 0.499365	 0.435287	 0.405620	 0.405424	 0.498666	 0.499096
-0.437051	 0.498057	-0.499285	-0.052331	 0.059819	 0.499343	 0.499365	 0.435287	 0.452421	 0.452112	 0.498666	 0.499193
-0.468174	 0.498103	-0.499330	-0.052328	 0.279164	 0.499343	 0.499365	 0.435287	 0.475821	 0.475455	 0.498666	 0.499241
 0.016264	 0.498126	-0.499353	-0.052326	-0.111163	 0.499343	 0.499365	 0.435287	-0.012479	 0.487127	 0.498666	 0.499265
 0.257481	 0.498137	-0.499364	-0.052326	-0.305324	 0.499343	 0.499365	 0.435287	-0.255627	 0.492963	 0.498666	 0.499278
 0.378090	 0.498143	-0.499370	-0.052325	 0.097596	 0.499343	 0.499365	 0.435287	 0.122799	 0.495881	 0.498666	 0.499284
 0.438395	 0.498146	-0.499373	-0.052325	 0.298055	 0.499343	 0.499365	 0.435287	 0.311009	 0.497340	 0.498666	 0.499287
-0.031453	-0.001853	-0.499374	-0.052325	-0.101716	 0.499343	 0.499365	-0.064713	-0.094886	 0.498069	-0.001334	 0.499288
-0.265375	-0.250849	-0.499375	-0.052325	-0.300598	 0.499343	 0.499365	-0.313584	-0.296831	 0.498434	-0.250331	 0.499289
-0.382335	-0.375346	-0.499375	-0.052325	-0.400039	 0.499343	 0.499365	-0.436894	-0.397804	 0.498617	-0.374830	 0.499289
 0.059185	 0.062405	-0.499376	-0.052325	 0.050240	 0.499343	 0.499365	 0.002571	 0.051709	 0.498708	 0.062921	 0.499289
 0.278943	 0.280280	-0.499376	-0.052325	 0.274379	 0.499343	 0.499365	 0.222304	 0.275464	 0.498753	 0.280795	 0.499290
 0.388822	 0.389218	-0.499376	-0.052325	 0.386448	 0.499343	 0.499365	 0.332170	-0.112659	 0.498776	 0.389732	 0.499290
 0.443762	 0.443686	-0.499376	-0.052325	 0.442483	 0.499343	 0.499365	 0.387103	-0.305719	 0.498788	 0.444200	 0.499290
 0.471232	 0.470921	-0.499376	-0.052325	 0.470500	 0.499343	 0.499365	 0.414570	-0.402249	 0.498793	 0.471434	 0.499290
 0.484966	 0.484538	-0.499376	-0.052325	 0.484509	 0.499343	 0.499365	 0.428303	-0.450514	 0.498796	 0.485052	 0.499290
 0.491834	 0.491347	-0.499376	-0.052325	 0.491513	 0.499343	 0.499365	 0.435170	-0.474646	 0.498797	 0.491860	 0.499290
 0.495268	 0.494751	-0.499376	-0.052325	 0.495015	 0.499343	 0.499365	 0.438603	-0.486713	 0.498798	 0.495264	 0.499290
 0.496985	 0.496453	-0.499376	-0.052325	 0.496767	 0.499343	 0.499365	 0.440320	-0.492746	 0.498799	 0.496966	 0.499290
 0.497843	 0.497304	-0.499376	-0.052325	-0.002358	 0.499343	 0.499365	 0.441178	-0.495762	 0.498799	 0.497818	 0.499290
 0.498272	 0.497730	-0.499376	-0.052325	-0.250917	 0.499343	 0.499365	 0.441607	-0.497271	 0.498799	 0.498243	 0.499290
 0.498487	 0.497942	-0.499376	-0.052325	 0.124803	 0.499343	 0.499365	 0.441822	 0.001975	 0.498799	 0.498456	 0.499290
 0.498594	 0.498049	-0.499376	-0.052325	 0.311662	 0.499343	 0.499365	 0.441929	 0.250596	 0.498799	 0.498562	 0.499290
 0.498648	 0.498102	-0.499376	-0.052325	-0.094908	 0.499343	 0.499365	 0.441983	 0.374906	 0.498799	 0.498615	 0.499290
 0.498675	 0.498129	-0.499376	-0.052325	-0.297190	 0.499343	 0.499365	 0.442009	 0.437061	 0.498799	 0.498642	 0.499290
 0.498688	 0.498142	 0.000624	-0.052325	 0.101669	 0.499343	 0.499365	 0.442023	 0.468139	 0.498799	 0.498655	-0.000710
 0.498695	 0.498149	 0.249623	-0.052325	 0.300097	 0.499343	 0.499365	 0.442029	 0.483677	 0.498799	 0.498662	-0.249709
 0.498698	 0.498152	 0.374122	-0.052325	 0.399311	 0.499343	 0.499365	 0.442033	 0.491447	 0.498799	 0.498665	-0.374208
 0.498700	 0.498154	 0.436372	-0.052325	 0.448918	 0.499343	 0.499365	 0.442034	 0.495331	 0.498799	 0.498667	 0.063542
 0.498701	 0.498154	 0.467497	-0.052325	 0.473722	 0.499343	 0.499365	 0.442035	 0.497274	 0.498799	 0.498668	 0.281415
 0.498701	 0.498155	 0.483059	 0.947675	 3.486124	 3.499343	 2.999365	 0.942036	 0.498245	 0.498799	 0.498668	 0.390351
 0.498701	 0.498155	 0.490841	 1.443780	 4.979327	 4.986344	 4.238366	 1.189152	 0.498731	 0.498799	 0.498668	 0.444819
 0.998701	 0.498155	-0.005269	 0.687952	 2.712984	 2.716898	 2.346912	 0.809837	 0.498973	 0.498799	-0.001331	 0.472053
 1.245704	 0.498155	-0.252321	 0.310039	 1.579813	 1.582175	 1.401185	 0.620180	 0.499095	 0.498799	-0.250329	 0.485670
 1.366220	 0.498155	-0.375847	 0.121082	 1.013227	 1.014814	 0.928321	 0.525352	 0.499155	 0.498799	-0.374827	 0.492479
 1.423504	-0.001845	-0.437610	 0.026603	 0.229934	 0.731133	 0.691890	 0.477937	 0.499186	 0.498799	-0.437077	 0.495883
 1.449185	-0.250841	-0.468491	-0.020636	-0.160606	 0.589293	 0.573674	 0.454230	 0.499201	 0.498799	-0.468201	 0.497585
 1.459076	 0.124661	-0.483932	-0.044256	 0.145227	 0.518372	 0.514566	 0.442377	 0.499209	 0.498799	 0.016236	 0.498436
 1.461083	 0.311411	-0.491652	-0.056065	 0.298143	 0.482912	 0.485012	 0.436450	 0.499212	 0.498799	 0.257454	 0.498862
 1.459160	 0.404787	-0.495513	-0.061970	 0.374601	 0.465182	 0.470235	 0.433486	 0.499214	 0.498799	 0.378063	 0.499075
 1.455285	 0.451474	 0.002557	-0.064923	-0.087170	 0.456317	 0.462846	 0.432005	 0.499215	 0.498799	 0.438367	 0.499181
 1.450444	 0.474818	 0.250591	-0.066399	-0.316958	 0.451885	 0.459152	 0.431264	 0.499216	 0.498799	 0.468519	 0.499234
 1.445132	 0.486490	-0.125392	-0.067137	-0.430758	 0.449668	 0.457305	 0.430893	 0.499216	 0.498799	-0.016405	-0.000739
 1.439597	 0.492326	-0.312381	-0.067506	-0.486569	 0.448560	 0.456381	 0.430708	 0.499216	 0.498799	-0.257864	-0.249725
 1.433961	 0.495244	 0.094125	-0.067691	-0.513390	 0.448006	 0.455920	 0.430616	 0.499216	 0.498799	 0.121406	-0.374217
 1.428287	 0.496703	 0.296376	-0.067783	-0.525720	 0.447729	 0.455689	 0.430569	 0.499216	 0.498799	 0.310040	-0.436463
 1.422604	 0.497432	 0.397502	-0.067829	-0.030809	 0.447591	 0.455573	 0.430546	 0.499216	 0.498799	 0.404357	 0.032413
 1.416929	 0.497797	 0.448065	-0.067852	 0.216647	 0.447521	 0.455516	 0.430535	 0.499216	 0.498799	 0.451515	 0.265849
 1.411269	 0.497980	 0.473346	-0.067864	 0.340375	 0.447487	 0.455487	 0.430529	 0.499216	 0.498799	 0.475095	 0.382567
 1.405628	 0.498071	-0.014013	-0.067869	 0.402239	 0.447469	 0.455472	 0.430526	 0.499216	-0.001201	-0.013116	 0.440926
 1.400007	 0.498116	-0.256690	-0.067872	 0.433171	 0.447461	 0.455465	 0.430524	 0.499216	-0.250199	-0.256218	 0.470106
 1.394408	 0.498139	-0.378028	-0.067874	 0.448637	 0.447457	 0.455461	 0.430524	 0.499216	 0.125303	 0.122230	 0.484695
 1.388831	 0.498151	-0.438698	-0.067874	 0.456370	 0.447454	 0.455460	 0.430523	 0.499216	 0.312052	 0.310453	 0.491990
 2.383276	 8.498156	 5.530968	 2.932125	 0.460236	 0.447453	 0.455459	 0.430523	 0.499216	 0.405426	 0.404565	-0.004362
 2.873743	 12.465163	 8.492799	 4.420261	 0.462169	 0.447453	 0.455458	 0.430523	 0.499216	 0.452113	 0.451621	-0.251537
 1.612248	 6.415802	 4.450806	 2.152512	 0.463136	 0.447452	 0.455458	 0.430523	 0.499216	 0.475457	 0.475149	 0.124875
 0.981501	 3.391121	 2.429809	 1.018637	 0.463619	 0.447452	 0.455458	 0.430523	 0.499216	 0.487129	 0.486913	 0.312079
 0.666127	 1.878781	 1.419311	 0.451700	 0.463861	 0.447452	 0.455458	 0.430523	 0.499216	 0.492965	 0.492794	 0.405681
 1.008440	 1.122611	 0.414061	 0.168231	-0.036018	 0.447452	 0.455458	 0.430523	 0.499216	 0.495883	 0.495735	 0.452482
 1.176895	 0.744526	-0.087381	 0.026497	-0.284886	 0.447452	 0.455458	 0.430523	 0.499216	 0.497342	 0.497206	 0.475882
 0.758432	 0.555483	-0.336924	-0.044370	-0.408252	 0.447452	 0.455458	 0.430523	-0.000784	 0.498071	-0.002059	 0.487583
 0.549200	 0.460962	-0.460523	-0.079804	 0.031128	 0.447452	 0.455458	 0.430523	 0.250218	 0.498436	 0.249311	-0.006567
 0.444584	 0.413701	-0.521154	-0.097520	 0.250818	 0.447452	 0.455458	 0.430523	 0.374716	 0.498618	 0.373995	-0.252641
 0.392277	 0.390071	-0.550306	-0.106379	 0.360663	 0.447452	 0.455458	 0.430523	 0.436965	 0.498709	 0.436337	-0.375678
 0.366123	 0.378256	-0.063723	-0.110808	 0.415585	 0.447452	 0.455458	 0.430523	-0.031910	 0.498755	 0.467508	-0.437196
 0.353046	 0.372348	 0.179568	-0.113023	 0.443046	 0.447452	 0.455458	 0.430523	-0.265346	 0.498778	 0.483094	-0.467955
 0.346507	 0.369394	-0.198786	-0.114130	 0.456777	-0.052548	 0.455458	 0.430523	 0.117936	 0.498789	 0.490886	 0.016665
 0.343238	 0.367918	-0.386809	-0.114684	 0.463642	-0.301443	 0.455458	 0.430523	 0.308574	 0.498795	 0.494783	 0.257973
 0.341603	 0.367179	-0.479671	-0.114960	 0.467075	 0.075210	 0.455458	 0.430523	-0.096107	 0.498798	 0.496731	 0.378627
 0.340786	 0.366810	-0.524957	-0.115099	 0.468791	 0.263537	 0.455458	 0.430523	-0.297445	 0.498799	 0.497705	 0.438954
 0.340377	 0.366625	-0.546459	-0.115168	 0.469650	 0.357700	 0.455458	 0.430523	-0.398115	 0.498800	 0.498192	 0.469117
 0.340173	 0.366533	-0.556074	-0.115203	 0.470079	 0.404782	 0.455458	 0.430523	 0.051551	-0.001200	 0.498435	 0.484199
 0.340071	 0.366487	-0.559751	-0.115220	 0.470293	 0.428323	 0.455458	 0.430523	 0.275381	-0.250197	 0.498557	 0.491740
 0.340020	 0.366464	-0.560462	-0.115229	 0.470400	 0.440093	 0.455458	 0.430523	 0.387296	 0.125304	 0.498618	 0.495510
 0.339994	 0.366452	-0.559695	-0.115233	 0.470454	 0.445979	 0.455458	 0.430523	 0.443253	 0.312053	 0.498649	 0.497395
 0.339981	 0.366446	-0.558194	-0.115235	 0.470481	 0.448921	 0.455458	 0.430523	 0.471232	 0.405428	 0.498664	 0.498338
 0.339975	 0.366443	-0.556330	-0.115236	 0.470494	 0.450392	 0.455458	 0.430523	 0.485222	-0.047885	 0.498671	 0.498809
 0.339972	 0.366442	-0.554289	-0.115237	 0.470501	 0.451128	 0.455458	 0.430523	 0.492216	-0.273539	 0.498675	 0.499045
 0.339970	 0.366441	-0.052164	-0.115237	 0.470504	 0.451496	 0.455458	 0.430523	 0.495714	 0.113634	 0.498677	 0.499163
 0.339969	 0.366441	 0.198898	-0.115237	 0.470506	 0.451680	 0.455458	 0.430523	 0.497462	 0.306219	 0.498678	 0.499222
 0.339969	 0.366441	-0.175570	-0.115237	 0.470507	-0.048228	 0.455458	 0.430523	 0.498337	 0.402511	 0.498679	 0.499251
 0.339969	 0.366441	-0.361705	-0.115237	 0.470507	-0.297086	 0.455458	 0.430523	 0.498774	 0.450657	 0.498679	 0.499266
 0.339969	 0.366441	-0.453676	-0.115237	 0.470507	 0.079577	 0.455458	 0.430523	 0.498992	 0.474731	 0.498679	 0.499273
 0.339969	 0.366441	-0.498571	-0.115237	 0.470508	 0.267909	 0.455458	 0.430523	 0.499102	 0.486767	 0.498679	 0.499277
 0.339969	 0.366441	-0.519931	-0.115237	 0.470508	 0.362074	 0.455458	 0.430523	 0.499156	 0.492785	-0.001321	 0.499279
 0.339969	 0.366441	-0.529528	-0.115237	 0.470508	 0.409157	 0.455458	 0.430523	 0.499184	 0.495795	-0.250318	 0.499280
 0.339969	 0.366441	-0.033249	-0.115237	 0.470508	 0.432699	 0.455458	 0.430523	 0.499197	 0.497299	 0.125183	 0.499280
 0.339969	 0.366441	 0.214891	-0.115237	 0.470508	 0.444469	 0.455458	 0.430523	 0.499204	 0.498051	 0.311932	 0.499280
 0.339969	 0.366441	-0.161039	-0.115237	 0.470508	 0.450355	 0.455458	 0.430523	 0.499208	 0.498428	 0.405307	 0.499280
 0.339969	 0.366441	-0.347930	-0.115237	 0.470508	 0.453297	 0.455458	 0.430523	 0.499209	 0.498616	 0.451994	 0.499280
 0.339969	 0.366441	-0.440306	-0.115237	 0.470508	 0.454769	 0.455458	 0.430523	 0.499210	 0.498710	 0.475338	 0.499280
 0.339969	 0.366441	-0.485429	-0.115237	 0.470508	 0.455504	 0.455458	 0.430523	 0.499211	 0.498757	 0.487010	 0.499280
 0.339969	 0.366441	-0.506929	-0.115237	 0.470508	 0.455872	 0.455458	 0.430523	 0.499211	 0.498780	 0.492846	 0.499280
 0.339969	 0.366441	-0.516622	-0.115237	 0.470508	-0.043944	 0.455458	 0.430523	 0.499211	-0.001208	 0.495764	 0.499280
 0.339969	 0.366441	-0.520416	-0.115237	 0.470508	-0.292764	 0.455458	 0.430523	 0.499211	-0.250200	 0.497223	 0.499280
 0.339969	 0.366441	-0.021265	-0.115237	 0.470508	 0.083909	 0.455458	 0.430523	 0.499211	-0.374696	-0.002048	 0.499280
 0.339969	 0.366441	 0.228311	-0.115237	 0.470508	 0.272245	 0.455458	 0.430523	 0.499211	-0.436944	-0.250681	 0.499280
 0.339969	 0.366441	-0.146901	-0.115237	 0.470508	-0.133587	 0.455458	 0.430523	-0.000789	 0.031932	 0.125003	 0.499280
 0.339969	 0.366441	-0.333463	-0.115237	 0.470508	-0.335424	 0.455458	 0.430523	-0.249787	 0.265369	 0.311844	 0.499280
 0.339969	 0.366441	-0.425704	-0.115237	 0.470508	 0.064732	 0.455458	 0.430523	-0.374287	 0.382087	 0.405264	 0.499280
 0.339969	 0.366441	-0.470789	-0.115237	 0.470508	 0.264810	 0.455458	 0.430523	-0.436536	 0.440446	 0.451974	 0.499280
 0.339969	 0.366441	-0.492299	-0.115237	 0.470508	 0.364849	 0.455458	 0.430523	-0.467661	 0.469626	 0.475329	 0.499280
 0.339969	 0.366441	-0.502027	-0.115237	 0.470508	 0.414869	 0.455458	 0.430523	-0.483223	 0.484215	 0.487007	 0.499280
 0.339969	 0.366441	-0.505867	-0.115237	 0.470508	 0.439878	 0.455458	 0.430523	-0.491005	 0.491510	 0.492845	 0.499280
-0.160031	 0.366441	-0.506768	-0.115237	 0.470508	-0.047617	 0.455458	 0.430523	 0.005105	 0.495158	-0.004235	 0.499280
-0.408711	 0.366441	-0.506203	-0.115237	 0.470508	-0.290294	 0.455458	 0.430523	 0.252157	 0.496981	-0.251773	 0.499280
-0.031736	 0.366441	-0.504909	-0.115237	-0.029492	 0.089433	 0.455458	-0.069477	 0.375683	 0.497893	 0.124458	 0.499280
 0.156751	 0.366441	-0.503255	-0.115237	-0.278433	 0.279297	 0.455458	-0.318338	 0.437446	 0.498349	 0.311572	 0.499280
-0.249005	 0.366441	-0.501425	-0.115237	 0.098151	 0.374229	 0.455458	 0.058366	 0.468328	 0.498577	 0.405129	 0.499280
-0.450574	 0.366441	-0.500510	-0.115237	 0.286443	 0.421695	 0.455458	 0.246718	 0.483769	 0.498691	 0.451908	 0.499280
-0.050054	 0.366441	-0.500052	-0.115237	 0.380589	 0.445428	-0.044542	 0.340894	 0.491489	 0.498748	 0.475297	 0.499280
 0.150206	 0.366441	-0.499823	-0.115237	 0.427662	 0.457294	-0.293453	 0.387982	 0.495349	 0.498777	 0.486992	 0.499280
 0.250336	 0.366441	-0.499709	-0.115237	 0.451199	 0.463227	-0.416824	 0.411526	 0.497279	 0.498791	 0.492839	 0.499280
 0.300401	 0.366441	-0.499652	-0.115237	-0.037033	 0.466194	 0.022571	 0.423298	 0.498244	 0.498798	 0.495763	 0.499280
 0.325433	 0.366441	-0.499623	-0.115237	-0.280098	 0.467677	 0.242269	 0.429184	 0.498727	 0.498802	 0.497225	 0.499280
 0.337950	 0.366441	-0.499609	-0.115237	-0.400585	 0.468419	 0.352117	 0.432127	-0.001032	 0.498803	 0.497956	 0.499280
 0.344208	 0.366441	-0.499602	-0.115237	-0.459786	 0.468790	 0.407042	 0.433598	-0.249910	 0.498804	 0.498321	 0.499280
 0.347337	 0.366441	-0.499598	-0.115237	 0.011652	 0.468975	 0.434504	 0.434334	 0.125651	 0.498805	 0.498504	 0.499280
 0.348901	 0.366441	-0.499596	-0.115237	 0.247370	 0.469068	 0.448235	 0.434702	 0.312429	 0.498805	 0.498595	 0.499280
 0.349684	 0.366441	-0.499595	-0.115237	 0.365230	 0.469114	 0.455101	 0.434886	 0.405819	 0.498805	 0.498641	-0.000720
 0.350075	 0.366441	-0.499595	-0.115237	 0.424159	 0.469137	 0.458533	 0.434978	 0.452513	 0.498805	 0.498664	-0.249718
 0.350270	 0.366441	-0.499595	-0.115237	 0.453624	 0.469149	 0.460250	 0.435024	 0.475860	 0.498805	 0.498675	-0.374217
 0.350368	 0.366441	-0.499595	-0.115237	-0.031643	-0.030845	-0.038892	 0.435047	 0.487534	 0.498805	 0.498681	 0.063533
 0.350417	 0.366441	-0.499595	-0.115237	-0.273243	-0.279781	-0.287387	 0.435058	 0.493371	 0.498805	 0.498684	 0.281406
 0.350442	 0.366441	-0.499595	-0.115237	 0.106986	 0.096809	 0.089438	 0.435064	-0.003711	 0.498805	 0.498685	 0.390342
 0.350454	 0.366441	-0.499595	-0.115237	 0.297101	 0.285104	 0.277850	 0.435067	-0.251250	 0.498805	 0.498686	 0.444810
 0.350460	-0.633559	-0.499595	-0.115237	 0.392159	 0.379251	 0.372056	 0.435068	 0.124980	 0.498805	 0.498686	 0.472044
 0.350463	-1.130292	-0.499595	-0.115237	 0.439687	 0.426325	 0.419159	 0.435069	 0.312093	 0.498805	 0.498686	 0.485661
 0.350464	-0.375405	-0.499595	-0.115237	 0.463452	-0.050138	 0.442710	 0.435069	 0.405650	 0.498805	 0.498687	 0.492470
 0.350465	 0.002039	-0.499595	-0.115237	 0.475334	-0.287317	 0.454486	 0.435069	 0.452428	 0.498805	 0.498687	 0.495874
 0.350466	 0.190761	-0.499595	-0.115237	 0.481275	-0.404857	 0.460374	 0.435070	 0.475817	 0.498805	 0.498687	 0.497576
 0.350466	 0.285122	-0.499595	-0.115237	 0.484246	 0.037418	 0.463318	 0.435070	 0.487511	 0.498805	 0.498687	 0.498427
 0.350466	 0.332302	-0.499595	-0.115237	 0.485731	 0.258555	 0.464790	 0.435070	 0.493359	 0.498805	 0.498687	 0.498853
 0.350466	 0.355893	-0.499595	-0.115237	 0.486473	 0.369124	 0.465526	 0.435070	 0.496282	 0.498805	 0.498687	 0.499065
 0.350466	 0.367688	-0.499595	-0.115237	 0.486845	 0.424408	 0.465894	 0.435070	 0.497744	 0.498805	 0.498687	 0.499172
-0.149534	 0.373585	-0.499595	-0.115237	 0.487030	 0.452050	 0.466078	 0.435070	 0.498475	 0.498805	 0.498687	 0.499225
-0.398235	 0.376534	-0.499595	-0.115237	 0.487123	 0.465872	 0.466170	 0.435070	 0.498840	 0.498805	 0.498687	 0.499252
-0.521292	 0.378009	-0.499595	-0.615237	 0.487170	 0.472782	 0.466216	 0.435070	 0.499023	 0.498805	 0.498687	 0.499265
-0.581531	 0.378746	-0.499595	-0.863007	 0.487193	 0.476237	 0.466239	 0.435070	 0.499115	 0.498805	 0.498687	 0.499272
-0.610367	 0.379114	-0.499595	-0.984670	 0.487205	 0.477965	 0.466250	 0.435070	 0.499160	 0.498805	 0.498687	 0.499275
-0.123507	 0.379299	-0.499595	-0.543289	-0.012790	 0.478829	-0.033744	 0.435070	 0.499183	 0.498805	-0.001313	 0.499277
 0.119923	 0.379391	-0.499595	-0.322598	-0.261761	 0.479261	-0.282674	 0.435070	 0.499195	 0.498805	-0.250311	 0.499277
 0.241638	 0.379437	-0.499595	-0.212253	 0.114774	 0.479477	 0.093925	 0.435070	 0.499200	 0.498805	 0.125191	 0.499278
 0.302496	 0.379460	-0.499595	-0.157081	 0.303042	 0.479585	 0.282224	 0.435070	 0.499203	 0.498805	 0.311940	 0.499278
 0.332924	 0.379471	-0.499595	-0.129494	 0.397176	 0.479639	 0.376374	 0.435070	 0.499205	 0.498805	 0.405314	 0.499278
 0.348139	 0.379477	-0.499595	-0.115701	 0.444243	 0.479666	 0.423448	 0.435070	 0.499205	 0.498805	 0.452002	 0.499278
 0.355746	 0.379480	-0.499595	-0.108804	 0.467777	 0.479679	 0.446986	 0.435070	 0.499206	 0.498805	 0.475345	 0.499278
 0.359550	 0.379482	-0.499595	-0.105356	 0.479543	 0.479686	 0.458755	 0.435070	 0.499206	 0.498805	 0.487017	 0.499278
 0.361451	 0.379482	-0.499595	-0.103632	 0.485427	 0.479689	 0.464639	 0.435070	 0.499206	 0.498805	 0.492853	 0.499278
 0.362402	 0.379483	-0.499595	-0.102770	 0.488368	 0.479691	 0.467581	 0.435070	 0.499206	 0.498805	 0.495771	-0.000722
 0.362878	 0.379483	-0.499595	-0.102339	 0.489839	 0.479692	 0.469052	 0.435070	 0.499206	 0.498805	 0.497230	-0.249720
 0.363115	 0.379483	-0.499595	-0.102123	 0.490575	-0.020308	 0.469788	 0.435070	 0.499206	 0.498805	 0.497960	 0.125780
 0.363234	 0.379483	-0.499595	-0.102016	 0.490942	-0.269267	 0.470155	 0.435070	 0.499206	 0.498805	 0.498324	 0.312528
 0.363294	 0.379483	-0.499595	-0.101962	-0.008874	 0.107290	 0.470339	 0.435070	 0.499206	 0.498805	 0.498507	 0.405902
 0.363323	 0.379483	-0.499595	-0.101935	-0.257764	 0.295568	 0.470431	 0.435070	 0.499206	 0.498805	 0.498598	 0.452589
 0.363338	 0.379483	-0.499595	-0.101921	 0.118804	 0.389708	 0.470477	 0.435070	-0.000794	 0.498805	 0.498643	 0.475933
 0.363346	 0.379483	-0.499595	-0.101915	 0.307088	 0.436777	 0.470500	 0.435070	-0.249792	 0.498805	 0.498666	 0.487604
 0.363349	 0.379483	-0.499595	-0.101911	 0.401230	 0.460312	 0.470512	 0.435070	-0.374292	 0.498805	 0.498678	 0.493440
-0.136649	 0.379483	-0.499595	-0.101910	 0.448301	 0.472079	 0.470518	 0.435070	 0.063459	 0.498805	 0.498683	 0.496358
-0.385375	 0.379483	-0.499595	-0.101909	 0.471836	 0.477963	 0.470520	 0.435070	 0.281332	 0.498805	 0.498686	 0.497817
-0.008469	 0.379483	 0.000405	-0.101908	-0.016396	-0.019095	 0.470522	 0.435070	 0.390268	 0.498805	 0.498688	 0.498546
 0.179983	 0.379483	 0.249405	-0.101908	-0.259503	-0.266592	 0.470523	 0.435070	 0.444736	 0.498805	 0.498688	 0.498911
 0.274210	 0.379483	-0.126096	-0.101908	 0.119949	 0.110688	 0.470523	 0.435070	 0.471970	 0.498805	 0.498689	 0.499094
 0.321323	 0.379483	-0.312843	-0.101908	 0.309675	 0.299328	 0.470523	 0.435070	 0.485587	 0.498805	 0.498689	 0.499185
 0.344880	 0.379483	-0.406216	-0.101908	 0.404538	 0.393648	 0.470523	 0.435070	 0.492396	 0.498805	 0.498689	 0.499230
 0.356658	 0.379483	-0.452903	-0.101908	 0.451969	 0.440808	 0.470523	 0.435070	 0.495800	 0.498805	 0.498689	 0.499253
 0.362547	 0.379483	-0.476246	-0.101908	 0.475685	 0.464388	 0.470523	 0.435070	 0.497502	 0.498805	 0.498689	 0.499265
 0.365492	 0.379483	-0.487918	-0.101908	 0.487543	 0.476178	 0.470523	 0.435070	 0.498353	 0.498805	-0.001311	 0.499270
 0.366964	 0.379483	-0.493754	-0.101908	 0.493472	 0.482073	 0.470523	 0.435070	 0.498779	 0.498805	-0.250308	 0.499273
 0.367700	 0.379483	-0.496672	-0.101908	 0.496436	 0.485020	 0.470523	 0.435070	-0.001008	 0.498805	 0.125193	 0.499275
 0.368068	 0.379483	-0.498131	-0.101908	 0.497918	 0.486494	 0.470523	 0.435070	-0.249901	 0.498805	 0.311942	 0.499275
 0.368252	 0.379483	-0.498860	-0.101908	 0.498659	 0.487231	 0.470523	 0.435070	 0.125653	-0.001195	 0.405317	 0.499276
 0.368344	 0.379483	-0.499225	-0.101908	 0.499030	 0.487599	 0.470523	 0.435070	 0.312428	-0.250192	 0.452004	 0.499276
 0.368390	 0.379483	 0.000593	-0.101908	-0.000785	-0.012216	 0.470523	 0.435070	 0.405815	 0.125309	-0.024652	 0.499276
 0.368413	 0.379483	 0.249501	-0.101908	-0.249691	-0.261100	 0.470523	 0.435070	 0.452509	 0.312058	-0.261978	 0.499276
 0.368425	 0.379483	 0.373955	-0.101908	-0.374144	-0.384522	 0.470523	 0.435070	 0.475856	 0.405432	-0.380640	 0.499276
 0.368430	 0.379483	-0.063818	-0.101908	 0.063629	-0.445217	 0.470523	 0.435070	 0.487529	 0.452119	 0.060028	 0.499276
 0.368433	 0.379483	-0.281702	-0.101908	 0.281513	-0.474553	 0.470523	 0.435070	 0.493366	 0.475463	 0.279361	 0.499276
 0.368435	 0.379483	-0.390643	-0.101908	 0.390455	-0.488213	 0.470523	 0.435070	-0.003716	 0.487135	 0.389028	 0.499276
 0.368435	 0.379483	-0.445114	-0.101908	 0.444926	-0.494039	 0.470523	 0.435070	-0.251255	 0.492971	 0.443861	 0.499276
-0.131564	 0.379483	 0.027650	-0.101908	 0.472162	 0.003047	 0.470523	 0.435070	 0.124975	 0.495889	 0.471277	 0.499276
-0.380301	 0.379483	 0.263032	-0.101908	 0.485780	 0.250591	 0.470523	 0.435070	 0.312088	 0.497348	 0.484986	 0.499276
-0.003411	 0.379483	 0.380723	-0.101908	 0.492588	 0.374362	 0.470523	 0.435070	 0.405645	 0.498077	 0.491840	 0.499276
 0.185034	 0.379483	 0.439568	-0.101908	 0.495993	 0.436248	 0.470523	 0.435070	 0.452423	 0.498442	 0.495267	 0.499276
 0.279256	 0.379483	-0.031009	-0.101908	-0.002305	 0.467191	 0.470523	 0.435070	 0.475812	 0.498624	 0.496980	 0.499276
 0.326367	 0.379483	-0.265295	-0.101908	-0.250453	 0.482662	 0.470523	 0.435070	 0.487506	 0.498716	 0.497837	 0.499276
 0.349923	 0.379483	-0.382438	-0.101908	-0.374526	 0.490398	 0.470523	 0.435070	 0.493354	 0.498761	 0.498266	 0.499276
 0.361701	 0.379483	-0.441009	-0.101908	 0.063437	 0.494266	 0.470523	 0.435070	 0.496277	 0.498784	 0.498480	 0.499276
 0.367590	 0.379483	-0.470295	-0.101908	 0.281415	 0.496200	 0.470523	 0.435070	 0.497739	 0.498795	 0.498587	 0.499276
 0.370534	 0.379483	-0.484938	-0.101908	 0.390405	 0.497167	 0.470523	 0.435070	 0.498470	 0.498801	 0.498640	 0.499276
 0.372006	 0.379483	-0.492259	-0.101908	 0.444899	 0.497650	 0.470523	 0.435070	 0.498836	 0.498804	 0.498667	 0.499276
 0.372742	 0.379483	-0.495920	-0.101908	 0.472147	 0.497892	 0.470523	 0.435070	 0.499018	 0.498805	 0.498681	 0.499276
 0.373110	 0.379483	-0.497750	-0.101908	 0.485770	 0.498013	 0.470523	 0.435070	 0.499110	 0.498806	 0.498687	 0.499276
 0.373294	 0.379483	-0.498665	-0.101908	 0.492582	 0.498073	 0.470523	 0.435070	 0.499155	 0.498806	 0.498691	 0.499276
 0.373387	 0.379483	-0.499123	-0.101908	 0.495988	 0.498104	 0.470523	 0.435070	 0.499178	 0.498807	 0.498692	 0.499276
 0.373433	 0.379483	-0.499352	-0.101908	 0.497691	 0.498119	 0.470523	 0.435070	 0.499190	 0.498807	 0.498693	 0.499276
 0.373456	-0.620517	-0.499466	-0.101908	 0.498543	-0.001874	 0.470523	 0.435070	 0.499195	 0.498807	 0.498694	 0.499276
 0.373467	-1.117276	-0.499523	-0.101908	 0.498968	-0.250866	 0.470523	 0.435070	 0.499198	 0.498807	 0.498694	 0.499276
 0.373473	-0.362427	-0.499552	-0.101908	-0.000819	 0.124637	 0.470523	 0.435070	 0.499200	 0.498807	 0.498694	 0.499276
 0.373476	 0.014997	-0.499566	-0.101908	-0.249711	 0.311389	 0.470523	 0.435070	 0.499200	 0.498807	 0.498694	 0.499276
 0.373477	 0.203709	-0.499573	-0.101908	 0.125843	 0.404765	 0.470523	 0.435070	 0.499201	 0.498807	 0.498694	 0.499276
 0.373478	 0.298065	-0.499577	-0.101908	 0.312617	 0.451453	 0.470523	 0.435070	 0.499201	 0.498807	 0.498694	 0.499276
 0.373478	 0.345243	 0.000421	-0.101908	 0.406004	 0.474797	 0.470523	 0.435070	 0.499201	 0.498807	 0.498694	 0.499276
 0.373478	 0.368832	 0.249420	-0.101908	 0.452697	 0.486469	 0.470523	 0.435070	 0.499201	 0.498807	 0.498694	 0.499276
 0.373478	 0.380627	 0.373919	-0.101908	 0.476044	 0.492305	 0.470523	 0.435070	 0.499201	 0.498807	 0.498694	 0.499276
 0.373478	 0.386524	-0.063832	-0.101908	 0.487718	 0.495223	 0.470523	 0.435070	 0.499201	 0.498807	 0.498694	 0.499276
 0.373479	 0.389473	-0.281704	-0.101908	 0.493554	 0.496682	 0.470523	 0.435070	 0.499201	 0.498807	 0.498694	 0.499276
 0.373479	 0.390947	-0.390640	-0.101908	 0.496473	 0.497411	 0.470523	 0.435070	 0.499201	 0.498807	 0.498694	 0.499276
 0.373479	 0.391684	-0.445108	-0.101908	 0.497932	 0.497776	 0.470523	 0.435070	 0.499201	 0.498807	 0.498694	 0.499276
-0.126521	 0.392053	 0.027658	-0.101908	 0.498661	 0.497958	 0.470523	-0.064930	 0.499201	-0.001193	 0.498694	 0.499276
-0.375268	 0.392237	 0.263040	-0.101908	 0.499026	 0.498049	 0.470523	-0.313800	 0.499201	-0.250191	 0.498694	 0.499276
 0.001606	 0.392329	-0.119268	-0.101908	 0.499209	 0.498095	 0.470523	 0.062890	 0.499201	 0.125310	-0.001306	 0.499276
 0.190043	 0.392375	-0.309420	-0.101908	 0.499300	 0.498118	 0.470523	 0.251235	 0.499201	 0.312059	-0.250303	 0.499276
 0.284262	 0.392398	-0.404495	-0.101908	 0.499345	 0.498129	 0.470523	 0.345407	 0.499201	 0.405434	-0.374802	 0.499276
 0.331371	 0.392410	-0.452033	-0.101908	 0.499368	 0.498135	 0.470523	 0.392494	 0.499201	 0.452121	 0.062949	 0.499276
 0.354926	 0.392415	-0.475802	-0.101908	 0.499380	 0.498138	 0.470523	 0.416037	 0.499201	 0.475465	 0.280822	 0.499276
 0.366703	 0.392418	-0.487687	-0.101908	 0.499385	 0.498139	 0.470523	 0.427808	-0.000799	 0.487136	 0.389759	 0.499276
 0.372592	 0.392420	-0.493629	-0.101908	 0.499388	 0.498140	 0.470523	 0.433694	-0.249797	 0.492972	 0.444228	 0.499276
-0.124464	 0.392420	-0.496600	-0.101908	-0.000610	-0.001860	 0.470523	 0.436637	 0.125703	 0.495890	 0.471462	 0.499276
-0.371748	 0.392421	-0.498086	-0.101908	-0.249609	-0.250856	 0.470523	 0.438109	 0.312451	 0.497349	 0.485079	 0.499276
 0.005847	 0.392421	-0.498828	-0.101908	 0.125892	 0.124646	 0.470523	 0.438844	 0.405825	 0.498079	 0.491888	 0.499276
 0.194645	 0.392421	-0.499200	-0.101908	 0.312640	 0.311397	 0.470523	 0.439212	 0.452512	 0.498444	 0.495292	 0.499276
 0.289044	 0.392421	-0.499385	-0.101908	 0.406014	 0.404772	 0.470523	 0.439396	 0.475856	 0.498626	 0.496994	 0.499276
 0.336243	-0.107579	-0.499478	-0.101908	 0.452701	 0.451460	 0.470523	 0.439488	-0.012472	 0.498717	 0.497845	 0.499276
 0.359843	-0.356364	-0.499525	-0.101908	 0.476044	 0.474804	 0.470523	 0.439534	-0.255635	 0.498763	 0.498271	 0.499276
 0.371643	 0.020454	-0.499548	-0.101908	 0.487716	 0.486476	 0.470523	 0.439557	 0.122784	 0.498785	 0.498484	 0.499276
 0.377543	 0.208863	-0.499559	-0.101908	 0.493552	 0.492312	 0.470523	 0.439569	 0.310991	 0.498797	 0.498590	 0.499276
 0.380493	 0.303068	-0.499565	-0.101908	 0.496470	 0.495230	 0.470523	 0.439574	 0.405094	 0.498803	 0.498643	 0.499276
 0.381968	 0.350170	-0.499568	-0.101908	 0.497929	 0.496689	 0.470523	 0.439577	 0.452146	 0.498805	 0.498670	 0.499276
 0.382705	 0.373721	-0.499570	-0.101908	 0.498658	 0.497418	 0.470523	 0.439579	 0.475672	 0.498807	 0.498683	 0.499276
 0.383074	 0.385497	-0.499570	-0.101908	 0.499023	 0.497783	 0.470523	 0.439579	 0.487435	 0.498808	 0.498690	 0.499276
 0.383259	 0.391384	-0.499571	-0.101908	 0.499205	 0.497965	 0.470523	 0.439580	 0.493316	 0.498808	 0.498693	 0.499276
 0.383351	 0.394328	-0.499571	-0.101908	 0.499297	 0.498056	 0.470523	 0.439580	 0.496257	 0.498808	 0.498695	 0.499276
 0.383397	 0.395800	-0.499571	-0.101908	 0.499342	 0.498102	 0.470523	 0.439580	 0.497727	 0.498808	 0.498696	 0.499276
 0.383420	 0.396536	-0.499571	-0.101908	-0.000635	 0.498125	-0.029477	 0.439580	 0.498463	 0.498808	 0.498696	-0.000724
 0.383431	 0.396904	-0.499571	-0.101908	-0.249622	 0.498136	-0.278418	 0.439580	 0.498830	 0.498808	 0.498696	-0.249723
 0.383437	 0.397088	-0.499571	-0.101908	 0.125884	 0.498142	 0.098166	 0.439580	 0.499014	 0.498808	 0.498696	 0.125778
 0.383440	 0.397180	-0.499571	-0.101908	 0.312634	 0.498145	 0.286459	 0.439580	 0.499106	 0.498808	 0.498696	 0.312526
 0.383441	 0.397226	-0.499571	-0.101908	 0.406010	 0.498146	 0.380605	 0.439580	 0.499152	 0.498808	 0.498696	 0.405900
 0.383442	 0.397249	-0.499571	-0.101908	 0.452697	 0.498147	 0.427678	 0.439580	 0.499175	 0.498808	 0.498696	 0.452587
 0.383443	 0.397261	-0.499571	-0.101908	 0.476041	 0.498147	 0.451214	 0.439580	 0.499186	 0.498808	 0.498696	 0.475930
 0.383443	 0.397266	-0.499571	-0.101908	-0.012287	 0.498147	 0.462982	 0.439580	 0.499192	 0.498808	 0.498696	 0.487602
 0.383443	 0.397269	-0.499571	-0.101908	-0.255450	 0.498147	 0.468866	 0.439580	 0.499195	 0.498808	 0.498696	 0.493438
 0.383443	 0.397271	-0.499571	-0.101908	-0.377031	 0.498147	 0.471809	 0.439580	 0.499196	-0.001192	-0.001304	 0.496356
 0.383443	 0.397271	-0.499571	-0.101908	-0.437822	 0.498147	 0.473280	 0.439580	 0.499197	-0.250189	-0.250301	 0.497815
 0.383443	 0.397272	-0.499571	-0.101908	 0.031783	 0.498148	 0.474015	 0.439580	 0.499197	 0.125312	 0.125200	 0.498544
 0.383443	 0.397272	-0.499571	-0.101908	 0.265582	 0.498148	 0.474383	 0.439580	 0.499198	 0.312061	 0.311950	 0.498909
-0.116557	 0.397272	-0.499571	-0.101908	 0.382482	 0.498148	 0.474567	 0.439580	-0.000802	 0.405435	 0.405324	 0.499091
-0.365324	 0.397272	-0.499571	-0.101908	 0.440932	 0.498148	 0.474659	 0.439580	-0.249801	 0.452123	 0.452012	 0.499183
-0.488479	 0.397272	-0.499571	-0.101908	 0.470157	 0.498148	 0.474705	 0.439580	-0.374300	 0.475466	 0.475355	 0.499228
-0.048834	 0.397272	-0.499571	-0.101908	 0.484769	 0.498148	 0.474728	 0.439580	 0.063451	 0.487138	 0.487027	-0.000749
 0.170989	 0.397272	-0.499571	-0.101908	 0.492075	 0.498148	 0.474739	 0.439580	 0.281323	 0.492974	 0.492863	-0.249736
 0.280901	 0.397272	-0.499571	-0.101908	 0.495728	 0.498148	 0.474745	 0.439580	-0.109740	 0.495892	 0.495781	 0.125770
 0.335856	 0.397272	-0.499571	-0.101908	 0.497555	 0.498148	 0.474748	 0.439580	-0.304270	 0.497351	 0.497240	 0.312521
 0.363334	 0.397272	-0.499571	-0.101908	 0.498468	 0.498148	 0.474749	 0.439580	 0.098464	 0.498080	 0.497969	 0.405896
 0.377073	 0.397272	-0.499571	-0.101908	 0.498925	 0.498148	 0.474750	 0.439580	 0.298830	 0.498445	 0.498334	 0.452584
 0.383943	 0.397272	-0.499571	-0.101908	 0.499153	 0.498148	 0.474750	 0.439580	 0.399012	 0.498627	 0.498516	 0.475928
 0.387377	 0.397272	-0.499571	-0.101908	 0.499267	 0.498148	 0.474750	 0.439580	 0.449103	 0.498719	 0.498608	 0.487600
 0.389095	 0.397272	-0.499571	-0.101908	 0.499325	 0.498148	 0.474751	 0.439580	 0.474149	 0.498764	 0.498653	 0.493436
 0.389953	 0.397272	-0.499571	-0.101908	-0.000647	 0.498148	 0.474751	 0.439580	 0.486672	 0.498787	 0.498676	 0.496354
 0.390383	 0.397272	-0.499571	-0.101908	-0.249631	 0.498148	 0.474751	 0.439580	 0.492933	 0.498798	 0.498687	 0.497813
 0.390597	 0.397272	-0.499571	-0.101908	 0.125876	 0.498148	 0.474751	 0.439580	 0.496064	 0.498804	 0.498693	 0.498542
 0.390705	 0.397272	-0.499571	-0.101908	 0.312627	 0.498148	 0.474751	 0.439580	 0.497629	 0.498807	 0.498696	 0.498907
 0.390758	 0.397272	-0.499571	-0.101908	 0.406003	 0.498148	 0.474751	 0.439580	 0.498412	 0.498808	 0.498697	 0.499089
 0.390785	 0.397272	-0.499571	-0.101908	 0.452691	 0.498148	 0.474751	 0.439580	 0.498803	 0.498809	 0.498698	 0.499180
 0.390799	 0.397272	-0.499571	-0.101908	-0.023965	 0.498148	 0.474751	 0.439580	-0.001001	 0.498809	 0.498698	 0.499226
 0.390805	 0.397272	-0.499571	-0.101908	-0.261292	 0.498148	 0.474751	 0.439580	-0.249902	 0.498810	 0.498699	 0.499249
 0.390809	 0.397272	-0.499571	-0.101908	-0.379956	 0.498148	 0.474751	 0.439580	-0.374352	 0.498810	 0.498699	 0.499260
 0.390810	 0.397272	 0.000429	-0.101908	-0.439287	 0.498148	 0.474751	 0.439580	 0.063423	 0.498810	 0.498699	 0.499266
 0.390811	 0.397272	 0.249428	-0.101908	-0.468953	 0.498148	 0.474751	 0.439580	 0.281308	 0.498810	 0.498699	 0.499269
-0.109188	 0.397272	-0.126072	-0.101908	 0.016214	 0.498148	-0.025249	 0.439580	 0.390251	 0.498810	 0.498699	 0.499270
-0.357970	 0.397272	-0.312819	-0.101908	 0.257795	 0.498148	-0.274199	 0.439580	 0.444722	 0.498810	 0.498699	 0.499271
 0.018853	 0.397272	-0.406193	-0.101908	 0.378585	 0.498148	 0.102373	 0.439580	 0.471957	 0.498810	 0.498699	 0.499271
 0.207264	 0.397272	-0.452880	-0.101908	 0.438980	 0.498148	 0.290658	 0.439580	 0.485575	 0.498810	 0.498699	 0.499271
 0.301470	 0.397272	-0.476223	-0.101908	 0.469178	 0.498148	 0.384801	 0.439580	 0.492384	-0.001190	 0.498699	 0.499271
 0.348573	 0.397272	-0.487895	-0.101908	 0.484277	 0.498148	 0.431873	 0.439580	 0.495789	-0.250188	 0.498699	 0.499272
 0.372124	 0.397272	-0.493731	-0.101908	 0.491826	 0.498148	 0.455408	 0.439580	 0.497491	-0.374687	 0.498699	 0.499272
 0.383900	 0.397272	-0.496649	-0.101908	 0.495601	 0.498148	 0.467176	 0.439580	 0.498342	 0.063064	 0.498699	 0.499272
 0.389788	 0.397272	-0.498108	-0.101908	 0.497488	 0.498148	 0.473060	 0.439580	 0.498767	 0.280938	 0.498699	 0.499272
 0.392732	 0.397272	-0.498837	-0.101908	 0.498432	-0.001852	 0.476002	 0.439580	 0.498980	 0.389874	 0.498699	 0.499272
 0.394204	 0.397272	-0.499202	-0.101908	 0.498904	-0.250849	 0.477473	 0.439580	 0.499087	 0.444343	 0.498699	 0.499272
 0.394940	 0.397272	-0.499384	-0.101908	 0.499140	 0.124653	 0.478209	 0.439580	 0.499140	 0.471577	 0.498699	 0.499272
 0.395308	 0.397272	-0.499475	-0.101908	 0.499258	 0.311404	 0.478576	 0.439580	 0.499166	 0.485194	 0.498699	 0.499272
-0.104508	 0.397272	-0.499521	-0.601908	 0.499317	 0.404779	 0.478760	 0.439580	 0.499180	 0.492003	 0.498699	 0.499272
-0.353208	 0.397272	-0.499544	-0.849704	 0.499346	 0.451467	 0.478852	 0.439580	 0.499186	 0.495407	 0.498699	 0.499272
-0.476353	 0.397272	-0.499555	-0.971407	 0.499361	 0.474810	 0.478898	 0.439580	 0.499190	 0.497109	 0.498699	 0.499272
-0.036727	 0.397272	-0.499561	-0.530072	-0.000632	 0.486482	 0.478921	 0.439580	-0.000809	 0.497960	-0.001301	 0.499272
 0.183086	 0.397272	-0.499564	-0.309405	-0.249627	 0.492318	 0.478933	 0.439580	-0.249806	 0.498386	-0.250299	 0.499272
 0.292992	 0.397272	-0.499565	-0.199071	-0.374124	 0.495236	 0.478938	 0.439580	 0.125695	 0.498599	 0.125203	 0.499272
 0.347945	 0.397272	-0.499566	-0.143905	-0.436373	 0.496695	 0.478941	 0.439580	 0.312443	 0.498705	 0.311952	 0.499272
 0.375422	 0.397272	-0.499566	-0.116321	 0.032502	 0.497425	 0.478943	 0.439580	 0.405817	 0.498758	 0.405327	 0.499272
 0.389160	 0.397272	-0.499566	-0.102530	 0.265937	 0.497790	 0.478943	 0.439580	 0.452504	 0.498785	 0.452014	 0.499272
 0.396030	 0.397272	-0.499566	-0.095634	 0.382655	 0.497972	 0.478944	 0.439580	-0.024152	 0.498798	 0.475358	 0.499272
 0.399464	 0.397272	-0.499566	-0.092186	 0.441014	 0.498063	 0.478944	 0.439580	-0.261479	 0.498805	 0.487029	 0.499272
 0.401181	 0.397272	-0.499566	-0.090462	 0.470193	 0.498109	 0.478944	 0.439580	-0.380142	 0.498808	 0.492865	 0.499272
 0.402040	 0.397272	-0.499567	-0.089600	 0.484783	 0.498132	-0.021056	 0.439580	 0.060526	 0.498810	 0.495783	 0.499272
 0.402469	 0.397272	-0.499567	-0.089169	 0.492078	 0.498143	-0.270014	 0.439580	 0.279858	 0.498810	 0.497242	 0.499272
-0.097316	 0.397272	-0.499567	-0.088953	 0.495725	 0.498149	 0.106545	 0.439580	 0.389524	 0.498811	 0.497972	-0.000728
-0.346014	 0.397272	-0.499567	-0.088846	 0.497549	 0.498151	 0.294825	 0.439580	 0.444357	 0.498811	 0.498336	-0.249727
 0.030826	 0.397272	-0.499567	-0.088792	-0.001539	 0.498153	 0.388965	 0.439580	 0.471773	 0.498811	 0.498519	 0.125774
 0.219246	 0.397272	-0.499567	-0.088765	-0.250082	 0.498154	 0.436034	 0.439580	 0.485482	 0.498811	 0.498610	 0.312522
 0.313456	 0.397272	-0.499567	-0.088751	 0.125646	 0.498154	 0.459569	 0.439580	 0.492336	 0.498811	 0.498656	 0.405895
 0.360561	 0.397272	-0.499567	-0.088745	 0.312508	 0.498154	 0.471337	 0.439580	 0.495763	 0.498811	 0.498678	 0.452582
 0.384113	 0.397272	-0.499567	-0.088741	-0.094061	 0.498154	 0.477221	 0.439580	 0.497476	 0.498811	 0.498690	 0.475926
 0.395890	 0.397272	-0.499567	-0.088739	-0.296345	 0.498154	 0.480162	 0.439580	 0.498333	 0.498811	 0.498696	 0.487598
 0.401778	 0.397272	-0.499567	-0.088739	-0.397486	 0.498154	 0.481633	 0.439580	 0.498762	 0.498811	 0.498698	 0.493434
 0.404722	 0.397272	-0.499567	-0.088738	 0.051943	 0.498154	 0.482369	 0.439580	 0.498976	 0.498811	 0.498700	 0.496351
 0.406194	 0.397272	-0.499567	-0.088738	 0.275655	 0.498154	 0.482737	 0.439580	 0.499083	 0.498811	 0.498701	 0.497810
 0.406930	 0.397272	-0.499567	-0.088738	 0.387511	 0.498154	-0.017080	 0.439580	 0.499136	 0.498811	 0.498701	 0.498540
 0.407298	 0.397272	-0.499567	-0.088738	 0.443439	 0.498154	-0.265954	 0.439580	 0.499163	 0.498811	 0.498701	 0.498905
-0.092518	 0.397272	-0.499567	-0.088738	 0.471403	 0.498154	 0.110639	 0.439580	 0.499177	 0.498811	 0.498701	 0.499087
-0.341241	 0.397272	-0.499567	-0.088738	 0.485385	 0.498154	 0.298935	 0.439580	 0.499183	 0.498811	 0.498701	 0.499178
-0.464423	 0.397272	-0.499567	-0.088738	 0.492376	 0.498154	 0.393083	 0.439580	 0.499187	 0.498811	 0.498701	 0.499224
-0.524839	 0.397272	-0.499567	-0.088738	 0.495871	 0.498154	 0.440157	 0.439580	 0.499188	 0.498811	 0.498701	 0.499247
-0.553876	 0.397272	-0.499567	-0.088738	 0.497619	 0.498154	 0.463694	 0.439580	 0.499189	 0.498811	 0.498701	 0.499258
-0.567229	 0.397272	-0.499567	-0.088738	 0.498493	 0.498154	 0.475463	 0.439580	 0.499190	 0.498811	 0.498701	 0.499264
-0.072744	-0.102728	-0.499567	-0.088738	 0.498930	 0.498154	 0.481347	 0.439580	 0.499190	 0.498811	 0.498701	 0.499267
 0.174498	-0.351522	-0.499567	-0.088738	 0.499148	 0.498154	 0.484289	 0.439580	 0.499190	 0.498811	 0.498701	 0.499268
 0.298119	-0.474719	-0.499567	-0.088738	 0.499257	 0.498154	 0.485760	 0.439580	 0.499190	 0.498811	 0.498701	 0.499269
 0.359930	-0.035122	-0.499567	-0.088738	 0.499312	 0.498154	 0.486496	 0.439580	 0.499190	 0.498811	 0.498701	 0.499269
 0.390835	 0.184677	-0.499567	-0.088738	 0.499339	 0.498154	 0.486863	 0.439580	 0.499190	 0.498811	 0.498701	 0.499269
