-0.434203	-0.181607	-0.499490	 0.149696	-0.499903	-0.010113	-0.449264	 0.254004	-0.488235	 0.223809	-0.702661	 0.307201
-0.556204	-0.181607	-0.499490	 0.149696	-0.499903	 0.015124	-0.474416	 0.376892	-0.494094	 0.223809	-0.826274	 0.402865
-0.116502	-0.181607	-0.499490	 0.149696	-0.499903	 0.027743	-0.486993	-0.061664	 0.002977	 0.223809	-0.387158	 0.450698
 0.103349	-0.181607	-0.499490	 0.149696	-0.499903	 0.034053	-0.493281	-0.280527	 0.250995	 0.223809	-0.167601	 0.474614
 0.213274	-0.181607	-0.499490	 0.149696	-0.499903	 0.037207	-0.496425	 0.110042	-0.124997	 0.223809	-0.057822	 0.486572
 0.268237	-0.181607	-0.499490	 0.149696	-0.499903	 0.038785	-0.497997	 0.304911	-0.312474	 0.223809	-0.002932	 0.492551
 0.295718	-0.181607	-0.499490	 0.149696	-0.499903	 0.039573	-0.498783	-0.097655	 0.093788	 0.223809	 0.024513	 0.495540
 0.309459	-0.181607	-0.499490	 0.149696	-0.499903	 0.039968	-0.499176	-0.298523	 0.296401	 0.223809	 0.038235	 0.497035
 0.316329	-0.181607	-0.499490	 0.149696	-0.499903	 0.040165	 0.000628	-0.398957	-0.102292	 0.223809	 0.045096	 0.497783
 0.319764	-0.181607	-0.499490	 0.149696	-0.499903	 0.040264	 0.250102	-0.449173	-0.301121	 0.223809	 0.048527	 0.498156
 0.321482	-0.181607	-0.499490	 0.149696	-0.499903	 0.040313	 0.374839	-0.474282	-0.400535	 0.223809	 0.050242	 0.498343
 0.322341	-0.181607	-0.499490	 0.149696	-0.499903	 0.040337	 0.437208	-0.486836	-0.450242	 0.223809	 0.051100	 0.498436
 0.322770	-0.181607	-0.499490	 0.149696	-0.499903	 0.040350	 0.468392	-0.493113	-0.475095	 0.223809	 0.051529	 0.498483
 0.322985	-0.181607	-0.499490	 0.149696	-0.499903	 0.040356	-0.016016	 0.003748	-0.487522	 0.223809	 0.051743	 0.498507
 0.323092	-0.181607	-0.499490	 0.149696	-0.499903	 0.040359	-0.257792	 0.251763	-0.493735	 0.223809	 0.051850	 0.498518
-0.176854	-0.181607	-0.499490	 0.149696	-0.499903	 0.040361	-0.378681	 0.375771	 0.003158	 0.223809	 0.051904	 0.498524
-0.426127	-0.181607	-0.499490	 0.149696	-0.499903	 0.040361	-0.439125	 0.437775	 0.251087	 0.223809	 0.051931	 0.498527
-0.550064	-0.181607	-0.499490	 0.149696	-0.499903	-0.459638	-0.469347	-0.031223	 0.375052	 0.223809	 0.051944	 0.498528
-0.611335	-0.181607	-0.499490	 0.149696	-0.499903	-0.708734	-0.484458	-0.265307	 0.437034	 0.223809	 0.051951	 0.498529
-0.641274	-0.181607	-0.499490	 0.149696	-0.499903	-0.832380	-0.492013	-0.382349	 0.468025	 0.223809	 0.051954	 0.498530
-0.655549	-0.181607	-0.499490	 0.149696	-0.499903	-0.393303	-0.495791	 0.059130	 0.483521	 0.223809	 0.051956	 0.498530
-0.661993	-0.181607	-0.499490	 0.149696	-0.499903	-0.173764	-0.497680	 0.279454	 0.491268	 0.223809	 0.051957	 0.498530
-0.164524	-0.181607	-0.499490	 0.149696	-0.499903	-0.063995	-0.498625	-0.110384	 0.495142	 0.223809	 0.051957	 0.498530
 0.084211	-0.181607	-0.499490	 0.149696	-0.499903	-0.009110	-0.499097	-0.304888	 0.497079	 0.223809	 0.051957	 0.498530
-0.291421	-0.181607	-0.499490	 0.149696	-0.499903	 0.018332	-0.499333	-0.402140	-0.001952	 0.223809	 0.051957	 0.498530
-0.478547	-0.181607	-0.499490	 0.149696	-0.499903	 0.032054	-0.499451	-0.450766	-0.250950	 0.223809	 0.051957	 0.498530
-0.571421	-0.181607	-0.499490	 0.149696	-0.499903	-0.461086	-0.499510	-0.475079	-0.375448	 0.223809	 0.051957	-0.001470
-0.617170	-0.181607	-0.499490	 0.149696	-0.499903	-0.706757	-0.499539	-0.487235	-0.437698	 0.223809	 0.051957	-0.250935
-0.639359	-0.181607	-0.499490	 0.149696	-0.499903	-0.328695	-0.499554	 0.006687	-0.468822	 0.223809	 0.051957	-0.375132
-0.649769	-0.181607	-0.499490	 0.149696	-0.499903	-0.139664	-0.499562	 0.253232	-0.484385	 0.223809	 0.051957	-0.437231
-0.654290	-0.181607	-0.499490	 0.149696	-0.499903	-0.045149	-0.499565	 0.376505	-0.492166	 0.223809	 0.051957	-0.468281
-0.155869	-0.181607	-0.499490	 0.149696	-0.499903	-0.497891	-0.499567	-0.061859	-0.496056	 0.223809	 0.051957	 0.016195
 0.093342	-0.181607	-0.499490	 0.149696	-0.499903	-0.723367	-0.499568	-0.280626	-0.498002	 0.223809	 0.051957	 0.257898
-0.282053	-0.181607	-0.499490	 0.149696	 0.000097	-0.335211	-0.499569	-0.390009	-0.498974	 0.223809	 0.051957	 0.378749
-0.469070	-0.181607	-0.499490	 0.149696	 0.249659	-0.141134	-0.499569	-0.444701	-0.499461	 0.223809	 0.051957	 0.439175
-0.561899	-0.181607	-0.499490	 0.149696	-0.125561	-0.044095	-0.499569	 0.027954	 0.000296	 0.223809	 0.051957	 0.469388
-0.607636	-0.181607	-0.499490	 0.149696	-0.312731	 0.004425	-0.499569	 0.263865	 0.249657	 0.223809	 0.051957	 0.484494
-0.629828	-0.181607	-0.499490	 0.649696	 0.093684	 0.028685	-0.499569	 0.381821	 0.374338	 0.223809	 0.051957	 0.492047
-0.640250	-0.181607	-0.499490	 0.898525	 0.296452	 0.040814	-0.499569	 0.440799	 0.436678	 0.223809	 0.051957	 0.495824
-0.644787	-0.181607	-0.499490	 1.021772	 0.397837	 0.046879	-0.499569	 0.470288	 0.467848	 0.223809	 0.051957	 0.497712
-0.146383	-0.181607	 0.000510	 0.582229	 0.448529	 0.049912	 0.000431	 0.485032	 0.483433	 0.223809	 0.051957	 0.498656
 0.102819	-0.181607	 0.250018	 0.362458	 0.473875	 0.051428	 0.250004	 0.492405	 0.491225	 0.223809	 0.051957	 0.499128
 0.227419	 0.318393	 0.374773	 0.752572	 0.986548	 0.552186	 0.374790	 0.996091	 0.495122	 0.723809	 0.051957	 0.499364
 0.289720	 0.567582	 0.437150	 0.946466	 1.241569	 0.801574	 0.437183	 1.246689	 0.497070	 0.972450	 0.051957	 0.499483
 0.320870	 0.691368	 0.468338	 1.542251	 2.367766	 1.425277	 0.968380	 1.370746	 0.498044	 1.095414	 0.051957	 0.499542
 0.336445	 0.752454	 0.483932	 1.837967	 2.927798	 1.735200	 1.232698	 1.431534	 0.498531	 1.155543	 0.051957	 0.499571
 0.844233	 1.282192	 0.991730	 3.483652	 5.204753	 2.888234	 1.363579	 1.460690	 0.498774	 1.184258	 0.051957	 0.499586
 1.096727	 1.545267	 1.244155	 4.301272	 6.336664	 3.460946	 1.427744	 1.474032	 0.498896	 1.197268	 0.051957	 0.499593
 1.221578	 1.675013	 1.368898	 4.704869	 6.896065	 3.743502	 1.458552	 1.479469	 0.498957	 1.202428	 0.051957	 0.499597
 1.282610	 1.738100	 1.929801	 5.401466	 6.669223	 3.880989	 1.972685	 1.980955	 0.998988	 1.203668	 0.551957	 0.499599
 1.311735	 1.767860	 2.207807	 5.743555	 6.550147	 3.945947	 2.227628	 2.229638	 1.247451	 1.202949	 0.800936	 0.499600
 1.324909	 2.280960	 1.844367	 6.408403	 6.984966	 3.974649	 1.852980	 2.351924	 0.870135	 1.201255	 0.424406	 0.499600
 1.330112	 2.534743	 1.661192	 6.733625	 7.195863	 3.985229	 1.664394	 2.411013	 0.681476	 1.199075	 0.236141	 0.499600
 1.331331	 2.158874	 1.568153	 6.389048	 6.794811	 3.986756	 2.068841	 2.438508	 0.587147	 1.196656	 0.142008	 0.499600
 1.330561	 1.969174	 1.520184	 6.210605	 6.588674	 3.983763	 2.268953	 2.450210	 0.539983	 1.194120	 0.094942	 0.499600
 1.328800	 2.372562	 1.994754	 6.115241	 6.980004	 3.978517	 2.366901	 1.954018	 1.016400	 1.191529	 0.071409	 0.499601
 1.326546	 2.571507	 2.229613	 6.061429	 7.169200	 3.972152	 2.413771	 1.704712	 1.253064	 1.188913	 0.059642	 0.499601
 1.324048	 2.668237	 2.344621	 6.028406	 7.257340	 3.965234	 2.435105	 1.578852	 1.369854	 1.186287	 0.053759	 0.499601
 0.821431	 2.213864	 1.899709	 5.005789	 6.294963	 3.458047	 1.943675	 1.514716	 0.926710	 1.183660	 0.050817	 0.499601
 0.570123	 1.984935	 1.675824	 4.490425	 5.809095	 3.201675	 1.696720	 1.481444	 0.705138	 1.181034	 0.049346	 0.499601
 0.944468	 1.368732	 1.562455	 3.228696	 4.561489	 2.570714	 1.572005	 1.463607	 0.594352	 0.678413	 0.048611	 0.499601
 1.130276	 1.059886	 1.504347	 2.595828	 3.934778	 2.253407	 1.508412	 1.453489	 0.538959	 0.427102	 0.048243	 0.499601
 0.721818	 0.404719	 0.973872	 1.777395	 2.618519	 1.592930	 0.975382	 0.947232	 0.011263	 0.301447	 0.048059	 0.499601
 0.517589	 0.077135	 0.708634	 1.367202	 1.959247	 1.261813	 0.708867	 0.694103	-0.252051	 0.238619	 0.047968	 0.499601
 0.415474	-0.086656	 0.576016	 1.161132	 1.628470	 1.095378	 0.575609	 0.567539	 0.116826	-0.292795	 0.047922	 0.499601
 0.364417	-0.168552	 0.509706	 1.057124	 1.461942	 1.011286	 0.508980	 0.504257	 0.301264	-0.557586	 0.047899	 0.499601
 0.338888	-0.209500	 0.476552	 1.004149	 1.377542	 0.968367	 0.475666	 0.472616	 0.393483	-0.689069	 0.047887	 0.499601
 0.326124	-0.229974	 0.459974	 0.976693	 0.834207	 0.446035	 0.459009	 0.456796	-0.060407	-0.253898	 0.047881	 0.499601
 0.319742	-0.240211	 0.451686	 0.961999	 0.562539	 0.184870	 0.450680	 0.448885	-0.286820	-0.036313	 0.047878	 0.499601
-0.183449	-0.245330	 0.447541	 0.453687	 0.426705	 0.054287	 0.446516	 0.444930	-0.399495	 0.072479	 0.047877	 0.499601
-0.434334	-0.247889	 0.445469	 0.199531	 0.358788	-0.011005	 0.444434	 0.442953	-0.455303	 0.126875	 0.047876	 0.499601
-0.059067	-0.249168	-0.055567	 0.072453	-0.175170	-0.043650	-0.056607	 0.441964	 0.017323	 0.154073	 0.047876	-0.000399
 0.128566	-0.249808	-0.305538	 0.008914	-0.441527	-0.059973	-0.306652	 0.441469	 0.253635	 0.167673	 0.047876	-0.249865
 0.222383	-0.250128	-0.429978	-0.022855	-0.574084	-0.068135	 0.068801	 0.441222	-0.128209	 0.174472	-0.452124	 0.125402
 0.269291	-0.250288	-0.491653	-0.038740	-0.639743	-0.072215	 0.256528	 0.441099	-0.318602	 0.177872	-0.701200	 0.312501
 0.292745	-0.250368	-0.521947	-0.046682	-0.671953	-0.074256	 0.350391	 0.441037	-0.413273	 0.179572	-0.824815	 0.406051
-0.195527	-0.250408	-0.036552	-0.050654	-0.687440	-0.075276	-0.102677	-0.058994	-0.460082	 0.180422	-0.885702	-0.047175
-0.438956	-0.250428	 0.206146	-0.052639	-0.694567	-0.075786	-0.328737	-0.308546	-0.482962	 0.180847	-0.915226	-0.273253
-0.559964	-0.250438	-0.172505	-0.053632	-0.697514	-0.076041	-0.441293	-0.432858	-0.493878	-0.318941	-0.429070	 0.113708
-0.619763	-0.250443	-0.361289	-0.054128	-0.698373	-0.076169	-0.497099	-0.494552	-0.498814	-0.567925	-0.185993	 0.306654
-0.148960	-0.250446	-0.455141	-0.054377	-0.698189	-0.076232	-0.524529	-0.024938	-0.500760	-0.191510	-0.064454	 0.403127
 0.086442	-0.250447	-0.501528	-0.054501	-0.697484	-0.076264	-0.537773	 0.209869	-0.501213	-0.003303	-0.003685	 0.451363
-0.295857	-0.250447	-0.524183	-0.054563	-0.696520	-0.076280	-0.543925	-0.172727	-0.500921	 0.090801	 0.026700	 0.475481
-0.486304	-0.250448	-0.534973	-0.054594	-0.695428	-0.076288	-0.546531	-0.363564	-0.500256	 0.137853	 0.041892	 0.487540
-0.580828	-0.250448	-0.539832	-0.054609	-0.694273	-0.076292	-0.547365	-0.458523	-0.499924	 0.161379	 0.049489	 0.493570
-0.627390	-0.250448	-0.541726	-0.054617	-0.693086	-0.076294	-1.047314	-0.505543	-0.499758	 0.173142	 0.053287	-0.003415
-0.649974	-0.250448	-0.542139	-0.054621	-0.691886	-0.076295	-1.295968	-0.528595	-0.499674	 0.179023	 0.055186	-0.251374
-0.660570	-0.250448	-0.541813	-0.054623	-0.690680	-0.076296	-0.918976	-0.039663	-0.499633	 0.181964	 0.056135	-0.375353
-0.665173	-0.250448	-0.541118	-0.054624	-0.689472	-0.076296	-0.730017	 0.204803	-0.499612	 0.183434	 0.056610	-0.437342
-0.666781	-0.250448	-0.540239	-0.054624	-0.688263	-0.576296	-0.635076	-0.172964	-0.499602	 0.184170	 0.056847	 0.031663
-0.666894	-0.250448	-0.539270	-0.054624	-0.687056	-0.825282	-0.587144	-0.361390	-0.499597	 0.184537	 0.056966	 0.265631
-0.666259	-0.250448	-0.538257	-0.054625	-0.685851	-0.948764	-0.562718	-0.455147	-0.499594	 0.184721	 0.057025	 0.382615
-0.665253	-0.250448	-0.537222	-0.054625	-0.684647	-1.009495	-0.550045	-0.501571	-0.499593	 0.184813	 0.057055	 0.441107
-0.664063	-0.250448	-0.536179	-0.054625	-0.683446	-1.038852	-0.543250	-0.524327	-0.499592	 0.184859	 0.057070	 0.470353
-0.162781	-0.250448	-0.535131	-0.054625	-0.682246	-0.552525	-0.539395	-0.535252	-0.499592	 0.184882	 0.057077	 0.484976
 0.087859	-0.250448	-0.534082	-0.054625	-0.681049	-0.309361	-0.537010	-0.540261	-0.499592	 0.184893	 0.057081	 0.492287
-0.286820	-0.250448	-0.533034	-0.054625	-0.679853	-0.187779	-0.535361	-0.542313	-0.499591	 0.184899	 0.057083	 0.495943
-0.473476	-0.250448	-0.531988	-0.054625	-0.678660	-0.126988	-0.534081	-0.542887	-0.499591	 0.184902	 0.057084	 0.497771
-0.566120	-0.250448	-0.530943	-0.054625	-0.677469	-0.096593	-0.532986	-0.542724	 0.000409	 0.184903	 0.057084	 0.498685
-0.611760	-0.250448	-0.529900	-0.054625	-0.676280	-0.081395	-0.531984	-0.542191	 0.249891	 0.184904	 0.057085	 0.499142
-0.133900	-0.250448	-0.528859	-0.554625	-0.675093	-0.073796	-0.531030	-0.041476	 0.374632	 0.184904	 0.057085	 0.499370
 0.105030	-0.250448	-0.527820	-0.803551	-0.673908	-0.069997	-0.530101	 0.208882	 0.437002	 0.184905	 0.057085	 0.499485
 0.224495	-0.250448	-0.526783	-0.926942	-0.672725	-0.068097	-0.529184	 0.334061	 0.468187	 0.184905	 0.057085	 0.499542
-0.215772	-0.250448	-0.525748	-0.487568	-0.671544	-0.067147	-0.528275	-0.103350	-0.016220	 0.184905	 0.057085	 0.499570
-0.435227	-0.250448	-0.524715	-0.267881	-0.670365	-0.066672	-0.527370	-0.321607	-0.257905	 0.184905	 0.057085	 0.499585
-0.544277	-0.250448	-0.523684	-0.158038	-0.669189	-0.066435	-0.526468	 0.069713	-0.378748	 0.184905	 0.057085	 0.499592
-0.598125	-0.250448	-0.522655	-0.103116	-0.668014	-0.066316	-0.525568	 0.265373	-0.439170	 0.184905	 0.057085	 0.499595
-0.124375	-0.250448	-0.521628	-0.075655	-0.666842	-0.066257	-0.524671	-0.136797	-0.469380	 0.184905	-0.442915	-0.000403
 0.112501	-0.250448	-0.520603	-0.061925	-0.665671	-0.066227	-0.523774	-0.337435	-0.484486	 0.184905	-0.692000	-0.249868
-0.269062	-0.250448	-0.519580	-0.055060	-0.664503	-0.566212	-0.522880	-0.437307	-0.492038	 0.184905	-0.315628	 0.125400
-0.459170	-0.250448	-0.518559	-0.051627	-0.663336	-0.815200	-0.521987	-0.486798	-0.495815	 0.184905	-0.127442	 0.312499
-0.553551	-0.250448	-0.517541	-0.049911	-0.662172	-0.938692	-0.521096	-0.511098	-0.497703	 0.184905	-0.033349	 0.406049
-0.600072	-0.250448	-0.516524	-0.049053	-0.661010	-0.499438	-0.520206	-0.522804	-0.498647	 0.184905	-0.486303	-0.047177
-0.622663	-0.250448	-0.515509	-0.048624	-0.659850	-0.279811	-0.519318	-0.528214	-0.499119	 0.184905	-0.711868	-0.273255
-0.633290	-0.250448	-0.514496	-0.048409	-0.658691	-0.169997	-0.518431	-0.530475	-0.499355	 0.184905	-0.323740	 0.113706
-0.637937	-0.250448	-0.513485	-0.048302	-0.657535	-0.115090	-0.517546	-0.531164	-0.499473	 0.184905	-0.129676	 0.306652
-0.639596	-0.250448	-0.512476	-0.048248	-0.656381	-0.087637	-0.516662	-0.531068	-0.499532	 0.184905	-0.032644	 0.403125
-0.639761	-0.250448	-0.511469	-0.048221	-0.655229	-0.073910	-0.515780	-0.530579	-0.499561	 0.184905	 0.015872	 0.451361
-0.639182	-0.250448	-0.510464	-0.048208	-0.654079	-0.067047	-0.514899	-0.529894	-0.499576	 0.184905	-0.459870	 0.475479
-0.638231	-0.250448	-0.509462	-0.048201	-0.652931	-0.063615	-0.514020	-0.529113	-0.499584	 0.184905	-0.696833	 0.487539
-0.637096	-0.250448	-0.508461	-0.048198	-0.651785	-0.561899	-0.513142	-0.528284	-0.499587	 0.184905	-0.814407	 0.493568
-0.635870	-0.250448	-0.507462	-0.048196	-0.650641	-0.810043	-0.512266	-0.527432	-0.499589	 0.184905	-0.872290	 0.496583
-0.634601	-0.250448	-0.506465	-0.048195	-0.649499	-0.933118	-0.511392	-0.526569	-0.499590	 0.184905	-0.900327	 0.498090
-0.133310	-0.250448	-0.505469	-0.048195	-0.648359	-0.493661	-0.510518	-0.525701	-0.499590	 0.184905	-0.413445	 0.498844
 0.117335	-0.250448	-0.504476	-0.048195	-0.647221	-0.273932	-0.509647	-0.524832	-0.499591	 0.184905	-0.170004	 0.499221
 0.242658	-0.250448	-0.503485	-0.048195	-0.646085	-0.164068	-0.508777	-0.523962	-0.499591	 0.184905	-0.048283	-0.000591
 0.305319	-0.250448	-0.502496	-0.048195	-0.644951	-0.109136	-0.507908	-0.523093	-0.499591	 0.184905	 0.012577	-0.249962
-0.163350	-0.250448	-0.501509	-0.048195	-0.643818	-0.581670	-0.507041	-0.522226	-0.499591	 0.184905	-0.456993	-0.374648
-0.397031	-0.250448	-0.500523	-0.048195	-0.642688	-0.816944	-0.506175	-0.521359	-0.499591	 0.184905	-0.690878	-0.436991
-0.513218	-0.250448	-0.500031	-0.048195	-0.641560	-0.433590	-0.505311	-0.520494	-0.499591	 0.184905	-0.306923	 0.031838
-0.570661	-0.250448	-0.499784	-0.048195	-0.640434	-0.241913	-0.504448	-0.519631	-0.499591	 0.184905	-0.114945	 0.265718
-0.598732	-0.250448	-0.499661	-0.048195	-0.639310	-0.146074	-0.503586	-0.518768	-0.499591	 0.184905	-0.018956	 0.382657
-0.612118	-0.250448	-0.499599	-0.548195	-0.638188	-0.598155	-0.502726	-0.017907	-0.499591	 0.184905	-0.470962	 0.441127
-0.618164	-0.250448	-0.499569	-0.797127	-0.637068	-0.823206	-0.501868	 0.232523	-0.499591	 0.184905	-0.696068	 0.470362
-0.620541	-0.250448	-0.499553	-0.920528	-0.635950	-0.934745	-0.501011	-0.142262	-0.499591	 0.184905	-0.307727	 0.484980
-0.621085	-0.250448	-0.499546	-0.981166	-0.634833	-0.989528	-0.500156	-0.329225	-0.499591	 0.184905	-0.113557	 0.492288
-0.620713	-0.250448	-0.499542	-0.510424	-0.633719	-1.015937	-0.499728	-0.422278	-0.499591	 0.184905	-0.016471	 0.495943
-0.619885	-0.250448	-0.499540	-0.275053	-0.632607	-1.028159	-0.499514	-0.468378	-0.499591	 0.184905	 0.032071	 0.497770
-0.118831	-0.250448	-0.499539	-0.157367	-0.631496	-0.533290	-0.499407	-0.491000	-0.499591	 0.184905	 0.056343	 0.498684
 0.131697	-0.250448	-0.499538	-0.098525	-0.630388	-0.285856	-0.499354	-0.501885	-0.499591	 0.184905	 0.068478	 0.499140
 0.256960	-0.250448	-0.499538	-0.069103	-0.629281	-0.162139	-0.499327	-0.506902	-0.499591	 0.184905	 0.074546	 0.499369
-0.180408	-0.250448	-0.499538	-0.054393	-0.628177	-0.600280	-0.499314	-0.508986	-0.499591	 0.184905	-0.422420	 0.499483
-0.398452	-0.250448	-0.499538	-0.047037	-0.627074	-0.818373	-0.499307	-0.509604	-0.499591	 0.184905	-0.670010	 0.499540
-0.506837	-0.250448	-0.499538	-0.043360	-0.625974	-0.426443	-0.499304	-0.509490	-0.499591	 0.184905	-0.292915	 0.499569
-0.560392	-0.250448	-0.499538	-0.041521	-0.624875	-0.230478	-0.499302	-0.509010	-0.499591	 0.184905	-0.104367	 0.499583
-0.586534	-0.250448	-0.499538	-0.040601	-0.623778	-0.632496	-0.499301	-0.008348	-0.499591	 0.184905	-0.010093	-0.000410
-0.598971	-0.250448	-0.499538	-0.040142	-0.622683	-0.832530	-0.499301	 0.241983	-0.499591	 0.184905	 0.037044	-0.249872
-0.604557	-0.250448	-0.499538	-0.039912	-0.621590	-0.931575	-0.499300	-0.132851	-0.499591	 0.184905	 0.060613	-0.374603
-0.606718	-0.250448	-0.499538	-0.039797	-0.620499	-0.980127	-0.499300	-0.319847	-0.499591	 0.184905	 0.072397	-0.436968
-0.607168	-0.250448	-0.499538	-0.039739	-0.619410	-1.003434	-0.499300	-0.412925	-0.499591	 0.184905	 0.078289	-0.468151
-0.606765	-0.250448	-0.499538	-0.039711	-0.618323	-0.514120	-0.499300	-0.459044	-0.499591	 0.184905	-0.418765	 0.016257
-0.605935	-0.250448	-0.499538	-0.039696	-0.617238	-0.269463	-0.499300	-0.481684	-0.499591	 0.184905	-0.666403	 0.257927
-0.604894	-0.250448	-0.499538	-0.039689	-0.616154	-0.647135	-0.499300	-0.492586	-0.499591	 0.184905	-0.789334	 0.378762
-0.603749	-0.250448	-0.499538	-0.039686	-0.615073	-0.835005	-0.499300	-0.497619	-0.499591	 0.184905	-0.849914	 0.439179
-0.102552	-0.250448	-0.499538	-0.039684	-0.613993	-0.427977	-0.499300	-0.499718	-0.499591	 0.184905	-0.879320	 0.469388
 0.148046	-0.250448	-0.499538	-0.039683	-0.612915	-0.224463	-0.499300	-0.500352	-0.499591	 0.184905	-0.893140	 0.484492
-0.226655	-0.250448	-0.499538	-0.039682	-0.611839	-0.622706	-0.499300	-0.500253	-0.499591	 0.184905	-0.399170	 0.492044
-0.413383	-0.250448	-0.499538	-0.039682	-0.610766	-0.820866	-0.499300	-0.499788	-0.499591	 0.184905	-0.152185	 0.495820
-0.506126	-0.250448	-0.499538	-0.039682	-0.609694	-0.918986	-0.499300	-0.499556	-0.499591	 0.184905	-0.028692	 0.497709
-0.551877	-0.250448	-0.499538	-0.039682	-0.608623	-0.967089	-0.499300	 0.000560	-0.499591	 0.184905	 0.033054	 0.498653
-0.574134	-0.250448	-0.499538	-0.039682	-0.607555	-0.990184	-0.499300	 0.250203	-0.499591	 0.184905	 0.063927	 0.499125
-0.584646	-0.250448	-0.499538	-0.039682	-0.606489	-0.500777	-0.499300	-0.124976	-0.499591	 0.184905	 0.079364	-0.000639
-0.589285	-0.250448	-0.499538	-0.039682	-0.605424	-0.256073	-0.499300	-0.312150	-0.499591	 0.184905	 0.087082	-0.249987
-0.590990	-0.250448	-0.499538	-0.039682	-0.604361	-0.633722	-0.499300	-0.405737	-0.499591	 0.184905	 0.090941	 0.125339
-0.591230	-0.250448	-0.499538	-0.039682	-0.603301	-0.821593	-0.499300	-0.452531	-0.499591	 0.184905	 0.092871	 0.312468
-0.090737	-0.250448	-0.499538	-0.039682	-0.602242	-0.414578	-0.499300	 0.024072	-0.499591	 0.184905	 0.093836	 0.406032
 0.159509	-0.250448	-0.499538	-0.039682	-0.601185	-0.211071	-0.499300	 0.261959	-0.499591	 0.184905	 0.094318	 0.452814
 0.284633	-0.250448	-0.499538	-0.039682	-0.600129	-0.109317	-0.499300	 0.380902	-0.499591	 0.184905	 0.094559	 0.476205
 0.347194	-0.250448	-0.499538	-0.039682	-0.599076	-0.058440	-0.499300	-0.059627	-0.499591	 0.184905	 0.094680	 0.487900
 0.378475	-0.250448	-0.499538	-0.039682	-0.598025	-0.033002	-0.499300	-0.279476	-0.499591	 0.184905	 0.094740	 0.493748
-0.105885	-0.250448	-0.499538	-0.039682	-0.596975	-0.020282	-0.499300	-0.389401	-0.499591	 0.184905	-0.405230	 0.496672
-0.347453	-0.250448	-0.499538	-0.039682	-0.595927	-0.013923	-0.499300	-0.444363	-0.499591	 0.184905	-0.654336	 0.498134
-0.467628	-0.250448	-0.499538	-0.039682	-0.594881	-0.510743	-0.499300	-0.471844	-0.499591	 0.184905	-0.278011	 0.498865
-0.527107	-0.250448	-0.499538	-0.039682	-0.593837	-0.758204	-0.499300	-0.485585	-0.499591	 0.184905	-0.089849	 0.499231
-0.556240	-0.250448	-0.499538	-0.039682	-0.592795	-0.380988	-0.499300	-0.492455	-0.499591	 0.184905	 0.004232	-0.000587
-0.570200	-0.250448	-0.499538	-0.039682	-0.591754	-0.192379	-0.499300	-0.495890	-0.499591	 0.184905	 0.051272	-0.249961
-0.576575	-0.250448	-0.499538	-0.039682	-0.590715	-0.098075	-0.499300	-0.497608	-0.499591	 0.184905	 0.074793	-0.374648
-0.579160	-0.250448	-0.499538	-0.039682	-0.589678	-0.050923	-0.499300	-0.498466	-0.499591	 0.184905	 0.086553	 0.063008
-0.579850	-0.250448	-0.499538	-0.039682	-0.588643	-0.027347	-0.499300	-0.498896	-0.499591	 0.184905	 0.092433	 0.281302
-0.079594	-0.250448	-0.499538	-0.039682	-0.587610	-0.015559	-0.499300	-0.499111	-0.499591	 0.184905	 0.095373	 0.390449
 0.170534	-0.250448	-0.499538	-0.039682	-0.586579	-0.009665	-0.499300	-0.499218	-0.499591	 0.184905	 0.096843	 0.445022
-0.204402	-0.250448	-0.499538	-0.039682	-0.585549	-0.006718	-0.499300	-0.499272	-0.499591	 0.184905	 0.097578	 0.472309
-0.391270	-0.250448	-0.499538	-0.039682	-0.584521	-0.005244	-0.499300	-0.499298	-0.499591	 0.184905	 0.097945	 0.485952
-0.484106	-0.750448	-0.999538	-0.039682	-0.583495	-0.504508	 0.000700	 0.000688	-0.499591	 0.184905	 0.098129	 0.492774
-0.529927	-0.999210	-1.248065	-0.039682	-0.582471	-0.753194	 0.250272	 0.250266	-0.499591	 0.184905	 0.098221	 0.496185
-0.552241	-1.122355	-1.370858	-0.039682	-0.581449	-0.876593	 0.375059	 0.375055	-0.499591	 0.184905	 0.098267	 0.497890
-0.562804	-0.682695	-0.930787	-0.039682	-0.580428	-0.937351	-0.062548	-0.062551	-0.499591	 0.184905	-0.401710	-0.001257
-0.567492	-0.462864	-0.710752	-0.039682	-0.579410	-0.966790	-0.280925	-0.280938	-0.499591	 0.184905	-0.650823	-0.250296
-0.569243	-0.352949	-0.600734	-0.039682	-0.578393	-0.480571	-0.390113	-0.390132	-0.499591	 0.184905	-0.774506	 0.125184
-0.569528	-0.297992	-0.545725	-0.039682	-0.577377	-0.237462	-0.444707	-0.444729	-0.499591	 0.184905	-0.835475	 0.312389
-0.569081	-0.270513	-0.518221	-0.039682	-0.576364	-0.615907	-0.472004	 0.027972	-0.499591	 0.184905	-0.365089	-0.094008
-0.568269	-0.256773	-0.504469	-0.039682	-0.575352	-0.804193	-0.485653	 0.263908	-0.499591	 0.184905	-0.129896	-0.296672
-0.567275	-0.249904	-0.497593	-0.039682	-0.574342	-0.397402	-0.492477	-0.118125	-0.499591	-0.315095	-0.012300	 0.101996
-0.566192	-0.246469	-0.494155	-0.039682	-0.573334	-0.194006	-0.495889	-0.308726	-0.499591	-0.564190	 0.046498	 0.300795
-0.565066	-0.244751	-0.492435	-0.039682	-0.572328	-0.092308	-0.497595	-0.404026	-0.499591	-0.687834	 0.075898	 0.400195
-0.563919	-0.243893	-0.491576	-0.039682	-0.571323	-0.041459	-0.498448	-0.451677	-0.499591	-0.248755	 0.090597	 0.449895
-0.562763	-0.243463	-0.491146	-0.039682	-0.570321	-0.016034	-0.498875	-0.475502	-0.499591	-0.029215	 0.097947	 0.474744
-0.561604	-0.243249	-0.490931	-0.039682	-0.569319	-0.503322	-0.499088	-0.487414	-0.499591	 0.080554	 0.101622	-0.012831
-0.560444	-0.243141	-0.490824	-0.039682	-0.568320	-0.746033	-0.499195	-0.493371	-0.499591	 0.135439	 0.103459	-0.256084
-0.559285	-0.243088	-0.490770	-0.039682	-0.567323	-0.366457	-0.499248	 0.003651	-0.499591	 0.162882	-0.395622	-0.377710
-0.558128	-0.243061	-0.490743	-0.039682	-0.566327	-0.176669	-0.499275	 0.251747	-0.499591	 0.176603	-0.644294	-0.438523
-0.556973	-0.243047	-0.490730	-0.039682	-0.565333	-0.081775	-0.499288	-0.124206	-0.499591	-0.316536	-0.267763	 0.031070
-0.555820	-0.243041	-0.490723	-0.039682	-0.564340	-0.034329	-0.499294	-0.311767	-0.499591	-0.562207	-0.079497	 0.265332
-0.554670	-0.243037	-0.490720	-0.039682	-0.563350	-0.010605	-0.499298	-0.405547	-0.499591	-0.684145	 0.014636	 0.382463
-0.553522	-0.243036	-0.490718	-0.039682	-0.562361	 0.001257	-0.499299	-0.452438	 0.000409	-0.244219	 0.061702	 0.441028
-0.552376	-0.243035	-0.490717	-0.039682	-0.561374	 0.007188	-0.499300	-0.475883	 0.249891	-0.024255	 0.085235	 0.470311
-0.551232	-0.243034	-0.490717	-0.039682	-0.560389	 0.010153	-0.499301	 0.012395	-0.125368	 0.085726	 0.097002	-0.015048
-0.550091	-0.243034	-0.490717	-0.039682	-0.559405	 0.011636	-0.499301	 0.256118	-0.312479	 0.140717	 0.102885	-0.257192
-0.548953	-0.243034	-0.490717	-0.039682	-0.558423	 0.012377	-0.499301	-0.122020	-0.406035	 0.168212	-0.394173	 0.121735
-0.547816	-0.243034	-0.490717	-0.039682	-0.557443	 0.012748	-0.499301	-0.310674	-0.452813	 0.181960	-0.641837	 0.310664
-0.046682	-0.243034	-0.490716	-0.039682	-0.556465	 0.012933	-0.499301	-0.405002	-0.476202	 0.188834	-0.264805	 0.405129
 0.203885	-0.243034	-0.490716	-0.039682	-0.555488	 0.013026	-0.499301	-0.452165	-0.487896	 0.192271	-0.076289	 0.452361
 0.329168	-0.243034	-0.490716	-0.039682	-0.554513	 0.013072	-0.499301	-0.475747	-0.493743	 0.193989	 0.017969	 0.475977
 0.391810	-0.243034	-0.490716	-0.039682	-0.553539	 0.013095	-0.499301	-0.487538	-0.496667	 0.194849	-0.434903	 0.487785
 0.423131	-0.243034	-0.490716	-0.039682	-0.552568	 0.013107	-0.499301	-0.493433	-0.498129	 0.195278	-0.660476	 0.493689
-0.061209	-0.243034	-0.490716	-0.039682	-0.551598	-0.486887	-0.499301	 0.003619	-0.498860	 0.195493	-0.272402	 0.496641
-0.302814	-0.243034	-0.490716	-0.039682	-0.550630	-0.735955	-0.499301	 0.251730	-0.499225	 0.195600	-0.078366	 0.498117
-0.423053	-0.243034	-0.490716	-0.039682	-0.549663	-0.359561	-0.499301	-0.124215	-0.499408	 0.195654	-0.481347	-0.001145
-0.482610	-0.243034	-0.490716	-0.039682	-0.548699	-0.171364	-0.499301	-0.311772	-0.499499	 0.195681	-0.681979	-0.250241
-0.011827	-0.243034	-0.490716	-0.039682	-0.547735	-0.077266	 0.000699	-0.405551	 0.000455	 0.195694	-0.281438	 0.125210
 0.223564	-0.243034	-0.490716	-0.039682	-0.546774	-0.030216	 0.250271	-0.452440	 0.249914	 0.195701	-0.081168	 0.312402
-0.158740	-0.243034	-0.490716	-0.039682	-0.545814	-0.006692	-0.124942	 0.024115	-0.125356	 0.195704	 0.018967	 0.405997
-0.349333	-0.243034	-0.490716	-0.039682	-0.544856	 0.005071	-0.312122	 0.261977	-0.312473	 0.195706	 0.069035	 0.452795
-0.444070	-0.243034	-0.490716	-0.039682	-0.543900	 0.010952	-0.405712	 0.380909	-0.406032	 0.195707	 0.094069	 0.476194
-0.490881	-0.243034	-0.490716	-0.039682	-0.542945	 0.013892	-0.452507	-0.059626	-0.452811	 0.195707	 0.106586	 0.487893
-0.513730	-0.243034	-0.490716	-0.039682	-0.541992	 0.015363	-0.475905	-0.279478	-0.476200	 0.195708	 0.112844	 0.493743
-0.524599	-0.243034	-0.490716	-0.039682	-0.541041	 0.016098	-0.487603	-0.389404	-0.487895	 0.195708	 0.115973	-0.003332
-0.529479	-0.243034	-0.490716	-0.039682	-0.540091	 0.016465	-0.493453	-0.444367	-0.493743	 0.195708	 0.117538	-0.251335
-0.531366	-1.743034	-0.490716	-0.039682	-0.539143	 0.016649	-0.496377	-0.471849	-0.496666	 0.195708	-0.381680	 0.124663
-0.531758	-2.489823	-0.490716	-0.039682	-0.538197	 0.016741	-0.497840	-0.485590	-0.498128	 0.195708	-0.630433	 0.312128
-0.031403	-1.360013	-0.490716	-0.039682	-0.537252	-0.483213	-0.498571	-0.492460	-0.498859	 0.195708	-0.253956	-0.094140
 0.218775	-0.795108	-0.490716	-0.039682	-0.536309	-0.732264	-0.498936	-0.495895	-0.499225	 0.195708	-0.065718	-0.296740
 0.343864	-0.512655	-0.490716	-0.039682	-0.535368	-0.855865	-0.499119	-0.497613	-0.499407	 0.195708	 0.028401	-0.398039
-0.093592	-0.371429	-0.490716	-0.039682	-0.534428	-0.916744	-0.499211	 0.001528	 0.000501	 0.195708	-0.424539	 0.051311
-0.311770	-0.300816	-0.490716	-0.039682	-0.533490	-0.946262	-0.499256	 0.250684	 0.249938	 0.195708	-0.650157	 0.275451
 0.079689	-0.265509	-0.490716	-0.039682	-0.532554	-0.960102	-0.499279	-0.124739	-0.125344	 0.195708	-0.262116	 0.387521
 0.275419	-0.247856	-0.490716	-0.039682	-0.531619	-0.966105	-0.499291	-0.312035	-0.312467	 0.195708	-0.068095	 0.443557
-0.126716	-0.239029	-0.490716	-0.039682	-0.530686	-0.968191	-0.499296	 0.094317	-0.406028	 0.195708	 0.028915	 0.471574
-0.327236	-0.234616	-0.490716	-0.039682	-0.529754	-0.968320	-0.499299	 0.297077	-0.452809	 0.195708	 0.077420	 0.485583
 0.073050	-0.232409	-0.490716	-0.539682	-0.528825	-0.967472	-0.499301	-0.101542	-0.476199	 0.195708	 0.101673	-0.007413
 0.273193	-0.231306	-0.490716	-0.788623	-0.527896	-0.966138	-0.499301	-0.300437	-0.487894	 0.195708	 0.113799	-0.253376
 0.373264	-0.230754	-0.490716	-0.912037	-0.526970	-0.964562	-0.499302	-0.399885	-0.493742	 0.195708	 0.119862	-0.376358
-0.076700	-0.230478	-0.490716	-0.472690	-0.526045	-0.962867	-0.499302	-0.449608	-0.496666	-0.304292	 0.122894	-0.437849
-0.301137	-0.230340	-0.490716	-0.253017	-0.525121	-0.961114	-0.499302	-0.474470	-0.498128	-0.553399	 0.124410	-0.468594
-0.412811	-0.230272	-0.490716	-0.143180	-0.524200	-0.459335	-0.499302	 0.013099	-0.498859	-0.177061	-0.374833	 0.016033
-0.468106	-0.230237	-0.490716	-0.088261	-0.523280	-0.208445	-0.499302	 0.256468	-0.499224	 0.011108	-0.623605	 0.257812
 0.004789	-0.230220	-0.490716	-0.060802	-0.522361	-0.083000	-0.499302	-0.121847	-0.499407	 0.105192	-0.747144	 0.378702
 0.241236	-0.230211	-0.490716	-0.047073	-0.521444	-0.020277	-0.499302	-0.310590	-0.499498	 0.152235	-0.808068	 0.439146
-0.140540	-0.230207	-0.490716	-0.040208	-0.520529	 0.011084	-0.499302	-0.404962	-0.499544	 0.175756	-0.837686	 0.469369
-0.330888	-0.230205	-0.490716	-0.036775	-0.519615	 0.026765	-0.499302	-0.452147	-0.499567	 0.187516	-0.851653	 0.484480
-0.425522	-0.230204	-0.490716	-0.035059	-0.518703	 0.034605	-0.499302	-0.475740	-0.499578	 0.193397	-0.857796	 0.492035
-0.472301	-0.230203	-0.490716	-0.034201	-0.517793	 0.038525	-0.499302	-0.487536	-0.499584	 0.196337	-0.360029	-0.004187
-0.495153	-0.230203	-0.490716	-0.033772	-0.516884	 0.040485	-0.499302	-0.493435	-0.499587	 0.197807	-0.111145	-0.251763
-0.506043	-0.230203	-0.490716	-0.033557	-0.515977	 0.041465	-0.499302	-0.496384	-0.499588	-0.301458	-0.486704	-0.375552
-0.510953	-0.230203	-0.490716	-0.033450	-0.515071	 0.041955	-0.499302	-0.497858	-0.499589	-0.550201	-0.673645	-0.437446
-0.512874	-0.230203	-0.490716	-0.033397	-0.514167	 0.042200	-0.499302	-0.498596	-0.499589	-0.173686	-0.266281	 0.031607
-0.513301	-0.230203	-0.490716	-0.033370	-0.513264	 0.042323	-0.499302	-0.498964	-0.499589	 0.014572	-0.062598	 0.265599
-0.012983	-0.230203	-0.490716	-0.033356	-0.512364	 0.042384	-0.499302	 0.000851	-0.499590	 0.108701	-0.460757	 0.382595
 0.237176	-0.230203	-0.490716	-0.033350	-0.511464	 0.042415	-0.499302	 0.250344	-0.499590	 0.155766	-0.659003	 0.441093
 0.362255	-0.230203	-0.490716	-0.033346	-0.510567	 0.042430	-0.499302	 0.375090	-0.499590	 0.179298	-0.757293	 0.470342
 0.424795	-0.230203	-0.490716	-0.033345	-0.509670	-0.457562	-0.499302	-0.062537	-0.499590	 0.191064	-0.805607	 0.484966
 0.456065	-0.230203	-0.490716	-0.033344	-0.508776	-0.706657	-0.499302	-0.280935	-0.499590	 0.196947	-0.828935	 0.492278
 0.471700	-0.230203	-0.490716	-0.033343	-0.507883	-0.330304	-0.499302	 0.109866	-0.499590	 0.199889	-0.339772	-0.004066
 0.479517	-0.230203	-0.490716	-0.033343	-0.506991	-0.142127	-0.499302	 0.304850	-0.499590	 0.201359	-0.095190	-0.251703
-0.016574	-0.230203	-0.490716	-0.533343	-0.506101	-0.048039	-0.499302	-0.097657	-0.499590	 0.202095	-0.472899	 0.124478
-0.264089	-0.230203	-0.490716	-0.782291	-0.505213	-0.000995	-0.499302	-0.298496	-0.499590	 0.202462	-0.660928	 0.312034
-0.387317	-0.230203	-0.490716	-0.405715	-0.504326	 0.022527	-0.499302	-0.398915	-0.499590	 0.202646	-0.754118	 0.405812
-0.448403	-0.230203	-0.490716	-0.217427	-0.503441	 0.034288	-0.499302	-0.449125	-0.499590	 0.202738	-0.799890	 0.452701
-0.478418	-0.230203	-0.490716	-0.123282	-0.502557	 0.040169	-0.499302	-0.474230	-0.499590	 0.202784	-0.821955	 0.476145
-0.492900	-0.230203	-0.490716	-0.076210	-0.501675	 0.043109	-0.499302	-0.486782	-0.499590	-0.297193	-0.332168	 0.487868
-0.499615	-0.230203	-0.490716	-0.052674	-0.500795	 0.044579	-0.499302	-0.493058	-0.499590	-0.546296	-0.087275	 0.493729
-0.002449	-0.730203	-0.490716	-0.040906	-0.500354	 0.045314	-0.499302	-0.496196	-0.499590	-0.169964	 0.035172	-0.003341
 0.246134	-0.978985	-0.490716	-0.035022	-0.500134	 0.045682	-0.499302	-0.497765	-0.499590	 0.018202	 0.096396	-0.251341
-0.129574	-0.602160	-0.490716	-0.032080	-0.500024	 0.045866	-0.499302	-0.498550	-0.499590	 0.112285	 0.127007	-0.375341
-0.316905	-0.413747	-0.490716	-0.030609	-0.499969	 0.045958	-0.499302	-0.498942	-0.499590	 0.159326	 0.142313	-0.437341
-0.410049	-0.319541	-0.490716	-0.029874	-0.499942	 0.046003	-0.499302	-0.499138	-0.499590	 0.182847	 0.149966	-0.468341
-0.456100	-0.272438	-0.490716	-0.029506	-0.499928	 0.046026	-0.499302	-0.499236	-0.499590	 0.194607	 0.153793	-0.483841
-0.478606	-0.248887	-0.490716	-0.029322	-0.499921	 0.046038	-0.499302	-0.499286	-0.499590	 0.200487	 0.155706	-0.491591
-0.489340	-0.237111	-0.490716	-0.029230	-0.499918	-0.453956	-0.499302	 0.000690	-0.499590	 0.203427	 0.156662	-0.495466
-0.494190	-0.231223	-0.490716	-0.029184	-0.499916	-0.703055	-0.499302	 0.250262	-0.499590	 0.204897	 0.157141	-0.497404
 0.003386	-0.228279	-0.490716	-0.029161	-0.499915	-0.326708	-0.499302	-0.124952	-0.499590	 0.205633	 0.157380	 0.001628
 0.251655	-0.226807	-0.490716	-0.029150	-0.499915	-0.138534	-0.499302	-0.312143	-0.499590	 0.206000	 0.157499	 0.250609
-0.124211	-0.226071	-0.490716	-0.029144	-0.499914	-0.044447	-0.499302	 0.094261	-0.499590	 0.206184	 0.157559	 0.375099
-0.311626	-0.225703	-0.490716	-0.029141	-0.499914	 0.002596	-0.499302	 0.297047	-0.499590	 0.206276	 0.157589	 0.437344
 0.094667	-0.225519	-0.490716	-0.029140	-0.499914	-0.473882	-0.499302	-0.101560	-0.499590	 0.206322	-0.342396	 0.468467
 0.297294	-0.225427	-0.490716	-0.029139	-0.499914	-0.711226	-0.499302	-0.300448	-0.499590	 0.206345	-0.591571	 0.484028
 0.398608	-0.225381	-0.490716	-0.029139	-0.499914	-0.829004	-0.499302	-0.399892	-0.499590	 0.206356	-0.715342	 0.491809
-0.050735	-0.225358	-0.490716	-0.029139	-0.499914	-0.387002	-0.499302	-0.449614	-0.499590	 0.206362	-0.776412	 0.495699
-0.274889	-0.225347	-0.490716	-0.029138	-0.499914	-0.166001	-0.499302	-0.474475	-0.499590	 0.206365	-0.806134	 0.497644
-0.386966	-0.225341	-0.490716	-0.029138	-0.499914	-0.055500	-0.499302	-0.486906	-0.499590	 0.206366	-0.320184	 0.498617
-0.443004	-0.225338	-0.490716	-0.029138	-0.499914	-0.000250	-0.499302	-0.493121	-0.499590	 0.206367	-0.077209	 0.499103
-0.471023	-0.225337	-0.490716	-0.029138	-0.499914	 0.027375	-0.499302	 0.003771	-0.499590	 0.206367	 0.044279	 0.499346
-0.485033	-0.225336	-0.490716	-0.029138	-0.499914	 0.041188	-0.499302	 0.251802	-0.499590	 0.206367	 0.105023	 0.499468
-0.492038	-0.225335	-0.490716	-0.029138	-0.499914	 0.048094	-0.499302	-0.124182	-0.499590	 0.206367	-0.364605	-0.000471
-0.495540	-0.225335	-0.490716	-0.029138	-0.499914	 0.051547	-0.499302	-0.311760	-0.499590	 0.206367	-0.598609	-0.249906
-0.497291	-0.225335	-0.490716	-0.029138	-0.499914	 0.053274	-0.499302	-0.405548	-0.499590	 0.206368	-0.714803	-0.374624
-0.498167	-0.225335	-0.490716	-0.029138	-0.499914	 0.054137	-0.499302	 0.047557	-0.499590	 0.206368	-0.272093	 0.063017
-0.498605	-0.225335	-0.490716	-0.029138	-0.499914	 0.054569	-0.499302	 0.273695	-0.499590	 0.206368	-0.050738	 0.281303
-0.498824	-0.225335	-0.490716	-0.529138	-0.499914	 0.054785	-0.499302	-0.113237	-0.499590	 0.206368	 0.059940	 0.390446
-0.498933	-0.225335	-0.490716	-0.778090	-0.499914	 0.054892	-0.499302	-0.306287	-0.499590	 0.206368	 0.115279	 0.445017
-0.498988	-0.225335	-0.490716	-0.401521	-0.499914	 0.054946	-0.499302	-0.402813	-0.499590	 0.206368	 0.142948	 0.472303
-0.499015	-0.225335	-0.490716	-0.213236	-0.499914	 0.054973	-0.499302	-0.451075	-0.499590	 0.206368	 0.156783	 0.485946
-0.499029	-0.225335	-0.490716	-0.119093	-0.499914	 0.054987	-0.499302	-0.475207	-0.499590	 0.206368	 0.163700	 0.492767
-0.499036	-0.225335	-0.490716	-0.072022	-0.499914	 0.054994	-0.499302	-0.487272	-0.499590	 0.206368	 0.167159	 0.496178
-0.499039	-0.225335	-0.490716	-0.048487	-0.499914	 0.054997	-0.499302	-0.493305	-0.499590	 0.206368	 0.168888	 0.497884
 0.000959	-0.225335	-0.490716	-0.036719	-0.499914	 0.054999	-0.499302	-0.496321	-0.499590	 0.206368	-0.330247	 0.498736
 0.250440	-0.225335	-0.490716	-0.030835	-0.499914	 0.054999	-0.499302	-0.497830	-0.499590	 0.206368	-0.579010	 0.499163
-0.124820	-0.225335	-0.490716	-0.027893	-0.499914	 0.055000	-0.499302	-0.498584	-0.499590	 0.206368	-0.202587	 0.499376
-0.311932	-0.225335	-0.490716	-0.026422	-0.499914	 0.055000	-0.499302	-0.498961	-0.499590	 0.206368	-0.014376	 0.499482
-0.405488	-0.225335	-0.490716	-0.025686	-0.499914	 0.055000	-0.499302	-0.499149	-0.499590	 0.206368	 0.079730	-0.000464
-0.452266	-0.225335	-0.490716	-0.025319	-0.499914	 0.055000	-0.499302	-0.499244	-0.499590	 0.206368	 0.126783	-0.249903
-0.475655	-0.225335	-0.490716	-0.025135	-0.499914	 0.055000	-0.499302	-0.499291	-0.499590	 0.206368	 0.150309	 0.125377
-0.487350	-0.225335	-0.490716	-0.025043	-0.499914	 0.055000	-0.499302	-0.499314	-0.499590	 0.206368	 0.162072	 0.312483
-0.493197	-0.225335	-0.490716	-0.024997	-0.499914	 0.055000	-0.499302	-0.499326	-0.499590	 0.206368	 0.167954	 0.406036
-0.496121	-0.225335	-0.490716	-0.024974	-0.499914	 0.055000	-0.499302	 0.000668	-0.499590	 0.206368	 0.170895	 0.452812
-0.497583	-0.225335	-0.490716	-0.024962	-0.499914	 0.055000	-0.499302	 0.250250	-0.499590	 0.206368	 0.172365	 0.476200
-0.498314	-0.225335	-0.490716	-0.024957	-0.499914	-0.445000	-0.499302	-0.124960	-0.499590	 0.206368	 0.173100	 0.487894
-0.498679	-0.225335	-0.490716	-0.024954	-0.499914	-0.694110	-0.499302	-0.312149	-0.499590	 0.206368	 0.173468	 0.493741
-0.498862	-0.225335	-0.490716	-0.024952	-0.499914	-0.817776	-0.499302	-0.405744	-0.499590	 0.206368	 0.173652	-0.003335
-0.498953	-0.225335	-0.490716	-0.024952	-0.499914	-0.878723	-0.499302	-0.452541	-0.499590	 0.206368	 0.173744	-0.251339
-0.498999	-0.225335	-0.490716	-0.024951	-0.499914	-0.408311	-0.499302	-0.475940	-0.499590	 0.206368	 0.173790	 0.124659
-0.499022	-0.225335	-0.490716	-0.024951	-0.499914	-0.173105	-0.499302	-0.487639	-0.499590	 0.206368	 0.173813	 0.312124
 0.000967	-0.225335	-0.490716	-0.024951	-0.499914	-0.555502	-0.499302	-0.493489	-0.499590	 0.206368	 0.173824	-0.094144
 0.250443	-0.225335	-0.490716	-0.024951	-0.499914	-0.745818	-0.499302	-0.496414	-0.499590	 0.206368	 0.173830	-0.296744
 0.375181	-0.225335	-0.490716	-0.024951	-0.499914	-0.840093	-0.499302	-0.497876	-0.499590	 0.206368	 0.173833	-0.398043
-0.062450	-0.225335	-0.490716	-0.024951	-0.499914	-0.386351	-0.499302	-0.498607	-0.499590	 0.206368	 0.173834	-0.448693
-0.280748	-0.225335	-0.490716	-0.024951	-0.499914	-0.159480	-0.499302	-0.498973	-0.499590	 0.206368	 0.173835	-0.474018
-0.389897	-0.225335	-0.490716	-0.024951	-0.499914	-0.546045	-0.499302	-0.499156	-0.499590	 0.206368	-0.326165	-0.486681
-0.444472	-0.225335	-0.490716	-0.024951	-0.499914	-0.738449	-0.499302	-0.499247	-0.499590	 0.206368	-0.575362	-0.493012
 0.028241	-0.225335	-0.490716	-0.024951	-0.499914	-0.333774	-0.499302	-0.499293	-0.499590	 0.206368	-0.199161	 0.003822
 0.264079	-0.225335	-0.490716	-0.024951	-0.499914	-0.131437	-0.499302	-0.499316	-0.499590	 0.206368	-0.011060	 0.251705
-0.118002	-0.225335	-0.490716	-0.024951	-0.499914	-0.030268	-0.499302	-0.499327	-0.499590	 0.206368	 0.082991	-0.124354
-0.308525	-0.225335	-0.490716	-0.024951	-0.499914	 0.020316	-0.499302	-0.499333	-0.499590	 0.206368	 0.130016	-0.311849
-0.403787	-0.225335	-0.490716	-0.024951	-0.499914	 0.045609	-0.499302	-0.499336	-0.499590	 0.206368	 0.153529	-0.405596
