-2.021297	-3.411983	-0.499395	-1.148581	-3.327547	-0.913290	-3.461098	-0.780835	 0.151179	-2.654580	-1.687494	-0.501633
-2.017113	-3.405318	-0.499395	-1.160016	-3.321706	-0.911569	-3.455187	-0.827952	 0.151179	-2.648317	-1.684217	-0.548846
-2.012937	-3.398621	-0.499395	-0.664540	-3.315876	-0.909852	-3.949287	-0.850784	 0.151179	-2.642252	-1.680947	-0.071816
-2.008770	-3.391913	-0.499395	-0.416803	-3.310056	-0.908138	-4.192543	-0.861475	 0.151179	-2.636291	-1.677682	 0.166699
-2.004612	-3.385208	-0.499395	-0.292934	-3.304246	-0.906428	-4.310385	-0.866097	 0.151179	-2.630389	-1.674424	 0.285957
-2.000462	-3.378510	-0.499395	-0.730999	-3.298446	-0.904720	-3.865525	-0.867686	 0.151179	-2.624524	-1.671172	 0.345586
-1.996321	-3.371822	-0.499395	-0.948842	-3.292656	-0.903016	-3.640174	-0.867759	 0.151179	-2.618683	-1.667927	 0.375400
-1.992188	-2.865147	-0.499395	-0.556575	-3.286877	-0.901315	-3.524584	-0.867075	 0.151179	-2.612860	-1.664688	 0.390307
-1.988064	-2.609474	-0.499395	-0.360442	-3.281108	-0.899617	-3.463878	-0.866014	 0.151179	-2.607054	-1.661455	 0.397761
-1.983949	-2.979307	-0.499395	-0.762375	-3.275348	-0.897923	-3.430620	-0.864766	 0.151179	-2.601261	-1.658229	 0.401488
-1.979842	-3.160907	-0.499395	-0.962156	-3.269599	-0.896231	-3.411090	-0.863426	 0.151179	-2.595483	-1.655009	 0.403351
-1.975743	-3.248397	-0.499395	-1.060863	-3.263861	-0.894543	-3.398430	-0.362040	 0.151179	-2.589717	-1.651795	 0.404283
-1.971653	-3.288840	-0.499395	-1.109036	-3.258132	-0.892858	-3.389209	-0.111347	 0.151179	-2.583964	-1.648587	 0.404749
-1.967572	-3.305764	-0.499395	-1.131944	-3.252413	-0.891176	-3.381713	 0.013999	 0.151179	-2.578225	-1.645385	 0.404982
-1.963499	-2.810937	-0.499395	-0.642223	-3.246704	-0.889498	-3.375085	 0.076672	 0.151179	-2.572498	-1.642190	 0.405098
-1.959434	-2.561230	-0.499395	-0.397362	-3.241005	-0.887822	-3.368894	 0.108009	 0.151179	-2.566784	-1.639001	 0.405156
-1.955378	-2.934088	-0.499395	-0.274931	-3.235317	-0.886150	-3.362928	-0.376323	 0.151179	-2.561082	-1.635818	-0.094815
-1.951330	-3.117242	-0.499395	-0.213716	-3.229638	-0.884481	-3.357079	-0.617775	 0.151179	-2.555393	-1.632641	-0.344165
-1.947291	-3.205552	-0.499395	-0.183108	-3.223969	-0.882814	-3.351294	-0.237788	 0.151179	-2.549717	-1.629471	 0.031794
-1.943260	-3.246445	-0.499395	-0.167805	-3.218310	-0.881152	-3.345545	-0.047794	 0.151179	-2.544054	-1.626306	 0.219773
-1.939237	-3.263637	-0.499395	-0.660153	-3.212661	-0.879492	-3.339819	 0.047203	 0.151179	-2.538403	-1.623148	-0.186237
-1.935222	-3.268984	-0.499395	-0.905153	-3.207022	-0.877835	-3.334110	 0.094701	 0.151179	-2.532764	-1.619996	-0.388609
-1.931216	-3.268416	-0.499395	-1.026482	-3.201393	-0.876181	-3.328413	 0.118450	 0.151179	-2.527139	-1.616850	-0.489164
-1.927218	-3.264896	-0.499395	-1.085978	-3.195774	-0.874531	-3.322729	 0.130325	 0.151179	-2.521525	-1.613710	-0.538812
-1.923229	-3.259907	-0.499395	-1.114560	-3.190164	-0.872884	-3.317054	 0.136262	 0.151179	-2.515924	-1.610576	-0.563007
-1.919248	-3.254189	-0.499395	-1.127686	-3.684565	-0.871239	-3.311390	-0.360769	 0.151179	-2.510336	-1.607449	-0.574478
-1.915275	-3.248114	-0.499395	-1.133088	-3.928098	-0.869598	-3.305736	-0.608573	 0.151179	-2.504760	-1.604327	-0.579587
-1.911310	-3.241867	-0.499395	-1.134630	-4.046203	-0.867960	-3.300091	-0.731764	 0.151179	-2.499196	-1.601211	-0.081517
-1.907353	-3.235539	-0.499395	-1.134244	-4.101601	-0.866325	-3.294456	-0.792651	 0.151179	-2.493645	-1.598102	 0.167517
-1.903405	-3.229178	-0.499395	-0.632896	-3.625651	-0.864693	-3.288831	-0.822386	 0.151179	-2.988106	-1.594999	-0.207965
-1.899465	-3.222806	-0.499395	-0.382222	-3.384913	-0.863065	-3.283215	-0.836546	 0.151179	-3.231468	-1.591901	-0.395083
-1.895532	-3.216436	-0.499395	-0.256885	-3.261784	-0.861439	-3.277609	-0.842920	 0.151179	-3.349291	-1.588810	-0.488020
-1.891608	-3.210072	-0.499395	-0.194217	-3.197465	-0.859816	-3.272013	-0.345403	 0.151179	-2.904351	-1.585724	-0.033869
-1.887693	-3.203718	-0.499395	-0.162883	-3.162556	-0.858197	-3.266426	-0.096644	 0.151179	-2.679150	-1.582645	 0.193207
-1.883785	-3.197376	-0.499395	-0.647215	-3.142356	-0.856580	-3.260849	-0.472265	 0.151179	-2.563824	-1.579571	 0.306745
-1.879885	-3.191045	-0.499395	-0.888230	-3.129516	-0.854967	-3.255281	-0.659372	 0.151179	-2.503441	-1.576504	 0.363514
-1.875994	-2.684726	-0.499395	-1.007587	-3.120361	-0.853356	-3.249722	-0.252223	 0.151179	-2.470537	-1.573442	 0.391899
-1.872110	-2.429409	-0.499395	-1.066118	-3.113053	-0.851749	-3.244173	-0.048648	 0.151179	-2.451377	-1.570387	 0.406091
-1.868235	-2.299599	-0.499395	-1.094238	-3.106673	-0.850144	-3.238634	 0.053139	 0.151179	-2.439096	-1.567337	-0.086813
-1.864367	-2.232545	-0.499395	-1.107156	-3.100763	-0.848543	-3.233104	 0.104033	 0.151179	-2.430261	-1.564293	-0.332646
-1.860508	-2.196874	-0.499395	-1.112474	-3.095091	-0.846944	-3.227584	 0.129480	 0.151179	-2.423153	-1.561256	-0.454944
-1.856656	-2.176898	-0.499395	-1.113995	-3.089544	-0.845349	-3.222073	-0.357797	 0.151179	-2.416916	-1.558224	-0.015477
-1.852813	-2.164775	-0.499395	-1.113619	-3.084064	-0.843757	-3.216571	-0.600734	 0.151179	-2.411121	-1.555198	 0.204257
-1.848977	-2.156582	-0.499395	-0.612298	-2.578622	-0.342167	-3.211079	-0.221503	 0.151179	-2.405551	-1.552177	 0.314124
-1.845150	-2.150358	-0.499395	-0.361637	-2.324082	-0.091373	-3.205596	-0.031887	 0.151179	-2.400101	-1.549163	 0.369057
-1.841330	-2.145123	-0.499395	-0.236307	-1.694995	 0.034025	-2.700122	 0.062921	 0.651179	-1.894717	-1.046155	 0.396524
-1.837519	-2.140387	-0.499395	-0.173642	-1.379516	 0.096723	-2.445512	 0.110325	 0.899988	-1.640481	-0.794123	 0.410257
-1.333715	-1.635904	-0.499395	 0.357691	-0.220843	 0.628073	-1.316336	 1.134027	 1.523203	-0.511824	-0.167581	 0.917124
-1.080954	-1.382543	-0.499395	 0.622452	 0.357670	 0.892655	-0.751749	 1.644088	 1.832589	 0.051819	 0.145690	 1.169036
-0.953716	-1.254744	-0.499395	 0.753929	 0.646106	 1.023857	-0.469455	 1.897330	 1.985065	 0.332958	 0.302326	 1.293475
-0.389242	 1.810271	 0.500605	 1.318766	 5.789503	 1.588370	 3.671692	 2.522167	 2.559090	 4.972845	 1.380643	 1.854180
-0.107005	 3.337952	 0.999131	 1.599266	 8.351607	 1.868598	 5.735596	 2.831975	 2.842860	 7.282112	 1.917415	 2.131953
 1.034114	 7.596974	 1.246922	 1.737602	 11.123080	 2.006689	 7.760889	 2.984271	 1.981509	 12.926094	 2.183417	 1.268265
 1.602422	 9.714746	 1.369350	 1.804860	 12.496623	 2.073714	 8.765180	 3.057817	 1.549674	 15.727460	 2.314040	 0.836422
 3.384329	 15.261917	 0.929098	 1.836583	 17.171222	 2.105210	 11.258985	 2.591992	 0.332599	 20.107565	 1.876978	-0.879500
 4.269935	 18.014898	 0.708972	 1.850542	 19.489349	 2.118946	 12.494147	 2.357315	-0.275023	 22.270421	 1.657049	-1.734689
 5.207402	 22.370826	 0.098909	 2.355623	 22.629273	 2.123805	 14.100006	 1.738215	-1.077920	 24.324712	 2.545689	-0.659517
 5.669775	 24.522326	-0.205620	 2.605250	 24.176620	 2.124230	 14.889527	 1.427737	-1.477422	 25.322561	 2.986674	-0.121931
 7.394615	 30.571666	 0.142616	 3.227157	 29.427718	 3.122442	 16.270902	 1.771571	-0.675230	 29.292254	 4.203838	-0.853138
 8.247595	 33.560076	 0.316735	 3.534191	 32.022831	 3.617666	 16.946518	 1.941732	-0.274134	 31.240159	 4.807157	-1.217049
 8.664666	 35.018093	 0.403794	 3.683797	 33.290007	 3.861405	 17.269282	 2.025061	-0.073586	 32.177252	 5.103563	-1.397316
 8.363801	 33.210985	-0.052677	 3.254696	 31.393266	 3.979408	 19.415645	 3.064975	 0.026688	 33.109021	 6.246522	-0.485765
 8.205023	 32.276336	-0.280412	 3.037269	 30.419009	 4.034550	 20.470418	 3.581527	 0.076825	 33.537099	 6.810827	-0.029989
 9.117306	 35.777980	 0.606220	 3.425684	 33.406039	 4.558270	 20.979427	 3.836402	-0.898107	 33.713416	 5.585818	 1.197899
 9.563066	 37.489909	 1.048069	 3.616008	 34.867615	 4.815343	 21.215587	 3.960445	-1.383634	 33.763936	 4.969080	 1.809252
 13.775587	 45.807059	 2.767530	 6.207294	 42.566520	 6.439102	 25.815352	 5.519077	 1.375537	 41.751641	 10.656484	 3.612343
 15.863229	 49.954816	 3.622853	 7.493977	 46.405155	 7.243388	 28.089268	 6.292521	 2.750843	 45.734676	 13.484317	 4.508104
 16.888469	 52.017899	 4.046115	 7.628378	 48.313676	 8.137951	 29.200304	 6.673379	 3.434225	 47.715397	 14.882394	 4.950213
 17.382548	 53.038673	 4.253355	 7.687674	 49.257170	 8.576725	 29.729943	 6.857956	 3.771654	 48.694991	 15.565625	 5.165508
 17.611084	 53.538314	 4.352593	 7.709434	 49.718170	 8.787621	 29.968929	 6.944400	 3.936116	 49.174041	 15.891463	 5.267408
 18.206887	 53.777408	 4.897839	 8.212441	 49.937944	 8.384594	 30.562633	 6.981788	 4.014102	 49.402840	 16.038635	 5.312624
 18.485327	 53.885921	 5.165114	 8.455071	 50.036797	 8.175563	 30.832885	 6.994658	 4.048860	 49.506206	 16.096505	 5.329509
 18.105126	 53.929166	 4.793416	 8.567529	 50.075212	 8.563545	 30.941457	 6.995279	 4.062012	 49.546877	 16.609754	 5.332241
 17.896679	 53.939809	 4.603222	 8.614919	 50.083440	 8.749105	 30.969234	 6.989784	 4.064370	 49.556233	 16.849752	 5.327909
 18.274147	 53.934172	 3.003790	 8.129794	 50.576595	 8.833469	 30.956660	 6.981242	 4.061340	 49.549953	 16.453158	 5.320056
 18.443576	 53.920849	 2.202695	 7.879447	 50.812669	 8.867253	 30.923954	 6.971185	 4.055624	 49.536308	 16.239270	 5.310457
 18.509025	 53.903704	 3.800770	 8.246506	 50.420222	 8.375761	 30.881228	 6.960380	 4.048574	 49.519002	 16.116765	 5.299995
 18.522524	 53.884222	 4.594504	 8.421264	 50.213089	 8.122590	 30.833537	 6.949212	 4.040866	 49.499439	 16.039983	 5.289114
 18.510087	 53.863592	 4.986077	 8.499890	 50.098634	 7.988592	 30.783408	 6.937871	 4.032838	 49.478770	 15.986091	 5.278036
 17.984723	 53.842410	 5.176581	 8.530468	 50.030539	 7.914196	 30.232106	 6.926453	 4.024658	 49.457567	 16.443676	 5.266872
 17.703970	 53.821074	 5.266561	 8.537040	 49.985746	 7.869613	 29.931114	 6.915006	 4.016410	 49.436221	 16.656057	 5.255676
 17.545559	 53.799681	 4.806288	 8.531626	 50.452626	 7.839952	 30.255322	 6.903554	 4.008138	 48.914824	 16.745869	 5.244477
 17.448357	 53.778296	 4.571882	 8.520237	 50.675376	 7.817766	 30.391319	 6.892110	 3.999862	 48.643435	 16.774427	 5.233287
 17.381797	 53.256933	 4.950419	 8.505879	 50.276081	 7.799331	 30.433256	 6.880678	 3.991592	 48.997072	 16.772391	 5.222115
 17.330595	 52.985494	 5.134451	 8.490053	 50.065676	 7.782784	 30.428206	 6.869263	 3.983334	 49.163132	 16.755089	 5.210963
 17.787108	 53.339037	 4.721243	 8.473511	 50.449736	 7.767197	 30.399707	 6.857865	 3.975091	 49.235425	 10.730186	 0.699833
 17.996482	 53.507449	 4.510407	 8.456629	 50.633406	 7.752102	 30.359529	 6.846485	 3.966864	 49.263211	 7.713166	-1.551661
 18.082325	 53.583310	 4.400765	 8.439594	 50.716896	 7.737268	 30.313555	 6.835123	 3.958653	 49.268760	 6.200096	-2.673346
 12.106441	 43.112912	 1.841728	 5.422500	 40.250313	 5.222578	 23.264727	 4.323781	 0.950458	 40.263205	 4.439010	-3.730135
 9.112154	 37.845392	 0.562915	 3.911504	 34.990882	 3.962682	 19.726469	 3.066606	-0.551509	 35.725712	 3.555867	-4.253416
 7.108678	 35.179375	-0.075789	 3.153561	 32.835074	 3.330189	 19.443519	 2.436517	-1.300368	 31.922328	 9.111700	-0.009955
 6.101656	 33.814174	-0.394439	 2.772151	 31.730245	 3.011401	 19.285686	 2.119973	-1.672676	 29.989406	 11.875374	 2.107253
 12.092872	 43.599445	 2.446937	 5.579011	 41.150953	 5.349471	 24.190440	 4.460205	 1.143287	 39.491785	 14.242997	 3.661346
 15.069762	 48.481417	 3.862429	 6.973902	 45.850643	 6.511266	 26.617977	 5.624678	 2.547170	 44.232311	 15.410680	 4.432821
 16.539528	 50.911759	 4.564991	 7.662826	 43.189845	 7.084937	 22.306948	 6.201282	 3.245022	 46.591931	 14.978424	 4.813001
 17.255770	 52.114947	 4.911097	 7.998784	 41.823877	 7.364559	 20.136069	 6.483959	 3.589867	 47.759757	 14.748172	 4.997543
 17.595289	 52.704579	 5.078985	 8.158276	 41.105386	 7.497170	 19.035292	 6.619684	 3.758217	 48.331708	 14.618949	 5.084280
 17.246485	 52.987455	 5.157775	 8.229553	 45.210696	 8.056290	 24.469593	 6.681940	 3.838328	 48.605744	 15.540269	 5.122125
 17.054593	 53.118241	 5.192025	 8.256738	 47.252698	 8.327735	 27.161213	 6.707473	 3.874327	 48.732110	 15.984944	 5.135536
 17.441194	 54.173000	 4.204016	 7.761896	 44.763066	 7.455359	 27.481536	 6.714652	 3.888280	 49.284659	 16.191329	 4.636743
 17.616041	 54.687780	 3.706852	 7.507075	 43.481150	 7.012971	 27.617962	 6.712664	 3.891217	 49.548334	 16.278600	 4.382926
 16.685050	 50.932592	 1.455117	 4.372280	 35.803157	 4.785588	 21.662480	 3.706102	 0.888655	 37.667594	 9.306344	 0.251607
 16.203249	 49.047504	 0.330032	 2.803623	 31.939478	 3.669488	 18.671329	 2.202241	-0.610438	 31.698584	 5.817950	-1.809908
 10.446075	 38.597480	-0.231729	 2.018036	 29.482998	 2.609032	 16.162367	 1.449731	-0.857801	 27.685504	 4.071490	-1.836531
 7.562635	 33.344598	-0.511830	 1.623988	 28.231039	 2.077346	 14.896229	 1.072897	-0.980339	 25.652673	 3.196003	-1.847852
 6.116072	 30.690342	-0.651103	 1.425712	 27.581382	 1.810047	 14.251524	 0.883903	-1.040466	 24.610024	 2.756007	-1.851527
 4.887958	 24.835455	-0.219963	 1.325324	 23.232917	 1.674945	 11.917555	 1.288829	-0.569390	 20.562526	 2.033759	-0.851383
 4.270112	 21.889218	-0.004393	 1.273882	 21.042112	 1.605944	 10.742388	 1.489887	-0.333853	 18.520435	 1.671362	-0.351311
 2.957409	 16.397343	 0.103392	 1.246917	 15.430165	 1.569995	 7.646637	 1.589012	 0.283916	 13.481088	 0.988893	 0.398725
 2.299355	 13.640608	 0.157285	 1.232192	 12.615574	 1.550576	 6.094876	 1.637175	 0.591867	 10.952039	 0.647658	 0.772516
 0.968629	 7.251464	-0.315769	 0.223590	 6.199678	 0.539425	 1.315117	 0.659857	 0.244912	 3.178160	-1.022959	-0.041813
 0.303266	 4.056038	-0.551521	-0.279912	 2.991729	 0.033849	-1.071805	 0.171199	 0.071434	-0.703676	-1.855653	-0.448063
-1.029415	-0.042527	-0.668623	-0.530865	-1.112245	-0.218939	-3.262313	-0.573131	-0.515305	-2.639501	-2.269389	-0.650275
-1.693311	-2.087710	-0.726403	-0.655545	-3.159654	-0.345333	-4.352911	-0.944202	-0.807534	-3.602332	-2.473652	-0.750471
-2.022819	-3.106209	-0.754522	-0.717091	-4.178789	-0.408530	-4.893563	-1.128647	-0.952510	-4.078677	-2.573183	-0.799660
-2.185138	-4.111374	-0.767813	-0.247071	-4.183794	 0.059872	-4.659250	-0.719779	-1.023862	-4.811791	-2.620353	-0.823348
-2.263868	-4.608891	-0.773691	-0.012061	-4.182621	 0.293575	-4.538316	-0.515346	-1.058405	-5.172190	-2.641348	-0.834288
-2.800808	-4.852593	-0.775864	-0.394556	-5.178364	-0.590070	-4.974077	-0.913129	-1.074545	-4.846244	-2.649261	-0.838854
-3.065824	-4.969398	-0.776186	-0.585013	-5.670818	-1.030505	-5.187339	-1.110933	-1.081486	-4.678251	-2.650637	-0.840237
-2.694884	-5.022765	-0.775585	-1.179451	-5.411635	-1.249337	-5.789360	-1.208749	-1.083830	-5.089246	-2.648750	-0.840029
-2.507008	-5.044422	-0.774522	-1.474864	-5.277522	-1.357370	-6.084913	-1.256573	-1.083877	-5.288634	-2.645236	-0.839029
-2.910670	-5.050234	-0.773231	-1.620768	-5.705952	-1.410006	-6.227243	-1.279402	-1.082779	-5.882233	-2.640915	-0.837633
-3.109071	-5.048134	-0.771828	-1.691921	-5.914783	-1.434947	-6.292969	-1.289736	-1.081111	-6.171841	-2.636194	-0.836042
-3.204848	-5.042088	-0.770369	-1.725702	-6.013824	-1.446042	-6.320404	-1.293825	-1.079159	-6.309468	-2.631278	-0.834355
-3.249320	-5.034079	-0.768884	-1.740801	-5.557980	-1.450217	-6.328702	-1.294792	-1.077068	-5.371122	-2.626270	-0.832623
-3.268146	-5.025097	-0.767388	-1.746563	-5.325580	-1.450935	-6.327441	-1.294201	-1.074910	-4.897025	-2.621221	-0.830869
-3.274158	-5.015640	-0.765887	-1.747659	-5.704910	-1.449927	-6.321409	-1.292831	-0.572721	-5.155065	-2.616156	-0.829106
-3.273768	-5.005955	-0.764386	-1.746427	-5.889236	-1.448058	-6.313002	-1.291075	-0.321626	-5.278073	-2.611088	-0.827341
-3.270185	-4.996165	-0.762886	-1.744034	-5.976068	-1.445762	-6.303416	-1.789127	-0.696079	-5.333578	-2.606024	-0.825577
-3.265013	-4.986333	-0.761388	-1.741063	-6.014163	-1.443254	-6.293249	-2.036256	-0.882197	-5.355346	-2.600966	-0.823815
-3.259052	-4.976489	-1.759893	-1.737809	-6.027899	-1.940643	-6.282802	-1.657925	-0.974151	-5.360258	-2.595917	-0.822056
-3.252705	-4.966650	-2.256435	-1.734415	-6.029465	-2.187041	-6.272223	-1.467698	-1.019024	-5.356755	-2.590876	-0.820301
-3.246171	-4.956822	-2.502002	-1.730956	-6.024955	-2.307949	-6.261588	-1.371525	-1.040359	-5.349058	-2.585845	-0.818548
-3.239551	-4.947010	-1.622086	-1.727467	-6.017416	-1.866115	-6.250934	-1.322380	-1.049928	-5.339277	-2.580824	-0.816800
-3.232895	-4.937216	-1.181399	-1.723967	-6.008373	-1.643856	-6.240279	-1.296751	-1.053616	-5.328468	-2.575812	-0.815055
-3.226227	-4.927440	-1.460328	-1.720465	-5.998586	-1.531388	-6.229633	-1.282881	-1.054365	-5.317157	-2.570810	-0.813314
-3.219561	-4.917682	-1.598084	-1.716966	-5.988436	-1.473818	-6.219001	-1.274894	-1.053648	-5.305609	-2.565818	-0.811577
-3.212903	-4.907944	-1.165256	-1.713472	-5.978115	-1.443699	-6.208384	-1.269849	-1.052199	-5.293956	-2.560835	-0.809843
-3.206255	-4.898225	-0.948123	-1.709983	-5.967717	-1.427308	-6.197785	-1.266277	-1.050388	-5.282262	-2.555862	-0.808113
-3.199619	-4.888526	-0.838838	-1.706501	-5.957289	-1.417783	-6.187203	-1.763443	-1.048396	-4.770562	-2.550898	-0.806387
-3.192996	-4.878845	-0.783479	-1.703026	-5.946857	-1.411695	-6.176639	-2.010151	-1.046318	-4.509982	-2.545945	-0.804664
-3.186387	-4.869184	-0.755084	-1.699558	-5.936430	-1.407327	-6.166092	-2.131632	-1.044197	-4.374972	-2.541000	-0.802945
-3.179791	-4.859541	-0.740173	-1.696097	-5.426016	-1.403821	-6.155564	-1.690503	-1.042059	-4.802758	-3.036066	-0.801230
-3.173208	-4.849918	-0.732005	-1.692643	-5.166495	-1.400750	-6.145053	-1.468902	-1.039913	-5.010842	-3.280170	-0.799519
-3.166640	-4.840314	-0.727210	-1.689196	-5.032428	-1.397898	-6.134561	-1.357066	-1.037766	-5.109088	-3.398800	-0.797811
-3.160084	-4.830729	-0.724103	-1.685756	-4.961096	-1.395158	-6.124086	-1.300115	-1.035621	-5.152428	-3.454700	-0.796106
-3.153543	-4.821162	-0.721841	-1.682323	-5.421138	-1.392476	-6.113629	-1.270608	-0.533478	-5.168327	-2.979241	-0.794406
-3.147015	-4.811615	-0.720003	-1.678897	-5.645998	-1.389826	-6.103190	-1.254825	-0.282407	-5.170519	-2.739080	-0.792709
-2.640500	-4.802087	-0.718378	-1.675478	-5.753276	-1.387195	-6.092769	-1.245905	-0.156871	-4.665870	-2.616573	-0.791015
-2.385034	-4.792577	-0.716862	-1.672066	-5.801771	-1.384575	-6.082366	-1.240419	-0.094104	-4.408924	-2.552898	-0.789326
-2.755097	-4.783087	-0.715401	-1.668660	-5.820884	-1.381964	-5.571981	-1.236651	-0.062720	-4.275840	-2.518644	-0.287640
-2.936893	-4.773615	-0.713969	-1.665262	-5.825316	-1.379359	-5.312467	-1.233744	-0.047028	-4.204696	-2.499104	-0.036796
-3.024564	-4.764162	-0.712553	-1.661871	-5.822415	-1.376760	-5.178396	-1.231269	-0.039182	-4.164534	-2.486927	 0.088625
-3.065177	-4.754728	-0.711147	-1.158486	-5.815857	-1.874166	-5.607054	-1.229012	-0.035259	-4.639872	-2.478435	-0.348664
-3.082270	-4.745312	-0.709746	-0.906127	-5.807480	-2.120636	-5.816230	-1.226866	-0.033297	-4.871860	-2.471791	-0.566469
-3.087608	-4.735915	-0.708350	-1.279282	-5.298202	-1.741641	-5.415673	-1.224776	-0.032317	-4.482186	-2.466075	-0.674534
-3.087075	-4.726536	-0.706957	-1.464177	-5.039360	-1.550860	-5.211114	-1.222717	-0.031826	-4.282803	-2.460828	-0.727731
-3.083615	-4.717177	-0.705568	-1.554945	-4.905744	-1.454189	-5.604560	-1.220675	-0.031581	-4.678577	-2.455821	-0.753495
-3.078696	-4.707835	-0.704182	-1.598653	-4.834747	-1.404575	-5.796162	-1.218642	-0.031458	-4.870828	-2.450937	-0.765545
-3.073055	-4.698512	-0.702798	-1.618835	-4.795069	-1.378491	-5.886851	-1.216617	-0.031397	-4.461331	-2.446120	-0.270739
-3.067060	-4.689208	-0.701417	-1.627257	-4.771056	-1.364176	-5.927092	-1.214596	-0.031366	-4.252082	-2.441341	-0.023336
-3.060894	-4.679922	-0.700039	-1.629802	-4.754883	-1.355747	-5.942118	-1.212580	-0.031351	-4.142967	-2.436586	 0.100365
-3.054649	-4.670655	-0.698663	-1.629413	-4.742638	-1.350264	-5.444545	-1.210567	-0.031343	-4.083930	-2.431847	 0.162216
-3.048371	-4.661405	-0.697291	-1.627559	-4.732364	-1.346255	-5.191536	-1.208558	-0.031340	-4.049941	-2.427121	 0.193141
-3.042084	-4.652175	-0.695921	-1.624977	-5.223083	-1.342987	-5.560814	-1.206552	-0.031338	-4.028487	-2.422406	-0.291396
-3.035798	-4.642962	-0.694553	-1.622034	-5.463428	-1.340091	-5.740391	-1.204550	-0.031337	-4.013309	-2.417701	-0.532836
-3.029519	-4.633768	-0.693189	-1.618914	-5.078594	-1.337384	-5.325125	-1.202551	-0.531336	-4.501280	-2.413005	-0.152729
-3.023251	-4.624592	-0.691827	-1.615709	-4.882058	-1.334773	-5.113301	-1.200555	-0.780269	-4.739724	-2.408319	 0.037325
-3.016994	-4.615434	-0.690467	-1.612464	-4.779678	-1.332213	-5.503204	-1.198563	-0.403669	-5.353417	-2.403642	 0.132351
-3.010749	-4.606294	-0.689111	-1.609203	-4.724383	-1.329680	-5.693124	-1.196574	-0.215370	-5.653637	-2.398974	 0.179865
-3.004517	-4.597172	-0.687757	-1.605937	-4.692638	-1.327164	-5.783062	-1.194588	-0.121220	-5.797134	-2.394315	 0.203621
-2.998297	-4.588068	-0.686406	-1.102673	-4.672675	-1.324659	-5.823016	-1.692606	-0.074145	-5.362285	-2.389665	 0.215500
-2.992090	-4.578983	-0.685057	-0.850430	-4.658610	-1.322160	-5.837988	-1.939797	-0.050608	-5.139388	-2.385025	 0.221439
-2.985897	-4.569915	-0.683711	-1.223699	-4.647501	-1.319669	-5.840477	-1.561578	-0.538839	-4.522479	-2.380393	-0.275592
-2.979715	-4.560865	-0.682368	-1.408708	-4.637878	-1.317182	-5.836734	-1.371486	-0.781892	-4.209687	-2.375771	-0.523282
-2.973547	-4.551834	-0.681027	-0.999590	-4.629005	-1.314700	-5.329882	-1.275460	-0.402357	-4.048963	-2.371157	-0.646303
-2.967392	-4.542820	-0.679689	-0.794429	-4.620513	-1.312224	-5.072338	-1.226468	-0.212590	-3.964283	-2.366552	-0.706992
-2.961249	-4.533824	-0.678353	-0.691249	-4.612220	-1.309752	-5.439456	-1.200996	-0.117706	-3.917634	-2.361956	-0.736517
-2.955119	-4.524845	-0.677021	-0.639060	-4.604033	-1.307285	-5.618057	-1.187284	-0.070264	-3.890010	-2.357369	-0.750461
-2.949001	-4.515885	-0.675690	-0.612368	-4.595905	-1.304822	-5.702409	-1.179454	-0.046543	-3.871909	-2.352792	-0.756616
-2.942897	-4.506942	-0.674363	-1.098425	-5.087816	-1.302364	-5.739645	-1.174567	-0.034683	-3.858578	-2.348222	-0.758879
-2.936805	-4.498017	-0.673038	-1.339841	-5.328874	-1.299911	-5.753331	-1.171153	-0.028753	-3.847642	-2.343662	-0.759198
-2.930725	-4.489110	-0.671716	-0.958938	-5.444515	-1.297462	-5.255250	-1.168477	-0.025787	-4.337913	-2.339111	-0.258546
-2.924658	-4.480220	-0.670396	-0.767899	-5.497455	-1.295018	-5.002148	-1.166172	-0.024305	-4.577686	-2.334568	-0.008220
-2.918604	-4.471348	-0.669079	-1.171791	-5.519055	-1.292579	-4.871543	-1.164053	-0.523564	-4.192222	-2.330035	-0.383057
-2.912562	-4.462494	-0.667764	-1.372133	-5.524991	-1.290144	-4.802193	-1.162030	-0.772134	-3.995262	-2.325510	-0.569666
-2.906533	-4.453657	-0.666452	-0.970703	-5.023106	-1.287714	-4.763477	-1.160056	-0.895363	-4.392564	-2.320994	-0.662163
-2.900516	-4.444837	-0.665143	-0.769408	-4.768195	-1.285288	-4.740086	-1.158108	-0.955923	-4.585895	-2.316487	-0.707605
-2.894511	-4.436035	-0.663836	-0.668182	-4.636779	-1.282867	-4.724363	-1.156175	-0.985151	-4.677253	-2.311988	-0.729522
-2.888520	-4.427251	-0.662531	-1.116992	-4.567117	-1.280451	-5.212482	-1.154250	-0.498715	-4.217635	-2.307498	-0.739678
-2.882540	-4.418484	-0.661230	-1.339803	-4.528339	-1.278039	-5.451674	-1.152332	-0.255497	-3.983653	-2.303017	-0.743955
-2.876573	-4.409734	-0.659931	-1.449617	-4.505009	-1.275631	-5.566412	-1.150418	-0.133888	-3.862497	-2.298545	-0.745294
-2.870618	-4.401001	-0.658634	-1.502936	-4.489412	-1.273229	-5.618931	-1.148508	-0.073084	-3.797764	-2.294081	-0.745166
-2.864676	-4.392286	-0.657340	-1.528011	-4.477686	-1.270830	-5.140348	-1.146602	-0.042682	-4.261252	-2.289626	-0.244307
-2.858745	-4.383588	-0.656048	-1.538967	-4.467904	-1.268436	-4.897077	-1.144699	-0.027480	-4.487748	-2.285180	 0.006123
-2.852828	-4.374907	-0.654759	-1.042867	-4.459101	-1.266047	-5.271468	-1.142799	-0.019880	-4.095761	-2.280742	 0.131338
-2.846922	-4.366244	-0.653473	-0.794260	-4.450793	-1.263662	-5.453843	-1.140903	-0.016080	-3.895653	-2.276313	 0.193945
-2.841028	-4.357597	-0.652189	-0.669401	-4.442741	-1.261282	-5.540219	-1.139009	-0.014180	-3.791495	-2.271892	 0.225249
-2.835147	-4.348968	-0.650908	-0.606417	-4.434822	-1.258906	-5.078604	-1.137119	-0.013229	-3.735321	-2.267480	 0.240901
-2.829278	-4.340356	-0.649629	-0.574371	-4.426978	-1.256535	-4.843854	-1.135232	-0.012754	-3.703148	-2.263077	 0.248727
-2.823421	-4.331761	-0.648352	-1.057796	-4.419178	-1.254168	-4.722544	-1.133348	-0.512517	-3.682984	-2.258682	-0.247360
-2.817576	-4.323183	-0.647078	-1.297940	-4.411406	-1.251805	-4.657961	-1.131467	-0.761350	-3.668834	-2.254296	-0.494610
-2.811744	-4.314622	-0.645807	-0.916445	-4.403655	-1.249447	-4.621748	-1.129590	-0.384722	-3.657700	-2.249918	-0.117442
-2.805923	-4.306078	-0.644538	-0.725153	-4.395922	-1.247094	-4.599726	-1.127715	-0.196407	-3.648084	-2.245549	 0.071142
-2.800115	-4.297550	-0.643272	-1.128963	-4.388204	-1.244745	-4.584808	-1.125844	-0.102250	-3.639234	-2.241188	-0.334566
-2.794318	-4.289040	-0.642008	-1.329308	-4.380501	-1.242400	-4.573447	-1.123975	-0.055171	-3.630778	-2.236835	-0.536630
-2.788534	-4.280547	-0.640747	-1.427922	-4.372812	-1.240060	-4.563871	-1.122110	-0.031632	-3.622526	-2.232492	-0.636872
-2.782761	-4.272070	-0.639488	-0.975675	-4.365136	-1.237724	-4.555195	-1.120248	-0.019862	-3.614386	-2.228156	-0.686206
-2.777000	-4.263610	-0.638231	-0.749019	-4.357474	-1.235392	-4.546976	-1.118389	-0.013977	-3.606311	-2.223829	-0.710088
-2.771252	-4.255167	-0.636977	-0.635159	-4.349826	-1.233065	-4.538991	-1.116533	-0.011035	-3.598278	-2.219510	-0.221244
-2.765515	-4.246741	-0.635726	-0.577698	-4.342191	-1.230743	-4.531131	-1.114680	-0.009564	-3.590273	-2.215200	 0.023177
-2.759790	-4.238331	-0.634477	-0.548438	-4.334569	-1.228424	-4.523339	-1.112830	-0.008828	-3.582293	-2.210898	-0.354612
-2.754077	-4.229938	-0.633230	-0.533279	-4.326961	-1.226110	-4.515588	-1.110984	-0.008460	-3.574333	-2.206605	-0.542724
-2.748376	-4.221561	-0.631986	-0.525172	-4.319366	-1.223801	-4.507863	-1.109140	-0.008277	-3.566392	-2.202320	-0.636000
-2.742686	-4.213201	-0.630744	-0.520592	-4.311784	-1.221495	-4.500159	-1.107299	-0.008185	-3.558469	-2.198043	-0.681859
-2.737009	-4.204858	-0.629505	-0.517777	-4.304216	-1.219195	-4.492472	-1.105462	-0.008139	-3.550565	-2.193774	-0.704011
-2.731343	-4.196531	-0.628268	-1.015844	-4.296661	-1.216898	-4.484800	-1.103627	-0.008116	-3.542678	-2.189514	-0.214311
-2.725689	-4.188221	-0.627034	-1.263337	-4.289119	-1.214606	-4.477141	-1.101796	-0.008104	-3.534808	-2.185262	 0.030538
-2.720046	-4.179927	-0.625802	-1.385545	-4.281591	-1.212318	-4.969496	-1.099967	-0.008098	-3.526957	-2.181018	-0.347037
-2.714415	-4.171650	-0.624572	-1.445113	-4.274076	-1.210034	-5.211010	-1.098142	-0.008096	-3.519123	-2.176783	-0.535050
-2.708796	-4.163389	-0.623345	-0.973365	-4.266574	-1.707755	-5.327112	-0.596320	-0.008094	-3.511306	-2.172556	-0.128285
-2.703189	-4.155144	-0.622120	-0.736981	-4.259085	-1.954538	-5.380516	-0.345408	-0.008093	-3.503506	-2.168337	 0.075098
-2.697593	-4.146916	-0.620898	-0.618279	-4.251609	-1.575856	-4.902579	-0.719953	-0.008093	-3.995724	-2.164126	 0.176789
-2.692009	-4.138704	-0.619678	-0.558928	-4.244146	-1.385388	-4.659833	-0.906317	-0.008093	-4.236849	-2.159923	 0.227635
-2.686436	-4.130508	-0.618460	-0.529252	-4.236697	-1.289028	-4.534689	-0.998592	-0.008093	-4.352438	-2.155729	 0.253058
-2.680875	-3.622328	-0.617245	-1.014414	-4.229260	-1.239725	-4.468352	-1.043825	-0.008093	-3.905270	-2.151542	 0.265769
-2.675325	-3.365155	-0.616033	-1.255469	-4.221837	-1.213952	-4.431426	-1.065537	-0.008093	-3.677845	-2.147364	 0.272125
-2.669787	-3.233491	-0.614822	-0.874472	-4.214427	-1.199947	-4.409211	-1.075491	-0.508093	-3.560301	-2.143194	-0.224697
-2.664260	-3.164588	-0.613614	-0.683973	-4.207029	-1.191827	-4.394358	-1.079568	-0.757049	-3.497705	-2.139032	-0.472338
-2.658745	-3.127071	-0.612409	-0.588724	-4.199645	-1.186653	-4.383193	-0.580707	-0.380486	-3.462592	-2.134878	-0.095389
-2.653241	-3.105254	-0.611205	-0.541100	-4.192274	-1.182952	-4.373877	-0.331276	-0.192205	-3.441229	-2.130732	 0.093085
-2.647748	-3.091292	-0.610004	-0.517287	-4.184915	-1.179992	-4.365494	-0.706561	-0.098064	-3.426749	-2.126594	 0.187323
-2.642267	-3.081264	-0.608806	-0.505381	-4.177570	-1.177403	-4.357582	-0.893306	-0.050994	-3.415720	-2.122464	 0.234441
-2.636798	-3.073209	-0.607610	-0.499428	-4.170237	-1.175002	-4.349912	-0.985782	-0.027458	-3.406424	-2.118343	 0.258001
-2.631339	-3.566147	-0.606416	-0.496452	-4.162917	-1.172697	-4.342371	-1.031126	-0.015691	-3.898003	-2.114229	 0.269780
-2.625892	-3.808597	-0.605224	-0.494963	-4.155610	-1.170442	-4.334899	-1.052904	-0.009807	-4.138917	-2.110123	 0.275670
-2.620456	-3.425811	-0.604035	-0.494219	-4.648316	-1.168215	-4.327468	-1.062902	-0.006865	-3.754510	-2.106025	 0.278615
-2.615032	-3.231404	-0.602849	-0.493847	-4.890157	-1.166003	-4.320065	-1.067010	-0.005394	-3.558563	-2.101935	 0.280087
-2.609618	-3.631194	-0.601664	-0.493661	-4.506574	-1.163801	-4.312681	-1.068176	-0.004659	-3.456855	-2.097854	-0.219176
-2.604216	-3.827098	-0.600482	-0.493568	-4.311164	-1.161605	-4.305314	-1.067871	-0.004291	-3.402275	-2.093780	-0.468041
-2.598825	-3.921067	-0.599302	-0.493521	-4.209846	-1.159416	-4.297961	-1.066833	-0.004107	-3.371267	-2.089714	-0.091707
-2.593445	-3.964075	-0.598125	-0.493498	-4.155582	-1.157231	-4.290621	-1.065430	-0.004015	-3.352053	-2.085655	 0.096459
-2.588076	-3.981612	-0.596949	-0.493487	-4.124851	-1.155051	-4.283295	-1.063845	-0.003969	-3.338745	-2.081605	 0.190543
-2.582719	-3.986421	-0.595777	-0.993481	-4.605892	-1.152875	-4.275981	-1.062171	-0.003946	-3.328397	-2.077563	 0.237584
-2.577372	-3.984873	-0.594606	-1.241957	-4.841948	-1.150703	-4.268680	-1.060455	-0.003935	-3.319539	-2.073528	 0.261105
-2.572037	-3.980156	-0.593438	-0.864678	-4.455519	-1.148536	-4.261391	-1.058718	-0.003929	-3.311432	-2.069501	-0.227134
-2.566713	-3.973860	-0.592272	-0.676038	-4.258734	-1.146372	-4.254115	-1.056972	-0.003926	-3.303710	-2.065482	-0.470490
-2.561399	-3.966784	-0.591108	-0.581718	-4.156776	-1.144213	-4.246851	-1.055224	-0.003925	-3.796189	-2.061471	-0.091406
-2.556097	-3.959326	-0.589947	-0.534558	-4.102239	-1.142058	-4.239599	-1.053476	-0.003924	-4.037665	-2.057468	 0.098137
-2.550805	-3.951684	-0.588788	-0.510978	-4.071418	-1.139906	-4.232360	-1.051729	-0.003924	-3.653651	-2.053472	 0.192908
-2.545525	-3.943957	-0.587631	-0.499188	-4.052461	-1.137759	-4.225134	-1.049984	-0.003923	-3.458012	-2.049485	 0.240293
-2.540256	-3.936197	-0.586476	-0.493293	-4.039443	-1.135616	-4.217919	-1.048242	-0.003923	-3.356569	-2.045505	 0.263986
-2.534997	-3.928427	-0.585324	-0.490346	-4.029400	-1.133477	-4.710717	-1.046503	-0.003923	-3.802233	-2.041532	-0.224167
-2.529749	-3.920660	-0.584174	-0.488872	-4.020851	-1.131342	-4.952674	-1.044766	-0.003923	-4.020347	-2.037568	-0.467483
-2.524512	-3.412902	-0.583026	-0.488135	-4.013056	-1.129211	-4.569217	-0.543032	-0.003923	-3.624697	-2.033611	-0.088382
-2.519286	-3.156147	-0.581881	-0.487767	-4.005643	-1.127084	-4.373915	-0.292165	-0.003923	-3.423285	-2.029662	 0.101168
-2.514071	-3.524898	-0.580737	-0.987582	-4.498427	-1.124960	-4.272697	-0.666732	-0.003923	-3.319001	-2.025720	-0.304056
-2.508867	-3.705419	-0.579596	-1.235976	-4.740439	-1.122841	-4.218526	-0.853151	-0.003923	-3.263289	-2.021786	-0.505911
-2.503673	-3.791831	-0.578458	-0.858661	-4.357072	-1.120726	-4.687886	-0.945498	-0.003923	-3.231870	-2.017860	-0.106082
-2.498490	-3.831198	-0.577321	-0.670004	-4.161902	-1.118615	-4.918163	-0.990811	-0.003923	-3.212607	-2.013941	 0.093832
-2.493318	-3.847048	-0.576187	-0.575675	-4.060835	-1.116508	-4.528906	-1.012607	-0.003923	-3.199428	-2.010030	 0.193789
-2.488157	-3.851149	-0.575055	-0.528511	-4.006826	-1.114405	-4.330743	-1.022647	-0.003923	-3.689300	-2.006127	-0.256232
-2.483006	-3.849382	-0.573925	-0.504928	-3.976353	-1.112306	-4.228133	-1.026810	-0.003923	-3.929595	-2.002231	-0.480489
-2.477866	-3.844689	-0.572797	-0.993137	-3.957653	-1.110211	-4.173306	-1.028036	-0.003923	-3.545111	-1.998343	-0.591864
-2.472737	-3.838540	-0.571672	-1.235733	-3.944847	-1.108119	-4.142377	-1.027795	-0.003923	-3.349359	-1.994462	-0.646801
-2.467618	-3.831671	-0.570549	-1.355526	-3.934992	-1.106032	-4.123402	-0.526822	-0.003923	-3.247980	-1.990589	-0.673520
-2.462509	-3.824450	-0.569428	-1.413920	-3.926621	-1.103949	-4.110410	-0.276336	-0.003923	-3.193796	-1.986723	-0.686131
-2.457412	-3.817059	-0.568309	-0.941618	-3.918996	-1.101869	-4.100416	-0.651092	-0.003923	-3.163217	-1.982865	-0.691691
-2.452325	-3.809592	-0.567192	-0.705467	-3.911751	-1.099793	-4.091927	-0.837619	-0.003923	-3.144449	-1.979014	-0.693726
-2.447248	-3.802094	-0.566078	-1.087391	-3.904702	-1.097722	-4.084197	-0.930033	-0.003923	-3.131593	-1.975171	-0.194000
-2.442182	-3.794588	-0.564966	-1.276858	-3.897756	-1.095654	-4.076851	-0.975392	-0.003923	-3.121701	-1.971335	 0.055863
-2.437127	-3.787085	-0.563855	-1.370097	-3.890869	-1.093590	-4.069704	-0.997224	-0.003923	-3.113299	-1.967507	 0.180794
-2.432081	-3.779591	-0.562748	-0.915227	-3.884017	-1.091530	-4.562662	-1.007295	-0.003923	-3.105650	-1.963686	 0.243260
-2.427047	-3.772109	-0.561642	-0.687792	-3.877188	-1.089474	-4.804825	-1.011486	-0.003923	-3.098385	-1.959873	 0.274493
-2.422023	-3.764641	-0.560538	-0.574075	-3.870377	-1.087422	-4.421597	-0.512739	-0.003923	-3.091319	-1.956067	-0.209891
-2.417009	-3.757186	-0.559437	-0.517216	-3.863580	-1.085374	-4.226536	-0.263365	-0.003923	-3.084361	-1.952268	-0.451341
-2.412005	-3.749746	-0.558338	-0.488787	-3.856797	-1.083329	-4.125563	-0.638678	-0.003923	-3.077464	-1.948477	-0.571326
-2.407012	-3.742321	-0.557241	-0.474572	-3.850027	-1.081288	-4.071641	-0.825493	-0.003923	-3.070605	-1.944693	-0.630580
-2.402029	-3.734910	-0.556146	-0.967465	-3.843269	-1.079252	-4.541250	-0.418061	-0.003923	-3.063773	-1.940916	-0.159471
-2.397057	-3.727514	-0.555053	-1.212424	-3.836523	-1.077219	-4.771776	-0.214345	-0.003923	-3.056962	-1.937147	 0.076084
-2.392095	-3.720133	-0.553963	-1.333420	-3.829789	-1.075190	-4.882769	-0.112487	-0.003923	-3.050169	-1.933385	 0.193862
-2.387143	-3.712766	-0.552874	-0.892437	-3.823067	-1.073164	-4.934002	-0.061558	-0.003923	-3.043392	-1.929631	 0.252750
-2.382201	-3.705414	-0.551788	-0.671945	-3.816356	-1.071143	-4.955362	-0.036093	-0.003923	-3.036632	-1.925883	 0.282195
-2.377270	-3.698076	-0.550704	-1.061699	-3.809658	-1.069125	-4.461793	-0.023361	-0.003923	-3.029886	-1.922143	-0.203083
-2.372349	-3.690753	-0.549622	-1.255098	-3.802971	-1.067111	-4.211621	-0.016995	-0.003923	-3.023156	-1.918411	-0.444987
-2.367438	-3.683444	-0.548542	-0.850323	-3.796295	-1.065101	-4.083153	-0.013812	-0.003923	-3.016441	-1.914685	-0.065205
-2.362537	-3.676150	-0.547464	-0.647935	-3.789632	-1.063095	-4.015543	-0.012220	-0.003923	-3.009740	-1.910967	 0.124686
-2.357646	-3.168870	-0.546389	-1.046741	-3.782980	-1.061092	-3.978367	-0.511425	-0.003923	-3.003055	-1.907256	-0.280369
-2.352766	-2.912595	-0.545315	-1.244673	-3.776340	-1.059093	-3.956414	-0.760188	-0.003923	-2.996384	-1.903552	-0.482164
-2.347895	-2.781827	-0.544244	-1.342169	-3.769712	-1.057099	-3.942079	-0.883733	-0.003923	-2.989729	-1.899855	-0.582331
-2.343035	-2.713818	-0.543174	-0.889452	-3.763095	-1.055107	-4.431558	-0.444669	-0.003923	-2.983088	-1.896166	-0.131685
-2.338184	-2.677194	-0.542107	-0.663093	-3.756490	-1.053120	-4.672096	-0.225137	-0.003923	-2.976462	-1.892484	 0.093637
-2.333344	-2.656267	-0.541042	-1.049913	-3.749896	-1.051136	-4.288171	-0.615372	-0.003923	-2.969850	-1.888808	 0.206299
-2.328514	-2.643195	-0.539979	-1.241861	-3.743314	-1.049156	-4.092876	-0.809654	-0.003923	-2.963253	-1.885140	 0.262629
-2.323694	-2.634054	-0.538918	-0.836374	-3.736744	-1.047180	-3.991900	-0.905963	-0.003923	-2.956671	-1.881480	 0.290795
-2.318883	-2.626885	-0.537859	-0.633631	-3.730185	-1.045207	-3.938091	-0.953285	-0.003923	-2.950104	-1.877826	 0.304877
-2.314083	-3.120707	-0.536803	-1.032260	-3.723638	-1.043238	-3.907870	-0.976116	-0.003923	-2.943551	-1.874179	-0.188081
-2.309293	-3.364038	-0.535748	-1.230117	-3.717102	-1.041273	-3.889449	-0.986703	-0.003923	-2.937013	-1.870540	-0.433833
-2.304512	-3.482133	-0.534695	-1.327591	-3.710577	-1.039312	-3.876934	-0.991168	-0.003923	-2.930489	-1.866907	-0.555983
-2.299742	-3.537615	-0.533645	-1.374878	-3.704064	-1.037354	-3.867377	-0.992575	-0.003923	-2.923980	-1.863281	-0.116334
-2.294981	-3.561798	-0.532596	-1.397073	-3.697563	-1.035400	-3.859305	-0.992454	-0.003923	-2.917485	-1.859663	 0.103491
-2.290230	-3.070340	-0.531550	-1.406725	-3.691073	-1.033450	-4.351981	-0.991570	-0.003923	-2.911004	-1.856052	-0.286597
-2.285489	-2.822057	-0.530505	-1.410109	-3.684594	-1.031503	-4.594183	-0.990306	-0.003923	-2.904538	-1.852447	-0.480918
-2.780758	-2.695367	-0.529463	-1.410361	-3.678127	-1.029560	-4.211155	-0.988853	-0.003923	-2.898087	-1.848850	-0.577358
-3.025001	-2.629479	-0.528423	-1.409051	-3.671671	-1.027621	-4.016372	-0.987307	-0.003923	-2.891649	-1.845259	-0.624858
-2.643739	-2.593996	-0.527385	-0.906963	-3.665226	-1.025685	-3.915718	-0.985717	-0.003923	-2.885226	-1.841676	-0.647889
-2.450766	-2.573722	-0.526348	-0.655919	-3.658793	-1.023753	-3.862135	-0.984105	-0.003923	-2.878817	-1.838099	-0.658689
-2.351943	-2.561056	-0.525314	-0.530397	-3.652370	-1.021824	-3.832091	-0.982483	-0.003923	-2.872423	-1.834530	-0.663373
-2.300199	-2.552200	-0.524282	-0.967636	-3.645960	-1.019900	-3.813823	-0.480859	-0.003923	-2.866043	-1.830967	-0.165002
-2.272000	-2.545254	-0.523252	-1.184825	-3.639560	-1.017979	-3.801449	-0.230047	-0.003923	-2.859676	-1.827412	 0.084183
-2.255578	-2.539267	-0.522224	-1.291991	-3.633172	-1.016061	-4.292027	-0.104641	-0.003923	-2.853324	-1.823863	 0.208776
-2.245050	-2.533766	-0.521198	-1.344150	-3.626795	-1.014147	-4.533233	-0.041938	-0.003923	-2.846986	-1.820321	 0.271073
-2.237472	-2.528512	-0.520174	-0.868808	-3.620429	-1.012237	-4.649760	-0.510586	-0.003923	-2.840663	-1.816786	-0.197779
-2.231376	-2.523386	-0.519152	-0.631136	-3.614074	-1.010330	-4.703954	-0.744098	-0.003923	-2.834353	-1.813258	-0.431493
-2.226024	-3.018330	-0.518132	-1.012301	-3.607730	-1.008427	-4.226989	-0.860042	-0.003923	-2.828057	-1.809737	-0.047639
-2.221050	-3.262324	-0.517114	-1.201464	-3.601398	-1.006527	-3.985305	-0.917205	-0.003923	-2.821775	-1.806222	 0.144287
-2.216269	-3.380848	-0.516098	-1.294630	-3.595077	-1.004631	-3.861267	-0.944978	-0.003923	-2.815507	-1.802714	 0.240251
-2.211589	-3.436646	-0.515084	-0.839799	-3.588766	-1.502739	-3.796057	-0.458057	-0.003923	-2.809253	-1.799214	 0.288232
-2.206965	-3.461087	-0.514072	-0.612384	-3.582467	-1.749908	-3.760267	-0.214597	-0.003923	-2.803013	-1.795720	 0.312223
-2.202374	-2.969856	-0.513062	-0.498677	-3.576179	-1.371612	-4.239192	-0.092866	-0.003923	-2.796787	-1.792232	-0.175781
-2.197803	-2.721787	-0.512054	-0.441823	-3.569902	-1.181528	-4.474627	-0.032001	-0.003923	-2.790575	-1.788752	-0.419075
-2.193248	-3.095302	-0.511048	-0.413396	-3.563636	-1.085553	-4.088323	-0.501569	-0.003923	-2.784376	-1.785278	-0.040014
-2.188705	-3.278626	-0.510043	-0.399183	-3.557381	-1.036633	-3.892010	-0.735547	-0.003923	-2.778192	-1.781811	 0.149517
-2.184173	-3.366860	-0.509041	-0.392076	-3.551137	-1.011243	-3.790699	-0.851731	-0.003923	-2.772021	-1.778351	-0.255718
-2.179650	-3.407556	-0.508041	-0.388523	-3.544904	-0.997619	-3.736893	-0.909020	-0.003923	-2.765863	-1.774897	-0.457630
-2.175138	-3.424489	-0.507043	-0.386746	-3.538682	-0.989881	-3.706846	-0.936863	-0.003923	-2.759720	-1.771451	-0.557881
-2.170635	-3.429549	-0.506047	-0.885857	-3.532470	-0.985086	-3.688684	-0.949984	-0.003923	-2.753590	-1.768011	-0.607304
-2.166141	-3.428678	-0.505052	-1.134003	-3.526270	-0.981766	-3.676469	-0.955745	-0.003923	-2.747473	-1.764577	-0.631313
-2.161657	-2.924848	-0.504060	-0.756668	-3.520081	-0.979184	-4.167233	-0.957828	-0.003923	-2.741370	-1.761150	-0.142619
-2.157182	-2.670536	-0.503070	-0.568001	-3.513902	-0.976973	-4.408638	-0.958073	-0.003923	-2.735281	-1.757730	 0.101729
-2.152717	-2.540988	-0.502081	-0.473668	-3.507734	-0.974950	-4.025371	-0.957400	-0.003923	-3.229206	-1.754317	 0.223903
-2.148260	-2.473826	-0.501095	-0.426501	-3.501577	-0.973022	-3.830628	-0.956270	-0.003923	-3.472033	-1.750910	 0.284990
-2.143813	-2.937862	-0.500110	-0.402917	-3.495431	-0.971143	-3.730152	-0.454913	-0.003923	-3.089320	-1.747510	-0.184467
-2.139375	-3.166512	-0.499618	-0.391126	-3.489296	-0.969291	-3.676816	-0.204234	-0.003923	-2.894958	-1.744116	-0.418497
-2.134947	-3.277475	-0.499372	-0.385230	-3.483171	-0.967454	-3.647054	-0.078894	-0.003923	-2.794778	-1.740729	-0.534815
-2.130527	-2.829602	-0.499249	-0.382282	-3.477057	-0.965626	-4.129085	-0.516225	-0.003923	-2.741695	-1.737349	-0.092278
-2.126117	-2.603307	-0.499187	-0.380808	-3.470954	-0.963804	-4.366163	-0.734099	-0.003923	-2.712168	-1.733975	 0.128990
