-0.445373	-0.499706	 0.093842	-0.353932	-0.028589	 0.273509	 0.011701	-1.135037	-0.499444	-0.499626	-0.407875	-0.293468
-0.445371	-0.499706	 0.105603	-0.353932	-0.028589	-0.178640	 0.011701	-0.695616	 0.000556	-0.499626	-0.407875	-0.293468
-0.445370	-0.499706	 0.111484	-0.353932	-0.028589	-0.404121	 0.011701	-0.475906	 0.250038	-0.499626	-0.407875	-0.293468
-0.445370	-0.499706	 0.114424	-0.353932	-0.028589	-0.016268	-0.488299	-0.366050	 0.374778	-0.499626	-0.407875	-0.293468
-0.445370	-0.499706	 0.115894	-0.353932	-0.028589	 0.177658	-0.737455	-0.311123	 0.437149	-0.499626	-0.407875	-0.293468
-0.445370	-0.499706	-0.383371	-0.353932	-0.028589	 0.274621	-0.361191	-0.283659	-0.031666	-0.499626	-0.407875	-0.293468
-0.445370	-0.499706	-0.632136	-0.353932	-0.028589	 0.323103	-0.173059	-0.269927	-0.265555	-0.499626	-0.407875	-0.293468
-0.445370	-0.499706	-0.255653	-0.353932	-0.028589	 0.347344	-0.078993	-0.263061	-0.382500	-0.499626	-0.407875	-0.293468
-0.445370	-0.499706	-0.067412	-0.353932	-0.028589	 0.359464	-0.031960	-0.259628	-0.440972	-0.499626	-0.407875	-0.293468
-0.445370	-0.499706	 0.026709	-0.353932	-0.028589	 0.365524	-0.008443	-0.257912	-0.470208	-0.499626	-0.407875	-0.293468
-0.445370	-0.499706	 0.073769	-0.353932	-0.028589	 0.368554	 0.003315	-0.257054	-0.484826	-0.499626	-0.407875	-0.293468
-0.445370	-0.499706	 0.097299	-0.353932	-0.028589	 0.370069	 0.009194	-0.256624	-0.492135	-0.499626	-0.407875	-0.293468
-0.445370	-0.499706	-0.390936	-0.353932	-0.028589	 0.370827	 0.012134	-0.256410	 0.004210	-0.499626	-0.407875	-0.293468
-0.445370	-0.499706	-0.634190	-0.353932	-0.028589	 0.371206	 0.013604	-0.256303	 0.251865	-0.499626	-0.407875	-0.293468
-0.445370	-0.499706	-0.254954	-0.353932	-0.028589	 0.371395	 0.014339	-0.256249	 0.375692	-0.499626	-0.407875	-0.293468
-0.445370	-0.499706	-0.065337	-0.353932	-0.028589	 0.371490	 0.014706	-0.256222	 0.437606	-0.499626	-0.407875	-0.293468
-0.445370	-0.499706	-0.470528	-0.353932	-0.028589	 0.371537	 0.014890	-0.256209	 0.468562	 0.000374	 0.092125	 0.206532
-0.445370	-0.499706	-0.672263	-0.353932	-0.028589	 0.371561	 0.014982	-0.256202	 0.484041	 0.249818	 0.341550	 0.455777
-0.445370	-0.499706	-0.772273	-0.353932	-0.028589	 0.371573	 0.015028	-0.256199	 0.491780	 0.374540	 0.465689	 0.579647
-0.445370	-0.499706	-0.321420	-0.353932	-0.028589	 0.371579	 0.015050	-0.256197	-0.004350	-0.063099	 0.027186	 0.140830
-0.445370	-0.499706	-0.095994	-0.353932	-0.028589	 0.371581	 0.015062	-0.256196	-0.251898	-0.281362	-0.192066	-0.078578
-0.445370	-0.499706	 0.016719	-0.353932	-0.028589	 0.371583	 0.015068	-0.256196	 0.124329	-0.390494	-0.301692	-0.188282
-0.445370	-0.499706	 0.073076	-0.353932	-0.028589	 0.371584	 0.015071	-0.256196	 0.311924	-0.445060	-0.356505	-0.243134
-0.445370	 0.000294	 0.101254	 0.146068	 0.471411	 0.871584	 0.015072	 0.243805	 0.405722	 0.027657	-0.383911	-0.270560
-0.445370	 0.249799	 0.115343	 0.395410	 0.720559	 1.120292	 0.015073	 0.493187	 0.452620	 0.263460	-0.397614	-0.284273
 0.054630	 0.374551	 0.122388	 0.019424	 0.844282	 1.243357	 0.515073	 0.617263	 0.476070	 0.381361	 0.095534	 0.208870
 0.304056	 0.436927	 0.125910	-0.168568	 0.905293	 1.303603	 0.764207	 0.678685	 0.487794	 0.440312	 0.341537	 0.454692
 0.428196	 0.468116	 0.127671	-0.262565	 0.934951	 1.332441	 0.887908	 0.708782	 0.493657	 0.469788	 0.463967	 0.576855
 0.489695	 0.983710	 0.628552	 0.690437	 1.448934	 1.345578	 0.948895	 0.723218	 0.996588	 0.984525	 0.524613	 0.637190
 0.519873	 1.240022	 0.877882	 1.165265	 1.704202	 1.350867	 0.978527	 0.729824	 1.246501	 1.240229	 0.554368	 0.666612
 1.034393	 1.866697	 1.501440	 1.901008	 2.830117	 1.852234	 1.492482	 1.232515	 1.369909	 1.366419	 1.068678	 0.680580
 1.290050	 2.177565	 1.811132	 2.266195	 3.389602	 2.100701	 1.747746	 1.482421	 1.430068	 1.427857	 1.324296	 0.686822
 1.916279	 2.830536	 2.463894	 2.946109	 4.165879	 2.722722	 2.373669	 2.105937	 2.458604	 1.956922	 1.950571	 1.689203
 2.226761	 3.153572	 2.787214	 3.282374	 4.549680	 3.030582	 2.684069	 2.415430	 2.969263	 2.218693	 2.261207	 2.187518
 2.379377	 3.311647	 3.445817	 3.446822	 4.737251	 3.681368	 3.336712	 3.067916	 3.220991	 2.846824	 2.414027	 2.433807
 2.453063	 3.387250	 3.771087	 3.525369	 4.826714	 4.002680	 3.659628	 3.391071	 3.343260	 3.157030	 2.487945	 2.554089
 2.487291	 3.421622	 3.929698	 3.560972	 4.867131	 4.159264	 3.817686	 3.549567	 3.400808	 3.308282	 2.522416	 2.611374
 2.501796	 2.935387	 3.504987	 3.075112	 4.383033	 3.233491	 3.393321	 3.125739	 2.926002	 2.880066	 2.037169	 2.137166
 2.506443	 2.689844	 3.289606	 2.829545	 4.137562	 2.768431	 3.178604	 2.911582	 2.686062	 2.663235	 1.793039	 1.898285
 2.506168	 2.564652	 3.178895	 3.204130	 4.011410	 3.533732	 3.068715	 2.802266	 2.563560	 2.552102	 2.169470	 2.277073
 2.503436	 2.499641	 3.120525	 3.387779	 3.944925	 3.912333	 3.011244	 2.745373	 2.499783	 2.493825	 2.355213	 2.463630
 2.499482	 2.464725	 3.088332	 2.975967	 3.908279	 3.597593	 2.979987	 2.714696	 2.965373	 2.461981	 2.445618	 2.554078
 2.494922	 2.444861	 3.069233	 2.767450	 3.886557	 3.437130	 2.961841	 2.697131	 3.194616	 2.443361	 2.488358	 2.596477
 2.490065	 2.432528	 3.056687	 2.660586	 3.872305	 3.353813	 2.950255	 2.686124	 2.805694	 2.431357	 2.507270	 2.614858
 2.485064	 2.423965	 3.047424	 2.604553	 3.861793	 3.309074	 2.941953	 2.678402	 2.608732	 2.422669	 2.514273	 2.621236
 2.479996	 2.417292	 3.039808	 2.573942	 3.353157	 2.783630	 2.435297	 2.672324	 2.507754	 2.415643	 2.515326	 2.621619
 2.474901	 2.411568	 3.033021	 2.556046	 3.096342	 2.518782	 2.180323	 2.667073	 2.454774	 2.409456	 2.513410	 2.619010
 2.469796	 2.406325	 3.026654	 2.544514	 2.965443	 2.384234	 2.051192	 2.662239	 2.425798	 2.403693	 2.510013	 2.614910
 2.464693	 2.401325	 3.020504	 2.536169	 3.397506	 2.814842	 2.484986	 2.657617	 2.908830	 2.398148	 2.505881	 2.610072
 2.459596	 2.396453	 3.014468	 2.529422	 3.610176	 3.027089	 2.699390	 2.653105	 3.146834	 2.392718	 2.501385	 2.604871
 2.454507	 2.391649	 3.008494	 2.523480	 3.213157	 3.130161	 2.804105	 2.648651	 3.262333	 2.387352	 2.496713	 2.599493
 2.449427	 2.386883	 3.002557	 2.517946	 3.012175	 3.178653	 2.853979	 2.644230	 3.316587	 2.382024	 2.491957	 2.594034
 2.444357	 2.382142	 2.996645	 2.512620	 2.909217	 3.199859	 2.876437	 2.639829	 2.840224	 2.376720	 2.487164	 2.588539
 2.439297	 2.377418	 2.990751	 2.507404	 2.855276	 3.207428	 2.885191	 2.635442	 2.599596	 2.371434	 2.482358	 2.583033
 2.434248	 2.372706	 2.984872	 2.502249	 2.325846	 2.708185	 2.887098	 2.631065	 2.476841	 2.366163	 1.977548	 2.577527
 2.429209	 2.368005	 2.979006	 2.497128	 2.059555	 2.456483	 2.885584	 2.626697	 2.413026	 2.360906	 1.723714	 2.572027
 2.424180	 2.363315	 2.973152	 2.492030	 1.924835	 2.328555	 2.882365	 2.622337	 2.378688	 2.355661	 1.595369	 2.566535
 2.419162	 2.358635	 2.467310	 2.486949	 2.355905	 2.262518	 2.878298	 2.117985	 2.359092	 2.350428	 1.529773	 2.561054
 2.414154	 2.353964	 2.212462	 2.481881	 2.568993	 2.227432	 2.873810	 1.864470	 2.346872	 2.345207	 1.495553	 2.555584
 2.409156	 2.349302	 2.583115	 2.476825	 2.173096	 2.707823	 2.869117	 2.236376	 2.338346	 2.339998	 1.977024	 2.050125
 2.404169	 2.344650	 2.765540	 2.471780	 1.973588	 2.945016	 2.864325	 2.420165	 2.331671	 2.334800	 2.215372	 1.795746
 2.399192	 2.340007	 2.353856	 2.466746	 1.872277	 2.560616	 2.859487	 2.509898	 1.825928	 2.329614	 2.332164	 2.166910
 2.394226	 2.335373	 2.146106	 2.461723	 1.820067	 2.366366	 2.854631	 2.552608	 1.571689	 2.324439	 2.388182	 2.349781
 2.389269	 2.330748	 2.040327	 1.956709	 2.292410	 2.267195	 2.349771	 2.571810	 1.943206	 2.319276	 2.413817	 1.938512
 2.384323	 2.326133	 1.985537	 1.702724	 2.526156	 2.215568	 2.095765	 2.579260	 2.126569	 2.314124	 2.424266	 1.731246
 2.379387	 2.321526	 1.956245	 1.574257	 2.640606	 2.187716	 1.967190	 2.580840	 2.215860	 2.308984	 2.427127	 1.625985
 1.874462	 2.316929	 1.939706	 1.508551	 2.695414	 2.171756	 1.901333	 2.079486	 2.258119	 2.303855	 1.926198	 1.571730
 1.620581	 2.312341	 1.929548	 1.474228	 2.720404	 2.161745	 1.866837	 1.827500	 2.276868	 2.298738	 1.674349	 1.542982
 1.492227	 2.307762	 1.922583	 1.455601	 2.730489	 2.154714	 1.848025	 2.200200	 2.283866	 2.293632	 1.547044	 1.526991
 1.426638	 2.303192	 1.917218	 1.444824	 2.733127	 2.149175	 1.837057	 2.384415	 2.284994	 2.288537	 1.482012	 1.517381
 1.392434	 2.298631	 1.912658	 1.437976	 2.232045	 1.644387	 1.830014	 1.974391	 1.783191	 1.783454	 1.448121	 1.510966
 1.373927	 2.294079	 1.908503	 1.433094	 1.979984	 1.390919	 1.824936	 1.768081	 1.530964	 1.529492	 1.429802	 1.506151
 1.363270	 2.289536	 1.904555	 1.429199	 1.852438	 1.263114	 1.820844	 1.663630	 1.903527	 1.401095	 1.419272	 1.502141
 1.356542	 2.285002	 1.900714	 1.425800	 1.787151	 1.198142	 1.817246	 1.610111	 2.087452	 1.335483	 1.412639	 1.498535
 1.351781	 2.280477	 1.896930	 1.422652	 1.752996	 1.164589	 1.813899	 1.582060	 2.177064	 1.301266	 1.407957	 1.495136
 1.348006	 2.275961	 1.393178	 1.419633	 1.734410	 1.646747	 1.810680	 1.566745	 1.719524	 1.282751	 1.404254	 1.491842
 1.344727	 2.271454	 1.140428	 1.416681	 1.723612	 1.885821	 1.807527	 1.557800	 1.489447	 1.272089	 1.401042	 1.488606
 1.341699	 2.266956	 1.513181	 1.413765	 2.216709	 2.003357	 1.804410	 1.552042	 1.373106	 1.765357	 1.398079	 1.485401
 1.338799	 2.262467	 1.697705	 1.410871	 2.460879	 2.060127	 1.801314	 1.547881	 1.313634	 2.009483	 1.395243	 1.482216
 1.335967	 2.257987	 1.788118	 1.407990	 2.580591	 2.086519	 1.798231	 1.544519	 1.782600	 2.129043	 1.392473	 1.479043
 1.333171	 2.253515	 1.831479	 1.405119	 2.638076	 2.097724	 1.795157	 1.541559	 2.014753	 2.186325	 1.389739	 1.475881
 1.330396	 2.249053	 1.851318	 1.402255	 2.164454	 1.601341	 1.792090	 1.538803	 2.128503	 1.712475	 1.387025	 1.472727
 1.327634	 2.244599	 1.859399	 1.399399	 1.926158	 1.352108	 1.789029	 1.536150	 2.183058	 1.474174	 1.384323	 1.469580
 1.324882	 2.240154	 1.861605	 1.396548	 1.805529	 1.226454	 1.785973	 1.533551	 2.208019	 1.353651	 1.381631	 1.466440
 1.322137	 2.235718	 1.860877	 1.393704	 1.743736	 1.662589	 1.782924	 1.530981	 2.218188	 1.292020	 1.378946	 1.463307
 1.319400	 2.231290	 1.858685	 1.390866	 1.711364	 1.878681	 1.779879	 1.528428	 2.220966	 1.259838	 1.376268	 1.460181
 1.316668	 2.226872	 1.855766	 1.388033	 1.693704	 1.484753	 1.776840	 1.525886	 2.220054	 1.242383	 1.373594	 1.457062
 1.313942	 2.222462	 1.852486	 1.385206	 1.683403	 1.286762	 1.773806	 1.523350	 2.217301	 1.232296	 1.370927	 1.453950
 1.311222	 2.218061	 1.849029	 1.382385	 1.676784	 1.686741	 1.770777	 1.520821	 2.213632	 1.225894	 1.368264	 1.450844
 1.308507	 2.213669	 1.845488	 1.379570	 1.672009	 1.884765	 1.767754	 1.518296	 2.209510	 1.221339	 1.365607	 1.447744
 1.305799	 2.209285	 1.841908	 1.376760	 2.168158	 1.981816	 1.764735	 1.515776	 2.205166	 1.717710	 1.362955	 1.444652
 1.303095	 2.204910	 1.838312	 1.373957	 2.413894	 2.028383	 1.761722	 1.513261	 2.200717	 1.963437	 1.360308	 1.441566
 1.300398	 2.200544	 1.834711	 1.371159	 2.534428	 2.049712	 1.758714	 1.510749	 2.196219	 2.083847	 1.357667	 1.438486
 1.297706	 2.196186	 1.831112	 1.368366	 2.592365	 2.058426	 1.755711	 1.508242	 2.191701	 1.641604	 1.355030	 1.435413
 1.295020	 2.191837	 1.827517	 1.365579	 2.619008	 2.060837	 1.752713	 1.505739	 2.187178	 1.419150	 1.352399	 1.432347
 1.292339	 2.187496	 1.823928	 1.362798	 2.130007	 2.060098	 1.749720	 1.503240	 1.682658	 1.806594	 1.349772	 1.429287
 1.289663	 2.183165	 1.820345	 1.360023	 1.884067	 2.057790	 1.746733	 1.500746	 1.429178	 1.997879	 1.347151	 1.426234
 1.286994	 2.178841	 1.816769	 1.357253	 2.259659	 1.554699	 1.743750	 1.498255	 1.801221	 1.591091	 1.344535	 1.423188
 1.284329	 2.174527	 1.813200	 1.354489	 2.445142	 1.302164	 1.740773	 1.495769	 1.984994	 1.386381	 1.341924	 1.420147
 1.281671	 2.170220	 1.809637	 1.351731	 2.535575	 1.674908	 1.737801	 1.493287	 2.074635	 1.782714	 1.339318	 1.417114
 1.279018	 2.165923	 1.806082	 1.348978	 2.578487	 1.859351	 1.734833	 1.490808	 2.117215	 1.978460	 1.336717	 1.414087
 1.276370	 2.161634	 1.802533	 1.346231	 2.597642	 1.949648	 1.731871	 1.488334	 2.136270	 2.073919	 1.334121	 1.411066
 1.273728	 2.157353	 1.798992	 1.343489	 2.604923	 1.992875	 1.728914	 1.985865	 2.143567	 1.619238	 1.331530	 1.408052
 1.271091	 2.153081	 1.795457	 1.340753	 2.606271	 2.012570	 1.725962	 2.232569	 2.144989	 1.390605	 1.328944	 1.405044
 1.268460	 2.148817	 1.791929	 1.338023	 2.604657	 2.020504	 1.723015	 1.853864	 2.143478	 1.774998	 1.326364	 1.402042
 1.265834	 2.144562	 1.788409	 1.335298	 2.601565	 2.022561	 1.720073	 1.663288	 2.140506	 1.964796	 1.323788	 1.399047
 1.263213	 2.140315	 1.784895	 1.832579	 2.597739	 1.521682	 1.717136	 2.066777	 2.136807	 2.057302	 1.321217	 1.396059
 1.260598	 2.136077	 1.781388	 2.078846	 2.593549	 1.270281	 1.714204	 2.266473	 2.132750	 2.101167	 1.318651	 1.393076
 1.757989	 2.131847	 1.777888	 1.699613	 2.589182	 2.143621	 2.211277	 2.364274	 2.128518	 2.120718	 1.816091	 1.890101
 2.004350	 2.127625	 1.774395	 1.508652	 2.584730	 2.577450	 2.457501	 2.411132	 2.124203	 2.128116	 2.062564	 2.136063
 2.125200	 2.123412	 1.770909	 1.411829	 2.580239	 2.791528	 2.578305	 2.432521	 2.119852	 2.129443	 2.183558	 2.256500
 2.183301	 2.119207	 2.267429	 1.862079	 2.575733	 2.395736	 2.636403	 2.441179	 2.115486	 2.127741	 2.241818	 2.314180
 2.210031	 2.115010	 2.512974	 2.084849	 2.571224	 2.195957	 2.663151	 2.443476	 2.111118	 2.124528	 2.268714	 2.340486
 2.221081	 2.110822	 2.633037	 2.193885	 2.566716	 2.094187	 2.674229	 2.442595	 2.106754	 2.120566	 2.279934	 2.351112
 2.224296	 2.106642	 2.690363	 2.246058	 2.562214	 2.041425	 2.677475	 2.440128	 2.102396	 2.116234	 2.283319	 2.353902
 2.223598	 2.102470	 2.716327	 2.269804	 2.557718	 2.513172	 2.676809	 2.436872	 2.098045	 2.111722	 2.282791	 2.352780
 2.220948	 2.098307	 2.726615	 2.279341	 2.553230	 2.746234	 2.674192	 2.433225	 2.093702	 2.107126	 2.280311	 2.349707
 2.217327	 2.094151	 2.729071	 2.281780	 2.548748	 2.859958	 2.670602	 2.429385	 2.089369	 2.102493	 2.276859	 2.345664
 2.213225	 2.090004	 2.727615	 2.280673	 2.544275	 2.914020	 2.666531	 2.425453	 2.085044	 2.097847	 2.272926	 2.341142
 1.708887	 2.085866	 2.224209	 2.277798	 3.039809	 2.438256	 2.662222	 2.421478	 2.080727	 2.093199	 2.268756	 2.336385
 1.455472	 2.081735	 1.970815	 2.274044	 3.284474	 2.198525	 2.657798	 2.417484	 2.076420	 2.088555	 2.264472	 2.331516
 1.327520	 2.077613	 1.842432	 2.269856	 3.403709	 2.076815	 2.653321	 2.413484	 2.072122	 2.083919	 2.260136	 2.326596
 1.762302	 2.073498	 2.276556	 2.265454	 2.960234	 2.014118	 2.648821	 2.409485	 2.067832	 2.079291	 2.255777	 2.321657
 1.977420	 2.069392	 2.490955	 2.260951	 2.736288	 1.980932	 2.644313	 2.405490	 2.063552	 2.074674	 2.251412	 2.316713
 2.082709	 2.065294	 2.595497	 2.256402	 2.622110	 1.962505	 2.639806	 1.901500	 2.059280	 2.070066	 1.747047	 2.311771
 2.133089	 2.061204	 2.645115	 2.251835	 2.562821	 1.951460	 2.635302	 1.648345	 2.055017	 2.065468	 1.493658	 2.306837
 2.156019	 2.057123	 2.167277	 2.247263	 2.530978	 1.944110	 2.130805	 1.520610	 2.050763	 2.060880	 1.865759	 2.301911
 2.165228	 2.053049	 1.926698	 2.242693	 2.512864	 1.938611	 1.877167	 1.455587	 2.046517	 2.056302	 2.049637	 2.296995
 2.167582	 2.048983	 1.804753	 2.238129	 2.501617	 2.434041	 2.248962	 1.921921	 2.042281	 2.051735	 2.139407	 2.292088
 2.166513	 2.044926	 1.742127	 2.233573	 2.493808	 2.678996	 2.432623	 2.153107	 2.038053	 2.047177	 2.182128	 2.287192
 2.163738	 2.040876	 1.709164	 2.229025	 2.487722	 2.798720	 2.522219	 2.266721	 2.033834	 2.042630	 2.201328	 2.282307
 2.160113	 2.036835	 1.691035	 2.224486	 2.482501	 2.355834	 2.064787	 1.821553	 2.029624	 2.038093	 1.708772	 2.277431
 2.156069	 2.032801	 1.680328	 2.219956	 2.477717	 2.132589	 1.834699	 1.597827	 2.025423	 2.033566	 1.461313	 2.272566
 2.151819	 2.028776	 1.673334	 2.215435	 2.473154	 2.019168	 1.718285	 1.484824	 2.021230	 2.029049	 1.336404	 2.267712
 2.147471	 2.024758	 1.668200	 2.210924	 2.468706	 1.960662	 1.658711	 1.427184	 2.017046	 2.024542	 1.272774	 2.262868
 2.143079	 2.020749	 2.163999	 1.706421	 2.464320	 2.429618	 2.127558	 1.897228	 2.012870	 2.020045	 1.739785	 2.258034
 2.138670	 2.016747	 2.409286	 1.452946	 2.459967	 2.661366	 2.359765	 2.130286	 2.008703	 2.015558	 1.971147	 2.253210
 2.134256	 2.012753	 2.529321	 1.824987	 2.455636	 2.274515	 2.473656	 2.244853	 2.004545	 2.011081	 1.584690	 2.248397
 2.129844	 2.008768	 2.586736	 2.008770	 2.451319	 2.079312	 2.528392	 2.300180	 2.000395	 2.006614	 1.390298	 2.243594
 2.125439	 2.004790	 2.612846	 2.098430	 2.447013	 1.979936	 2.553555	 2.325888	 1.996254	 2.002156	 1.291941	 2.238801
 2.121040	 2.000820	 2.123309	 2.141031	 2.442716	 2.428477	 2.563935	 2.336791	 1.992122	 1.997709	 1.741603	 2.234019
 2.116650	 1.996857	 1.876935	 2.160108	 2.438428	 2.650037	 2.566927	 2.340295	 1.987998	 1.993272	 1.964307	 2.229246
 2.112269	 1.992903	 2.252146	 2.167428	 2.434148	 2.758113	 2.566229	 2.340102	 2.483883	 1.988844	 2.073535	 2.224484
 2.107897	 1.988957	 2.437171	 2.168873	 2.429875	 2.809451	 2.563690	 2.338064	 2.728741	 1.984427	 2.126030	 2.219733
 2.103533	 1.985018	 2.527107	 2.167386	 2.925610	 2.832426	 2.560234	 2.335106	 2.848092	 2.480019	 2.150162	 2.714991
 2.099179	 1.981087	 2.569504	 2.164437	 3.170475	 2.841224	 2.556323	 2.331693	 2.904696	 2.724510	 2.160116	 2.959191
 2.094833	 1.977164	 2.588137	 2.160762	 2.789910	 2.842939	 2.552188	 2.328054	 2.929933	 2.343458	 2.162987	 2.577870
 2.090497	 1.973249	 2.594893	 2.156727	 2.597513	 2.841117	 2.547945	 2.324306	 2.939493	 2.150753	 2.162319	 2.384863
 2.086169	 1.969341	 2.595715	 2.152518	 2.499203	 2.837532	 2.543652	 2.320506	 2.941220	 2.052225	 2.159886	 2.286019
 2.081851	 1.965441	 2.593575	 2.148226	 2.947942	 2.833070	 2.539338	 2.316684	 2.939038	 2.500792	 2.156575	 2.234260
 2.077541	 1.961549	 2.589959	 2.143897	 3.169330	 2.828176	 2.535016	 2.312854	 2.934907	 2.721800	 2.152828	 2.206050
 2.073240	 2.457665	 2.585610	 2.139554	 3.277048	 2.823069	 2.030695	 1.809023	 2.929808	 2.829035	 2.148868	 2.189619
 2.068948	 2.702798	 2.580900	 2.135208	 3.327937	 2.817862	 1.777231	 1.556025	 2.924231	 2.879392	 2.144806	 2.179082
 2.064666	 2.322446	 2.576014	 2.130865	 2.850416	 2.812609	 2.149199	 1.928444	 2.918422	 2.901316	 2.140696	 1.671497
 2.060391	 2.130346	 2.571046	 2.126529	 2.609573	 2.807338	 2.333030	 2.112745	 2.912502	 2.909032	 2.136566	 1.416462
 2.056126	 2.032378	 2.566040	 2.122200	 2.987072	 2.802064	 2.422797	 1.702989	 2.906534	 2.409650	 2.132431	 1.787704
 2.051870	 1.981478	 2.561022	 2.117878	 3.172869	 2.796793	 2.465535	 1.497038	 2.900548	 2.157838	 2.128296	 1.971019
 2.047622	 1.954117	 2.556001	 2.113566	 3.262820	 2.791528	 2.484763	 1.392991	 2.894559	 2.029815	 2.124167	 2.060375
 2.043383	 2.438528	 2.550985	 2.109262	 2.804853	 2.786271	 2.492239	 1.839899	 2.388574	 1.963691	 2.120043	 2.102757
 2.039153	 2.677840	 2.545976	 2.104966	 2.573810	 2.781024	 2.493843	 2.061455	 2.133634	 1.928522	 2.115927	 2.121657
 2.034932	 2.794607	 1.040975	 2.100679	 2.956232	 2.775786	 2.492514	 2.170338	 2.504219	 1.908834	 2.111819	 2.128821
 2.030720	 2.850108	 0.288475	 2.096401	 3.144513	 2.770557	 2.489723	 2.222889	 2.686536	 1.896893	 2.107718	 2.130121
 2.026516	 2.374982	 1.412225	 2.092132	 3.235729	 2.765339	 2.486205	 2.247276	 2.774725	 1.888828	 2.103625	 2.128495
 2.022321	 2.135538	 1.971608	 2.087871	 3.278417	 2.760130	 2.482326	 2.257585	 2.815856	 1.882707	 2.099540	 2.125410
 2.018134	 2.013938	 2.248814	 2.083619	 2.796846	 2.754930	 2.478270	 2.260858	 2.833465	 2.377563	 2.095462	 1.621601
 2.013957	 1.951265	 2.384935	 2.079376	 2.554029	 2.749741	 2.474130	 2.260615	 2.839318	 2.621800	 2.091393	 1.368502
 2.009788	 1.918058	 2.450519	 2.075141	 2.430592	 2.744561	 2.469951	 2.258618	 2.839300	 2.740736	 2.087332	 1.240762
 2.005627	 1.899588	 2.480839	 2.070915	 2.866849	 2.739392	 2.465757	 2.255748	 2.336352	 2.297028	 2.083278	 1.675703
 2.001475	 1.888491	 2.493532	 2.066698	 3.082078	 2.734231	 2.461558	 2.252443	 2.082980	 2.073115	 2.079232	 1.890919
 1.997332	 1.881083	 2.497416	 2.062489	 2.686799	 2.229081	 2.457361	 2.248924	 2.454400	 1.959105	 2.075195	 1.996277
 1.993197	 1.875524	 2.496901	 2.058289	 2.487148	 1.974882	 2.453168	 2.245302	 2.637186	 1.900051	 2.071165	 2.046712
 1.989071	 1.870893	 2.494192	 2.054097	 2.385316	 1.846162	 2.448980	 2.241631	 2.225660	 1.868479	 2.067142	 2.069689
 1.984954	 1.866730	 2.490389	 2.049914	 2.332395	 1.780185	 2.444799	 2.237938	 2.018019	 1.850653	 2.063128	 2.078943
 1.980845	 1.862804	 2.486045	 2.045739	 2.303934	 2.245581	 2.440625	 2.234238	 1.912325	 1.839705	 1.559122	 2.081339
 1.976744	 1.859001	 2.481435	 2.041573	 2.287707	 2.475726	 2.436458	 2.230537	 1.857608	 1.832199	 1.306094	 2.080312
 1.972652	 1.855262	 2.476697	 2.037415	 2.277600	 2.588250	 2.432298	 2.226839	 1.828383	 1.826420	 1.178557	 2.077577
 1.968568	 1.851559	 1.971899	 2.033266	 2.270556	 2.641969	 2.428145	 2.223145	 1.811908	 1.821508	 1.613769	 2.073994
 1.964493	 1.847879	 1.718059	 2.029125	 2.265048	 2.666289	 2.423999	 2.219457	 1.801813	 1.817035	 1.829385	 2.069991
 1.960426	 1.844212	 2.089701	 2.024993	 2.760311	 2.675915	 2.419860	 2.215774	 2.294910	 1.812785	 1.935207	 2.065782
 1.956368	 1.840556	 2.273103	 2.020869	 3.005085	 2.678199	 2.415728	 2.212097	 2.538573	 1.808652	 1.986137	 2.061476
 1.952318	 1.836910	 2.362392	 1.516754	 3.124620	 2.676816	 2.411603	 2.208426	 2.157525	 1.804581	 2.009623	 1.557126
 1.948277	 1.833271	 2.404627	 1.263665	 3.181540	 2.673605	 2.407486	 2.204761	 1.965162	 1.800546	 2.019393	 1.303826
 1.944244	 1.829641	 2.423341	 1.636091	 3.207158	 2.169484	 2.403375	 2.201103	 1.867146	 1.796533	 2.022307	 1.676055
 1.940219	 1.826017	 2.430299	 1.820259	 3.217130	 1.915855	 2.399271	 2.197450	 1.816307	 1.792536	 2.021798	 1.859981
 1.936202	 1.822401	 2.431384	 1.910302	 3.219284	 1.787475	 2.395174	 2.193803	 1.789060	 1.788551	 2.019580	 1.949761
 1.932194	 2.318792	 2.429537	 1.453287	 2.717533	 2.221723	 1.891085	 2.190163	 1.773613	 2.284576	 2.016513	 1.992473
 1.928194	 2.564200	 2.426228	 1.223765	 2.464714	 2.436345	 1.637856	 2.186528	 1.764069	 2.529501	 2.013024	 2.011655
 1.924203	 2.684122	 2.422193	 1.607991	 2.836363	 2.541159	 2.010059	 2.182899	 2.257482	 2.648882	 2.009328	 2.019077
 1.920220	 2.741307	 2.417801	 1.798076	 3.019372	 2.591074	 2.194127	 2.179277	 2.501340	 2.705498	 2.005533	 2.020623
 1.916245	 2.767129	 2.413233	 1.891094	 2.608066	 2.613544	 1.784131	 2.175660	 2.620428	 2.730738	 2.001692	 2.019237
 1.912278	 2.777274	 2.408583	 1.935583	 2.400485	 2.622297	 1.577959	 2.172050	 2.677137	 2.740298	 1.997831	 2.016388
 1.908319	 2.779587	 2.403897	 1.455811	 2.794770	 2.624195	 1.473702	 2.168445	 2.702661	 2.742023	 1.993965	 2.012813
 1.904369	 2.777988	 2.399197	 1.214931	 2.989113	 2.622671	 1.420405	 2.164847	 2.712600	 2.739839	 1.990099	 2.008880
 1.900426	 2.774440	 2.394494	 1.093499	 3.083491	 2.619440	 1.392589	 2.161254	 2.714751	 2.735706	 1.986238	 2.004771
 1.896492	 2.269923	 2.389795	 1.531793	 3.127891	 2.615360	 1.877516	 2.157668	 2.713015	 2.230606	 1.982382	 2.000581
 1.892566	 2.015916	 2.385103	 1.748934	 3.147307	 2.610861	 2.117962	 2.154087	 2.709340	 1.976140	 1.978534	 1.996353
 1.888649	 1.887168	 2.380418	 1.855503	 3.154236	 2.606157	 1.736172	 2.150512	 2.704702	 1.846994	 1.974692	 1.992111
 1.884739	 1.821053	 2.375742	 1.906789	 3.154926	 2.601355	 1.544121	 2.146943	 2.699589	 1.780514	 1.970857	 1.987867
 1.880837	 1.786258	 2.371074	 1.930439	 3.152502	 2.096508	 1.946941	 2.143381	 2.194243	 1.745370	 1.967030	 1.983626
 1.876944	 1.767126	 2.366416	 1.940274	 3.148525	 1.842585	 2.146345	 2.139824	 1.939822	 1.725898	 1.963210	 1.979392
 1.873058	 1.755829	 1.861766	 1.943206	 2.643777	 1.714128	 2.244044	 2.136273	 1.810867	 1.714268	 1.959398	 1.975165
 1.869181	 1.748454	 1.608108	 1.942690	 2.389526	 1.648406	 2.290894	 2.132727	 1.744649	 1.706561	 1.955592	 1.970946
 1.865311	 1.743042	 1.479949	 1.940454	 2.260526	 1.614054	 2.312324	 2.129188	 1.709802	 1.700821	 1.951795	 1.966736
 1.861450	 1.738616	 1.914541	 1.937363	 2.194156	 1.595390	 2.321046	 2.125655	 1.690645	 1.696069	 1.948004	 1.962535
 1.857597	 1.734685	 2.129530	 1.933848	 2.159103	 1.584573	 2.323418	 2.122127	 1.679337	 1.691814	 1.944221	 1.958343
 1.853751	 1.731007	 2.234720	 1.930124	 2.139713	 2.077683	 1.822618	 1.618606	 2.171956	 2.187812	 1.940446	 1.954160
 1.849914	 1.727457	 2.285017	 1.926301	 2.128156	 2.321816	 1.571090	 1.365919	 2.415508	 2.432831	 1.936678	 1.949985
 1.846084	 1.723975	 2.307871	 1.922432	 2.120521	 2.441466	 1.944199	 1.738653	 2.034531	 2.052366	 1.932917	 1.945820
 1.842263	 1.720531	 2.317009	 1.918544	 2.114849	 2.498879	 2.128776	 1.923267	 1.842332	 1.860277	 1.929163	 1.941663
 1.838449	 1.717108	 2.319292	 1.914650	 2.110162	 2.025178	 2.219089	 2.013826	 1.744524	 1.762379	 1.925417	 1.937516
 1.834643	 1.713700	 2.318154	 1.910758	 2.105970	 1.786866	 2.262274	 2.057359	 1.693915	 1.711582	 1.921677	 1.933377
 1.830845	 1.710303	 2.315308	 1.906870	 2.102030	 1.666252	 2.281898	 2.077382	 1.666910	 1.684339	 1.917946	 1.929247
 1.327055	 1.706914	 1.811613	 1.402988	 2.098219	 1.604489	 1.789745	 2.085653	 1.651710	 1.668877	 1.414221	 1.925126
 1.074308	 1.703533	 1.558481	 1.150132	 2.094475	 1.572154	 1.542561	 2.088052	 1.642417	 1.659310	 1.161475	 1.921013
 1.447084	 1.700159	 1.930633	 1.522790	 2.090768	 1.554537	 1.417863	 2.087516	 1.636079	 1.652694	 1.534219	 1.416910
 1.631589	 1.696792	 2.114446	 1.707189	 2.087083	 1.544280	 1.354410	 2.085517	 1.631224	 1.647558	 1.718740	 1.163883
 1.721961	 1.693432	 2.204095	 1.797462	 2.083412	 1.537707	 1.321581	 2.082788	 1.127113	 1.643165	 1.809152	 1.536396
 1.765271	 1.690078	 2.246666	 1.840677	 2.079751	 1.532979	 1.304067	 2.079698	 0.874412	 1.639149	 1.852514	 1.720614
 1.785055	 1.686732	 2.265703	 1.860366	 2.076099	 2.029175	 1.794211	 2.076430	 1.747419	 1.635325	 1.872354	 1.810689
 1.793078	 1.683391	 2.272977	 1.868296	 2.072454	 2.274895	 2.037333	 2.073076	 2.181209	 1.631601	 1.880436	 1.853696
 1.795226	 1.680058	 2.274374	 1.870350	 2.568816	 2.395381	 2.156947	 2.069681	 2.395398	 1.627931	 1.882644	 1.873174
 1.794439	 1.676731	 2.272836	 1.869471	 2.814307	 2.453254	 2.214810	 2.066269	 2.499792	 1.624292	 1.881917	 1.880891
 1.792189	 1.673410	 2.269836	 1.867129	 2.934367	 2.479826	 2.241802	 2.062852	 2.549293	 1.620673	 1.879728	 1.882733
 1.789212	 1.670097	 2.266110	 1.864059	 2.991716	 2.490751	 2.253360	 2.059434	 2.571353	 1.617067	 1.876810	 1.881640
 1.785874	 1.666789	 2.262024	 1.860629	 3.017715	 2.493857	 2.257206	 2.056020	 2.579700	 1.613473	 1.873531	 1.879086
 1.782360	 1.663489	 2.257762	 1.857023	 3.028043	 2.493059	 2.257199	 2.052609	 2.581194	 1.609887	 1.870076	 1.875804
 1.778762	 1.660194	 2.253418	 1.853332	 3.030540	 2.490312	 2.255268	 2.049203	 2.579268	 1.606311	 1.866536	 1.872163
 1.775126	 1.656907	 2.249036	 1.849604	 3.029127	 2.486596	 2.252379	 2.045803	 2.575637	 2.102742	 1.862957	 1.868347
 1.771474	 1.653626	 2.244640	 1.845860	 3.025764	 2.482400	 2.249014	 2.042408	 2.571159	 2.348071	 1.859362	 1.864448
 1.767818	 1.650351	 2.240242	 1.842112	 2.521429	 1.977967	 2.245414	 2.039019	 2.066264	 2.467856	 1.855763	 1.860511
 1.764164	 1.647083	 2.235846	 1.838367	 2.267492	 1.724363	 2.241700	 2.035635	 1.812200	 2.524874	 1.852164	 1.856559
 1.760515	 1.643821	 2.231456	 1.834626	 2.138756	 1.596176	 2.237933	 2.032257	 1.683556	 2.550516	 1.848571	 1.852605
 1.756872	 2.140566	 2.227073	 1.830891	 2.572624	 2.030700	 2.234141	 2.028885	 1.617624	 2.560475	 1.844982	 1.848653
 1.753236	 2.386327	 2.222698	 1.827163	 2.786919	 2.245640	 2.230342	 2.025518	 1.583052	 2.562600	 1.841400	 1.844707
 1.749607	 2.006602	 2.218331	 1.823442	 2.891433	 1.850792	 2.226541	 2.022156	 1.564163	 2.060814	 1.837824	 1.840767
 1.745985	 1.815128	 2.213973	 1.819729	 2.941061	 1.651997	 2.222743	 2.018801	 1.553119	 1.808190	 1.834255	 1.836836
 1.242371	 1.717783	 1.709623	 1.816023	 2.463250	 2.051231	 2.218949	 2.015450	 1.546001	 1.680150	 1.830693	 1.832913
 0.989799	 1.667507	 1.456264	 1.812325	 2.222602	 2.248540	 2.215162	 2.012106	 1.540850	 1.614406	 1.827138	 1.828997
 0.362750	 1.140767	 0.328403	 0.808634	 1.100539	 1.344891	 1.211380	 1.008767	 0.536684	 0.579815	 0.823590	 0.825090
 0.049226	 0.876789	-0.234742	 0.306789	 0.539507	 0.893066	 0.709489	 0.507097	 0.034601	 0.062519	 0.321816	 0.323137
-0.107537	 0.744194	-0.515531	 0.055866	 0.258991	 0.667154	 0.458543	 0.256262	-0.216440	-0.196129	 0.070929	 0.072160
-0.185918	 0.177290	-0.655143	-0.069595	-0.381267	 0.054198	 0.333071	 0.130845	-0.341961	-0.325453	-0.054515	-0.053328
-0.225108	-0.106161	-0.724169	-0.132326	-0.700499	-0.251754	 0.270334	 0.068136	-0.404721	-0.390115	-0.117236	-0.116072
-0.744703	-0.247887	-0.757902	-0.163691	-0.859221	 0.095796	 0.238966	-0.463218	-0.436101	-0.422446	-0.148597	-0.147445
-1.003193	-0.318750	-0.773991	-0.179374	-0.937688	 0.269570	 0.223282	-0.728070	-0.451791	-0.438612	-0.164278	-0.163131
-0.631131	-0.354182	-0.781259	-0.687215	-0.476030	 0.356458	-0.284560	-0.359672	-0.959636	-0.446695	-0.172118	-0.170974
-0.445100	-0.371897	-0.784119	-0.939919	-0.245201	 0.399901	-0.537805	-0.175473	-1.212040	-0.450736	-0.176038	-0.174895
-0.352085	-0.380755	-0.784776	-0.565057	-0.129786	 0.421623	-0.663752	-0.083374	-0.836726	-0.452757	-0.177998	-0.176856
-0.305577	-0.385184	-0.784332	-0.377625	-0.072079	 0.432484	-0.726051	-0.037324	-0.649069	-0.453767	-0.178978	-0.177836
-0.282324	-0.387399	-0.783341	-0.283910	-0.043225	 0.437915	-0.756527	-0.014299	-0.555240	-0.454272	-0.179468	-0.178326
-0.270697	-0.388506	-0.782076	-0.237052	-0.028798	-0.059370	-0.771094	-0.002787	-0.508326	-0.454525	-0.179713	-0.178571
-0.264883	-0.389059	-0.780677	-0.213623	-0.021585	-0.307488	-0.777706	 0.002969	-0.484869	-0.454651	-0.179836	-0.178694
-0.261976	-0.389336	-0.779212	-0.201909	-0.517978	-0.431024	-0.780343	 0.005848	-0.473141	-0.454714	-0.179897	-0.178755
-0.260523	-0.389475	-0.777715	-0.196051	-0.765285	-0.492270	-0.780993	 0.007287	-0.467276	-0.454746	-0.179927	-0.178786
-0.259796	-0.389544	-0.776204	-0.693123	-0.888049	-0.022371	-0.780650	-0.491994	-0.464344	-0.454762	-0.179943	-0.178801
-0.259433	-0.389579	-0.774688	-0.940447	-0.948544	 0.212578	-0.779813	-0.740812	-0.462878	-0.454769	-0.179950	-0.178809
-0.259251	-0.389596	-0.773170	-0.562899	-0.477906	-0.169947	-0.778729	-0.364399	-0.462145	-0.454773	-0.179954	-0.178813
-0.259161	-0.389604	-0.771653	-0.374125	-0.242587	-0.360690	-0.777523	-0.176193	-0.461779	-0.454775	-0.179956	-0.178815
-0.259115	-0.389609	-0.770138	-0.279738	-0.124928	-0.455541	-0.776258	-0.082090	-0.461595	-0.454776	-0.179957	-0.178816
-0.759092	-0.389611	-0.768625	-0.232545	-0.066098	-0.502449	-0.274963	-0.035039	-0.461504	-0.454777	-0.179958	-0.178816
-1.007778	-0.389612	-0.767115	-0.208948	-0.036683	-0.525385	-0.024316	-0.011513	-0.461458	-0.454777	-0.179958	-0.178816
-0.630820	-0.389613	-0.765608	-0.697150	-0.521976	-0.536337	 0.101008	 0.000250	 0.038565	-0.454777	-0.179958	-0.678816
-0.442341	-0.389613	-0.764104	-0.940044	-0.763738	-0.541297	 0.163669	 0.006132	 0.288019	-0.454777	-0.179958	-0.927557
-0.348102	-0.389613	-0.762603	-0.560286	-0.383737	-0.543263	-0.305000	 0.009072	-0.087810	-0.454777	-0.179958	-0.550672
-0.300982	-0.389613	-0.761105	-0.370407	-0.193736	-0.543733	-0.538674	 0.010543	-0.275725	-0.454777	-0.179958	-0.362229
-0.277422	-0.389613	-0.759609	-0.275468	-0.098736	-0.043455	-0.654851	 0.011278	-0.369682	-0.454777	-0.179958	-0.268007
-0.265642	-0.389613	-0.758117	-0.227998	-0.051236	 0.206684	-0.712282	 0.011645	-0.416661	-0.454777	-0.179958	-0.220896
-0.259752	-0.389613	-0.756627	-0.204263	-0.027486	 0.331754	-0.740340	 0.011829	-0.440150	-0.454777	-0.179958	-0.197341
-0.256807	-0.389613	-0.755141	-0.192396	-0.015610	 0.394288	-0.753713	 0.011921	-0.451895	-0.454777	-0.179958	-0.185563
-0.255335	-0.389613	-0.753657	-0.186462	-0.009673	 0.425556	-0.759745	 0.011967	-0.457767	-0.454777	-0.179958	-0.179675
-0.254599	-0.389613	-0.752176	-0.683495	-0.506704	-0.558810	-0.762107	 0.011990	-0.460703	-0.454777	-0.179958	-0.176730
-0.254230	-0.389613	-0.750698	-0.930810	-0.754339	-1.049540	-0.762635	 0.012002	-0.462171	-0.454777	-0.179958	-0.175258
-0.254046	-0.389613	-0.749223	-0.553267	-0.377277	-0.793454	-0.762248	 0.012007	-0.462906	-0.454777	-0.179958	-0.174522
-0.253954	-0.389613	-0.747751	-0.364496	-0.188746	-0.664905	-0.761404	 0.012010	-0.463273	-0.454777	-0.179958	-0.174154
-0.753908	-0.389613	-0.746282	-0.270111	-0.594480	-0.600126	-0.760332	-0.487988	-0.463456	-0.454777	-0.179958	-0.673970
-1.002588	-0.389613	-0.744816	-0.222918	-0.796470	-0.567232	-0.759148	-0.737168	-0.463548	-0.454777	-0.179958	-0.922624
-1.125632	-0.389613	-0.743352	-0.199321	-0.896588	-0.550281	-0.757909	-0.860939	-0.463594	-0.454777	-0.179958	-1.045700
-0.685862	-0.389613	-0.741892	-0.187523	-0.445773	-0.041304	-0.756644	-0.422008	-0.463617	-0.454777	-0.179958	-1.105990
-0.465977	-0.389613	-0.740434	-0.181624	-0.220365	 0.213185	-0.755366	-0.202542	-0.463628	-0.454777	-0.179958	-1.134889
-0.856034	-0.389613	-0.738979	-0.178675	-0.607661	-0.159571	-0.754084	-0.092809	-0.463634	-0.954777	-0.679958	-1.148096
-1.049773	-0.389613	-0.737528	-0.177200	-0.800436	-0.345447	-0.752800	-0.037943	-0.463637	-1.203162	-0.928812	-1.153458
-1.145355	-0.389613	-0.736078	-0.676462	-0.395952	-0.437885	-0.751516	-0.010510	-0.463638	-0.825742	-0.552096	-1.154902
-1.191862	-0.389613	-0.734632	-0.924896	-0.193710	-0.483604	-0.750234	 0.003207	-0.463639	-0.637032	-0.363738	-1.154389
-0.713834	-0.389613	-0.733189	-0.547919	-0.592589	-0.505966	-1.248953	-0.489935	-0.463639	-0.542677	-0.269559	-1.152900
-0.474820	-0.389613	-0.731748	-0.359430	-0.791158	-0.516649	-1.496821	-0.735690	-0.463639	-0.495499	-0.222469	-1.150926
-0.355313	-0.389613	-0.730311	-0.265186	-0.889574	-0.521493	-1.619265	-0.857753	-0.463639	-0.471910	-0.198924	-1.148711
-0.295559	-0.389613	-0.728876	-0.218063	-0.937915	-0.523420	-1.179000	-0.417972	-0.463640	-0.460116	-0.687152	-0.646380
-0.265682	-0.389613	-0.727444	-0.194502	-0.961220	-0.523889	-0.958237	-0.198081	-0.463640	-0.454219	-0.930125	-0.395214
-0.250744	-0.389613	-0.726014	-0.182722	-0.972008	-0.523629	-0.347226	-0.588136	-0.463640	-0.451270	-0.550472	-0.269631
-0.243275	-0.389613	-0.724588	-0.176831	-0.976540	-0.523006	-0.041720	-0.782351	-0.463640	-0.449796	-0.360645	-0.206839
-0.739540	-0.389613	-0.723164	-0.673886	-0.977945	-0.522203	-0.388968	-0.878649	-0.463640	-0.449059	-0.765732	-0.675444
-0.986394	-0.389613	-0.721743	-0.921221	-0.977788	-0.521310	-0.561963	-0.925989	-0.463640	-0.448690	-0.967139	-0.908524
-1.108544	-0.389613	-0.720325	-0.543699	-0.976851	-0.520374	-0.647833	-0.948851	-0.463640	-0.948506	-0.566707	-0.523844
-1.168345	-0.389613	-0.718910	-0.354938	-0.975526	-0.519416	-0.690141	-0.959476	-0.463640	-1.196805	-0.366492	-0.331505
-1.196975	-0.389613	-0.717498	-0.260557	-0.974009	-0.518449	-0.710670	-0.963983	-0.463640	-1.319350	-0.266384	-0.235335
-1.210021	-0.389613	-0.716088	-0.713367	-0.972397	-0.517478	-0.720311	-0.965433	-0.463640	-1.379021	-0.716330	-0.187250
-1.215278	-0.389613	-0.714681	-0.938584	-0.970739	-0.516506	-0.724508	-0.965356	-0.463640	-1.407259	-0.940171	-0.163208
-0.716643	-0.389613	-0.713277	-1.050008	-0.969059	-0.515535	-0.225984	-0.464517	-0.463640	-0.919783	-0.550961	-0.151186
-0.467326	-0.389613	-0.711875	-1.104537	-0.967371	-0.514565	 0.023278	-0.214097	-0.463640	-0.676045	-0.356356	-0.145176
-0.842667	-0.389613	-0.710477	-0.630622	-0.965679	-0.513596	-0.352091	-0.588887	-0.463640	-0.554177	-0.759053	-0.642171
-1.029077	-0.389613	-0.709081	-0.393664	-0.963987	-0.512628	-0.539155	-0.775482	-0.463640	-0.493242	-0.959274	-0.889451
-0.621024	-0.389613	-0.707687	-0.275185	-0.962296	-0.511663	-0.632066	-0.867982	-0.463640	-0.462775	-1.058258	-1.011877
-0.416997	-0.389613	-0.706297	-0.215945	-0.960608	-0.510699	-0.677903	-0.913435	-0.463640	-0.447541	-1.106627	-1.071879
-0.314984	-0.389613	-0.704909	-0.186326	-0.958922	-0.509737	-0.700204	-0.935365	-0.463640	-0.439924	-1.129690	-1.100671
-0.763978	-0.889613	-0.703524	-0.671516	-0.957239	-0.508777	-0.710737	-0.945536	-0.463640	-0.436116	-0.640102	-1.113860
-0.987219	-1.138237	-0.702142	-0.912933	-0.955559	-0.507819	-0.715388	-0.949829	-0.463640	-0.434212	-0.395308	-1.119251
-0.597586	-0.761176	-0.700762	-0.532466	-0.953882	-0.506862	-0.217099	-0.451184	-0.463640	-0.433260	-0.272911	-0.620746
-0.402770	-0.572645	-0.699386	-0.342233	-0.952208	-0.505907	 0.032046	-0.201861	-0.463640	-0.432784	-0.211712	-0.371493
-0.305362	-0.478380	-0.698011	-0.747116	-0.450536	-0.504954	-0.343382	-0.577199	-0.463640	-0.432546	-0.181113	-0.246866
-0.256658	-0.431248	-0.696640	-0.948385	-0.199701	-0.504003	-0.530482	-0.764078	-0.463640	-0.432427	-0.165814	-0.184553
-0.232306	-0.407681	-0.695271	-0.547848	-0.574283	-1.003054	-0.623420	-0.356729	-0.463640	-0.432367	-0.658164	-0.153396
-0.220130	-0.395898	-0.693905	-0.347580	-0.760741	-1.251164	-0.669277	-0.153054	-0.463640	-0.432337	-0.903222	-0.137818
-0.214042	-0.390007	-0.692542	-0.247446	-0.853139	-1.373807	-0.691595	-0.051217	-0.463640	-0.432323	-1.024636	-0.130029
-0.210998	-0.387061	-0.691181	-0.697379	-0.898508	-0.933720	-0.702144	-0.000298	-0.463640	-0.432315	-1.084230	-0.126134
-0.209476	-0.385588	-0.689823	-0.921177	-0.920364	-0.713676	-0.706811	 0.025161	-0.463640	-0.432311	-1.112916	-0.124187
-0.208715	-0.384851	-0.688468	-1.031911	-0.930466	-0.603654	-0.708536	 0.037891	-0.463640	-0.432309	-0.626151	-0.623214
-0.208335	-0.384483	-0.687115	-1.086114	-0.934691	-0.548643	-0.708793	 0.044256	-0.463640	-0.432309	-0.382769	-0.871528
-0.708144	-0.384299	-0.685765	-1.112054	-0.935979	-0.521137	-0.708316	-0.452562	-0.463640	-0.432308	-0.761077	-0.994489
-0.956799	-0.384207	-0.684418	-1.123866	-0.935801	-0.507385	-0.707473	-0.700183	-0.463640	-0.432308	-0.949125	-1.054776
-1.079879	-0.384161	-0.683073	-0.628615	-0.934891	-0.500508	-0.706448	-0.323207	-0.463640	-0.432308	-1.042045	-1.083729
-1.140173	-0.384138	-0.681731	-0.380990	-0.933616	-0.497070	-0.705334	-0.134719	-0.463640	-0.432308	-1.087403	-1.097017
-1.169078	-0.384126	-0.680392	-0.757177	-0.932160	-0.495351	-0.704175	-0.540475	-0.463640	-0.932308	-0.608982	-0.602475
-1.182290	-0.384121	-0.679055	-0.944117	-0.930616	-0.494491	-0.702996	-0.742568	-0.463640	-1.180717	-0.369772	-0.355204
-1.187659	-0.384118	-0.677720	-1.036435	-0.929028	-0.494062	-0.701807	-0.842830	-0.463640	-1.303334	-0.250166	-0.231568
-1.189109	-0.384116	-0.676389	-0.581444	-0.927420	-0.493847	-0.700614	-0.892179	-0.463640	-0.863059	-0.190364	-0.669750
-1.188601	-0.384116	-0.675060	-0.353949	-0.925804	-0.493739	-0.699421	-0.916072	-0.463640	-0.642922	-0.160462	-0.887658
-1.187118	-0.384115	-0.673734	-0.240202	-0.924184	-0.493686	-0.698228	-0.927239	-0.463640	-1.032853	-0.645512	-0.995431
-1.185149	-0.384115	-0.672410	-0.183328	-0.922565	-0.493659	-0.697036	-0.932044	-0.463640	-1.226239	-0.886939	-1.048139
-1.182940	-0.384115	-0.671089	-0.654891	-0.920947	-0.493645	-0.695847	-0.433669	-0.463640	-0.821355	-1.006556	-0.573318
-1.180613	-0.384115	-0.669770	-0.889525	-0.919331	-0.493639	-0.694659	-0.184481	-0.463640	-0.618913	-1.065272	-0.335907
-0.678230	-0.384115	-0.668454	-0.505698	-0.917718	-0.993635	-0.693473	-0.559887	-0.463640	-0.517692	-1.093538	-0.717201
-0.427039	-0.384115	-0.667141	-0.313784	-0.916108	-1.242227	-0.692289	-0.746814	-0.463640	-0.467081	-1.106582	-0.906675
-0.301443	-0.384115	-0.665830	-0.217827	-0.914500	-1.365118	-0.691107	-0.839503	-0.463640	-0.441776	-1.112017	-1.000242
