 0.125196	 0.021197	-0.428312	 0.040458	-0.244572	-0.390111	 0.377700	 0.040776	 0.439525	 0.363262	-0.012814	 0.170582
 0.312051	 0.021197	-0.428312	 0.289376	-0.244572	-0.444944	 0.438442	 0.287863	 0.439525	 0.363262	-0.255855	 0.170582
 0.405478	 0.021197	-0.428312	-0.087241	-0.244572	-0.472360	-0.031187	-0.089664	 0.439525	 0.363262	-0.377376	 0.170582
 0.452192	 0.021197	-0.428312	-0.275550	-0.244572	-0.486068	-0.265000	-0.278427	 0.439525	 0.363262	-0.438136	 0.170582
 0.475549	 0.021197	-0.428312	 0.130296	-0.744572	-0.492922	-0.381906	-0.372809	 0.439525	 0.363262	-0.468516	 0.170582
 0.487228	 0.021197	-0.428312	 0.332146	-0.992083	-0.496350	-0.440360	-0.419999	 0.439525	 0.363262	-0.483706	 0.170582
 0.493067	 0.021197	-0.428312	 0.432003	-1.113359	-0.498063	-0.469586	-0.443595	 0.439525	 0.363262	-0.491301	 0.170582
 0.495986	 0.021197	-0.428312	-0.019132	-0.671528	-0.498920	-0.484200	 0.044607	 0.439525	 0.363262	-0.495098	 0.170582
 0.497446	 0.021197	-0.428312	-0.244699	-0.450612	-0.499348	-0.491506	 0.287643	 0.439525	 0.363262	-0.496997	 0.170582
-0.001824	 0.021197	-0.428312	-0.357483	-0.340154	 0.000438	 0.004840	 0.408099	 0.439525	 0.363262	-0.497946	 0.170582
-0.250457	 0.021197	-0.428312	-0.413875	-0.284925	 0.249330	 0.252011	 0.467271	 0.439525	 0.363262	-0.498421	 0.170582
-0.374773	 0.021197	-0.428312	-0.442071	-0.257311	 0.373776	 0.375597	-0.004197	 0.439525	 0.363262	-0.498659	 0.170582
-0.436931	 0.021197	-0.428312	-0.456169	-0.243504	 0.435999	 0.437390	-0.239930	 0.439525	 0.363262	-0.498777	 0.170582
 0.031989	 0.021197	 0.071688	 0.036782	 0.263400	 0.467111	 0.468286	 0.142203	 0.439525	 0.363262	 0.001163	 0.170582
 0.265448	 0.021197	 0.320545	 0.282198	 0.515311	 0.482667	 0.483734	 0.332221	 0.439525	 0.363262	 0.250132	 0.170582
 0.382177	 0.021197	 0.443834	 0.403851	 0.639732	 0.490445	 0.491458	 0.426185	 0.439525	 0.363262	 0.374616	 0.170582
 0.440542	 0.021197	 0.504345	 0.463626	 0.200414	 0.494334	 0.495320	-0.027873	 0.439525	 0.363262	 0.436858	 0.170582
 0.469724	 0.021197	 0.533470	 0.492467	-0.019244	 0.496278	 0.497251	-0.254902	 0.439525	 0.363262	 0.467979	 0.170582
 0.484316	 0.021197	 0.546908	 0.505845	-0.129074	 0.497250	 0.498217	 0.131583	 0.439525	 0.363262	 0.483539	 0.170582
 0.491611	 0.021197	 0.552506	 0.511496	-0.183989	 0.497736	 0.498700	 0.323790	 0.439525	 0.363262	 0.491319	 0.170582
 0.495259	 0.021197	 0.554189	 0.013287	 0.288554	 0.497979	 0.498941	 0.418861	 0.439525	 0.363262	 0.495210	 0.670582
 0.497083	 0.021197	 0.553918	-0.235818	 0.523303	 0.498101	 0.499062	 0.465369	 0.439525	 0.363262	 0.497155	 0.918241
 0.497995	 0.521197	 0.552676	-0.360370	 0.639162	 0.498162	 0.499122	 0.487599	 0.439525	 0.863262	 0.498127	 0.539738
 0.498451	 0.769155	 0.550952	-0.422646	 0.695581	 0.498192	 0.499152	 0.497695	 0.439525	 1.110535	 0.498613	 0.350487
 0.498679	 0.891099	 0.548991	-0.453784	 0.722286	 0.498207	 0.499167	 0.501727	 0.439525	 1.231456	 0.498857	 0.255861
 0.498793	 0.950046	 0.546917	-0.469353	 0.734141	 0.498215	 0.499175	 0.502731	 0.939525	 1.289212	 0.498978	 0.208549
 0.498850	 0.977501	 0.544790	-0.477138	 0.738577	 0.498219	 0.499179	 0.502226	 1.186646	 1.315396	 0.499039	 0.184892
 0.998878	 0.989218	 1.042641	 0.518970	 0.739308	 0.498221	 0.499180	 0.500970	 0.307339	 1.325805	 0.499069	 0.673064
 1.245895	 0.993075	 1.288486	 1.013994	 0.738194	 0.498222	 0.499181	 0.500342	-0.131171	 1.328337	 0.499085	 0.914828
 0.866417	 0.993010	 0.908340	 0.758487	 0.736163	 0.498222	 0.499182	 0.500028	 0.650714	 0.826941	 0.499092	 1.033396
 0.676678	 0.990991	 0.717210	 0.629728	 0.733679	 0.498222	 0.499182	 0.499871	 1.038791	 0.576243	 0.499096	 1.090376
 0.581809	 0.488004	 0.620593	 0.564347	 0.230975	 0.498222	 0.499182	 0.499793	 0.729976	 0.450895	 0.499098	 0.616572
 0.534374	 0.236511	 0.571237	 0.531656	-0.020378	 0.498222	 0.499182	 0.499753	 0.575568	 0.388220	 0.499099	 0.379670
 0.510657	 0.110764	 0.545515	 0.515311	-0.146054	 0.498223	 0.499182	 0.499734	 0.498364	 0.356883	 0.499099	 0.261218
 0.498798	 0.047890	 0.531614	 0.007138	-0.208892	 0.498223	 0.499182	 0.499724	 0.459762	 0.341214	 0.499099	 0.201993
 0.492869	 0.016454	 0.523629	-0.245946	-0.240311	 0.498223	 0.499182	 0.499719	 0.440461	 0.333380	 0.499100	 0.172380
 0.489904	 0.000735	 0.518604	 0.127512	-0.256020	 0.498223	 0.499182	 0.499717	 0.430811	-0.170537	 0.499100	 0.157574
 0.488422	-0.007124	 0.515065	 0.313239	-0.263875	 0.498223	 0.499182	 0.499715	 0.425986	-0.421147	 0.499100	 0.150170
 0.487681	-0.011054	 0.512273	 0.406102	-0.267802	 0.498223	 0.499182	 0.499715	 0.423573	-0.045108	 0.499100	 0.146469
 0.487310	-0.013018	 0.509857	 0.452534	-0.269766	 0.498223	 0.499182	 0.499714	 0.422367	 0.142911	 0.499100	 0.144618
 0.487125	-0.014001	 0.507635	 0.475750	 0.229252	 0.498223	 0.499182	 0.499714	 0.421764	 0.236921	 0.499100	 0.643693
 0.487032	-0.014492	 0.505513	 0.487358	 0.477305	 0.498223	 0.499182	 0.499714	 0.421462	 0.283926	 0.499100	 0.890944
 0.486986	-0.014738	 0.503445	 0.493162	 0.599880	 0.498223	 0.499182	 0.499714	 0.421311	 0.307428	 0.499100	 1.012294
 0.986963	 0.485140	 0.501408	 0.496064	 0.659723	 0.498223	 0.499182	 0.499714	 0.921236	 0.819179	 0.499100	 1.070701
 1.233977	 0.733108	 0.500390	 0.497515	 0.688205	 0.498223	 0.499182	 0.499714	 1.168356	 1.072393	 0.499100	 1.097647
 0.854522	 0.855130	 0.499881	 0.498240	 0.701013	 0.498223	 0.499182	 0.499714	 1.289085	 1.196349	 0.499100	 1.108870
 0.664795	 0.914187	 0.499626	 0.498603	 0.705989	 0.498223	 0.499182	 0.499714	 1.346630	 1.255686	 0.499100	 1.112242
 1.569931	 0.941769	 0.499499	 0.498784	 0.207056	 0.998223	 1.499182	 1.499714	 2.372594	 2.282724	 1.999100	 2.611697
 2.017549	 0.953621	 0.499435	 0.498875	-0.042411	 1.245226	 1.994184	 1.994715	 2.878779	 2.789624	 2.742102	 3.353202
 1.736428	 0.957616	 0.499403	 0.998920	 0.832855	 1.365743	 2.236706	 2.237236	 3.125101	 3.536481	 4.106632	 4.215765
 1.592957	 0.957691	 0.499387	 1.245945	 1.267072	 1.423030	 2.353009	 2.353536	 3.241520	 3.901343	 4.777955	 4.636890
 1.518322	 0.955812	 0.499379	 1.366471	 1.480778	 1.448712	 2.406222	 2.406747	 3.293013	 4.075241	 5.102718	 4.837336
 1.478118	 1.452965	 0.999375	 0.923761	 1.084242	 0.958604	 2.427909	 2.428433	 2.812071	 3.653692	 6.254245	 4.427484
 1.455139	 1.697642	 1.246375	 0.702405	 0.884599	 0.713551	 2.433854	 2.434375	 2.566937	 3.436453	 6.815196	 4.214522
 1.440786	 1.816095	 0.866888	 0.591728	 1.283407	 1.091024	 2.431947	 2.432466	 2.439727	 3.321395	 7.080920	 4.100038
 1.430756	 1.871453	 0.677144	 0.536389	 1.479447	 1.276823	 2.426133	 2.426650	 2.371497	 3.257454	 7.199088	 4.034825
 1.922900	 1.895278	 0.582272	 1.008719	 1.574116	 1.366798	 1.918385	 2.418900	 2.332775	 3.219096	 7.243538	 3.994280
 2.164142	 1.903352	 0.534836	 1.241923	 1.618113	 1.408872	 1.661690	 2.410203	 2.308826	 3.193556	 7.251187	 3.966099
 2.279952	 1.903567	 1.011118	 0.855574	 1.636787	 1.427007	 2.030533	 2.401052	 2.292282	 2.674449	 6.240494	 3.944133
 2.333066	 1.899866	 1.246285	 0.662400	 1.642813	 1.433184	 2.210155	 2.391692	 2.279458	 2.410586	 5.724688	 3.925306
 2.354850	 1.894224	 1.360905	 0.565812	 1.642529	 1.433394	 2.295187	 2.382248	 2.268513	 2.274360	 5.456367	 3.908079
 2.360989	 1.887625	 1.415264	 1.017519	 1.639102	 1.430631	 2.332943	 2.372780	 2.258526	 2.701971	 3.811830	 1.891684
 2.359324	 1.880564	 1.439504	 1.240434	 1.634117	 1.426394	 2.347079	 2.363319	 2.249035	 2.909518	 2.985227	 0.883487
 1.853776	 1.373286	 0.948697	 0.848964	 1.128366	 1.421432	 1.849425	 1.853881	 1.739810	 2.007057	 2.567609	 0.379388
 1.598306	 1.117916	 0.703293	 0.653230	 0.874246	 1.416117	 1.597894	 1.596474	 1.482737	 1.553617	 2.354499	 0.127339
 1.467885	 0.988505	 0.580591	 0.555362	 0.745945	 1.410639	 1.469436	 0.965091	 1.351749	 1.324697	 1.743662	 0.501314
 1.400000	 0.922082	 0.519240	 0.506429	 0.680560	 1.405089	 1.402525	 0.649400	 1.283813	 1.208045	 1.435978	 0.686551
 1.363393	 0.887159	 0.488565	 0.481962	 0.646637	 0.899515	 0.866398	 0.991555	 1.247414	 0.647537	 1.279879	 0.777426
 1.342436	 0.867993	 0.473227	 0.469728	 0.628450	 0.646728	 0.598335	 1.159965	 1.226792	 0.367282	 1.199582	 0.821127
 1.329315	 0.856712	 0.465558	 0.463612	 0.618136	 0.520335	 0.464303	 1.241513	 1.214069	 0.227155	 1.157195	 0.841248
 0.820121	 0.849381	 0.961724	 0.960553	 0.611763	 0.957138	 0.897287	 1.279641	 1.205304	 0.157092	 0.633772	 0.849585
 0.565525	 0.844031	 1.206891	 1.206109	 0.607366	 1.172752	 1.111119	 1.296069	 1.198529	 0.122060	 0.372060	 0.852038
 0.438227	 0.839679	 0.826570	 0.825984	 0.103961	 0.777782	 0.715385	 0.801659	 1.192758	 0.604544	 0.241204	 0.851556
 0.374577	 0.835832	 0.636410	 0.635921	-0.147741	 0.580297	 0.517518	 0.554453	 1.187498	 0.843612	 0.175776	 0.849612
 0.342753	 0.832245	 1.041330	 0.540890	 0.226408	 0.481554	 0.418584	 0.430850	 1.182504	 0.960981	 0.143063	 0.846945
 0.326841	 0.828794	 1.240897	 0.493374	 0.412281	 0.432183	 0.369117	 0.369049	 1.177652	 1.017508	 0.126706	 0.843923
 0.818884	 0.825418	 1.337800	 0.469616	 0.504022	 0.407497	 0.344384	 0.338148	 1.172880	 0.543624	 0.118527	 0.840730
 1.062285	 0.822085	 1.383382	 0.457737	 0.548700	 0.395155	 0.332017	 0.322698	 1.168158	 0.306682	 0.114438	 0.837459
 1.181373	 0.818782	 1.403315	 0.451798	 0.569853	 0.888983	 0.825834	 0.814973	 1.163470	 0.688211	 0.112393	 0.834155
 1.238317	 0.815499	 1.410435	 0.448828	 0.579247	 1.133132	 1.070103	 1.058496	 1.158809	 0.876836	 0.111371	 0.830841
 1.264198	 0.812233	 1.411160	 0.447343	 0.582767	 1.252452	 1.189609	 1.177653	 1.154170	 0.969017	 0.110860	 0.827529
 1.274558	 0.808982	 1.408699	 0.946601	 1.083354	 1.309368	 1.246743	 1.234638	 1.149551	 1.012986	 0.610604	 0.824225
 1.277169	 0.805746	 1.404656	 1.193338	 1.330480	 1.335094	 1.272703	 1.260548	 1.144952	 1.032856	 0.858256	 0.820931
 1.275914	 0.802522	 0.899833	 0.813826	 0.950888	 0.845235	 0.783085	 1.270929	 1.140372	 1.040686	 0.979870	 0.817648
 1.272738	 0.799312	 0.647421	 0.624070	 0.759949	 0.600305	 0.538277	 1.273558	 1.135810	 1.042504	 1.038474	 0.814379
 1.268610	 0.796114	 1.021216	 1.029192	 0.663342	 0.477841	 0.915872	 0.772319	 1.131267	 1.041324	 1.065581	 0.811121
 1.264018	 0.792930	 1.205323	 1.228885	 0.613905	 0.416608	 1.102083	 0.521700	 1.126742	 1.038654	 1.076950	 0.807877
 1.259203	 1.289758	 1.294598	 1.325874	 0.588057	 0.885992	 1.192612	 0.896391	 1.122235	 1.035247	 1.080458	 0.804646
 1.254286	 1.534599	 1.336467	 1.371523	 0.574009	 1.117973	 1.235310	 1.081194	 1.117746	 1.031479	 1.080044	 0.801427
 1.249329	 1.653461	 1.354645	 1.391513	 0.565865	 1.231264	 1.254103	 1.171063	 1.113275	 1.027540	 1.077677	 0.798221
 1.244362	 1.709347	 1.360989	 1.398685	 1.060677	 1.285220	 1.260954	 1.213476	 1.108822	 1.023524	 1.074343	 0.795029
 1.239400	 1.733759	 1.361426	 1.399459	 1.304973	 1.309520	 1.261844	 1.232171	 1.104386	 1.019476	 1.070535	 0.791848
 1.234450	 1.242449	 1.358921	 1.397046	 0.924022	 0.819002	 1.259763	 0.739016	 1.099969	 1.015422	 1.066497	 0.788681
 1.229516	 0.995292	 1.354955	 1.393050	 0.732460	 0.573743	 1.256207	 0.492439	 1.095569	 1.011372	 1.062353	 0.785526
 1.224599	 0.870217	 1.350270	 0.888274	 0.635598	 0.451114	 1.251924	 0.369151	 1.091187	 1.007332	 0.558164	 0.782384
 1.219702	 0.806189	 1.345237	 0.635886	 0.586089	 0.389799	 1.247287	 0.307506	 1.086822	 1.003306	 0.306070	 0.779255
 1.214824	 0.772691	 1.340040	 0.509692	 0.560261	 0.359142	 0.742484	 0.276684	 1.082475	 0.999294	 0.180023	 0.776138
 1.209965	 0.754464	 1.334771	 0.446595	 0.546279	 0.343813	 0.490082	 0.261273	 1.078145	 0.995297	 0.117000	 0.773033
 1.205125	 0.743878	 1.329478	 0.415046	 0.538223	 0.336149	 0.363881	 0.253568	 1.073832	 0.991317	 0.085488	 0.769941
 0.700304	 0.737118	 1.324183	 0.399272	 0.533134	 0.832317	 0.300780	 0.249715	 1.069537	 0.987352	 0.069732	 0.766861
 0.447894	 0.732277	 1.318898	 0.391385	 0.529534	 1.077744	 0.269230	 0.247788	 1.065259	 0.983402	 0.061854	 0.763794
 0.321689	 0.728402	 0.813628	 0.387441	 0.526682	 0.697811	 0.253455	 0.246825	 1.060998	 0.979469	 0.057915	 0.760739
 0.258586	 0.725016	 0.560993	 0.385469	 0.524209	 0.507844	 0.245567	 0.246344	 1.056754	 0.975551	 0.055946	 0.757696
 0.227035	 0.721879	 0.934676	 0.384484	 0.521928	 0.412861	 0.241624	 0.246103	 1.052527	 0.971649	 0.054961	 0.754665
 0.211260	 0.718873	 1.118900	 0.383991	 0.519749	 0.365369	 0.239652	 0.245982	 1.048316	 0.967762	 0.054468	 0.751646
 0.203372	 0.715939	 0.708406	 0.383744	 0.017624	 0.341624	 0.238666	 0.245922	 0.544123	 0.963891	 0.054222	 0.248640
 0.199428	 0.713045	 0.503159	 0.383621	-0.233438	 0.329751	 0.238173	 0.245892	 0.292027	 0.960035	 0.054099	-0.002864
 0.197456	 0.710178	 0.400536	 0.383559	-0.358970	 0.323814	 0.237926	 0.245877	 0.165978	 0.956195	 0.054038	-0.128615
 0.196470	 0.207330	 0.349224	-0.116471	-0.421735	 0.320846	 0.237803	 0.245870	 0.102954	 0.452370	 0.054007	-0.191491
 0.195977	-0.044094	 0.323568	-0.365254	-0.453118	 0.319362	 0.237742	 0.245866	 0.071442	 0.200458	 0.053991	-0.222929
 0.195730	-0.169806	 0.310740	 0.011583	-0.468809	 0.318620	-0.262289	-0.254136	 0.055686	 0.074502	 0.053984	-0.238648
 0.195607	-0.232662	 0.304326	 0.200001	-0.476655	 0.318249	-0.510780	-0.502629	 0.047808	 0.011524	 0.053980	-0.246508
 0.195546	-0.264090	 0.301119	-0.205789	-0.480578	-0.181937	-0.133507	-0.625373	 0.043869	-0.019965	 0.053978	-0.250437
 0.195515	-0.279804	 0.299516	-0.407462	-0.482539	-0.430665	 0.055130	-0.685249	 0.041899	-0.035710	 0.053977	-0.252402
 0.195499	-0.287661	 0.298714	-0.507079	-0.483520	-0.553671	-0.350552	-0.713696	 0.040915	-0.043582	-0.446023	-0.253385
 0.195492	-0.291589	 0.298313	-0.555675	-0.484010	-0.613820	-0.551880	-0.726436	 0.040422	-0.047518	-0.694132	-0.253876
 0.195488	-0.293554	 0.298113	-0.578764	-0.484256	-0.642547	-0.651038	-0.731327	 0.040176	-0.049486	-0.816301	-0.254121
 0.195486	-0.294536	-0.201987	-0.589105	-0.484378	-0.155568	-0.699117	-0.732301	 0.040053	-0.550470	-0.375509	-0.254244
 0.195485	-0.295027	-0.450633	-0.593077	-0.484440	 0.087922	-0.721662	-0.731321	 0.039991	-0.798859	-0.155113	-0.254306
-0.304516	-0.295272	-0.573558	-0.593868	-0.484470	 0.209667	-0.231446	-0.729370	 0.039961	-0.420959	-0.544915	-0.254336
-0.552907	-0.295395	-0.633627	-0.593075	-0.484486	 0.270539	 0.013662	-0.726940	 0.039945	-0.232009	-0.737947	-0.254352
-0.175500	-0.295457	-0.662274	-0.591494	-0.484493	 0.300975	-0.363784	-0.724276	 0.039938	-0.137534	-0.832600	-0.254359
 0.013204	-0.295487	-0.675216	-0.589523	-0.484497	 0.316193	-0.551024	-0.721500	 0.039934	-0.090297	-0.878073	-0.254363
 0.107555	-0.295503	-0.680310	-0.087363	-0.484499	 0.323803	-0.143168	-0.718675	 0.039932	-0.066678	-0.898962	-0.254365
 0.154731	-0.295510	-0.681487	 0.163717	-0.484500	 0.327607	 0.060760	-0.715831	 0.039931	-0.054869	-0.907567	-0.254366
 0.178319	-0.295514	-0.680710	 0.289258	-0.484500	 0.329509	 0.162724	-0.712983	 0.039930	-0.048964	-0.910037	-0.254367
-0.309887	-0.295516	-0.678961	-0.147972	-0.484501	 0.330460	-0.286294	-0.710139	 0.039930	-0.046012	-0.409447	-0.254367
-0.552394	-0.295517	-0.676733	-0.365417	-0.484501	 0.330936	-0.509332	-0.707302	 0.039930	-0.044536	-0.159152	-0.254367
-0.172057	-0.295517	-0.674269	-0.472974	-0.484501	-0.168826	-0.619386	-0.204475	 0.039930	-0.043798	-0.034004	-0.254367
 0.018111	-0.295518	-0.671694	-0.525591	-0.484501	-0.417370	-0.672955	 0.046939	 0.039930	-0.043429	 0.028569	-0.254367
 0.113195	-0.295518	-0.169068	-0.550743	-0.484501	-0.040310	-0.198286	 0.172646	 0.039930	-0.043244	 0.059856	-0.254367
 0.160737	-0.295518	 0.082245	-0.562167	-0.484501	 0.148220	 0.039049	 0.235499	 0.039930	-0.043152	 0.075500	-0.254367
 0.184508	-0.295518	 0.207901	-0.066732	-0.484501	 0.242485	-0.342284	 0.266926	 0.039930	-0.043106	 0.083321	-0.254367
 0.196394	-0.295518	 0.270729	 0.180985	-0.484501	 0.289617	-0.531503	 0.282639	 0.039930	-0.043083	 0.087232	-0.254367
 0.202336	-0.295518	 0.302143	 0.304844	-0.484501	 0.313183	-0.624672	 0.290496	 0.039930	-0.043071	 0.089188	-0.254367
 0.205308	-0.295518	 0.317851	 0.366773	-0.484501	-0.175034	-0.169820	-0.205576	 0.039930	-0.043065	 0.090165	-0.254367
 0.206793	-0.295518	 0.325704	 0.397738	-0.484501	-0.417815	 0.057606	-0.452208	 0.039930	-0.043062	 0.090654	-0.254367
 0.207536	-0.295518	 0.329631	-0.086780	-0.484501	-0.037885	-0.328681	-0.574127	 0.039930	-0.043061	 0.090899	-0.254367
 0.207908	-0.295518	 0.331594	-0.327896	-0.484501	 0.152080	-0.520395	-0.633694	 0.039930	-0.043060	 0.091021	-0.254367
 0.208093	-0.295518	 0.332576	-0.447316	-0.484501	 0.247062	-0.614827	-0.162091	 0.039930	-0.043060	 0.091082	-0.254367
 0.208186	-0.295518	 0.333067	-0.505892	-0.484501	 0.294554	-0.660625	 0.073710	 0.039930	-0.043060	 0.091113	-0.254367
 0.208233	-0.295518	 0.333312	-0.034052	-0.484501	 0.318299	-0.682111	-0.308389	 0.039930	-0.043060	 0.091128	-0.254367
 0.208256	-0.295518	 0.333435	 0.201868	-0.484501	 0.330172	-0.691447	-0.498058	 0.039930	-0.043060	 0.091135	-0.254367
 0.208268	-0.295518	 0.333496	 0.319829	-0.484501	 0.336109	-0.694713	-0.591516	 0.039930	-0.043059	 0.091139	-0.254367
 0.208273	-0.295518	 0.333527	 0.378809	-0.484501	 0.339077	-0.194951	-0.636876	 0.039930	-0.043059	-0.408859	-0.254367
 0.208276	-0.295518	 0.333542	 0.408299	-0.484501	 0.340561	 0.054931	-0.658191	 0.039930	-0.043059	-0.657040	-0.254367
 0.208278	-0.295518	 0.333550	 0.423044	-0.484501	-0.158697	 0.179871	-0.167490	 0.039930	-0.043059	-0.279320	-0.254367
 0.208278	-0.295518	 0.333554	 0.430416	-0.484501	-0.407010	 0.242342	 0.077861	 0.039930	-0.043059	-0.090461	-0.254367
 0.208279	-0.295518	 0.333556	 0.434103	-0.484501	-0.529856	-0.226423	 0.200536	 0.039930	-0.043059	 0.003969	-0.254367
 0.208279	-0.295518	 0.333557	 0.435946	-0.484501	-0.589974	-0.459415	 0.261874	 0.039930	-0.043059	 0.051184	-0.254367
 0.208279	-0.295518	-0.166443	-0.063133	-0.484501	-0.618732	-0.574526	 0.292543	 0.039930	-0.043059	 0.074792	-0.254367
 0.208279	-0.295518	-0.415110	-0.311548	-0.484501	-0.631816	-0.630703	 0.307877	 0.039930	-0.043059	 0.086596	-0.254367
 0.208279	-0.295518	-0.538116	-0.434635	-0.484501	-0.637069	-0.657417	 0.315544	 0.039930	-0.043059	 0.092498	-0.254367
 0.208279	-0.295518	-0.098296	-0.495063	-0.484501	-0.138410	-0.169406	 0.319378	 0.039930	-0.043059	 0.095448	-0.254367
 0.208279	-0.295518	 0.121613	-0.524166	-0.484501	 0.110919	 0.074600	 0.321295	 0.039930	-0.043059	 0.096924	-0.254367
 0.208279	-0.295518	 0.231568	-0.037612	-0.484501	-0.264417	 0.196602	-0.177747	 0.039930	-0.043059	 0.097662	 0.245633
 0.208279	-0.295518	 0.286546	 0.205666	-0.484501	-0.450805	 0.257604	-0.425914	 0.039930	-0.043059	 0.098031	 0.494142
-0.291721	-0.295518	 0.314034	 0.327305	-0.484501	-0.042724	 0.288104	-0.048650	 0.039930	-0.043059	 0.098215	 0.116911
-0.540137	-0.295518	 0.327779	 0.388124	-0.484501	 0.161316	 0.303355	 0.139983	 0.039930	-0.043059	 0.098307	-0.071705
-0.162769	-0.295518	 0.334651	-0.081466	-0.484501	 0.263336	 0.310980	-0.265701	 0.039930	-0.043059	 0.098353	-0.166012
 0.025916	-0.295518	 0.338087	-0.315159	-0.484501	 0.314346	 0.314793	-0.467200	 0.039930	-0.043059	 0.098376	-0.213166
 0.120258	-0.295518	 0.339805	-0.430908	-0.484501	 0.339851	 0.316699	-0.566612	 0.039930	-0.043059	 0.098388	-0.236743
 0.167429	-0.295518	 0.340664	-0.487689	-0.484501	 0.352603	 0.317652	-0.614986	 0.039930	-0.043059	 0.098394	-0.248532
 0.191015	-0.295518	 0.341093	-0.514991	-0.484501	 0.358980	 0.318129	-0.637847	 0.039930	-0.043059	 0.098396	-0.254426
 0.202807	 0.204482	 0.341308	-0.027557	 0.015499	 0.362168	 0.318367	-0.147956	 0.039930	-0.043059	 0.098398	 0.242627
 0.208704	 0.453073	 0.341416	 0.216160	 0.264468	 0.363762	 0.318486	 0.096990	 0.039930	-0.043059	 0.098399	 0.489674
 0.211652	 0.075965	 0.341469	 0.338018	-0.112074	 0.364559	 0.318546	 0.219463	 0.539930	 0.456941	 0.098399	 0.111724
 0.213126	-0.112589	 0.341496	 0.398948	-0.300345	 0.364957	 0.318575	 0.280699	 0.787850	 0.705027	 0.098399	-0.077251
 0.213863	-0.206866	 0.341510	-0.070588	 0.105519	 0.365157	 0.318590	 0.311318	 0.409739	 0.327163	 0.098399	 0.328262
 0.214232	-0.254004	 0.341516	-0.304275	 0.307428	 0.365256	 0.318598	 0.326627	 0.220683	 0.138232	 0.098399	 0.529550
 0.214416	-0.277573	 0.341520	-0.420043	 0.407364	 0.365306	 0.318601	 0.334281	 0.126155	 0.043766	 0.098399	 0.628733
 0.214508	 0.210642	 0.341521	-0.476855	-0.043682	 0.365331	 0.318603	 0.338108	 0.578891	-0.003467	 0.098399	 0.176869
 0.214554	 0.453352	 0.341522	-0.504194	-0.269205	 0.365343	 0.318604	 0.340022	 0.803196	-0.027083	 0.098399	-0.049064
 0.214577	 0.573315	 0.341523	-0.016801	-0.381967	 0.365350	 0.318605	 0.340979	 0.413293	 0.461109	 0.098399	 0.337970
 0.214589	 0.631910	 0.341523	 0.226896	-0.438348	 0.365353	 0.318605	 0.341457	 0.218342	 0.703306	 0.098399	 0.530037
 0.214594	 0.659826	 0.341523	 0.348745	 0.033462	 0.365354	 0.318605	 0.341697	 0.620866	 0.822513	 0.098399	 0.624626
 0.214597	 0.672409	 0.341523	 0.409669	 0.268356	 0.365355	 0.318605	 0.341816	 0.820082	 0.880234	 0.098399	 0.670483
 0.714599	 0.677330	 0.341523	 0.440131	 0.384797	 0.365356	-0.181395	 0.341876	 0.917651	 0.407218	 0.098399	 0.691978
 0.962170	 0.678427	 0.341523	 0.455362	 0.442014	 0.365356	-0.430032	 0.341906	 0.964405	 0.170710	 0.098399	 0.701299
 1.083537	 0.677616	 0.341523	 0.462978	 0.470623	 0.365356	-0.552993	 0.341921	 0.985760	 0.052456	 0.098399	 0.704538
 1.141810	 0.675857	 0.341523	 0.466785	 0.484928	 0.365356	-0.113122	 0.341928	 0.994423	 0.493329	 0.098399	 0.704742
 1.168546	 0.673629	 0.341523	 0.468689	 0.492080	 0.365356	 0.106814	 0.341932	 0.996748	 0.711897	 0.098399	 0.703434
 0.679524	 0.671172	 0.341523	 0.469641	 0.495656	 0.365356	 0.216781	 0.341934	 0.995913	 0.319321	 0.098399	 0.201376
 0.435013	 0.668606	 0.341523	 0.470117	 0.497444	 0.365356	 0.271765	 0.341935	 0.993505	 0.123032	 0.098399	-0.049653
 0.312757	 0.165991	-0.158477	 0.470355	-0.001662	 0.365356	 0.299257	 0.341935	 0.490319	 0.024888	 0.098399	-0.175168
 0.251630	-0.085316	-0.407160	 0.470474	-0.250213	 0.365356	 0.313003	 0.341936	 0.238726	-0.024184	 0.098399	-0.237925
 0.221066	-0.210970	-0.030190	-0.029466	-0.374489	-0.134644	-0.180124	 0.341936	 0.112929	-0.048720	-0.401601	-0.269304
 0.205784	-0.273797	 0.158295	-0.278378	-0.436627	-0.383375	-0.425341	 0.341936	 0.050031	-0.060988	-0.649797	-0.284993
 0.198143	-0.305210	 0.252538	-0.401779	-0.467696	-0.506476	-0.546608	 0.341936	 0.018582	-0.067122	-0.772100	-0.292838
 0.194322	-0.320917	-0.200341	-0.462429	-0.483230	-0.566767	-0.105906	-0.158064	 0.002857	-0.070189	-0.331462	-0.296760
 0.192412	-0.328770	-0.425474	-0.491708	-0.490997	-0.595659	 0.114445	-0.406748	-0.005005	-0.071723	-0.111143	-0.298721
 0.191457	-0.332697	-0.036739	-0.005306	-0.494881	-0.108856	 0.224620	-0.029779	-0.008936	-0.072490	-0.000984	-0.299702
 0.190979	-0.334660	 0.157628	 0.237896	-0.496823	 0.134546	 0.279708	 0.158705	-0.010902	-0.072873	 0.054096	-0.300192
 0.190741	-0.335642	 0.254812	-0.140504	-0.497794	-0.243753	 0.307252	-0.247053	-0.011885	-0.073065	-0.418364	-0.300437
 0.190621	-0.336133	 0.303404	-0.328666	-0.498279	-0.431659	 0.321024	-0.448626	-0.012376	-0.073160	-0.652813	-0.300560
 0.190561	-0.336378	 0.327700	 0.078287	-0.498522	-0.024372	 0.327910	-0.048112	-0.012622	-0.073208	-0.268263	-0.300621
 0.190532	-0.336501	 0.339848	 0.281763	-0.498643	 0.179271	 0.331353	 0.152145	-0.012745	-0.073232	-0.075987	-0.300652
 0.190517	-0.336562	 0.345922	 0.383502	-0.498704	 0.281093	 0.333074	 0.252273	-0.012806	-0.073244	 0.020150	-0.300667
 0.190509	-0.336593	 0.348959	 0.434371	 0.001266	 0.332003	 0.333935	 0.302338	-0.012837	-0.073250	 0.068219	-0.300675
 0.190506	-0.336608	 0.350477	 0.459805	 0.250248	 0.357459	 0.334366	 0.327370	-0.012852	-0.073253	 0.092253	-0.300678
 0.190504	-0.336616	 0.351236	 0.472523	 0.374739	 0.370186	 0.334581	 0.339886	-0.012860	-0.073255	 0.104271	-0.300680
 0.190503	 0.163380	 0.351616	 0.478881	-0.063015	 0.376550	 0.334688	 0.346144	 0.487136	 0.426744	 0.110279	 0.199319
 0.190502	 0.412052	 0.351806	 0.482061	-0.280891	 0.379732	 0.334742	 0.349273	 0.735160	 0.674891	 0.113283	 0.447920
 0.190502	 0.035066	 0.351901	 0.483650	-0.389829	 0.381323	 0.334769	 0.350837	 0.357206	 0.797118	 0.114786	 0.070827
 0.190502	-0.153427	 0.351948	 0.484445	-0.444298	 0.382119	 0.334783	 0.351620	 0.168228	 0.856392	 0.115537	-0.117719
 0.190502	-0.247674	 0.351972	 0.484842	-0.471532	 0.382516	 0.334789	 0.352011	 0.073740	 0.884198	 0.115912	-0.211992
 0.190502	-0.294797	 0.351984	 0.485041	-0.485149	 0.382715	 0.334793	 0.352206	 0.026496	 0.396278	 0.116100	 0.240871
 0.190502	-0.318358	 0.351990	 0.485140	-0.491958	 0.382815	 0.334794	 0.352304	 0.002873	 0.152317	 0.116194	 0.465915
 0.190502	-0.330139	 0.351993	 0.485190	-0.495362	 0.382864	 0.334795	 0.352353	-0.008938	 0.030337	 0.116241	 0.577055
 0.190502	-0.336030	 0.351994	 0.485215	-0.497064	 0.382889	 0.334796	 0.352377	-0.014843	-0.030653	 0.116264	 0.131249
 0.190502	-0.338975	 0.351995	 0.485227	-0.497915	 0.382902	 0.334796	 0.352390	-0.017796	-0.061148	 0.116276	-0.091654
 0.190502	-0.340447	 0.351995	-0.014766	-0.498341	 0.382908	-0.165204	 0.352396	-0.019272	-0.076396	 0.116282	-0.203106
 0.190502	-0.341184	 0.351995	-0.263734	-0.498554	 0.382911	-0.413874	 0.352399	-0.020011	-0.084020	 0.116285	-0.258831
 0.190502	-0.341552	-0.148005	-0.387192	-0.498660	 0.382913	-0.036883	 0.352400	-0.020380	-0.087832	-0.383714	-0.286694
 0.190502	-0.341736	-0.396709	-0.447900	-0.498713	 0.382913	 0.151612	 0.352401	-0.020564	-0.089738	-0.631946	-0.300626
-0.309498	-0.341828	-0.019770	-0.477237	-0.498740	-0.117086	-0.254141	-0.147599	-0.020656	-0.090690	-0.754301	-0.307591
-0.557879	-0.341874	 0.168700	-0.490892	-0.498753	-0.365852	-0.455697	-0.396303	-0.020703	-0.091167	-0.813726	-0.311074
-0.680457	-0.341897	 0.262934	-0.496710	-0.498760	-0.489006	-0.555161	-0.519366	-0.020726	-0.091405	-0.841692	-0.312816
-0.240140	-0.341908	-0.189948	-0.498614	-0.498763	-0.549358	-0.603583	-0.579612	-0.020737	-0.091524	-0.853935	-0.313686
-0.019982	-0.341914	-0.415104	-0.498566	-0.498765	-0.578315	-0.626491	-0.608455	-0.020743	-0.091584	-0.858325	-0.314122
-0.409902	-0.341917	-0.526401	-0.498541	-0.498766	-0.091579	-0.636645	-0.621602	-0.020746	-0.091614	-0.858794	-0.314339
-0.603263	-0.341919	-0.580774	-0.498529	-0.498766	 0.151789	-0.640429	-0.626906	-0.020747	-0.091629	-0.857310	-0.314448
-0.698350	-0.341919	-0.606691	-0.498523	-0.498766	-0.226527	-0.641033	-0.628294	-0.020748	-0.091636	-0.854857	-0.314503
-0.744307	-0.341920	-0.618384	-0.498520	-0.498766	-0.414475	-0.640051	-0.627728	-0.020748	-0.091640	-0.851925	-0.314530
-0.765705	-0.341920	-0.622970	-0.498518	-0.498766	-0.507244	-0.638282	-0.626191	-0.020749	-0.091642	-0.848761	-0.314544
-0.774829	-0.341920	-0.624008	-0.498517	-0.498766	-0.552429	-0.636125	-0.624173	-0.020749	-0.091643	-0.845488	-0.314550
-0.777824	-0.341920	-0.623277	-0.498517	-0.498766	-0.573826	-0.633778	-0.621920	-0.020749	-0.091643	-0.842167	-0.314554
-0.277759	-0.341920	-0.621666	-0.498517	-0.498767	-0.583334	-0.631342	-0.619554	-0.020749	-0.591643	-0.838829	-0.314555
-0.027727	-0.341920	-0.619621	-0.498517	-0.498767	-0.586902	-0.628866	-0.617137	-0.020749	-0.839460	-0.835489	-0.314556
 0.097289	-0.341920	-0.617363	-0.498517	-0.498767	-0.587506	-0.626375	-0.614699	-0.020749	-0.461194	-0.832155	-0.314557
 0.159797	-0.341920	-0.615004	-0.498517	-0.498767	-0.586631	-0.623882	-0.612255	-0.020749	-0.272061	-0.828830	-0.314557
 0.191051	-0.341920	-0.612599	-0.498517	-0.498767	-0.585022	-0.121393	-0.609814	-0.020749	-0.177494	-0.825516	-0.314557
 0.206678	-0.341920	-0.610176	-0.498517	-0.498767	-0.583051	 0.129852	-0.607378	-0.020749	-0.130211	-0.822215	-0.314557
 0.214492	-0.341920	-0.607749	-0.498517	-0.498767	-0.580903	-0.244526	-0.604951	-0.020749	-0.106569	-0.318927	-0.314557
 0.218398	-0.341920	-0.605325	-0.498517	-0.498767	-0.578672	-0.430477	-0.602532	-0.020749	-0.094749	-0.067283	-0.314557
 0.220352	-0.341920	-0.602907	-0.498517	-0.498767	-0.576403	-0.522220	-0.600122	-0.020749	-0.088838	 0.058540	-0.314557
 0.221328	-0.341920	-0.600497	-0.498517	-0.498767	-0.574121	-0.566863	-0.597722	-0.020749	-0.085883	-0.378549	-0.314557
 0.221817	-0.341920	-0.598096	-0.498517	-0.498767	-0.571836	-0.587962	-0.595331	-0.020749	-0.084405	-0.595463	-0.314557
 0.222061	-0.341920	-0.095704	-0.498517	-0.998767	-0.069554	-0.597293	-0.592950	-0.020749	-0.083667	-0.702294	-0.314557
 0.222183	-0.341920	 0.155492	-0.498517	-1.245769	 0.181587	-0.600745	-0.590578	-0.020749	-0.083297	-0.754092	-0.314557
-0.277756	-0.341920	-0.218910	-0.498517	-0.866285	-0.192843	-0.601263	-0.588216	-0.020749	-0.083112	-0.778379	-0.314557
-0.526170	-0.341920	-0.404925	-0.498517	-0.676543	-0.378923	-0.600318	-0.585863	-0.020749	-0.083020	-0.788917	-0.314557
-0.148828	-0.341920	 0.003250	-0.498517	-0.581671	 0.029167	-0.598647	-0.083520	-0.020749	-0.082974	-0.792588	-0.314557
 0.039843	-0.341920	 0.207337	-0.498517	-0.534236	 0.233212	-0.596618	 0.167652	-0.020749	-0.082951	-0.792830	-0.314557
 0.134179	-0.341920	 0.309381	-0.498517	-0.510518	 0.335234	-0.594414	 0.293238	-0.020749	-0.082939	-0.791365	-0.314557
 0.181346	-0.341920	 0.360403	-0.498517	-0.498659	-0.113755	-0.092127	 0.356031	-0.020749	-0.082934	-0.789053	-0.314557
 0.204930	-0.341920	 0.385914	-0.498517	-0.492730	-0.337124	 0.159016	 0.387427	-0.020749	-0.082931	-0.786323	-0.314557
 0.216722	-0.341920	 0.398669	 0.001483	-0.489765	 0.052313	 0.284587	 0.403126	-0.020749	-0.082929	-0.283392	-0.314557
 0.222618	-0.341920	 0.405047	 0.250480	-0.488283	 0.247031	 0.347373	 0.410975	-0.020749	-0.082929	-0.031926	-0.314557
 0.225566	-0.341920	-0.091764	 0.374979	-0.487542	 0.344390	-0.121234	 0.414899	-0.020749	-0.082928	 0.093807	-0.314557
 0.227040	-0.341920	-0.338993	 0.437228	-0.487171	 0.393070	-0.354358	 0.416862	-0.020749	-0.082928	 0.156674	-0.314557
 0.227777	-0.341920	 0.038566	 0.468353	 0.013014	 0.417410	 0.030255	 0.417843	-0.020749	-0.082928	 0.188107	-0.314557
 0.228146	-0.341920	 0.227345	 0.483915	 0.262081	 0.429580	 0.222562	 0.418333	-0.020749	-0.082928	 0.203824	-0.314557
 0.228330	-0.341920	 0.321734	 0.491696	 0.385591	 0.435665	 0.318715	 0.418579	-0.020749	-0.082928	 0.211682	-0.314557
 0.228422	-0.341920	 0.368929	 0.495587	-0.053671	 0.438707	 0.366792	 0.418701	-0.020749	-0.082928	 0.215611	 0.185443
 0.228468	-0.341920	 0.392526	 0.497532	-0.273303	 0.440228	 0.390830	 0.418763	-0.020749	-0.082928	 0.217576	 0.434072
 0.228491	 0.158080	 0.404325	 0.498505	-0.383118	 0.440989	 0.402849	 0.418793	-0.020749	-0.082928	 0.218558	 0.057021
 0.228503	 0.406764	 0.410224	 0.498991	-0.438026	 0.441369	 0.408859	 0.418809	-0.020749	-0.082928	 0.219049	-0.131504
 0.228508	 0.529795	 0.413174	 0.499234	 0.034520	 0.441559	 0.411863	 0.418816	-0.020749	 0.417072	 0.219295	 0.274233
 0.228511	 0.590005	 0.414649	 0.499356	 0.269779	 0.441654	 0.413366	 0.418820	-0.020749	 0.665238	 0.219418	 0.475742
 0.228513	 0.618809	-0.084614	 0.499417	-0.113602	 0.441702	 0.414117	 0.418822	 0.479251	 0.287494	 0.219479	 0.575142
 0.228513	 0.631916	-0.333077	 0.499447	-0.305292	 0.441726	 0.414493	 0.418823	 0.727293	 0.098622	 0.219510	 0.623492
 0.228514	 0.637180	-0.456146	 0.499462	-0.401137	 0.441738	 0.414680	 0.418823	 0.849363	 0.004186	 0.219525	 0.646324
 0.228514	 0.638527	-0.016522	 0.499470	 0.050940	 0.441744	 0.414774	 0.418824	 0.408455	 0.456968	 0.219533	 0.656402
 0.228514	 0.637920	 0.203290	 0.499474	 0.275973	 0.441747	 0.414821	 0.418824	 0.188001	 0.681540	 0.219537	 0.660107
 0.228514	 0.136342	 0.313196	 0.499476	-0.112513	 0.441748	 0.414845	 0.418824	 0.577774	 0.792013	 0.219539	 0.660633
 0.228514	-0.114446	 0.368149	 0.499477	-0.305754	 0.441749	 0.414856	 0.418824	 0.770726	 0.845445	 0.219540	 0.659573
 0.228514	-0.239841	 0.395626	 0.499477	 0.097626	 0.441749	 0.414862	 0.418824	 0.365274	-0.129637	 0.219540	 0.657726
 0.228514	-0.302538	 0.409364	 0.499477	 0.298314	 0.441749	 0.414865	 0.418824	 0.162548	-0.614968	 0.219540	 0.655491
 0.228514	 0.166113	 0.416233	 0.499477	-0.101343	 0.441749	 0.414867	 0.418824	 0.061185	 0.144567	 0.219540	 0.153067
 0.228514	 0.399169	 0.419668	 0.499477	-0.300169	 0.441750	 0.414867	 0.418824	 0.010504	 0.522526	 0.219540	-0.098145
 0.228514	 0.514433	 0.421385	 0.499477	-0.399582	 0.441750	 0.414868	 0.418824	-0.014837	 0.709704	 0.219540	-0.223751
 0.228514	 0.570806	 0.422244	 0.499477	 0.050712	 0.441750	 0.414868	 0.418824	-0.027507	 0.801500	 0.219540	 0.213446
 0.228514	 0.597737	 0.422673	 0.499477	 0.274857	 0.441750	 0.414868	 0.418824	-0.033843	 0.845611	 0.219540	 0.430743
 0.228514	 0.609954	 0.422888	 0.499477	 0.386929	 0.441750	 0.414868	 0.418824	 0.462990	 0.865887	 0.219540	 0.538096
 0.228514	 0.614818	 0.422995	 0.499477	 0.442965	 0.441750	 0.414868	 0.418824	 0.709486	 0.874253	 0.219540	 0.590481
 0.228514	 0.616011	 0.423049	 0.499477	 0.470983	 0.441750	 0.414868	 0.418824	 0.830823	 0.876671	 0.219540	 0.615388
 0.228514	 0.615372	 0.423075	 0.499477	 0.484992	 0.441750	 0.414868	 0.418824	 0.889587	 0.876121	 0.219540	 0.626561
 0.228514	 0.613824	 0.423089	 0.499477	 0.491997	 0.441750	 0.414868	 0.418824	 0.917072	 0.874096	 0.219540	 0.630872
 0.228514	 0.611825	 0.423096	 0.499477	 0.495499	 0.441750	 0.414868	 0.418824	 0.928925	 0.871339	 0.219540	 0.631757
 0.228514	 0.609606	 0.423099	 0.499477	 0.497250	 0.441750	 0.414868	 0.418824	 0.932970	 0.868223	 0.219540	 0.630934
 0.228514	 0.107282	 0.423101	-0.000523	-0.001874	-0.058250	-0.085132	 0.418824	 0.433119	 0.364935	 0.219540	 0.129263
 0.228514	-0.143880	 0.423101	-0.249521	-0.250434	-0.307134	-0.333962	 0.418824	 0.183193	 0.113291	 0.219540	-0.121573
 0.228514	-0.269461	 0.423102	-0.374021	-0.374715	 0.069536	-0.457211	 0.418824	 0.058230	-0.012531	 0.219540	-0.246991
 0.228514	-0.332252	 0.423102	-0.436271	-0.436855	 0.257871	-0.517675	 0.418824	-0.004251	-0.075442	 0.219540	-0.309700
 0.228514	-0.363647	 0.423102	 0.032604	-0.467925	 0.352039	-0.046750	 0.418824	-0.035492	 0.393102	 0.219540	 0.158945
 0.228514	-0.379345	 0.423102	 0.266039	-0.483460	 0.399123	 0.188712	 0.418824	-0.051112	 0.625651	 0.219540	 0.392013
 0.228514	-0.387194	 0.423102	 0.382756	-0.491227	 0.422665	 0.306443	 0.418824	 0.441078	 0.240209	 0.219540	 0.507297
 0.228514	-0.391118	 0.423102	 0.441115	-0.495111	 0.434436	 0.365309	 0.418824	 0.685306	 0.047488	 0.219540	 0.563693
 0.228514	-0.393080	 0.423102	 0.470294	-0.497053	 0.440321	 0.394742	 0.418824	 0.805561	-0.048872	 0.219540	 0.590651
 0.228514	-0.394061	 0.423102	-0.015116	 0.001976	 0.443264	 0.409458	 0.418824	 0.363837	-0.097052	 0.219540	 0.602895
 0.228514	-0.394552	 0.423102	-0.256820	 0.250489	 0.444735	 0.416816	 0.418824	 0.142975	-0.121143	 0.219540	 0.607787
 0.228514	-0.394797	 0.423102	 0.122328	 0.374745	 0.445471	 0.420495	-0.081176	 0.532544	-0.133188	 0.219540	 0.109007
 0.228514	-0.394920	 0.423102	 0.310899	 0.436873	 0.445839	 0.422335	-0.330014	 0.725484	-0.139210	 0.219540	-0.140382
 0.228514	-0.394981	 0.423102	-0.094816	-0.032063	 0.446023	 0.423255	 0.046725	 0.320118	-0.142221	 0.219540	-0.265077
 0.228514	-0.395012	 0.423102	-0.296672	-0.265529	 0.446115	 0.423714	 0.235095	 0.117434	-0.143727	 0.219540	-0.327425
 0.228514	-0.395027	 0.423102	 0.102400	-0.382262	 0.446161	 0.423944	 0.329279	 0.016093	 0.355520	 0.219540	-0.358598
 0.228514	-0.395035	 0.423102	 0.300933	-0.440628	 0.446184	 0.424059	 0.376372	-0.034578	 0.603434	 0.219540	-0.374185
 0.228514	-0.395039	 0.423102	 0.400200	 0.030189	-0.053805	 0.424117	 0.399918	-0.059914	 0.225689	 0.219540	-0.381979
 0.228514	-0.395041	 0.423102	 0.449833	 0.264595	-0.302692	 0.424146	 0.411691	-0.072581	 0.036816	 0.219540	-0.385875
 0.228514	-0.395042	 0.423102	 0.474649	 0.381798	-0.426032	 0.424160	 0.417577	-0.078915	-0.057621	 0.219540	-0.387824
 0.228514	-0.395042	 0.423102	 0.487058	-0.059600	 0.013397	 0.424167	 0.420521	-0.082082	 0.395161	 0.219540	-0.388798
 0.228514	-0.395042	 0.423102	 0.493262	-0.279298	 0.233111	 0.424171	 0.421992	-0.083666	 0.619856	 0.219540	-0.389285
 0.228514	-0.395042	 0.423102	-0.003636	-0.389146	 0.342968	 0.424172	 0.422728	-0.084457	 0.230514	 0.219540	 0.110471
 0.228514	-0.395042	 0.423102	-0.251084	-0.444070	 0.397897	 0.424173	 0.423096	-0.084853	 0.035844	 0.219540	 0.359129
 0.228514	-0.395043	 0.423102	 0.125192	-0.471533	 0.425361	 0.424174	 0.423280	 0.414949	-0.061492	 0.219540	-0.017757
 0.228514	-0.395043	 0.423102	 0.312327	-0.485264	 0.439093	 0.424174	 0.423372	 0.663020	-0.110159	 0.219540	-0.206201
 0.228514	-0.395043	 0.423102	 0.405895	-0.492129	 0.445960	 0.424174	 0.423418	 0.785234	-0.134493	 0.219540	-0.300423
 0.228514	-0.395043	 0.423102	 0.452679	-0.495562	 0.449393	 0.424174	 0.423441	 0.844526	-0.146660	 0.219540	-0.347533
 0.228514	-0.395043	 0.423102	 0.476070	-0.497278	 0.451109	 0.424174	 0.423452	 0.872364	-0.152744	 0.219540	-0.371089
 0.228514	-0.395043	-0.076898	 0.487766	-0.498137	 0.451967	 0.424174	 0.423458	 0.384483	 0.344215	 0.219540	 0.117134
 0.228514	-0.395043	-0.325744	 0.493614	-0.498566	 0.452396	 0.424174	 0.423461	 0.140542	 0.591011	 0.219540	 0.360034
 0.228514	-0.395043	 0.050982	 0.496538	-0.498780	 0.452611	 0.424174	 0.423463	 0.018572	 0.712734	 0.219540	-0.019722
 0.228514	-0.395043	 0.239345	 0.498000	-0.498887	 0.452718	 0.424174	 0.423463	-0.042413	 0.771927	 0.219540	-0.209600
 0.228514	-0.395043	 0.333527	-0.001269	-0.498941	 0.452772	 0.424174	 0.423464	-0.072906	 0.299861	 0.219540	 0.195462
 0.228514	-0.395043	 0.380617	-0.249902	-0.498968	 0.452799	 0.424174	 0.423464	-0.088152	 0.063828	 0.219540	 0.396791
 0.228514	-0.395043	 0.404163	 0.125781	-0.498981	 0.452812	 0.424174	 0.423464	-0.095775	-0.054189	 0.219540	-0.003740
 0.228514	-0.395043	 0.415936	 0.312620	-0.498988	 0.452819	 0.424174	 0.423464	-0.099587	-0.113197	 0.219540	-0.204006
 0.228514	-0.395043	 0.421822	 0.406039	-0.498991	 0.452822	 0.424174	 0.423464	-0.101492	-0.142701	 0.219540	-0.304139
-0.271486	-0.395043	 0.424765	 0.452749	-0.498993	 0.452824	 0.424174	 0.423464	-0.102445	-0.157453	 0.219540	-0.354205
-0.519943	-0.395043	 0.426237	 0.476104	-0.498994	 0.452825	 0.424174	 0.423464	-0.102922	-0.164829	 0.219540	-0.379239
-0.142635	-0.395043	 0.426972	 0.487781	-0.498994	 0.452825	 0.424174	 0.423464	-0.103160	-0.168517	 0.219540	 0.108245
 0.046020	-0.395043	 0.427340	 0.493620	-0.498995	 0.452825	 0.424174	 0.423464	-0.103279	-0.170361	 0.219540	 0.350795
 0.140347	-0.395043	 0.427524	 0.496539	-0.498995	 0.452825	 0.424174	-0.076536	-0.103339	-0.171283	 0.219540	 0.470883
 0.187510	-0.395043	 0.427616	 0.497999	-0.498995	 0.452826	 0.424174	-0.325383	-0.103368	-0.171744	 0.219540	 0.529746
 0.211092	 0.104957	 0.427662	 0.498729	 0.001005	-0.047174	 0.424174	 0.051342	 0.396617	 0.328025	 0.219540	 0.058000
 0.222883	 0.353748	 0.427685	 0.499094	 0.250003	-0.296080	 0.424174	 0.239705	 0.644816	 0.576254	 0.219540	-0.177873
 0.228778	 0.476937	 0.427697	 0.499276	 0.374502	-0.419443	 0.424174	 0.333886	 0.767130	 0.698720	 0.219540	-0.295810
 0.231726	 0.537332	 0.427702	-0.000633	-0.063248	 0.019961	 0.424174	 0.380976	 0.326508	-0.241690	 0.219540	-0.354778
 0.233200	 0.566334	 0.427705	-0.249586	-0.281122	 0.239663	 0.424174	 0.404522	 0.106197	-0.709530	 0.219540	-0.384262
 0.233937	 0.579644	 0.427707	 0.125937	-0.390058	 0.349514	 0.424174	-0.083706	-0.003959	 0.058904	 0.219540	 0.100996
 0.234305	 0.585114	 0.427708	 0.312696	-0.444526	 0.404440	 0.424174	-0.326675	-0.059037	 0.441467	 0.219540	 0.342452
 0.234489	 0.586667	-0.072292	 0.406076	 0.028239	 0.431903	 0.424174	 0.052979	 0.413424	 0.631100	 0.219540	-0.037988
 0.234582	 0.586267	-0.321147	 0.452765	 0.263620	 0.445634	 0.424174	 0.242806	 0.647883	 0.724275	 0.219540	-0.228207
 0.234628	 0.584896	 0.055565	 0.476110	 0.381311	 0.452500	 0.424174	 0.337720	 0.763348	 0.769228	 0.219540	 0.176683
