-0.499295	-0.487103	-0.458174	-0.312363	 0.239062	 0.459525	-0.498767	-1.117392	-0.343204	-0.442568	-0.499666	 0.208914
-0.499295	-0.487103	-0.458174	 0.094263	 0.242010	 0.459525	-0.498767	-0.738965	-0.343204	-0.470586	-0.499666	 0.211862
-0.499295	-0.487103	-0.458174	 0.296574	 0.243483	 0.459525	-0.498767	-0.549751	-0.343204	-0.484594	-0.499666	 0.213336
-0.499295	-0.487103	-0.458174	-0.102270	 0.244220	 0.459525	-0.498767	-0.455144	-0.343204	-0.491599	-0.499666	 0.214073
-0.499295	-0.487103	-0.458174	-0.300690	 0.244589	 0.459525	-0.498767	-0.407841	-0.343204	-0.495101	-0.499666	 0.214442
-0.499295	-0.487103	-0.458174	-0.399900	 0.244773	 0.459525	-0.498767	-0.384189	-0.343204	-0.496852	-0.499666	 0.214626
-0.499295	-0.987103	-0.458174	-0.449505	 0.244865	 0.459525	-0.498767	-0.372364	-0.343204	-0.497727	-0.499666	 0.214718
-0.499295	-1.234129	-0.458174	-0.474308	 0.244911	 0.459525	-0.498767	-0.366451	-0.343204	-0.498165	-0.499666	 0.214764
-0.499295	-0.854680	-0.458174	-0.486709	 0.244934	 0.459525	-0.498767	-0.363494	-0.343204	-0.498384	-0.499666	 0.214787
-0.499295	-0.664955	-0.458174	-0.492910	 0.244946	 0.459525	-0.498767	-0.362016	-0.343204	-0.498494	-0.499666	 0.214799
-0.499295	-0.570093	-0.458174	-0.496010	 0.244951	 0.459525	-0.498767	-0.361277	-0.343204	-0.498548	-0.499666	 0.214805
-0.499295	-0.522661	-0.458174	-0.497560	 0.244954	 0.459525	-0.498767	-0.360907	-0.343204	-0.498576	-0.499666	 0.214807
-0.499295	-0.498946	-0.458174	-0.498335	 0.244956	 0.459525	-0.498767	-0.360722	-0.343204	-0.498589	-0.499666	 0.214809
-0.499295	-0.487088	-0.458174	-0.498723	 0.244956	 0.459525	-0.498767	-0.360630	-0.343204	-0.498596	-0.499666	 0.214810
-0.499295	-0.481159	-0.458174	-0.498917	 0.244957	 0.459525	-0.498767	-0.360584	-0.343204	-0.498600	-0.499666	 0.214810
-0.499295	-0.478195	-0.458174	-0.499014	 0.244957	 0.459525	-0.498767	-0.360561	-0.343204	-0.498601	-0.499666	 0.214810
-0.499295	-0.476713	-0.458174	-0.499062	 0.244957	 0.459525	-0.498767	-0.360549	-0.343204	-0.498602	-0.499666	 0.214810
-0.499295	-0.475971	-0.458174	-0.499086	 0.244957	 0.459525	-0.498767	-0.360543	-0.343204	-0.498603	-0.499666	 0.214810
-0.499295	-0.475601	-0.458174	-0.499098	 0.244957	 0.459525	-0.498767	-0.360541	-0.343204	-0.498603	-0.499666	 0.214810
-0.499295	-0.475416	-0.458174	-0.499104	 0.244957	 0.459525	-0.498767	-0.360539	-0.343204	-0.498603	-0.499666	 0.214810
-0.499295	-0.475323	-0.458174	-0.499107	 0.244957	 0.459525	-0.498767	-0.360538	-0.343204	-0.498603	-0.499666	 0.214810
-0.499295	-0.475277	-0.458174	-0.499109	 0.244957	 0.459525	-0.498767	-0.360538	-0.343204	-0.498603	-0.499666	-0.285190
-0.499295	-0.475253	-0.458174	-0.499110	 0.244957	 0.459525	-0.498767	-0.360538	-0.343204	-0.498603	-0.499666	-0.533619
-0.499295	-0.475242	-0.458174	-0.499110	 0.244957	-0.040475	-0.498767	-0.360538	-0.343204	-0.498603	-0.499666	-0.156270
-0.499295	-0.475236	-0.458174	-0.499110	 0.244957	-0.289394	-0.498767	-0.360538	-0.343204	-0.498603	-0.499666	 0.032405
-0.499295	-0.475233	-0.458174	-0.499110	 0.244957	-0.412777	-0.498767	-0.360538	-0.343204	-0.498603	-0.499666	 0.126742
-0.499295	-0.475232	-0.458174	-0.499110	 0.244957	 0.026604	-0.498767	-0.360538	-0.343204	-0.498603	-0.499666	 0.173911
-0.499295	-0.475231	-0.458174	-0.499110	 0.244957	 0.246294	-0.498767	-0.360538	-0.343204	-0.498603	-0.499666	 0.197495
-0.499295	-0.475231	-0.458174	-0.499110	-0.255043	 0.356139	-0.498767	-0.860538	-0.343204	-0.498603	-0.499666	 0.209287
-0.499295	-0.475230	-0.458174	-0.499110	-0.503533	 0.411062	-0.498767	-1.107817	-0.343204	-0.498603	-0.499666	 0.215183
-0.499295	-0.475230	-0.458174	-0.499110	-0.126274	 0.438523	-0.498767	-1.228746	-0.343204	-0.498603	-0.499666	 0.218131
-0.499295	-0.475230	-0.458174	-0.499110	 0.062356	 0.452254	-0.498767	-1.286511	-0.343204	-0.498603	-0.499666	 0.219605
-0.499295	-0.475230	-0.458174	-0.499110	 0.156671	 0.459119	-0.498767	-0.812705	-0.343204	-0.498603	-0.499666	-0.279658
-0.499295	-0.475230	-0.458174	-0.499110	 0.203828	 0.462552	-0.498767	-0.575802	-0.343204	-0.498603	-0.499666	-0.527731
-0.499295	-0.475230	-0.458174	-0.499110	 0.227407	 0.464268	-0.498767	-0.457351	-0.343204	-0.498603	-0.499666	-0.650217
-0.499295	-0.475230	-0.458174	-0.499110	-0.260804	 0.465127	-0.498767	-0.398125	-0.343204	 0.001397	-0.499666	-0.209914
-0.499295	-0.475230	-0.458174	-0.499110	-0.503411	 0.465556	-0.498767	-0.368512	-0.343204	 0.250394	-0.499666	 0.010238
-0.499295	-0.475230	-0.458174	-0.499110	-0.123223	 0.465770	-0.498767	-0.353706	-0.343204	-0.125107	-0.499666	 0.120313
-0.499295	-0.475230	-0.458174	-0.499110	 0.066871	 0.465877	-0.498767	-0.346303	-0.343204	-0.311857	-0.499666	 0.175351
-0.499295	-0.475230	-0.458174	-0.499110	 0.161918	 0.465931	 0.001233	-0.342601	-0.343204	-0.405231	-0.499666	 0.202870
-0.499295	-0.475230	-0.458174	-0.499110	 0.209442	 0.465958	 0.250230	-0.340750	-0.343204	-0.451919	-0.499666	 0.216630
-0.499295	-0.475230	-0.458174	 0.000890	 0.233204	 0.465971	 0.374729	-0.339825	-0.343204	 0.024738	-0.499666	 0.223509
-0.499295	-0.475230	-0.458174	 0.249888	 0.245085	 0.465978	 0.436978	-0.339362	-0.343204	 0.262063	-0.499666	 0.226949
-0.499295	-0.475230	-0.458174	 0.374387	 0.251025	 0.465981	 0.468103	-0.339131	-0.343204	 0.380726	-0.499666	 0.228669
-0.499295	-0.475230	-0.458174	 0.436636	 0.253995	 0.465983	 0.483665	 0.160985	 0.156796	 0.440057	-0.499666	 0.229529
-0.499295	-0.475230	-0.458174	 0.467761	 0.255480	 0.465984	 0.491446	 0.409721	 0.405482	 0.469723	-0.499666	 0.229959
-0.499295	-0.475230	-0.458174	 0.483324	 0.256223	 0.465984	 0.495337	 0.532772	 0.528517	-0.015445	-0.499666	 0.230174
-0.499295	-0.475230	-0.458174	 0.491105	 0.256594	 0.465984	 0.497282	 0.592985	 0.588731	-0.257027	-0.499666	 0.230282
 0.000705	 0.024770	-0.458174	 0.494995	 0.256780	 0.465985	 0.498255	 0.621786	 0.117541	 0.122182	 0.000334	 0.230335
 0.249703	 0.273720	-0.458174	 0.496941	 0.256873	 0.465985	 0.498741	 0.634885	-0.118055	 0.310784	 0.249334	 0.230362
-0.125797	 0.397150	-0.458174	-0.002087	 0.256919	 0.465985	 0.498985	 0.640138	 0.264148	 0.405084	-0.126167	 0.230376
-0.312545	 0.457824	-0.458174	-0.250598	 0.256942	 0.465985	 0.499106	 0.641475	 0.453956	 0.452235	-0.312913	 0.230382
-0.405919	 0.487124	-0.458174	-0.374854	 0.256954	 0.465985	 0.499167	 0.640857	 0.547573	 0.475810	-0.406287	 0.230386
-0.452606	 0.000741	-0.458174	 0.063018	 0.256960	 0.465985	 0.499197	 0.639268	 0.593099	 0.487598	-0.452974	 0.230387
-0.475949	-0.242451	-0.458174	 0.280953	 0.256963	 0.465985	 0.499212	 0.637198	 0.614584	 0.493491	-0.476317	 0.230388
 0.012379	-0.364046	-0.458174	 0.389920	 0.256964	 0.465985	 0.499220	 0.134892	 0.624055	 0.496438	-0.487989	 0.230389
 0.255542	-0.424844	-0.458174	 0.444403	 0.256965	 0.465985	 0.499224	-0.116260	 0.627523	 0.497912	-0.493824	 0.230389
-0.122877	-0.455243	-0.458174	 0.471645	 0.256965	 0.465985	 0.499226	 0.258163	 0.127996	 0.498648	-0.496742	 0.230389
-0.311084	-0.470443	-0.458174	 0.485266	 0.256965	 0.465985	 0.499227	 0.444110	-0.121768	 0.499017	-0.498201	 0.230389
 0.094813	 0.021958	-0.458174	 0.492076	 0.256965	 0.465985	 0.499227	 0.035823	 0.253350	 0.499201	-0.498931	 0.230389
 0.296760	 0.267129	-0.458174	 0.495482	 0.256965	 0.465985	 0.499227	-0.168320	 0.439652	 0.499293	-0.499296	 0.230389
 0.397733	 0.388690	-0.458174	 0.497184	 0.256965	 0.465985	 0.499228	-0.270392	 0.531551	 0.499339	-0.499478	 0.230389
-0.051780	 0.448450	-0.458174	 0.498036	 0.256965	 0.465985	 0.499228	 0.178572	 0.076254	 0.499362	-0.499569	 0.230389
-0.275534	 0.477314	-0.458174	 0.498461	 0.256965	 0.465985	 0.499228	 0.401799	-0.151395	 0.499374	-0.499615	 0.230389
-0.387411	 0.490733	-0.458174	 0.498674	 0.256965	 0.465985	 0.499228	 0.512163	 0.234781	 0.499379	-0.499637	 0.230389
-0.443350	 0.496435	-0.458174	 0.498780	 0.256965	 0.465985	 0.499228	 0.566099	 0.426627	 0.499382	-0.499649	 0.230389
-0.471319	 0.498281	-0.458174	 0.498834	 0.256965	 0.465985	 0.499228	 0.591828	 0.521313	 0.499384	-0.499655	 0.230389
-0.485304	 0.498204	-0.458174	 0.498860	 0.256965	 0.465985	 0.499228	 0.603457	 0.567424	 0.499384	-0.499657	 0.230389
 0.007704	 0.498166	-0.458174	 0.498874	 0.256965	 0.465985	 0.499228	 0.608041	 0.089252	 0.499385	-0.499659	 0.230389
 0.253207	 0.498146	-0.458174	 0.498880	 0.256965	 0.465985	 0.499228	 0.609108	-0.149834	 0.499385	-0.499660	 0.230389
 0.375958	 0.498137	-0.458174	 0.498884	 0.256965	 0.465985	 0.499228	 0.608421	-0.269377	 0.499385	-0.499660	 0.230389
-0.062667	-0.001868	-0.458174	-0.001115	 0.256965	 0.465985	 0.499228	 0.606862	 0.170852	-0.000615	-0.499660	 0.230389
-0.280976	-0.250867	-0.458174	-0.250112	 0.256965	 0.465985	 0.499228	 0.604872	 0.389744	-0.249614	-0.499660	 0.230389
-0.390131	-0.375366	-0.458174	-0.374610	 0.256965	 0.465985	-0.000772	 0.102671	-0.002027	-0.374113	-0.499660	 0.230389
-0.444708	-0.437616	-0.458174	-0.436859	 0.256965	 0.465985	-0.249771	-0.148429	-0.197913	-0.436363	-0.499660	 0.230389
 0.028003	-0.468741	-0.458174	-0.467984	 0.256965	 0.465985	-0.374270	-0.273979	-0.295856	 0.032512	-0.499660	 0.230389
 0.263357	-0.484303	-0.458174	-0.483546	 0.256965	 0.465985	-0.436520	-0.336754	-0.344827	 0.265947	-0.499660	 0.230389
-0.118966	-0.492084	-0.458174	-0.491327	 0.256965	 0.465985	-0.467644	-0.368142	-0.369313	-0.117335	-0.499660	 0.230389
-0.309125	-0.495975	-0.458174	-0.495218	 0.256965	 0.465985	-0.483207	-0.383836	-0.381556	-0.307975	-0.499660	 0.230389
-0.404204	-0.497920	-0.458174	-0.497163	 0.256965	 0.465985	-0.490988	-0.391683	-0.387677	-0.403295	-0.499660	 0.230389
-0.451744	-0.498893	-0.458174	-0.498136	 0.256965	 0.465985	-0.494879	-0.395606	-0.390738	-0.450955	-0.499660	 0.230389
-0.475514	-0.499379	-0.458174	-0.498622	 0.256965	 0.465985	-0.496824	-0.397568	-0.392268	-0.474785	-0.499660	 0.230389
-0.487399	-0.499622	-0.458174	-0.498865	 0.256965	 0.465985	-0.497797	-0.398549	-0.393033	-0.486700	-0.499660	 0.230389
-0.493341	-0.499744	-0.458174	-0.498987	 0.256965	 0.465985	-0.498283	-0.399039	-0.393416	-0.492658	-0.499660	 0.230389
-0.496312	-0.499805	-0.458174	-0.499048	-0.243035	 0.465985	-0.498526	-0.899284	-0.393607	-0.495637	-0.499660	 0.230389
-0.497798	-0.499835	-0.458174	-0.499078	-0.491548	 0.465985	-0.498648	-1.146608	-0.393703	-0.497126	-0.499660	 0.230389
-0.498541	-0.499850	-0.458174	-0.499093	-0.114325	 0.465985	-0.498708	-0.767482	-0.393751	-0.997871	-0.499660	 0.230389
-0.498912	-0.499858	-0.458174	-0.499101	 0.074286	 0.465985	-0.498739	-0.577919	-0.393774	-1.245246	-0.499660	 0.230389
-0.499098	-0.499862	-0.458174	-0.499105	 0.168592	 0.465985	-0.498754	-0.483137	-0.393786	-1.365948	-0.499660	 0.230389
-0.499191	-0.499864	-0.458174	-0.499107	 0.215745	 0.465985	-0.498762	-0.435746	-0.393792	-0.923326	-0.499660	 0.230389
-0.499237	-0.499864	-0.458174	-0.499108	 0.239321	 0.465985	-0.498765	-0.412051	-0.393795	-0.702015	-0.499660	 0.230389
-0.499260	-0.499865	-0.958174	-0.499108	 0.251110	 0.465985	-0.498767	-0.400203	-0.393797	-1.091359	-0.499660	 0.230389
-0.499272	-0.499865	-1.205258	-0.499108	 0.257004	 0.465985	-0.498768	-0.394279	-0.393798	-1.283070	-0.499660	 0.230389
-0.499278	-0.499865	-0.825895	-0.499109	 0.259951	 0.465985	-0.498769	-0.391318	-0.393798	-0.875976	-0.499660	 0.230389
-0.499281	-0.499865	-0.636213	-0.499109	 0.261424	 0.465985	-0.498769	-0.389837	-0.393798	-0.672429	-0.499660	 0.230389
-0.499282	-0.499865	-0.541373	-0.499109	 0.262161	 0.465985	-0.498769	-0.389096	-0.393798	-0.570656	-0.499660	 0.230389
-0.499283	-0.499865	-0.493952	-0.499109	 0.262529	 0.465985	-0.498769	-0.388726	-0.393798	-0.519769	-0.499660	 0.230389
-0.499283	-0.499865	-0.470242	-0.499109	 0.262714	 0.465985	-0.498769	-0.388541	-0.393798	 0.005675	-0.499660	 0.230389
-0.499283	-0.499865	-0.458387	-0.499109	 0.262806	 0.465985	-0.498769	-0.388448	-0.393798	 0.267334	-0.499660	 0.230389
-0.499283	-0.499865	-0.452460	-0.499109	 0.262852	 0.465985	-0.498769	-0.388402	-0.393798	 0.397106	-0.499660	 0.230389
-0.499284	-0.499865	-0.449496	-0.499109	 0.262875	 0.465985	-0.498769	-0.388379	-0.393798	-0.039062	-0.499660	 0.230389
-0.499284	-0.499865	-0.448014	-0.499109	 0.262886	 0.465985	-0.498769	-0.388367	-0.393798	-0.257146	-0.499660	 0.230389
-0.499284	-0.499865	-0.447273	-0.499109	 0.262892	 0.465985	-0.498769	-0.388361	-0.393798	-0.366188	-0.499660	 0.230389
-0.499284	-0.499865	-0.446902	-0.499109	 0.262895	 0.465985	-0.498769	-0.388358	-0.393798	-0.420709	-0.499660	 0.230389
-0.499284	-0.499865	-0.446717	-0.499109	 0.262896	 0.465985	-0.498769	-0.388357	-0.393798	 0.052031	-0.499660	 0.230389
-0.499284	-0.499865	-0.446625	-0.499109	 0.262897	 0.465985	-0.498769	-0.388356	-0.393798	 0.287351	-0.499660	 0.230389
-0.499284	-0.499865	-0.446578	-0.499109	 0.262897	 0.465985	-0.498769	-0.388356	-0.393798	-0.096034	-0.499660	 0.230389
-0.499284	-0.499865	-0.446555	-0.499109	 0.262898	 0.465985	-0.498769	-0.388356	-0.393798	-0.287727	-0.499660	 0.230389
-0.499284	-0.499865	-0.446544	-0.499109	 0.262898	 0.465985	-0.498769	-0.388356	-0.393798	-0.383573	-0.499660	 0.230389
-0.499284	-0.499865	-0.446538	-0.499109	 0.262898	 0.465985	-0.498769	 0.111644	-0.393798	-0.431497	-0.499660	 0.230389
-0.499284	-0.499865	-0.446535	-0.499109	 0.262898	 0.465985	-0.498769	 0.360421	-0.393798	-0.455458	-0.499660	 0.230389
-0.499284	-0.499865	-0.446533	-0.499109	 0.262898	 0.465985	-0.498769	-0.016409	 0.106202	 0.032561	-0.499660	 0.230389
-0.499284	-0.499865	-0.446533	-0.499109	 0.262898	 0.465985	-0.498769	-0.204824	 0.354989	 0.275530	-0.499660	 0.230389
-0.499284	-0.499865	-0.446532	-0.499109	 0.262898	 0.465985	-0.498769	 0.200969	-0.021825	-0.104023	-0.499660	 0.230389
-0.499284	-0.499865	-0.446532	-0.499109	 0.262898	 0.465985	-0.498769	 0.402651	-0.210231	-0.293800	-0.499660	 0.230389
-0.499284	-0.499865	-0.446532	-0.499109	 0.262898	 0.465985	-0.498769	 0.002284	-0.304435	-0.388688	-0.499660	 0.230389
-0.499284	-0.499865	-0.446532	-0.499109	 0.262898	 0.465985	-0.498769	-0.197900	-0.351537	-0.436132	-0.499660	 0.230389
-0.499284	-0.499865	-0.446532	-0.499109	 0.262898	 0.465985	-0.498769	-0.297992	-0.375087	-0.459854	-0.499660	 0.230389
-0.499284	-0.499865	-0.446532	 0.000891	 0.262898	 0.465985	-0.498769	-0.348037	-0.386863	-0.471715	-0.499660	 0.230389
-0.499284	-0.499865	-0.446532	 0.249890	 0.262898	 0.465985	-0.498769	-0.373060	-0.392751	-0.477646	-0.499660	 0.230389
-0.499284	-0.499865	-0.446532	-0.125611	 0.262898	 0.465985	-0.498769	-0.885572	-0.395694	 0.019389	-0.499660	 0.230389
-0.499284	-0.499865	-0.446532	-0.312360	 0.262898	 0.465985	-0.498769	-1.139031	-0.397166	 0.266874	-0.499660	 0.230389
-0.499284	-0.999865	-0.446532	-0.405734	 0.262898	 0.465985	-0.498769	-0.262976	-0.397902	 0.389587	-0.499660	 0.230389
-0.499284	-1.246866	-0.446532	-0.452421	 0.262898	 0.465985	-0.498769	 0.173825	-0.398270	 0.449919	-0.499660	 0.230389
-0.499284	-0.867378	-0.446532	-0.475764	 0.262898	 0.465985	 0.001231	-0.108995	-0.398454	 0.479065	-0.499660	 0.230389
-0.499284	-0.677634	-0.446532	-0.487436	 0.262898	 0.465985	 0.250228	-0.250406	-0.398546	 0.492621	-0.499660	 0.230389
-0.499284	-0.582762	-0.446532	-0.493272	 0.262898	 0.465985	 0.374727	-0.321111	-0.398592	 0.498387	-0.499660	 0.230389
-0.499284	-0.535326	-0.446532	-0.496190	 0.262898	 0.465985	-0.063024	-0.356463	 0.101385	 0.500262	-0.499660	 0.230389
-0.499284	-0.511608	-0.446532	-0.497649	 0.262898	 0.465985	-0.280897	-0.374140	 0.350170	 0.500195	-0.499660	 0.230389
-0.499284	-0.499749	-0.446532	 0.001622	 0.262898	 0.465985	-0.389834	-0.382978	-0.026635	-0.000839	-0.499660	 0.230389
-0.499284	-0.493820	-0.446532	 0.250255	 0.262898	 0.465985	-0.444303	-0.387397	-0.215037	-0.250352	-0.499660	 0.230389
-0.499284	-0.490855	-0.446532	-0.125428	 0.262898	 0.465985	 0.028463	-0.389606	-0.309238	 0.124891	-0.499660	 0.230389
-0.499284	-0.489373	-0.446532	-0.312267	 0.262898	 0.465985	 0.263844	-0.390711	-0.356339	 0.311513	-0.499660	 0.230389
-0.499284	-0.488632	-0.446532	-0.405687	 0.262898	 0.465985	-0.118466	-0.391263	-0.379889	 0.404824	-0.499660	 0.230389
-0.499284	-0.488261	-0.446532	-0.452397	 0.262898	 0.465985	-0.308620	-0.391540	-0.391664	 0.451479	-0.499660	 0.230389
-0.499284	-0.488076	-0.446532	-0.475752	 0.262898	 0.465985	-0.403696	-0.391678	-0.397552	 0.474807	-0.499660	 0.230389
-0.499284	-0.487983	-0.446532	-0.487429	 0.262898	 0.465985	 0.048765	-0.391747	-0.400496	-0.013529	-0.499660	 0.230389
-0.499284	-0.487937	-0.446532	-0.493268	 0.262898	 0.465985	 0.273994	-0.391781	-0.401968	-0.256694	-0.499660	 0.230389
-0.499284	-0.487914	-0.446532	-0.496188	 0.262898	 0.465985	-0.113392	 0.108201	-0.402704	 0.121724	-0.499660	 0.230389
-0.499284	-0.487902	-0.446532	-0.497647	 0.262898	 0.465985	-0.306083	 0.356976	-0.403072	 0.309933	-0.499660	 0.230389
-0.499284	-0.487896	-0.446532	-0.498377	 0.262898	 0.465985	 0.097571	-0.019848	-0.403256	-0.095963	-0.499660	 0.230389
-0.499284	-0.487893	-0.446532	-0.498742	 0.262898	 0.465985	 0.298396	-0.208260	-0.403348	-0.297907	-0.499660	 0.230389
-0.499284	-0.487892	-0.446532	 0.001076	 0.262898	 0.465985	-0.101192	 0.197534	 0.096606	-0.398879	-0.499660	 0.230389
-0.499284	-0.487891	-0.446532	 0.249983	 0.262898	 0.465985	-0.299984	 0.399225	 0.345390	-0.449365	-0.499660	 0.230389
-0.499284	-0.487891	-0.446532	 0.374436	 0.262898	 0.465985	-0.399380	 0.498868	 0.468594	-0.474608	-0.499660	 0.230389
-0.499284	-0.487891	-0.446532	-0.063337	 0.262898	 0.465985	-0.449078	 0.547493	 0.529012	-0.487230	-0.499660	 0.230389
-0.499284	-0.487891	-0.446532	-0.281222	 0.262898	 0.465985	-0.473927	 0.570613	 0.558042	-0.493541	-0.499660	 0.230389
-0.499284	-0.487891	-0.446532	-0.390164	 0.262898	 0.465985	 0.013648	 0.080985	 0.071383	-0.496696	-0.499660	 0.230389
-0.499284	-0.487891	-0.446532	-0.444635	 0.262898	 0.465985	 0.256433	-0.163828	-0.171946	-0.498274	-0.499660	 0.230389
-0.499284	-0.487891	-0.446532	-0.471870	 0.262898	 0.465985	-0.122174	-0.286235	-0.293611	-0.499062	-0.499660	 0.230389
-0.499284	-0.487890	-0.446532	-0.485488	 0.262898	 0.465985	-0.310476	-0.347439	-0.354443	-0.499457	-0.499660	 0.230389
-0.499284	-0.487890	-0.446532	-0.492297	 0.262898	 0.465985	-0.404627	-0.378040	-0.384860	-0.499654	-0.499660	 0.230389
-0.499284	-0.487890	-0.446532	-0.495702	 0.262898	 0.465985	-0.451703	-0.393341	-0.400068	-0.499753	-0.499660	 0.230389
-0.499284	-0.487890	-0.446532	-0.497404	 0.262898	 0.465985	-0.475240	-0.400992	-0.407672	-0.499802	-0.499660	 0.230389
-0.499284	-0.487890	-0.446532	-0.498255	 0.262898	 0.465985	-0.487009	-0.404817	-0.411474	-0.499827	-0.499660	 0.230389
-0.499284	-0.487890	-0.446532	-0.498680	 0.262898	 0.465985	-0.492894	-0.406729	-0.413375	-0.499839	-0.499660	 0.230389
-0.499284	-0.487890	-0.446532	-0.498893	 0.262898	 0.465985	-0.495836	-0.407686	-0.414325	 0.000155	-0.499660	 0.230389
-0.499284	-0.487890	-0.446532	-0.499000	 0.262898	 0.465985	-0.497307	-0.408164	-0.414800	 0.249151	-0.499660	 0.230389
 0.000716	-0.487890	-0.446532	-0.499053	 0.262898	 0.465985	-0.498043	 0.091597	-0.415038	-0.126350	-0.499660	 0.230389
 0.249715	-0.487890	-0.446532	-0.499079	 0.262898	 0.465985	-0.498410	 0.340295	-0.415157	-0.313097	-0.499660	 0.230389
-0.125786	-0.487890	-0.446532	-0.499093	 0.262898	 0.465985	-0.498594	-0.036534	-0.415216	 0.093529	-0.499660	 0.230389
-0.312533	-0.487890	-0.446532	-0.499099	 0.262898	 0.465985	-0.498686	-0.224949	-0.415246	 0.295842	-0.499660	 0.230389
-0.405907	-0.487890	-0.446532	-0.499103	 0.262898	 0.465985	-0.498732	-0.319156	-0.415261	 0.396998	-0.499660	 0.230389
-0.452594	-0.487890	-0.446532	 0.000896	 0.262898	 0.465985	 0.001245	-0.866260	-0.415268	 0.447577	-0.499660	 0.230389
-0.475938	-0.487890	-0.446532	 0.249893	 0.262898	 0.465985	 0.250231	-1.136985	-0.415272	 0.472866	-0.499660	 0.230389
-0.487610	-0.487890	-0.446532	-0.125608	 0.262898	 0.465985	-0.125276	-0.769532	-0.415274	-0.014490	-0.499660	 0.230389
-0.493445	-0.487890	-0.446532	-0.312357	 0.262898	 0.465985	-0.312028	-0.585806	-0.415275	-0.257164	-0.499660	 0.230389
-0.496363	-0.487890	-0.446532	-0.405731	 0.262898	 0.465985	 0.094596	-0.493942	-0.415275	-0.378501	-0.499660	 0.230389
-0.497822	-0.487890	-0.446532	-0.452418	 0.262898	 0.465985	 0.296906	-0.448011	-0.415275	-0.439169	-0.499660	 0.230389
-0.498552	-0.487890	-0.446532	-0.475762	 0.262898	 0.465985	-0.101940	-0.425045	-0.415276	 0.030497	-0.499660	 0.230389
-0.498917	-0.487890	-0.446532	-0.487433	 0.262898	 0.465985	-0.300361	-0.413562	-0.415276	 0.264329	-0.499660	 0.230389
-0.499099	-0.487890	-0.446532	-0.493269	 0.262898	 0.465985	-0.399571	-0.407821	-0.415276	 0.381245	-0.499660	 0.230389
-0.499190	-0.487890	-0.446532	-0.496187	 0.262898	 0.465985	-0.449176	-0.404950	-0.415276	 0.439703	-0.499660	 0.230389
-0.499236	-0.487890	-0.446532	-0.497646	 0.262898	 0.465985	-0.473979	-0.403515	-0.415276	 0.468933	-0.499660	 0.230389
-0.499258	-0.487890	-0.446532	-0.498376	 0.262898	 0.465985	-0.486380	 0.097203	-0.415276	-0.016453	-0.499660	 0.230389
-0.499270	-0.487890	-0.446532	-0.498740	 0.262898	 0.465985	-0.492581	 0.346366	-0.415276	-0.258142	-0.499660	 0.230389
-0.499276	-0.487890	-0.446532	-0.498923	 0.262898	 0.465985	-0.495681	-0.030243	-0.415276	 0.121013	-0.499660	 0.230389
-0.499278	-0.487890	-0.446532	-0.499014	 0.262898	 0.465985	-0.497232	-0.218548	-0.415276	 0.309591	-0.499660	 0.230389
-0.499280	-0.487890	-0.446532	-0.499060	 0.262898	 0.465985	-0.498007	-0.312701	-0.415276	-0.096120	-0.499660	 0.230389
-0.499281	-0.487890	-0.446532	-0.499082	 0.262898	 0.465985	-0.498394	-0.359777	-0.415276	-0.297972	-0.499660	 0.230389
-0.499281	-0.487890	-0.446532	-0.499094	 0.262898	 0.465985	-0.498588	-0.383315	-0.415276	-0.398898	-0.499660	 0.230389
-0.499281	-0.487890	-0.446532	-0.499099	-0.237102	 0.465985	 0.001315	-0.395084	-0.415276	-0.449361	-0.499660	 0.230389
-0.499281	-0.487890	-0.446532	-0.499102	-0.485628	 0.465985	 0.250264	-0.400968	-0.415276	-0.474593	-0.499660	 0.230389
-0.499281	-0.487890	-0.446532	-0.499104	-0.108423	 0.465985	-0.125261	-0.403911	-0.415276	-0.487209	-0.499660	 0.230389
-0.499281	-0.487890	-0.446532	-0.499104	 0.080180	 0.465985	-0.312022	-0.405382	-0.415276	-0.493517	-0.499660	 0.230389
-0.499281	-0.487890	-0.446532	 0.000895	 0.174482	 0.465985	-0.405403	-0.406117	-0.415276	 0.003330	-0.499660	 0.230389
-0.499281	-0.487890	-0.446532	 0.249893	 0.221632	 0.465985	-0.452093	-0.406485	-0.415276	 0.250752	-0.499660	 0.230389
-0.499281	-0.487890	-0.446532	-0.125608	 0.245208	 0.465985	-0.475438	-0.406669	-0.415276	-0.125536	-0.499660	 0.230389
-0.499281	-0.487890	-0.446532	-0.312356	 0.256995	 0.465985	-0.487111	-0.406761	-0.415276	-0.312677	-0.499660	 0.230389
-0.499281	-0.487890	-0.446532	-0.405730	 0.262889	 0.465985	-0.492947	-0.406807	-0.415276	-0.406247	-0.499660	 0.230389
-0.499281	-0.487890	-0.446532	-0.452417	 0.265836	 0.465985	 0.004135	-0.406830	-0.415276	 0.046967	-0.499660	 0.230389
-0.499281	-0.487890	-0.446532	-0.475761	 0.267309	 0.465985	 0.251673	-0.406841	-0.415276	 0.272574	-0.499660	 0.230389
-0.499281	-0.487890	-0.446532	-0.487433	 0.268046	 0.465985	-0.124558	-0.406847	-0.415276	-0.114622	-0.499660	 0.230389
-0.499281	-0.487890	-0.446532	-0.493268	 0.268415	 0.465985	-0.311671	-0.406850	-0.415276	-0.307217	-0.499660	 0.230389
-0.499281	-0.487890	-0.446532	-0.496186	 0.268599	 0.465985	-0.405228	-0.406852	-0.415276	 0.096486	-0.499660	 0.230389
-0.499281	-0.487890	-0.446532	-0.497645	 0.268691	 0.465985	-0.452007	-0.406852	-0.415276	 0.297337	-0.499660	 0.230389
-0.499281	-0.487890	-0.446532	-0.498375	 0.268737	 0.465985	-0.475396	-0.406853	-0.415276	 0.397763	-0.499660	 0.230389
-0.499281	-0.487890	-0.446532	-0.498740	 0.268760	 0.465985	-0.487091	-0.406853	-0.415276	 0.447975	-0.499660	 0.230389
-0.499281	-0.487890	-0.446532	-0.498922	 0.268771	 0.465985	 0.007062	-0.406853	-0.415276	-0.026918	-0.499660	 0.230389
-0.499281	-0.487890	-0.446532	-0.499013	 0.268777	 0.465985	 0.253136	-0.406853	-0.415276	-0.263362	-0.499660	 0.230389
-0.499281	-0.487890	-0.446532	-0.499059	 0.268780	 0.465985	 0.376173	-0.406853	-0.415276	-0.381583	-0.499660	 0.230389
-0.499281	-0.487890	-0.446532	-0.499081	 0.268781	 0.465985	-0.062309	-0.406853	-0.415276	-0.440694	-0.499660	 0.230389
-0.499281	-0.487890	-0.446532	-0.499093	 0.268782	 0.465985	-0.280548	-0.406853	-0.415276	-0.470249	-0.499660	 0.230389
-0.499281	-0.487890	-0.446532	-0.499099	 0.268783	 0.465985	 0.110333	-0.906853	-0.415276	 0.014973	-0.499660	 0.230389
-0.499281	-0.487890	-0.446532	-0.499101	 0.268783	 0.465985	 0.304771	-1.154039	-0.415276	 0.256584	-0.499660	 0.230389
-0.499281	-0.487890	-0.446532	-0.499103	 0.268783	 0.465985	-0.098011	-0.774830	-0.415276	 0.377389	-0.499660	 0.230389
-0.499281	-0.487890	-0.446532	-0.499104	 0.268783	 0.465985	-0.298400	-0.585225	-0.415276	 0.437792	-0.499660	 0.230389
-0.499281	-0.487890	-0.446532	-0.499104	 0.268783	 0.465985	-0.398594	-0.990423	-0.415276	-0.032007	-0.499660	 0.230389
-0.499281	-0.487890	-0.446532	-0.499104	 0.268783	 0.465985	-0.448691	-1.190231	-0.415276	-0.265903	-0.499660	 0.230389
-0.499281	-0.487890	-0.446532	-0.499104	 0.268783	 0.465985	-0.473740	-1.287354	-0.415276	-0.382850	-0.499660	 0.230389
-0.499281	-0.487890	-0.446532	-0.499104	 0.268783	 0.465985	-0.486264	-0.333147	-0.415276	 0.058676	-0.499660	 0.230389
-0.499281	-0.487890	-0.446532	-0.499104	 0.268783	 0.465985	-0.492526	 0.142714	-0.415276	 0.278438	-0.499660	 0.230389
-0.499281	-0.487890	-0.446532	-0.499104	 0.268783	 0.465985	-0.495657	-0.120592	-0.415276	 0.388320	-0.499660	 0.230389
-0.499281	-0.487890	-0.446532	-0.499104	 0.268783	 0.465985	-0.497223	-0.252245	-0.415276	 0.443260	-0.499660	 0.230389
-0.499281	 0.012110	-0.446532	-0.499104	 0.268783	 0.465985	-0.498006	-0.318072	-0.415276	-0.029269	-0.499660	 0.230389
-0.499281	 0.261085	-0.446532	-0.499104	 0.268783	 0.465985	-0.498397	-0.350985	-0.415276	-0.264531	-0.499660	 0.230389
-0.499281	-0.115447	-0.446532	-0.499104	 0.268783	 0.465985	-0.498593	 0.132558	-0.415276	 0.117839	-0.499660	 0.230389
-0.499281	-0.303713	-0.446532	-0.499104	 0.268783	 0.465985	-0.498691	 0.373097	-0.415276	 0.308023	-0.499660	 0.230389
-0.499281	-0.397846	-0.446532	-0.499104	 0.268783	 0.465985	-0.498740	 0.492140	-0.415276	 0.403115	-0.499660	 0.230389
-0.499281	-0.444913	-0.446532	 0.000896	 0.268783	 0.465985	-0.498764	 0.050439	-0.415276	 0.450661	-0.499660	 0.230389
-0.499281	-0.468446	-0.446532	 0.249894	 0.268783	 0.465985	-0.498776	-0.170412	-0.415276	 0.474434	-0.499660	 0.230389
-0.499281	-0.480213	-0.446532	-0.125607	 0.268783	 0.465985	-0.498782	 0.219163	-0.415276	-0.013679	-0.499660	 0.230389
-0.499281	-0.486096	-0.446532	-0.312355	 0.268783	 0.465985	-0.498785	 0.412733	-0.415276	-0.256732	-0.499660	 0.230389
-0.499281	-0.489038	-0.446532	-0.405729	 0.268783	 0.465985	-0.498787	 0.008305	-0.415276	-0.378259	-0.499660	 0.230389
-0.499281	-0.490508	-0.446532	-0.452416	 0.268783	 0.465985	-0.498788	-0.193909	-0.415276	-0.439022	-0.499660	 0.230389
-0.499281	-0.491244	-0.446532	-0.475760	 0.268783	 0.465985	 0.001212	 0.204984	 0.084724	-0.469404	-0.499660	 0.230389
-0.499281	-0.491611	-0.446532	-0.487432	 0.268783	 0.465985	 0.250209	 0.403223	 0.333555	-0.484595	-0.499660	 0.230389
-0.499281	-0.491795	-0.446532	-0.493268	 0.268783	 0.465985	 0.374708	 0.501140	 0.456805	-0.492190	-0.499660	 0.230389
-0.499281	-0.491887	-0.446532	 0.003814	 0.268783	 0.465985	-0.063043	 0.048900	 0.017271	-0.495988	-0.499660	 0.230389
-0.499281	-0.491933	-0.446532	 0.251354	 0.268783	 0.465985	-0.280916	-0.177220	-0.202497	-0.497887	-0.499660	 0.230389
-0.499281	-0.491956	-0.446532	-0.124877	 0.268783	 0.465985	 0.110147	-0.290280	-0.312381	-0.498836	-0.499660	 0.230389
-0.499281	-0.491968	-0.446532	-0.311990	 0.268783	 0.465985	 0.304676	-0.346810	-0.367322	-0.499311	-0.499660	 0.230389
-0.499281	-0.491973	-0.446532	-0.405546	 0.268783	 0.465985	-0.098060	-0.375075	-0.394793	-0.499548	-0.499660	 0.230389
-0.499281	-0.491976	-0.446532	-0.452324	 0.268783	 0.465985	-0.298426	-0.389208	-0.408529	-0.499667	-0.499660	 0.230389
-0.499281	-0.491978	-0.446532	-0.475713	 0.268783	 0.465985	-0.398609	 0.103726	-0.415397	 0.000274	-0.499660	 0.230389
-0.499281	-0.491978	-0.446532	-0.487408	 0.268783	 0.465985	-0.448700	 0.349000	-0.418830	 0.249244	-0.499660	 0.230389
-0.499281	-0.491979	-0.446532	-0.493255	 0.268783	 0.465985	-0.473746	 0.470448	-0.420547	 0.373729	-0.499660	 0.230389
-0.499281	-0.491979	-0.446532	 0.003821	 0.268783	 0.465985	-0.486269	 0.029988	-0.421406	-0.064029	-0.499660	 0.230389
-0.499281	-0.491979	-0.446532	 0.251357	 0.268783	 0.465985	-0.492530	-0.190242	-0.421835	-0.281904	-0.499660	 0.230389
-0.499281	-0.491979	-0.446532	-0.124874	 0.268783	 0.465985	 0.004339	 0.199644	-0.422050	 0.109158	-0.499660	 0.230389
-0.499281	-0.491979	-0.446532	-0.311988	 0.268783	 0.465985	 0.251771	 0.393407	-0.422157	 0.303689	-0.499660	 0.230389
-0.499281	-0.491979	-0.446532	-0.405545	 0.268783	 0.465985	-0.124513	-0.010886	-0.422211	-0.099046	-0.499660	 0.230389
-0.499281	-0.491979	-0.446532	-0.452323	 0.268783	 0.465985	-0.311653	-0.213032	-0.422238	-0.299409	-0.499660	 0.230389
-0.499281	-0.491979	-0.446532	-0.475713	 0.268783	 0.465985	-0.405223	-0.314105	-0.422251	-0.399591	-0.499660	 0.230389
-0.499281	-0.491979	-0.446532	-0.487407	 0.268783	 0.465985	-0.452008	-0.364642	-0.422258	-0.449682	-0.499660	 0.230389
-0.499281	-0.491979	-0.446532	-0.493254	 0.268783	 0.465985	-0.475401	-0.389910	-0.422261	-0.474728	-0.499660	 0.230389
-0.499281	-0.491979	-0.446532	-0.496178	 0.268783	 0.465985	-0.487097	-0.402544	-0.422263	 0.012750	-0.499660	 0.230389
-0.499281	-0.491979	-0.446532	-0.497640	 0.268783	 0.465985	-0.492945	-0.408861	-0.422264	 0.255488	-0.499660	 0.230389
-0.499281	-0.491979	-0.446532	-0.498371	 0.268783	 0.465985	 0.004131	-0.412020	-0.422264	-0.123143	-0.499660	 0.230389
-0.499281	-0.491979	-0.446532	-0.498736	 0.268783	 0.465985	 0.251666	-0.413599	-0.422264	-0.311455	-0.499660	 0.230389
-0.499281	-0.491979	-0.446532	 0.001081	 0.268783	 0.465985	 0.375434	 0.085611	 0.077736	 0.094389	-0.499660	 0.230389
-0.499281	-0.491979	-0.446532	 0.249988	 0.268783	 0.465985	 0.437318	 0.334047	 0.326580	 0.296311	-0.499660	 0.230389
-0.499281	-0.491979	-0.446532	 0.374441	 0.268783	 0.465985	-0.031740	 0.457100	-0.050148	 0.397271	-0.499660	 0.230389
-0.499281	-0.491979	-0.446532	 0.436668	 0.268783	 0.465985	-0.265268	 0.517466	-0.238513	 0.447752	-0.499660	 0.230389
-0.499281	-0.491979	-0.446532	 0.467781	 0.268783	 0.465985	-0.382031	 0.546493	-0.332695	 0.472992	-0.499660	 0.230389
-0.499281	-0.491979	-0.446532	-0.016662	 0.268783	 0.465985	-0.440413	-0.440144	-0.379786	 0.485612	-0.499660	 0.230389
-0.499281	-0.491979	-0.446532	-0.257881	 0.268783	 0.465985	-0.469604	-0.930609	-0.403331	 0.491922	-0.499660	 0.230389
-0.499281	-0.491979	-0.446532	 0.121509	 0.268783	 0.465985	-0.484200	-0.173000	-0.415104	 0.495077	-0.499660	 0.230389
-0.499281	-0.491979	-0.446532	 0.310202	 0.268783	 0.465985	-0.491497	 0.204636	-0.420991	 0.496655	-0.499660	 0.230389
-0.499281	-0.491979	-0.446532	-0.095451	 0.268783	 0.465985	-0.495146	-0.107711	-0.423934	 0.497443	-0.499660	 0.230389
-0.499281	-0.491979	-0.446532	-0.297276	 0.268783	 0.465985	-0.496971	-0.263884	-0.425405	 0.497838	-0.499660	 0.230389
-0.499281	-0.491979	-0.446532	 0.101812	 0.268783	 0.465985	-0.497883	-0.341971	-0.426141	 0.498035	-0.499660	 0.230389
-0.499281	-0.491979	-0.446532	 0.300354	 0.268783	 0.465985	-0.498339	-0.381014	-0.426509	 0.498134	-0.499660	 0.230389
-0.499281	-0.491979	-0.446532	 0.399625	 0.268783	 0.465985	-0.498567	-0.400536	-0.426693	 0.498183	-0.499660	 0.230389
-0.499281	-0.491979	-0.446532	-0.050739	 0.268783	 0.465985	 0.001319	 0.089703	-0.426785	 0.498208	-0.499660	 0.230389
-0.499281	-0.491979	-0.446532	-0.274919	 0.268783	 0.465985	 0.250259	 0.333663	-0.426831	 0.498220	-0.499660	 0.230389
-0.499281	-0.491979	-0.446532	-0.387009	 0.268783	 0.465985	-0.125270	-0.045512	-0.426854	-0.001774	-0.499660	 0.230389
-0.499281	-0.491979	-0.446532	-0.443054	 0.268783	 0.465985	-0.312034	-0.235100	-0.426865	-0.250767	-0.499660	 0.230389
-0.499281	 0.008021	-0.446532	-0.471077	 0.268783	 0.465985	-0.405415	-0.329894	-0.426871	-0.375264	-0.499660	 0.230389
-0.499281	 0.257005	-0.446532	-0.485088	 0.268783	 0.465985	-0.452106	-0.377291	-0.426874	-0.437512	-0.499660	 0.230389
-0.499281	-0.119515	-0.446532	-0.492094	 0.268783	 0.465985	 0.024549	 0.099011	-0.426876	-0.468637	-0.499660	 0.230389
-0.499281	-0.307775	-0.446532	-0.495596	 0.268783	 0.465985	 0.261874	 0.336011	-0.426876	-0.484199	-0.499660	 0.230389
-0.499281	-0.401905	-0.446532	-0.497348	 0.268783	 0.465985	 0.380536	 0.453365	-0.426877	-0.491980	-0.499660	 0.230389
-0.499281	-0.448970	-0.446532	-0.498224	 0.268783	 0.465985	-0.060133	 0.010900	-0.426877	-0.495870	-0.499660	 0.230389
-0.499281	-0.472503	-0.446532	-0.498661	 0.268783	 0.465985	-0.279466	-0.210332	-0.426877	-0.497815	-0.499660	 0.230389
-0.499281	-0.484269	-0.446532	-0.498880	 0.268783	 0.465985	-0.389132	-0.320948	 0.073123	 0.001212	-0.499660	 0.230389
-0.499281	-0.490152	-0.446532	-0.498990	 0.268783	 0.465985	-0.443965	-0.376256	 0.321977	 0.249725	-0.499660	 0.230389
-0.499281	-0.493094	-0.446532	 0.000955	 0.268783	 0.465985	 0.028618	-0.403910	 0.445262	 0.373982	-0.499660	 0.230389
-0.499281	-0.494564	-0.446532	 0.249926	 0.268783	 0.465985	 0.263908	-0.417737	 0.505767	 0.436110	-0.499660	 0.230389
-0.499281	-0.495300	-0.446532	-0.125588	 0.268783	 0.465985	-0.118448	-0.424650	 0.034888	-0.032826	-0.499660	 0.230389
-0.499281	-0.495668	-0.446532	-0.312343	 0.268783	 0.465985	-0.308624	-0.428107	-0.200552	-0.266290	-0.499660	 0.230389
-0.499281	-0.495851	-0.446532	-0.405721	 0.268783	 0.465985	-0.403712	-0.429836	-0.318272	-0.383022	-0.499660	 0.230389
-0.499281	-0.495943	-0.446532	-0.452410	 0.268783	 0.465985	-0.451256	-0.430700	-0.377132	-0.441389	-0.499660	 0.230389
-0.499281	-0.495989	-0.446532	-0.475754	 0.268783	 0.465985	-0.475028	-0.431132	-0.406562	-0.470572	-0.499660	 0.230389
-0.499281	-0.496012	-0.446532	 0.012574	 0.268783	 0.465985	 0.013086	-0.431348	-0.421277	-0.485163	-0.499660	 0.230389
-0.499281	-0.496024	-0.446532	 0.255736	 0.268783	 0.465985	 0.256141	-0.431456	-0.428635	-0.492459	-0.499660	 0.230389
-0.499281	-0.496029	-0.446532	 0.377317	 0.268783	 0.465985	-0.122332	-0.431510	-0.432313	-0.496107	-0.499660	 0.230389
-0.499281	-0.496032	-0.446532	 0.438107	 0.268783	 0.465985	-0.310567	-0.431537	-0.434153	-0.497931	-0.499660	 0.230389
-0.499281	-0.496034	-0.446532	-0.031497	 0.268783	-0.034015	-0.404684	-0.431550	-0.435072	 0.001157	-0.499660	 0.230389
-0.499281	-0.496034	-0.446532	-0.265298	 0.268783	-0.282947	-0.451743	-0.431557	-0.435532	 0.249701	-0.499660	 0.230389
-0.499281	-0.496035	-0.446532	-0.382198	 0.268783	 0.093650	-0.475272	-0.431561	 0.064238	-0.126027	-0.499660	 0.230389
-0.499281	-0.496035	-0.446532	-0.440648	 0.268783	 0.281949	-0.487037	-0.431562	 0.312995	-0.312888	-0.499660	 0.230389
-0.499281	-0.496035	-0.446532	-0.469873	 0.268783	 0.376099	-0.492919	-0.431563	 0.436250	-0.406318	-0.499660	 0.230389
 0.000719	-0.496035	-0.446532	-0.484485	 0.268783	 0.423174	-0.495860	 0.068436	-0.003242	 0.046967	-0.499660	 0.230389
 0.249717	-0.496035	-0.446532	-0.491791	 0.268783	 0.446711	-0.497331	 0.317299	-0.222987	 0.272608	-0.499660	 0.230389
-0.125783	 0.003965	-0.446532	-0.495445	 0.268783	 0.458480	 0.001934	 0.440599	 0.167140	 0.385429	-0.499660	 0.230389
-0.312531	 0.252957	-0.446532	-0.497271	 0.268783	 0.464364	 0.250564	 0.501120	 0.361089	 0.441840	-0.499660	 0.230389
-0.405905	-0.123551	-0.446532	-0.498184	 0.268783	 0.467306	-0.125121	 0.530258	-0.043047	 0.470045	-0.499660	 0.230389
-0.452592	-0.310805	-0.446532	-0.498641	 0.268783	 0.468777	-0.311962	 0.543708	-0.245115	 0.484148	-0.499660	 0.230389
-0.475936	-0.404432	-0.446532	-0.498869	 0.268783	 0.469513	 0.094617	 0.549319	-0.346148	-0.508801	-0.499660	 0.230389
-0.487607	-0.451245	-0.446532	-0.498984	 0.268783	 0.469880	 0.296905	 0.551014	-0.396665	-1.002272	-0.499660	 0.230389
-0.493443	-0.474652	-0.446532	-0.499041	 0.268783	 0.470064	 0.398048	 0.550756	-0.421924	-1.246016	-0.499660	 0.230389
 0.003639	-0.486355	-0.446532	-0.499069	 0.268783	 0.470156	-0.051380	 0.049527	-0.434553	-0.864908	-0.499660	 0.230389
 0.251179	-0.492207	-0.446532	-0.499083	 0.268783	 0.470202	-0.275092	-0.201088	-0.440868	-0.674354	-0.499660	 0.230389
-0.125052	 0.004867	-0.446532	-0.499091	 0.268783	 0.470225	-0.386948	-0.326396	-0.444025	-0.079077	-0.499660	 0.230389
-0.312164	 0.252400	-0.446532	-0.499094	 0.268783	 0.470237	-0.442877	-0.389050	-0.445604	 0.217529	-0.499660	 0.230389
-0.405720	-0.123833	-0.446532	 0.000904	 0.268783	 0.470243	 0.029159	-0.420376	-0.446393	 0.364803	-0.499660	 0.230389
-0.452499	-0.310950	-0.446532	 0.249901	 0.268783	 0.470245	 0.264175	-0.436040	-0.446788	 0.437417	-0.499660	 0.230389
-0.475888	-0.404508	-0.446532	-0.125600	 0.268783	 0.470247	-0.118317	-0.443872	-0.446985	 0.472703	-0.499660	 0.230389
-0.487582	-0.451287	-0.446532	-0.312348	 0.268783	 0.470248	-0.308562	-0.447787	-0.447084	 0.489330	-0.499660	 0.230389
-0.493429	-0.474677	-0.446532	-0.405723	 0.268783	 0.470248	-0.403684	-0.449745	-0.447133	 0.496632	-0.499660	 0.230389
-0.496353	-0.486371	-0.446532	-0.452410	 0.268783	 0.470248	 0.048755	-0.450724	-0.447158	 0.499275	-0.499660	 0.230389
-0.497815	-0.492219	-0.446532	-0.475753	 0.268783	 0.470248	 0.273972	-0.451214	-0.447170	 0.499593	-0.499660	 0.230389
-0.498546	-0.495142	-0.446532	-0.487425	 0.268783	 0.470248	 0.386580	 0.048541	-0.447176	-0.000248	-0.499660	 0.230389
-0.498911	-0.496604	-0.446532	-0.493261	 0.268783	 0.470248	 0.442885	 0.297323	-0.447179	-0.249169	-0.499660	 0.230389
-0.499094	-0.497335	-0.446532	-0.496179	 0.268783	 0.470248	-0.028963	-0.079379	-0.447181	-0.373629	-0.499660	 0.230389
-0.499185	-0.497701	-0.446532	-0.497638	 0.268783	 0.470248	-0.263885	-0.267730	-0.447182	-0.435859	-0.499660	 0.230389
-0.499231	-0.497883	-0.446532	-0.498367	 0.268783	 0.470248	-0.381347	 0.138095	-0.447182	 0.033026	-0.499660	 0.230389
-0.499254	-0.497975	-0.446532	-0.498732	 0.268783	 0.470248	-0.440077	 0.339919	-0.447182	 0.266465	-0.499660	 0.230389
-0.499265	-0.498020	-0.446532	-0.498915	 0.268783	 0.470248	-0.469442	 0.439748	-0.447182	 0.383184	-0.499660	 0.230389
-0.499271	-0.498043	-0.446532	-0.499006	 0.268783	 0.470248	-0.484125	 0.488583	-0.447182	 0.441543	-0.499660	 0.230389
-0.499274	-0.498055	-0.446532	-0.499051	 0.268783	 0.470248	-0.491466	 0.511926	-0.447182	 0.470723	-0.499660	 0.230389
-0.499275	-0.498060	-0.446532	-0.499074	 0.268783	 0.470248	-0.495137	 0.022527	-0.447182	 0.485313	-0.499660	 0.230389
-0.499276	-0.498063	-0.446532	-0.499085	 0.268783	 0.470248	-0.496972	-0.222173	-0.447182	 0.492608	-0.499660	 0.230389
-0.499276	-0.998065	-0.446532	 0.000909	-0.231217	 0.470248	 0.002110	-0.344523	-0.447182	 0.496256	-0.499660	 0.230389
-0.499277	-1.245069	-0.446532	 0.249904	-0.479755	 0.470248	 0.250649	-0.405698	-0.447182	 0.498079	-0.499660	 0.230389
-0.499277	-0.865587	-0.446532	-0.125598	-0.102567	 0.470248	-0.125082	-0.436285	-0.447182	 0.498991	-0.499660	 0.230389
-0.499277	-0.675846	-0.446532	-0.312347	 0.086027	 0.470248	-0.311946	-0.451579	-0.447182	 0.499447	-0.499660	 0.230389
-0.499277	-0.580976	-0.446532	-0.405722	 0.180324	 0.470248	-0.405377	-0.459226	-0.447182	 0.499675	-0.499660	 0.230389
-0.499277	-0.533541	-0.446532	-0.452409	 0.227472	 0.470248	-0.452093	 0.036951	-0.447182	-0.000211	-0.499660	 0.230389
-0.499277	-0.509823	-0.446532	-0.475752	 0.251047	 0.470248	-0.475451	 0.283973	-0.447182	-0.249154	-0.499660	 0.230389
-0.499277	-0.497964	-0.446532	-0.487424	 0.262834	 0.470248	-0.487130	-0.093578	-0.447182	 0.126375	-0.499660	 0.230389
-0.499277	-0.492035	-0.446532	-0.493260	 0.268727	 0.470248	-0.492970	-0.282354	-0.447182	 0.313135	-0.499660	 0.230389
-0.499277	-0.489070	-0.446532	 0.003822	 0.271674	 0.470248	-0.495890	-0.376741	-0.447182	-0.093484	-0.499660	 0.230389
-0.499277	-0.487588	-0.446532	 0.251361	 0.273148	 0.470248	-0.497349	-0.423935	-0.447182	-0.295794	-0.499660	 0.230389
