-2.162818	-1.798895	-0.782307	-0.849967	-2.008041	-0.872038	-3.374792	-0.782182	 0.373609	-1.663697	-1.810226	-1.028712
-2.154151	-1.791700	-0.779178	-0.846567	-2.000009	-0.868549	-3.361290	-0.779053	 0.399056	-1.657042	-1.678031	-1.055689
-2.145527	-1.784533	-0.776061	-0.843180	-1.992009	-0.865075	-3.347843	-0.775937	 0.411779	-1.650414	-2.108842	-0.567012
-2.136942	-1.777395	-0.772957	-0.839808	-1.984041	-0.861615	-3.334451	-0.772833	 0.418141	-1.643812	-2.319168	-0.322674
-2.128392	-1.770285	-0.769865	-0.836449	-1.976105	-0.858169	-3.321112	-0.769742	-0.078678	-1.637237	-2.419272	-0.200505
-2.119877	-1.763204	-0.766786	-0.833103	-1.968200	-0.854736	-3.307828	-0.766663	-0.325936	-1.630688	-2.464285	-0.139420
-2.111397	-1.756151	-0.763719	-0.829770	-1.960328	-0.851317	-3.294596	-0.763597	 0.051581	-1.624165	-1.981773	-0.108878
-2.102952	-1.749127	-0.760664	-0.826451	-1.952486	-0.847912	-3.281418	-0.760542	 0.240339	-1.617669	-1.737519	-0.093607
-2.094540	-1.742130	-0.757621	-0.823145	-1.944676	-0.844520	-3.268292	-0.757500	 0.334719	-1.611198	-2.112405	-0.085971
-2.086161	-1.735162	-0.754591	-0.819853	-1.936898	-0.841142	-3.255219	-0.754470	 0.381908	-1.604753	-2.294874	-0.082153
-2.077817	-1.728221	-0.751572	-0.816573	-1.929150	-0.837777	-3.242198	-0.751452	 0.405503	-1.598334	-1.881153	-0.080244
-2.069505	-1.721308	-0.748566	-0.813307	-1.921433	-0.834426	-3.229229	-0.748446	 0.417300	-1.591941	-1.671358	-0.079290
-2.061227	-1.714423	-0.745572	-0.810054	-1.913748	-0.831089	-3.216312	-0.745452	 0.423199	-1.585573	-1.563538	-0.078813
-2.052983	-1.707565	-0.742589	-0.806814	-1.906093	-0.827764	-3.203447	-0.742471	 0.426149	-1.579231	-1.506716	-0.578574
-2.044771	-1.700735	-0.739619	-0.803586	-1.898468	-0.824453	-3.190633	-0.739501	 0.427623	-1.572914	-1.475405	-0.826298
-2.036592	-1.693932	-0.736661	-0.800372	-1.890875	-0.821155	-3.177871	-0.736543	 0.428361	-1.566622	-1.956862	-0.448012
-2.028445	-1.687156	-0.733714	-0.797171	-1.883311	-0.817871	-3.165159	-0.733597	 0.428729	-1.560356	-2.192713	-0.258869
-2.020331	-1.680408	-0.730779	-0.793982	-1.875778	-0.814599	-3.152499	-0.730662	 0.428914	-1.554114	-1.805782	-0.164298
-2.012250	-1.673686	-0.727856	-0.790806	-1.868275	-0.811341	-3.139889	-0.727740	 0.429006	-1.547898	-1.609478	-0.117012
-2.004201	-1.666991	-0.724945	-0.787643	-1.860802	-1.308095	-3.127329	-0.724829	 0.429052	-1.541706	-2.008500	-0.093369
-1.996184	-1.660323	-0.722045	-0.784492	-1.853358	-1.552863	-3.114820	-0.721929	 0.429075	-1.535539	-2.203196	-0.081548
-1.988200	-1.653682	-0.719157	-0.781354	-1.845945	-1.671652	-3.102361	-0.719042	 0.429086	-1.529397	-2.295749	-0.075637
-1.980247	-1.647067	-0.716280	-0.778229	-1.838561	-1.227465	-3.089951	-0.716165	 0.429092	-1.523280	-2.337248	-0.072681
-1.972326	-1.640479	-0.713415	-0.775116	-1.831207	-1.003805	-3.077591	-0.713301	 0.429095	-1.517187	-2.353240	-0.071204
-2.464436	-2.133917	-0.710561	-0.772015	-1.823882	-0.890415	-3.065281	-0.710448	-0.070904	-1.511118	-2.356498	-0.070465
-2.704579	-2.375382	-0.707719	-0.768927	-1.816587	-0.832166	-3.053020	-0.707606	-0.319761	-1.505073	-2.353407	-0.070096
-2.318760	-1.990880	-0.704888	-0.765852	-1.809320	-0.801493	-3.040808	-0.704775	 0.056947	-1.499053	-1.847161	-0.569911
-2.121985	-1.795417	-0.702069	-0.762788	-1.802083	-0.784615	-3.028644	-0.701956	 0.245302	-1.493057	-1.591356	-0.817679
-2.019747	-1.694485	-0.699260	-0.759737	-1.794875	-0.774641	-3.016530	-0.699148	 0.339479	-1.487085	-1.460783	-0.439432
-1.964793	-1.640832	-0.696463	-0.756698	-1.787695	-0.768125	-3.004464	-0.696352	 0.386567	-1.481136	-1.392836	-0.250309
-1.933497	-1.610831	-0.693677	-0.753671	-1.780544	-0.763343	-2.992446	-0.693566	 0.410112	-1.475212	-1.356212	-0.155747
-1.914044	-1.592669	-0.690903	-0.750657	-1.773422	-0.759435	-2.980476	-0.690792	-0.078116	-1.469311	-1.335262	-0.108466
-1.900528	-1.580439	-0.688139	-0.747654	-1.766328	-0.755970	-2.968554	-0.688029	-0.321097	-1.463434	-1.322158	-0.084826
-1.889997	-1.571188	-0.685386	-0.744663	-1.759263	-0.752733	-2.956680	-0.685277	 0.058540	-1.457580	-1.312987	-0.573006
-1.880972	-1.563438	-0.682645	-0.741685	-1.752226	-0.749615	-2.944853	-0.682536	 0.248359	-1.451750	-1.305795	-0.814973
-1.872715	-1.556452	-0.679914	-0.738718	-1.745217	-0.746563	-2.933074	-0.679806	 0.343268	-1.445943	-1.299601	-0.433843
-1.864858	-1.549860	-0.677195	-0.735763	-1.738236	-0.743550	-2.921342	-0.677086	 0.390723	-1.440159	-1.293918	-0.243278
-1.857216	-1.543477	-0.674486	-0.732820	-1.731283	-0.740563	-2.909656	-0.674378	 0.414450	-1.434398	-1.288499	-0.147995
-1.849695	-1.537212	-0.671788	-0.729889	-1.724358	-0.737594	-2.898018	-0.671681	 0.426314	-1.428661	-1.283224	-0.100354
-1.842251	-1.531017	-0.669101	-0.726969	-1.717461	-0.734640	-2.886426	-0.668994	 0.432246	-1.422946	-1.278030	-0.076534
-1.834859	-1.524870	-0.666424	-0.724061	-1.710591	-0.731700	-2.874880	-0.666318	 0.435212	-1.417254	-1.272888	-0.064623
-1.827508	-1.518759	-0.663759	-0.721165	-1.703749	-0.728772	-2.863380	-0.663653	 0.436695	-1.411585	-1.267781	-0.058668
-1.820192	-1.512678	-0.661104	-0.718280	-1.696934	-0.725857	-2.851927	-0.660998	-0.062564	-1.405939	-1.262703	-0.055690
-1.812909	-1.506625	-0.658459	-0.715407	-1.690146	-0.722953	-2.840519	-0.658354	-0.311069	-1.400315	-1.257648	-0.054202
-1.805656	-1.500597	-0.655825	-0.712546	-1.683385	-0.720061	-2.829157	-0.655721	 0.065797	-1.394714	-1.252615	-0.053457
-1.798432	-1.494594	-0.653202	-0.709696	-1.676652	-0.717181	-2.817840	-0.653098	 0.254230	-1.389135	-1.247604	-0.053085
-1.791238	-1.488615	-0.650589	-0.706857	-1.169945	-0.714312	-2.306569	-0.150485	 0.348447	-1.383578	-1.242613	-0.052899
-1.784073	-1.482660	-0.647987	-0.704029	-0.915265	-0.711455	-2.047343	 0.100821	 0.395555	-1.378044	-1.237643	-0.052806
-1.776937	-1.476730	-0.645395	-0.701213	-0.786604	-0.708609	-1.914153	 0.226474	 0.419109	-1.372532	-1.232692	-0.052759
-1.769829	-0.970823	-0.142813	-0.698408	-0.220958	-0.205774	-1.343997	 0.289301	 0.430886	-0.367042	-0.727761	-0.052736
-1.762750	-0.717869	 0.108477	-0.695615	 0.061865	 0.045643	-1.057371	 0.320714	 0.436775	 0.134426	-0.475296	-0.052725
-0.755699	 1.408607	 1.234123	 0.307168	 4.203277	 1.171351	 3.587484	 1.336420	 0.939719	 7.383889	 1.150937	 0.447281
-0.252173	 2.464776	 1.792226	 0.805939	 6.257293	 1.729612	 5.893446	 1.839570	 1.188306	 10.979353	 1.958499	 0.695390
 0.999590	 7.485818	 2.066577	 1.552715	 8.767679	 2.004166	 8.030029	 2.086459	 0.809725	 15.247936	 2.856748	 0.317557
 1.620968	 9.971325	 2.199070	 1.921504	 10.000316	 2.136886	 9.077987	 2.205236	 0.620435	 17.343194	 3.298362	 0.128640
 3.427173	 15.189165	 1.760654	 1.601318	 13.594168	 2.198706	 11.081714	 1.759977	 0.525790	 31.351946	 9.511690	 3.034182
 4.319809	 17.757271	 1.538801	 1.438663	 15.356718	 2.225096	 12.057407	 1.534718	 0.478468	 38.339571	 12.586903	 4.475074
 11.255701	 30.500674	 3.925241	 4.354783	 26.203755	 4.733787	 20.019187	 4.419470	 1.954806	 45.316699	 16.093186	 4.683687
 14.687265	 36.844520	 5.105838	 5.798302	 31.553171	 5.973648	 23.944115	 5.847237	 2.686113	 48.777408	 17.807128	 4.778210
 16.366809	 39.988699	 5.683563	 6.505577	 34.154075	 6.579152	 25.850841	 6.546571	 3.044932	 50.480018	 18.625057	 4.815725
 18.170488	 45.033156	 5.959903	 6.844789	 37.381016	 6.867534	 27.748689	 6.881746	 3.217534	 53.803691	 19.495136	 4.324777
 19.032379	 47.526262	 6.085601	 7.000027	 38.913271	 6.997413	 28.638319	 7.034900	 3.297055	 55.436405	 19.889445	 4.071635
 19.923536	 51.243810	 6.636027	 7.563336	 41.598508	 7.048098	 30.024079	 7.097100	 3.330062	 57.723756	 21.046032	 3.937427
 20.327486	 53.077880	 6.896867	 7.828737	 42.916423	 7.059243	 30.654139	 7.113882	 3.339839	 58.842729	 21.579920	 3.862716
 20.987997	 55.470311	 7.012972	 7.945249	 44.550776	 7.050675	 31.406601	 7.108012	 3.338029	 60.377611	 21.802636	 3.817785
 21.274956	 56.641576	 7.056766	 7.987382	 45.343002	 7.032307	 31.718513	 7.090872	 3.330451	 61.120101	 21.869944	 3.787774
 21.375312	 57.202358	 6.564462	 7.992389	 45.714264	 7.509095	 31.810409	 7.068155	 2.820016	 60.966496	 21.859723	 3.765253
 21.382538	 57.458219	 6.306166	 7.978898	 45.875366	 7.731517	 31.792552	 7.042706	 2.560180	 60.865164	 21.810914	 3.746507
 21.343372	 57.561719	 6.164922	 7.956221	 45.931486	 7.826820	 31.720074	 7.015946	 2.425661	 60.790067	 21.742985	 3.729678
 21.281180	 57.589136	 6.082253	 7.929016	 45.935213	 7.858627	 31.120540	 6.988588	 2.853819	 60.728186	 21.665670	 3.713838
 21.207647	 57.578609	 6.028919	 7.899610	 45.912841	 7.858750	 30.759731	 6.960987	 3.061334	 60.673009	 21.583836	 3.698522
 21.128611	 57.549206	 6.490301	 7.869166	 45.377516	 7.843094	 30.518529	 6.433319	 2.658554	 60.121282	 21.499915	 3.683498
 21.046995	 57.510685	 6.707088	 7.838267	 45.086033	 7.819611	 30.337373	 6.157674	 2.452653	 59.821598	 21.415123	 3.668649
 20.964256	 56.967699	 6.801634	 7.807203	 44.916567	 7.292277	 30.186483	 6.508088	 2.845208	 59.648031	 21.330066	 3.653916
 20.881123	 56.672354	 6.835115	 7.776118	 44.807981	 7.015080	 30.050966	 6.669577	 3.035011	 59.537396	 21.245047	 3.639272
 20.797961	 56.500925	 6.838118	 7.745086	 44.729932	 7.363006	 29.923377	 6.736660	 3.123462	 59.458321	 21.160218	 3.624700
 20.714950	 56.391326	 6.825937	 7.714142	 44.667023	 7.521547	 29.799991	 6.756594	 3.161264	 59.394900	 21.075653	 3.610194
 20.632181	 56.312738	 6.806220	 7.683303	 44.611781	 7.585458	 29.678945	 6.753008	 3.173767	 59.339401	 20.991388	 3.595750
 20.549697	 56.249751	 6.782788	 7.652579	 44.560466	 7.602114	 29.559306	 6.737716	 3.173646	 59.287958	 20.907441	 3.581365
 20.467521	 56.194659	 6.757553	 7.621973	 44.511210	 7.595205	 29.440607	 6.716625	 3.167238	 59.238638	 20.823821	 3.567039
 20.385662	 56.143609	 6.731471	 7.591488	 44.463078	 7.576573	 29.322614	 6.692689	 3.157713	 59.190474	 20.740530	 3.552770
 20.304125	 56.094674	 6.705019	 7.561123	 44.415602	 7.552142	 29.205208	 6.667383	 3.146654	 59.142982	 20.657570	 3.538559
 20.222912	 55.546890	 6.678436	 7.530879	 44.368547	 7.524871	 29.088329	 6.641446	 3.134853	 59.095919	 20.574941	 3.524405
 20.142021	 55.249775	 6.651841	 7.500756	 44.321797	 7.496240	 28.971947	 6.615246	 3.122707	 59.049165	 20.492642	 3.510307
 20.061454	 55.578087	 6.625293	 7.470753	 44.275291	 7.466989	 28.856045	 6.588969	 3.110412	 58.502657	 19.910672	 3.496266
 19.981209	 55.719427	 6.598821	 7.440870	 44.229223	 7.437489	 28.740614	 6.562704	 3.098069	 58.206588	 19.581029	 3.482281
 19.901284	 55.767373	 6.572441	 7.411106	 44.183465	 7.407922	 28.625648	 6.536499	 3.085726	 58.035829	 19.377705	 3.468351
 19.821679	 55.768713	 6.546159	 7.381462	 44.137952	 7.378382	 28.511143	 6.510376	 3.073407	 57.927816	 19.737695	 3.454478
 19.742392	 55.746617	 6.519978	 7.351936	 44.092431	 7.348915	 28.397098	 6.484346	 3.061126	 57.851045	 19.877494	 3.440660
 19.663423	 55.712896	 6.493900	 7.322528	 44.046996	 7.319542	 28.283509	 6.458414	 3.048888	 57.789985	 19.907359	 3.426897
 19.584769	 55.673452	 6.467925	 7.293238	 44.001695	 7.290275	 28.170375	 6.432584	 3.036695	 57.736872	 19.882417	 3.413190
 19.506430	 55.631237	 6.442054	 7.264065	 43.956552	 7.261120	 28.057693	 6.406855	 3.024550	 57.687822	 19.330231	 3.399537
 19.428404	 55.587948	 6.416286	 7.235009	 43.911799	 7.232078	 27.945462	 6.381228	 3.012452	 57.641116	 19.016582	 3.385939
 19.350691	 55.044212	 6.390621	 7.206069	 43.867331	 7.203151	 27.833680	 6.355703	 3.000403	 57.595671	 18.822352	 3.372395
 19.273288	 54.750340	 6.365058	 7.177245	 43.823093	 7.174340	 27.722345	 6.330281	 2.988402	 57.550945	 18.687980	 3.358906
 19.196195	 54.581489	 6.339598	 7.148536	 43.779059	 7.145643	 27.611456	 6.304960	 2.976448	 57.506667	 18.583687	 3.345470
 18.619410	 54.475235	 6.314240	 7.119942	 43.735213	 7.117060	 27.501010	 6.279740	 2.964542	 57.462699	 18.494582	 3.332088
 18.294932	 54.400589	 6.288983	 7.091462	 43.691772	 7.088592	 27.391006	 6.254621	 2.952684	 57.419197	 18.413218	 3.318760
 18.596753	 54.341834	 6.263827	 7.063096	 43.648619	 7.060238	 27.281442	 6.229603	 2.940873	 57.376013	 18.335873	 3.305485
 18.709866	 54.290888	 6.238771	 7.034844	 43.605474	 7.031997	 27.172316	 6.204684	 2.929110	 57.332853	 18.260683	 3.292263
 18.728776	 54.243932	 6.213816	 6.506704	 43.562418	 7.003869	 27.063627	 6.179865	 2.917393	 57.289790	 18.186717	 3.279094
 18.700736	 54.199279	 6.188961	 6.230677	 43.519716	 6.975853	 26.955373	 6.155146	 2.905724	 57.247084	 18.113509	 3.265977
 17.649371	 52.155863	 5.664205	 6.080755	 42.477275	 6.947950	 25.347551	 5.630525	 2.894101	 54.204641	 17.540824	 3.752913
 17.090492	 51.114705	 5.391548	 5.993932	 41.936605	 6.920158	 24.496161	 5.358003	 2.882525	 52.663970	 17.220545	 3.987902
 16.777989	 50.574754	 5.244982	 5.938706	 41.646898	 6.892477	 24.023176	 5.211571	 2.870995	 51.874262	 17.026605	 4.096950
 15.588807	 47.785484	 4.661502	 5.399326	 31.982749	 3.864908	 16.739584	 2.128225	 0.359511	 37.960114	 8.895970	 0.643062
 14.965417	 46.377242	 4.361606	 5.119916	 27.106038	 2.349448	 13.078875	 0.588462	-0.891928	 30.954947	 4.829122	-1.078260
 8.625037	 32.159567	 1.703535	 2.470530	 19.623224	 1.590050	 8.729685	 0.320483	-1.013360	 22.904465	 2.294173	-0.933322
 5.450278	 25.014846	 0.376408	 1.145837	 15.857536	 1.208690	 6.546329	 0.186494	-1.071806	 18.849516	 1.026699	-0.859276
 3.358348	 18.406745	 0.714746	 0.483491	 11.950508	 1.016355	 4.445924	 0.119499	-0.598769	 13.292452	-0.607039	-0.820683
 2.309850	 15.079097	 0.881809	 0.152318	 9.980907	 0.918540	 3.391031	 0.086002	-0.362251	 10.498449	-1.419426	-0.799822
-0.216922	 7.391770	-0.036757	-1.013269	 3.980084	-0.132009	-1.641087	-0.930747	-0.743991	 3.586039	-3.321155	-1.287833
-1.474820	 3.548107	-0.494130	-1.591704	 0.983714	-0.654919	-4.143800	-1.435226	-0.932610	 0.136486	-4.261575	-1.528288
-2.098304	 1.626275	-0.720913	-1.876582	-0.510445	-0.914018	-5.381864	-1.683587	-1.024677	-1.581664	-4.721380	-1.644977
-3.404603	-1.334641	-1.332409	-2.014698	-2.253516	-1.541221	-6.987656	-1.803903	-1.068477	-2.934139	-5.440921	-1.699799
-4.048330	-2.806507	-1.634269	-2.079450	-3.117058	-1.850486	-7.773365	-1.860213	-1.088153	-3.601803	-5.788370	-1.723700
-4.360810	-3.533884	-1.781327	-2.107538	-4.040868	-2.000799	-8.149101	-1.884534	-1.595775	-3.927097	-5.949823	-1.732156
-4.507703	-3.889050	-1.850999	-2.117310	-4.492844	-2.071653	-8.319920	-1.892877	-1.845379	-4.081239	-6.018327	-1.732902
-5.071840	-4.558144	-1.381994	-2.117943	-5.208942	-2.102795	-8.388347	-1.893247	-1.465991	-4.149839	-6.040405	-1.729808
-5.342637	-4.882237	-1.145666	-2.114022	-5.555141	-2.114098	-8.405648	-1.889644	-1.274124	-4.175702	-6.039319	-1.724808
-5.466808	-4.533871	-1.525683	-2.107841	-5.216438	-2.115499	-8.397452	-1.884071	-1.176026	-4.180230	-6.026700	-1.718868
-5.517712	-4.351317	-1.711880	-2.100547	-5.037330	-2.111966	-8.376576	-1.877527	-1.124821	-4.174125	-6.008362	-1.712472
-5.532027	-4.251702	-1.801182	-2.092714	-4.938061	-2.105982	-8.349426	-1.870513	-1.097071	-4.162737	-5.987213	-1.705862
-5.528092	-4.193591	-1.842052	-2.084627	-5.378748	-2.098790	-8.319207	-1.863279	-1.581058	-4.648739	-5.964707	-1.699159
-5.515076	-4.156264	-1.858722	-2.076431	-5.587453	-2.091011	-8.287519	-1.855950	-1.818921	-4.881471	-5.941569	-1.692422
-5.497563	-4.129363	-1.863305	-2.068196	-5.680213	-2.082955	-8.255164	-1.848588	-1.933739	-4.987609	-5.918163	-1.685682
-5.477847	-4.107707	-1.861862	-2.059959	-5.715047	-2.074778	-8.222540	-1.841225	-1.987051	-5.030490	-5.894671	-1.678954
-4.957073	-4.088707	-1.857419	-2.051737	-5.720964	-2.066555	-8.689849	-1.833876	-2.009626	-4.541784	-5.871182	-1.672246
-4.687813	-4.071068	-1.851492	-2.043539	-5.712469	-2.058328	-8.905189	-1.826548	-2.016849	-4.289325	-5.847743	-1.665561
-5.044346	-4.054141	-1.844837	-2.035369	-5.696814	-2.050114	-8.494618	-1.819246	-1.516413	-4.655022	-5.824374	-1.658901
-5.211811	-4.037604	-1.837833	-2.027230	-5.677624	-2.041923	-8.273164	-1.811971	-1.264162	-4.827829	-5.801088	-1.652266
-5.284785	-4.021293	-1.830669	-2.019122	-5.656712	-2.033760	-8.146334	-1.804724	-1.136014	-4.904231	-5.777889	-1.645657
-5.310556	-4.005127	-1.823441	-2.011046	-5.634984	-2.025627	-8.066880	-1.797505	-1.069923	-4.932471	-5.754780	-1.639075
-5.312769	-3.989067	-1.816194	-2.003002	-5.612894	-2.017526	-8.011178	-1.790315	-1.034871	-4.936669	-5.731763	-1.632519
-5.303246	-3.973090	-1.808953	-1.994991	-5.590667	-2.009457	-7.967416	-1.783154	-1.015345	-4.428887	-5.708836	-1.625989
-5.287897	-3.957188	-1.801728	-1.987011	-5.568417	-2.001419	-7.929688	-1.776022	-1.003590	-4.167153	-5.686001	-1.619485
-5.269677	-3.941354	-1.794527	-1.979063	-5.546199	-1.993414	-7.895039	-1.768918	-1.495729	-4.528476	-5.663258	-1.613007
-5.250064	-3.925586	-1.787352	-1.971146	-5.524043	-1.985440	-7.861995	-1.761842	-1.737823	-4.699357	-5.640605	-1.606555
-5.229797	-3.909883	-1.780204	-1.963262	-5.501961	-1.977498	-7.829814	-1.754795	-1.854910	-4.775058	-5.618042	-1.600129
-5.209244	-3.894242	-1.773084	-1.955409	-5.479960	-1.969588	-7.798129	-1.747775	-1.909509	-4.803206	-5.595570	-1.593728
-5.188590	-3.878665	-1.765992	-1.947587	-5.458043	-1.961710	-7.766753	-1.740784	-1.932881	-4.807618	-5.573188	-1.587353
-5.167928	-3.863150	-1.758928	-1.939797	-4.936213	-1.953863	-7.735595	-1.733821	-1.440654	-4.800200	-5.550895	-1.581004
-5.147302	-3.847698	-1.751893	-1.932038	-4.666469	-1.946048	-7.704607	-1.726886	-1.192644	-4.786905	-5.528692	-1.574680
-5.126735	-3.832307	-1.744885	-1.924310	-5.022804	-1.938263	-7.673765	-1.719978	-1.066749	-4.270710	-5.506577	-1.568381
-5.106240	-3.816978	-1.737906	-1.916612	-5.190213	-1.930510	-7.643059	-1.713098	-1.001921	-4.005104	-5.484550	-1.562107
-5.085821	-3.801710	-1.730954	-1.908946	-4.763202	-1.922788	-7.612481	-1.706246	-0.967632	-3.864822	-5.462612	-1.555859
-5.065480	-3.786503	-1.724030	-1.901310	-4.541024	-1.915097	-7.582028	-1.699421	-0.948621	-3.787232	-5.440762	-1.549636
-5.045220	-3.771357	-1.717134	-1.893705	-4.921298	-1.907437	-7.551699	-1.692623	-0.937256	-4.241017	-5.418999	-1.543437
-5.025040	-3.756271	-1.710266	-1.886130	-5.100831	-1.899807	-7.521491	-1.685853	-0.929722	-4.458521	-5.397323	-1.537263
-5.004940	-3.741246	-1.703425	-1.878585	-5.180037	-1.892208	-7.491405	-1.679110	-0.924111	-4.557920	-5.375733	-1.531114
-4.984920	-3.726281	-1.696611	-1.871071	-5.209122	-1.884639	-7.461439	-1.672393	-0.919468	-4.598305	-5.354231	-1.524990
-4.964981	-3.711376	-1.689825	-1.863587	-5.213188	-1.877100	-7.431593	-1.665704	-0.915317	-4.609220	-5.332814	-1.518890
-4.945121	-3.696531	-1.683065	-1.856132	-5.204786	-1.869592	-7.401867	-1.659041	-1.411419	-4.605438	-5.311482	-1.512814
-4.925340	-3.681745	-1.676333	-1.848708	-5.190192	-1.862114	-7.372259	-1.652405	-1.655655	-4.594343	-5.290236	-1.506763
-4.905639	-3.667018	-1.669628	-1.841313	-5.172544	-1.854665	-7.342770	-1.645795	-1.273973	-4.579629	-5.269076	-1.500736
-4.886016	-3.652350	-1.662949	-1.833948	-5.153411	-1.847247	-7.313399	-1.639212	-1.081348	-4.563143	-5.247999	-1.494733
-4.866472	-3.637740	-1.656297	-1.826612	-5.133575	-1.839858	-7.284145	-1.632655	-0.983258	-4.045806	-5.227007	-1.488754
-4.847006	-3.623189	-1.649672	-1.819306	-5.113430	-1.832498	-7.255009	-1.626124	-0.932442	-3.780081	-5.206099	-1.482799
-4.827618	-3.608696	-1.643073	-1.812028	-5.093171	-1.825168	-7.225989	-1.619620	-0.905271	-3.640189	-5.185275	-1.476868
-4.808308	-3.594262	-1.636501	-1.804780	-5.072895	-1.817867	-7.197085	-1.613141	-0.889930	-3.563243	-5.164534	-1.470960
-4.789075	-3.579885	-1.629955	-1.797561	-5.052653	-1.810596	-7.168297	-1.606689	-0.880510	-3.517797	-5.143876	-1.465077
-4.769918	-3.565565	-1.623435	-1.790371	-4.532466	-1.803354	-7.139623	-1.600262	-0.874057	-3.988130	-5.123300	-1.459216
-4.750839	-3.551303	-1.616942	-1.783209	-4.264349	-1.796140	-7.111065	-1.593861	-0.869096	-4.214379	-5.102807	-1.453379
-4.731835	-3.537098	-1.610474	-1.776077	-4.122297	-1.788956	-7.082621	-1.587485	-0.864887	-3.818622	-5.082396	-1.447566
-4.712908	-3.522949	-1.604032	-1.768972	-4.043311	-1.781800	-7.054290	-1.581136	-0.861061	-3.613898	-5.062066	-1.441776
-4.694056	-3.508857	-1.597616	-1.761896	-3.995889	-1.774673	-7.026073	-1.574811	-0.857434	-3.504718	-5.041818	-1.436009
-4.675280	-3.494822	-1.591225	-1.754849	-3.964282	-1.767574	-6.997969	-1.568512	-0.853913	-3.443337	-5.021650	-1.430264
-4.656579	-3.480843	-1.584860	-1.747829	-3.940612	-1.760504	-6.969977	-1.562238	-0.850451	-3.405882	-5.001564	-0.924543
-4.637953	-3.466919	-1.578521	-1.740838	-3.920944	-1.753462	-6.942097	-1.555989	-0.847027	-3.380418	-4.981558	-0.671683
-4.619401	-3.453052	-1.572207	-1.733875	-3.903307	-1.746448	-6.914328	-1.549765	-0.843627	-3.360976	-4.961631	-0.545253
-4.600923	-3.439239	-1.565918	-1.726939	-4.386717	-1.739462	-6.886671	-1.543566	-0.840247	-3.344572	-4.941785	-0.982038
-4.582520	-3.425482	-1.559654	-1.720032	-4.618682	-1.732504	-6.859124	-1.537391	-0.836883	-3.329714	-4.922018	-1.197592
-4.564190	-3.411781	-1.553416	-1.713151	-4.224963	-1.725574	-6.831688	-1.531242	-0.833534	-3.315655	-4.902330	-1.302543
-4.545933	-3.398133	-1.547202	-1.706299	-4.020441	-1.718672	-6.804361	-1.525117	-0.830199	-3.302022	-4.882720	-1.352204
-4.527749	-3.384541	-1.541013	-1.699474	-4.410549	-1.711797	-6.777144	-1.519016	-0.826878	-3.288629	-4.863189	-1.374231
-4.509638	-3.371003	-1.534849	-1.692676	-4.596001	-1.704950	-6.750035	-1.512940	-0.823570	-3.275382	-4.843737	-1.382451
-4.491600	-3.357519	-1.528710	-1.685905	-4.179164	-1.698130	-6.723035	-1.506889	-0.820276	-3.262234	-4.824362	-1.383780
-4.473633	-3.344089	-1.522595	-1.679161	-3.963221	-1.691338	-6.696143	-1.500861	-0.816995	-3.249162	-4.805064	-1.381675
-4.455739	-3.330712	-1.516505	-1.672445	-3.847755	-1.684572	-6.669358	-1.494858	-0.813727	-3.236154	-4.785844	-1.377863
-4.437916	-3.317389	-1.510439	-1.665755	-3.782557	-1.677834	-6.642681	-1.488878	-0.810472	-3.723204	-4.766701	-1.373209
-4.420164	-3.304120	-1.504397	-1.659092	-3.742524	-1.671123	-6.616110	-1.482923	-0.807230	-3.958308	-4.747634	-1.368144
-4.402483	-3.290903	-1.498379	-1.652456	-3.715102	-1.664438	-6.589646	-1.476991	-0.804001	-3.567473	-4.728643	-1.362886
-4.384873	-3.277740	-1.492386	-1.645846	-3.694016	-1.657780	-6.563287	-1.471083	-0.800785	-3.365703	-4.709729	-1.357542
-4.367334	-3.264629	-1.486416	-1.639262	-3.676127	-1.651149	-6.537034	-1.465199	-0.797582	-3.258489	-4.690890	-0.852165
-4.349865	-3.251570	-1.480471	-1.632705	-3.659866	-1.644545	-6.510886	-1.459338	-0.794392	-3.198580	-4.672126	-0.599477
-4.332465	-3.738564	-1.474549	-1.626174	-3.644448	-1.637966	-6.984842	-1.453501	-0.791214	-3.162348	-4.653438	-0.973133
-4.315135	-3.973610	-1.468650	-1.619670	-3.629481	-1.631415	-7.206903	-1.447687	-0.788049	-3.137980	-4.634824	-1.157267
-4.297875	-4.082715	-1.462776	-1.613191	-3.614769	-1.624889	-7.303075	-1.441896	-0.784897	-3.119569	-4.616285	-1.246651
-4.280683	-3.628884	-1.456925	-1.606738	-3.600212	-1.618389	-6.836363	-1.436128	-0.781757	-3.104161	-4.597820	-1.288672
-4.263561	-3.395619	-1.451097	-1.600311	-3.585763	-1.611916	-6.590268	-1.430384	-0.778630	-3.090279	-4.579428	-1.307020
-4.246506	-3.272661	-1.445293	-1.593910	-3.571396	-1.605468	-6.454532	-1.424662	-0.775516	-3.077186	-4.561111	-1.313544
-4.229520	-3.204883	-1.439512	-1.587534	-3.557098	-1.599046	-6.374026	-1.418964	-0.772414	-3.064511	-4.542866	-1.314166
-4.212602	-3.164720	-1.433753	-1.581184	-3.542863	-1.592650	-6.321186	-1.413288	-0.769324	-3.052070	-4.524695	-0.811847
-4.195752	-3.138389	-1.428018	-1.574860	-3.528689	-1.586280	-6.282229	-1.407635	-0.766247	-3.039770	-4.506596	-0.560687
-4.178969	-3.119000	-1.422306	-1.568560	-4.014573	-1.579934	-6.250265	-1.402004	-0.763182	-3.027565	-4.488570	-0.935108
-4.162253	-3.103106	-1.416617	-1.562286	-4.248514	-1.573615	-6.221846	-1.396396	-0.760129	-3.015432	-4.470615	-1.119699
-4.145604	-3.088984	-1.410951	-1.556037	-4.356519	-1.567320	-6.195249	-1.390810	-0.757089	-3.003359	-4.452733	-1.209386
-4.129021	-3.075774	-1.405307	-1.549813	-4.401593	-1.561051	-6.169614	-1.385247	-0.754060	-2.991340	-3.934922	-1.251631
-4.112505	-3.063044	-1.399686	-1.543613	-4.415236	-1.554807	-6.144508	-1.379706	-0.751044	-2.979371	-3.669182	-1.270166
-4.096055	-3.050578	-1.394087	-1.537439	-4.413200	-1.548587	-6.119716	-1.374187	-0.748040	-2.967452	-3.529505	-1.276856
-4.079671	-3.038269	-1.388511	-1.531289	-3.903360	-1.542393	-6.095131	-1.368691	-0.745048	-2.955582	-3.952887	-1.277634
-4.063352	-3.026062	-1.382957	-1.525164	-3.641653	-1.536224	-6.070697	-1.363216	-0.742067	-2.943759	-4.155826	-1.275466
-4.047099	-3.013931	-1.377425	-1.519063	-3.504039	-1.530079	-6.046387	-1.357763	-0.739099	-3.431984	-4.248578	-1.271836
-4.030911	-3.001862	-1.371915	-1.512987	-3.428500	-1.523958	-6.022188	-1.352332	-0.736143	-3.668256	-4.286271	-1.267484
-4.014787	-2.989848	-1.366427	-1.506935	-3.884024	-1.517863	-5.998093	-1.346923	-0.733198	-3.278583	-4.296469	-1.262782
-3.998728	-2.977885	-1.360962	-1.500907	-4.103107	-1.511791	-5.974097	-1.341535	-0.730265	-3.077969	-4.292955	-1.257915
-3.982733	-2.965972	-1.355518	-1.494904	-4.204004	-1.505744	-5.950199	-1.336169	-0.727344	-2.971907	-4.282620	-1.252975
-3.966802	-2.954107	-1.350096	-1.488924	-4.245843	-1.499721	-5.926397	-1.330824	-0.724435	-2.913144	-4.268907	-1.248009
-3.950935	-2.942291	-1.344695	-1.482968	-4.258187	-1.493722	-5.902691	-1.325501	-0.721537	-2.878054	-4.253540	-1.243040
-3.935131	-2.930521	-1.339317	-1.477037	-4.255818	-1.487747	-5.879081	-1.320199	-0.718651	-2.854823	-4.237381	-1.238079
-4.419391	-2.918799	-1.333959	-1.471128	-4.246127	-1.481796	-5.855564	-1.314918	-0.715776	-2.837544	-4.220858	-1.233133
-4.651713	-2.907124	-1.328623	-1.465244	-4.232808	-1.475869	-5.832142	-1.309658	-0.712913	-2.823264	-4.204189	-1.228203
-4.258106	-2.895495	-1.323309	-1.459383	-4.217710	-1.469966	-5.808813	-1.304420	-0.710062	-3.310507	-4.187479	-1.223292
-4.053574	-2.883913	-1.318016	-1.453545	-4.201755	-1.464086	-5.785578	-1.299202	-0.707221	-3.546532	-4.170782	-1.218399
-3.943609	-2.872378	-1.312744	-1.447731	-4.185407	-1.458229	-5.762436	-1.294005	-0.704393	-3.656980	-4.154126	-1.213526
-4.380960	-3.360888	-1.307493	-1.441940	-3.668894	-1.452396	-5.739386	-1.288829	-0.701575	-3.204669	-4.137523	-1.208672
-4.589999	-3.597445	-1.302263	-1.436173	-3.404333	-1.446587	-5.716428	-1.283674	-0.698769	-2.973008	-4.120979	-1.203838
-4.184920	-3.208055	-1.297054	-1.430428	-3.265773	-1.440800	-5.693563	-1.278539	-0.695974	-2.851696	-4.104499	-1.199022
-3.974821	-3.007723	-1.291865	-1.424706	-3.190239	-1.435037	-5.670788	-1.273425	-0.693190	-2.785578	-4.088082	-1.194226
-3.862242	-2.901942	-1.286698	-1.419007	-3.146242	-1.429297	-5.648105	-1.268331	-0.690417	-2.747081	-4.071731	-1.189449
-3.798453	-2.843459	-1.281551	-1.413331	-3.118039	-1.423580	-5.625513	-1.263258	-0.687655	-3.222415	-3.555444	-1.184691
-3.759089	-2.808648	-1.276425	-1.407678	-3.097758	-1.417886	-5.603011	-1.258205	-0.684905	-3.452687	-3.291223	-1.179953
-3.731968	-2.785694	-1.271319	-1.402047	-3.081463	-1.412214	-5.580599	-1.253172	-0.682165	-3.060456	-3.653058	-0.675233
-3.710998	-2.768692	-1.266234	-1.396439	-3.067184	-1.406565	-5.558276	-1.248159	-0.679436	-2.859005	-3.825946	-0.422873
-3.693132	-2.754688	-1.261169	-1.390853	-3.053940	-1.400939	-5.536043	-1.243167	-0.676719	-2.752964	-3.904392	-0.296693
-3.676849	-2.742204	-1.256124	-1.385290	-3.041236	-1.395335	-5.513899	-1.238194	-0.674012	-2.694650	-3.935649	-0.233603
-3.661387	-2.730503	-1.251100	-1.379749	-3.028827	-1.389754	-5.491843	-1.233241	-0.671316	-2.660220	-3.943344	-0.202058
-3.646363	-2.719215	-1.246095	-1.374230	-3.516589	-1.384195	-5.469876	-1.228308	-0.668630	-2.637753	-3.939290	-0.686286
-3.631589	-2.708155	-1.241111	-1.368733	-3.752462	-1.378658	-5.447997	-1.223395	-0.665956	-2.621290	-3.929392	-0.926058
-3.616968	-2.697230	-1.236147	-1.363258	-3.362422	-1.373143	-5.426205	-1.218502	-0.663292	-2.607848	-3.916604	-1.043613
-3.602453	-2.686396	-1.231202	-1.357805	-3.161457	-1.367651	-5.404500	-1.213628	-0.660639	-2.595939	-3.902402	-1.100068
-3.588020	-2.675627	-1.226277	-1.352374	-3.055053	-1.362180	-5.382882	-1.208773	-0.657996	-2.584816	-3.387525	-0.625982
-3.573656	-2.664913	-1.221372	-1.346964	-2.995954	-1.356732	-5.361350	-1.203938	-0.655364	-2.574107	-3.124341	-0.388940
-3.559355	-2.654248	-1.216487	-1.341576	-2.960531	-1.351305	-5.339905	-1.199122	-0.652743	-2.563626	-2.987027	-0.270418
-3.545115	-2.643628	-1.211621	-1.336210	-3.436969	-1.345899	-5.318545	-1.194326	-0.650132	-2.553279	-3.412671	-0.711158
-3.530933	-2.633052	-1.206774	-1.330865	-3.667362	-1.340516	-5.297271	-1.189548	-0.647531	-2.543019	-3.617816	-0.929223
-3.516809	-2.622519	-1.201947	-1.325542	-3.274762	-1.335154	-5.276082	-1.184790	-0.644941	-2.532824	-3.712742	-1.035962
-3.502741	-2.612029	-1.197139	-1.320240	-3.072698	-1.329813	-5.254978	-1.180051	-0.642362	-2.522681	-3.752590	-1.087046
-3.988730	-2.601580	-1.192351	-1.314959	-2.965925	-1.324494	-5.233958	-1.175331	-0.639792	-2.512585	-3.764929	-0.610311
-4.222775	-2.591174	-1.187581	-1.309699	-2.906820	-1.319196	-5.213022	-1.170630	-0.637233	-2.502532	-3.763544	-0.371944
-3.830884	-2.580809	-1.182831	-1.304460	-3.371572	-1.313919	-5.192170	-1.165947	-0.634684	-2.492520	-3.755328	-0.252760
-3.628060	-2.570486	-1.178100	-1.299242	-3.596275	-1.308663	-5.171401	-1.161283	-0.632145	-2.482549	-3.743725	-0.193169
-3.519798	-2.560204	-1.173387	-1.294045	-3.200985	-1.303429	-5.150715	-1.156638	-0.629617	-2.472619	-3.730459	-0.163373
-3.458844	-2.549963	-1.168694	-1.288869	-2.997729	-1.298215	-5.130113	-1.152012	-0.627098	-2.462728	-3.716392	-0.148475
-3.421571	-2.539763	-1.164019	-1.283713	-2.890511	-1.293022	-5.109592	-1.147404	-0.624590	-2.452877	-3.701954	-0.141026
-3.396166	-2.529604	-1.159363	-1.278579	-2.831336	-1.287850	-5.089154	-1.142814	-0.622091	-2.443066	-3.687360	-0.137301
-3.376722	-2.519486	-1.154725	-1.273464	-2.796204	-1.282699	-5.068797	-1.138243	-0.619603	-2.433293	-3.672717	-0.135439
-3.360285	-2.509408	-1.150107	-1.268370	-2.773116	-1.277568	-5.048522	-1.133690	-0.617125	-2.423560	-3.658080	-0.634508
-3.345379	-2.499370	-1.145506	-1.263297	-2.756072	-1.272458	-5.028328	-1.129155	-0.614656	-2.413866	-3.643474	-0.881775
-3.331265	-2.489373	-1.140924	-1.258244	-2.742072	-1.267368	-5.008215	-1.124638	-0.612198	-2.404210	-3.628914	-0.503151
-3.317574	-2.479415	-1.136360	-1.253211	-2.729616	-1.262298	-4.988182	-1.120140	-0.609749	-2.394594	-3.614405	-0.313839
-3.804121	-2.969498	-1.131815	-1.248198	-2.717953	-1.257249	-4.968229	-1.115659	-0.607310	-2.385015	-3.599950	-0.219183
-4.038813	-3.207620	-1.127288	-1.243205	-2.706710	-1.252220	-4.948356	-1.111197	-0.604881	-2.375475	-3.585552	-0.171854
-4.147611	-3.319789	-1.122779	-1.238232	-2.695697	-1.247211	-4.928563	-1.106752	-0.602461	-2.365973	-3.571211	-0.148190
-3.693498	-2.869010	-1.118287	-1.233279	-2.684821	-1.242222	-4.908848	-1.102325	-0.600051	-2.356509	-3.056926	-0.136358
-3.459963	-2.638784	-1.113814	-1.228346	-2.674035	-1.237254	-4.889213	-1.097915	-0.597651	-2.347083	-2.794699	-0.130442
-3.836742	-2.518854	-1.109359	-1.223433	-2.663316	-1.232305	-4.869656	-1.093524	-0.095260	-2.837695	-3.158520	-0.127484
-4.016705	-2.454091	-1.104922	-1.218539	-2.652651	-1.227375	-4.850178	-1.089150	 0.155935	-3.076344	-3.333386	-0.126005
-3.598293	-2.416931	-1.100502	-1.213665	-3.142035	-1.222466	-4.830777	-1.084793	-0.218467	-2.689039	-3.413803	-0.125266
-3.382727	-2.393591	-1.096100	-1.208810	-3.379464	-1.217576	-4.811454	-1.080454	-0.404483	-2.490783	-3.447023	-0.124896
-3.268610	-2.377181	-1.091716	-1.203975	-2.990944	-1.212706	-4.792208	-1.076132	-0.496310	-2.387069	-2.956672	-0.624711
-3.205242	-2.364254	-1.087349	-1.199159	-2.791480	-1.207855	-4.773039	-1.071828	-0.541047	-2.330646	-2.706564	-0.872370
-3.167275	-2.353088	-1.082999	-1.194363	-2.686563	-1.203023	-4.753947	-1.067540	-0.562244	-2.297886	-2.576597	-0.993959
-3.142032	-2.342821	-1.078667	-1.189585	-2.628942	-1.198211	-4.734931	-1.063270	-0.571675	-2.276976	-3.006720	-0.552522
-3.123178	-2.333023	-1.074353	-1.184827	-2.594989	-1.193418	-4.715991	-1.059017	-0.575229	-2.262009	-3.214908	-0.331804
-3.607542	-2.323477	-1.070055	-1.180087	-2.572890	-1.188645	-4.697127	-1.054781	-0.575848	-2.250031	-3.312156	-0.221445
-3.841540	-2.314076	-1.065775	-1.175367	-2.556739	-1.183890	-4.678339	-1.050562	-0.575005	-2.239566	-3.353961	-0.166266
-3.950388	-2.304767	-1.061512	-1.170666	-2.543582	-1.179155	-4.659626	-1.046360	-0.573435	-2.229875	-3.368072	-0.138676
-3.996693	-2.295521	-1.057266	-1.165983	-2.531943	-1.174438	-4.640987	-1.042174	-0.571506	-2.220589	-3.368363	-0.124881
-4.011760	-2.286326	-1.053037	-1.161319	-2.521083	-1.169740	-4.622423	-1.038005	-0.569403	-2.211524	-3.361772	-0.117983
-4.011240	-2.277174	-1.048825	-1.156674	-2.510632	-1.165061	-4.603933	-1.033853	-0.567216	-2.202586	-3.351765	-0.114535
-4.002958	-2.268062	-1.044629	-1.152047	-2.500407	-1.160401	-4.585518	-1.029718	-0.564993	-2.193730	-3.340079	-0.112810
-3.990828	-2.258988	-1.040451	-1.147439	-2.490314	-1.155759	-4.567176	-1.025599	-0.562756	-2.184932	-3.327579	-0.611948
-3.976806	-2.249951	-1.036289	-1.142849	-2.480306	-1.151136	-4.548907	-1.021497	-0.560516	-2.176181	-3.314699	-0.859295
-3.461869	-2.240951	-1.032144	-1.138278	-2.470362	-1.146532	-4.530711	-1.017411	-0.558280	-2.167471	-3.301655	-0.480755
-3.198507	-2.231987	-1.028015	-1.133725	-2.460469	-1.141946	-4.512588	-1.013341	-0.556050	-2.158798	-3.288556	-0.291485
-3.560955	-2.223059	-1.023903	-1.129190	-2.450622	-1.137378	-4.494538	-1.009288	-0.553827	-2.150161	-3.275455	-0.696850
-3.734333	-2.214166	-1.019808	-1.124673	-2.440817	-1.132828	-4.476560	-1.005251	-0.551612	-2.141560	-3.262380	-0.897328
-3.313206	-2.205310	-1.015728	-1.120174	-2.431052	-1.128297	-4.458654	-1.001230	-0.049406	-2.132993	-3.249344	-0.495372
-3.096858	-2.196488	-1.011665	-1.115694	-2.421327	-1.123784	-4.440819	-0.997225	 0.201697	-2.124461	-3.236354	-0.294393
-2.982924	-2.187702	-1.007619	-1.111231	-2.411641	-1.119289	-4.423056	-0.993236	 0.327248	-2.115963	-3.223411	-0.193904
-3.420218	-2.178952	-1.003588	-1.106786	-2.901995	-1.114812	-4.405364	-0.989263	-0.109976	-2.107499	-3.210520	-0.143660
-3.631151	-2.170236	-0.999574	-1.102359	-3.140386	-1.110352	-4.387742	-0.985306	-0.327493	-2.099069	-3.197678	-0.118537
-3.228933	-2.161555	-0.995576	-1.097949	-2.752825	-1.105911	-4.370191	-0.981365	-0.435162	-2.090673	-3.184888	-0.105976
-3.022170	-2.152909	-0.991593	-1.093558	-2.554314	-1.101487	-4.352710	-0.977439	-0.487911	-2.082310	-3.172149	-0.099696
-2.913158	-2.144297	-0.987627	-1.089183	-2.450346	-1.097081	-4.335300	-0.973529	-0.513204	-2.073981	-3.159460	-0.096555
-2.853044	-2.135720	-0.983676	-1.084827	-2.393670	-1.092693	-4.317958	-0.969635	-0.524774	-2.065685	-3.146822	-0.094985
-2.817401	-2.127177	-0.979742	-1.080487	-2.360658	-1.088322	-4.300687	-0.965757	-0.529486	-2.057423	-3.134235	-0.594200
-2.794016	-2.118668	-0.975823	-1.076165	-2.339496	-1.083969	-4.283484	-0.961894	-0.530773	-2.049193	-3.121698	-0.841621
-2.776782	-2.110193	-0.971920	-1.071861	-2.324279	-1.079633	-4.266350	-0.958046	-0.530353	-2.040996	-3.109211	-0.963153
-3.262646	-2.101753	-0.968032	-1.067573	-2.312052	-1.075315	-4.249284	-0.954214	-0.529083	-2.032832	-3.096775	-0.521750
-3.498081	-2.093346	-0.964160	-1.063303	-2.301339	-1.071013	-4.232287	-0.950397	-0.527392	-2.024701	-3.084387	-0.301048
-3.608331	-2.084972	-0.960303	-1.059050	-2.291401	-1.066729	-4.215358	-0.946595	-0.525496	-2.016602	-3.072050	-0.690697
-3.656019	-2.076632	-0.956462	-1.054814	-2.281869	-1.062462	-4.198497	-0.942809	-0.523500	-2.008536	-3.059762	-0.883361
-3.672456	-2.068326	-0.952636	-1.050594	-2.272559	-1.058213	-4.181703	-0.939038	-0.521459	-2.000501	-3.047523	-0.477541
-3.673297	-2.060053	-0.948825	-1.046392	-2.263377	-1.053980	-4.164976	-0.935282	-0.519400	-1.992499	-3.035333	-0.274631
-3.166369	-2.051812	-0.945030	-1.042206	-2.754278	-1.049764	-4.148316	-0.931541	-0.017336	-1.984529	-3.023191	-0.673176
-2.907586	-2.043605	-0.941250	-1.038037	-2.993238	-1.045565	-4.131723	-0.927814	 0.233696	-1.976591	-3.011098	-0.870305
-2.772897	-2.035431	-0.937485	-1.033885	-3.106253	-1.041382	-4.115196	-0.924103	 0.359212	-1.968685	-2.999054	-0.966735
-2.700276	-2.027289	-0.933735	-1.029750	-2.656323	-1.037217	-4.598735	-0.920407	-0.078030	-1.960810	-2.487058	-0.512823
-2.658710	-2.019180	-0.930000	-1.025631	-2.426945	-1.033068	-4.830340	-0.916725	-0.295620	-1.952967	-2.227110	-0.285867
-2.632693	-2.011103	-0.926280	-1.021528	-2.307860	-1.028936	-4.436019	-0.913058	 0.096611	-1.945155	-2.593201	-0.172390
-2.614471	-2.003059	-0.922575	-1.017442	-2.243941	-1.024820	-4.230775	-0.909406	 0.292727	-1.937374	-2.770328	-0.115651
-2.600167	-1.995046	-0.918885	-1.013372	-2.707621	-1.020721	-4.120102	-0.905768	 0.390785	-1.929625	-2.852997	-0.087281
-2.587844	-1.987066	-0.915209	-1.009319	-2.933118	-1.016638	-4.056746	-0.902145	 0.439813	-1.921906	-2.888460	-0.073096
-3.076531	-1.979118	-0.911548	-1.005282	-2.539550	-1.012571	-4.017082	-0.898537	 0.464328	-1.914219	-2.900344	-0.066004
-3.313744	-1.971202	-0.907902	-1.001261	-2.338474	-1.008521	-3.989295	-0.894943	 0.476585	-1.906562	-2.900461	-0.062458
-3.425249	-1.963317	-0.904271	-0.997255	-2.233661	-1.004487	-3.967478	-0.891363	 0.482714	-1.898936	-2.894719	-0.060685
-2.973928	-1.955463	-0.900653	-0.993266	-2.176997	-1.000469	-3.948678	-0.887797	-0.014222	-1.891340	-2.886069	-0.559798
-2.743222	-1.947642	-0.897051	-0.989293	-2.144424	-0.996467	-3.931419	-0.884246	-0.261667	-1.883775	-2.875990	-0.807237
-2.622844	-1.939851	-0.893463	-0.985336	-2.123914	-0.992481	-3.914961	-0.880709	-0.384372	-1.876240	-2.865218	-0.928847
-2.557650	-1.932092	-0.889889	-0.981395	-2.109452	-0.988511	-3.898935	-0.877186	-0.444710	-1.868735	-2.854124	-0.987551
-3.020068	-1.924363	-0.886329	-0.977469	-2.098031	-0.984557	-3.883156	-0.873678	 0.026131	-1.861260	-2.842890	-0.514811
-3.244312	-1.916666	-0.882784	-0.973559	-2.088147	-0.980619	-3.867532	-0.870183	 0.261551	-1.853815	-2.831610	-0.278441
-3.349497	-1.908999	-0.879253	-0.969665	-2.079049	-0.976697	-3.852016	-0.866702	 0.379262	-1.846399	-2.320330	-0.660256
-3.395180	-1.901363	-0.875736	-0.965786	-2.070360	-0.972790	-3.836585	-0.863235	 0.438117	-1.839014	-2.061071	-0.849079
-3.411140	-1.893758	-0.872233	-0.961923	-2.061892	-0.968899	-3.821227	-0.859782	 0.467544	-1.831658	-1.927838	-0.941415
-2.912266	-1.886183	-0.868744	-0.958076	-2.053551	-0.965023	-3.805936	-0.856343	 0.482258	-1.824331	-2.357633	-0.485515
-2.658002	-1.878638	-0.865269	-0.954243	-2.045290	-0.961163	-3.790710	-0.852918	-0.010385	-1.817034	-2.566955	-0.257565
-2.526063	-1.871123	-0.861808	-0.950426	-2.037086	-0.957318	-3.775546	-0.849506	-0.255700	-1.809766	-2.666064	-0.143590
-2.955305	-1.863639	-0.858361	-0.946625	-2.528926	-0.953489	-3.760443	-0.846108	-0.377356	-1.802527	-2.710088	-0.086603
-3.163157	-1.856184	-0.854927	-0.942838	-2.768804	-0.949675	-3.745401	-0.842724	-0.438184	-1.795316	-2.726592	-0.058109
-2.760341	-1.848760	-0.851507	-0.939067	-2.382726	-0.945876	-3.730419	-0.839353	-0.468598	-1.788135	-2.229357	-0.043862
-2.554217	-1.841365	-0.848101	-0.935311	-2.185694	-0.942093	-3.715497	-0.835995	-0.483805	-1.780983	-1.977276	-0.036739
-2.446460	-1.833999	-0.844709	-0.931569	-2.083200	-0.938324	-3.700635	-0.832651	-0.491408	-1.773859	-1.847785	-0.033177
-2.387903	-1.826663	-0.841330	-0.927843	-2.027992	-0.934571	-3.685832	-0.829321	-0.495210	-1.766763	-1.779603	-0.031396
-2.353967	-1.819356	-0.837965	-0.924132	-1.996443	-0.930833	-3.671089	-0.826004	-0.497111	-1.759696	-1.742089	-0.030506
-2.832358	-1.812079	-0.834613	-0.920435	-1.976738	-0.927110	-3.656405	-1.322700	 0.001939	-1.752657	-2.219923	-0.030061
-3.064932	-1.804831	-0.831275	-0.916753	-1.962972	-0.923401	-3.641779	-1.567409	 0.250461	-1.745647	-2.453444	-0.029838
-3.174625	-1.797611	-0.827949	-0.913086	-1.952190	-0.919708	-3.627212	-1.186139	 0.374723	-1.738664	-2.564831	-0.029727
-3.222902	-1.790421	-0.824638	-0.909434	-1.942916	-0.916029	-3.612703	-0.993895	 0.436853	-1.731710	-2.615172	-0.029671
-2.740498	-1.783259	-0.821339	-0.905796	-1.934412	-0.912365	-3.598252	-0.896169	 0.467919	-1.724783	-2.635011	-0.529643
-2.494780	-1.776126	-0.818054	-0.902173	-1.926308	-0.908715	-3.583859	-0.845709	 0.483452	-1.717884	-2.639621	-0.777570
-2.367423	-1.769022	-0.814782	-0.898564	-1.918420	-0.905080	-3.569524	-0.818889	 0.491218	-1.711012	-2.636638	-0.899483
-2.299264	-1.761946	-0.811522	-0.894970	-1.910655	-0.901460	-3.555246	-0.803895	 0.495101	-1.704168	-2.129879	-0.458396
-2.260723	-1.754898	-0.808276	-0.891390	-1.902966	-0.897854	-3.541025	-0.794820	 0.497043	-1.697351	-1.873253	-0.237853
-2.237008	-1.747878	-0.805043	-0.887825	-1.895332	-0.894263	-3.526861	-0.788711	 0.498013	-1.690562	-2.241707	-0.127581
-2.220724	-1.740887	-0.801823	-0.884273	-1.887739	-0.890686	-3.512753	-0.784091	 0.498499	-1.683800	-2.420713	-0.072445
-2.208173	-1.733923	-0.798616	-0.880736	-1.880182	-0.887123	-3.498702	-0.780222	 0.498741	-1.677064	-2.505017	-0.544877
