-0.124035	-0.427326	-0.481392	-0.499548	 0.389936	 0.289017	-0.499712	-0.499923	 0.390147	-0.498806	-0.955017	 0.309814
-0.311150	-0.427326	-0.481365	-0.499548	 0.444496	 0.294912	-0.499712	-0.499923	 0.444709	-0.498806	-0.951197	 0.309814
-0.404708	-0.427326	-0.481352	-0.499548	-0.028224	 0.297859	-0.499712	-0.499923	 0.471990	-0.498806	-0.947392	 0.309814
-0.451487	-0.427326	-0.481345	-0.499548	-0.263582	 0.299333	-0.499712	-0.499923	 0.485631	-0.498806	-0.943603	 0.309814
-0.474877	-0.427326	-0.481341	-0.499548	 0.118739	 0.300070	-0.499712	-0.499923	 0.492451	-0.498806	-0.939828	 0.309814
-0.486571	-0.427326	-0.481340	-0.499548	 0.308897	 0.300439	-0.499712	-0.499923	 0.495861	-0.498806	-0.936069	 0.309814
-0.492419	-0.427326	-0.481339	-0.499548	 0.403977	 0.300623	-0.499712	-0.499923	 0.497566	-0.498806	-0.932325	 0.309814
-0.495343	-0.427326	-0.481339	-0.499548	-0.048484	 0.300715	-0.499712	-0.499923	 0.498419	-0.498806	-0.928595	 0.309814
-0.496804	-0.427326	-0.481338	-0.499548	-0.273712	 0.300761	-0.499712	-0.499923	 0.498845	-0.498806	-0.924881	 0.309814
 0.002465	-0.427326	-0.481338	-0.499548	 0.113674	 0.300784	-0.499712	-0.499923	 0.499058	-0.498806	-0.921181	 0.309814
 0.251096	-0.427326	-0.481338	-0.499548	 0.306364	 0.300796	-0.499712	-0.499923	 0.499165	-0.498806	-0.917497	 0.309814
-0.124589	-0.427326	-0.481338	-0.499548	 0.402710	 0.300801	-0.499712	-0.499923	 0.499218	-0.498806	-1.413827	 0.309814
-0.311430	-0.427326	-0.481338	-0.499548	 0.450883	 0.300804	-0.499712	-0.499923	 0.499245	-0.498806	-1.658171	 0.309814
-0.404851	-0.427326	-0.481338	-0.499548	 0.474969	 0.300806	-0.499712	-0.499923	-0.000742	-0.498806	-1.276539	 0.309814
-0.451562	-0.427326	-0.481338	-0.499548	 0.487012	 0.300806	-0.499712	-0.499923	-0.249734	-0.498806	-1.083933	 0.309814
-0.474917	-0.427326	-0.481338	-0.499548	 0.493034	 0.300807	-0.499712	-0.499923	-0.374230	-0.498806	-0.985847	 0.309814
-0.486594	-0.427326	-0.481338	-0.499548	 0.496044	 0.300807	-0.499712	-0.499923	 0.063522	-0.498806	-0.935028	 0.309814
-0.492433	-0.427326	-0.481338	-0.499548	 0.497550	 0.300807	-0.499712	-0.499923	 0.281396	-0.498806	-0.907851	 0.309814
-0.495353	-0.427326	-0.481338	-0.499548	 0.498303	 0.300807	-0.499712	-0.499923	 0.390333	-0.498806	-0.892501	 0.309814
-0.496812	-0.427326	-0.481338	-0.499548	 0.498679	 0.300807	-0.499712	-0.499923	 0.444801	-0.498806	-0.883071	 0.309814
-0.497542	-0.427326	-0.481338	-0.499548	-0.001133	 0.300807	-0.499712	-0.499923	 0.472035	-0.498806	-0.876609	 0.309814
-0.497907	-0.427326	-0.481338	-0.499548	-0.250037	 0.300807	-0.499712	-0.499923	 0.485652	-0.498806	-0.871638	 0.309814
-0.498090	-0.427326	-0.481338	-0.499548	 0.125511	 0.300807	-0.499712	-0.499923	 0.492461	-0.498806	-0.867419	 0.309814
-0.498181	-0.427326	-0.481338	-0.499548	 0.312283	 0.300807	-0.499712	-0.499923	 0.495865	-0.498806	-0.863583	 0.309814
-0.498226	-0.427326	-0.481338	-0.499548	 0.405669	 0.300807	-0.499712	-0.499923	 0.497567	-0.498806	-0.859946	 0.309814
-0.498249	-0.427326	-0.481338	-0.499548	 0.452362	 0.300807	-0.499712	-0.499923	 0.498418	-0.498806	-0.856414	 0.309814
-0.498261	-0.427326	-0.481338	-0.499548	 0.475708	 0.300807	-0.499712	-0.499923	 0.498844	-0.498806	-0.852943	 0.309814
-0.498266	-0.427326	-0.481338	-0.499548	-0.012618	 0.300807	-0.499712	-0.499923	-0.000943	-0.498806	-0.849508	 0.309814
-0.498269	-0.427326	-0.481338	-0.499548	-0.255780	 0.300807	-0.499712	-0.499923	-0.249836	-0.498806	-0.846099	 0.309814
 0.001729	-0.427326	-0.481338	-0.499548	 0.122639	 0.300807	-0.499712	-0.499923	 0.125718	-0.498806	-1.342709	 0.309814
 0.250725	-0.427326	-0.481338	-0.499548	 0.310847	 0.300807	-0.499712	-0.499923	 0.312493	-0.498806	-1.587335	 0.309814
 0.375223	-0.427326	-0.481338	-0.499548	 0.404951	 0.300807	-0.499712	-0.499923	 0.405880	-0.498806	-1.205984	 0.309814
 0.437472	-0.427326	-0.481338	-0.499548	 0.452002	 0.300807	-0.499712	-0.499923	 0.452574	-0.498806	-1.013660	 0.309814
 0.468597	-0.427326	-0.481338	-0.499548	 0.475528	 0.300807	-0.499712	-0.499923	 0.475920	-0.498806	-0.915855	 0.309814
 0.484159	-0.427326	-0.481338	-0.499548	 0.487291	 0.300807	-0.499712	-0.499923	 0.487594	-0.498806	-0.865316	 0.309814
 0.491940	-0.427326	-0.481338	-0.499548	 0.493173	 0.300807	-0.499712	-0.499923	 0.493430	-0.498806	-0.838417	 0.309814
-0.004170	-0.427326	-0.481338	-0.499548	 0.496114	 0.300807	-0.499712	-0.499923	-0.003651	-0.498806	-0.823345	 0.309814
-0.251224	-0.427326	-0.481338	-0.499548	 0.497584	 0.300807	-0.499712	-0.499923	-0.251191	-0.498806	-0.814192	 0.309814
 0.125249	-0.427326	-0.481338	-0.499548	-0.001681	 0.300807	-0.499712	 0.000077	 0.125040	-0.498806	-0.808005	 0.309814
 0.312482	-0.427326	-0.481338	-0.499548	-0.250311	 0.300807	-0.499712	 0.249077	 0.312152	-0.498806	-0.803309	 0.309814
-0.093901	-0.427326	-0.481338	-0.499548	 0.125373	 0.300807	-0.499712	-0.126423	 0.405709	-0.498806	-0.799363	 0.309814
-0.296092	-0.427326	-0.481338	-0.499548	 0.312214	 0.300807	-0.499712	-0.313170	 0.452487	-0.498806	-0.795799	 0.309814
-0.397188	-0.427326	-0.481338	-0.499548	 0.405634	 0.300807	-0.499712	-0.406543	 0.475876	-0.498806	-0.792433	 0.309814
 0.052264	-0.427326	-0.481338	 0.000452	 0.452344	 0.300807	-0.499712	 0.046771	 0.487570	 0.001194	-0.789172	 0.309814
 0.275987	-0.427326	-0.481338	 0.249451	 0.475699	 0.300807	-0.499712	 0.272427	 0.493418	 0.250192	-0.785969	 0.309814
 0.387848	-0.427326	-0.481338	 0.373951	 0.487376	 0.300807	-0.499712	-0.114744	 0.496341	 0.374691	-0.282802	 0.809814
 0.443779	-0.427326	-0.481338	 0.436201	 0.493215	 0.300807	-0.499712	-0.307326	 0.497803	 0.436940	-0.031219	 1.057194
 0.471744	-0.427326	-0.481338	 0.467326	 0.496135	 0.300807	 0.000288	 0.596383	 0.498534	 0.968065	 0.094573	 1.178275
 0.485727	-0.427326	-0.481338	 0.482888	 0.497594	 0.300807	 0.249287	 1.045237	 0.498900	 1.230629	 0.157468	 1.236217
 0.992718	 0.072674	-0.481338	 0.490669	 0.998324	 0.300807	 0.873787	 1.766676	 0.999082	 3.358925	 4.688916	 1.762600
 1.243214	 0.321528	-0.481338	 0.494560	 1.245691	 0.300807	 1.183040	 2.122419	 1.246175	 4.412098	 6.936200	 2.021213
 1.365475	 0.444815	-0.481338	 0.496505	 1.366388	 0.300807	 1.334682	 2.295334	 1.366735	 4.927754	 8.041474	 2.145960
 1.923630	 0.505322	 0.018662	 0.497478	 1.423763	 0.800807	 1.407530	 1.876856	 0.924040	 6.174695	 15.575818	 0.703792
 2.197744	 0.534444	 0.267625	 0.497964	 1.449488	 1.048206	 1.440994	 1.664699	 0.702693	 6.783323	 19.296770	-0.015815
 2.829857	 1.047878	 0.391073	 0.498207	 1.459400	 0.669313	 1.454777	 1.555716	 0.092019	 6.072852	 26.611210	-1.374148
 3.138990	 1.301472	 0.451768	 0.498329	 1.461417	 0.479867	 1.458731	 1.498331	-0.212280	 5.706893	 30.200579	-2.047849
 3.286660	 1.425159	 0.481090	 0.498390	 1.459499	 0.885144	 1.457783	 1.466757	-0.363397	 5.513231	 33.427683	-2.879257
 3.353626	 1.483905	 0.494731	 0.498420	 1.455625	 1.085202	 1.454395	 1.448099	-0.437926	 5.405761	 34.967926	-3.287539
 3.880268	 1.510192	 0.000534	 0.498435	 1.450784	 0.682660	 1.449799	 1.435911	-0.474166	 5.341429	 35.665031	-3.484289
 4.134775	 1.520263	-0.246564	 0.498443	 1.445472	 0.481390	 1.444611	 1.426970	-0.491265	 5.298709	 35.940859	-3.575302
 4.253250	 1.522238	-0.370113	 0.498447	 1.439935	 0.380754	 1.439138	 1.419663	-0.498798	 5.266837	 36.006340	-3.613475
 3.803745	 1.520177	 0.068112	 0.498448	 1.434298	 0.330436	 1.433534	 1.413185	-0.501551	 5.240431	 35.466937	-3.625259
 3.572283	 1.516110	 0.286212	 0.498449	 1.428623	 0.305278	 1.427876	 1.407133	-0.501920	 5.216800	 35.127380	-3.623877
 3.949871	 1.511053	 0.394254	 0.498450	 1.422939	 0.792698	 1.422203	 1.901305	-1.001099	 5.194598	 32.388026	-3.115941
 4.130010	 1.505512	 0.447270	 0.498450	 1.417262	 1.033848	 1.416533	 2.143599	-1.247688	 5.173153	 30.959052	-2.856757
 3.711459	 1.499742	 0.472777	 0.498450	 1.411601	 1.151873	 0.910876	 1.759975	-0.367994	 5.152126	 22.685504	-0.721969
 3.495598	 1.493868	 0.485531	 0.498450	 1.405958	 1.208346	 0.658048	 1.565410	 0.070829	 5.131351	 18.519907	 0.342599
 2.381107	 0.987956	-0.008092	 0.498450	 0.900336	 0.734053	 1.031634	 1.965386	 0.289222	 4.610742	 12.908399	 1.372068
 1.821329	 0.735000	-0.253900	 0.498450	 0.647526	 0.496906	 1.215616	 2.160643	 0.397403	 4.342258	 10.088052	 1.882000
 1.538917	 0.608521	-0.376804	 0.498450	 0.521120	 0.378333	 1.304808	 2.253560	 0.450482	 4.199868	 8.663343	 2.132182
 0.895198	 0.045282	-0.438256	 0.498450	 0.457917	 0.319046	 0.346617	 1.295326	-0.023985	 1.620558	 3.436511	 0.752508
 0.573338	-0.235301	-0.468982	 0.498450	 0.426316	 0.289403	-0.131256	 0.816208	-0.261219	 0.332820	 0.826676	 0.063926
 0.412408	-0.374561	-0.484345	 0.498450	 0.410515	 0.274581	-0.368974	 0.576650	-0.379836	-0.309139	-0.974676	 0.220884
 0.331944	-0.443164	-0.492027	 0.498450	 0.402615	 0.267170	-0.486620	 0.456870	-0.439144	-0.628216	-1.869799	 0.299363
 0.291711	-0.476441	-0.495867	 0.498450	 0.398665	 0.263465	-0.544234	-0.103019	-0.468799	-0.785860	-2.311831	 0.338602
 0.271595	-0.492061	-0.497788	 0.498450	 0.396690	 0.261612	-0.571838	-0.381638	-0.483626	-0.862795	-2.527339	 0.358222
 0.261537	-0.498855	-0.498748	 0.498450	 0.395702	 0.260686	-0.584441	-0.519627	-0.491039	-0.899383	-2.629608	-0.131968
 0.256508	-0.501241	-0.499228	 0.498450	 0.395208	 0.260223	-0.589548	-0.587307	-0.494746	-0.915805	-2.675278	-0.375819
 0.253993	-0.501427	-0.499468	 0.498450	 0.394961	 0.259991	-0.590912	-0.619836	-0.496600	-0.922152	-2.692672	-0.496505
 0.252736	-0.500516	-0.499588	 0.498450	 0.394838	 0.259875	-0.590410	-0.634796	-0.497526	-0.923468	-2.695948	-0.555613
 0.252107	-0.500061	-0.499648	 0.498450	 0.394776	 0.259817	-0.588979	-0.640977	-0.497990	-0.922276	-2.692188	-0.583938
-0.248207	-0.499833	-0.499678	-0.001550	 0.394745	-0.240212	-0.587089	-0.642773	-0.498221	-0.919839	-2.684931	-0.096876
-0.496867	-0.499720	-0.499693	-0.250547	 0.394730	-0.488746	-0.584973	-0.642382	-0.498337	-0.916785	-2.675947	 0.146655
-0.619706	-0.499663	-0.499701	-0.375045	 0.394722	-0.611538	-0.582749	-0.640902	-0.498395	-0.913430	-2.666121	-0.231580
-0.679641	-0.499634	-0.499704	-0.437294	 0.394718	-0.671466	-0.580476	-0.638884	-0.498424	-0.909933	-2.655896	-0.419477
-0.708129	-0.499620	-0.499706	-0.468419	 0.394716	-0.199967	-0.578184	-0.636600	-0.498438	-0.906372	-2.645492	-0.012211
-0.720899	-0.499613	-0.499707	-0.483981	 0.394716	 0.035783	-0.575885	-0.634190	-0.498446	-0.902785	-2.635020	 0.191422
-0.725817	-0.499609	-0.499708	-0.491762	-0.105285	 0.153658	-0.573589	-0.631722	-0.498449	-1.399194	-2.624534	-0.206762
-0.726815	-0.499608	-0.499708	-0.495653	-0.354075	 0.212595	-0.571298	-0.629229	-0.498451	-1.643607	-2.614064	-0.404644
-0.725858	-0.499607	-0.499708	-0.497598	-0.477264	 0.242064	-0.569015	-0.626729	-0.498452	-1.762037	-2.603621	-0.502380
-0.223930	-0.499606	-0.499708	-0.498571	-0.037657	 0.256798	-0.566740	-0.624231	-0.498452	-1.317491	-2.593213	-0.050047
 0.027034	-0.499606	-0.499708	-0.499057	 0.182146	 0.264165	-0.564473	-0.621738	-0.498453	-1.093473	-2.582844	 0.176119
 0.152516	-0.499606	-0.499708	-0.499300	 0.292047	 0.267849	-0.562216	-0.619253	-0.498453	-0.979724	-2.572514	 0.289202
 0.215257	-0.499606	-0.499708	-0.499422	 0.346998	 0.269691	-0.559967	-0.616777	-0.498453	-0.921118	-2.562225	 0.345743
-0.253372	-0.499606	-0.499708	-0.499483	 0.374474	 0.270611	-0.557727	-0.614311	-0.498453	-0.890090	-2.551977	-0.125986
-0.486243	-0.499606	-0.499708	-0.499513	 0.388211	 0.271072	-0.555496	-0.611854	-0.498453	-0.872858	-2.541769	-0.360655
-0.101240	-0.499606	-0.499708	-0.499528	 0.395080	 0.271302	-0.553274	-0.109406	-0.498453	-0.862531	-2.531602	 0.023201
 0.091261	-0.499606	-0.499708	-0.499536	 0.398515	 0.271417	-0.551061	 0.141817	-0.498453	-0.855663	-2.521476	 0.215129
 0.187512	-0.499606	-0.499708	-0.499540	 0.400232	 0.271475	-0.548857	 0.267429	-0.498453	-0.850531	-2.511390	 0.311093
 0.235637	-0.499606	-0.499708	-0.499542	 0.401090	 0.271504	-0.546662	-0.169765	-0.498453	-0.846274	-2.501344	 0.359075
 0.259700	-0.499606	-0.499708	-0.499542	 0.401520	 0.271518	-0.544475	-0.387148	-0.498453	-0.842462	-2.491339	 0.383066
 0.271731	-0.499606	-0.499708	-0.499543	-0.098266	 0.271525	-0.542297	-0.494631	-0.498453	-0.838879	-2.481374	 0.395062
 0.277747	-0.499606	-0.499708	-0.499543	-0.346962	 0.271529	-0.540128	-0.547168	-0.498453	-0.835416	-2.471448	 0.401059
 0.280755	-0.499606	-0.499708	-0.499543	-0.470119	 0.271531	-0.537967	-0.572237	-0.498453	-0.832021	-2.461562	 0.404058
 0.282259	-0.499606	-0.499708	-0.499543	-0.530511	 0.271531	-0.535815	-0.583577	-0.498453	-0.828666	-2.451716	 0.405558
 0.283387	-0.499606	-0.499708	 0.249456	 0.175968	 0.271532	-0.531537	-0.589112	-0.498453	-0.822030	-2.432142	 0.406682
 0.283575	-0.499606	-0.499708	 0.373955	 0.293714	 0.271532	-0.529411	-0.588459	-0.498453	-0.818739	-2.422413	 0.406870
 0.283669	-0.499606	-0.499708	-0.063795	 0.352587	 0.271532	-0.527294	-0.586957	-0.498453	-0.815462	-2.412723	 0.406963
 0.283716	-0.499606	-0.499708	-0.281667	 0.382024	 0.271532	-0.525185	-0.585035	-0.498453	-0.812200	-2.403072	 0.407010
 0.283739	-0.499606	-0.499708	 0.109397	 0.396742	 0.271532	-0.523084	-0.582908	-0.498453	-0.808950	-2.393460	 0.407034
 0.283751	-0.499606	-0.499708	 0.303928	 0.404101	 0.271532	-0.520991	-0.580683	-0.498453	-0.805714	-2.383886	 0.407045
 0.283757	-0.499606	-0.499708	-0.098806	-0.092219	 0.271532	-0.518907	-0.578413	-0.498453	-0.802491	-2.374351	 0.407051
 0.283760	-0.499606	-0.499708	-0.299171	-0.339202	 0.271532	-0.516832	-0.576126	-0.498453	-0.799281	-2.364853	 0.407054
-0.216239	-0.999606	-0.499708	-0.399353	 0.038479	 0.271532	-0.514765	-0.573835	-0.498453	-0.796084	-2.355394	 0.407056
-0.464806	-1.246607	-0.499708	-0.449444	 0.227319	 0.271532	-0.512705	-0.571546	-0.498453	-0.792900	-2.345972	 0.407056
-0.587662	-1.367120	-0.499708	-0.474489	 0.321739	 0.271532	-0.510655	-0.569263	-0.498453	-0.789728	-2.336588	 0.407057
-0.647669	-0.924401	-0.499708	-0.487012	 0.368949	 0.271532	-0.508612	-0.566988	 0.001547	-0.786569	-2.327242	 0.407057
-0.676258	-0.703042	-0.499708	-0.493273	 0.392554	 0.271532	-0.506578	-0.564721	 0.250544	-0.783423	-2.317933	 0.407057
-0.689142	-0.592362	-0.499708	-0.496404	 0.404357	 0.271532	-0.504551	-0.562462	 0.375042	-0.780289	-2.308661	 0.407057
-0.694180	-0.537022	-0.499708	-0.497969	 0.410258	 0.271532	-0.502533	-0.560213	 0.437292	-0.777168	-2.299427	 0.407057
-0.195301	-0.509352	-0.499708	-0.498752	 0.413209	 0.271532	-0.500523	-0.557972	-0.031584	-0.774060	-2.290229	 0.407057
 0.054139	-0.495517	-0.499708	-0.499143	 0.414684	 0.271532	-0.499518	-0.555740	-0.265020	-0.770963	-2.281068	 0.407057
 0.178858	-0.488600	-0.499708	 0.000661	 0.415422	 0.271532	-0.499015	-0.053517	-0.381739	-0.767879	-2.271944	 0.407057
 0.241218	-0.485141	-0.499708	 0.249562	 0.415791	 0.271532	-0.498764	 0.197594	-0.440098	-0.764808	-2.262856	 0.407057
 0.272398	-0.483412	-0.499708	 0.374013	 0.415975	 0.271532	-0.498638	 0.323150	-0.469278	-0.761749	-2.253805	 0.407057
-0.212012	-0.482547	-0.499708	-0.063762	 0.416067	 0.271532	-0.498576	-0.114072	 0.016133	-0.758702	-2.244789	 0.407057
-0.452824	-0.482115	-0.499708	-0.281646	 0.416113	 0.271532	-0.498544	-0.331581	 0.257835	-0.755667	-2.235810	 0.407057
-0.571843	-0.481899	-0.499708	-0.390588	-0.083864	 0.271532	-0.498529	-0.439237	-0.121314	-0.752644	-2.226867	 0.407057
-0.629970	-0.481790	-0.499708	-0.445059	-0.332684	 0.271532	-0.498521	-0.491971	-0.309888	-0.749634	-2.217960	 0.407057
-0.157658	-0.481736	-0.499708	-0.472295	 0.044068	 0.271532	-0.498517	-0.517249	 0.095825	-0.746635	-2.209088	 0.407057
 0.078498	-0.481709	-0.499708	-0.485913	 0.232445	 0.271532	-0.498515	-0.528802	 0.297679	-0.743649	-2.200251	 0.407057
 0.196576	-0.481696	-0.499708	-0.492722	-0.173367	 0.271532	-0.498514	-0.533499	-0.101395	-0.740674	-2.191450	 0.407057
 0.255615	-0.481689	-0.499708	-0.496126	-0.375115	 0.271532	-0.498513	-0.534770	-0.299930	-0.737711	-2.182685	 0.407057
 0.285135	-0.481686	-0.499708	-0.497828	 0.025165	 0.271532	-0.498513	-0.534334	 0.100802	-0.734760	-2.173954	 0.407057
 0.299895	-0.481684	-0.499708	-0.498679	 0.225305	 0.271532	-0.498513	-0.533048	 0.300165	-0.731821	-2.165258	 0.407057
 0.307275	-0.481683	-0.499708	-0.499105	 0.325375	 0.271532	-0.498513	-0.531342	-0.100154	-0.728894	-2.156597	 0.407057
 0.310964	-0.481683	-0.499708	-0.499318	 0.375410	 0.271532	-0.498513	-0.529429	-0.299312	-0.725979	-2.147971	 0.407057
-0.187191	-0.481683	-0.499708	-0.499424	 0.400427	 0.271532	-0.498513	-0.527418	 0.101109	-0.723075	-2.139379	 0.407057
-0.434897	-0.481682	-0.499708	-0.499477	 0.412936	 0.271532	-0.498513	-0.525361	 0.300316	-0.720182	-2.130821	 0.407057
-0.057386	-0.481682	-0.499708	-0.499504	 0.419191	 0.271532	-0.498513	-0.523287	-0.100080	-0.717302	-2.122298	 0.407057
 0.131370	-0.481682	-0.499708	-0.499517	 0.422318	 0.271532	-0.498513	-0.521207	-0.299277	-0.714432	-2.113809	 0.407057
 0.225748	-0.481682	-0.499708	-0.499524	 0.423881	 0.271532	-0.498513	-0.519129	-0.398876	-0.711575	-2.105353	 0.407057
 0.272937	-0.481682	-0.499708	-0.499527	 0.424663	 0.271532	-0.498513	-0.517055	 0.051325	-0.708728	-2.096932	 0.407057
 0.296532	-0.481682	-0.499708	-0.499529	 0.425054	 0.271532	-0.498513	-0.514989	 0.275422	-0.705893	-2.088544	 0.407057
 0.308329	-0.481682	-0.499708	-0.499530	 0.425250	 0.271532	-0.498513	-0.512930	 0.387471	-0.703070	-2.080190	 0.407057
 0.314228	-0.481682	-0.499708	-0.499530	 0.425347	 0.271532	-0.498513	-0.510878	-0.056505	-0.700258	-2.071869	 0.407057
 0.317177	-0.481682	-0.499708	-0.499530	 0.425396	 0.271532	-0.498513	-0.508835	-0.277492	-0.697457	-2.063582	 0.407057
 0.318652	-0.481682	-0.499708	-0.499530	 0.425421	 0.271532	-0.498513	-0.506800	-0.387985	-0.694667	-2.055328	 0.407057
 0.319389	-0.481682	-0.499708	-0.499530	 0.425433	 0.271532	-0.498513	-0.504773	-0.443232	-0.691888	-2.047106	 0.407057
-0.180242	-0.481682	-0.499708	 0.000470	 0.425439	 0.271532	-0.498513	-0.502754	 0.029145	-0.689121	-2.038918	 0.407057
-0.428698	-0.481682	-0.499708	 0.249469	 0.425442	 0.271532	-0.498513	-0.500743	 0.264330	-0.686364	-2.030762	 0.407057
-0.051572	-0.481682	-0.499708	-0.126032	 0.425443	 0.271532	-0.498513	 0.000263	 0.381923	-0.683619	-2.022639	 0.407057
 0.136991	-0.481682	-0.499708	-0.312779	 0.425444	 0.271532	-0.498513	 0.249763	 0.440719	-0.680884	-2.014549	 0.407057
 0.231273	-0.481682	-0.499708	-0.406153	 0.425445	 0.271532	-0.498513	 0.374513	 0.470117	-0.678161	-2.006490	 0.407057
 0.278414	-0.481682	-0.499708	-0.452839	 0.425445	 0.271532	-0.498513	-0.063112	 0.484816	-0.675448	-1.998464	 0.407057
 0.301984	-0.481682	-0.499708	-0.476183	 0.425445	 0.271532	-0.498513	-0.280923	 0.492166	-0.672746	-1.990471	 0.407057
 0.313769	-0.481682	-0.499708	-0.487854	 0.425445	 0.271532	-0.498513	 0.110172	 0.495841	-0.670055	-1.982509	 0.907057
 0.319662	-0.481682	-0.499708	-0.493690	 0.425445	 0.271532	-0.498513	 0.304716	 0.497678	-0.667375	-1.974579	 1.154243
 0.322608	-0.481682	-0.499708	-0.496608	 0.425445	 0.271532	-0.498513	-0.098011	 0.498597	-0.664705	-1.966680	 0.775033
 0.324081	-0.481682	-0.499708	-0.498067	 0.425445	 0.271532	-0.498513	-0.298374	 0.499056	-0.662047	-1.958814	 0.585428
 0.324818	-0.481682	-0.499708	-0.498797	 0.425445	 0.271532	-0.498513	-0.398555	-0.000714	-0.659398	-1.950978	 0.490626
 0.325186	-0.481682	-0.499708	-0.499161	 0.425445	 0.271532	-0.498513	-0.448645	-0.249598	-0.656761	-1.943174	 0.443224
 0.325370	-0.481682	-0.499708	-0.499344	 0.425445	 0.271532	-0.498513	-0.473691	-0.374041	-0.654134	-1.935402	 0.419524
 0.325462	-0.481682	-0.499708	 0.000565	 0.425445	 0.271532	-0.498513	-0.486213	 0.063738	-0.651517	-1.927660	 0.407674
 0.325508	-0.481682	-0.499708	 0.249518	 0.425445	 0.271532	-0.498513	-0.492475	 0.281625	-0.648911	-1.919950	 0.401748
 0.325531	-0.481682	-0.499708	-0.126005	 0.425445	 0.271532	-0.498513	-0.495605	 0.390568	-0.646316	-1.912270	 0.398786
 0.325543	-0.481682	-0.499708	-0.312763	 0.425445	 0.271532	-0.498513	-0.497171	 0.445040	-0.643730	-1.904621	 0.397305
 0.325549	-0.481682	-0.499708	-0.406143	 0.425445	 0.271532	-0.498513	 0.002047	 0.472275	-0.641155	-1.897002	 0.396564
 0.325551	-0.481682	-0.499708	-0.452832	 0.425445	 0.271532	-0.498513	 0.250653	 0.485893	-0.638591	-1.889414	 0.396194
 0.325553	-0.481682	-0.499708	-0.476177	 0.425445	 0.271532	-0.498513	-0.125044	-0.007298	-0.636036	-1.881856	 0.396008
 0.325554	-0.481682	-0.499708	-0.487850	 0.425445	 0.271532	-0.498513	-0.311891	-0.252892	-0.633492	-1.874329	 0.395916
 0.325554	-0.481682	-0.499708	-0.493686	 0.425445	-0.228468	-0.498513	 0.094685	 0.124311	-0.630958	-1.866832	 0.395870
 0.325554	-0.481682	-0.499708	-0.496604	 0.425445	-0.477011	-0.498513	 0.296971	 0.311909	-0.628434	-1.859364	 0.395846
 0.325554	-0.481682	-0.499708	-0.498063	 0.425445	-0.599831	-0.498513	 0.398114	 0.405708	-0.625921	-1.851927	 0.395835
 0.325554	-0.481682	-0.499708	-0.498792	 0.425445	-0.159796	-0.498513	 0.448686	 0.452608	-0.623417	-1.844519	 0.395829
 0.325554	-0.481682	-0.499708	-0.499157	 0.425445	 0.060222	-0.498513	 0.473971	 0.476057	-0.620923	-1.837141	 0.395826
-0.174446	-0.481682	-0.499708	-0.499340	 0.425445	 0.170230	-0.498513	-0.013386	 0.487782	-0.618440	-1.829793	 0.395825
-0.423097	-0.481682	-0.499708	-0.499431	 0.425445	 0.225235	-0.498513	-0.256063	 0.493645	-0.615966	-1.822473	 0.395824
-0.046079	-0.481682	-0.499708	-0.499476	-0.074555	 0.252737	-0.498513	 0.122598	 0.496576	-0.613502	-1.815184	 0.395824
 0.142430	-0.481682	-0.499708	-0.499499	-0.323406	 0.266488	-0.498513	 0.310927	 0.498042	-0.611048	-1.807923	 0.395823
 0.236685	-0.481682	-0.499708	-0.499511	 0.053313	 0.273364	-0.498513	-0.094909	-0.001226	-0.608604	-1.800691	 0.395823
 0.283812	-0.481682	-0.499708	-0.499516	 0.241673	 0.276801	-0.498513	-0.296826	-0.249858	-0.606169	-1.793488	 0.395823
 0.307375	-0.481682	-0.499708	-0.499519	 0.335852	 0.278520	-0.498513	-0.397784	-0.374175	-0.603745	-1.786314	 0.395823
 0.319157	-0.481682	-0.499708	-0.499521	 0.382942	 0.279380	-0.498513	-0.448263	 0.063667	-0.601330	-1.779169	 0.395823
 0.325048	-0.481682	-0.499708	-0.499521	 0.406487	 0.279809	-0.498513	-0.473503	 0.281585	-0.598924	-1.772052	 0.395823
-0.172006	-0.481682	-0.499708	-0.499522	 0.418260	 0.280024	-0.498513	 0.013878	 0.390544	-0.596529	-1.764964	 0.895823
-0.419196	-0.481682	-0.499708	-0.499522	 0.424146	 0.280132	-0.498513	 0.256565	 0.445024	-0.594143	-1.757904	 1.143032
-0.041457	-0.481682	-0.499708	 0.000478	 0.427089	 0.280185	-0.498513	-0.122091	-0.027737	-0.591766	-1.750873	 0.763855
 0.147412	-0.481682	-0.499708	 0.249477	 0.428561	 0.280212	-0.498513	-0.310418	-0.263116	-0.589399	-1.743869	 0.574267
 0.241846	-0.481682	-0.499708	-0.126023	 0.429296	 0.280226	-0.498513	-0.404581	-0.380805	-0.587041	-1.736894	 0.979473
 0.289064	-0.481682	-0.499708	-0.312771	 0.429664	 0.280232	-0.498513	-0.451663	-0.439650	-0.584693	-1.729946	 1.179307
 0.312672	-0.481682	-0.499708	-0.406144	 0.429848	 0.280236	-0.498513	-0.475203	-0.469073	-0.582354	-1.723026	 1.276465
 0.324477	-0.481682	-0.499708	-0.452831	 0.429940	 0.280237	-0.498513	-0.486974	 0.016216	-0.580025	-1.716134	 0.822297
 0.330379	-0.481682	-0.499708	-0.476174	 0.429986	 0.280238	-0.498513	-0.492859	 0.257858	-0.577705	-1.709270	 0.595213
 0.333330	-0.481682	-0.499708	-0.487846	 0.430009	 0.280239	-0.498513	-0.495802	-0.121322	-0.575394	-1.702433	 0.481671
 0.334805	-0.481682	-0.499708	-0.493682	 0.430021	 0.280239	-0.498513	-0.497273	-0.309910	-0.573093	-1.695623	 0.424900
 0.335543	-0.481682	-0.499708	-0.496600	 0.430026	 0.280239	-0.498513	 0.001991	 0.095795	-0.570800	-1.688841	 0.396515
 0.335912	-0.481682	-0.499708	-0.498059	 0.430029	 0.280239	-0.498513	 0.250621	 0.297645	-0.568517	-1.682085	 0.382322
 0.336096	-0.481682	-0.499708	-0.498788	-0.069969	 0.280239	-0.498513	 0.374936	-0.101430	-0.566243	-1.675357	 0.375226
 0.336189	-0.481682	-0.499708	-0.499153	-0.318829	 0.280239	-0.498513	 0.437093	-0.299966	-0.563978	-1.668655	 0.371677
 0.336235	-0.481682	-0.499708	-0.499335	-0.442123	 0.280239	-0.498513	 0.468172	-0.399235	-0.561722	-1.661981	 0.369903
 0.336258	-0.481682	-0.499708	-0.499427	-0.002639	 0.280239	-0.498513	-0.016289	 0.051131	-0.559475	-1.655333	 0.369016
 0.336269	-0.481682	-0.499708	-0.499472	 0.217103	 0.280239	-0.498513	-0.257517	 0.275311	-0.557237	-1.648712	 0.368573
 0.336275	-0.981682	-0.499708	-0.499495	-0.173026	 0.280239	-0.498513	-0.378132	 0.387401	-0.555008	-1.642117	 0.368351
 0.336278	-1.228719	-0.499708	-0.499506	-0.366965	 0.280239	-0.498513	-0.438439	 0.443446	-0.552788	-1.635548	 0.368240
-0.163721	-0.849286	-0.499708	-0.499512	 0.037188	 0.280239	-0.498513	-0.468593	 0.471469	-0.550577	-1.629006	 0.368185
-0.412392	-0.659569	-0.499708	-0.499515	 0.239264	 0.280239	-0.498513	-0.483669	 0.485480	-0.548375	-1.622490	 0.368157
-0.035406	-0.564711	-0.499708	-0.499516	 0.340303	 0.280239	-0.498513	 0.008792	 0.492485	-0.546181	-1.616000	 0.368143
 0.153087	-0.517282	-0.499708	-0.499517	 0.390822	 0.280239	-0.498513	 0.254020	 0.495988	-0.543997	-1.609536	 0.368136
 0.247333	-0.493567	-0.499708	-0.499517	 0.416081	 0.280239	-0.498513	 0.376635	 0.497740	-0.541821	-1.603098	 0.368133
 0.294457	-0.481710	-0.499708	-0.499518	 0.428711	 0.280239	-0.498513	-0.062058	 0.498615	-0.539653	-1.596685	 0.368131
 0.318018	-0.475781	-0.499708	-0.499518	 0.435026	 0.280239	-0.498513	-0.280403	 0.499053	-0.537495	-1.590299	 0.368130
 0.329799	-0.472817	-0.499708	-0.499518	-0.061817	 0.280239	-0.498513	 0.110424	 0.499272	-0.535345	-1.583938	 0.368130
 0.335690	-0.471335	-0.499708	-0.499518	-0.309121	 0.280239	-0.498513	 0.304836	 0.499382	-0.533203	-1.577602	 0.368129
 0.338635	-0.470594	-0.499708	 0.000482	 0.068340	 0.280239	-0.498513	-0.097959	 0.499436	-0.531071	-1.571291	 0.368129
 0.340107	-0.470223	-0.499708	 0.249481	 0.257071	 0.280239	-0.498513	-0.298355	 0.499464	-0.528946	-1.565006	 0.368129
 0.340844	-0.470038	-0.499708	-0.126019	 0.351436	 0.280239	-0.498513	 0.101448	 0.499477	-0.526830	-1.558746	 0.368129
 0.341212	-0.469945	-0.499708	-0.312766	 0.398618	 0.280239	-0.498513	 0.300346	 0.499484	-0.524723	-1.552511	 0.368129
 0.341396	-0.469899	-0.499708	-0.406140	 0.422210	 0.280239	-0.498513	 0.399795	 0.499488	-0.522624	-1.546301	 0.368129
 0.341488	-0.469876	-0.499708	-0.452827	 0.434005	 0.280239	-0.498513	-0.050480	 0.499489	-0.520534	-1.540116	 0.368129
 0.341534	-0.469864	-0.499708	-0.476170	 0.439903	 0.280239	-0.498513	-0.274616	 0.499490	-0.518452	-1.533955	 0.368129
 0.341557	-0.469858	-0.499708	 0.012158	 0.442852	 0.280239	-0.498513	-0.386684	 0.499491	-0.516378	-1.527820	 0.368129
 0.341568	-0.469856	-0.499708	 0.255321	 0.444327	 0.280239	-0.498513	-0.442718	 0.499491	-0.514312	-1.521708	 0.368129
-0.158426	-0.469854	-0.499708	 0.376903	 0.445064	 0.280239	-0.498513	 0.029265	 0.499491	-0.512255	-1.515622	 0.368129
-0.407106	-0.469853	-0.499708	 0.437694	 0.445432	 0.280239	-0.498513	 0.264254	 0.499491	-0.510206	-1.509559	 0.368129
-0.030135	-0.469853	-0.499708	-0.031911	 0.445617	 0.280239	-0.498513	 0.381748	 0.499491	-0.508165	-1.503521	 0.368129
 0.158351	-0.469853	-0.499708	-0.265710	 0.445709	 0.280239	-0.498513	 0.440496	 0.499491	-0.506133	-1.497507	 0.368129
 0.252594	-0.469853	-0.499708	-0.382610	 0.445755	 0.280239	-0.498513	 0.469869	 0.499491	-0.504108	-1.491517	 0.368129
 0.299715	-0.469853	-0.499708	-0.441060	 0.445778	 0.280239	-0.498513	-0.015444	 0.499491	-0.502092	-1.485551	 0.368129
 0.323276	-0.469853	-0.499708	-0.470285	 0.445790	 0.280239	-0.498513	-0.257099	 0.499491	-0.500083	-1.479608	 0.368129
 0.335056	-0.469853	-0.499708	-0.484897	 0.445795	 0.280239	-0.498513	 0.122073	 0.499491	-0.499079	-1.473690	 0.368129
 0.340947	-0.469853	-0.499708	-0.492203	 0.445798	 0.280239	-0.498513	 0.310657	 0.499491	-0.498577	-1.467795	 0.368129
-0.156108	-0.469853	-0.499708	-0.495856	 0.445800	 0.280239	-0.498513	 0.404949	 0.499491	-0.498326	-1.461924	 0.368129
-0.403329	-0.469853	-0.499708	-0.497683	 0.445800	 0.280239	-0.498513	 0.452095	 0.499491	-0.498200	-1.456076	 0.368129
-0.025639	-0.469853	-0.499708	-0.498596	 0.445801	 0.280239	-0.498513	-0.024332	 0.499491	-0.498138	-1.450252	 0.368129
 0.163206	-0.469853	-0.499708	-0.499053	 0.445801	 0.280239	-0.498513	-0.261544	 0.499491	-0.498106	-1.444451	 0.368129
 0.257629	-0.469853	-0.499708	-0.499281	 0.445801	 0.280239	-0.498513	-0.380150	 0.499491	-0.498091	-1.438673	 0.368129
-0.195160	-0.469853	-0.499708	 0.000605	 0.445801	 0.280239	-0.498513	 0.060547	 0.499491	-0.498083	-1.432919	 0.368129
-0.420258	-0.469853	-0.499708	 0.249547	 0.445801	 0.280239	-0.498513	 0.279893	 0.499491	-0.498079	-1.427187	 0.368129
-0.031517	-0.469853	-0.499708	-0.125982	 0.445801	 0.280239	-0.498513	-0.110434	 0.499491	 0.001923	-1.421478	 0.368129
 0.162854	-0.469853	-0.499708	-0.312744	 0.445801	 0.280239	-0.498513	-0.304596	 0.499491	 0.250920	-1.415792	 0.368129
 0.260040	-0.469853	-0.499708	 0.093875	 0.445801	 0.280239	-0.498513	 0.098323	 0.499491	 0.375419	-1.410129	 0.368129
 0.308632	-0.469853	-0.499708	 0.296184	 0.445801	 0.280239	-0.498513	 0.298780	 0.499491	 0.437668	-1.404489	 0.368129
 0.332929	-0.469853	-0.499708	-0.102662	 0.445801	 0.280239	-0.498513	-0.100992	 0.499491	-0.031207	-1.398871	 0.868129
 0.345077	-0.469853	-0.499708	-0.301082	 0.445801	 0.280239	-0.498513	-0.299876	 0.499491	-0.264645	-1.393275	 1.115393
 0.351151	-0.469853	-0.499708	-0.400291	 0.445801	 0.280239	-0.498513	-0.399318	 0.499491	-0.381363	-1.387702	 1.236299
-0.145812	-1.469853	-0.499708	-0.449896	 0.445801	 0.280239	-0.498513	 0.050961	 0.499491	-0.439723	-1.382151	 0.794038
-0.393008	-1.964913	-0.499708	-0.474699	 0.445801	 0.280239	-0.498513	 0.275098	 0.499491	-0.468903	-1.376623	 0.572908
-0.015326	-1.207523	-0.499708	-0.487100	 0.445801	 0.280239	-0.498513	-0.112833	 0.499491	-0.483492	-1.371116	 0.462343
 0.173516	-0.828828	-0.499708	-0.493301	 0.445801	 0.280239	-0.498513	-0.305798	 0.499491	-0.490787	-1.365632	 0.407060
 0.267936	-0.639481	-0.499708	-0.496401	 0.445801	 0.280239	-0.498513	 0.097720	 0.499491	-0.494435	-1.360169	 0.379419
 0.315147	-0.544807	-0.499708	-0.497951	 0.445801	 0.280239	-0.498513	 0.298477	 0.499491	-0.496258	-1.354728	 0.365598
-0.161248	-0.497470	-0.499708	-0.498726	 0.445801	 0.280239	-0.498513	 0.398855	 0.499491	-0.497170	-1.349310	 0.358688
-0.398170	-0.473802	-0.499708	-0.499114	 0.445801	 0.280239	-0.498513	 0.449044	 0.499491	-0.497626	-1.343912	 0.355232
-0.015361	-0.961968	-0.499708	-0.499308	 0.445801	 0.280239	-0.498513	-0.025861	 0.499491	-0.497854	-1.338537	 0.353505
 0.176043	-1.203150	-0.499708	-0.499405	 0.445801	 0.280239	-0.498513	-0.262313	 0.499491	-0.497968	-1.333182	 0.352641
 0.271745	-1.320853	-0.499708	-0.499453	 0.445801	 0.280239	-0.498513	-0.380538	 0.499491	-0.498025	-1.327850	 0.352209
-0.180403	-0.876827	-0.499708	 0.000523	 0.445801	 0.280239	-0.498513	-0.439651	 0.499491	-0.498054	-1.322538	 0.351993
-0.405213	-0.654814	-0.499708	 0.249510	 0.445801	 0.280239	-0.498513	-0.469207	 0.499491	-0.498068	-1.317248	 0.351885
-0.516357	-0.543808	-0.499708	 0.374003	 0.445801	 0.280239	-0.498513	-0.483986	-0.000509	-0.498075	-1.311979	 0.351831
-0.570675	-0.488304	-0.499708	 0.436250	 0.445801	 0.280239	-0.498513	-0.491375	-0.249508	-0.498079	-1.306731	 0.351804
-0.096583	-0.460553	-0.499708	-0.032627	 0.445801	 0.280239	-0.498513	-0.495069	 0.125993	-0.498080	-1.301504	 0.351791
 0.140462	-0.446677	-0.499708	-0.266062	 0.445801	 0.280239	-0.498513	-0.496916	 0.312740	-0.498081	-1.296298	 0.351784
-0.241015	-0.439739	-0.499708	-0.382780	 0.445801	 0.280239	-0.498513	-0.497840	 0.406114	-0.498082	-1.291113	 0.351781
-0.430508	-0.436270	-0.499708	-0.441139	 0.445801	 0.280239	-0.498513	-0.498302	 0.452800	-0.498082	-1.285949	 0.351779
-0.524015	-0.434536	-0.499708	-0.470318	 0.445801	 0.280239	-0.498513	-0.498533	 0.476144	-0.498082	-1.280805	 0.351778
-0.069534	-0.433668	-0.499708	 0.015092	 0.445801	 0.280239	-0.498513	 0.001352	 0.487815	-0.498082	-1.275682	 0.351778
 0.157707	-0.433235	-0.499708	 0.256796	 0.445801	 0.280239	-0.498513	 0.250292	 0.493651	-0.498082	-1.270579	 0.351777
-0.228672	-0.433018	-0.499708	-0.122351	 0.445801	 0.280239	-0.498513	 0.374761	 0.496569	-0.498082	-1.265497	 0.351777
-0.420632	-0.432910	-0.499708	-0.310922	 0.445801	 0.280239	-0.498513	 0.436996	 0.498028	-0.498082	-1.260435	 0.351777
-0.015387	-0.432855	-0.499708	-0.405208	 0.445801	 0.280239	-0.498513	 0.468114	 0.498758	-0.498082	-1.255393	 0.351777
 0.187236	-0.432828	-0.499708	-0.452351	 0.445801	 0.280239	-0.498513	 0.483673	 0.499122	-0.498082	-1.250371	 0.351777
 0.288547	-0.432815	-0.499708	-0.475922	 0.445801	 0.280239	-0.498513	 0.491452	 0.499305	-0.498082	-1.245370	 0.351777
 0.339203	-0.432808	-0.499708	-0.487708	 0.445801	 0.280239	-0.498513	 0.495342	 0.499396	-0.498082	-1.240388	 0.351777
 0.364531	-0.432805	-0.499708	-0.493601	 0.445801	 0.280239	-0.498513	 0.497286	 0.499442	-0.498082	-1.235427	 0.351777
-0.122805	-0.432803	-0.499708	-0.496547	 0.445801	 0.280239	-0.498513	-0.001741	 0.499464	 0.001918	-1.230485	 0.351777
-0.365253	-0.432802	-0.499708	-0.498020	 0.445801	 0.280239	-0.498513	-0.250253	 0.499476	 0.250914	-1.225563	 0.351777
 0.014739	-0.432802	-0.499708	-0.498757	 0.445801	 0.280239	-0.498513	 0.125491	 0.499481	-0.124588	-1.220661	 0.351777
 0.204734	-0.432801	-0.499708	-0.499125	 0.445801	 0.280239	-0.498513	 0.312360	 0.499484	-0.311339	-1.215778	 0.351777
 0.299732	-0.432801	-0.499708	-0.499309	 0.445801	 0.280239	-0.498513	 0.405795	 0.499486	-0.404714	-1.210915	 0.351777
 0.347231	-0.432801	-0.499708	-0.499401	 0.445801	 0.280239	-0.498513	 0.452512	 0.499486	-0.451402	-1.206072	 0.351777
 0.370981	-0.432801	-0.499708	-0.499447	 0.445801	 0.280239	-0.498513	-0.024129	 0.499487	-0.474746	-1.201247	 0.351777
 0.382855	-0.432801	-0.499708	-0.499470	 0.445801	 0.280239	-0.498513	-0.261448	 0.499487	-0.486418	-1.196442	 0.351777
 0.388793	-0.432801	-0.499708	-0.499482	 0.445801	 0.280239	-0.498513	-0.380108	 0.499487	-0.492254	-1.191656	 0.351777
 0.391761	-0.432801	-0.499708	-0.499488	 0.445801	 0.280239	-0.498513	 0.060562	 0.499487	-0.495172	-1.186890	 0.351777
 0.393246	-0.432801	-0.499708	-0.499491	 0.445801	 0.280239	-0.498513	 0.279895	 0.499487	-0.496631	-1.182142	 0.351777
-0.106012	-0.432801	-0.499708	-0.499492	 0.445801	 0.280239	-0.498513	-0.110439	 0.499487	-0.497360	-1.177414	 0.351777
-0.354431	-0.432801	-0.499708	-0.499493	 0.445801	 0.280239	-0.498513	-0.304604	 0.499487	-0.497725	-1.172704	 0.351777
 0.022566	-0.432801	-0.499708	-0.499493	 0.445801	 0.280239	-0.498513	 0.098313	 0.499487	-0.497907	-1.168013	 0.851777
 0.211064	-0.432801	-0.499708	-0.499493	 0.445801	 0.280239	-0.498513	 0.298770	 0.499487	-0.497998	-1.163341	 1.099074
 0.305313	-0.432801	-0.499708	 0.000507	 0.445801	 0.280239	-0.498513	-0.101002	 0.499487	-0.498044	-1.158688	 0.720029
 0.352438	-0.432801	-0.499708	 0.249506	 0.445801	 0.280239	-0.498513	-0.299887	 0.499487	-0.498067	-1.154053	 0.530507
 0.376000	-0.432801	-0.499708	 0.374005	 0.445801	 0.280239	-0.498513	-0.399329	 0.499487	-0.498078	-1.149437	 0.435746
 0.387781	-0.432801	-0.499708	-0.063745	 0.445801	 0.280239	-0.498513	 0.050950	 0.499487	-0.498084	-1.144839	 0.888365
 0.393672	-0.432801	-0.499708	-0.281617	 0.445801	 0.280239	-0.498513	 0.275087	 0.499487	-0.498087	-1.140260	 1.111993
 0.396617	-1.432801	-0.499708	 0.109447	 0.445801	 0.280239	-0.498513	 0.387155	 0.499487	 0.001912	-1.135699	 0.721136
 0.398090	-1.927936	-0.499708	 0.303978	 0.445801	 0.280239	-0.498513	 0.443190	 0.499487	 0.250907	-1.131156	 0.525707
 0.398826	-1.170657	-0.499708	-0.098757	 0.445801	 0.280239	-0.498513	 0.471207	 0.499487	-0.124595	-1.126631	 0.427993
 0.399194	-0.792017	-0.499708	-0.299121	 0.445801	 0.280239	-0.498513	 0.485215	 0.499487	-0.311346	-1.122125	 0.379135
-0.100622	-0.602697	-0.499708	-0.399303	 0.445801	 0.280239	-0.498513	-0.007780	 0.499487	-0.404721	-1.117636	 0.354707
-0.349329	-0.508038	-0.499708	-0.449394	 0.445801	 0.280239	-0.498513	-0.253277	 0.499487	-0.451409	-1.113166	 0.342493
-0.472486	-0.460708	-0.499708	-0.474440	 0.445801	 0.280239	-0.498513	-0.376025	 0.499487	-0.474753	-1.108713	 0.336385
-0.032874	-0.437043	-0.499708	 0.013037	 0.445801	 0.280239	-0.498513	-0.437399	 0.499487	-0.486425	-1.104278	 0.333332
 0.186933	-0.425210	-0.499708	 0.255775	 0.445801	 0.280239	-0.498513	-0.468086	 0.499487	-0.492261	-1.099861	 0.331805
 0.296836	-0.419294	-0.499708	 0.377144	 0.445801	 0.280239	-0.498513	 0.016571	 0.499487	-0.495179	-1.095462	 0.331042
 0.351787	-0.416336	-0.499708	 0.437828	 0.445801	 0.280239	-0.498513	 0.257896	 0.499487	-0.496638	-1.091080	 0.330660
-0.120737	-0.414857	-0.499708	-0.031830	 0.445801	 0.280239	-0.498513	-0.121441	 0.499487	-0.497367	-1.086716	 0.830469
-0.355812	-0.414117	-0.499708	-0.265656	 0.445801	 0.280239	-0.498513	-0.310108	 0.499487	-0.497732	-1.082369	 1.077713
-0.472168	-0.413748	-0.499708	 0.117431	 0.445801	 0.280239	-0.498513	-0.404441	-0.000513	-0.497914	-1.078039	 0.698685
-0.529169	-0.413563	-0.499708	 0.307974	 0.445801	 0.280239	-0.498513	-0.451608	-0.249512	-0.498006	-1.073727	 0.509171
-0.556498	-0.413470	-0.499708	 0.403245	 0.445801	 0.280239	-0.498513	-0.475191	-0.374011	-0.498051	-1.069432	 0.414414
-0.568994	-0.413424	-0.499708	-0.049119	 0.445801	 0.280239	-0.498513	 0.013017	 0.063739	-0.498074	-1.065154	 0.867036
-0.574079	-0.413401	-0.499708	-0.274299	 0.445801	 0.280239	-0.498513	 0.256119	 0.281611	-0.498085	-1.060894	 1.090707
-0.575463	-0.413389	-0.499708	-0.386888	 0.445801	 0.280239	-0.498513	-0.122330	 0.390547	-0.498091	-1.056650	 0.699914
-0.575002	-0.413384	-0.499708	-0.443183	 0.445801	 0.280239	-0.498513	-0.310554	 0.445015	-0.498094	-1.052424	 0.504518
-0.073622	-0.413381	-0.499708	 0.028670	 0.445801	 0.280239	-0.498513	 0.095335	 0.472249	-0.498095	-1.048214	 0.406819
 0.177068	-0.413379	-0.499708	 0.263595	 0.445801	 0.280239	-0.498513	 0.297277	 0.485866	-0.498096	-1.044021	 0.357970
 0.302413	-0.413378	-0.499708	-0.118942	 0.445801	 0.280239	-0.498513	-0.101752	 0.492675	-0.498096	-1.039845	 0.833546
 0.365085	-0.413378	-0.499708	-0.309208	 0.445801	 0.280239	-0.498513	-0.300265	 0.496079	-0.498097	-1.035686	 1.068715
 0.396422	-0.413378	-0.499708	-0.404341	 0.445801	 0.280239	-0.498513	-0.399522	 0.497781	-0.498097	-1.031543	 1.183692
-0.087910	-0.413378	-0.499708	-0.451907	 0.445801	 0.280239	-0.498513	 0.050850	 0.498632	-0.498097	-1.027417	 1.238583
-0.328932	-0.413378	-0.499708	-0.475691	 0.445801	 0.280239	-0.498513	 0.275033	 0.499058	-0.498097	-1.023307	 1.263442
-0.448303	-0.413378	-0.499708	-0.487582	 0.445801	 0.280239	-0.498513	 0.387125	 0.499270	-0.498097	-1.019214	 1.273295
-0.506853	-0.413378	-0.499708	-0.493528	 0.445801	 0.280239	-0.498513	 0.443171	 0.499377	-0.498097	-1.015137	 1.275655
-0.034997	-0.413378	-0.499708	 0.003499	-0.054199	 0.280239	-0.498513	 0.471194	 0.499430	-0.498097	-1.011076	 1.274279
 0.200931	-0.413378	-0.499708	 0.251011	-0.303091	 0.280239	-0.498513	 0.485205	 0.499457	-0.498097	-1.007032	 1.271045
 0.318895	-0.413378	-0.499708	-0.125232	 0.073568	 0.280239	-0.498513	-0.007789	 0.499470	-0.498097	-1.003004	 0.766892
 0.377877	-0.413378	-0.499708	-0.312351	 0.261897	 0.280239	-0.498513	-0.253284	 0.499477	-0.498097	-0.998992	 0.514816
 0.407368	-0.413378	-0.499708	-0.405911	 0.356061	 0.280239	-0.498513	-0.376032	 0.499480	-0.498097	-0.994996	 0.388778
 0.422113	-0.413378	-0.499708	-0.452690	 0.403144	 0.280239	-0.498513	 0.062594	 0.499482	 0.001903	-0.991016	 0.325759
 0.429486	-0.413378	-0.499708	-0.476080	 0.426685	 0.280239	-0.498513	 0.280904	 0.499482	 0.250899	-0.987052	 0.294249
 0.433173	-0.913378	-0.499708	-0.487775	 0.438455	 0.280239	-0.498513	 0.390060	 0.499483	-0.124602	-0.983104	 0.278495
 0.435016	-1.160551	-0.499708	-0.493623	 0.444341	 0.280239	-0.498513	 0.444637	 0.499483	-0.311353	-0.979171	 0.270617
 0.435937	-0.781322	-0.499708	-0.496546	 0.447283	 0.280239	-0.498513	-0.028074	 0.499483	-0.404729	-0.975255	 0.266679
