-1.428839	-3.558107	 0.249258	-0.481166	-3.459276	-0.498740	-2.170969	-0.249946	 0.618934	-3.436524	-0.498830	 0.498580
-0.930769	-3.450077	-0.126242	-0.481166	-2.945441	-0.498740	-2.068520	 0.125555	 0.524093	-3.421999	-0.498830	 0.498580
-0.681733	-3.389378	-0.312989	-0.481166	-2.683660	-0.498740	-2.013364	 0.312304	 0.476672	-3.407922	-0.498830	 0.498580
-0.557215	-3.352371	-0.406362	-0.481166	-2.547925	-0.498740	-1.981869	 0.405678	 0.452962	-3.394096	-0.498830	 0.498580
-0.494957	-3.827237	-0.453049	-0.481166	-2.975234	-0.498740	-1.962221	 0.452365	 0.441107	-3.380422	-0.498830	 0.498580
-0.463827	-4.056065	-0.476392	-0.481166	-3.182083	-0.498740	-1.948512	 0.475709	 0.435179	-3.366852	-0.498830	 0.498580
-0.448262	-3.661910	-0.488064	-0.481166	-3.278730	-0.498740	-1.937788	 0.487381	 0.432215	-4.353360	-0.498830	 0.498580
-0.440480	-3.458297	-0.493900	-0.481166	-3.320302	-0.498740	-1.928571	 0.493217	 0.430733	-4.835935	-0.498830	 0.498580
-0.936589	-3.849981	-0.496818	-0.481166	-3.334365	-0.498740	-1.920125	 0.496135	 0.429993	-4.066585	-0.498830	 0.498580
-1.181778	-4.037339	-0.498277	-0.481166	-3.334699	-0.498740	-1.912078	 0.497594	 0.429622	-3.675315	-0.498830	 0.498580
-1.301518	-4.122569	-0.499006	-0.481166	-3.328196	-0.498740	-1.904246	 0.498323	 0.429437	-3.473113	-0.498830	 0.498580
-1.358546	-4.156769	-0.499371	-0.481166	-3.318302	-0.498740	-1.896538	 0.498688	 0.429344	-3.365469	-0.498830	 0.498580
-1.384229	-4.165487	-0.499553	-0.481166	-3.306737	-0.498740	-1.888906	 0.498870	 0.429298	-3.305132	-0.498830	 0.498580
-0.894250	-3.661497	-0.499644	-0.481166	-3.294365	-0.498740	-1.881327	-0.001039	 0.429275	-3.268474	-0.498830	 0.498580
-0.649261	-3.403187	-0.499690	-0.481166	-3.281615	-0.498740	-1.873791	-0.249991	 0.429263	-3.243681	-0.498830	 0.498580
-0.526767	-3.767743	-0.499713	-0.481166	-3.268702	-0.498740	-1.866290	 0.125533	 0.429257	-3.724847	-0.498830	 0.498580
-0.465519	-3.941756	-0.499724	-0.481166	-3.255734	-0.498740	-1.858822	 0.312292	 0.429254	-3.957018	-0.498830	 0.498580
-0.934896	-3.520531	-0.499730	-0.481166	-3.242764	-0.498740	-1.851385	 0.405672	 0.429253	-3.564725	-0.498830	 0.498580
-1.166775	-3.303720	-0.499733	-0.481166	-3.229820	-0.498740	-1.843979	 0.452362	 0.429252	-3.362234	-0.498830	 0.498580
-0.779918	-3.689140	-0.499734	-0.481166	-3.216914	-0.498740	-1.836602	 0.475707	 0.429252	-3.254669	-0.498830	 0.498580
-0.586489	-3.873701	-0.499735	-0.481166	-3.204053	-0.498740	-1.829256	 0.487380	 0.429252	-3.194592	-0.498830	 0.498580
-0.489775	-3.957865	-0.499735	-0.481166	-3.191240	-0.498740	-1.821939	 0.493216	 0.429252	-3.158284	-0.498830	 0.498580
-0.941418	-3.491863	-0.499735	-0.481166	-2.678477	-0.498740	-2.314651	 0.496134	 0.429252	-3.633887	-0.998830	 0.498580
-1.164453	-3.252811	-0.499736	-0.481166	-2.417764	-0.498740	-2.555392	 0.497593	 0.429252	-3.863469	-1.245833	 0.498580
-0.773195	-3.127257	-0.499736	-0.481166	-2.783093	-0.498740	-2.170171	 0.498323	 0.429252	-3.470074	-0.866348	 0.498580
-0.577567	-3.058476	-0.499736	-0.481166	-2.959461	-0.498740	-1.973990	 0.498687	 0.429252	-3.267223	-0.676606	 0.498580
-0.479752	-3.018107	-0.499736	-0.481166	-3.041373	-0.498740	-1.872344	 0.498870	 0.929252	-3.159669	-0.581735	 0.498580
-0.430845	-2.991967	-0.499736	-0.481166	-3.076083	-0.498740	-1.817980	 0.498961	 1.176393	-3.099788	-0.534299	 0.498580
-0.906392	-2.972965	-0.499736	-0.481166	-3.087216	-0.498740	-1.787270	 0.499007	 1.297117	-3.063767	-0.510582	 0.498580
-1.141401	-2.957556	-0.499736	-0.481166	-3.086586	-0.498740	-1.768402	 0.499029	 1.354643	-3.039701	-0.498723	 0.498580
-1.256153	-2.943967	-0.499736	-0.481166	-3.080099	-0.498740	-1.755469	 0.499041	 1.380582	-3.021637	-0.492793	 0.498580
-0.810787	-2.931312	-0.499736	-0.481166	-3.070708	-0.498740	-2.245518	 0.499046	 0.890738	-3.006598	-0.489829	 0.498580
-0.588104	-2.919147	-0.499736	-0.481166	-3.059890	-0.498740	-2.485071	 0.499049	 0.645816	-2.993095	-0.488346	 0.498580
-0.476763	-2.907251	-0.499736	-0.481166	-2.548383	-0.498740	-2.099398	 0.499051	 0.523355	-2.980385	-0.487605	 0.498580
-0.421092	-2.895512	-0.499736	-0.481166	-2.288556	-0.498740	-1.903134	 0.499051	 0.462125	-2.968094	-0.487234	 0.498580
-0.893256	-2.883875	 0.000264	-0.481166	-2.654585	-0.498740	-1.801589	 0.499052	 0.431510	-2.956037	-0.487049	 0.498580
-1.126608	-2.872312	 0.249264	-0.481166	-2.831558	-0.498740	-1.747416	 0.499052	 0.416202	-2.944121	-0.486956	 0.498580
-1.240564	-2.860809	-0.126236	-0.481166	-2.914028	-0.498740	-1.716943	 0.499052	 0.408548	-2.932298	-0.486910	 0.498580
-1.294833	-2.849359	-0.312983	-0.481166	-2.949269	-0.498740	-1.698334	 0.499052	 0.404721	-2.920546	-0.486887	 0.498580
-1.319269	-2.837958	-0.406356	-0.481166	-2.960921	-0.498740	-1.685669	 0.499052	 0.402808	-2.908852	-0.486875	 0.498580
-0.828800	-2.826605	-0.453043	-0.481166	-2.460802	-0.498740	-1.675991	 0.499052	 0.401851	-2.897211	-0.486870	 0.498580
-0.583565	-2.815297	-0.476386	-0.481166	-2.206821	-0.498740	-1.667820	 0.499052	 0.401373	-2.885619	-0.486867	 0.498580
-0.460948	-2.804036	 0.011942	-0.481166	-2.075925	-0.498740	-1.660415	 0.499052	 0.901133	-2.874075	-0.486865	 0.498580
-0.399639	-2.792819	 0.255106	-0.481166	-2.006587	-0.498740	-1.653406	 0.499052	 1.148212	-2.862578	-0.486865	 0.498580
-0.868985	-2.781648	 0.376687	-0.481166	-1.968043	-0.498740	-1.646609	 0.499052	 1.268961	-2.351128	-0.486864	 0.498580
-1.100981	-2.770521	 0.437478	-0.481166	-1.944912	-0.498740	-1.639931	 0.499052	 1.326556	-2.091723	-0.486864	 0.498580
-0.714313	-2.759439	 0.467874	-0.481166	-1.429503	 0.001260	-1.133325	 0.499052	 1.352585	-1.958356	-0.486864	 0.498580
-0.520979	-2.748401	 0.483071	-0.481166	-1.169971	 0.250258	-0.878769	 0.499052	 1.362842	-1.888022	-0.486864	 0.498580
-0.424312	-2.737408	 0.490670	-0.481166	-1.038383	 0.374756	-0.750242	 0.499052	 1.365225	-1.849220	-0.486864	 0.498580
-0.375979	-2.226458	 0.994470	 0.018834	 0.029224	 0.937006	 0.815264	 0.999052	 1.863681	 1.673802	 1.013136	 0.998580
-0.351812	-1.967552	 1.243373	 0.267796	 0.560834	 1.215132	 1.593256	 1.246054	 2.108185	 3.424919	 1.758110	 1.245583
 1.160272	 2.665318	 1.364840	 0.891244	 4.324454	 1.351208	 4.977510	 1.866569	 1.725731	 7.290125	 2.125591	 0.866099
 1.910969	 4.967157	 1.422601	 1.199938	 6.190088	 1.416272	 6.652913	 2.171852	 1.531818	 9.200418	 2.304345	 0.676358
 3.280994	 9.603538	 1.448521	 1.351268	 10.606793	 1.445841	 9.973958	 1.819540	 0.932185	 15.633343	 2.388756	 0.081487
 3.956704	 11.893249	 1.458532	 1.423928	 12.785099	 1.457675	 11.607890	 1.640449	 0.632369	 18.805673	 2.426015	-0.214922
 5.285295	 18.509738	 0.960600	 1.457265	 17.344325	 1.460653	 14.398373	 1.047981	-0.517539	 23.347882	 2.939718	-0.862104
 5.936362	 21.767731	 0.711634	 1.470952	 19.580131	 1.459215	 15.759236	 0.751747	-1.089158	 25.563206	 3.189662	-1.182676
 6.248721	 23.346675	 0.587151	 1.474826	 20.654402	 1.455580	 16.405428	 0.603630	-1.371646	 26.615311	 3.307756	-1.339956
 6.891778	 26.586296	 0.524910	 1.473806	 23.148080	 1.450859	 17.694421	 0.529571	-1.509582	 28.586029	 3.359950	-1.915601
 7.198237	 28.146455	 0.493789	 1.470350	 24.343636	 1.445606	 18.300950	 0.492542	-1.575255	 29.510274	 3.379224	-2.198441
 7.336457	 30.367121	 0.478229	 1.465689	 25.890335	 1.440099	 18.566400	 0.474027	-2.104809	 30.911528	 3.382063	-2.334899
 7.390618	 31.412279	 0.470449	 1.460436	 26.608811	 1.434476	 18.661461	 0.464770	-2.364318	 31.547529	 3.376713	-2.398185
 7.402809	 32.869943	 0.466558	 1.454899	 27.413394	 1.428807	 19.671478	 0.460141	-2.488825	 32.801163	 3.367295	-2.424905
 7.394074	 33.530119	 0.464613	 1.449232	 27.759250	 1.423126	 20.135124	 0.457827	-2.545851	 33.359870	 3.355871	-2.433362
 7.374936	 34.791827	 0.463641	 1.443511	 28.375967	 1.417451	 20.325750	 0.456670	-2.569159	 33.571386	 3.843470	-2.432706
 7.350656	 35.350574	 0.463155	 1.437775	 28.626341	 1.411789	 20.380030	 0.456091	-2.575628	 33.609579	 4.078607	-2.427515
 7.323863	 35.558129	 0.462912	 1.432043	 28.693774	 1.406147	 20.366301	 0.455802	-2.573698	 33.561379	 4.187548	-2.420074
 7.295872	 35.590375	 0.462790	 1.426324	 28.669968	 1.400524	 19.818731	 0.455657	-2.567589	 32.970253	 4.233426	-2.411529
 7.267341	 35.535253	 0.462729	 1.420624	 28.600773	 1.394923	 19.506404	 0.455585	-2.559412	 32.609932	 4.247806	-2.402450
 7.238598	 34.936731	-0.037301	 1.414944	 28.509112	 1.389344	 19.811853	 0.455549	-2.550221	 32.365272	 4.246472	-2.393124
 7.209806	 34.568794	-0.286242	 1.409285	 28.406447	 1.383787	 19.924342	 0.455531	-2.540544	 32.178701	 4.237314	-2.383693
 7.181049	 34.316424	 0.090358	 1.403649	 28.298507	 1.378252	 19.440513	 0.455522	-2.530643	 32.021431	 4.224279	-2.374229
 7.152365	 34.122111	 0.278658	 1.398034	 28.188156	 1.372739	 19.160685	 0.455517	-2.520651	 31.879068	 4.209339	-2.364768
 7.123776	 33.957098	 0.372808	 1.392442	 28.076824	 1.367248	 18.983010	 0.455515	-2.510634	 31.744413	 4.193480	-2.355327
 7.095291	 33.807008	 0.419883	 1.386873	 27.965228	 1.361779	 18.856561	 0.455514	-2.500624	 31.613866	 4.177196	-2.345914
 7.066915	 33.664649	 0.443421	 1.381325	 27.853722	 1.356332	 19.255877	 0.455513	-2.490638	 31.485626	 4.160732	-2.336535
 7.038650	 33.526425	 0.455190	 1.375800	 27.742485	 1.350907	 19.416224	 0.455513	-2.480684	 31.358791	 4.144211	-2.327191
 7.010497	 33.390537	 0.461074	 1.370297	 27.631604	 1.345503	 19.457245	 0.455513	-2.470765	 31.232910	 4.127695	-2.317883
 6.482455	 33.256083	 0.464016	 1.364816	 27.521122	 1.340121	 19.438759	 0.455513	-2.460884	 31.107755	 4.111215	-2.308612
 6.206526	 33.122613	 0.465487	 1.359356	 27.411060	 1.334760	 19.390675	 0.455513	-2.451042	 30.983212	 4.094785	-2.299378
 6.556700	 32.989900	-0.033777	 1.353919	 27.301426	 1.329421	 18.827948	 0.455513	-2.441238	 30.859224	 4.078414	-2.290181
 6.717973	 32.857829	-0.282343	 1.348503	 27.192226	 1.324104	 18.510054	 0.455513	-2.431473	 30.735759	 4.062104	-2.281020
 6.784851	 32.226342	 0.094436	 0.843109	 27.083460	 1.318807	 18.314723	 0.455513	-2.421748	 30.112802	 3.545858	-2.271896
 6.804587	 31.847408	 0.282825	 0.590412	 26.975128	 1.313532	 18.180818	 0.455513	-2.412061	 29.742344	 3.281675	-2.262809
 6.800806	 32.095005	 0.377020	 0.464064	 26.867228	 1.808278	 18.077772	 0.455513	-2.402412	 29.998371	 3.643549	-1.753757
 6.785322	 32.154118	 0.424117	 0.400889	 26.759759	 2.051045	 17.990300	 0.455513	-2.392803	 30.065876	 3.816475	-1.496742
 6.764040	 32.119248	 0.447666	 0.369302	 26.652720	 2.167841	 17.910758	 0.455513	-2.383232	 30.039361	 3.894959	-1.365755
 6.739913	 31.537644	 0.459440	 0.853509	 26.546110	 1.721669	 17.835324	 0.455513	-2.373699	 29.966078	 3.926254	-1.797792
 6.714419	 31.184930	 0.465327	 1.092937	 26.439925	 1.496033	 17.762088	 0.455513	-2.364204	 29.869651	 3.933987	-2.009351
 6.688293	 30.946909	 0.468271	 1.209986	 26.334166	 1.380673	 17.690092	 0.455513	-2.354747	 29.761891	 3.929970	-2.110689
 6.661906	 30.766480	 0.469742	 1.265856	 26.228829	 1.320463	 17.618858	 0.455513	-2.345328	 29.648703	 3.920109	-2.156933
 6.635442	 31.115094	 0.470478	 1.291148	 26.123914	 1.287838	 17.548146	 0.455513	-2.335947	 29.533038	 3.407358	-2.175649
 6.608992	 31.226473	 0.470846	 1.301161	 26.019418	 1.269014	 17.477834	 0.455513	-2.326603	 29.416371	 3.145194	-2.180619
 6.082601	 30.719487	 0.471030	 1.303545	 25.915340	 1.257102	 17.407864	 0.455513	-2.317297	 29.299438	 3.508346	-2.178732
 5.808294	 30.405569	 0.471122	 1.302125	 25.811679	 1.248656	 17.338203	 0.455513	-2.308027	 29.182606	 3.682178	-2.173435
 5.660072	 30.188427	 0.471168	 1.298814	 25.708432	 1.241952	 17.268835	 0.455513	-2.298795	 29.066059	 3.761383	-2.166450
 6.074938	 30.019913	 0.471191	 1.294568	 25.605598	 1.236130	 17.199753	 0.455513	-1.789600	 28.449886	 3.793304	-2.158639
 6.269391	 29.875954	 0.471203	 1.289864	 25.503176	 1.230758	 17.130950	 0.455513	-1.532442	 28.086132	 3.801614	-2.150432
 6.353690	 29.744510	 0.471209	 1.284941	 25.401163	 1.225622	 17.062424	 0.455513	-1.901312	 28.348811	 3.298149	-2.142044
 6.382963	 29.619562	 0.471211	 1.279920	 25.299559	 1.220612	 16.994174	 0.455513	-2.081207	 28.422927	 3.040827	-2.133582
 6.384775	 29.498099	 0.471213	 1.274860	 25.198360	 1.215677	 16.926196	 0.455513	-2.166632	 27.402991	 2.906599	-2.125101
 6.372908	 27.378614	 0.471214	 0.769790	 23.597567	 1.210787	 15.358491	 0.455513	-2.204840	 23.840257	 2.833941	-1.616628
 6.354253	 26.268353	 0.471214	 0.517255	 22.753177	 1.205931	 14.547057	 0.455513	-2.219458	 22.018335	 2.792089	-1.360175
 6.332254	 25.662906	 0.471214	 0.390988	 22.287164	 1.201100	 14.113869	 0.455513	-2.222299	 21.066981	 2.765662	-1.229741
 6.308634	 25.310068	 0.471214	 0.327854	 22.010515	 1.196293	 13.869913	 0.455513	-2.219270	 20.551073	 2.746971	-1.162325
 5.784254	 21.083735	 0.471214	 0.796287	 17.828723	 1.191506	 11.220684	 0.455513	-1.713322	 16.753048	 2.232168	-0.626427
 5.511544	 18.936853	 0.471214	 1.027974	 15.710533	 1.186739	 9.878926	 0.455513	-1.457934	 14.828126	 1.971332	-0.358479
 4.364711	 11.829832	 0.971214	 0.641298	 9.624254	 1.181991	 7.190973	 0.455513	-0.327834	 9.839858	 1.337493	 0.275496
 3.784859	 8.266876	 1.218272	 0.447960	 6.574038	 1.177263	 5.837990	 0.455513	 0.235611	 7.336021	 1.019167	 0.590664
 2.488523	 3.475991	 1.338870	-0.148709	 3.041883	 0.672554	 1.652529	 0.455513	 0.515735	-0.425561	-0.141399	 0.746437
 1.837971	 1.083177	 1.396250	-0.445552	 1.275805	 0.420200	-0.435136	 0.455513	 0.654206	-4.289979	-0.719077	 0.822518
 0.010320	-4.110610	 0.922033	-0.592489	-3.107234	-0.205978	-2.973923	-0.044487	 0.221856	-7.205878	-1.005323	 0.858762
-0.899871	-6.688895	 0.684924	-0.664479	-5.283773	-0.517402	-4.232291	-0.293398	 0.005681	-8.643585	-1.145863	 0.875094
-1.351346	-7.959503	 0.566370	-0.699001	-6.357122	-0.671457	-4.850493	-0.416769	-0.102407	-9.342275	-1.213560	 0.881477
-1.573478	-8.576347	 0.007093	-0.714795	-7.378935	-0.746833	-5.148657	-0.477375	-0.156451	-9.671539	-1.744846	 0.382893
-1.680953	-8.866382	-0.271441	-0.721231	-7.873041	-0.782877	-5.286846	-0.506601	-0.183473	-9.816169	-2.005937	 0.133601
-1.731114	-9.493087	-0.409609	-0.722993	-8.103359	-0.799261	-5.845090	-0.520143	-0.196984	-9.868562	-2.131948	 0.008955
-1.752631	-9.786200	-0.477597	-0.722425	-8.201851	-0.805821	-6.111405	-0.525846	-0.203739	-9.874917	-2.190438	-0.053368
-1.759842	-9.912598	-0.510499	-0.720697	-8.734496	-0.807477	-6.231807	-0.527635	-0.207117	-9.858332	-2.215185	-0.084530
-1.759913	-9.955719	-0.525864	-0.718395	-8.982284	-0.806686	-6.279304	-0.527470	-0.208806	-9.830356	-2.223078	-0.100111
-2.256429	-9.957281	-0.032464	-0.715812	-9.087718	-0.804679	-6.290399	-1.026333	-0.209650	-9.796763	-2.222563	-0.107901
-2.499181	-9.938145	 0.214236	-0.713094	-9.122049	-0.802070	-6.283343	-1.272715	-0.210072	-9.760440	-2.217861	-0.111796
-2.615073	-9.908739	 0.337586	-0.710314	-9.120902	-0.799167	-6.267263	-1.392867	-0.210283	-9.722831	-2.211084	-0.113744
-2.667557	-9.874277	-0.100739	-0.707509	-8.602088	-0.796123	-6.246720	-1.449917	-0.210389	-10.184655	-2.203287	-0.114718
-2.188359	-9.837367	-0.318823	-0.704697	-8.826515	-0.793015	-6.223997	-0.975428	-0.210442	-9.894275	-2.194998	-0.115204
-1.945342	-9.799311	-0.426791	-0.701888	-8.920627	-0.789881	-6.200232	-0.737182	-0.210468	-9.729877	-2.186479	-0.115448
-2.320428	-9.760760	-0.479706	-0.699085	-8.949653	-0.786740	-6.175997	-1.118059	-0.210481	-9.628547	-2.177864	-0.115570
-2.502581	-9.722040	-0.505098	-0.696291	-8.946209	-0.783603	-6.151576	-1.305499	-0.210488	-9.558827	-2.169218	-0.115630
-2.588287	-9.683314	-0.516733	-0.693507	-8.926601	-0.780473	-6.127111	-1.396234	-0.210491	-9.504989	-2.160574	-0.115661
-2.125793	-9.644661	-0.521494	-1.190733	-8.898983	-0.777354	-6.102674	-0.938627	-0.210493	-9.459168	-2.151948	-0.115676
-1.891219	-9.606123	-0.522822	-1.435971	-8.867432	-0.774245	-6.078298	-0.709824	-0.210494	-9.417431	-2.143349	-0.115684
-1.770618	-9.567719	-0.522438	-1.555227	-8.833984	-0.771149	-6.054003	-0.595422	-0.210494	-9.377811	-2.134779	-0.115688
-2.207018	-9.529458	-0.521201	-1.111506	-8.299659	-0.768065	-6.029796	-0.538221	-0.210494	-9.339324	-2.126242	-0.115689
-2.419931	-9.491345	-0.519543	-0.888310	-8.516966	-0.764993	-6.005681	-1.009621	-0.210494	-9.301479	-2.117738	 0.384310
-2.521122	-9.453382	-0.517678	-0.775382	-8.608151	-0.761933	-5.981660	-1.242359	-0.210494	-9.264030	-2.109268	 0.632541
-2.566473	-9.415570	-0.515714	-0.717593	-8.136345	-0.758885	-5.957735	-0.855777	-0.210494	-9.226852	-2.100831	 0.254894
-2.583925	-9.377908	-0.513705	-0.687379	-7.885113	-0.755850	-5.933904	-0.662487	-0.210494	-9.189883	-2.092428	 0.066071
-2.087448	-9.340397	-0.511677	-0.670957	-8.244229	-0.752826	-5.910169	-0.565841	-0.210494	-9.153093	-2.084058	 0.471660
-1.836028	-9.303036	-0.509643	-0.661437	-8.406580	-0.749815	-5.886528	-0.517519	-0.210494	-9.116466	-2.075722	 0.672700
-1.707148	-9.265824	-0.507611	-0.655374	-8.470618	-0.746816	-5.862982	-0.493357	-0.210494	-9.079992	-2.067419	 0.771472
-2.139552	-9.228760	-0.505584	-0.651043	-8.485568	-0.743828	-5.839530	-0.481277	-0.210494	-9.043668	-1.559149	 0.819118
-2.350610	-9.191845	-0.503564	-0.647585	-8.476041	-0.740853	-5.816172	-0.475236	-0.210494	-9.007492	-1.302913	 0.841207
-1.951015	-9.155078	-0.501550	-0.644567	-7.954345	-0.737890	-5.792908	-0.472216	-0.210494	-8.971461	-1.672701	 0.850525
-1.748115	-9.118458	-0.500544	-0.641775	-7.678632	-0.734938	-5.769736	-0.470706	-0.210494	-8.935575	-1.853510	 0.853464
-2.143575	-9.081984	-0.500040	-0.639101	-7.525969	-0.731998	-5.746657	-0.469951	-0.210494	-8.899832	-1.439846	 0.853221
-2.336227	-9.045656	-0.499789	-0.636491	-7.434891	-0.729070	-5.723671	-0.469573	-0.210494	-8.864233	-1.230962	 0.851394
-1.927495	-9.509473	-0.499663	-0.633919	-7.374665	-0.726154	-5.700776	-0.469385	 0.289506	-8.828776	-1.124476	 0.848781
-1.720091	-9.721435	-0.499600	-0.631370	-7.329923	-0.723249	-5.677973	-0.469290	 0.537926	-8.793461	-1.069196	 0.845782
-1.613364	-9.807550	-0.499568	-0.628838	-7.292981	-0.720356	-5.655261	-0.469243	 0.660564	-8.758287	-1.039529	 0.842597
-2.056987	-9.330819	-0.499553	-0.626319	-7.259999	-0.717475	-5.632640	-0.469219	 0.720317	-8.723254	-1.022676	 0.839326
-2.273798	-9.074746	-0.499545	-0.623812	-7.229053	-0.714605	-5.610109	-0.469208	 0.748633	-8.688360	-1.012237	 0.836018
-2.377222	-8.929072	-0.499541	-0.621316	-7.199184	-0.711747	-5.587669	-0.469202	 0.761237	-8.653607	-1.005015	 0.832699
-2.423972	-8.838668	-0.499539	-0.618830	-7.169911	-0.708900	-5.565318	-0.469199	 0.765991	-8.618993	-0.999408	 0.829380
-2.442406	-8.775970	-0.499538	-0.616355	-7.140993	-0.706064	-5.543057	-0.469197	 0.766827	-8.584517	-0.994616	 0.826069
-2.446702	-8.727194	-0.499537	-0.613889	-7.112310	-0.703240	-5.520885	-0.469197	 0.765710	-8.550179	-0.990241	 0.822768
-2.443947	-8.685450	-0.499537	-0.611434	-7.083801	-0.700427	-4.998801	-0.469196	 0.763622	-8.515978	-0.986082	 0.819478
-2.437688	-8.647290	-0.499537	-0.608988	-7.055436	-0.697625	-4.728806	-0.469196	 0.761055	-8.481914	-0.982038	 0.816201
-2.429695	-8.610992	-0.499537	-0.606552	-7.027200	-0.694835	-4.584891	-0.469196	 0.758254	-8.447986	-0.978061	 0.812937
-1.920855	-8.575693	-0.499537	-0.604126	-6.999084	-0.692055	-5.004051	-0.469196	 0.755343	-8.414194	-0.974124	 0.309685
-1.663611	-8.540963	-0.499537	-0.601709	-6.971083	-0.689287	-5.202785	-0.469196	 0.752383	-8.380538	-0.970215	 0.058059
-1.532177	-8.506586	-0.499537	-0.599302	-6.943197	-0.686530	-5.291349	-0.469196	 0.749404	-8.347015	-1.466328	 0.432247
-1.463658	-8.472452	-0.499537	-0.596905	-6.915424	-0.683784	-5.324871	-0.469196	 0.746421	-8.313627	-1.710459	 0.617727
-1.426608	-8.438509	-0.499537	-0.594517	-6.887761	-0.681049	-5.330915	-0.469196	 0.743443	-8.280373	-1.328616	 0.708861
-1.405304	-8.404729	-0.499537	-0.592139	-6.860210	-0.678325	-5.323263	-0.469196	 0.740473	-8.247251	-1.135801	 0.752828
-1.391884	-8.371096	-0.499537	-0.589771	-6.832769	-0.675611	-5.308806	-0.469196	 0.237513	-8.214262	-1.037507	 0.773218
-1.382417	-8.337605	-0.499537	-0.587412	-6.805438	-0.672909	-5.290989	-0.469196	-0.013967	-8.181405	-0.986482	 0.781826
-1.874938	-8.304251	-0.499537	-0.585062	-6.778216	-0.670217	-5.271534	-0.469196	 0.360293	-8.148680	-0.959098	 0.784549
-2.116463	-8.271033	-0.499537	-0.582722	-6.751103	-0.667536	-5.251302	-0.469196	 0.545954	-8.116085	-0.943543	 0.784336
-2.232510	-8.237948	-0.499537	-0.580391	-6.724099	-0.664866	-5.230724	-0.469196	 0.637321	-8.083621	-0.933910	 0.782661
-1.785836	-8.204996	-0.499537	-0.578069	-6.697203	-0.662207	-4.710015	-0.469196	 0.681548	-8.051286	-0.927244	 0.780262
-1.559821	-8.172175	-0.499537	-0.575757	-6.670414	-0.659558	-4.441282	-0.469196	 0.702209	-8.019081	-0.922070	 0.777506
-1.944146	-8.139487	 0.000463	-0.573454	-6.643732	-0.656920	-4.798570	-0.469196	 0.711094	-7.987005	-0.917650	 0.774579
-2.131651	-8.106929	 0.249462	-0.571160	-6.617157	-0.654292	-4.966903	-0.469196	 0.714097	-7.955057	-0.913613	 0.771572
-2.220766	-8.074501	-0.126038	-0.568876	-6.590689	-0.651675	-5.040798	-0.469196	 0.714164	-7.923236	-0.909775	 0.768532
-2.260703	-8.042203	-0.312785	-0.566600	-6.564326	-0.649068	-5.067517	-0.469196	 0.712769	-7.891543	-0.906045	 0.765480
-2.276071	-8.010034	-0.406159	-0.564334	-6.538068	-0.646472	-5.070688	-0.469196	 0.710649	-7.859977	-0.902375	 0.762430
-2.279172	-7.977994	-0.452846	-0.562076	-6.511916	-0.643886	-5.062125	-0.469196	 0.708172	-7.828537	-0.898742	 0.759386
-2.276157	-7.946082	-0.476189	-0.559828	-6.485869	-0.641310	-5.047737	-0.469196	 0.705522	-7.797223	-0.895136	 0.756351
-2.270104	-7.914298	-0.487861	-0.557589	-6.459925	-0.638745	-5.030476	-0.469196	 0.702791	-7.766034	-0.891550	 0.753327
-2.262549	-7.882640	-0.493697	-0.555358	-6.434085	-0.636190	-5.011819	-0.469196	 0.700025	-7.734970	-0.887981	 0.750315
-2.254262	-7.851110	-0.496615	-0.553137	-6.408349	-0.633645	-4.992504	-0.469196	 0.697248	-7.704030	-0.884427	 0.747314
-2.245626	-7.819705	-0.498074	-0.550924	-6.382716	-0.631111	-4.972901	-0.469196	 0.694470	-7.673214	-0.880889	 0.744325
-2.236835	-7.788427	-0.498803	-0.548721	-6.357185	-0.628586	-4.953192	-0.469196	 0.691698	-7.642521	-0.877365	 0.741347
-1.727983	-7.757273	-0.499168	-0.546526	-6.331756	-0.626072	-4.933471	-0.469196	 0.688934	-7.111951	-1.373855	 0.738382
-1.471118	-7.726244	-0.499350	-0.544340	-6.306429	-0.623568	-4.913783	-0.469196	 0.686180	-6.833503	-1.618360	 0.735428
-1.340258	-7.695339	-0.499441	-0.542162	-6.281203	-0.621073	-4.894151	-0.469196	 0.683436	-6.681169	-1.236886	 0.732487
-1.272409	-7.664557	-0.499487	-0.539994	-6.256078	-0.618589	-4.874586	-0.469196	 0.680703	-6.591945	-1.044439	 0.729557
-1.236075	-7.633899	-0.499510	-0.537834	-6.231054	-0.616115	-4.855093	-0.469196	 0.677980	-6.534327	-0.946511	 0.726639
-1.715509	-7.603364	-0.499521	-0.535682	-6.206130	-0.613650	-4.835675	-0.469196	 0.675268	-6.992565	-0.895850	 0.723732
-1.950835	-7.572950	-0.499527	-0.533540	-6.181305	-0.611196	-4.816334	-0.469196	 0.672567	-7.206782	-0.868829	 0.720837
-1.564127	-7.542658	-0.499530	-0.531406	-6.156580	-0.608751	-4.797070	-0.469196	 0.669877	-7.299049	-1.353635	 0.717954
-1.368417	-7.512488	-0.499531	-0.529280	-6.131954	-0.606316	-4.777882	-0.469196	 0.667197	-7.330399	-1.592361	 0.715082
-1.768217	-7.482438	-0.499532	-0.527163	-6.107426	-0.603891	-4.758770	-0.469196	 0.664529	-7.331351	-1.208062	 0.712222
-1.963781	-7.452508	-0.499532	-0.525054	-6.082996	-0.601475	-4.739735	-0.469196	 0.661871	-7.317162	-1.014265	 0.709373
-1.557245	-7.422698	-0.499532	-0.522954	-6.058664	-0.599069	-4.720776	-0.469196	 0.159223	-7.295462	-0.915725	 0.706535
-1.351675	-7.393007	-0.499532	-0.520862	-6.034430	-0.596673	-4.701893	-0.469196	-0.092101	-7.270064	-0.864821	 0.703709
-1.246598	-7.363435	-0.499532	-0.518779	-6.010292	-0.594286	-4.683086	-0.469196	-0.217763	-7.242876	-0.837741	 0.700894
-1.691776	-7.333981	 0.000467	-0.516704	-5.986251	-0.591909	-4.164353	-0.469196	 0.219407	-7.214851	-0.822580	 0.698091
-1.910091	-7.304645	 0.249467	-0.514637	-5.962306	-0.589541	-3.897696	-0.469196	 0.436678	-7.186464	-0.813385	 0.695298
-2.014992	-7.275427	-0.126034	-0.512578	-5.938457	-0.587183	-4.257105	-0.469196	 0.544006	-6.657955	-0.807178	 0.692517
-2.063203	-7.246325	-0.312781	-0.510528	-5.914703	-0.584835	-4.427577	-0.469196	 0.596367	-6.381441	-0.802473	 0.689747
-1.583085	-7.217340	-0.406155	-0.508486	-5.891044	-0.582495	-4.503616	-0.469196	 0.621250	-6.230975	-0.798525	 0.686988
-1.340821	-7.188471	-0.452841	-0.506452	-5.867480	-0.580165	-4.532477	-0.469196	 0.632399	-6.143581	-0.794962	 0.684240
-1.217491	-7.159717	-0.476185	-0.504426	-5.844010	-0.577845	-4.537785	-0.469196	 0.136687	-6.587771	-0.791598	 0.681503
-1.153638	-7.131078	-0.487857	-0.502408	-5.820634	-0.575533	-4.531352	-0.469196	-0.111169	-6.795802	-0.788339	 0.678777
-1.119532	-7.102553	-0.493692	-0.500399	-5.797351	-0.573231	-4.519086	-0.469196	-0.235097	-6.885810	-0.785140	 0.676062
-1.100308	-7.074143	-0.496610	-0.499394	-5.774162	-0.570938	-4.003940	-0.469196	 0.202939	-6.916863	-0.781976	 0.673358
-1.088534	-7.045847	-0.498069	-0.498891	-5.751065	-0.568654	-3.739389	-0.469196	 0.420675	-6.918493	-0.778837	 0.670664
-1.080493	-7.017663	-0.498799	-0.498640	-5.728061	-0.566380	-4.100163	-0.469196	 0.528266	-6.405468	-0.775716	 0.667982
-1.074328	-6.989593	-0.499164	-0.498515	-5.705149	-0.564114	-4.271629	-0.469196	 0.580790	-6.137170	-0.772610	 0.665310
-1.069109	-6.961634	-0.499346	-0.498452	-5.682328	-0.561858	-4.348476	-0.469196	 0.605785	-5.991284	-0.769518	 0.662649
-1.064372	-6.933788	-0.499437	-0.498420	-5.659599	-0.559610	-4.378048	-0.469196	 0.617021	-5.906650	-0.766439	 0.659998
-1.559884	-6.906053	-0.499483	-0.498405	-5.636960	-0.557372	-3.884019	-0.469196	 0.621383	-5.852689	-0.763373	 0.657358
-1.803529	-6.878428	-0.499505	-0.498397	-5.614413	-0.555142	-3.630225	-0.469196	 0.622312	-5.814111	-0.760319	 0.654729
-1.921258	-6.850915	-0.499517	-0.498393	-5.591955	-0.552922	-3.496575	-0.469196	 0.621530	-5.783271	-0.757278	 0.652110
-1.976044	-6.323511	-0.499523	-0.498391	-5.569587	-0.550710	-3.423024	-0.469196	 0.619898	-6.256346	-0.754249	 0.649501
-1.999375	-6.048217	-0.499525	-0.498390	-5.547309	-0.548507	-3.379550	-0.469196	 0.617845	-6.479425	-0.751232	 0.646903
-1.506996	-6.399024	-0.499527	-0.498389	-5.525120	-0.546313	-3.851140	-0.469196	 0.615587	-6.577559	-0.748227	 0.644316
-1.258777	-6.560928	-0.499528	-0.498389	-5.503019	-0.544128	-4.078290	-0.469196	 0.613231	-6.613275	-0.745234	 0.641738
-1.632646	-6.628434	-0.499528	-0.498389	-5.481007	-0.541952	-4.183254	-0.469196	 0.610832	-6.117835	-1.242253	 0.639171
-1.815568	-6.648796	-0.499528	-0.498389	-5.459083	-0.539784	-4.227160	-0.469196	 0.608415	-5.858870	-1.487284	 0.636615
-1.403031	-6.145638	-0.499528	-0.498389	-5.437247	-0.537625	-4.240570	-0.469196	 0.605995	-5.718188	-1.106335	 0.634068
-1.194782	-5.882774	-0.499528	-0.498389	-5.415498	-0.535474	-4.238768	-0.469196	 0.603577	-5.636692	-0.914409	 0.631532
-1.088685	-5.740102	-0.499528	-0.498389	-5.393836	-0.533332	-4.229392	-0.469196	 0.601166	-5.584833	-0.817002	 0.629006
-1.033671	-6.157572	-0.499528	-0.498389	-5.372260	-0.531199	-3.716265	-0.469196	 0.598763	-5.547838	-0.766859	 0.626490
-1.004206	-6.353156	-0.499528	-0.498389	-5.350771	-0.529074	-3.453295	-0.469196	 0.596369	-5.518319	-0.740354	 0.623984
-1.487525	-6.437851	 0.000472	-0.498389	-5.329368	-0.526958	-3.815429	-0.469196	 0.593984	-5.992581	-0.725674	 0.621488
-1.725242	-6.467153	 0.249471	-0.498389	-5.308051	-0.524850	-3.988141	-0.469196	 0.591608	-6.216779	-0.716912	 0.619002
-1.840175	-6.468812	-0.126030	-0.498389	-5.286818	-0.522751	-4.066175	-0.469196	 0.589242	-5.815996	-0.711114	 0.616526
-1.893731	-6.456700	-0.312777	-0.498389	-5.265671	-0.520660	-4.096904	-0.469196	 0.586885	-5.604774	-0.706805	 0.614060
-1.916615	-6.437755	-0.406150	-0.498389	-5.244609	-0.518577	-3.604013	 0.030804	 0.584538	-5.488376	-0.703245	 0.611604
-1.924178	-6.415444	-0.452837	-0.498389	-5.223630	-0.516503	-3.351345	 0.279742	 0.582200	-5.419433	-0.700066	 0.609157
-1.924096	-6.391503	-0.476181	-0.498389	-5.202736	-0.514437	-3.218814	 0.403154	 0.579871	-5.374260	-0.697083	 0.606721
-1.420206	-6.366797	-0.487852	-0.498389	-5.181925	-0.512379	-3.146376	-0.036193	 0.577551	-5.341016	-0.694203	 0.604294
-1.166429	-6.341760	-0.493688	-0.498389	-5.161197	-0.510329	-3.104009	-0.255866	 0.575241	-5.313778	-0.691380	 0.601876
-1.537715	-6.316608	-0.496606	-0.498389	-5.140552	-0.508288	-3.076702	-0.365703	 0.572940	-5.289586	-0.688592	 0.599469
-1.719540	-6.291449	-0.498065	-0.498389	-5.119990	-0.506255	-3.056950	-0.420622	 0.570648	-5.266960	-0.685826	 0.597071
-1.306650	-6.266337	-0.498795	-0.498389	-5.099510	-0.504230	-3.041000	-0.448081	 0.568366	-5.245158	-0.683077	 0.594683
-1.098418	-6.241299	-0.499159	-0.498389	-5.079112	-0.502213	-3.026974	-0.461811	 0.566092	-5.223810	-0.680342	 0.592304
-0.992521	-6.216347	-0.499342	-0.498389	-5.058795	-0.500204	-3.013936	-0.468675	 0.563828	-5.202731	-0.677619	 0.589935
-0.937799	-6.191488	-0.499433	-0.498389	-5.038560	-0.499200	-3.001415	-0.472108	 0.561573	-5.181828	-0.674908	 0.587575
-0.908672	-6.166726	-0.499478	-0.498389	-5.018406	-0.498697	-2.989176	-0.473824	 0.559326	-5.161055	-0.672208	 0.585225
-1.392350	-6.142061	-0.499501	-0.498389	-4.998332	-0.498446	-2.977103	-0.474682	 0.557089	-5.640388	-0.669519	 0.582884
-1.630436	-6.117493	-0.499513	-0.498389	-4.978339	-0.498321	-2.965137	-0.475111	 0.554861	-5.867815	-0.666841	 0.580552
-1.745743	-6.093024	-0.499518	-0.498389	-4.958426	-0.498258	-3.453247	-0.475326	 0.552641	-5.469338	-0.664173	 0.578230
-1.799674	-6.068652	-0.499521	-0.498389	-4.938592	-0.498227	-3.689420	-0.475433	 0.550431	-5.259958	-0.661517	 0.575917
-1.822932	-6.044377	-0.499523	-0.498389	-4.918838	-0.498211	-3.799655	 0.024514	 0.548229	-5.145166	-0.658871	 0.573614
-1.830869	-6.020200	-0.499523	-0.498389	-4.899162	-0.498203	-3.846952	 0.273438	 0.546036	-5.077710	-0.656235	 0.571319
-1.331160	-5.996119	-0.499524	-0.498389	-4.879566	-0.498199	-3.362813	-0.103145	 0.543852	-5.033961	-0.653610	 0.569034
-1.079642	-5.972135	-0.499524	-0.498389	-4.860047	-0.498197	-3.114986	-0.291436	 0.541676	-5.002107	-0.650996	 0.566758
-0.952227	-5.948246	-0.499524	-0.498389	-4.840607	-0.498196	-2.985338	-0.385582	 0.539510	-4.976239	-0.648392	 0.564491
-1.386870	-5.924453	-0.499524	-0.498389	-4.821245	-0.498196	-2.914802	 0.067345	 0.537352	-4.953404	-0.645798	 0.562233
-1.600548	-5.900755	-0.499524	-0.498389	-4.801960	-0.498195	-2.873846	 0.292768	 0.535202	-4.932126	-0.643215	 0.559984
-1.203759	-5.877152	-0.499524	-0.498389	-4.782752	-0.498195	-3.347702	 0.404444	 0.533062	-4.911665	-0.640642	 0.557744
-1.003751	-5.853644	-0.499524	-0.498389	-4.763621	-0.498195	-3.576987	 0.459249	 0.530929	-4.891652	-0.638080	 0.555513
-1.402139	-5.830229	-0.499524	-0.498389	-4.744566	-0.498195	-3.684017	 0.485624	 0.528806	-4.871902	-0.635527	 0.553291
-1.597732	-5.806908	-0.499524	-0.498389	-4.725588	-0.498195	-3.729950	 0.497787	 0.526690	-4.852323	-0.632985	 0.551078
-1.691942	-5.283680	-0.499524	-0.498389	-4.706686	-0.498195	-3.745365	 0.502849	 0.524584	-4.832868	-0.630453	 0.548873
-1.735474	-5.012546	-0.499524	-0.498389	-4.687859	-0.498195	-3.745551	 0.504364	 0.522485	-4.813513	-0.627931	 0.546678
-1.753683	-4.867496	-0.499524	-0.498389	-4.669108	-0.498195	-3.738152	 0.504109	 0.520395	-4.794248	-0.625420	 0.544491
-1.759243	-5.285526	-0.499524	-0.498389	-4.650431	-0.498195	-3.226991	 0.002975	 0.518314	-4.775065	-0.622918	 0.542313
-1.758494	-5.483133	-0.499524	-0.498389	-4.631830	-0.498195	-2.965979	-0.247593	 0.516240	-4.755962	-0.620426	 0.540144
-1.754603	-5.570576	-0.499524	-0.498389	-4.613302	-0.498195	-3.330063	 0.127123	 0.514175	-5.236937	-0.617945	 0.537983
-1.749157	-5.602981	-0.499524	-0.498389	-4.594849	-0.498195	-3.504717	 0.313478	 0.512119	-5.465988	-0.615473	 0.535831
-1.242946	-5.107913	-0.499524	-0.498389	-4.576470	-0.498195	-3.084685	-0.093345	 0.510070	-5.569124	-0.613011	 0.533688
-0.988367	-4.851153	-0.499524	-0.498389	-4.558164	-0.498195	-2.869340	-0.295756	 0.508030	-5.609347	-0.610559	 0.531553
-0.859610	-4.713585	-0.499524	-0.498389	-4.539931	-0.498195	-2.756359	-0.396961	 0.505998	-5.618160	-0.608117	 0.529427
-0.793770	-4.635648	-0.499524	-0.498389	-4.521771	-0.498195	-2.694582	-0.447564	 0.503974	-5.611312	-0.605684	 0.527309
-1.259394	-4.587565	-0.499524	-0.498389	-4.503684	-0.498195	-2.658428	-0.472866	 0.501958	-5.596679	-0.603261	 0.525200
-1.488756	-4.554444	-0.499524	-0.498389	-4.485670	-0.498195	-2.635106	-0.485516	 0.500950	-5.578199	-0.600848	 0.523099
-1.600001	-4.528841	-0.499524	-0.498389	-4.467727	-0.498195	-2.618222	-0.491842	 0.500446	-5.557839	-0.598445	 0.521007
-1.652201	-4.507033	-0.499524	-0.498389	-4.449856	-0.498195	-2.604577	 0.004996	 0.500194	-5.036584	-1.096051	 0.518923
-1.674892	-4.487158	-0.499524	-0.498389	-4.432057	-0.498195	-2.592573	 0.252411	 0.500068	-4.766926	-1.341667	 0.516847
-1.182842	-4.968287	-0.499524	-0.498389	-4.414328	-0.498195	-2.581409	 0.376118	 0.500005	-4.623103	-0.961300	 0.514780
-0.935436	-5.197952	-0.499524	-0.498389	-4.396671	-0.498195	-2.570687	 0.437972	 0.499974	-4.542232	-0.769955	 0.512721
-0.810357	-5.301929	-0.499524	-0.498389	-4.379084	-0.998195	-3.060206	-0.031101	 0.499958	-4.492875	-0.673125	 0.510670
-0.746447	-5.343106	-0.499524	-0.498389	-4.361568	-1.245199	-3.297866	-0.264637	 0.499950	-4.459309	-0.623558	 0.508627
-1.213127	-5.352926	-0.499524	-0.498389	-4.344122	-0.865716	-2.909625	-0.381406	 0.499946	-4.433674	-0.597626	 0.506593
-1.443107	-5.347110	-0.499524	-0.498389	-4.326745	-0.675975	-2.710462	-0.439790	 0.499944	-4.412041	-0.583517	 0.504566
-1.554751	-5.333520	-0.499524	-0.498389	-4.309438	-0.581104	-2.605858	-0.468982	 0.499943	-4.392443	-0.575323	 0.502548
-1.107240	-5.316085	-0.499524	-0.498389	-4.292200	-0.533669	-3.048553	-0.483578	 0.499943	-4.373899	-0.570092	 0.500538
-0.882165	-5.296770	-0.499524	-0.498389	-4.275032	-0.509951	-3.262918	-0.490876	 0.499942	-4.355916	-0.566347	 0.499533
-0.768314	-5.276558	-0.499524	-0.498389	-4.257932	-0.498092	-2.863146	-0.494525	 0.499942	-4.338249	-0.563349	 0.499030
-0.710079	-5.255939	-0.499524	-0.498389	-4.240900	-0.492163	-2.658334	-0.496349	 0.499942	-4.320774	-0.560730	 0.498779
-1.179658	-5.235159	-0.499524	-0.498389	-4.223936	-0.489198	-2.551020	-0.497261	 0.499942	-4.303430	-0.558304	 0.498653
-1.411149	-5.214340	-0.499524	-0.498389	-4.207040	-0.487716	-2.492476	-0.497718	 0.499942	-4.286186	-0.555979	 0.498591
-1.523609	-5.193544	-0.499524	-0.498389	-4.190212	-0.486975	-2.458336	-0.497946	 0.499942	-4.269026	-0.553709	-0.001441
-1.576567	-5.172800	-0.499524	-0.498389	-4.173451	-0.486604	-2.436418	-0.498060	 0.499942	-4.251942	-0.551472	-0.250454
-1.599787	-5.152124	-0.499524	-0.498389	-4.156758	-0.486419	-2.420630	-0.498117	 0.499942	-4.234930	-0.549254	-0.374960
-1.608151	-5.131523	-0.499524	-0.498389	-4.140131	-0.486326	-2.407926	 0.001855	 0.499942	-4.217989	-0.547051	 0.062787
-1.609100	-5.111001	-0.499524	-0.498389	-4.123570	-0.486280	-2.396784	 0.250837	 0.499942	-4.201116	-0.544860	 0.280659
-1.606354	-4.590559	-0.499524	-0.498389	-4.107076	-0.486257	-2.386441	-0.124672	 0.499942	-4.184311	-0.542680	 0.389595
-1.601774	-4.322197	-0.499524	-0.498389	-4.090647	-0.486245	-2.376518	-0.311426	 0.499942	-4.167573	-0.540508	 0.444063
-1.096290	-4.679909	-0.499524	-0.498389	-4.074285	-0.486239	-2.366823	 0.095197	 0.499942	-4.150903	-0.538346	 0.471297
-0.842366	-4.848690	-0.499524	-0.498389	-4.057988	-0.486237	-2.357261	 0.297505	 0.499942	-4.134299	-0.536192	 0.484914
-1.214227	-4.423045	-0.499524	-0.498389	-4.041756	-0.486235	-2.847785	 0.398659	 0.499942	-4.617762	-0.534047	 0.491723
-1.396986	-4.202228	-0.499524	-0.498389	-4.025589	-0.486234	-3.086370	 0.449236	 0.499942	-4.849291	-0.531911	 0.495127
-1.485205	-4.083857	-0.499524	-0.498389	-4.009486	-0.486234	-3.199013	 0.474524	 0.499942	-4.954894	-0.529783	 0.496829
-1.026168	-4.516740	-0.499524	-0.498389	-3.993448	-0.486234	-2.748711	 0.487168	 0.499942	-4.997574	-0.527664	 0.497680
-0.795516	-4.723282	-0.499524	-0.498389	-3.977475	-0.486234	-2.518963	 0.493490	 0.499942	-5.008834	-0.525554	 0.498106
-1.179059	-4.816694	-0.499524	-0.498389	-3.961565	-0.486234	-2.399511	 0.496651	 0.499942	-4.504424	-0.523451	 0.498319
-1.367706	-4.853580	-0.499524	-0.498389	-3.945719	-0.486234	-2.335224	 0.498232	 0.499942	-4.244218	-0.521358	 0.498425
-1.458917	-4.862241	-0.499524	-0.498389	-3.929936	-0.486234	-2.298539	 0.499022	 0.499942	-4.106148	-0.519272	 0.498478
-1.501422	-4.856830	-0.499524	-0.498389	-3.914216	-0.486234	-2.275673	 0.499417	 0.499942	-4.029176	-0.517195	 0.498505
-1.519587	-4.844422	-0.499524	-0.498389	-3.898559	-0.486234	-2.759735	 0.499615	 0.499942	-3.982786	-0.515126	 0.498518
-1.525593	-4.828554	-0.499524	-0.498389	-3.882965	-0.486234	-2.995278	 0.499714	 0.499942	-3.951718	-0.513066	 0.498525
-1.525534	-4.810995	-0.499524	-0.498389	-3.867433	-0.486234	-3.106587	 0.499763	 0.499942	-3.928343	-0.511013	 0.498528
-1.022453	-4.792628	-0.499524	-0.498389	-3.851963	-0.486234	-2.655807	 0.499788	 0.499942	-3.908846	-0.508969	 0.498530
-0.769874	-4.773896	-0.499524	-0.498389	-3.836555	-0.486234	-2.426006	 0.499800	 0.499942	-3.891318	-0.506934	 0.498531
-1.142549	-4.755020	-0.499524	-0.498389	-3.821209	-0.486234	-2.806713	 0.499806	 0.499942	-4.374807	-0.504906	 0.498531
-1.325857	-4.736110	-0.499524	-0.498389	-3.805924	-0.486234	-2.990692	 0.499809	 0.499942	-4.606835	-0.502886	 0.498531
-1.414492	-4.217220	-0.499524	-0.498389	-3.790701	-0.486234	-3.076332	-0.000189	 0.499942	-4.713171	-0.500875	 0.498531
-1.455804	-3.950378	-0.499524	-0.498389	-3.775538	-0.486234	-3.112828	-0.249188	 0.499942	-4.756700	-0.499869	 0.498531
-1.473465	-4.309591	-0.499524	-0.498389	-3.760436	-0.486234	-3.124778	-0.373687	 0.499942	-4.268864	-0.499366	 0.498531
-1.479314	-4.479859	-0.499524	-0.498389	-3.745394	-0.486234	-3.124479	-0.435937	 0.499942	-4.017384	-0.499115	 0.498531
-1.479268	-4.555693	-0.499524	-0.498389	-3.730412	-0.486234	-3.118081	-0.467062	 0.499942	-3.884112	-0.498989	 0.498531
-0.976286	-4.584347	-0.499524	-0.498389	-3.715491	-0.486234	-2.608659	 0.017376	 0.499942	-3.809974	-0.498926	 0.498531
-0.724795	-4.589448	-0.499524	-0.498389	-3.700629	-0.486234	-2.349750	 0.258591	 0.499942	-3.765434	-0.498895	 0.498531
-1.099050	-4.582809	-0.499524	-0.498389	-3.685826	-0.486234	-2.216113	 0.379198	 0.499942	-3.735722	-0.498879	 0.498531
-1.283231	-4.570338	-0.499524	-0.498389	-3.671083	-0.486234	-2.145130	 0.439502	 0.499942	-3.713454	-0.498871	 0.498531
-1.372386	-4.554986	-0.499524	-0.498389	-3.156399	-0.486234	-2.105490	 0.469654	 0.499942	-3.694938	-0.498867	 0.498531
-1.414041	-4.538231	-0.499524	-0.498389	-2.893773	-0.486234	-2.081538	 0.484730	 0.499942	-3.678326	-0.498865	 0.498531
-1.431957	-4.020811	-0.499524	-0.498389	-3.257198	-0.486234	-2.065447	-0.007732	 0.499942	-3.662698	-0.498864	 0.498531
-1.438015	-3.755094	-0.499524	-0.498389	-3.431669	-0.486234	-2.053303	-0.252963	 0.499942	-3.647589	-0.498864	 0.498531
-1.438156	-3.615256	-0.499524	-0.498389	-3.511692	-0.486234	-2.043149	-0.375578	 0.499942	-3.632770	-0.498863	 0.498531
-1.435350	-4.038387	-0.499524	-0.498389	-3.544521	-0.486234	-2.034006	-0.436886	 0.499942	-3.618124	-0.498863	 0.498531
-1.431082	-4.241029	-0.499524	-0.498389	-3.553780	-0.486234	-2.025384	-0.467539	 0.499942	-3.603594	-0.498863	 0.498531
-1.426094	-4.333463	-0.499524	-0.498389	-3.551284	-0.486234	-2.017040	 0.017134	 0.499942	-3.589151	-0.498863	 0.498531
-1.420758	-4.370828	-0.499524	-0.498389	-3.542938	-0.486234	-2.008851	 0.258467	 0.499942	-3.574780	-0.498863	 0.498531
-1.415259	-4.380694	-0.499524	-0.498389	-3.531696	-0.486234	-2.500754	 0.379133	 0.499942	-3.560474	-0.498863	 0.498531
-1.409690	-4.376846	-0.499524	-0.498389	-3.519034	-0.486234	-2.740721	 0.439466	 0.499942	-3.546229	-0.498863	 0.498531
-0.904098	-4.366176	-0.499524	-0.498389	-3.505690	-0.486234	-2.354743	 0.469633	 0.499942	-3.532042	-0.498863	 0.498531
-0.651301	-4.352130	-0.499524	-0.498389	-3.492034	-0.486234	-2.157817	 0.484716	 0.499942	-3.517913	-0.498863	 0.498531
-0.524903	-4.336431	-0.499524	-0.498389	-3.478249	-0.486234	-2.055431	 0.492258	 0.499942	-3.503841	-0.498863	 0.498531
-0.461704	-4.319940	-0.499524	-0.498389	-3.464427	-0.486234	-2.000333	-0.003971	 0.499942	-3.989825	-0.498863	 0.498531
-0.430104	-4.303087	-0.499524	-0.498389	-3.450615	-0.486234	-1.968893	-0.251085	 0.499942	-4.223866	-0.498863	 0.498531
-0.414305	-3.786089	-0.499524	-0.498389	-3.436836	-0.486234	-1.949298	 0.125357	 0.499942	-3.831970	-0.498863	 0.498531
-0.406405	-3.521051	-0.499524	-0.498389	-3.423100	-0.486234	-1.935641	 0.312575	 0.499942	-3.629142	-0.498863	 0.498531
