-0.122539	-0.498332	-0.498797	-0.477428	-0.143488	 0.112882	 0.496420	 0.483701	 0.125171	-0.328910	 0.487174	 0.097639
-0.310759	-0.498332	-0.498797	-0.477428	-0.143488	 0.305949	 0.497879	 0.491360	 0.311920	-0.383845	 0.493010	 0.097639
-0.404869	-0.498332	-0.498797	-0.477428	-0.143488	 0.402482	 0.498609	 0.495190	 0.405295	-0.411312	 0.495928	 0.097639
-0.451924	-0.498332	-0.498797	-0.477428	-0.143488	 0.450749	 0.498974	 0.497105	 0.451982	-0.425046	 0.497387	 0.097639
 0.024549	-0.498332	-0.498797	-0.477428	-0.143488	-0.025118	 0.499156	 0.498062	 0.475326	-0.431912	 0.498117	 0.097639
 0.261783	-0.498332	-0.498797	-0.477428	-0.143488	-0.262049	 0.499247	 0.498541	 0.486997	-0.435346	 0.498481	 0.097639
 0.380400	-0.498332	-0.498797	-0.477428	-0.143488	-0.380515	 0.499293	 0.498780	 0.492833	-0.437063	 0.498664	 0.097639
-0.060292	-0.498332	-0.498797	-0.477428	-0.143488	 0.060253	 0.499316	 0.498900	 0.495751	 0.062079	-0.001245	 0.097639
-0.279635	-0.498332	-0.498797	-0.477428	-0.143488	 0.279634	 0.499327	 0.498960	 0.497210	 0.310527	-0.250197	 0.097639
-0.389307	-0.498332	-0.498797	-0.477428	-0.143488	 0.389325	 0.499333	 0.498990	 0.497940	-0.066366	 0.125327	 0.097639
-0.444143	-0.498332	-0.498797	-0.477428	-0.143488	 0.444170	 0.499336	 0.499005	 0.498305	-0.254813	 0.312087	 0.097639
-0.471561	-0.498332	-0.498797	-0.477428	-0.143488	 0.471593	 0.499337	 0.499012	-0.001513	-0.349037	 0.405467	 0.097639
-0.485270	-0.498332	-0.498797	-0.477428	-0.143488	 0.485304	 0.499338	 0.499016	-0.250419	-0.396148	 0.452157	 0.097639
-0.492125	-0.498332	-0.498797	-0.477428	-0.143488	-0.007840	 0.499338	 0.499018	 0.125128	-0.419704	 0.475502	 0.097639
-0.495552	-0.498332	-0.498797	-0.477428	-0.143488	-0.253410	 0.499338	 0.499019	 0.311900	-0.431482	 0.487175	 0.097639
 0.002735	-0.498332	-0.498797	-0.477428	-0.143488	 0.123805	-0.000662	 0.499019	 0.405286	-0.437371	 0.493011	 0.097639
 0.250876	-0.498332	-0.498797	-0.477428	-0.143488	 0.311410	-0.249660	 0.499020	 0.451979	 0.059684	 0.495929	 0.097639
 0.374946	-0.498332	-0.498797	-0.477428	-0.143488	 0.405213	-0.374160	 0.499020	 0.475325	 0.307099	 0.497388	 0.097639
-0.063018	-0.498332	-0.498797	-0.477428	-0.143488	 0.452114	-0.436409	-0.000980	 0.486999	-0.070303	 0.498118	 0.097639
-0.280999	-0.498332	-0.498797	-0.477428	-0.143488	 0.475565	-0.467534	-0.249978	 0.492835	-0.259004	 0.498483	 0.097639
-0.389989	-0.498332	-0.498797	-0.477428	-0.143488	 0.487290	 0.016903	 0.125523	 0.495754	-0.353355	 0.498665	 0.097639
-0.444484	-0.498332	-0.498797	-0.477428	-0.143488	 0.493153	 0.258120	 0.312271	 0.497213	-0.400530	 0.498756	 0.097639
-0.471732	-0.498332	 0.001203	-0.477428	-0.143488	 0.496084	 0.378728	 0.405645	-0.002058	 0.075883	-0.001198	 0.097639
-0.485355	-0.498332	 0.250201	-0.477428	-0.143488	 0.497550	 0.439032	 0.452333	-0.250690	 0.312984	-0.250173	 0.097639
 0.007833	-0.498332	-0.125301	-0.477428	-0.143488	 0.498283	 0.469184	-0.024324	 0.124994	-0.069565	 0.125339	 0.097639
 0.253425	-0.498332	-0.312050	-0.477428	-0.143488	 0.498649	 0.484260	-0.261650	 0.311834	-0.260840	 0.312094	 0.097639
 0.376221	-0.498332	-0.405424	-0.477428	-0.143488	 0.498832	 0.491798	-0.380313	 0.405254	-0.356477	 0.405471	 0.097639
-0.062381	-0.498332	-0.452111	-0.477428	-0.143488	 0.498924	 0.495567	-0.439645	 0.451964	-0.404296	-0.047840	 0.097639
-0.280680	-0.498332	-0.475455	-0.477428	-0.143488	 0.498970	 0.497451	-0.469311	 0.475319	-0.428205	-0.273493	 0.097639
-0.389830	-0.498332	-0.487127	-0.477428	-0.143488	 0.498993	-0.001607	-0.484144	 0.486997	-0.440160	-0.386320	 0.097639
-0.444405	-0.498332	-0.492963	-0.477428	-0.143488	 0.499004	-0.250134	-0.491560	 0.492836	-0.446137	-0.442733	 0.097639
-0.471692	-0.498332	-0.495881	-0.477428	-0.143488	 0.499010	 0.125602	 0.004732	 0.495755	-0.449126	-0.470940	 0.097639
-0.485336	-0.498332	-0.497340	-0.477428	-0.143488	 0.499013	 0.312468	 0.251876	 0.497215	-0.450620	-0.485043	 0.097639
 0.007842	-0.498332	-0.498069	-0.477428	-0.143488	 0.499014	 0.405900	-0.124552	-0.002055	-0.451367	-0.492095	 0.097639
 0.253429	-0.498332	-0.498434	-0.477428	-0.143488	 0.499015	 0.452617	-0.311765	-0.250688	-0.451741	-0.495621	 0.097639
 0.376223	-0.498332	-0.498616	-0.477428	-0.143488	 0.499015	 0.475975	-0.405371	-0.375004	-0.451928	-0.497384	 0.097639
 0.437620	-0.498332	-0.498707	-0.477428	-0.143488	 0.499015	 0.487654	 0.047826	 0.062838	-0.452021	 0.001735	 0.097639
 0.468318	-0.498332	-0.498753	-0.477428	-0.143488	 0.499015	 0.493493	 0.273423	 0.280758	-0.452068	 0.250292	 0.097639
-0.016333	-0.498332	-0.498776	-0.477428	-0.143488	 0.499015	 0.496413	-0.113779	 0.389717	-0.452091	 0.374571	 0.097639
-0.257656	-0.498332	-0.498787	-0.477428	-0.143488	 0.499015	 0.497873	-0.306378	 0.444197	-0.452103	 0.436710	 0.097639
 0.121682	-0.498332	-0.498793	-0.477428	-0.143488	 0.499015	 0.498603	 0.097323	 0.471437	 0.047891	 0.467780	 0.097639
 0.310349	-0.498332	-0.498796	-0.477428	-0.143488	 0.499015	 0.498968	 0.298171	 0.485057	 0.296793	 0.483315	 0.097639
 0.404683	-0.498332	-0.498797	-0.477428	-0.143488	-0.000985	 0.499151	 0.398595	 0.491867	 0.420152	 0.491082	 0.097639
 0.451850	-0.498332	-0.498798	-0.477428	-0.143488	-0.249983	 0.499242	 0.448807	 0.495272	 0.480744	 0.494966	 0.097639
 0.475433	-0.498332	-0.498798	-0.477428	-0.143488	-0.374482	 0.499287	 0.473913	 0.496975	 0.509958	 0.496908	 0.097639
 0.487225	-0.498332	-0.498798	-0.477428	-0.143488	 0.063269	 0.499310	 0.486466	 0.497826	 0.023487	 0.497879	 0.097639
 0.493121	-0.498332	-0.498799	-0.477428	-0.143488	 0.281142	 0.499322	 0.492743	 0.498251	-0.219749	 0.498364	 0.097639
-0.003932	-0.498332	-0.498799	-0.477428	-0.143488	 0.390079	 0.499327	 0.495881	 0.498464	 0.158633	 0.498607	 0.097639
-0.251456	-0.498332	-0.498799	-0.477428	-0.143488	 0.444547	 0.499330	 0.497450	 0.498571	 0.346750	 0.498728	 0.097639
 0.124782	-0.498332	-0.498799	-0.477428	-0.143488	 0.471781	 0.499332	 0.498235	 0.498624	-0.060261	 0.498789	 0.097639
 0.311899	-0.498332	-0.498799	-0.477428	-0.143488	 0.485398	 0.499332	 0.498627	 0.498651	-0.263767	 0.498819	 0.097639
 0.405458	-0.498332	-0.498799	-0.477428	-0.143488	 0.492207	 0.499333	 0.498823	 0.498664	 0.134480	 0.498835	 0.097639
 0.452237	-0.498332	-0.498799	-0.477428	-0.143488	 0.495611	 0.499333	 0.498921	 0.498670	 0.332538	 0.498842	 0.097639
 0.475627	-0.498332	-0.498799	-0.477428	-0.143488	 0.497313	 0.499333	 0.498970	 0.498674	 0.430506	 0.498846	 0.097639
 0.487321	-0.498332	 0.001201	-0.477428	-0.143488	 0.498164	 0.499333	 0.498995	 0.498675	 0.478433	 0.498848	 0.097639
 0.493169	-0.498332	 0.250199	-0.477428	-0.143488	 0.498590	 0.499333	 0.499007	 0.498676	 0.501344	 0.498849	 0.097639
-0.003908	-0.498332	-0.125302	-0.477428	-0.143488	 0.498803	 0.499333	 0.499013	 0.498677	 0.511751	-0.001151	 0.097639
-0.251444	-0.498332	-0.312051	-0.477428	-0.143488	 0.498909	 0.499333	 0.499016	 0.498677	 0.515910	-0.250148	 0.097639
-0.375212	-0.498332	-0.405426	-0.477428	-0.143488	 0.498962	 0.499333	 0.499018	 0.498677	 0.016949	 0.125353	 0.097639
-0.437096	-0.498332	-0.452113	-0.477428	-0.143488	 0.498989	 0.499333	 0.499018	 0.498677	-0.232531	 0.312102	 0.097639
 0.031962	-0.498332	-0.475457	-0.477428	-0.143488	 0.499002	 0.499333	 0.499019	 0.498677	 0.142729	 0.405477	 0.097639
 0.265489	-0.498332	-0.487128	-0.477428	-0.143488	 0.499009	 0.499333	 0.499019	 0.498677	 0.329323	 0.452164	 0.097639
 0.382253	-0.498332	-0.492964	-0.477428	-0.143488	 0.499012	 0.499333	 0.499019	 0.498677	 0.421588	 0.475507	 0.097639
-0.059366	-0.498332	-0.495882	-0.477428	-0.143488	 0.499014	 0.499333	 0.499019	 0.498677	-0.033307	 0.487179	 0.097639
-0.279173	-0.498332	-0.497341	-0.477428	-0.143488	 0.499015	 0.499333	 0.499019	 0.498677	-0.260755	 0.493015	 0.097639
 0.110924	-0.498332	-0.498071	-0.477428	-0.143488	 0.499015	 0.499333	 0.499019	 0.498677	 0.125522	 0.495933	 0.097639
 0.304970	-0.498332	-0.498435	-0.477428	-0.143488	 0.499015	 0.499333	 0.499019	 0.498677	 0.317636	 0.497392	 0.097639
-0.098007	-0.498332	-0.498618	-0.477428	-0.143488	-0.000985	 0.499333	 0.499019	 0.498677	-0.087326	-0.001879	 0.097639
-0.298494	-0.498332	-0.498709	-0.477428	-0.143488	-0.249983	 0.499333	 0.499019	 0.498677	-0.289807	-0.250511	 0.097639
 0.101263	-0.498332	-0.498755	-0.477428	-0.143488	 0.125518	 0.499333	-0.000981	 0.498677	-0.391048	 0.125172	 0.097639
 0.300139	-0.498332	-0.498777	-0.477428	-0.143488	 0.312267	 0.499333	-0.249979	 0.498677	-0.441668	 0.312012	 0.097639
 0.399578	-0.498332	-0.498789	-0.477428	-0.143488	 0.405641	 0.499333	-0.374478	 0.498677	-0.466978	 0.405432	 0.097639
 0.449297	-0.498332	-0.498795	-0.477428	-0.143488	 0.452328	 0.499333	 0.063273	-0.001323	-0.479633	 0.452142	 0.097639
 0.474156	-0.498332	-0.498797	-0.477428	-0.143488	 0.475672	 0.499333	 0.281146	-0.250320	-0.485961	 0.475497	 0.097639
-0.013414	-0.498332	-0.498799	-0.477428	-0.143488	 0.487343	 0.499333	 0.390082	 0.125181	-0.489125	 0.487175	 0.097639
-0.256197	-0.498332	-0.498799	-0.477428	-0.143488	 0.493179	 0.499333	 0.444551	 0.311930	-0.490706	 0.493013	 0.097639
-0.377589	-0.498332	-0.498800	-0.477428	-0.143488	 0.496097	 0.499333	 0.471785	 0.405305	-0.491497	 0.495933	 0.097639
-0.438285	-0.498332	-0.498800	-0.477428	-0.143488	 0.497556	 0.499333	 0.485402	 0.451992	-0.491893	 0.497392	 0.097639
 0.031368	-0.498332	-0.498800	-0.477428	-0.143488	-0.001714	 0.499333	 0.492210	 0.475336	-0.492091	 0.498122	 0.097639
 0.265192	-0.498332	-0.498800	-0.477428	-0.143488	-0.250348	 0.499333	 0.495615	 0.487008	-0.492189	 0.498487	 0.097639
 0.382104	-0.498332	-0.498800	-0.477428	-0.143488	-0.374664	 0.499333	 0.497317	 0.492844	-0.492239	 0.498670	 0.097639
-0.059440	-0.498332	-0.498800	-0.477428	-0.143488	-0.436823	-0.000667	 0.498168	 0.495762	-0.492264	 0.498761	 0.097639
-0.279210	-0.498332	-0.498800	-0.477428	-0.143488	-0.467902	-0.249666	 0.498593	 0.497221	-0.492276	 0.498807	 0.097639
 0.110905	-0.498332	-0.498800	-0.477428	-0.143488	-0.483441	 0.125835	-0.001194	 0.497950	-0.992282	-0.001171	 0.097639
 0.304960	-0.498332	-0.498800	-0.477428	-0.143488	-0.491211	 0.312583	-0.250085	 0.498315	-1.239301	-0.250157	 0.097639
-0.098012	-0.498332	-0.498800	-0.477428	-0.143488	 0.004904	 0.405956	 0.125469	 0.498497	-0.859837	 0.125350	 0.097639
-0.298496	-0.498332	-0.498800	-0.477428	-0.143488	 0.251960	 0.452643	 0.312244	 0.498588	-0.670106	 0.312102	 0.097639
-0.398738	-0.498332	-0.498800	-0.477428	-0.143488	-0.124513	 0.475987	 0.405631	 0.498634	-0.575240	-0.094523	 0.097639
-0.448860	-0.498332	-0.498800	-0.477428	-0.143488	-0.311747	 0.487659	 0.452325	 0.498657	-0.527807	-0.296832	 0.097639
-0.473920	-0.498332	-0.498800	-0.477428	-0.143488	-0.405364	 0.493494	 0.475672	 0.498668	-0.504090	-0.397987	 0.097639
-0.486450	-0.498332	-0.498800	-0.477428	-0.143488	 0.047828	 0.496412	-0.012655	 0.498674	-0.492232	-0.448565	 0.097639
-0.492715	-0.498332	-0.498800	-0.477428	-0.143488	 0.273421	 0.497871	-0.255816	 0.498677	-0.486303	-0.473853	 0.097639
-0.495848	-0.498332	-0.498800	-0.477428	-0.143488	-0.113782	 0.498601	 0.122603	 0.498678	-0.483338	-0.486498	 0.097639
-0.497414	-0.498332	-0.498800	-0.477428	-0.143488	-0.306382	 0.498966	 0.310811	 0.498679	-0.481856	-0.492820	 0.097639
-0.498197	-0.498332	-0.498800	-0.477428	-0.143488	-0.402681	 0.499148	 0.404915	 0.498679	-0.481115	-0.495981	 0.097639
-0.498589	-0.498332	-0.498800	-0.477428	-0.143488	-0.450831	 0.499239	 0.451967	 0.498679	-0.480744	-0.497562	 0.097639
-0.498785	-0.498332	-0.498800	-0.477428	-0.143488	-0.474906	 0.499285	-0.024507	-0.001320	-0.480559	-0.498352	 0.097639
-0.498883	-0.498332	-0.498800	-0.477428	-0.143488	-0.486944	 0.499308	-0.261742	-0.250318	-0.480467	-0.498747	 0.097639
-0.498932	-0.498332	-0.498800	-0.477428	-0.143488	-0.492962	 0.499319	-0.380360	-0.374816	-0.480420	-0.498945	 0.097639
-0.498956	-0.498332	-0.498800	-0.477428	-0.143488	-0.495972	 0.499325	-0.439669	 0.062934	-0.480397	-0.499043	 0.097639
-0.498968	-0.498332	-0.498800	-0.477428	-0.143488	-0.497476	 0.499327	-0.469323	 0.280808	-0.480385	-0.499093	 0.097639
-0.498974	-0.498332	-0.498800	-0.477428	-0.143488	-0.498229	 0.499329	 0.015850	 0.389745	-0.480380	-0.499117	 0.097639
-0.498978	-0.498332	-0.498800	-0.477428	-0.143488	-0.498605	 0.499330	 0.257434	 0.444214	-0.480377	-0.499130	 0.097639
-0.498979	-0.498332	-0.498800	-0.477428	-0.143488	 0.001207	-0.000670	 0.378226	 0.471448	-0.480375	-0.499136	 0.097639
-0.498980	-0.498332	-0.498800	-0.477428	-0.143488	 0.250111	-0.249669	 0.438622	 0.485065	-0.480375	-0.499139	 0.097639
-0.498980	-0.498332	-0.498800	-0.477428	-0.143488	-0.125437	 0.125832	 0.468820	 0.491874	-0.480374	-0.499141	 0.097639
-0.498980	-0.498332	-0.498800	-0.477428	-0.143488	-0.312209	 0.312580	 0.483919	 0.495278	-0.480374	-0.499141	 0.097639
-0.498980	-0.498332	-0.498800	-0.477428	-0.143488	-0.405595	 0.405954	 0.491469	 0.496980	-0.480374	-0.499142	 0.097639
-0.498981	-0.498332	-0.498800	-0.477428	-0.143488	 0.047712	 0.452641	 0.495244	 0.497831	-0.480374	-0.499142	 0.097639
-0.498981	-0.498332	-0.498800	-0.477428	-0.143488	 0.273363	 0.475984	 0.497131	 0.498257	-0.480374	-0.499142	 0.097639
-0.498981	-0.498332	-0.498800	-0.477428	-0.143488	-0.113811	-0.012344	 0.498075	 0.498469	-0.480374	-0.499142	 0.097639
-0.498981	-0.498332	-0.498800	-0.477428	-0.143488	-0.306396	-0.255507	 0.498547	 0.498576	-0.480374	-0.499142	 0.097639
-0.498981	-0.498332	-0.498800	-0.477428	-0.143488	-0.402689	-0.377088	 0.498783	-0.001371	-0.480374	-0.499142	 0.097639
-0.498981	-0.498332	-0.498800	-0.477428	-0.143488	-0.450835	-0.437879	 0.498900	-0.250342	-0.480374	-0.499142	 0.097639
-0.498981	-0.498332	-0.498800	-0.477428	-0.143488	-0.474908	 0.031726	 0.498959	 0.125173	-0.980374	-0.499142	 0.097639
-0.498981	-0.498332	-0.498800	-0.477428	-0.143488	-0.486945	 0.265525	 0.498989	 0.311929	-1.227413	-0.499142	 0.097639
-0.498981	-0.498332	-0.498800	-0.477428	-0.143488	-0.492963	 0.382425	 0.499004	 0.405307	-1.347984	-0.499142	 0.097639
-0.498981	-0.498332	-0.498800	-0.477428	-0.143488	 0.004028	 0.440875	-0.000989	 0.451996	-0.905332	-0.499142	 0.097639
-0.498981	-0.498332	-0.498800	-0.477428	-0.143488	 0.251521	 0.470100	-0.249983	 0.475340	-0.684006	-0.499142	 0.097639
-0.498981	-0.498332	-0.498800	-0.477428	-0.143488	-0.124732	 0.484713	-0.374480	 0.487012	-0.573343	-0.499142	 0.097639
-0.498981	-0.498332	-0.498800	-0.477428	-0.143488	-0.311857	 0.492019	-0.436729	 0.492849	-0.518012	-0.499142	 0.097639
-0.498981	-0.498332	-0.498800	-0.477428	-0.143488	-0.405419	 0.495672	 0.032147	 0.495767	-0.490346	-0.499142	 0.097639
-0.498981	-0.498332	-0.498800	-0.477428	-0.143488	-0.452200	 0.497498	 0.265582	 0.497226	-0.476513	-0.499142	 0.097639
-0.498981	-0.498332	-0.498800	-0.477428	-0.143488	-0.475591	 0.498412	 0.382300	 0.497955	-0.469597	-0.499142	 0.097639
-0.498981	-0.498332	-0.498800	-0.477428	-0.143488	-0.487286	 0.498868	 0.440659	 0.498320	-0.466139	-0.499142	 0.097639
-0.498981	-0.498332	-0.498800	-0.477428	-0.143488	-0.493134	 0.499097	 0.469839	 0.498502	-0.464409	-0.499142	 0.097639
-0.498981	-0.498332	-0.498800	-0.477428	-0.143488	-0.496058	 0.499211	 0.484429	 0.498594	-0.463545	-0.499142	 0.097639
-0.498981	-0.498332	-0.498800	-0.477428	-0.143488	-0.497520	 0.499268	 0.491723	 0.498639	-0.463113	-0.499142	 0.097639
-0.498981	-0.498332	-0.498800	-0.477428	-0.143488	-0.498251	 0.499297	 0.495371	 0.498662	-0.462897	-0.499142	 0.097639
-0.498981	-0.498332	-0.498800	-0.477428	-0.143488	-0.498616	 0.499311	 0.497195	 0.498673	-0.462788	-0.499142	 0.097639
-0.498981	-0.498332	-0.498800	-0.477428	-0.143488	-0.498799	 0.499318	 0.498106	 0.498679	-0.462734	-0.499142	 0.097639
-0.498981	-0.498332	-0.498800	-0.477428	-0.143488	-0.498890	 0.499321	 0.498562	 0.498682	-0.462707	-0.499142	 0.097639
-0.498981	-0.498332	-0.498800	-0.477428	-0.143488	 0.001064	 0.499323	 0.498790	 0.498683	-0.462694	-0.499142	 0.097639
-0.498981	-0.498332	-0.498800	-0.477428	-0.143488	 0.250039	 0.499324	 0.498904	 0.498684	-0.462687	-0.499142	 0.097639
-0.498981	-0.498332	-0.498800	-0.477428	-0.143488	 0.374527	 0.499325	 0.498961	 0.498684	-0.462684	-0.499142	 0.097639
-0.498981	-0.498332	-0.498800	-0.477428	-0.143488	-0.063229	 0.499325	-0.001010	 0.498685	-0.462682	 0.000858	 0.097639
-0.498981	-0.498332	-0.498800	-0.477428	-0.143488	-0.281106	 0.499325	-0.249994	 0.498685	-0.462681	 0.249856	 0.097639
-0.498981	-0.498332	-0.498800	-0.477428	-0.143488	-0.390044	 0.499325	 0.125514	-0.001315	-0.462681	 0.374355	 0.097639
-0.498981	-0.498332	-0.498800	-0.477428	-0.143488	-0.444513	 0.499325	 0.312266	-0.250313	-0.462681	 0.436605	 0.097639
 0.001019	-0.498332	-0.498800	-0.477428	-0.143488	 0.028253	 0.499325	 0.405642	 0.125189	-0.462680	-0.032270	 0.097639
 0.250017	-0.498332	-0.498800	-0.477428	-0.143488	 0.263634	 0.499325	 0.452330	 0.311938	-0.462680	-0.265706	 0.097639
-0.125484	-0.498332	-0.498800	-0.477428	-0.143488	-0.118676	 0.499325	 0.475674	 0.405313	-0.462680	-0.382423	 0.097639
-0.312232	-0.498332	-0.498800	-0.477428	-0.143488	-0.308829	 0.499325	 0.487346	 0.452000	-0.462680	-0.440782	 0.097639
-0.405606	-0.498332	-0.498800	-0.477428	-0.143488	-0.403905	 0.499325	 0.493182	 0.475344	-0.462680	-0.469962	 0.097639
-0.452294	-0.498332	-0.498800	-0.477428	-0.143488	 0.048556	 0.499325	-0.003900	 0.487015	-0.462680	 0.015449	 0.097639
-0.475637	-0.498332	-0.498800	-0.477428	-0.143488	 0.273785	 0.499325	-0.251439	 0.492851	-0.462680	 0.257152	 0.097639
-0.487309	-0.498332	-0.498800	-0.477428	-0.143488	 0.386400	 0.499325	 0.124792	 0.495769	-0.462680	-0.121996	 0.097639
-0.493145	-0.498332	-0.498800	-0.477428	-0.143488	 0.442707	 0.499325	 0.311905	 0.497228	-0.462680	-0.310568	 0.097639
-0.496063	-0.498332	-0.498800	-0.477428	-0.143488	 0.470861	 0.499325	 0.405461	 0.497958	-0.462680	-0.404854	 0.097639
-0.497522	-0.498332	-0.498800	-0.477428	-0.143488	 0.484937	 0.499325	 0.452240	 0.498322	-0.462680	-0.451997	 0.097639
-0.498251	-0.498332	-0.498800	-0.477428	-0.143488	-0.008024	 0.499325	 0.475629	 0.498505	-0.462680	-0.475568	 0.097639
-0.498616	-0.498332	-0.498800	-0.477428	-0.143488	-0.253503	 0.499325	 0.487323	 0.498596	-0.462680	-0.487354	 0.097639
-0.498798	-0.498332	-0.498800	-0.477428	-0.143488	-0.376242	-0.000675	 0.493171	 0.498642	-0.462680	-0.493247	 0.097639
-0.498890	-0.498332	-0.498800	-0.477428	-0.143488	-0.437612	-0.249674	 0.496094	-0.001336	-0.462680	-0.496193	 0.097639
-0.498935	-0.498332	-0.498800	-0.477428	-0.143488	-0.468297	-0.374173	 0.497556	-0.250322	-0.462680	-0.497667	 0.097639
 0.001042	-0.498332	-0.498800	-0.477428	-0.143488	-0.483639	 0.063577	 0.498287	 0.125185	-0.462680	-0.498403	 0.097639
 0.250029	-0.498332	-0.498800	-0.477428	-0.143488	-0.491311	 0.281450	 0.498653	 0.311938	-0.462680	-0.498772	 0.097639
-0.125478	-0.498332	-0.498800	-0.477428	-0.143488	-0.495146	 0.390386	-0.001165	-0.094686	-0.462680	 0.001044	 0.097639
-0.312229	-0.498332	-0.498800	-0.477428	-0.143488	-0.497064	 0.444854	-0.250071	-0.296996	-0.462680	 0.249951	 0.097639
-0.405605	-0.498332	-0.498800	-0.477428	-0.143488	-0.498023	 0.472088	 0.125475	 0.101850	-0.462680	 0.374404	 0.097639
-0.452293	-0.498332	-0.498800	-0.477428	-0.143488	-0.498502	 0.485705	 0.312247	 0.300271	-0.462680	 0.436630	 0.097639
-0.475637	-0.498332	-0.498800	-0.477428	-0.143488	-0.498742	 0.492514	 0.405632	 0.399482	-0.462680	-0.032257	 0.097639
-0.487309	-0.498332	-0.498800	-0.477428	-0.143488	-0.498862	 0.495918	 0.452325	 0.449087	-0.462680	-0.265698	 0.097639
-0.493145	-0.498332	-0.498800	-0.477428	-0.143488	-0.498922	 0.497620	 0.475671	 0.473890	-0.462680	-0.382418	 0.097639
-0.496063	-0.498332	-0.498800	-0.477428	-0.143488	-0.498952	 0.498471	 0.487345	 0.486291	-0.462680	-0.440778	 0.097639
-0.497522	-0.498332	-0.498800	-0.477428	-0.143488	-0.498967	 0.498897	 0.493181	 0.492492	-0.462680	-0.469959	 0.097639
-0.498251	-0.498332	-0.498800	-0.477428	-0.143488	 0.001026	 0.499110	-0.003901	 0.495592	-0.462680	 0.015451	 0.097639
-0.498616	-0.498332	-0.498800	-0.477428	-0.143488	 0.250020	 0.499216	-0.251439	 0.497142	-0.462680	 0.257155	 0.097639
-0.498798	-0.498332	-0.498800	-0.477428	-0.143488	-0.125483	 0.499269	 0.124791	-0.002083	-0.462680	-0.121994	 0.097639
-0.498890	-0.498332	-0.498800	-0.477428	-0.143488	-0.312233	 0.499296	 0.311904	-0.250693	-0.462680	-0.310566	 0.097639
-0.498935	-0.498332	-0.498800	-0.477428	-0.143488	-0.405607	 0.499309	 0.405461	 0.125002	-0.962680	-0.404852	 0.097639
-0.498958	-0.498332	-0.498800	-0.477428	-0.143488	-0.452295	 0.499316	 0.452239	 0.311848	-1.209755	-0.451995	 0.097639
-0.498969	-0.498332	-0.498800	-0.477428	-0.143488	-0.475638	 0.499319	 0.475628	 0.405272	-1.330379	-0.475566	 0.097639
-0.498975	-0.498332	-0.498800	-0.477428	-0.143488	-0.487310	 0.499321	 0.487323	 0.451983	-0.887789	-0.487352	 0.097639
-0.498978	-0.498332	-0.498800	-0.477428	-0.143488	-0.493146	 0.499322	 0.493170	 0.475339	-0.666493	-0.493245	 0.097639
-0.498979	-0.498332	-0.498800	-0.477428	-0.143488	-0.496064	 0.499322	 0.496094	 0.487017	-0.555846	-0.496191	 0.097639
-0.498980	-0.498332	-0.498800	-0.477428	-0.143488	-0.497523	 0.499322	 0.497556	 0.492856	-0.500522	-0.497664	 0.097639
-0.498980	-0.498332	-0.498800	-0.477428	-0.143488	 0.001747	-0.000678	 0.498287	 0.495775	-0.472860	 0.001599	 0.097639
-0.498981	-0.498332	-0.498800	-0.477428	-0.143488	 0.250381	-0.249676	 0.498652	 0.497235	-0.459029	 0.250229	 0.097639
-0.498981	-0.498332	-0.498800	-0.477428	-0.143488	 0.374697	 0.125824	-0.001165	 0.497965	-0.452114	-0.125456	 0.097639
-0.498981	-0.498332	-0.498800	-0.477428	-0.143488	 0.436856	 0.312572	-0.250072	 0.498330	-0.448656	-0.312296	 0.097639
-0.498981	-0.498332	-0.498800	-0.477428	-0.143488	 0.467935	 0.405946	-0.374525	 0.498512	-0.446927	-0.405716	 0.097639
-0.498981	-0.498332	-0.498800	-0.477428	-0.143488	-0.016526	 0.452633	 0.063248	 0.498603	-0.446063	-0.452426	 0.097639
-0.498981	-0.498332	-0.498800	-0.477428	-0.143488	-0.257754	 0.475976	 0.281133	 0.498649	-0.445631	-0.475781	 0.097639
-0.498981	-0.498332	-0.498800	-0.477428	-0.643488	-0.378368	 0.487648	 0.390075	 0.498672	-0.445414	 0.012541	 0.097639
-0.498981	-0.498332	-0.498800	-0.477428	-0.891201	-0.438675	 0.493484	 0.444546	 0.498683	-0.445306	 0.255701	 0.097639
 0.001019	-0.498332	-0.498800	-0.477428	-0.512779	-0.468829	 0.496402	 0.471782	 0.498689	-0.445252	-0.122720	 0.097639
 0.250017	-0.498332	-0.498800	-0.477428	-0.323569	-0.483905	 0.497861	 0.485400	 0.498692	-0.445225	-0.310927	 0.097639
 0.374516	-0.498332	-0.498800	-0.477428	-0.228963	-0.491444	 0.498590	 0.492209	-0.001307	-0.445212	-0.405031	 0.097639
 0.436766	-0.498332	-0.498800	-0.477428	-0.181661	-0.495213	 0.498955	 0.495613	-0.250303	-0.445205	-0.452083	 0.097639
 0.467890	-0.498332	-0.498800	-0.477428	-0.158009	-0.497098	 0.499137	 0.497315	-0.374802	-0.445202	-0.475609	 0.097639
-0.016547	-0.498332	-0.498800	-0.477428	-0.146184	-0.498040	 0.499229	 0.498166	 0.062949	-0.445200	-0.487372	 0.097639
-0.257764	-0.498332	-0.498800	-0.477428	-0.140271	-0.498511	 0.499274	 0.498592	 0.280823	-0.445199	-0.493254	 0.097639
-0.378373	-0.498332	-0.498800	-0.477428	-0.137314	-0.498747	 0.499297	 0.498805	 0.389760	 0.054801	-0.496195	 0.097639
-0.438677	-0.498332	-0.498800	-0.477428	-0.135836	-0.498864	 0.499308	 0.498911	 0.444229	 0.303692	-0.497665	 0.097639
-0.468829	-0.498332	-0.498800	-0.477428	-0.135097	-0.498923	 0.499314	-0.001036	-0.028537	-0.072968	-0.498400	 0.097639
-0.483905	-0.498332	-0.498800	-0.477428	-0.134728	-0.498953	 0.499317	-0.250007	-0.263917	-0.261298	-0.498768	 0.097639
-0.491443	-0.498332	-0.498800	-0.477428	-0.134543	 0.001033	 0.499318	 0.125507	 0.118392	-0.355463	 0.001048	 0.097639
-0.495212	-0.498332	-0.498800	-0.477428	-0.134450	 0.250023	 0.499319	 0.312262	 0.308546	-0.402545	 0.249955	 0.097639
-0.497096	-0.498332	-0.498800	-0.477428	-0.134404	 0.374518	 0.499319	 0.405640	 0.403623	-0.426087	 0.374408	 0.097639
-0.498039	-0.498332	-0.498800	-0.477428	-0.134381	 0.436766	 0.499320	 0.452329	 0.451161	-0.437857	-0.063365	 0.097639
-0.498510	-0.498332	-0.498800	-0.477428	-0.134370	 0.467890	 0.499320	 0.475673	 0.474930	-0.443743	-0.281250	 0.097639
-0.498745	-0.498332	-0.498800	-0.477428	-0.134364	 0.483452	 0.499320	-0.012655	 0.486815	-0.446685	-0.390192	 0.097639
-0.498863	-0.498332	-0.498800	-0.477428	-0.134361	 0.491233	 0.499320	-0.255817	 0.492757	-0.448157	-0.444663	 0.097639
-0.498922	-0.498332	-0.498800	-0.477428	-0.134359	 0.495123	 0.499320	-0.377398	 0.495728	-0.448892	-0.471899	 0.097639
-0.498952	-0.498332	-0.498800	-0.477428	-0.134359	 0.497069	 0.499320	-0.438188	 0.497214	-0.449260	-0.485516	 0.097639
-0.498966	-0.498332	-0.498800	-0.477428	-0.134358	-0.001959	 0.499320	 0.031416	 0.497957	-0.449444	-0.492325	 0.097639
-0.498974	-0.498332	-0.498800	-0.477428	-0.134358	-0.250471	 0.499320	 0.265217	 0.498328	-0.449536	-0.495730	 0.097639
-0.498977	-0.498332	-0.498800	-0.477428	-0.134358	-0.374726	 0.499320	 0.382117	 0.498514	-0.449582	-0.497432	 0.097639
 0.001021	-0.498332	-0.498800	-0.477428	-0.134358	-0.436854	 0.499320	 0.440567	 0.498607	-0.449605	 0.001717	 0.097639
 0.250018	-0.498332	-0.498800	-0.477428	-0.134358	-0.467918	 0.499320	 0.469792	 0.498653	-0.449616	 0.250290	 0.097639
-0.125484	-0.498332	-0.498800	-0.477428	-0.134358	-0.483450	-0.000680	-0.015595	 0.498676	 0.050378	 0.374576	 0.097639
-0.312232	-0.498332	-0.498800	-0.477428	-0.134358	-0.491216	-0.249679	-0.257287	 0.498688	 0.299274	 0.436719	 0.097639
-0.405607	-0.498332	-0.498800	-0.477428	-0.134358	-0.495099	-0.374178	-0.378133	 0.498694	-0.077374	 0.467791	 0.097639
-0.452294	-0.498332	-0.498800	-0.477428	-0.134358	-0.497041	-0.436428	-0.438556	 0.498697	-0.265698	 0.483327	 0.097639
-0.475638	-0.498332	-0.498800	-0.477428	-0.134358	 0.001988	 0.032447	-0.468767	 0.498698	-0.359860	-0.008906	 0.097639
-0.487309	-0.498332	-0.498800	-0.477428	-0.134358	 0.250501	 0.265882	-0.483873	 0.498699	-0.406941	-0.254019	 0.097639
-0.493145	-0.498332	-0.498800	-0.477428	-0.134358	 0.374757	 0.382600	-0.491426	 0.498699	-0.430482	-0.376576	 0.097639
-0.496063	-0.498332	-0.498800	-0.477428	-0.134358	 0.436885	 0.440959	 0.004798	 0.498699	-0.442252	-0.437855	 0.097639
-0.497522	-0.498332	-0.498800	-0.477428	-0.134358	 0.467950	 0.470138	 0.251907	 0.498699	-0.448137	-0.468494	 0.097639
-0.498252	-0.498332	-0.498800	-0.477428	-0.134358	-0.016518	-0.015272	 0.375462	 0.498699	-0.451079	-0.483814	 0.097639
-0.498616	-0.498332	-0.498800	-0.477428	-0.134358	-0.257750	-0.256976	 0.437240	 0.498699	-0.452551	-0.491473	 0.097639
-0.498799	-0.498332	-0.498800	-0.477428	-0.134358	-0.378366	 0.122172	-0.031872	 0.498699	-0.953286	 0.004697	 0.097639
-0.498890	-0.498332	-0.498800	-0.477428	-0.134358	-0.438674	 0.310743	-0.265425	 0.498699	-1.200746	 0.251780	 0.097639
-0.498936	-0.498332	-0.498800	-0.477428	-0.134358	 0.031172	 0.405029	-0.382202	 0.498699	-0.321580	-0.124678	 0.097639
-0.498958	-0.498332	-0.498800	-0.477428	-0.134358	 0.265093	 0.452172	-0.440591	 0.498699	 0.116888	-0.311905	 0.097639
-0.498970	-0.498332	-0.498800	-0.477428	-0.134358	 0.382053	 0.475743	-0.469785	 0.498699	 0.335012	-0.405519	 0.097639
-0.498975	-0.498332	-0.498800	-0.477428	-0.134358	-0.059467	 0.487529	 0.015618	 0.498699	-0.057033	 0.047675	 0.097639
-0.498978	-0.498332	-0.498800	-0.477428	-0.134358	-0.279225	 0.493422	 0.257317	 0.498699	-0.253055	 0.273270	 0.097639
-0.498980	-0.498332	-0.498800	-0.477428	-0.134358	 0.110896	 0.496368	 0.378167	 0.498699	-0.351066	-0.113933	 0.097639
-0.498980	-0.498332	-0.498800	-0.477428	-0.134358	 0.304955	 0.497842	 0.438592	 0.498699	-0.400072	-0.306532	 0.097639
-0.498981	-0.498332	-0.498800	-0.477428	-0.134358	-0.098016	 0.498578	 0.468804	 0.498699	-0.424575	 0.097169	 0.097639
-0.498981	-0.498332	-0.498800	-0.477428	-0.134358	-0.298499	 0.498946	 0.483911	 0.498699	-0.436826	 0.298017	 0.097639
-0.498981	-0.498332	-0.498800	-0.477428	-0.134358	 0.101259	 0.499131	 0.491464	 0.498699	-0.442952	-0.101559	 0.097639
-0.498981	-0.498332	-0.498800	-0.477428	-0.134358	 0.300136	 0.499223	 0.495240	 0.498699	-0.446015	-0.300344	 0.097639
-0.498981	-0.498332	-0.498800	-0.477428	-0.134358	 0.399575	 0.499269	 0.497129	 0.498699	-0.447546	-0.399737	 0.097639
-0.498981	-0.498332	-0.498800	-0.477428	-0.134358	 0.449294	 0.499292	 0.498073	 0.498699	-0.448312	-0.449434	 0.097639
-0.498981	-0.498332	-0.498800	-0.477428	-0.134358	 0.474154	 0.499303	 0.498545	 0.498699	-0.448695	-0.474282	 0.097639
-0.498981	-0.498332	-0.498800	-0.477428	-0.134358	 0.486583	 0.499309	 0.498781	 0.498699	-0.448886	-0.486706	 0.097639
-0.498981	-0.498332	-0.498800	-0.477428	-0.134358	 0.492798	 0.499312	 0.498899	 0.498699	-0.448982	-0.492918	 0.097639
-0.498981	-0.498332	-0.498800	-0.477428	-0.134358	-0.004094	 0.499313	-0.001042	-0.001301	-0.449030	-0.496024	 0.097639
-0.498981	-0.498332	-0.498800	-0.477428	-0.134358	-0.251538	 0.499314	-0.250011	-0.250298	-0.449054	-0.497577	 0.097639
-0.498981	-0.498332	-0.498800	-0.477428	-0.134358	 0.124739	 0.499314	 0.125505	 0.125203	-0.449065	 0.001647	 0.097639
-0.498981	-0.498332	-0.498800	-0.477428	-0.134358	 0.311876	 0.499315	 0.312261	 0.311953	-0.449071	 0.250257	 0.097639
-0.498981	-0.498332	-0.498800	-0.477428	-0.134358	 0.405445	 0.499315	 0.405639	 0.405327	-0.449074	 0.374562	 0.097639
-0.498981	-0.498332	-0.498800	-0.477428	-0.134358	-0.047771	 0.499315	 0.452328	 0.452015	-0.449076	-0.063286	 0.097639
-0.498981	-0.498332	-0.498800	-0.477428	-0.134358	-0.273377	 0.499315	 0.475672	 0.475358	-0.449077	-0.281207	 0.097639
 0.001019	-0.498332	-0.498800	-0.477428	-0.134358	-0.386180	 0.499315	 0.487344	 0.487030	-0.449077	-0.390168	 0.097639
 0.250017	-0.498332	-0.498800	-0.477428	-0.134358	-0.442581	 0.499315	 0.493181	 0.492866	-0.449077	-0.444649	 0.097639
-0.125484	-0.498332	-0.498800	-0.477428	-0.134358	-0.470782	 0.499315	 0.496099	 0.495784	-0.449077	 0.028111	 0.097639
-0.312233	-0.498332	-0.498800	-0.477428	-0.134358	-0.484883	 0.499315	 0.497558	 0.497243	-0.449077	 0.263489	 0.097639
 0.094393	-0.498332	-0.498800	-0.477428	-0.134358	-0.491933	-0.000685	 0.498287	-0.002028	-0.449077	 0.381179	 0.097639
 0.296704	-0.498332	-0.498800	-0.477428	-0.134358	-0.495458	-0.249684	 0.498652	-0.250660	-0.449077	 0.440023	 0.097639
 0.397859	-0.498332	-0.498800	-0.477428	-0.134358	-0.497220	-0.374183	 0.498834	-0.374977	-0.449077	 0.469445	 0.097639
-0.051563	-0.498332	-0.498800	-0.477428	-0.134358	 0.001898	 0.063567	 0.498926	 0.062865	-0.949077	 0.484156	 0.097639
-0.275272	-0.498332	-0.498800	-0.477428	-0.134358	 0.250456	 0.281440	 0.498971	 0.280785	-1.196179	 0.491512	 0.097639
 0.112873	-0.498332	-0.498800	-0.477428	-0.134358	-0.125266	 0.390376	-0.001006	 0.389744	-0.816844	-0.004810	 0.097639
 0.305944	-0.498332	-0.498800	-0.477428	-0.134358	-0.312124	 0.444844	-0.249993	 0.444224	-0.627176	-0.251969	 0.097639
-0.097521	-0.498332	-0.498800	-0.477428	-0.134358	-0.405554	-0.027922	-0.374486	 0.471464	-0.532342	-0.375548	 0.097639
-0.298251	-0.498332	-0.498800	-0.477428	-0.134358	-0.452268	-0.263303	-0.436733	 0.485084	-0.484925	-0.437338	 0.097639
 0.101384	-0.498332	-0.498800	-0.477428	-0.134358	-0.475626	 0.119006	-0.467856	 0.491894	-0.461216	 0.031767	 0.097639
 0.300199	-0.498332	-0.498800	-0.477428	-0.134358	-0.487304	 0.309158	-0.483418	 0.495299	-0.449362	 0.265318	 0.097639
 0.399607	-0.498332	-0.498800	-0.477428	-0.134358	-0.493144	 0.404234	-0.491199	 0.497002	-0.443435	 0.382093	 0.097639
-0.050689	-0.498332	-0.498800	-0.477428	-0.134358	 0.003937	 0.451772	-0.495089	 0.497853	-0.440472	-0.059519	 0.097639
-0.274836	-0.498332	-0.498800	-0.477428	-0.134358	 0.251475	 0.475541	-0.497034	 0.498279	-0.438990	-0.279323	 0.097639
-0.386909	-0.498332	-0.498800	-0.477428	-0.134358	-0.124756	 0.487425	 0.001993	 0.498491	-0.438249	-0.389225	 0.097639
-0.442945	-0.498332	-0.498800	-0.477428	-0.134358	-0.311870	 0.493367	 0.250505	 0.498598	-0.437878	-0.444176	 0.097639
-0.470963	-0.498332	-0.498800	-0.477428	-0.134358	 0.094574	 0.496339	 0.374761	 0.498651	-0.437693	-0.471651	 0.097639
-0.484973	-0.498332	-0.498800	-0.477428	-0.134358	 0.296793	 0.497824	 0.436889	 0.498678	-0.437601	-0.485389	 0.097639
-0.491977	-0.498332	-0.498800	-0.477428	-0.134358	-0.102097	 0.498567	-0.032047	 0.498691	-0.437554	-0.492258	 0.097639
-0.495479	-0.498332	-0.498800	-0.477428	-0.134358	-0.300540	 0.498938	-0.265513	 0.498698	-0.437531	-0.495692	 0.097639
-0.497231	-0.498332	-0.498800	-0.477428	-0.134358	-0.399762	 0.499124	-0.382246	 0.498701	-0.437520	-0.497410	 0.097639
-0.498106	-0.498332	-0.498800	-0.477428	-0.134358	-0.449372	 0.499217	 0.059387	 0.498703	-0.437514	 0.001732	 0.097639
-0.498544	-0.498332	-0.498800	-0.477428	-0.134358	-0.474178	 0.499263	 0.279202	 0.498703	-0.437511	 0.250301	 0.097639
-0.498763	-0.498332	-0.498800	-0.477428	-0.134358	-0.486581	 0.499286	-0.110891	 0.498704	-0.437509	 0.374585	 0.097639
-0.498872	-0.498332	-0.498800	-0.477428	-0.134358	-0.492782	 0.499298	-0.304935	 0.498704	-0.437509	 0.436727	 0.097639
 0.001073	-0.498332	-0.498800	-0.477428	-0.134358	-0.495883	-0.000696	 0.098043	 0.498704	-0.437508	-0.032201	 0.097639
 0.250044	-0.498332	-0.498800	-0.477428	-0.134358	-0.497433	-0.249692	 0.298529	 0.498704	-0.437508	-0.265664	 0.097639
-0.125471	-0.498332	-0.498800	-0.477428	-0.134358	-0.498208	-0.374190	 0.398773	 0.498704	-0.437508	 0.117605	 0.097639
-0.312226	-0.498332	-0.498800	-0.477428	-0.134358	-0.498596	-0.436439	 0.448895	 0.498704	-0.437508	 0.308238	 0.097639
-0.405604	-0.498332	-0.498800	-0.477428	-0.134358	-0.498789	-0.467563	 0.473955	 0.498704	-0.437508	 0.403554	 0.097639
 0.047707	-0.498332	-0.498800	-0.477428	-0.134358	-0.498886	 0.016875	 0.486486	 0.498704	-0.437508	-0.048787	 0.097639
 0.273361	-0.498332	-0.498800	-0.477428	-0.134358	-0.498935	 0.258091	 0.492751	 0.498704	-0.437508	-0.273956	 0.097639
-0.113813	-0.498332	-0.498800	-0.477428	-0.134358	-0.498959	 0.378699	 0.495884	 0.498704	-0.437508	 0.113460	 0.097639
-0.306397	-0.498332	-0.498800	-0.477428	-0.134358	-0.498971	 0.439003	 0.497450	 0.498704	-0.437508	 0.306166	 0.097639
-0.402690	-0.498332	-0.498800	-0.477428	-0.134358	-0.498977	 0.469155	 0.498233	 0.498704	-0.437508	 0.402519	 0.097639
-0.450836	-0.498332	-0.498800	-0.477428	-0.134358	-0.498980	 0.484231	 0.498625	 0.498704	-0.437508	 0.450695	 0.097639
-0.474909	-0.498332	 0.001200	-0.477428	-0.134358	-0.498982	 0.491769	 0.498820	 0.498704	-0.437508	-0.025217	 0.097639
-0.486945	-0.498332	 0.250197	-0.477428	-0.134358	-0.498983	 0.495538	 0.498918	 0.498704	-0.437508	-0.262170	 0.097639
-0.492964	-0.498332	-0.125304	-0.477428	-0.134358	 0.001017	-0.002577	 0.498967	 0.498704	-0.437508	 0.119353	 0.097639
-0.495973	-0.498332	-0.312053	-0.477428	-0.134358	 0.250015	-0.250634	 0.498992	 0.498704	-0.437508	 0.309113	 0.097639
-0.497477	-0.498332	-0.405427	-0.477428	-0.134358	 0.374514	-0.374662	 0.499004	 0.498704	-0.437508	 0.403993	 0.097639
-0.498230	-0.498332	-0.452115	-0.477428	-0.134358	 0.436763	 0.063324	 0.499010	 0.498704	-0.437508	 0.451433	 0.097639
-0.498606	-0.498332	-0.475458	-0.477428	-0.134358	 0.467888	 0.281314	 0.499013	 0.498704	-0.437508	 0.475153	 0.097639
 0.001206	-0.498332	-0.487130	-0.477428	-0.134358	-0.016550	-0.109690	-0.000985	 0.498704	-0.437508	-0.012987	 0.097639
 0.250110	-0.498332	-0.492966	-0.477428	-0.134358	-0.257767	-0.304191	-0.249983	 0.498704	-0.437508	-0.256055	 0.097639
-0.125438	-0.498332	-0.495884	-0.477428	-0.134358	-0.378375	 0.098558	-0.374481	 0.498704	-0.437508	-0.377589	 0.097639
-0.312210	-0.498332	-0.497343	-0.477428	-0.134358	-0.438679	 0.298930	-0.436730	 0.498704	-0.437508	-0.438356	 0.097639
-0.405596	-0.498332	-0.498072	-0.477428	-0.134358	 0.031169	 0.399116	 0.032145	 0.498704	-0.437508	-0.468739	 0.097639
-0.452289	-0.498332	-0.498437	-0.477428	-0.134358	 0.265091	 0.449209	 0.265580	 0.498704	-0.437508	-0.483931	 0.097639
-0.475636	-0.498332	-0.498619	-0.477428	-0.134358	 0.382052	 0.474256	 0.382298	 0.498704	-0.437508	-0.491527	 0.097639
 0.012691	-0.498332	-0.498711	-0.477428	-0.134358	 0.440532	 0.486779	-0.059343	 0.498704	-0.437508	-0.495325	 0.097639
 0.255853	-0.498332	-0.498756	-0.477428	-0.134358	 0.469772	 0.493041	-0.279161	 0.498704	-0.437508	-0.497224	 0.097639
-0.122567	-0.498332	-0.498779	-0.477428	-0.134358	 0.484392	 0.496171	-0.389071	 0.498704	-0.437508	 0.001827	 0.097639
-0.310774	-0.498332	-0.498790	-0.477428	-0.134358	 0.491702	 0.497737	-0.444025	 0.498704	-0.437508	 0.250350	 0.097639
-0.404878	-0.498332	-0.498796	-0.477428	-0.134358	-0.004642	 0.498520	 0.028497	-0.001296	-0.437508	 0.374612	 0.097639
-0.451930	-0.498332	-0.498799	-0.477428	-0.134358	-0.251813	 0.498911	 0.263757	-0.250293	-0.437508	 0.436743	 0.097639
-0.475456	-0.498332	-0.498800	-0.477428	-0.134358	 0.124602	 0.499107	-0.118614	 0.125208	-0.437508	-0.032192	 0.097639
-0.487219	-0.498332	-0.498801	-0.477428	-0.134358	 0.311807	 0.499204	-0.308797	 0.311957	-0.437508	-0.265657	 0.097639
-0.493101	-0.498332	-0.498801	-0.477428	-0.134358	 0.405410	 0.499253	-0.403888	 0.405332	-0.437508	-0.382389	 0.097639
-0.496041	-0.498332	-0.498802	-0.477428	-0.134358	-0.047789	 0.499278	 0.048566	 0.452019	-0.437508	-0.440755	 0.097639
-0.497512	-0.498332	-0.498802	-0.477428	-0.134358	-0.273386	 0.499290	 0.273791	 0.475363	-0.437508	-0.469939	 0.097639
-0.498247	-0.498332	-0.498802	-0.477428	-0.134358	 0.113815	 0.499296	 0.386403	 0.487035	-0.437508	-0.484530	 0.097639
-0.498615	-0.498332	-0.498802	-0.477428	-0.134358	 0.306414	 0.499299	 0.442710	 0.492871	-0.437508	-0.491826	 0.097639
-0.498798	-0.498332	-0.498802	-0.477428	-0.134358	 0.402713	 0.499301	 0.470863	 0.495789	-0.437508	-0.495474	 0.097639
-0.498890	-0.498332	-0.498802	-0.477428	-0.134358	 0.450863	 0.499302	 0.484939	 0.497248	-0.437508	-0.497298	 0.097639
 0.001064	-0.498332	-0.498802	-0.477428	-0.134358	 0.474937	 0.499302	 0.491978	 0.497977	-0.437508	-0.498210	 0.097639
 0.250039	-0.498332	-0.498802	-0.477428	-0.134358	 0.486975	 0.499302	 0.495497	 0.498342	-0.437508	-0.498666	 0.097639
 0.374526	-0.498332	-0.498802	-0.477428	-0.134358	 0.492994	 0.499302	 0.497256	 0.498524	-0.437508	-0.498894	 0.097639
-0.063230	-0.498332	-0.498802	-0.477428	-0.134358	-0.003997	 0.499302	-0.001864	-0.001385	-0.437508	-0.499008	 0.097639
-0.281106	-0.498332	-0.498802	-0.477428	-0.134358	-0.251490	 0.499302	-0.250422	-0.250336	-0.437508	-0.499065	 0.097639
 0.109956	-0.498332	-0.498802	-0.477428	-0.134358	-0.375237	 0.499302	-0.374701	 0.125188	-0.437508	-0.499093	 0.097639
 0.304485	-0.498332	-0.498802	-0.477428	-0.134358	-0.437110	 0.499302	-0.436841	 0.311948	-0.437508	-0.499107	 0.097639
-0.098251	-0.498332	-0.498802	-0.477428	-0.134358	-0.468047	 0.499302	 0.032090	 0.405329	-0.437508	 0.000885	 0.097639
-0.298617	-0.498332	-0.498802	-0.477428	-0.134358	-0.483515	 0.499302	 0.265553	 0.452019	-0.437508	 0.249880	 0.097639
-0.398800	-0.498332	-0.498802	-0.477428	-0.134358	 0.008750	 0.499302	 0.382284	 0.475364	 0.062492	-0.125623	 0.097639
-0.448891	-0.498332	-0.498802	-0.477428	-0.134358	 0.253881	 0.499302	 0.440650	 0.487036	 0.311367	-0.312372	 0.097639
-0.473937	-0.498332	-0.498802	-0.477428	-0.134358	 0.376447	 0.499302	 0.469833	 0.492873	 0.434684	-0.405746	 0.097639
 0.013540	-0.498332	-0.498802	-0.477428	-0.134358	-0.062271	 0.499302	 0.484424	 0.495791	-0.004773	 0.047567	 0.097639
 0.256277	-0.498332	-0.498802	-0.477428	-0.134358	-0.280627	 0.499302	 0.491720	 0.497250	-0.224502	 0.273221	 0.097639
-0.122355	-0.498332	-0.498802	-0.477428	-0.134358	 0.110194	 0.499302	 0.495368	 0.497979	-0.334367	 0.386048	 0.097639
-0.310669	-0.498332	-0.498802	-0.477428	-0.134358	 0.304603	 0.499302	 0.497192	 0.498344	-0.389299	 0.442462	 0.097639
-0.404826	-0.498332	-0.498802	-0.477428	-0.134358	 0.401808	 0.499302	 0.498104	 0.498526	-0.416765	 0.470669	 0.097639
-0.451904	-0.498332	-0.498802	-0.477428	-0.134358	 0.450410	 0.499302	 0.498560	 0.498618	-0.430498	 0.484772	 0.097639
-0.475443	-0.498332	-0.498802	-0.477428	-0.134358	-0.025289	 0.499302	-0.001212	 0.498663	-0.437364	 0.491824	 0.097639
