-1.437998	-2.200926	 0.137012	 0.102962	 0.177805	-0.000780	-0.499051	 0.465192	 0.844428	-1.760309	-0.977699	 0.577853
-1.432154	-2.192122	 0.137010	 0.301381	 0.177897	-0.249778	-0.499051	 0.452473	 0.841050	-1.753268	-0.973788	 0.575542
-1.426380	-2.183353	 0.137009	 0.400590	 0.177943	-0.374277	-0.499051	 0.446113	 0.837686	-1.746255	-0.969893	 0.573240
-1.420652	-2.174620	 0.637009	 0.450194	-0.322034	 0.063473	-0.499051	 0.442933	 0.834335	-1.739270	-0.966014	 0.570947
-1.414958	-2.165922	 0.884735	 0.474996	-0.570379	 0.281346	-0.499051	 0.441344	 0.830998	-1.732312	-0.962150	 0.568663
-1.409292	-2.157258	 0.506333	-0.012602	-0.192913	 0.390282	-0.499051	 0.440549	 0.827674	-1.725383	-0.958301	 0.566388
-1.403652	-2.148629	 0.317132	-0.255401	-0.004181	 0.444751	-0.499051	 0.440151	 0.824363	-1.718482	-0.954468	 0.564123
-1.398036	-2.140034	 0.222531	 0.123199	 0.090185	 0.471985	-0.499051	 0.439952	 0.821066	-1.711608	-0.950650	 0.561866
-1.392443	-2.131474	 0.175231	 0.311496	 0.137369	 0.485602	-0.499051	 0.439853	 0.817782	-1.704761	-0.946847	 0.559619
-1.386873	-2.122948	 0.151581	 0.405644	 0.160960	 0.492410	-0.499051	 0.439803	 0.814511	-1.697942	-0.943060	 0.557380
-1.381325	-2.114456	 0.139756	 0.452718	 0.172756	 0.495814	-0.499051	 0.439779	 0.811252	-1.691150	-0.939288	 0.555151
-1.375800	-2.105999	 0.133843	 0.476255	 0.178654	 0.497517	-0.499051	 0.439766	 0.808007	-1.684386	-0.935531	 0.552930
-1.370297	-2.097575	 0.130887	-0.011976	-0.318397	 0.498368	-0.499051	 0.439760	 0.804775	-1.677648	-0.931788	 0.550719
-1.364815	-2.089184	 0.129409	-0.255092	-0.565292	 0.498793	-0.499051	 0.439757	 0.801556	-1.670938	-0.928061	 0.548516
-1.359356	-2.080828	 0.128670	 0.123351	-0.187115	 0.499006	-0.499051	 0.939755	 0.798350	-1.664254	-0.924349	 0.546322
-1.353919	-2.072504	 0.128300	 0.311568	 0.001974	 0.499112	-0.499051	 1.186875	 0.795157	-1.657597	-0.920652	 0.544136
-1.348503	-2.064214	 0.128115	 0.405677	-0.403482	 0.499166	-0.499051	 0.807567	 0.791976	-1.650967	-0.916969	 0.541960
-1.343109	-2.055957	 0.128023	 0.452732	-0.604592	 0.499192	-0.499051	 0.617913	 0.788808	-1.644363	-0.913301	 0.539792
-1.337737	-2.047734	 0.127977	 0.476259	-0.203536	 0.499205	-0.499051	 0.523086	 0.785653	-1.637785	-0.909648	 0.537633
-1.332386	-2.039543	 0.127954	 0.488022	-0.003007	 0.499212	-0.499051	 0.475672	 0.782510	-1.631234	-0.906009	 0.535482
-1.327056	-2.031384	 0.127942	 0.493904	 0.097257	 0.499215	-0.499051	 0.451966	 0.779380	-1.624709	-0.902385	 0.533340
-1.321748	-2.023259	 0.627936	 0.496845	 0.147389	 0.499217	-0.499051	 0.440112	 0.776263	-1.618210	-0.898776	 0.531207
-1.316461	-2.015166	 0.875678	 0.498316	 0.172455	 0.499218	-0.499051	 0.434185	 0.773158	-1.611738	-0.895181	 0.529082
-1.311195	-2.007105	 0.997301	 0.499051	 0.184988	 0.499218	-0.499051	 0.431222	 0.770065	-1.605291	-0.891600	 0.526966
-1.305950	-1.999077	 1.055876	 0.499418	 0.191254	 0.499219	-0.499051	 0.429740	 0.766985	-1.598869	-0.888034	 0.524858
-1.300727	-1.991081	 0.582934	 0.499602	 0.194388	 0.499219	-0.499051	 0.429000	 0.763917	-2.092474	-0.884481	 0.522759
-1.295524	-1.983116	 0.346463	 0.499694	 0.195954	 0.499219	-0.499051	 0.428629	 0.760861	-2.334104	-0.880943	 0.520668
-1.790342	-2.475184	-0.271773	-0.000260	-1.303262	-0.500781	-0.999051	-0.071556	-0.242182	-2.949768	-1.877420	-0.481415
-2.033180	-2.715283	-0.579110	-0.249237	-2.047266	-0.997780	-1.246053	-0.320505	-0.741214	-3.250469	-2.369910	-0.979490
-2.150047	-2.829422	-0.731006	-0.373725	-2.413685	-1.243289	-1.366568	-0.443841	-0.988249	-3.393717	-2.610430	-1.225572
-2.203947	-2.880604	-0.805189	-0.435969	-2.091334	-0.863067	-1.423851	-0.504374	-0.609296	-2.958267	-1.724989	-0.845669
-2.226381	-2.900332	-0.840521	-0.467091	-1.926621	-0.672955	-1.449531	-0.533511	-0.419819	-2.735496	-1.280589	-0.655718
-2.233101	-2.404355	-0.856435	-0.482652	-1.340741	-0.577900	-1.459420	-0.046954	-0.325081	-2.619086	-1.056716	-0.060743
-2.231981	-2.152551	-0.862648	-0.490433	-1.046291	-0.530372	-1.461426	 0.196324	-0.277712	-2.555875	-0.943114	 0.235677
-2.226959	-2.522847	-0.864017	-0.494323	-0.897562	-0.506608	-1.459502	-0.182037	-0.254027	-3.019284	-0.884655	-0.117178
-2.220005	-2.702208	-0.862970	-0.496268	-0.821700	-0.494726	-1.455625	-0.370096	-0.242185	-3.244023	-0.853772	-0.293605
-2.212101	-2.286126	-0.860723	-0.497241	-0.782277	-0.488785	-1.450783	 0.036990	-0.736264	-2.849455	-0.836685	 0.118181
-2.203741	-2.074345	-0.857882	-0.497727	-0.761080	-0.485814	-1.445470	 0.240533	-0.980843	-2.647262	-0.826503	 0.323015
-2.195170	-1.964729	-0.854752	-0.497970	-0.749002	-0.484329	-1.439933	 0.342305	-1.100681	-2.541275	-0.819779	 0.424376
-2.186512	-1.906211	-0.851484	-0.498092	-0.741489	-0.483586	-0.934296	 0.393191	-0.658159	-2.483411	-0.814790	-0.025995
-2.177827	-1.873257	-0.848153	-0.498152	-0.736265	-0.483215	-0.681478	 0.418634	-0.436898	-2.449628	-0.810677	-0.251181
-2.169146	-1.853099	-0.844798	-0.498183	-0.732190	-0.483029	-0.555068	 0.431355	-0.326268	-1.927904	-0.807007	 0.136226
-2.160484	-1.839354	-0.841438	-0.498198	-0.728697	-0.482937	-0.491864	 0.437716	-0.270953	-1.664230	-0.803565	 0.328883
-2.151850	-1.828830	-0.838081	-0.498206	-0.725500	-0.482890	-0.460261	 0.440896	-0.243295	-1.529592	-0.800244	-0.075832
-2.143247	-1.819932	-0.834734	-0.498209	-0.722457	-0.482867	-0.444460	 0.442486	-0.229466	-1.459483	-0.796990	-0.278190
-2.634676	-2.311861	-0.831397	-0.498211	-1.219496	-0.482855	-0.436560	-0.056718	-0.722552	-1.921650	-1.293775	-0.379368
-2.874138	-2.552217	-0.828073	-0.498212	-1.464583	-0.482850	-0.432609	-0.305209	-0.966663	-2.147966	-1.538587	-0.429958
-2.987642	-2.666811	-0.824761	-0.498213	-1.583707	-0.482847	-0.430634	-0.428347	-1.086298	-2.256375	-1.657426	-0.455253
-2.538191	-2.218544	-0.321462	-0.498213	-0.639863	-0.482845	-0.429647	 0.011187	-0.143703	 1.694150	 0.286707	 0.532100
-2.309289	-1.990871	-0.069813	-0.498213	-0.167941	-0.482845	-0.429153	 0.230954	 0.325997	 3.658123	 1.254312	 1.022738
-0.190677	 3.626492	 0.556012	 0.501787	 1.068019	-0.482844	 1.071094	 0.840838	 0.059255	 8.128865	 1.733671	 0.765030
 0.864774	 6.416686	 0.866560	 0.998783	 1.681392	-0.482844	 1.816075	 1.142878	-0.074116	 10.339037	 1.968924	 0.635161
 3.388658	 12.293370	 0.519481	 0.744290	 1.983489	-0.482844	 1.683443	 0.291008	-1.140801	 15.919025	 3.082142	-1.430784
 4.638775	 15.195371	 0.345941	 0.617043	 2.129966	-0.482844	 1.614026	-0.133805	-1.669729	 18.666021	 3.630361	-2.456763
 6.252056	 21.110177	-0.240829	 0.053420	 1.698652	-0.482844	 2.076228	-0.345094	-2.429795	 22.496692	 4.896113	-3.462787
 7.042966	 24.013530	-0.532559	-0.227371	 1.480460	-0.482844	 2.302252	-0.449626	-2.803449	 24.359374	 5.516665	-3.956861
 7.422753	 25.411373	-0.676775	-0.366751	 1.368839	-0.482844	 2.410207	-0.500784	-2.983922	 25.238270	 5.814667	-4.194997
 8.597042	 28.056676	-0.747242	 0.064572	 4.310515	 0.517156	 3.959149	-0.525259	-1.067829	 28.125484	 11.951442	-0.805198
 9.164643	 29.317923	-0.780839	 0.280233	 5.766848	 1.014122	 4.722603	-0.536397	-0.111479	 29.507066	 14.983654	 0.884532
 13.428979	 39.887389	 0.703991	 0.388064	 5.480568	 0.259583	 4.593358	-0.040871	-0.634994	 37.136079	 17.463728	 1.724248
 15.525761	 45.157581	 1.442028	 0.441979	 5.327040	-0.117687	 4.519808	 0.206892	-0.894435	 40.936046	 18.663877	 2.138979
 18.538907	 46.778196	 1.806687	 0.468937	 5.739929	 0.193678	 4.474140	 1.330774	-0.521847	 43.321547	 19.224224	 1.841237
 20.002375	 47.573855	 1.984673	 0.482416	 5.934067	 0.348351	 4.442449	 1.887805	-0.335553	 44.499650	 19.464828	 1.689278
 21.191178	 51.457095	 2.069341	 0.989155	 6.018880	-0.075319	 3.417782	 1.161431	 0.257594	 45.074112	 19.545719	 2.110225
 21.740819	 53.384332	 2.107367	 1.239533	 6.049079	-0.287154	 2.900662	 0.798244	 0.552466	 45.346959	 19.546911	 2.315636
 21.971059	 54.333623	 2.122089	 1.361742	 6.052020	-0.393072	 2.637336	 0.616651	 0.698207	 45.469056	 19.508411	 2.413299
 16.541777	 46.294000	 0.625177	 0.919879	 4.041381	-0.446030	 2.500924	 0.025854	-1.730610	 38.015836	 13.450222	-1.042891
 13.804910	 42.197680	-0.121536	 0.698947	 3.032000	-0.472510	 2.427989	-0.268414	-2.936700	 34.228101	 10.406343	-2.761988
 12.414341	 40.073317	-0.493156	 0.588481	 1.523264	-0.485749	 2.386812	-0.414423	-3.531459	 32.273352	 8.869678	-3.612575
 11.697009	 38.935238	-0.677236	 0.533248	 0.768896	-0.492369	 2.361532	-0.486307	-3.820587	 31.235341	 8.086680	-4.028942
 11.316383	 37.790604	-0.767554	 0.005632	 1.391712	-0.495679	 1.844219	-0.521132	-3.956931	 30.155940	 7.680573	-4.228234
 11.104199	 37.144995	-0.810997	-0.257132	 1.699091	-0.497334	 1.582909	-0.537433	-4.016916	 29.558087	 7.462971	-4.319026
 10.976323	 36.749192	-0.831009	 0.112525	 1.848767	-0.498162	 1.949611	-0.544476	-4.038755	 29.201240	 7.339679	-4.355602
 10.890688	 36.478583	-0.839314	 0.297354	 1.919609	-0.498575	 2.128329	-0.546894	-4.041554	 28.965128	 7.263601	-4.365105
 10.826260	 36.270863	-0.841771	 0.389769	 1.951049	-0.498782	 2.213074	-0.547005	-4.034864	 28.789614	 7.211186	-4.361108
 10.772523	 35.594877	-0.841311	-0.064024	 3.962804	 0.001114	 2.250851	-0.545966	-2.523463	 28.644628	 6.670662	-4.350395
 10.724217	 35.187046	-0.839399	-0.289885	 4.956732	 0.250061	 2.265162	-0.544357	-1.765738	 28.515136	 6.388139	-4.336359
 10.178712	 37.413572	-0.836768	 1.598216	 3.441795	 0.374534	 4.267759	 0.957534	-2.884860	 27.893619	 8.734666	-4.320697
 9.886693	 38.447555	-0.833784	 2.535294	 2.680472	 0.436770	 5.256517	 1.703560	-3.436413	 27.528316	 9.885768	-4.304255
 10.721494	 36.385583	 0.669369	 2.996888	 2.795973	-0.032111	 3.738405	 0.571674	-1.704213	 28.291339	 8.439245	-4.287459
 11.115782	 35.285950	 1.416601	 3.220768	 2.847900	-0.265550	 2.974908	 0.006851	-0.838113	 28.614741	 7.701998	-4.270520
 12.289906	 34.167761	 0.285889	 1.325819	 2.868064	-0.382270	 4.588737	 1.225556	 0.094936	 34.718566	 8.319445	-4.253543
 12.850040	 33.542567	-0.277777	 0.379483	 2.872370	-0.440629	 5.383247	 1.830020	 0.559405	 37.688834	 8.610294	-4.236581
 13.103286	 33.164136	-0.557928	-0.092552	 2.868769	-0.469809	 5.768146	 2.127383	 0.789592	 39.092650	 8.737917	-4.219661
 11.203196	 32.909348	-0.696327	 0.172560	 2.361239	-0.484399	 3.948289	 1.271215	-1.097354	 32.713565	 12.783997	-4.202796
 10.234545	 32.716646	-0.763857	 0.305116	 2.103766	-0.491694	 3.034104	 0.843130	-2.034859	 29.471353	 14.773377	-4.185991
 10.231688	 32.555246	-0.795959	 0.371394	 1.971337	-0.495342	 2.572772	 0.129088	-2.997666	 27.797789	 10.234542	-4.669250
 10.209802	 32.409759	-0.810354	 0.404533	 1.901445	-0.497165	 2.337883	-0.226763	-3.471149	 26.908759	 7.953732	-4.900575
 9.678483	 31.772487	-0.815902	 0.421103	 1.862835	-0.498077	 2.216232	-0.403523	-3.700001	 26.412204	 6.801982	-4.505973
 9.394529	 31.391580	-0.817033	 0.429388	 1.839882	-0.498533	 2.151218	-0.490743	-3.806569	 26.112095	 6.214806	-4.300450
 9.234331	 31.139106	-0.815962	 0.433530	 1.824772	-0.498761	 2.114538	-0.533196	-3.852027	 25.410417	 5.909963	-4.189498
 9.136084	 30.951095	-0.813797	 0.435601	 1.813597	-0.498875	 2.092043	-0.553272	-3.866961	 25.010160	 5.746331	-4.125865
 9.068884	 30.795564	-0.811091	 0.436637	 1.804405	-0.498932	 2.076656	-0.562163	-3.866665	 24.760812	 5.653350	-4.085925
 9.017281	 30.656518	-0.808122	 0.437154	 1.796219	-0.498961	 1.564840	-0.565467	-3.858783	 25.087115	 5.595739	-4.057862
 8.973548	 30.525960	-0.805026	 0.437413	 1.788550	-0.498975	 1.306826	-0.565981	-3.847141	 25.199440	 5.555857	-4.035771
 8.933822	 30.399890	-0.801875	 0.437543	 1.781153	-0.498982	 1.675721	-0.565105	-3.833649	 24.704979	 5.524884	-4.016699
 8.896171	 30.276308	-0.798702	 0.437608	 1.773907	-0.498986	 1.856080	-0.563538	-3.819262	 24.409327	 5.498410	-3.999167
 8.859628	 30.154211	-0.795524	 0.437640	 1.766751	-0.498987	 1.442186	-0.561631	-3.804459	 24.713274	 5.474229	-3.982438
 8.823711	 30.033099	-0.792351	 0.437656	 1.759654	-0.498988	 1.233182	-0.559558	-3.789479	 24.815213	 5.451238	-3.966142
 8.788177	 29.912718	-0.789185	-0.062336	 1.752600	-0.498989	 1.126632	-0.557407	-3.774439	 23.816348	 4.928886	-3.450094
 8.752904	 29.792943	-0.786031	-0.311207	 1.745582	-0.498989	 1.071317	-0.555221	-3.759401	 23.271281	 4.658897	-3.186202
 8.717833	 29.673710	-0.782888	-0.434523	 1.738596	-0.498989	 1.041628	-0.553021	-3.744393	 22.953295	 4.515125	-3.048412
 7.682931	 27.554984	-0.779757	-0.495065	 1.731640	-0.498989	 1.024759	-0.550820	-3.229430	 20.249031	 3.934496	-2.473695
 7.152185	 26.444748	-0.776638	-0.524224	 1.724712	-0.498989	 1.014309	-0.548622	-2.966520	 18.861809	 3.637474	-2.182539
 6.373568	 21.838962	-0.273532	-0.537698	 2.217813	-0.498989	 1.007076	-0.546431	-2.329657	 14.633250	 2.482282	-1.033178
 5.973070	 19.501602	-0.021978	-0.543332	 2.458942	-0.498989	 1.001460	-0.544246	-2.007841	 12.498160	 1.902032	-0.458498
 4.261676	 13.298594	 0.103798	-0.045051	 1.574106	 0.001011	 0.996660	-0.042070	-0.843560	 7.909889	 1.609263	 0.328843
 3.400879	 10.182898	 0.166686	 0.204089	 1.130309	 0.250009	 0.992277	 0.209018	-0.261420	 5.609111	 1.460246	 0.720280
 0.965400	 3.610916	 0.198131	 0.328660	 0.407038	 0.374508	-0.011891	 0.334562	 0.029650	-0.547895	-0.616885	 0.413776
-0.249400	 0.330847	 0.213853	 0.390945	 0.045402	 0.436757	-0.511943	 0.397334	 0.175185	-3.612988	-1.650063	 0.260524
-2.353871	-3.803289	-0.278286	-0.077913	-1.135416	-0.032118	-1.259944	-0.071280	-0.252047	-5.632179	-2.161285	 0.683897
-3.397190	-5.854482	-0.522815	-0.311248	-1.721192	-0.265554	-1.629929	-0.304507	-0.464305	-6.626471	-2.411551	 0.893370
-3.909968	-6.864267	-0.643545	-0.426826	-2.009466	-0.382271	-1.810922	-0.420045	-0.569081	-7.108376	-2.531361	 0.995900
-3.657512	-7.353412	-0.202381	 0.016469	-1.649008	 0.059370	-1.397435	 0.023257	-0.120121	-7.334148	-2.585963	 1.044969
-3.524474	-7.582299	 0.018201	 0.238117	-1.466202	 0.279188	-1.188723	 0.244908	 0.104359	-7.431914	-2.607983	 1.067315
-3.451172	-7.681120	 0.128492	-0.151059	-1.372232	-0.110903	-1.082407	 0.355734	 0.216599	-8.465737	-2.613733	 1.076309
-3.407765	-7.714971	 0.183637	-0.344567	-1.322690	-0.304946	-1.027297	 0.411147	 0.272719	-8.963650	-2.611369	 1.078635
-3.379333	-7.716398	 0.211210	-0.440244	-1.295373	-0.401968	-1.997798	-0.561147	-0.699221	-9.193683	-3.604969	 0.077636
-3.358415	-7.701677	 0.224997	-0.487011	-1.279179	-0.450478	-2.477111	-1.044227	-1.181849	-9.289853	-4.092572	-0.421017
-3.341281	-8.178942	 0.231890	-0.509327	-1.768555	-0.474734	-2.210855	-0.782712	-1.419833	-9.319165	-4.327213	-0.668504
-3.326066	-8.400262	 0.235336	-0.519422	-2.008728	-0.486862	-2.073838	-0.650913	-1.535510	-9.315124	-4.435410	-0.790415
-3.311837	-8.493679	 0.237060	-0.523410	-2.124316	-0.492925	-2.001456	-0.583975	-1.590046	-9.294482	-4.480421	-0.849546
-3.798127	-9.523213	-0.262079	-1.024350	-2.677631	-0.995957	-2.461407	-1.049471	-1.614025	-9.265613	-4.493876	-0.877294
-4.032703	-10.016875	-0.510125	-1.271769	-2.947826	-1.244475	-2.685539	-1.279190	-1.622739	-9.232705	-4.491589	-0.889359
-4.141457	-9.742685	-1.132632	-1.392440	-3.076488	-1.365748	-2.791786	-1.391031	-1.623832	-9.697851	-4.481466	-0.893588
-4.187333	-9.586652	-1.440376	-1.449749	-3.134408	-1.423411	-2.839114	-1.443946	-1.621129	-9.910099	-4.467463	-0.893907
-4.701805	-9.489775	-1.090751	-1.475390	-3.156984	-1.449280	-2.857005	-1.467410	-1.616541	-9.495978	-4.451554	-0.892278
-4.948608	-9.422551	-0.914457	-1.485208	-3.161912	-1.459264	-2.860200	-1.476160	-1.611023	-9.270753	-4.434728	-0.889682
-5.061619	-9.370228	-0.824833	-1.487127	-3.158043	-1.961318	-2.856071	-1.977565	-1.605053	-9.140050	-4.417479	-0.886610
-5.107775	-9.325431	-0.778551	-1.485108	-3.149800	-2.207418	-2.848303	-2.223310	-1.598870	-9.056680	-4.400055	-0.883307
-5.120545	-9.284471	-0.753945	-1.481133	-3.139395	-2.325561	-2.838738	-2.341244	-1.592593	-8.997048	-4.382577	-0.879895
-4.616664	-9.245504	-0.740184	-0.976191	-2.627935	-1.879745	-2.328297	-1.895293	-1.086282	-8.949357	-4.365108	-0.876436
-4.356497	-9.207607	-0.731850	-0.723720	-2.367972	-1.653969	-2.069440	-1.669419	-0.831966	-8.907709	-4.347678	-0.872961
-4.218222	-9.170319	-0.726236	-0.597484	-2.733774	-1.538225	-1.936391	-1.553595	-1.203653	-9.369152	-4.330303	-0.869484
-4.140924	-9.133410	-0.721988	-0.534367	-2.910476	-1.477508	-1.866260	-1.492807	-1.386346	-9.580213	-4.312989	-0.866014
-4.094148	-9.096762	-0.718428	-0.502808	-2.492653	-0.944316	-1.827602	-0.959549	-0.974554	-9.166161	-4.295741	-0.362554
-4.062665	-9.060317	-0.715219	-0.487028	-2.279592	-0.677720	-1.804695	-0.692920	-0.767533	-8.941630	-4.278560	-0.110824
-4.038861	-9.024048	-0.712190	-0.479139	-2.168928	-0.544421	-1.789678	-1.059606	-0.662901	-8.311931	-3.761447	 0.015041
-4.018929	-8.987937	-0.709257	-0.475194	-2.109480	-0.477772	-1.778620	-1.240096	-0.609469	-7.981717	-3.496401	 0.077974
-4.000965	-8.951978	-0.706378	-0.473221	-2.075655	-0.444448	-1.769556	-1.327500	-0.581641	-7.801307	-3.357416	 0.109440
-3.984017	-8.416167	-0.703532	-0.472235	-2.054660	-0.427786	-1.761503	-0.868372	-0.566619	-7.695860	-3.281487	 0.125173
-3.967609	-8.132500	-0.700707	-0.471742	-2.040094	-0.419455	-1.753970	-0.638808	-0.558005	-7.627956	-3.237111	 0.133040
-3.951502	-7.974969	-0.697899	-0.471495	-2.028761	-0.415289	-1.746710	-0.024026	-0.052599	-7.578883	-3.208537	 0.136973
-3.935578	-7.880569	-0.695105	-0.471372	-2.019059	-0.413206	-1.739601	 0.282183	 0.200104	-7.539288	-3.187891	 0.138940
-3.419777	-7.317796	-0.192323	 0.028689	-1.510190	 0.087835	-1.232582	 0.434111	 0.826455	-7.004490	-2.671233	 0.639923
-3.156069	-7.022900	 0.059068	 0.277663	-1.253752	 0.337178	-0.977621	 0.508903	 1.136726	-6.724152	-2.408595	 0.888133
-3.018429	-6.861996	 0.184763	 0.401096	-1.123539	-0.039323	-0.848696	 0.545132	 1.288967	-6.571096	-2.272984	 1.009965
-2.943848	-6.768142	 0.247611	 0.461764	-1.056445	-0.227574	-0.782793	 0.562083	 1.362205	-6.481731	-2.200904	 1.068618
-2.900819	-6.707866	 0.279035	 0.491053	-1.020920	-0.321700	-0.748408	 0.569401	 1.395953	-6.424264	-2.160606	 1.095689
-2.873589	-6.664433	 0.294747	 0.504657	-1.001187	 0.131238	-0.729788	 0.571907	 1.409968	-6.382797	-2.136216	 1.106980
-2.854281	-6.629475	 0.302603	 0.510422	-0.989357	 0.356538	-0.719055	 0.572010	 1.414127	-6.349381	-2.119798	 1.110388
-2.838958	-6.598806	 0.306531	 0.512272	-0.981487	 0.468024	-0.712272	 0.570918	 0.913370	-6.820041	-2.107382	 1.109865
-2.825648	-6.570336	 0.308495	 0.512169	-0.975605	 0.522609	-0.707470	 0.569232	 0.662992	-7.040790	-2.096984	 1.107385
-2.813369	-6.543017	 0.309477	 0.511093	-0.970724	 0.548746	-0.703663	 0.567254	 1.037802	-6.636641	-2.087612	 1.103935
-2.801627	-6.516326	 0.309967	 0.509536	-0.966352	 0.560665	-0.700360	 0.565135	 1.222383	-6.422101	-2.078769	 1.100009
-2.790177	-6.490001	 0.310213	 0.507741	-0.962242	 0.565480	-0.697315	 0.562949	 1.311859	-6.302417	-2.070208	 1.095854
-2.778894	-6.463912	 0.310336	 0.505831	-0.958271	 0.566746	-0.694403	 0.560735	 1.353794	-6.230209	-2.061804	 1.091593
-2.767717	-6.437991	 0.310397	 0.503869	-0.954377	 0.566244	-0.691565	 0.558510	 1.371970	-6.181789	-2.053496	 1.087288
-3.256616	-6.412207	 0.310428	 0.001884	-0.950529	 0.564861	-0.688768	 0.556286	 1.378278	-5.645312	-2.045251	 1.082969
-3.493574	-6.386542	 0.310443	-0.248109	-0.946712	 0.563042	-0.685997	 0.554065	 1.378663	-5.366856	-2.037055	 1.078653
-3.604592	-6.360987	 0.310451	 0.126895	-0.942917	 0.561011	-1.183246	 0.551851	 1.376097	-5.717451	-2.028899	 1.074346
-3.652670	-6.335539	 0.310455	 0.313393	-0.939142	 0.558877	-1.428509	 0.549645	 1.372067	-5.880613	-2.020779	 1.070052
-3.169307	-6.310195	 0.310457	 0.406642	-0.935383	 0.556697	-1.047793	 0.547447	 1.367316	-5.950106	-2.012694	 1.065774
-2.922254	-6.284953	 0.310458	 0.453267	-0.931641	 0.554497	-0.856101	 0.545257	 1.362216	-5.972813	-2.004642	 1.061512
-2.793377	-6.259813	 0.310458	 0.476579	-0.927914	 0.552293	-0.758926	 0.543077	 1.356951	-5.972176	-1.996623	 1.057266
-2.723610	-6.234774	 0.310458	 0.488235	-0.924202	 0.550091	-0.709015	 0.540904	 1.351615	-5.959914	-1.988637	 1.053037
-2.683418	-6.209834	 0.310458	 0.494063	-0.920505	 0.547894	-0.682741	 0.538741	 1.346255	-5.941888	-1.980682	 1.048825
-2.658036	-6.184995	 0.310458	 0.496977	-0.416823	 0.545704	-0.668292	 0.536586	 1.340893	-5.921027	-1.972759	 1.044630
-2.640080	-6.160255	 0.310458	 0.498434	-0.164982	 0.543522	-0.659759	 0.534439	 1.335541	-5.898797	-1.964868	 1.040451
-2.625857	-6.135614	 0.310458	 0.499163	-0.539061	 0.041349	-0.654190	 0.532302	 1.330205	-5.875928	-1.957009	 1.036290
-2.613523	-6.111071	 0.310458	 0.499527	-0.724275	-0.209738	-0.650109	 0.530173	 1.324887	-5.852788	-1.949181	 1.032144
-2.602153	-6.086627	 0.310458	 0.499709	-0.815062	 0.164718	-0.646776	 0.528052	 1.319589	-5.329558	-1.941384	 1.028016
-2.591287	-6.062281	 0.310458	 0.499800	-0.858645	 0.350868	-0.643823	 0.525940	 1.314311	-5.058331	-1.933618	 1.023904
-2.580693	-6.038032	 0.310458	 0.499846	-0.378631	 0.442869	-0.641064	 0.523836	 1.309054	-4.913143	-1.925884	 1.019808
-2.570256	-6.013879	 0.310458	 0.499869	-0.138624	 0.487800	-0.638408	 0.521741	 1.303818	-4.831013	-1.918180	 1.015729
-2.559917	-5.989824	 0.310458	 0.499880	-0.018621	 0.509200	-0.635809	 0.519654	 1.298603	-4.780450	-1.910508	 1.011666
-2.549649	-5.965865	 0.310458	 0.499886	 0.041381	 0.518839	-0.633243	 0.517575	 1.293408	-4.745709	-1.902866	 1.007619
-2.539436	-5.942001	 0.310458	 0.499889	 0.071381	 0.522601	-0.630698	 0.515505	 1.288235	-4.718917	-1.895254	 1.003589
-3.029271	-5.918233	 0.310458	 0.499890	-0.413618	 0.523430	-0.628170	 0.513443	 1.283082	-4.696136	-1.887673	 0.999575
-3.267151	-5.894560	 0.310458	 0.499891	-0.654321	 0.522795	-0.625654	 0.511389	 1.277950	-4.675399	-1.880122	 0.995576
-2.879080	-5.870982	 0.310458	 0.499891	-0.772882	 0.021434	-0.623150	 0.509343	 1.272838	-5.155722	-1.872602	 0.991594
-2.680063	-5.847498	 0.310458	 0.499891	-0.830380	-0.229247	-0.620657	 0.507306	 1.267746	-5.384611	-1.865111	 0.987628
-2.575592	-5.824108	 0.310458	-0.000109	-0.857353	 0.145413	-0.618174	 0.505277	 1.262675	-4.987828	-1.857651	 0.983677
-2.518415	-5.800812	 0.310458	-0.249108	-0.869071	 0.331702	-0.615701	 0.503256	 1.257625	-4.780255	-1.850220	 0.979742
-2.484903	-5.777608	 0.310458	-0.373608	-0.873168	 0.423811	-0.613238	 0.501243	 1.252594	-4.667323	-1.842820	 0.975823
-2.463245	-5.754498	 0.310458	-0.435858	-0.373462	 0.468834	-0.610785	 0.500236	 1.247584	-5.101748	-1.835448	 0.971920
-2.447533	-5.731480	 0.310458	-0.466983	-0.123609	 0.490317	-0.608342	 0.499733	 1.242594	-5.307888	-1.828106	 0.968032
-2.434813	-5.708554	 0.310458	 0.017454	-0.498683	 0.500036	-0.605909	 0.499481	 1.237623	-5.399930	-1.820794	 0.964160
-2.423609	-5.685720	 0.310458	 0.258669	-0.684472	 0.503875	-0.603485	 0.499355	 1.232673	-5.434967	-1.813511	 0.960304
-2.413182	-5.662977	 0.310458	-0.120723	-0.775626	 0.004780	-0.601071	 0.499292	 1.227742	-4.941546	-1.806257	 0.956462
-2.403163	-5.640325	 0.310458	-0.309419	-0.819470	-0.244768	-0.598667	 0.499261	 1.222831	-4.685939	-1.799032	 0.952637
-2.893367	-5.617764	 0.310458	-0.403767	-0.839665	 0.130458	-0.596272	 0.499245	 1.217940	-4.549275	-1.791836	 0.948826
-3.131702	-5.595293	 0.310458	-0.450941	-0.848043	 0.317059	-0.593887	 0.499237	 1.213068	-4.472117	-1.784668	 0.945031
-3.244129	-5.572911	 0.310458	-0.474528	-0.850519	 0.409353	-0.591512	 0.499233	 1.208216	-4.424749	-1.777530	 0.941251
-2.793630	-5.550620	 0.310458	 0.013678	-0.350051	 0.454496	-0.589145	 0.499232	 1.203383	-4.392310	-1.770420	 0.937486
-2.563694	-5.528417	 0.310458	 0.256778	-0.099817	 0.477068	-0.586789	 0.499231	 1.198569	-4.367370	-1.763338	 0.933736
-2.444059	-5.506304	 0.310458	 0.378328	 0.025300	 0.488354	-0.584442	 0.499230	 1.193775	-4.346216	-1.756285	 0.930001
-2.379592	-5.484278	 0.310458	 0.439102	 0.087859	 0.493997	-0.582104	 0.499230	 1.189000	-4.326989	-1.749259	 0.926281
-2.342728	-5.462341	 0.310458	 0.469490	 0.119138	 0.496818	-0.579776	 0.499230	 1.184244	-4.808759	-1.742262	 0.922576
-2.319685	-5.440492	 0.310458	 0.484684	 0.134778	 0.498229	-0.577456	 0.499230	 1.179507	-5.039064	-1.735293	 0.918885
-2.303570	-5.418730	 0.310458	 0.492280	 0.142597	 0.498935	-0.575147	 0.499230	 1.174789	-4.643677	-1.728352	 0.915210
-2.290938	-5.397055	 0.310458	 0.496079	 0.146507	 0.499287	-0.572846	 0.499230	 1.170090	-4.437487	-1.721439	 0.911549
-2.280065	-5.375467	 0.310458	 0.497978	 0.148462	 0.499464	-0.570555	 0.499230	 1.165409	-4.325930	-1.714553	 0.907903
-2.270090	-5.853965	 0.310458	 0.498928	-0.350560	 0.499552	-0.568272	 0.499230	 1.160748	-4.261722	-1.707695	 0.904271
-2.260582	-6.080549	 0.310458	 0.499402	-0.598372	 0.499596	-0.565999	 0.499230	 1.156105	-4.221224	-1.700864	 0.900654
-2.751326	-5.681227	-0.189542	 0.499640	-0.220586	 0.499618	-0.563735	 0.499230	 1.151480	-4.192613	-1.694061	 0.897051
-2.990214	-5.471002	-0.438162	 0.499759	-0.031693	 0.499629	-0.561480	 0.499230	 1.146874	-4.169979	-1.687284	 0.893463
-2.603200	-5.355368	-0.061099	-0.000182	 0.062754	 0.499634	-0.559235	 0.499230	 1.142287	-4.150368	-1.680535	 0.889889
-2.405260	-5.287072	 0.127432	-0.249152	 0.109977	 0.499637	-0.556998	 0.499230	 1.137718	-4.132301	-1.673813	 0.886330
-2.301876	-5.242486	 0.221698	 0.126363	-0.366411	 0.499639	-0.554770	 0.499230	 1.133167	-4.615039	-1.667118	 0.882784
-2.245787	-5.209797	 0.268831	 0.313117	-0.602920	 0.499639	-0.552551	 0.499230	 1.128634	-4.846212	-1.660449	 0.879253
-2.213363	-5.183099	 0.292397	 0.406493	-0.719495	 0.499640	-0.550340	 0.499230	 1.124120	-4.951644	-1.653807	 0.875736
-2.192789	-5.159436	 0.304181	 0.453182	-0.276111	 0.499640	-0.548139	 0.499230	 1.119623	-4.994246	-1.647192	 0.872233
-2.178158	-5.137334	 0.310072	 0.476526	-0.054419	 0.499640	-0.545946	 0.499230	 1.115145	-5.005473	-1.640603	 0.868744
-2.166515	-5.116052	 0.313018	 0.488198	 0.056427	 0.499640	-0.543763	 0.499230	 1.110684	-4.501053	-1.634041	 0.865269
-2.156384	-5.095222	 0.314491	 0.494034	 0.111850	 0.499640	-0.541588	 0.499230	 1.106241	-4.240850	-1.627505	 0.861808
-2.147026	-5.074658	 0.315227	 0.496952	-0.360438	 0.499640	-0.539421	 0.499230	 1.101816	-4.102787	-1.620995	 0.858361
-2.138071	-5.054267	 0.315596	 0.498411	-0.594917	 0.499640	-0.537264	 0.499230	 1.097409	-4.025826	-1.614511	 0.854928
-2.129336	-5.034005	 0.315780	 0.499141	-0.210498	-0.000360	-0.535114	 0.499230	 1.093020	-4.479448	-1.608053	 0.851508
-2.120727	-5.013846	 0.315872	 0.499505	-0.018288	-0.249359	-0.532974	 0.499230	 1.088647	-4.696393	-1.601621	 0.848102
-2.112198	-4.993779	 0.315918	 0.499688	 0.077817	-0.373859	-0.530842	 0.499230	 1.084293	-4.795039	-1.595214	 0.844710
-2.103727	-4.973798	 0.315941	 0.499779	 0.125869	 0.063891	-0.528719	 0.499230	 1.079956	-4.334574	-1.588833	 0.841331
-2.095300	-4.953900	 0.315952	 0.499825	 0.149896	 0.281763	-0.526604	 0.499230	 1.075636	-4.096594	-1.582478	 0.837965
-2.086913	-4.934083	 0.315958	 0.499847	 0.161909	 0.390699	-0.524497	 0.499230	 1.071333	-3.969886	-1.576148	 0.834614
-2.078563	-4.914346	 0.315961	 0.499859	 0.167915	 0.445167	-0.522399	 0.499230	 1.067048	-3.898846	-1.569843	 0.831275
-2.070247	-4.894688	 0.315962	 0.499865	 0.170919	-0.027599	-0.520310	 0.499230	 1.062780	-3.855670	-1.563564	 0.827950
-2.061965	-4.875109	 0.315963	 0.499867	 0.172420	-0.262981	-0.518229	 0.499230	 1.058529	-3.826457	-1.557310	 0.824638
-2.053717	-4.855609	 0.315963	 0.499869	 0.173171	 0.119327	-0.516156	 0.499230	 1.054295	-3.804257	-1.551081	 0.821340
-2.045502	-4.836186	 0.315964	 0.499870	 0.173546	 0.309479	-0.514091	 0.499230	 1.050077	-3.785592	-1.544876	 0.818054
-2.037320	-4.816841	 0.315964	 0.499870	 0.173734	 0.404554	-0.512035	 0.499230	 1.045877	-3.768726	-1.538697	 0.814782
-2.029171	-4.797574	 0.315964	 0.499870	 0.173828	 0.452092	-0.509987	 0.499230	 1.041694	-3.752789	-1.532542	 0.811523
-2.021054	-4.778384	 0.315964	 0.499870	 0.173875	 0.475861	-0.507947	 0.499230	 1.037527	-3.737347	-1.526412	 0.808277
-2.012970	-4.759270	 0.315964	 0.499870	 0.173898	 0.487745	-0.505915	 0.499230	 1.033377	-3.722182	-1.520306	 0.805044
-2.004918	-4.740233	 0.315964	 0.499870	 0.173910	 0.493687	-0.503891	 0.499230	 1.029243	-3.707186	-1.514225	 0.801824
-1.996898	-4.721272	 0.315964	 0.499870	 0.173916	 0.496659	-0.501876	 0.499230	 1.025126	-3.692303	-1.508168	 0.798616
-1.988911	-4.702387	 0.315964	 0.499870	 0.173919	 0.498144	-0.500868	 0.499230	 1.021026	-3.677507	-1.502135	 0.795422
-1.980955	-4.683578	 0.315964	 0.499870	-0.326080	 0.498887	-0.500364	 0.499230	 1.016942	-3.662783	-1.496127	 0.792240
-1.973031	-4.664843	 0.315964	 0.499870	-0.574427	 0.499258	-0.500112	 0.499230	 1.012874	-3.648126	-1.490142	 0.789071
-1.965139	-4.646184	 0.315964	 0.499870	-0.196955	 0.499444	-0.499986	 0.499230	 1.008822	-3.633530	-1.484182	 0.785915
-1.957279	-4.627599	 0.315964	 0.499870	-0.008219	 0.499537	-0.499923	 0.499230	 1.004787	-3.618994	-1.478245	 0.782771
-1.949449	-4.609089	 0.315964	 0.499870	 0.086149	 0.499583	-0.499892	 0.499230	 1.000768	-3.604517	-1.472332	 0.779640
-1.941652	-4.590652	 0.315964	 0.499870	 0.133333	 0.499607	-0.499876	 0.499230	 0.996765	-3.590099	-1.466443	 0.776522
-1.933885	-4.572290	 0.315964	 0.499870	 0.156925	 0.499618	-0.499868	 0.499230	 0.992778	-3.575738	-1.460577	 0.773415
-1.926149	-4.554001	 0.315964	-0.000130	 0.168721	 0.499624	-0.499864	 0.499230	 0.988807	-4.061435	-1.454735	 0.770322
-1.918445	-4.535785	 0.315964	-0.249129	 0.174619	 0.499627	-0.499862	 0.499230	 0.984851	-4.295189	-1.448916	 0.767241
-1.910771	-4.517642	 0.315964	 0.126371	 0.177568	-0.000372	-0.499861	 0.499230	 0.980912	-4.403008	-1.443120	 0.764172
-1.903128	-4.499571	 0.315964	 0.313117	 0.179043	-0.249370	-0.499861	 0.499230	 0.976988	-4.447896	-1.437348	 0.761115
-1.895515	-4.481573	 0.315964	 0.406490	 0.179780	 0.126130	-0.499860	 0.499230	 0.973080	-3.961355	-1.431598	 0.758070
-1.887933	-4.463646	 0.315964	 0.453177	 0.180149	 0.312878	-0.499860	 0.499230	 0.969188	-3.711134	-1.425872	 0.755038
-1.880382	-4.445792	 0.315964	 0.476520	 0.180333	 0.406251	-0.499860	 0.499230	 0.965311	-3.579102	-1.420168	 0.752018
-1.872860	-4.428009	 0.315964	-0.011808	 0.180425	-0.047062	-0.499860	 0.499230	 0.961450	-3.506192	-1.414488	 0.749010
-1.865369	-4.410297	 0.315964	-0.254972	 0.180471	-0.272718	-0.499860	 0.499230	 0.957604	-3.462870	-1.408830	 0.746014
-1.857907	-4.392655	 0.315964	 0.123446	 0.180494	-0.385546	-0.499860	 0.499230	 0.953774	-3.434371	-1.403194	 0.743030
-1.850476	-4.375085	 0.315964	 0.311651	 0.180506	-0.441960	-0.499860	 0.499230	 0.949959	-3.413309	-1.397582	 0.740058
-1.843074	-4.357584	 0.315964	 0.405754	 0.180512	 0.029833	-0.499860	 0.499230	 0.946159	-3.895993	-1.391991	 0.737097
-1.835701	-4.340154	 0.315964	 0.452805	 0.180514	 0.264726	-0.499860	 0.499230	 0.942374	-4.128578	-1.386423	 0.734149
-1.828359	-4.322793	 0.315964	 0.476331	 0.180516	 0.382173	-0.499860	 0.499230	 0.938605	-4.236149	-1.380878	 0.731212
-1.821045	-4.305502	 0.315964	 0.488094	 0.180517	 0.440896	-0.499860	 0.499230	 0.934850	-4.281246	-1.375354	 0.728288
-1.813761	-4.288280	 0.315964	 0.493975	 0.180517	 0.470258	-0.499860	 0.499230	 0.931111	-4.295142	-1.369853	 0.725374
-1.806506	-4.271127	 0.315964	 0.496916	 0.180517	 0.484939	-0.499860	 0.499230	 0.927387	-3.793472	-1.364373	 0.722473
-1.799280	-4.254043	 0.315964	 0.498386	 0.180517	 0.492279	-0.499860	 0.499230	 0.923677	-3.536054	-1.358916	 0.719583
-1.792083	-4.237027	 0.315964	 0.499121	 0.180517	 0.495949	-0.499860	 0.499230	 0.919982	-3.400787	-1.353480	 0.716705
-1.784914	-4.220078	 0.315964	 0.499489	 0.180517	 0.497785	-0.499860	 0.499230	 0.916302	-3.326623	-1.348066	 0.713838
-1.777775	-4.203198	 0.315964	-0.000327	 0.180517	 0.498702	-0.499860	 0.499230	 0.912637	-3.283036	-1.342674	 0.710983
-1.770664	-4.186385	 0.315964	-0.249235	 0.180517	 0.499161	-0.499860	 0.499230	 0.908987	-3.254763	-1.337303	 0.708139
-1.763581	-4.169640	 0.315964	 0.126311	 0.180517	 0.499390	-0.499860	 0.499230	 0.905351	-3.234174	-1.331954	 0.705306
-1.756527	-4.152961	 0.315964	 0.313080	 0.180517	 0.499505	-0.499860	 0.499230	 0.901729	-3.217452	-1.326626	 0.702485
-1.749501	-4.136349	 0.315964	 0.406465	 0.180517	 0.499562	-0.499860	 0.499230	 0.898122	-3.202690	-1.321320	 0.699675
-1.742503	-4.119804	 0.315964	-0.046843	 0.180517	 0.499591	-0.499860	 0.499230	 0.894530	-3.188933	-1.316034	 0.696876
-1.735533	-4.103325	 0.315964	-0.272496	 0.180517	 0.499605	-0.499860	 0.499230	 0.890952	-3.175704	-1.310770	 0.694089
-1.728591	-4.086911	 0.315964	 0.114677	 0.180517	 0.499613	-0.499860	 0.499230	 0.887388	-3.162765	-1.305527	 0.691312
-1.721676	-4.070564	 0.315964	 0.307260	 0.180517	 0.499616	-0.499860	 0.499230	 0.883838	-3.149995	-1.300305	 0.688547
-1.714789	-4.054282	 0.315964	 0.403551	 0.180517	 0.499618	-0.499860	 0.499230	 0.880303	-3.137336	-1.295104	 0.685793
-1.707930	-4.038064	 0.315964	 0.451697	 0.180517	 0.499619	-0.499860	 0.499230	 0.876782	-3.124757	-1.289923	 0.683050
-1.701099	-4.021912	 0.315964	 0.475770	 0.180517	 0.499619	-0.499860	 0.499230	 0.873275	-3.112244	-1.284764	 0.680318
-1.694294	-4.005825	 0.315964	 0.487806	 0.180517	 0.499619	-0.499860	 0.499230	 0.869782	-3.099787	-1.279625	 0.677596
-1.687517	-3.989801	 0.315964	 0.493825	 0.180517	 0.499620	-0.499860	 0.499230	 0.866302	-3.087384	-1.274506	 0.674886
-1.680767	-3.973842	 0.315964	 0.496834	 0.180517	 0.499620	-0.499860	 0.499230	 0.862837	-3.075033	-1.269408	 0.672186
-1.674044	-3.957947	 0.315964	 0.498338	 0.180517	 0.499620	-0.499860	 0.499230	 0.859386	-3.062732	-1.264331	 0.669498
-1.667348	-3.942115	 0.315964	 0.499090	-0.319483	-0.000380	-0.499860	 0.499230	 0.855948	-3.050481	-1.259273	 0.666820
-1.660678	-3.926346	 0.315964	 0.499467	-0.567844	-0.249380	-0.499860	 0.499230	 0.852525	-3.038278	-1.254236	 0.664152
-1.654036	-3.910641	 0.315964	 0.499655	-0.190392	 0.126121	-0.499860	 0.499230	 0.849114	-3.026125	-1.249219	 0.661496
-1.647419	-3.894998	 0.315964	 0.499749	-0.001666	 0.312868	-0.499860	 0.499230	 0.845718	-3.014021	-1.244222	 0.658850
-1.640830	-3.879418	 0.315964	 0.499796	 0.092697	 0.406241	-0.499860	 0.499230	 0.842335	-3.001964	-1.239245	 0.656214
-1.634266	-3.863901	 0.315964	 0.499819	 0.139879	 0.452928	-0.499860	 0.499230	 0.838966	-2.989957	-1.234288	 0.653590
-1.627729	-3.848445	 0.315964	 0.499831	 0.163469	 0.476271	-0.499860	 0.499230	 0.835610	-2.977997	-1.229351	 0.650975
-1.621218	-3.833051	 0.315964	 0.499837	 0.175265	 0.487943	-0.499860	 0.499230	 0.832268	-2.966085	-1.224434	 0.648371
-1.614734	-3.817719	 0.315964	 0.499840	 0.181162	 0.493779	-0.499860	 0.499230	 0.828938	-2.954220	-1.219536	 0.645778
-1.608275	-3.802448	 0.315964	 0.499841	 0.184111	-0.003303	-0.499860	 0.499230	 0.825623	-2.942404	-1.214658	 0.643195
-1.601842	-3.787239	 0.315964	 0.499842	 0.185586	-0.250843	-0.499860	 0.499230	 0.822320	-2.930634	-1.209799	 0.640622
-1.595434	-3.772090	 0.315964	 0.499842	 0.186323	 0.125386	-0.499860	 0.499230	 0.819031	-2.918911	-1.204960	 0.638059
-1.589052	-3.757001	 0.315964	 0.499843	 0.186691	 0.312498	-0.499860	 0.499230	 0.815755	-2.907236	-1.200140	 0.635507
-1.582696	-3.741973	 0.315964	 0.499843	 0.186876	 0.406054	-0.999860	 0.499230	 0.812492	-3.395607	-1.195340	 0.632965
-1.576365	-3.727005	 0.315964	 0.499843	 0.186968	 0.452832	-1.246860	 0.499230	 0.809242	-3.632024	-1.190558	 0.630433
-1.570060	-3.712097	 0.315964	 0.499843	 0.187014	 0.476221	-1.367373	 0.499230	 0.806005	-3.742496	-1.185796	 0.627912
-1.563780	-3.697249	 0.315964	 0.499843	 0.187037	 0.487915	-0.924653	 0.499230	 0.802781	-3.790026	-1.181053	 0.625400
-1.557525	-3.682460	 0.315964	 0.499843	 0.187049	 0.493763	-0.703293	 0.499230	 0.799570	-3.806116	-1.176329	 0.622898
-1.551295	-3.667730	 0.315964	 0.499843	 0.187054	-0.003314	-0.592614	 0.499230	 0.796371	-3.306517	-1.171623	 0.620407
-1.545089	-3.653059	 0.315964	 0.499843	 0.187057	-0.250851	-0.537274	 0.499230	 0.793186	-3.051103	-1.166937	 0.617925
-1.538909	-3.638447	 0.315964	 0.499843	 0.187059	-0.374620	-0.509604	 0.499230	 0.790013	-2.917805	-1.162269	 0.615453
-1.532753	-3.623893	 0.315964	 0.499843	 0.187059	-0.436504	-0.495769	 0.499230	 0.786853	-2.845587	-1.157620	 0.612992
-1.526622	-3.609398	 0.815964	 0.499843	 0.187060	-0.467446	-0.488851	 0.499230	 0.783706	-2.803931	-1.152990	 0.610540
-1.520516	-3.594960	 1.063332	 0.499843	 0.187060	-0.482918	-0.485392	 0.499230	 0.780571	-2.777579	-1.148378	 0.608097
-1.514434	-3.580580	 1.184395	 0.499843	 0.187060	-0.490653	-0.483663	 0.499230	 0.777449	-2.758900	-1.143784	 0.605665
-1.508376	-3.566258	 0.742315	-0.000157	-0.312940	 0.005479	-0.482798	 0.499230	 0.774339	-2.744080	-1.139209	 0.603242
-1.502343	-3.551993	 0.521275	-0.249157	-0.561314	 0.252542	-0.482366	 0.499230	 0.771241	-2.731212	-1.134652	 0.600829
-1.496333	-3.537785	 0.410755	 0.126343	-0.183882	 0.376073	-0.482150	 0.499230	 0.768156	-2.719341	-1.130114	 0.598426
-1.490348	-3.523634	 0.355495	 0.313090	 0.004834	 0.437839	-0.482042	 0.499230	 0.765084	-2.707991	-1.125593	 0.596032
-1.484386	-3.509539	 0.327865	 0.406463	 0.099192	 0.468722	-0.481988	 0.499230	 0.762024	-2.696922	-1.121091	 0.593648
-1.478449	-3.495501	 0.314050	 0.453149	 0.146372	 0.484163	-0.481961	 0.499230	 0.758975	-2.686016	-1.116606	 0.591274
-1.472535	-3.481519	 0.307143	 0.476493	 0.169961	 0.491884	-0.481947	 0.499230	 0.755940	-2.675213	-1.112140	 0.588909
-1.466645	-3.467593	 0.303689	 0.488164	 0.181756	 0.495745	-0.481940	 0.499230	 0.752916	-2.664482	-1.107691	 0.586553
-1.460778	-3.453722	 0.301962	 0.494000	 0.187653	 0.497675	-0.481937	 0.499230	 0.749904	-2.653810	-1.103261	 0.584207
-1.454935	-3.439908	 0.301099	 0.496918	 0.190602	 0.498640	-0.481935	 0.499230	 0.746904	-2.643187	-1.098848	 0.581870
-1.449116	-3.426148	 0.300667	 0.498377	 0.192076	 0.499122	-0.481934	 0.499230	 0.743917	-2.632611	-1.094452	 0.579542
-1.443319	-3.412443	 0.300451	-0.000893	 0.192813	 0.499364	-0.481934	 0.499230	 0.740941	-2.622078	-1.090074	 0.577224
-1.437546	-3.398794	 0.300343	-0.249528	 0.193182	 0.499484	-0.481934	 0.499230	 0.737977	-2.611589	-1.085714	 0.574915
-1.431796	-3.385198	 0.300289	 0.126154	 0.193366	 0.499545	-0.481934	 0.499230	 0.735026	-2.601142	-1.081371	 0.572616
-1.426068	-3.371658	 0.300262	 0.312992	 0.193458	 0.499575	-0.481934	 0.499230	 0.732085	-2.590738	-1.077046	 0.570325
-1.420364	-3.358171	-0.199751	 0.406410	 0.193504	 0.499590	-0.481934	 0.499230	 0.729157	-2.580374	-1.072738	 0.568044
-1.414683	-3.344738	-0.448358	 0.453120	 0.193528	 0.499597	-0.481934	 0.499230	 0.726240	-2.570053	-1.068447	 0.565772
-1.409024	-3.331359	-0.071268	 0.476475	 0.193539	 0.499601	-0.481934	 0.999230	 0.723336	-2.559773	-1.064173	 0.563509
-1.403388	-3.318034	 0.117277	 0.488152	 0.193545	 0.499603	-0.481934	 1.246231	 0.720442	-2.549534	-1.059916	 0.561255
-1.397774	-3.304762	 0.211550	 0.493991	 0.193548	 0.499604	-0.481934	 1.366745	 0.717560	-2.539335	-1.055676	 0.559010
-1.392183	-3.291543	 0.258686	 0.496910	 0.193549	 0.499604	-0.481934	 0.924028	 0.714690	-2.529178	-1.051454	 0.556774
-1.386614	-3.278377	 0.282254	 0.498370	 0.193550	 0.499605	-0.481934	 0.702669	 0.711831	-2.519061	-1.047248	 0.554546
-1.381068	-3.265263	 0.294038	 0.499099	 0.193550	 0.499605	-0.481934	 0.591990	 0.708984	-2.508985	-1.043059	 0.552328
-1.375544	-3.252202	 0.299930	 0.499464	 0.193550	 0.499605	-0.481934	 0.536650	 0.706148	-2.498949	-1.038887	 0.550119
-1.370042	-3.239193	 0.802876	 0.499647	 0.193550	 0.499605	-0.481934	 0.508981	 0.703324	-2.488953	-1.034731	 0.547918
-1.364561	-3.226236	 1.051738	 0.499738	 0.193551	 0.499605	-0.481934	 0.495146	 0.700510	-2.478998	-1.030592	 0.545727
-1.359103	-3.213331	 1.173567	 0.499784	 0.193551	 0.499605	-0.481934	 0.488228	 0.697708	-2.469082	-1.026470	 0.543544
-1.353667	-3.200478	 1.231891	 0.499806	 0.193551	 0.499605	-0.481934	 0.484769	 0.694917	-2.459205	-1.022364	 0.541370
-1.348252	-3.187676	 1.258473	 0.499818	 0.193551	 0.499605	-0.481934	 0.483040	 0.692138	-2.449368	-1.018275	 0.539204
-1.342859	-3.174926	 1.269193	 0.499824	 0.193551	 0.499605	-0.481934	 0.982175	 0.689369	-2.439571	-1.014201	 0.537047
-1.337488	-3.162226	 1.271994	 0.499826	 0.193551	 0.499605	-0.481934	 1.228780	 0.686612	-2.429813	-1.010145	 0.534899
-1.332138	-3.149577	 0.770844	 0.499828	 0.193551	 0.499605	-0.481934	 0.849132	 0.683865	-2.420093	-1.006104	 0.532760
-1.326809	-3.136979	 0.520270	 0.499829	 0.193551	 0.499605	-0.481934	 0.659308	 0.681130	-2.410413	-1.002080	 0.530629
