-2.061924	 0.274646	-0.498166	-0.498356	-0.498407	 0.303153	-0.475685	-0.518882	-0.214975	-2.459232	-2.810377	 0.139534
-2.053676	 0.333986	-0.498166	-0.498356	-0.498521	 0.306590	-0.475685	-0.516806	-0.214975	-2.449395	-2.799136	 0.139903
-2.045461	 0.363656	-0.498166	-0.498356	-0.498578	 0.308308	-0.475685	-0.514739	-0.214975	-2.439597	-2.787939	 0.140088
-2.037280	-0.121509	-0.498166	-0.498356	-0.498607	 0.309168	-0.475685	-0.512680	-0.214975	-2.429839	-2.776788	 0.140180
-2.029131	-0.362878	-0.498166	-0.498356	-0.498621	 0.309597	-0.475685	-0.510629	-0.214975	-2.420119	-2.765680	 0.140226
-2.021014	-0.482354	-0.498166	-0.498356	-0.498628	-0.190188	-0.475685	-0.508587	-0.214975	-2.410439	-2.754618	 0.140249
-2.012930	-0.540888	-0.498166	-0.498356	-0.498632	-0.438701	-0.475685	-0.506552	-0.214975	-2.400797	-2.743599	 0.140260
-2.004878	-0.068956	-0.498166	-0.498356	-0.498634	-0.561582	-0.475685	-0.504526	-0.214975	-2.391194	-2.732625	 0.140266
-1.996859	 0.167009	-0.498166	-0.498356	-0.498635	-0.621654	-0.475685	-0.502508	-0.214975	-2.381629	-2.721694	 0.140269
-1.988871	 0.284992	-0.498166	-0.498356	-0.498635	-0.150327	-0.475685	-0.500498	-0.214975	-2.372103	-2.710807	 0.140270
-1.980916	 0.343984	-0.498166	-0.498356	-0.498635	 0.085337	-0.475685	-0.499493	-0.214975	-2.362614	-2.699964	 0.140271
-1.972992	 0.373480	-0.498166	-0.498356	-0.498635	 0.203169	-0.475685	-0.498991	-0.214975	-2.353164	-2.689164	 0.140272
-1.965100	-0.111773	-0.498166	-0.498356	 0.001365	-0.237915	-0.475685	-0.498739	-0.214975	-2.343751	-2.678408	 0.140272
-1.957240	-0.353205	-0.498166	-0.498356	 0.250362	-0.457100	-0.475685	-0.498614	-0.214975	-2.334376	-2.667694	 0.140272
-1.949411	-0.472731	-0.498166	-0.498356	 0.374860	-0.065339	-0.975685	-0.498551	-0.214975	-2.325039	-2.657023	-0.359728
-1.941613	-0.531310	-0.498166	-0.498356	 0.437110	 0.130541	-1.222733	-0.498519	-0.214975	-2.315738	-2.646395	-0.608009
-1.933847	-0.059420	-0.498166	-0.498356	 0.468234	 0.228481	-0.843318	-0.498504	-0.214975	-2.306475	-2.635810	-0.230436
-1.926111	 0.176525	-0.498166	-0.498356	 0.483797	 0.277452	-0.653610	-0.498496	-0.214975	-2.297250	-2.625266	-0.041650
-1.918407	 0.294498	-0.498166	-0.498356	-0.008422	-0.198063	-0.558757	-0.498492	-0.214975	-2.788061	-2.614765	-0.447257
-1.910733	 0.353484	-0.498166	-0.498356	-0.253530	-0.434474	-0.511330	-0.498490	-0.214975	-3.026908	-2.604306	-0.648355
-1.903090	 0.382977	-0.498166	-0.498356	-0.376084	-0.551337	-0.487616	-0.498489	-0.214975	-3.139801	-2.593889	-0.747205
-1.895478	-0.102276	-0.498166	-0.498356	 0.062639	-0.108432	-0.475760	-0.498489	-0.214975	-2.689741	-2.583514	-0.294938
-1.887896	-0.343728	-0.498166	-0.498356	 0.280997	 0.113020	-0.469831	-0.498488	-0.214975	-2.460233	-2.573179	-0.068804
-1.880344	 0.036717	-0.498166	-0.498356	-0.109823	 0.223746	-0.466867	-0.498488	-0.214975	-2.341017	-2.562887	 0.044263
-1.872823	 0.226939	-0.498166	-0.498356	-0.304232	 0.279109	-0.465385	-0.498488	-0.214975	-2.276965	-2.552635	 0.100796
-1.865332	 0.322050	-0.498166	-0.498356	 0.098563	 0.306791	-0.464644	-0.498488	-0.214975	-2.240513	-2.542425	 0.129063
-1.857870	 0.369606	-0.498166	-0.498356	 0.298958	 0.320631	-0.464273	-0.498488	-0.214975	-2.217879	-2.532255	 0.143196
-1.850439	-0.106616	-0.498166	-0.498356	 0.399156	 0.327552	-0.464088	-0.498488	-0.214975	-2.202172	-2.522126	 0.150263
-1.843037	-0.343562	-0.498166	-0.498356	 0.449255	 0.331012	-0.463995	-0.498488	-0.214975	-2.189945	-2.512037	 0.153796
-1.835665	-0.460874	-0.498166	-0.498356	 0.474304	 0.332742	-0.463949	-0.498488	-0.214975	-2.179477	-2.501989	 0.155563
-1.828322	-0.018373	-0.498166	-0.498356	-0.013171	 0.333607	-0.463926	-0.498488	-0.214975	-2.169904	-2.491981	-0.343554
-1.821009	 0.202877	-0.498166	-0.498356	-0.255908	 0.334040	-0.463914	-0.498488	-0.214975	-2.160797	-2.482013	-0.591427
-1.813725	-0.186498	-0.498166	-0.498356	 0.122724	 0.334256	-0.463909	-0.498488	-0.214975	-2.151941	-2.472085	-0.213685
-1.806470	-0.380033	-0.498166	-0.498356	 0.311037	 0.334364	-0.463906	-0.498488	-0.214975	-2.143226	-2.462197	-0.024814
-1.799244	 0.024346	-0.498166	-0.498356	 0.405194	-0.165582	-0.463904	-0.498488	-0.214975	-2.134600	-2.452348	 0.069622
-1.792047	 0.226536	-0.498166	-0.498356	 0.452272	-0.414224	-0.463904	-0.498488	-0.214975	-2.126035	-2.442539	 0.116840
-1.784879	 0.327630	-0.498166	-0.498356	 0.475811	-0.037219	-0.463903	-0.498488	-0.214975	-2.117517	-2.432769	 0.140448
-1.777740	 0.378178	-0.498166	-0.498356	 0.487581	 0.151283	-0.463903	-0.498488	-0.214975	-2.109040	-2.423038	 0.152253
-1.770629	 0.403451	-0.498166	-0.498356	 0.493466	 0.245535	-0.463903	-0.498488	-0.214975	-2.100601	-2.413345	 0.158155
-1.763546	 0.416088	-0.498166	-0.498356	 0.496408	 0.292660	-0.963903	-0.498488	-0.214975	-2.092197	-2.403692	 0.161106
-1.756492	 0.422407	-0.498166	-0.498356	 0.497879	 0.316223	-1.210975	-0.498488	-0.214975	-2.083827	-2.394077	 0.162582
-1.749466	 0.425566	-0.498166	-0.498356	 0.498615	 0.328004	-0.831595	-0.498488	-0.214975	-2.075491	-2.384501	 0.163320
-1.742468	 0.427146	-0.498166	-0.498356	 0.498983	 0.333895	-0.641905	-0.498488	-0.214975	-2.067189	-2.374963	 0.163688
-1.735498	 0.427935	-0.498166	-0.498356	 0.499167	 0.336840	-0.547060	-0.498488	 0.285025	-2.058920	-2.365463	 0.163873
-1.728556	 0.428330	-0.498166	-0.498356	 0.499259	 0.338313	-0.499638	-0.498488	 0.533455	-2.050685	-2.356001	 0.163965
-1.721642	 0.428528	-0.498166	-0.498356	 0.499305	 0.339049	-0.475926	 0.001512	 0.656106	-1.542482	-1.846577	 0.664011
-1.714755	 0.428626	-0.498166	-0.498356	 0.499328	 0.339418	-0.464071	 0.250509	 0.715874	-1.286312	-1.589191	 0.911706
-1.707896	 0.428676	-0.498166	-0.498356	 0.499339	 0.339602	-0.458143	 0.375007	 0.744207	-1.156167	-1.457834	 1.033235
-1.201065	 0.428701	-0.498166	-0.498356	 0.499345	 0.339694	 0.544821	 0.437257	 0.756828	 1.910958	 1.110497	 1.091690
-0.946261	 0.428713	-0.498166	-0.498356	 0.499348	 0.339740	 1.043207	 0.468381	 0.761600	 3.434564	 2.387305	 1.118617
 1.182524	 1.428719	-0.498166	 0.001644	 0.499349	 0.339763	 1.289317	 0.983944	 0.762453	 7.186451	 11.518381	 4.629789
 2.240294	 1.923865	-0.498166	 0.250641	 0.499350	 0.339774	 1.409302	 1.238726	 0.761353	 9.040518	 16.042620	 6.369094
 6.262583	 2.666599	 0.001834	 0.375139	 1.499350	 1.339780	 2.966235	 2.863130	 2.259283	 14.945762	 24.263606	 5.722529
 8.253158	 3.031148	 0.250830	 0.437388	 1.994352	 1.835103	 3.735655	 3.666357	 3.000733	 17.856682	 28.309129	 5.389095
 11.227958	 3.206631	 0.375328	 0.468513	 2.236874	 2.078104	 4.111356	 4.059031	 2.863974	 19.270607	 34.267182	 4.212266
 12.686952	 3.287608	 0.437577	 0.484075	 2.353176	 2.194962	 4.290231	 4.246465	 2.790140	 19.936200	 37.165758	 3.617781
 13.388157	 3.321360	 0.468702	 0.491857	 2.406388	 2.248768	 4.370731	 4.331314	 2.747790	 20.227793	 38.534917	 3.314492
 14.710581	 3.331525	 0.484264	 0.495747	 2.428075	 2.271065	 4.402079	 4.364906	 2.721204	 20.332551	 41.139688	 3.156825
 15.339727	 3.329925	 0.492045	 0.497692	 2.434019	 2.277627	 4.408885	 4.372905	 2.702522	 20.344055	 42.428945	 3.071993
 16.122363	 3.322468	 0.495936	-0.001335	 2.432111	 2.276340	 4.403457	 4.368143	 2.687814	 19.809096	 43.560497	 2.523603
 16.479870	 3.312109	 0.497881	-0.249848	 2.426296	 2.271146	 4.391947	 4.357035	 2.675113	 19.503068	 44.114851	 2.245457
 16.624949	 3.300327	 0.498854	-0.374104	 2.418548	 2.264018	 4.377432	 4.342789	 2.663438	 18.811660	 45.379277	 2.102450
 16.663949	 3.287858	 0.499340	-0.436233	 2.409853	 2.255939	 4.361448	 4.327009	 2.652297	 18.429716	 45.999013	 2.027027
 16.650043	 3.275073	 0.499583	-0.467297	 2.400702	 2.247405	 4.344765	 4.310497	 2.641444	 18.202648	 46.296453	 1.985413
 16.609817	 3.262156	 0.499705	-0.482829	 2.391344	 2.238659	 4.327767	 4.293653	 2.630756	 18.053163	 46.432795	 1.960718
 16.556565	 3.249199	 0.499766	-0.490595	 2.381901	 2.229827	 4.310647	 4.276677	 2.620172	 17.942613	 46.488637	 1.944499
 15.996933	 3.236248	 0.499796	 0.005522	 2.372435	 2.220969	 4.293500	 4.259670	 2.609661	 18.351674	 46.004280	 1.932532
 15.686242	 3.223326	 0.499811	 0.252577	 2.362976	 2.212115	 4.276374	 4.242681	 2.599207	 18.518683	 45.750993	 1.922708
 16.000145	 3.710444	 0.499819	 0.376105	 2.353539	 1.703282	 4.259292	 4.225735	 2.588803	 18.564816	 45.612169	 1.913970
 16.124469	 3.945608	 0.499823	 0.437869	 2.344132	 1.446477	 4.242267	 4.208844	 2.578444	 18.550661	 45.530402	 1.905791
 15.654133	 4.054828	 0.499825	-0.031249	 2.334760	 1.815695	 4.225304	 4.192015	 2.568128	 18.506510	 44.977214	 1.897906
 15.388598	 4.101111	 0.499825	-0.264808	 2.325423	 1.995934	 4.208405	 4.175250	 2.557855	 18.447510	 44.689689	 1.890183
 15.725584	 4.115957	 0.499826	 0.118413	 2.316122	 1.581701	 4.191573	 4.158551	 2.547623	 18.381233	 44.533720	 2.382557
 15.861952	 4.115118	 0.499826	 0.309020	 2.306858	 1.372250	 4.174808	 4.141917	 2.537432	 18.311465	 44.444493	 2.622994
 15.898139	 4.106471	 0.499826	 0.404324	 2.297631	 1.265198	 4.158109	 4.125350	 2.527282	 18.240097	 44.387548	 2.737486
 15.384364	 4.093951	 0.499826	 0.451976	 2.288440	 1.209357	 4.141477	 4.108849	 2.517173	 18.168076	 44.346795	 2.789028
 15.097735	 4.079528	 0.499826	 0.475802	 2.279287	 1.179129	 4.124911	 4.092414	 2.507104	 18.095873	 44.314408	 2.809117
 15.424799	 3.564187	 0.499826	-0.012285	 2.270169	 1.661717	 4.108411	 4.076044	 2.497076	 18.023724	 43.786252	 2.313504
 15.556827	 3.300418	 0.499826	-0.255328	 2.261089	 1.898722	 4.091977	 4.059740	 2.487088	 17.951747	 43.511551	 2.062061
 15.591463	 3.662461	 0.499826	 0.123150	 2.252044	 2.012954	 4.075610	 4.043501	 2.477139	 18.379999	 43.362334	 2.432719
 15.577529	 3.835433	 0.499826	 0.311386	 2.243036	 2.065815	 4.059307	 4.027327	 2.467231	 18.556508	 43.276388	 2.612441
 15.539435	 3.913902	 0.499826	-0.094496	 2.234064	 1.588008	 4.043070	 4.011218	 2.457362	 18.607297	 43.220980	 2.696718
 15.489385	 3.945152	 0.499826	-0.296436	 2.225128	 1.346884	 4.026898	 3.995173	 2.447532	 18.595375	 43.182428	 2.733294
 15.433482	 3.952824	 0.499826	-0.397406	 2.216227	 1.224111	 4.010790	 3.979192	 2.437742	 18.552247	 43.151037	 2.746042
 15.374775	 3.948740	 0.499826	 0.052109	 2.207362	 1.160522	 3.994747	 3.963275	 2.427991	 18.493665	 43.123274	 2.746899
 15.314789	 3.938808	 0.499826	 0.275863	 2.198533	 1.126533	 3.978768	 3.947422	 2.418279	 18.427503	 43.098476	 2.741832
 15.254287	 3.925984	 0.499826	 0.387740	 2.189739	 1.607354	 3.962853	 3.931632	 2.408606	 18.357700	 42.574107	 2.733825
 15.193648	 3.911746	 0.499826	 0.443679	 2.180980	 1.843588	 3.947001	 3.915906	 2.398972	 18.286223	 42.299777	 2.724369
 15.133062	 3.896832	 0.499826	-0.028352	 2.172256	 1.957545	 3.931213	 3.900242	 2.389376	 18.214055	 42.150516	 2.714212
 15.072625	 3.881611	 0.499826	-0.263366	 2.163567	 2.010381	 3.915489	 3.884641	 2.379818	 18.141687	 42.065143	 2.703725
 15.012382	 3.866268	 0.499826	 0.119126	 2.154913	 2.032672	 3.899827	 3.869103	 2.370299	 18.069364	 42.010456	 2.693095
 14.952356	 3.850894	 0.499826	 0.309369	 2.146293	 2.039708	 3.884227	 3.853626	 2.360818	 17.997209	 41.972256	 2.682415
 14.892558	 3.835537	 0.499826	 0.404491	 2.137708	 1.039132	 3.868690	 3.838212	 2.351375	 17.925281	 41.941253	 2.671732
 14.832994	 3.820217	 0.499826	 0.452052	 2.129157	 0.538844	 3.853216	 3.822859	 2.341969	 17.853610	 41.912922	 2.661068
 14.773665	 3.804948	 0.499826	 0.475832	 2.120640	 0.288701	 3.837803	 3.807568	 2.332601	 17.782211	 41.885980	 2.650436
 14.214572	 3.789734	 0.499826	 0.487722	 2.112158	 0.663629	 3.822452	 3.792337	 2.323271	 17.711090	 41.859782	 2.639840
 13.907714	 3.774578	 0.499826	 0.493667	 2.103709	 0.849015	 3.807162	 3.777168	 2.313978	 17.640249	 41.835408	 2.629283
 14.227084	 3.759481	 0.499826	 0.496640	 2.095294	 1.439640	 3.791933	 3.762059	 2.304722	 18.069690	 41.311991	 2.618767
 14.357675	 3.744444	 0.499826	 0.498126	 2.086913	 1.730892	 3.776765	 3.747011	 2.295503	 18.247412	 40.968705	 2.608293
 13.893995	 3.229466	 0.499826	-0.001131	 2.078566	 1.372474	 3.761658	 3.732023	 2.286321	 16.299423	 38.715811	 3.097860
 13.635294	 2.966549	 0.499826	-0.249758	 2.070251	 1.191236	 3.746612	 3.717095	 2.277176	 15.296726	 37.516438	 3.335469
 12.479190	 2.829682	-0.000174	-0.374072	 1.561970	 1.098598	 3.231625	 3.702226	 2.768067	 15.266789	 31.844118	 4.447127
 11.878492	 2.755864	-0.249173	-0.436229	 1.305722	 1.050266	 2.968699	 3.687418	 3.006995	 15.221347	 28.955614	 4.991839
 11.555588	 2.713590	-0.373673	-0.467307	 1.175500	 1.024097	 2.831824	 3.672668	 3.119967	 15.168274	 27.459228	 5.253121
 9.371670	 1.187111	-0.435923	-0.482847	 0.608298	 0.509016	 1.257997	 1.657977	 1.169987	 9.111507	 15.659109	 1.872734
 8.265336	 0.423871	-0.467048	-0.490616	 0.324697	 0.251476	 0.471083	 0.650632	 0.196557	 6.077014	 9.751332	 0.185556
 5.197850	 0.042251	-0.482610	-0.494501	 0.182896	 0.122706	-0.422374	-0.353041	-0.288604	 2.053683	 3.289756	-0.655030
 3.659847	-0.148558	-0.490392	-0.496444	 0.111996	 0.058321	-0.866471	-0.852164	-0.529637	 0.045956	 0.065312	-1.072332
 0.386602	-0.743963	-0.494282	-0.497415	-0.423454	 0.026128	-1.085898	-1.099023	-1.148613	-2.953983	-2.540592	-1.278004
-1.244248	-1.038987	-0.496228	-0.497900	-0.689262	 0.010032	-1.193001	-1.219760	-1.454565	-4.442045	-3.833251	-1.377872
-2.553922	-1.183831	-0.497200	-0.498143	-0.820255	 0.001984	-1.743952	-1.277448	-1.604020	-5.674216	-4.469329	-1.924851
-3.201032	-1.253596	-0.497687	-0.498265	-0.883849	-0.002040	-2.014838	-1.303622	-1.675241	-6.276489	-4.777157	-2.193397
-3.516891	-1.285831	-0.497930	-0.498325	-0.913752	-0.004052	-2.145709	-1.314049	-1.707358	-6.563867	-4.920901	-2.322746
-4.167155	-1.299313	-0.498051	-0.498356	-0.926815	-0.505058	-2.206592	-1.816614	-1.719938	-6.693854	-4.982644	-2.382516
-4.482652	-1.303428	-0.498112	-0.498371	-0.931468	-0.753549	-2.232498	-2.063258	-1.722763	-6.745200	-5.003426	-2.407517
-4.630804	-1.802871	-0.498142	-0.498378	-0.931921	-0.875791	-2.240935	-1.681960	-1.720724	-7.257280	-5.003769	-2.415152
-4.695322	-2.047987	-0.498158	-0.498382	-0.930284	-0.934915	-2.240654	-1.488710	-1.716267	-7.497781	-4.993932	-2.414124
-4.718062	-2.165959	-0.498165	-0.498384	-0.927607	-0.962489	-2.236033	-1.389494	-1.710615	-7.102555	-4.979046	-1.908784
-4.719950	-2.220377	-0.498169	-0.498385	-0.924419	-0.974296	-2.229260	-1.337305	-1.704379	-6.891527	-4.961674	-1.653307
-4.711450	-2.243037	-0.498171	-0.498385	-0.920983	-0.978228	-2.221428	-1.308640	-1.697865	-7.272653	-4.943100	-1.522773
-4.697795	-2.249835	-0.498172	-0.498386	-0.917430	-0.978229	-2.213085	-1.291748	-1.691225	-7.447908	-4.923964	-1.454721
-4.681598	-2.248721	-0.498172	-0.498386	-0.913825	-0.976273	-2.204504	-1.280752	-1.684536	-7.520289	-4.904586	-1.417922
-4.664170	-2.243669	-0.498173	-0.498386	-0.910203	-0.973347	-2.195822	-1.272715	-1.677836	-7.541294	-4.885126	-1.396760
-4.646162	-2.236666	-0.498173	-0.498386	-0.906578	-0.969943	-2.187106	-1.266167	-1.671144	-7.536672	-4.865665	-1.383428
-4.627901	-2.228705	-0.498173	-0.498386	-0.902960	-0.966307	-2.178392	-1.760374	-1.664469	-7.019297	-4.846243	-1.874022
-4.609552	-2.220283	-0.498173	-0.498386	-0.899352	-0.962565	-2.169695	-2.002968	-1.657815	-6.747606	-4.826877	-2.114589
-4.591195	-1.711648	-0.498173	-0.498386	-0.895757	-0.958775	-2.161025	-1.619774	-1.651187	-6.598808	-4.807580	-1.730163
-4.572871	-1.454925	-0.498173	-0.498386	-0.892175	-0.954971	-2.152385	-1.425704	-1.644583	-6.511509	-4.788355	-1.535258
-4.554599	-1.324166	-0.498173	-0.498386	-0.888607	-0.951166	-2.143778	-1.826205	-1.638005	-6.455012	-4.769204	-1.435125
-4.536391	-1.256401	-0.498173	-0.498386	-0.885052	-0.947369	-2.135204	-2.022003	-1.631453	-6.413966	-4.750128	-1.382389
-4.518251	-1.220140	-0.498173	-0.498386	-0.881512	-0.943584	-2.126663	-2.115466	-1.624928	-6.380697	-4.731128	-1.353361
-4.500180	-1.199643	-0.498173	-0.498386	-0.877986	-0.939811	-1.618157	-1.657780	-1.618428	-6.351368	-4.712204	-1.336199
-4.482181	-1.187035	-0.498173	-0.498386	-0.874474	-0.936053	-1.361684	-1.426536	-1.611955	-6.324059	-4.693355	-1.324979
-4.464253	-1.178383	-0.498173	-0.498386	-0.870977	-0.932309	-1.231238	-1.808524	-1.105507	-6.297811	-4.674582	-1.316742
-4.446396	-1.171717	-0.498173	-0.498386	-0.867493	-0.928580	-1.163813	-1.995137	-0.851085	-6.272144	-4.655884	-1.310007
-4.428611	-1.166054	-0.498173	-0.498386	-0.864023	-0.424866	-1.627908	-1.584080	-1.222680	-6.246817	-4.637260	-1.304032
-4.410896	-1.160902	-0.498173	-0.498386	-0.860567	-0.173009	-1.855771	-1.376205	-1.405290	-6.221711	-4.618711	-1.298449
-4.393253	-1.156014	-0.498173	-0.498386	-0.857124	-0.547080	-1.465535	-1.269931	-1.493418	-6.196765	-4.600236	-1.293072
-4.375680	-1.151268	-0.498173	-0.498386	-0.853696	-0.732274	-1.268267	-1.214467	-1.534320	-6.171948	-4.581835	-1.287807
-4.358177	-1.146602	-0.498173	-0.498386	-0.850281	-0.823036	-1.167491	-1.184417	-1.551620	-6.147245	-4.563508	-1.282610
-4.340744	-1.141985	-0.498173	-0.498386	-0.846880	-0.866589	-1.114969	-1.167083	-1.057132	-6.122649	-4.545254	-1.277457
-4.323381	-1.137402	-0.498173	-0.498386	-0.843492	-0.886545	-1.086584	-1.156116	-0.808763	-6.098155	-4.527073	-1.272336
-4.306088	-1.132845	-0.498173	-0.498386	-0.840118	-0.394710	-1.570274	-1.148343	-0.683458	-6.073760	-4.508965	-1.267241
-4.288863	-1.128310	-0.498173	-0.498386	-0.836758	-0.148793	-1.808012	-1.142175	-0.619689	-6.049464	-4.490929	-1.262169
-4.271708	-1.123794	-0.498173	-0.498386	-0.833411	-0.525834	-1.422789	-1.136819	-0.586692	-6.025266	-4.472965	-1.257119
-4.254621	-1.119298	-0.498173	-0.498386	-0.830077	-0.712549	-1.228103	-1.131878	-0.569087	-6.001165	-4.455073	-1.252089
-4.237603	-1.114821	-0.498173	-0.498386	-0.826757	-0.804108	-1.628692	-1.127154	-1.059181	-5.977160	-4.437253	-1.247081
-4.220652	-1.110361	-0.498173	-0.498386	-0.823450	-0.848096	-1.824929	-1.122547	-1.301130	-5.953251	-4.419504	-1.242092
-4.203770	-1.105920	-0.498173	-0.498386	-0.820156	-0.868306	-1.919005	-1.118007	-1.419018	-5.929438	-4.401826	-1.237124
-4.186954	-1.101496	-0.498173	-0.498386	-0.816876	-0.376634	-1.962016	-1.113511	-0.974888	-5.905720	-4.384219	-1.232175
-4.170207	-1.097090	-0.498173	-0.498386	-0.813608	-0.130798	-1.979512	-1.109045	-0.751762	-5.882098	-4.366682	-1.227247
-4.153526	-1.092701	-0.498173	-0.498386	-0.810354	-0.507880	-1.484266	-1.104602	-0.639141	-5.358569	-4.349215	-1.222338
-4.136912	-1.088331	-0.498173	-0.498386	-0.807112	-0.694651	-1.234665	-1.100181	-0.581778	-5.087135	-4.331818	-1.217448
-4.120364	-1.083977	-0.498173	-0.498386	-0.803884	-0.786274	-1.107894	-1.095778	-1.052048	-5.441786	-4.314491	-1.212578
-4.103883	-1.079641	-0.498173	-0.498386	-0.800668	-0.830329	-1.042547	-1.091395	-1.284138	-5.607519	-4.297233	-1.207728
-4.087467	-1.075323	-0.498173	-0.498386	-0.797466	-0.350608	-1.507919	-1.087029	-0.897150	-5.678839	-4.280044	-1.202897
-4.071117	-1.071022	-0.498173	-0.498386	-0.794276	-0.110748	-1.736658	-1.082680	-0.702636	-5.702999	-4.262924	-1.198086
-4.054833	-1.066737	-0.498173	-0.498386	-0.791099	 0.009182	-1.847097	-1.078349	-0.604363	-5.703624	-4.245872	-1.193293
-4.038613	-1.062471	-0.498173	-0.498386	-0.787934	-0.430852	-1.398401	-1.074036	-0.554214	-5.692528	-4.228889	-1.188520
-4.022459	-1.058221	-0.498173	-0.498386	-0.784782	-0.649128	-1.172154	-1.069740	-0.528132	-5.675618	-4.211973	-1.183766
-4.006369	-1.053988	-0.498173	-0.498386	-0.781643	-0.256531	-1.057139	-1.065461	-0.514086	-5.655845	-4.195125	-1.179031
-3.990344	-1.049772	-0.498173	-0.498386	-0.778517	-0.060233	-0.997747	-1.061199	-0.506064	-5.634686	-4.178345	-1.174315
-3.974382	-1.045573	-0.498173	-0.498386	-0.775403	-0.462083	-1.466174	-1.056954	-0.502052	-5.112880	-4.161631	-1.169618
-3.958485	-1.041390	-0.498173	-0.498386	-0.772301	-0.661281	-1.696518	-1.052726	-0.500046	-4.842795	-4.144985	-1.164939
-3.942651	-1.037225	-0.498173	-0.498386	-0.269212	-0.759159	-1.307837	-1.048516	-0.499044	-4.698607	-4.128405	-1.160279
-3.926880	-1.033076	-0.498173	-0.498386	-0.017667	-0.806383	-1.111658	-1.044321	-0.498542	-4.617404	-4.111891	-1.155638
-3.911173	-1.028944	-0.498173	-0.498386	 0.108105	-0.828289	-1.011737	-1.040144	-0.498291	-4.567730	-4.095444	-1.151016
-3.895528	-1.024828	-0.498173	-0.498386	-0.329009	-0.337541	-1.459953	-1.035984	-0.998166	-5.033857	-4.079062	-1.146412
-3.879946	-1.020729	-0.498173	-0.498386	-0.546033	-0.092167	-1.680245	-1.031840	-1.245107	-5.255920	-4.062746	-1.141826
-3.864426	-1.016646	-0.498173	-0.498386	-0.653020	 0.030520	-1.286590	-1.027712	-0.865594	-4.855996	-4.046495	-1.137259
-3.848968	-1.012579	-0.498173	-0.498386	-0.704993	 0.091863	-1.087976	-1.023601	-0.675837	-4.647122	-4.030309	-1.132710
-3.833573	-1.008529	-0.498173	-0.498386	-0.729465	 0.122535	-0.986891	-1.019507	-0.580959	-5.033808	-4.014187	-0.628179
-3.818238	-1.004495	-0.498173	-0.498386	-0.740194	 0.137871	-0.934577	-1.015429	-0.533520	-5.216311	-3.998131	-0.375913
-3.802965	-1.000477	-0.498173	-0.498386	-0.744056	 0.145539	-0.906655	-1.011367	-0.509800	-4.796764	-3.982138	-0.749781
-3.787753	-0.996475	-0.498173	-0.498386	-0.744492	 0.149373	-0.890937	-1.007322	-0.497940	-4.578236	-3.966210	-0.934467
-3.772602	-0.992489	-0.498173	-0.498386	-0.743219	 0.151290	-0.881327	-1.003293	-0.492010	-4.460253	-3.950345	-1.024572
-3.757512	-0.988519	-0.498173	-0.498386	-0.741099	-0.347752	-0.874779	-0.999279	-0.489045	-4.392577	-3.934543	-1.067395
-3.742482	-0.984565	-0.498173	-0.498386	-0.738561	-0.595579	-0.869768	-0.995282	-0.487563	-4.350089	-3.918805	-1.086586
-3.727512	-0.980627	-0.498173	-0.498386	-0.735820	-0.717806	-1.365533	-0.991301	-0.486822	-4.820230	-3.903130	-1.093970
-3.712602	-0.976704	-0.498173	-0.498386	-0.732984	-0.777239	-1.609693	-0.987336	-0.486451	-5.044720	-3.887517	-1.095459
-3.697752	-0.972797	-0.498173	-0.498386	-0.730105	-0.305282	-1.228066	-0.983387	-0.486266	-5.146426	-3.871967	-0.594010
-3.682961	-0.968906	-0.498173	-0.498386	-0.727211	-0.069304	-1.035559	-0.979453	-0.486173	-5.186783	-3.856480	-0.343285
-3.668229	-0.965030	-0.498173	-0.498386	-0.724316	 0.048685	-0.937620	-0.975535	-0.486127	-5.196507	-3.841054	-0.717923
-3.653556	-0.961170	-0.498173	-0.498386	-0.721425	 0.107680	-0.886970	-0.971633	-0.486104	-5.190957	-3.825689	-0.903057
-3.638942	-0.957326	-0.498173	-0.498386	-0.718543	 0.137177	-0.859973	-0.967747	-0.486092	-5.177811	-3.810387	-0.993447
-3.624386	-0.953496	-0.498173	-0.498386	-0.715670	 0.151926	-0.844809	-0.963876	-0.486086	-5.160908	-3.795145	-1.036475
-3.609888	-0.949682	-0.498173	-0.498386	-0.712808	 0.159300	-0.835567	-0.960020	-0.486083	-5.142169	-3.779964	-1.055830
-3.595449	-0.945884	-0.498173	-0.498386	-0.709958	 0.162987	-0.829294	-0.956180	-0.486082	-5.122553	-3.764845	-1.063357
-3.581067	-0.942100	-0.498173	-0.498386	-0.707118	 0.164831	-0.824511	-0.952355	-0.486081	-5.102539	-3.749785	-1.064978
-3.566743	-0.938332	-0.498173	-0.498386	-0.704290	 0.165753	-0.820480	-0.948546	-0.486081	-5.082367	-3.734786	-1.063656
-3.552476	-0.934578	-0.498173	-0.498386	-0.701473	 0.166214	-0.816832	-0.944752	-0.486081	-5.062156	-3.719847	-1.060870
-3.538266	-0.930840	-0.498173	-0.498386	-0.198667	-0.333556	-0.813381	-0.940973	-0.486081	-5.041967	-3.704968	-0.557361
-3.524113	-0.927117	-0.498173	-0.498386	 0.052736	-0.581774	-0.810036	-0.937209	-0.486080	-5.021829	-3.690148	-0.305607
-3.510016	-0.923408	-0.498173	-0.498386	 0.178438	-0.704223	-0.806750	-0.933460	-0.486080	-5.001757	-3.675387	-0.179729
-3.495976	-0.919715	-0.498173	-0.498386	 0.241288	-0.263794	-0.803500	-0.929726	-0.486080	-4.981757	-3.660686	-0.616791
-3.481992	-0.916036	-0.498173	-0.498386	 0.272714	-0.043580	-0.800275	-0.926007	-0.486080	-4.961834	-3.646043	-0.833214
-3.468064	-0.912372	-0.498173	-0.498386	 0.288426	-0.433473	-0.797068	-1.422303	-0.486080	-4.941988	-3.631459	-0.939326
-3.454192	-0.908722	-0.498173	-0.498386	 0.296283	-0.626772	-0.793877	-1.666614	-0.486080	-4.922221	-3.616933	-0.990291
-3.440375	-0.905087	-0.498173	-0.498386	 0.300211	-0.721782	-0.790700	-1.284947	-0.986080	-4.402533	-3.602465	-1.013691
-3.426614	-0.901467	-0.498173	-0.498386	 0.302175	-0.767653	-0.787536	-1.092308	-1.233108	-4.134923	-3.588055	-1.023317
-3.412907	-0.897861	-0.498173	-0.498386	-0.196843	-0.788962	-0.784386	-0.994188	-0.853662	-3.993383	-3.573703	-1.026064
-3.399256	-0.894270	-0.498173	-0.498386	-0.444960	-0.797996	-0.781248	-0.943337	-0.663939	-3.914910	-3.559408	-1.025380
-3.385659	-0.390692	-0.498173	-0.498386	-0.567633	-0.300898	-0.778123	-0.916126	-0.569077	-3.868000	-3.545171	-1.022989
-3.372116	-0.138904	-0.498173	-0.498386	-0.627588	-0.052350	-0.775011	-0.900743	-0.521646	-3.836903	-3.530990	-1.019752
-3.358628	-0.013010	-0.498173	-0.498386	-0.656191	 0.071924	-0.771911	-0.891280	-0.497931	-3.813743	-3.516866	-1.016100
-3.345193	-0.450063	-0.498173	-0.498386	-0.169123	 0.134062	-0.768823	-0.884785	-0.486073	-3.794582	-3.502798	-0.512250
-3.331812	-0.666815	-0.498173	-0.498386	 0.074411	 0.165130	-0.765748	-0.879781	-0.480144	-3.777450	-3.488787	-0.260324
-3.318485	-0.773424	-0.498173	-0.498386	-0.303822	 0.180664	-0.762685	-0.875530	-0.477180	-3.761364	-3.474832	-0.134362
-3.305211	-0.824968	-0.498173	-0.498386	-0.491574	 0.188432	-0.759634	-0.871662	-0.475698	-3.745830	-3.460933	-0.071380
-3.291990	-0.848987	-0.498173	-0.498386	-0.084091	 0.192315	-0.756595	-0.867992	-0.474957	-3.730603	-3.447089	-0.039890
-3.278822	-0.859251	-0.498173	-0.498386	 0.119650	 0.194257	-0.753569	-0.864428	-0.474586	-3.715558	-3.433301	-0.024144
-3.265707	-0.862644	-0.498173	-0.498386	-0.278480	 0.195228	-0.750555	-0.860925	-0.474401	-4.200635	-3.419567	-0.516272
-3.252644	-0.862608	-0.498173	-0.498386	-0.476191	 0.195713	-0.747552	-0.857458	-0.474308	-4.433802	-3.405889	-0.760318
-3.239634	-0.860865	-0.498173	-0.498386	-0.573699	 0.195956	-0.744562	-0.854017	-0.474262	-4.541052	-3.392266	-0.880333
-3.226675	-0.858275	-0.498173	-0.498386	-0.121111	 0.196077	-0.741584	-0.850595	-0.474239	-4.085380	-3.378697	-0.438340
-3.213768	-0.855269	-0.498173	-0.498386	 0.105184	 0.196138	-0.738618	-0.847190	-0.474227	-3.850284	-3.365182	-0.217343
-3.200913	-0.852061	-0.498173	-0.498386	-0.281669	 0.196168	-0.735663	-0.843800	-0.474221	-3.725506	-3.351721	-0.106845
-3.188110	-0.848760	-0.498173	-0.498386	-0.473759	 0.196184	-0.732721	-0.840424	-0.474218	-3.655916	-3.338314	-0.051596
-3.175357	-0.845418	-0.498173	-0.498386	-0.568472	 0.196191	-0.729790	-0.837062	-0.474217	-3.613948	-3.324961	-0.523971
-3.162656	-0.842063	-0.498173	-0.498386	-0.614502	 0.196195	-0.726870	-0.833713	-0.474216	-3.585820	-3.311661	-0.758166
-3.150005	-0.838708	-0.498173	-0.498386	-0.636196	 0.196197	-0.723963	-0.830378	-0.474216	-3.564641	-3.298414	-0.873279
-3.137405	-0.835360	-0.498173	-0.498386	-0.645727	 0.196198	-0.721067	-0.827057	-0.474216	-3.546964	-3.285221	-0.928858
-3.124856	-0.832022	-0.498173	-0.498386	-0.649182	 0.196198	-0.718183	-0.823749	-0.474216	-3.531067	-3.272080	-0.954679
-3.112356	-0.828696	-0.498173	-0.498386	-0.649604	 0.196198	-0.715310	-0.820454	-0.474216	-3.516088	-3.258992	-0.465629
-3.099907	-0.825382	-0.498173	-0.498386	-0.648515	 0.196199	-0.712449	-0.817172	-0.474216	-3.501597	-3.245956	-0.221104
-3.087507	-0.822080	-0.498173	-0.498386	-0.646676	 0.196199	-0.709599	-0.813903	-0.474216	-3.987377	-3.232972	-0.098841
-3.075157	-0.818792	-0.498173	-0.498386	-0.644467	 0.196199	-0.706761	-0.810647	-0.474216	-4.221321	-3.220040	-0.037710
-3.062856	-0.815517	-0.498173	-0.498386	-0.642078	-0.303801	-0.703934	-0.807405	-0.474216	-3.829382	-3.207160	-0.507144
-3.050605	-0.812255	-0.498173	-0.498386	-0.639604	-0.552194	-0.701118	-0.804175	-0.474216	-3.626538	-3.194331	-0.739908
-3.038403	-0.309006	-0.498173	-0.498386	-0.137092	-0.674789	-0.698313	-0.800959	-0.474216	-3.518268	-3.181554	-0.854345
-3.026249	-0.057382	-0.498173	-0.498386	 0.114163	-0.734491	-0.695520	-0.797755	-0.474216	-3.457313	-3.168828	-0.909625
-3.014144	 0.068430	-0.498173	-0.498386	 0.239791	-0.762754	-0.692738	-0.794564	-0.474216	-3.420043	-3.156152	-0.935336
-3.002087	-0.368663	-0.498173	-0.498386	 0.302605	-0.275304	-0.689967	-0.791385	-0.474216	-3.894643	-3.143528	-0.446269
-2.990079	-0.585599	-0.498173	-0.498386	 0.334012	-0.031579	-0.687207	-0.788220	-0.474216	-4.123204	-3.130954	-0.201736
-2.978119	-0.692461	-0.498173	-0.498386	-0.150285	 0.090284	-0.684458	-0.785067	-0.474216	-4.228781	-3.118430	-0.079469
-2.966206	-0.744294	-0.498173	-0.498386	-0.391164	 0.151215	-0.681721	-0.781927	-0.474216	-4.272901	-3.105956	-0.018336
-2.954341	-0.768618	-0.498173	-0.498386	-0.510339	-0.318319	-0.678994	-0.778799	-0.474216	-3.786327	-3.093532	 0.012231
-2.942524	-0.779194	-0.498173	-0.498386	-0.568668	-0.551511	-0.676278	-0.775684	-0.474216	-3.536440	-3.081158	 0.027514
-2.930754	-0.782903	-0.498173	-0.498386	-0.596578	-0.666537	-0.673573	-0.772581	-0.474216	-3.404924	-3.068833	 0.035156
-2.919031	-0.783184	-0.498173	-0.498386	-0.609284	-0.722487	-0.670878	-0.769491	-0.474216	-3.332619	-3.056558	 0.038977
-2.907355	-0.781758	-0.498173	-0.498386	-0.614394	-0.748905	-0.668195	-0.766413	-0.474216	-3.289946	-3.044332	 0.040887
-2.895725	-0.279484	-0.498173	-0.498386	-0.115709	-0.760563	-1.165522	-0.763347	-0.474216	-3.262114	-3.032155	-0.458158
-2.884142	-0.028347	-0.498173	-0.498386	 0.133633	-0.764848	-1.410860	-0.760294	-0.474216	-3.241730	-3.020026	-0.705766
-2.872606	-0.402778	-0.498173	-0.498386	 0.258304	-0.265452	-1.030217	-0.757253	-0.474216	-3.225096	-3.007946	-0.327663
-2.861115	-0.588440	-0.498173	-0.498386	 0.320640	-0.015754	-0.838596	-0.754224	-0.474216	-3.210361	-2.995914	-0.138611
-2.849671	-0.679722	-0.498173	-0.498386	-0.148192	 0.109095	-0.741491	-0.751207	-0.474216	-3.696603	-2.983930	-0.044086
-2.838272	-0.723821	-0.498173	-0.498386	-0.381375	 0.171519	-0.691650	-0.748202	-0.474216	-3.931358	-2.971995	 0.003177
-2.826919	-0.744335	-0.498173	-0.498386	 0.003264	-0.297269	-0.665446	-0.745209	-0.474216	-4.040403	-2.960107	-0.473192
-2.815612	-0.753062	-0.498173	-0.498386	 0.195583	-0.530130	-0.651066	-0.742228	-0.474216	-4.086627	-2.948266	-0.709477
-2.804349	-0.755902	-0.498173	-0.498386	 0.291742	-0.645035	-0.642602	-0.739259	-0.474216	-4.101473	-2.936473	-0.825728
-2.793132	-0.755805	-0.498173	-0.498386	-0.160178	-0.200968	-0.637102	-0.736302	-0.474216	-3.600664	-2.924727	-0.881969
-2.781959	-0.754245	-0.498173	-0.498386	-0.384914	 0.021066	-0.633089	-0.733357	-0.474216	-3.344059	-2.913028	-0.908214
-2.770831	-0.251959	-0.498173	-0.498386	 0.003937	 0.132083	-1.129824	-0.730424	-0.974216	-3.209582	-2.901376	-0.419467
-2.759748	-0.000817	-0.498173	-0.498386	 0.198363	 0.187591	-1.374938	-0.727502	-1.221267	-3.136193	-2.889771	-0.175094
-2.748709	 0.124755	-0.498173	-0.498386	-0.204424	-0.284655	-0.994256	-0.724592	-0.841856	-3.593373	-2.878212	-0.052907
-2.737714	 0.187541	-0.498173	-0.498386	-0.404603	-0.519264	-0.802687	-0.721694	-0.652151	-3.813862	-2.866699	 0.008186
-2.726763	-0.281067	-0.498173	-0.498386	-0.503483	-0.135061	-0.705680	-0.718807	-0.557298	-3.416038	-2.855232	-0.461267
-2.715856	-0.513871	-0.498173	-0.498386	-0.551719	 0.057041	-0.655960	-0.715932	-0.509872	-3.211089	-2.843811	-0.694132
-2.704993	-0.628780	-0.498173	-0.498386	-0.574636	 0.153092	-0.629887	-0.713068	-0.486159	-3.102603	-2.832436	-0.808711
-2.694173	-0.684747	-0.498173	-0.498386	-0.584900	 0.201117	-0.615643	-0.710216	-0.474302	-3.042371	-2.821106	-0.864153
-2.683396	-0.711249	-0.498173	-0.498386	-0.588842	 0.225130	-0.607318	-0.707375	-0.468374	-3.006291	-2.809822	-0.890036
-2.672663	-0.223024	-0.498173	-0.498386	-0.089627	 0.237136	-0.601958	-0.704545	-0.465410	-2.982311	-2.798582	-0.401145
-2.661972	 0.021088	-0.498173	-0.498386	 0.159980	 0.243139	-0.598084	-0.701727	-0.463927	-2.964404	-2.787388	-0.156700
-2.651324	-0.356856	-0.498173	-0.498386	-0.215216	 0.246141	-1.094959	-0.698920	-0.463186	-2.949558	-2.776239	-0.534477
-2.640719	-0.544358	-0.498173	-0.498386	-0.401633	 0.247642	-1.340213	-0.696124	-0.462816	-2.936265	-2.765134	-0.721541
-2.630156	-0.636646	-0.498173	-0.498386	-0.493666	 0.248392	-0.959669	-0.693340	-0.462631	-3.423773	-2.754073	-0.813256
-2.619635	-0.681332	-0.498173	-0.498386	-0.538511	 0.248767	-0.768239	-0.690567	-0.462538	-3.659704	-2.743057	-0.857303
-2.609157	-0.702222	-0.498173	-0.498386	-0.559766	 0.248955	-0.671370	-0.687804	-0.462492	-3.769878	-2.732085	-0.877524
-2.598720	-0.711222	-0.498173	-0.498386	-0.069232	 0.249049	-0.621787	-0.685053	-0.462469	-3.317205	-2.721156	-0.385839
-2.588325	-0.714281	-0.498173	-0.498386	 0.176035	 0.249096	-0.595851	-0.682313	-0.462457	-3.085140	-2.710272	-0.139997
-2.577972	-0.214376	-0.498173	-0.498386	 0.298668	-0.750881	-0.581743	-0.679584	-0.462451	-2.963401	-2.699430	-0.017076
-2.567660	 0.035577	-0.498173	-0.498386	 0.359985	-1.247367	-0.573553	-0.676865	-0.462448	-2.896848	-2.688633	 0.044385
-2.557389	 0.160553	-0.498173	-0.498386	-0.109356	-0.492123	-0.568328	-0.674158	-0.462447	-2.857911	-2.677878	 0.075115
-2.547160	 0.223041	-0.498173	-0.498386	-0.342870	-0.114501	-0.564589	-0.671461	-0.462446	-2.832805	-2.667167	 0.090480
-2.536971	-0.245715	-0.498173	-0.498386	-0.458474	 0.074310	-0.561598	-0.668775	-0.462446	-2.814636	-2.656498	 0.098163
-2.526823	-0.478664	-0.498173	-0.498386	-0.515128	 0.168716	-0.558985	-0.666100	-0.462446	-2.799959	-2.645872	 0.102004
-2.516716	-0.593715	-0.498173	-0.498386	-0.542311	 0.215919	-0.556566	-0.663436	-0.462445	-2.787050	-2.635289	 0.103925
-2.506649	-0.649823	-0.498173	-0.498386	-0.054764	-0.260480	-0.554248	-0.660782	-0.462445	-2.775047	-2.624747	-0.395115
-2.496623	-0.676465	-0.498173	-0.498386	 0.189010	-0.497205	-0.551986	-0.658139	-0.462445	-2.763519	-2.614248	-0.642846
-2.486636	-0.688380	-0.498173	-0.498386	-0.189103	-0.114100	-0.549755	-0.655506	-0.462445	-3.252252	-2.603791	-0.264931
-2.476690	-0.692937	-0.498173	-0.498386	-0.377025	 0.077452	-0.547544	-0.652884	-0.462445	-3.489136	-2.593376	-0.075973
-2.466783	-0.193821	-0.498173	-0.498386	 0.030144	 0.173228	-0.545348	-0.650273	-0.462445	-3.100126	-2.583003	 0.018506
-2.456916	 0.055738	-0.498173	-0.498386	 0.233728	 0.221117	-0.543164	-0.647672	-0.462445	-2.900199	-2.572671	 0.065745
-2.447088	-0.319483	-0.498173	-0.498386	 0.335520	-0.254939	-0.540990	-0.645081	-0.462445	-2.794834	-2.562380	 0.089365
-2.437300	-0.505704	-0.498173	-0.498386	 0.386416	-0.491505	-0.538825	-0.642501	-0.462445	-2.736773	-2.552131	 0.101175
-2.427550	-0.597431	-0.498173	-0.498386	 0.411864	-0.608332	-0.536670	-0.639931	-0.462445	-2.702385	-2.541922	 0.107080
-2.417840	-0.641916	-0.498173	-0.498386	-0.075412	-0.165295	-0.534523	-0.637371	-0.462445	-2.679856	-2.531754	 0.110032
-2.408169	-0.662785	-0.498173	-0.498386	-0.317924	 0.056223	-0.532385	-0.634822	-0.462445	-2.663276	-2.521627	 0.111508
-2.398536	-0.171853	-0.498173	-0.498386	 0.061940	 0.166982	-0.530255	-1.132282	-0.462445	-2.649693	-2.511541	 0.112246
-2.388942	 0.073613	-0.498173	-0.498386	 0.251873	 0.222362	-0.528134	-1.377753	-0.462445	-2.637629	-2.501495	 0.112615
-2.379386	 0.196346	-0.498173	-0.498386	-0.153161	 0.250052	-1.026021	-0.997242	-0.462445	-2.626346	-2.491489	-0.387200
-2.369869	 0.257713	-0.498173	-0.498386	-0.354562	 0.263897	-1.271917	-0.805753	-0.462445	-2.615474	-2.481523	-0.635334
-2.360389	 0.288396	-0.498173	-0.498386	-0.454150	 0.270819	-0.891830	-0.708780	-0.462445	-2.604829	-2.471597	-0.257634
-2.350948	 0.303738	-0.498173	-0.498386	-0.502837	 0.274280	-0.700762	-0.659070	-0.462445	-2.594318	-2.461710	-0.068784
-2.341544	 0.311409	-0.498173	-0.498386	-0.526077	 0.276011	-0.604209	-0.632996	-0.462445	-2.583895	-2.451863	 0.025641
-2.332178	-0.184756	-0.498173	-0.498386	-0.536599	 0.276876	-0.554917	-0.618746	-0.462445	-2.573537	-2.442056	 0.072854
-2.322849	-0.431476	-0.498173	-0.498386	-0.540765	 0.277309	-0.529260	-0.610411	-0.462445	-2.563231	-2.432288	 0.096460
-2.313558	-0.053480	-0.498173	-0.498386	-0.541759	 0.277525	-0.515425	-0.605040	-0.462445	-2.552972	-2.422559	 0.108263
-2.304303	 0.135518	-0.498173	-0.498386	-0.541170	 0.277633	-0.507503	-0.601155	-0.462445	-2.542758	-2.412868	 0.114165
-2.295086	 0.230017	-0.498173	-0.498386	-0.039794	 0.277688	-0.503543	-0.598018	-0.462445	-2.532585	-2.403217	 0.117116
-2.285906	 0.277266	-0.498173	-0.498386	 0.210894	 0.277715	-0.501563	-0.595260	-0.462445	-2.522454	-2.393604	 0.118591
-2.276762	 0.300891	-0.498173	-0.498386	 0.336237	 0.277728	-0.500573	-0.592695	-0.462445	-3.012364	-2.384030	 0.119329
-2.267655	 0.312704	-0.498173	-0.498386	 0.398909	 0.277735	-0.500077	-0.590233	-0.462445	-3.250314	-2.374493	 0.119698
-2.258585	 0.318610	-0.498173	-0.498386	 0.430245	 0.277738	-0.499830	-0.587826	-0.462445	-3.362313	-2.364995	 0.119882
-2.249550	 0.321563	-0.498173	-0.498386	 0.445913	 0.277740	-0.499706	-0.585452	-0.462445	-2.911364	-2.355535	 0.119974
-2.240552	 0.323039	-0.498173	-0.498386	 0.453747	 0.277741	-0.499644	-0.583099	-0.462445	-2.680968	-2.346113	 0.120020
-2.231590	 0.323778	-0.498173	-0.498386	-0.042336	 0.277741	-0.499613	-0.580761	-0.462445	-2.560869	-2.336729	 0.120043
-2.222663	 0.324147	-0.498173	-0.498386	-0.289300	 0.277741	-0.499598	-0.578435	-0.462445	-2.495938	-2.327382	 0.120055
-2.213773	-0.175669	-0.498173	-0.498386	 0.088290	 0.277741	-0.499590	-0.576120	-0.462445	-2.458611	-2.318072	 0.120061
-2.204918	-0.424225	-0.498173	-0.498386	 0.277085	 0.277742	-0.499586	-0.573814	-0.462445	-2.435105	-2.308800	 0.120064
-2.196098	-0.047158	-0.498173	-0.498386	-0.128517	 0.277742	-0.499584	-0.571519	-0.462445	-2.418528	-2.299565	 0.120065
-2.187314	 0.141375	-0.498173	-0.498386	-0.330250	 0.277742	-0.499583	-0.569233	-0.462445	-2.405436	-2.290367	 0.120066
-2.178564	-0.264358	-0.498173	-0.498386	-0.430053	 0.277742	-0.499583	-0.566956	-0.462445	-2.394105	-2.281205	 0.120066
-2.169850	-0.465884	-0.498173	-0.498386	-0.478894	 0.277742	-0.499583	-0.564688	-0.462445	-2.383675	-2.272080	 0.120066
-2.161171	-0.565313	-0.498173	-0.498386	-0.502260	 0.277742	-0.499583	-0.562429	-0.462445	-2.373713	-2.262992	 0.120066
-2.152526	-0.113697	-0.498173	-0.498386	-0.512891	 0.277742	-0.499582	-0.560179	-0.962445	-2.364004	-2.253940	 0.120066
-2.143916	 0.112110	-0.498173	-0.498386	-0.517160	 0.277742	-0.499582	-0.557939	-1.209521	-2.354441	-2.244924	 0.120066
-2.135340	 0.225014	-0.498173	-0.498386	-0.018251	-0.222258	-0.499582	-0.555707	-0.830145	-2.344970	-2.235945	 0.120066
-2.126799	 0.281466	-0.498173	-0.498386	 0.231203	-0.470814	-0.499582	-0.553484	-0.640457	-2.335564	-2.227001	 0.120066
-2.118292	 0.309692	-0.498173	-0.498386	-0.144070	-0.593653	-0.499582	-0.551270	-0.545613	-2.326208	-2.218093	 0.120066
-2.109819	 0.323805	-0.498173	-0.498386	-0.330668	-0.653639	-0.499582	-0.549065	-0.498191	-2.316896	-2.209221	 0.120066
-2.101379	-0.169139	-0.498173	-0.498386	 0.077068	-0.682205	-0.499582	-0.546869	-0.474480	-2.307625	-2.200384	-0.379934
-2.092974	-0.414286	-0.498173	-0.498386	 0.280936	-0.695067	-0.499582	-0.544681	-0.462625	-2.298393	-2.191582	-0.628174
-2.084602	-0.535541	-0.498173	-0.498386	 0.382870	-0.700082	-0.499582	-0.542502	-0.456697	-2.289199	-2.182816	-0.750541
-2.076263	-0.094855	-0.498173	-0.498386	-0.066163	-0.701179	-0.499582	-0.540332	-0.453733	-2.280042	-2.174084	-0.309979
-2.067958	 0.125488	-0.498173	-0.498386	-0.289649	-0.700323	-0.499582	-0.538171	-0.452251	-2.270921	-2.165388	-0.089698
-2.059687	 0.235660	-0.498173	-0.498386	-0.400366	-0.198496	-0.499582	-0.536018	-0.451510	-2.761838	-2.156727	 0.020443
-2.051448	 0.290745	-0.498173	-0.498386	-0.454702	 0.052417	-0.499582	-0.533874	-0.451140	-3.000790	-2.148100	 0.075513
-2.043242	 0.318288	-0.498173	-0.498386	-0.480853	 0.177874	-0.499582	-0.531739	-0.450954	-2.613787	-2.139507	-0.396952
-2.035069	 0.332060	-0.498173	-0.498386	-0.492914	 0.240602	-0.499582	-0.529612	-0.450862	-2.415832	-2.130949	-0.631445
-2.026929	 0.338945	-0.498173	-0.498386	 0.002066	 0.271967	-0.499582	-0.527493	-0.450816	-2.312418	-2.122425	-0.246960
-2.018821	 0.342388	-0.498173	-0.498386	 0.249556	 0.287649	-0.499582	-0.525383	-0.450792	-2.256294	-2.113936	-0.054718
-2.010746	 0.344110	-0.498173	-0.498386	 0.373301	 0.295490	-0.499582	-0.523282	-0.450781	-2.223831	-2.105480	 0.041404
-2.002703	-0.155030	-0.498173	-0.498386	 0.435173	 0.299410	-0.499582	-0.521189	-0.450775	-2.203217	-2.097058	 0.089464
-1.994692	-0.403291	-0.498173	-0.498386	 0.466109	 0.301370	-0.499582	-0.519104	-0.450772	-2.188545	-2.088670	 0.113495
-1.986713	-0.026118	-0.498173	-0.498386	 0.481577	 0.302351	-0.499582	-0.517028	-0.450771	-2.176861	-2.080315	 0.125510
