-2.046475	-2.480024	-0.607036	-0.533748	-3.037206	-0.404800	-2.601284	-0.397361	-0.119915	-1.762395	-1.440034	 0.084735
-2.038289	-2.470104	-0.604608	-0.506078	-3.400057	-0.778638	-2.590879	-0.517486	-0.119969	-1.728002	-1.434274	 0.206538
-2.030136	-2.460223	-0.602190	-0.492244	-3.573957	-0.963253	-2.580516	-0.576272	-0.119996	-1.707418	-1.428537	 0.267440
-2.022015	-2.450382	-0.599781	-0.485326	-3.653411	-1.053264	-2.570193	-0.104396	-0.120009	-2.193752	-1.422823	-0.202110
-2.013927	-2.440581	-0.597382	-0.481868	-3.685673	-1.095983	-2.559913	 0.131542	-0.120016	-2.431559	-1.417131	-0.435541
-2.005872	-2.430819	-0.594992	-0.480138	-3.694367	-1.115065	-2.549673	 0.249512	-0.120019	-2.545124	-1.411463	-0.550919
-1.997848	-2.421095	-0.592612	-0.479274	-3.691309	-0.622338	-2.539474	 0.308496	-0.120021	-2.096589	-1.405817	-0.107275
-1.989857	-2.411411	-0.590242	-0.478842	-3.682403	-0.375974	-2.529316	 0.337988	-0.120022	-1.869026	-1.400194	 0.114547
-1.981897	-2.401765	-0.587881	-0.478625	-3.670603	-0.252793	-2.519199	-0.147265	-0.120022	-1.751961	-1.394593	 0.225458
-1.973970	-2.392158	-0.585529	-0.478517	-3.657385	-0.191202	-2.509122	-0.388627	-0.120022	-1.690159	-1.389015	 0.280913
-1.966074	-2.382590	-0.583187	-0.478463	-3.643488	-0.660406	-2.499086	-0.008048	 0.379978	-1.656001	-1.383458	 0.308641
-1.958210	-2.373059	-0.580855	-0.478436	-3.629281	-0.892749	-2.489090	 0.182241	 0.628218	-1.635678	-1.377925	 0.322505
-1.950377	-2.363567	-0.578531	-0.478423	-3.614946	-1.006671	-2.479133	 0.277386	 0.250585	-2.122286	-1.372413	 0.329437
-1.942575	-2.354113	-0.576217	-0.478416	-3.600578	-1.061390	-2.469217	 0.324958	 0.061768	-2.360373	-1.366923	 0.332903
-1.934805	-2.344696	-0.573912	-0.478413	-3.586222	-1.086518	-2.459340	 0.348745	-0.032640	-2.474219	-1.361456	 0.334636
-1.927066	-2.335317	-0.571617	-0.978411	-3.571900	-1.096858	-2.449502	-0.139362	-0.079844	-2.025966	-1.356010	 0.335502
-1.919357	-2.325976	-0.569330	-1.225453	-3.557624	-1.099814	-2.439704	-0.382161	-0.103446	-1.798684	-1.350586	 0.335935
-1.911680	-2.316672	-0.567053	-0.846029	-3.543399	-0.599086	-2.429946	-0.502310	-0.115247	-2.181900	-1.345183	-0.163848
-1.904033	-2.307406	-0.564785	-0.656317	-3.529228	-0.348723	-2.420226	-0.561140	-0.121148	-2.368378	-1.339803	-0.412412
-1.896417	-2.298176	-0.562525	-1.061462	-3.015113	-0.723541	-2.410545	-0.089315	-0.124098	-2.456507	-1.334443	-0.035373
-1.888831	-2.288983	-0.560275	-1.261100	-2.753053	-0.908753	-2.400903	 0.146598	-0.125573	-2.495482	-1.329106	 0.153147
-1.881276	-1.779827	-0.558034	-0.857998	-3.117041	-0.499171	-2.391299	 0.264554	-0.126311	-2.009901	-1.323789	 0.247407
-1.873751	-1.522708	-0.555802	-0.656447	-3.292073	-0.294380	-2.381734	 0.323532	-0.126679	-1.764062	-1.318494	 0.294537
-1.866256	-1.391617	-0.553579	-0.555672	-3.372655	-0.191985	-2.372207	 0.353021	-0.126864	-1.638106	-1.313220	 0.318102
-1.858791	-1.823551	-0.551365	-0.505284	-3.406039	-0.140787	-2.362718	 0.367766	-0.126956	-2.072104	-1.307967	 0.329885
-1.851356	-2.035006	-0.549159	-0.480090	-3.415853	-0.115188	-2.353267	 0.375138	-0.127002	-2.284090	-1.302735	 0.335776
-1.843950	-2.136241	-0.546962	-0.467493	-3.413908	-0.602389	-2.343854	 0.378824	-0.127025	-1.885091	-1.297524	 0.338722
-1.836575	-2.182384	-0.544775	-0.461195	-3.406112	-0.843810	-2.334479	 0.380667	-0.127037	-1.682620	-1.292334	 0.340194
-1.829228	-2.200998	-0.542595	-0.458045	-3.395417	-0.962350	-2.325141	-0.118411	-0.127043	-1.578424	-1.287165	 0.340931
-1.821911	-2.205866	-0.540425	-0.456471	-3.383300	-1.019458	-2.315840	-0.366716	-0.127045	-1.523377	-1.282016	 0.341299
-1.814624	-2.203879	-0.538263	-0.455683	-3.370499	-0.545859	-2.306577	-0.489638	-0.127047	-1.492917	-1.276888	 0.341483
-1.807365	-2.198481	-0.536110	-0.455290	-3.357384	-0.309060	-2.297351	-0.549874	-0.127048	-1.474762	-1.271781	 0.341575
-1.800136	-2.191396	-0.533966	-0.455093	-3.344137	-0.190660	-2.288161	-0.578771	-0.127048	-1.462772	-1.266694	 0.341621
-1.792935	-2.183485	-0.531830	-0.454995	-2.830852	-0.131460	-2.279009	-0.092005	-0.127048	-1.453875	-1.261627	 0.341644
-1.785764	-2.175178	-0.529703	-0.454945	-2.569574	-0.101860	-2.269893	 0.151378	-0.127048	-1.446536	-1.256580	 0.341656
-1.778620	-2.166691	-0.527584	-0.454921	-2.934319	-0.587060	-2.260813	-0.226930	-0.127048	-1.939989	-1.251554	 0.341661
-1.771506	-2.158131	-0.525474	-0.454908	-3.110093	-0.827516	-2.251770	-0.414874	-0.127048	-2.181848	-1.246548	 0.341664
-1.764420	-2.149552	-0.523372	-0.454902	-3.191409	-0.945608	-2.242763	-0.007640	-0.127048	-1.797930	-1.241562	 0.341666
-1.757362	-2.140981	-0.521278	-0.454899	-3.225521	-1.002526	-2.233792	 0.195977	-0.127048	-1.603143	-1.236595	 0.341666
-1.750333	-2.132430	-0.519193	-0.454898	-2.736058	-0.528866	-1.724856	 0.297785	-0.127048	-1.502933	-1.231649	 0.341667
-1.743331	-2.123907	-0.517116	-0.454897	-2.486833	-0.292037	-1.467957	 0.348690	-0.127048	-1.450023	-1.226722	 0.341667
-1.736358	-2.115415	-0.515048	-0.454897	-2.357745	-0.173622	-1.337085	 0.374142	-0.127048	-1.420773	-1.221815	 0.341667
-1.729413	-2.106955	-0.512988	-0.454896	-2.788744	-0.114414	-1.269237	 0.386868	 0.372952	-1.403366	-1.216928	 0.341667
-1.722495	-2.098528	-0.510936	-0.454896	-2.997804	-0.084811	-1.232910	 0.393231	 0.621206	-1.391890	-1.212060	 0.341667
-1.715605	-1.590134	-0.508892	-0.454896	-2.595920	-0.070009	-1.212353	-0.103588	 0.743594	-1.383391	-1.207212	 0.341667
-1.708743	-1.333774	-0.506856	-0.454896	-2.390590	-0.062608	-1.199691	-0.350796	 0.803056	-1.376392	-1.202383	 0.341667
-1.701908	-1.203439	-0.504829	-0.454896	-1.783555	-0.058907	-0.690986	 0.526796	 0.831062	-0.870153	-1.197574	 0.341667
-1.695100	-1.136125	-0.502810	-0.454896	-1.477684	-0.057057	-0.436634	 0.962783	 0.843347	-0.617034	-1.192784	 0.341667
-1.688320	-0.600331	-0.500798	 0.045104	-0.822405	-0.056132	 0.190542	 1.177979	 1.347778	 0.509525	-0.688012	 0.841667
-1.681566	-0.332433	-0.499793	 0.294014	-0.494766	-0.055669	 0.502495	 1.282790	 1.596289	 1.069533	-0.435627	 1.088984
-0.674840	 1.801515	 1.000710	 0.917383	 3.669054	 0.944562	 4.156843	 2.332421	 1.716855	 5.346278	 0.690566	 1.209970
-0.171477	 2.860619	 1.745959	 1.225986	 5.735298	 1.440788	 5.968394	 2.850472	 1.773463	 7.465404	 1.250029	 1.267801
 0.080205	 3.382331	 2.113601	 1.377218	 6.752817	 1.685027	 6.858610	 3.102761	 1.798107	 8.505798	 1.526141	 1.294065
 1.206045	 7.635379	 1.792460	 1.949777	 7.746036	 1.803288	 8.288220	 2.722195	 1.306784	 12.506903	 2.160593	 0.804556
 1.764302	 9.738126	 1.628946	 2.231012	 8.225167	 1.858575	 8.983589	 2.527229	 1.059491	 14.474439	 2.472229	 0.559802
 4.038785	 15.765818	 1.544259	 1.866605	 11.947324	 1.882391	 10.311916	 1.925081	 0.434220	 18.925323	 3.122479	-0.562575
 5.163400	 18.736077	 1.498996	 1.681397	 13.777063	 1.890487	 10.952799	 1.621362	 0.121585	 21.104013	 3.440059	-1.120394
 6.713132	 23.677794	 0.973457	 1.585801	 16.660719	 1.890737	 14.750053	 2.466866	 0.965267	 28.646792	 7.591333	 1.604053
 7.471472	 26.091413	 0.710687	 1.535022	 18.063459	 1.887081	 16.611586	 2.882994	 1.383491	 32.345803	 9.643485	 2.957620
 13.834182	 39.241213	 3.079303	 4.506665	 27.725896	 4.381486	 20.505406	 4.584460	 2.088999	 39.623219	 13.646170	 4.125781
 16.975144	 45.789350	 4.252714	 5.977529	 32.482338	 5.614936	 22.403517	 5.422621	 2.436164	 43.235165	 15.612215	 4.699273
 18.505392	 49.036764	 4.828568	 6.698065	 34.786081	 6.217965	 23.303970	 5.829180	 2.604180	 45.014483	 16.560080	 4.975474
 19.730445	 52.633923	 5.105686	 7.043495	 37.363773	 6.505837	 24.205787	 6.019988	 2.682643	 46.877593	 17.498997	 4.103071
 20.301060	 54.405260	 5.233479	 7.201433	 38.572736	 6.636186	 24.606481	 6.102970	 2.716353	 47.781907	 17.931580	 3.660408
 21.044625	 57.263796	 5.286654	 7.265683	 40.597655	 7.187827	 25.256813	 6.132089	 2.727708	 48.706930	 18.111143	 3.932641
 21.372831	 58.670953	 5.302561	 7.283148	 41.588003	 7.448169	 25.530165	 6.134327	 2.727907	 49.147331	 18.164343	 4.060348
 21.493532	 58.352508	 5.299878	 7.277279	 41.061154	 7.062923	 25.115234	 5.623172	 2.722550	 48.345508	 16.654508	 3.115825
 21.510653	 58.167038	 5.287942	 7.259802	 40.716661	 6.856944	 24.858368	 5.357371	 2.714437	 47.918349	 15.869301	 2.639221
 20.976159	 56.548159	 5.271422	 7.236579	 39.963670	 7.240653	 24.680732	 5.714287	 2.704968	 47.178626	 15.446530	 3.396594
 20.668028	 55.712282	 5.252652	 7.210540	 39.508753	 7.417259	 24.542907	 5.880603	 2.694843	 46.782326	 15.205096	 3.766973
 20.473243	 55.268010	 5.232799	 7.183152	 39.203187	 7.490374	 24.425185	 5.951667	 2.684411	 46.557844	 15.054452	 3.943887
 14.335294	 47.019647	 4.712447	 6.655146	 35.472609	 6.011804	 24.317709	 4.975153	 2.673847	 45.919375	 14.449323	 0.524103
 11.249924	 42.817923	 4.443887	 6.378889	 33.543835	 5.263453	 24.215550	 4.478899	 2.663238	 45.575525	 14.119069	-1.179998
 9.690910	 37.639829	 2.301256	 3.728556	 27.516219	 3.380247	 18.616244	 3.222807	 1.652629	 36.379084	 9.426365	 1.973720
 8.895140	 34.985858	 1.229941	 2.401232	 24.459433	 2.435650	 15.790558	 2.590827	 1.146040	 31.726498	 7.070546	 3.540324
 11.481056	 41.594209	 3.694283	 4.735423	 30.888235	 4.460370	 19.351784	 3.770920	 1.891466	 38.346057	 10.883207	 2.313412
 12.745880	 44.874908	 4.914137	 5.888379	 34.028002	 5.459759	 21.086572	 4.351064	 2.258906	 41.632360	 12.760145	 1.697783
 15.850270	 48.991875	 5.011796	 6.450774	 35.523550	 6.446536	 21.908323	 4.631274	 2.437373	 37.752130	 11.669340	 3.387804
 17.364556	 51.022120	 5.050406	 6.717945	 36.197286	 6.925057	 22.273738	 4.761556	 2.521375	 35.744271	 11.102781	 4.222659
 18.083942	 52.009116	 5.059534	 6.837561	 36.460412	 7.149511	 22.411167	 4.816913	 2.558165	 34.672868	 10.798429	 4.629972
 14.906028	 50.474600	 5.053960	 6.883454	 28.518527	 4.746990	 17.434785	 2.834847	 1.071370	 30.569964	 7.125265	 0.323553
 13.293614	 49.690168	 5.041076	 6.892542	 24.506432	 3.541041	 14.921677	 1.842109	 0.327973	 28.465578	 5.281778	-1.821690
 10.464045	 41.780845	 2.524578	 3.883283	 22.459396	 2.433396	 14.140306	 1.344041	-1.043726	 35.860662	 3.853159	-2.386378
 9.033992	 37.758441	 1.266329	 2.376905	 21.395053	 1.876922	 13.722902	 1.093315	-1.724744	 39.543128	 3.134000	-2.662820
 8.303757	 35.179767	 0.637204	 1.621975	 20.822220	 1.596044	 12.987589	 1.466266	-2.060442	 32.869346	 3.769590	-2.795162
 7.923493	 33.825227	 0.322642	 1.242776	 20.495305	 1.452974	 12.595429	 1.649064	-2.223499	 29.480063	 4.078575	-2.855478
 7.718274	 32.583016	 0.165361	 1.051450	 20.291510	 1.378820	 12.374942	 1.236799	-2.300254	 27.733240	 3.724293	-2.879805
 7.600639	 31.899229	 0.086720	 0.954066	 20.149438	 1.339133	 12.240389	 1.029017	-2.333877	 26.807856	 3.540412	-2.886160
 7.526855	 31.494905	 0.047400	 0.903661	 20.038387	 1.316691	 12.148901	 0.923484	-2.345954	 26.293399	 3.441758	-2.883552
 7.475057	 31.730561	 0.027740	 0.876752	 19.943006	 1.802882	 12.079043	 0.869082	-2.347277	 25.984612	 3.385745	-2.876487
 7.434312	 31.784457	 0.017910	 0.861598	 19.855621	 2.041399	 12.020095	 0.840251	-2.343240	 25.778868	 3.351079	-2.867215
 7.399152	 31.247728	 0.012995	 0.852328	 19.772392	 1.656097	 11.966699	 0.824213	-2.336544	 25.624849	 3.327113	-2.856863
 7.366844	 30.917942	 0.010537	 0.846007	 19.691399	 1.460905	 11.916174	 0.814577	-2.328536	 25.496898	 3.308524	-2.845994
 7.336021	 31.191873	 0.009309	 0.841167	 19.611682	 1.860778	 12.867180	 1.308150	-0.319891	 31.382184	 7.792649	-0.334890
 7.305999	 31.265906	 0.008694	 0.837074	 19.532759	 2.056193	 13.315047	 1.551333	 0.681054	 34.250293	 10.010158	 0.916310
 12.276436	 40.740243	 2.508387	 3.333362	 27.454390	 4.149397	 17.511455	 3.169335	 1.678162	 38.110110	 12.594458	 3.037575
 14.727161	 45.453569	 3.748217	 4.569846	 31.344454	 5.183514	 19.566243	 3.968761	 2.171366	 40.016177	 13.856250	 4.087890
 15.918167	 47.786486	 4.358156	 5.176476	 33.219016	 5.688137	 20.550395	 4.358938	 2.412639	 40.945463	 14.456910	 4.602771
 11.479452	 39.429292	 2.153190	 4.968224	 34.086111	 6.428063	 20.999402	 3.544528	 0.527967	 33.386454	 12.227125	 4.849976
 9.246013	 35.188551	 1.050706	 4.854579	 34.449751	 6.783690	 21.181008	 3.131863	-0.411655	 29.555295	 11.092237	 4.963384
 8.615269	 42.506284	 0.499465	 4.788274	 26.561945	 4.447225	 16.229086	 1.420092	-1.878764	 28.588267	 12.004879	 3.009935
 8.283927	 46.146703	 0.223844	 4.745678	 22.580693	 3.274771	 13.730571	 0.564207	-2.605626	 28.049511	 12.435365	 2.031097
 7.102351	 40.448538	 2.086033	 2.714974	 26.052869	 3.184339	 16.458849	 0.636264	-2.462392	 25.225111	 8.124876	 1.539574
 6.499722	 37.529954	 3.009232	 1.698253	 27.729906	 3.132936	 17.784614	 0.670876	-2.386137	 23.768110	 5.962003	 1.291716
 6.686613	 33.001440	 1.462966	 0.688529	 22.009611	 2.601071	 13.409276	 1.186771	-1.843390	 21.494987	 3.872968	-0.334301
 6.766312	 30.680237	 0.689833	 0.183668	 19.116885	 2.331000	 11.203539	 1.441313	-1.569415	 20.319982	 2.824883	-1.143388
 6.792469	 29.462917	 0.303267	-0.068763	 17.638074	 2.191843	 10.082675	 1.565193	-1.429837	 19.694189	 2.297287	-1.544027
 5.791910	 23.797766	 0.109984	-0.194979	 13.366349	 1.618159	 8.004319	 1.123754	-0.857467	 16.343156	 1.529949	-0.740457
 5.282048	 20.928925	 0.013342	-0.258086	 11.212298	 1.329228	 6.953289	 0.901670	-0.571282	 14.641655	 1.144755	-0.338672
 3.517573	 15.458385	-0.534979	-0.289640	 7.617156	 1.182682	 4.915970	 1.289269	-0.428190	 10.265025	 0.450639	 0.362220
 2.631829	 12.703139	-0.806973	-0.305417	 5.811541	 1.107336	 3.891553	 1.479715	-0.356643	 8.064932	 0.103581	 0.710540
 0.685465	 6.805620	-0.440812	-0.313306	 0.400721	 0.567600	 0.373610	 0.571598	-0.320870	 1.453157	-1.569948	 0.382583
-0.285195	 3.855044	-0.257731	-0.317250	-2.294668	 0.297731	-1.379073	 0.117539	-0.302984	-1.842414	-2.400226	 0.218604
-1.768014	-0.622052	-0.666191	-0.819222	-4.632383	-0.337203	-3.249151	-0.609491	-0.794041	-3.979923	-2.808903	-0.363386
-2.502921	-2.850402	-0.868271	-1.067566	-5.787300	-0.652726	-4.173951	-0.970332	-1.036999	-5.036443	-3.006807	-0.652490
-2.863900	-3.954420	-0.967171	-1.189106	-6.350874	-0.808551	-4.626154	-1.148091	-1.155918	-5.552517	-3.099350	-0.795158
-3.537939	-4.996312	-1.014489	-1.247254	-7.118832	-0.884534	-5.342098	-1.234318	-0.712828	-6.298417	-3.139237	-0.864617
-3.866535	-5.505181	-1.036024	-1.273718	-7.487038	-0.920605	-5.687955	-1.274791	-0.491283	-6.657278	-3.152823	-0.897478
-4.022442	-6.247588	-1.044676	-1.284349	-7.655430	-0.936727	-5.848815	-1.292397	-0.880510	-7.322677	-3.153282	-0.912048
-4.092039	-6.604811	-1.046896	-1.287075	-7.723978	-0.942882	-5.917226	-1.298580	-1.072584	-7.639400	-3.147205	-0.917480
-4.118515	-6.769499	-1.045907	-1.285858	-8.242668	-0.944062	-5.939460	-1.299062	-1.166092	-7.281849	-3.137884	-0.918350
-4.123462	-6.837974	-1.043323	-1.282681	-8.484490	-0.942761	-5.938654	-1.296703	-1.210327	-7.089225	-3.126966	-0.916947
-4.117679	-6.858399	-1.039950	-1.278533	-8.587948	-1.440228	-5.926375	-1.792936	-1.229935	-6.979120	-3.615275	-0.914414
-4.106564	-6.854854	-1.036190	-1.273910	-8.622294	-1.685086	-5.908407	-2.036473	-1.237240	-6.910329	-3.851223	-0.911324
-4.092815	-6.839379	-1.032245	-1.269060	-8.622154	-1.803655	-5.887643	-2.153682	-1.238404	-6.862251	-3.961022	-0.907962
-4.077783	-6.817993	-1.028216	-1.764107	-8.604840	-1.359095	-5.865527	-1.707745	-1.236506	-6.824583	-4.007780	-0.904472
-4.062141	-6.793707	-1.024153	-2.007112	-8.579008	-1.134986	-5.842782	-1.482253	-1.233088	-6.792176	-4.023050	-0.900925
-4.046227	-6.768026	-1.020082	-2.124114	-8.548986	-1.521110	-4.319769	-1.366993	-1.228920	-6.762452	-3.522608	-0.897357
-4.030210	-6.741700	-1.016014	-2.178133	-8.516936	-1.710357	-3.552670	-1.306860	-1.224386	-6.734125	-3.266343	-0.893785
-4.014173	-6.715106	-1.011956	-2.200678	-8.483942	-1.801182	-5.163549	-1.774300	-1.219680	-6.706550	-3.132190	-0.890219
-3.998158	-6.688433	-1.007911	-2.207504	-8.450543	-1.842810	-5.955439	-2.003536	-1.214897	-6.679404	-3.059118	-0.886663
-3.982186	-6.661772	-1.003881	-2.206489	-8.417009	-1.859855	-5.837890	-2.113689	-1.210085	-7.152527	-3.516610	-0.883118
-3.966268	-6.635172	-0.999867	-2.201570	-8.383475	-1.864624	-5.767674	-2.164317	-1.205268	-7.373837	-3.737407	-0.879587
-3.950408	-6.608654	-0.995867	-2.194717	-8.350009	-1.863270	-5.721172	-2.185202	-1.200459	-7.469302	-3.839890	-0.876069
-3.934609	-6.582231	-1.491884	-2.186915	-8.316642	-1.858869	-5.686571	-1.691232	-1.195663	-7.001905	-3.883246	-0.872565
-3.918872	-6.555908	-1.735917	-2.178656	-8.283392	-1.852959	-5.657967	-1.441852	-1.190884	-6.755137	-3.897071	-0.869075
-3.903197	-6.529688	-1.353973	-2.170185	-8.250267	-1.846311	-6.132406	-1.314778	-1.186122	-6.618737	-3.896162	-0.865599
-3.887585	-6.503570	-1.161057	-2.161627	-8.217270	-1.839307	-6.356412	-1.248865	-1.181378	-6.537572	-3.887917	-0.862136
-3.872034	-6.477557	-1.562663	-2.153041	-8.184403	-1.832140	-5.955254	-1.713543	-1.176653	-6.484076	-3.876035	-0.858688
-3.856546	-6.451647	-1.759537	-2.144460	-8.151667	-1.824907	-5.743567	-1.941525	-1.171946	-6.444468	-3.862366	-0.855253
-3.841120	-6.425841	-1.354062	-2.135897	-8.119060	-1.817655	-6.126660	-1.551177	-1.167259	-6.911853	-3.847834	-0.851832
-3.825756	-6.400137	-1.149427	-2.127361	-8.086584	-1.810408	-6.305186	-1.353682	-1.162590	-7.130788	-3.832901	-0.848425
-3.810453	-6.374537	-1.045220	-2.118856	-8.054238	-1.803179	-6.381482	-1.252622	-1.157939	-7.225556	-3.817799	-0.845031
-3.795211	-6.349039	-0.991234	-2.110382	-8.022021	-1.795972	-5.906715	-1.699788	-1.153308	-6.758299	-3.302642	-0.841651
-3.780030	-6.323642	-0.962367	-2.101941	-7.989933	-1.788791	-5.658467	-1.919078	-1.148694	-6.512088	-3.039489	-0.838284
-3.764910	-6.298348	-0.946066	-2.093534	-7.957974	-1.781637	-5.523523	-1.524446	-1.144100	-6.376451	-2.902360	-0.834931
-3.749850	-6.273155	-0.936056	-2.085160	-7.926142	-1.774512	-5.445274	-1.324870	-1.139523	-6.296151	-2.828265	-0.831591
-3.734851	-6.248062	-0.929199	-2.076820	-7.894437	-1.767414	-5.395415	-1.222832	-1.134965	-6.243570	-3.285709	-0.828265
-3.719911	-6.223070	-0.923926	-2.068513	-7.862859	-1.760344	-5.359794	-1.169571	-1.130425	-6.204897	-3.506944	-0.824952
-3.705032	-6.198177	-0.919452	-2.060239	-7.831408	-1.753303	-5.331336	-1.140708	-1.125903	-6.173228	-3.110106	-0.821652
-3.690212	-6.173385	-0.915385	-2.051998	-7.800082	-1.746290	-5.306501	-1.124053	-1.121400	-6.145110	-2.906260	-0.818366
-3.675451	-6.148691	-0.911529	-2.043790	-8.268882	-1.739305	-5.283520	-1.113510	-0.616914	-6.618818	-2.798932	-0.815092
-3.660749	-6.124096	-0.907786	-2.035614	-8.485807	-1.732348	-5.261508	-1.106033	-0.364671	-6.841486	-2.739885	-0.811832
-3.646106	-6.099600	-0.904106	-2.027472	-8.576863	-1.725418	-5.240024	-1.100098	-0.238550	-6.938692	-2.705000	-0.808584
-3.631522	-6.075202	-0.900465	-2.019362	-8.105056	-1.718517	-5.218844	-1.594941	-0.675489	-6.473223	-2.682217	-0.805350
-3.616996	-6.050901	-0.896851	-2.011285	-7.853886	-1.711642	-5.197859	-1.838184	-0.891734	-6.228473	-2.665507	-0.802129
-3.602528	-6.026697	-0.893258	-2.003240	-7.713095	-1.704796	-5.177013	-1.955642	-0.997641	-6.094131	-3.151854	-0.798920
-3.588117	-6.002590	-0.889682	-1.995227	-7.627555	-1.697977	-5.156277	-2.010225	-1.048387	-6.015040	-3.387752	-0.795725
-3.573765	-5.978580	-0.886121	-1.487246	-7.569701	-1.691185	-5.635639	-1.533387	-1.071562	-5.963623	-3.498453	-0.792542
-3.559470	-5.954666	-0.882576	-1.231297	-7.525751	-1.684420	-5.863089	-1.292855	-1.080959	-5.926090	-3.546585	-0.789371
-3.545232	-5.930847	-0.879046	-1.601371	-7.988812	-1.677682	-5.464633	-1.670484	-1.083478	-5.895546	-3.063462	-0.786214
-3.531051	-5.907124	-0.875529	-1.782466	-8.203438	-1.670972	-5.255273	-1.855202	-1.082565	-5.868544	-2.816740	-0.783069
-3.516927	-5.883495	-0.872027	-1.869086	-8.293916	-1.664288	-5.140501	-1.943482	-1.079945	-5.843360	-2.688238	-0.779937
-3.502859	-5.859961	-0.868539	-1.408485	-8.322385	-1.657631	-5.073064	-1.483558	-0.576481	-5.819132	-3.118868	-0.776817
-3.488848	-5.836521	-0.865065	-1.176288	-8.319919	-1.651000	-5.029334	-1.251549	-0.324748	-5.795428	-3.327084	-0.773710
-3.474892	-5.813175	-0.861604	-1.558302	-7.802050	-1.644396	-4.997498	-1.133505	-0.698882	-5.772033	-3.424122	-0.770615
-3.460993	-5.789923	-0.858158	-1.745428	-7.528548	-1.637819	-4.971648	-1.072452	-0.883803	-5.748838	-3.465598	-0.767533
-3.447149	-5.766763	-0.854725	-1.835126	-7.377287	-1.631267	-4.948832	-1.039903	-0.974126	-5.725789	-3.479322	-0.764462
-3.433360	-5.743696	-0.851306	-1.876125	-7.287204	-1.624742	-4.927572	-1.021614	-1.017159	-5.702859	-3.479198	-0.761405
-3.419627	-5.720721	-0.847901	-1.892791	-7.227768	-1.618243	-4.907129	-1.510463	-0.536555	-5.680034	-3.472178	-0.758359
-3.405948	-5.697838	-0.844510	-1.897305	-7.183714	-1.611770	-4.887134	-1.750888	-0.296253	-5.657307	-3.461738	-0.755325
-3.392325	-5.675047	-0.841132	-1.895758	-7.147407	-1.605323	-4.867403	-1.867119	-0.176102	-5.634675	-3.449615	-0.752304
-3.378755	-5.652347	-0.837767	-1.891196	-7.115032	-1.598902	-4.847842	-1.421267	-0.116026	-5.612134	-2.936678	-0.749295
-3.365240	-5.629737	-0.834416	-1.885142	-7.084679	-1.592506	-4.828404	-1.196390	-0.085988	-5.589685	-2.675363	-0.746298
-3.351779	-5.607218	-0.831078	-1.878357	-7.055393	-1.586136	-4.809068	-1.082009	-0.070969	-5.567326	-2.539877	-0.743313
-3.338372	-5.584789	-0.827754	-1.871221	-7.026699	-1.579792	-4.789820	-1.022883	-0.063460	-5.545056	-2.467325	-0.740339
-3.325019	-5.562450	-0.824443	-1.863925	-6.998355	-1.573473	-4.770655	-0.991393	-0.059705	-5.022876	-2.926260	-0.737378
-3.311719	-5.540200	-0.821145	-1.856564	-6.970244	-1.567179	-4.751570	-0.973728	-0.057828	-4.752784	-3.148956	-0.734428
-3.298472	-5.518040	-0.817861	-1.349185	-6.942303	-1.060910	-4.732562	-0.962983	-0.056889	-5.108773	-2.753562	-0.731491
-3.285278	-5.495967	-0.814589	-1.093811	-6.914505	-0.806666	-4.713631	-0.955706	-0.056420	-5.275838	-2.551148	-0.728565
-3.272137	-5.473984	-0.811331	-0.964448	-6.886832	-0.678440	-4.694776	-0.950171	-0.056185	-5.348485	-2.445243	-0.725651
-3.259048	-5.452088	-0.808085	-0.898096	-6.859277	-1.113226	-4.675997	-1.445514	-0.056068	-5.373966	-2.387613	-0.722748
-3.246012	-5.430279	-0.804853	-0.863257	-6.831836	-1.327523	-4.657293	-1.689304	-0.056009	-5.375908	-2.354137	-0.719857
-3.233028	-5.408558	-0.801634	-1.344180	-6.804507	-1.431588	-4.638664	-1.807333	-0.055980	-5.366123	-2.832758	-0.716978
-3.220096	-5.386924	-0.798427	-1.580992	-6.777288	-1.480549	-4.620109	-1.862496	-0.055965	-5.350518	-3.065446	-0.714110
-3.207215	-5.365376	-0.795233	-1.695762	-6.750179	-1.501971	-4.601628	-1.386243	-0.055958	-4.832045	-2.675194	-0.711253
-3.194387	-5.343915	-0.792053	-1.749526	-6.723178	-1.509635	-4.583222	-1.146296	-0.055954	-4.564182	-2.475497	-0.708408
-3.181609	-5.322539	-0.788884	-1.772801	-6.696285	-1.510432	-4.564889	-1.024510	-0.055952	-4.921658	-2.371098	-0.705575
-3.168883	-5.301249	-0.785729	-1.780847	-6.669500	-1.507808	-4.546629	-0.961811	-0.055951	-5.089837	-2.314365	-0.702752
-3.156207	-5.280044	-0.782586	-1.781292	-6.642822	-1.503486	-4.528443	-0.928664	-0.055951	-5.163411	-2.281483	-0.699941
-3.143582	-5.258924	-0.779456	-1.777951	-6.616250	-1.498327	-4.510329	-0.910299	-0.055951	-5.189724	-2.260545	-0.697141
-3.131008	-5.237888	-0.776338	-1.772731	-6.589785	-1.492760	-4.492288	-0.899333	-0.055951	-5.192448	-2.245596	-0.694353
-3.118484	-5.216937	-0.773232	-1.766586	-6.563426	-1.487003	-4.474319	-0.892073	-0.055951	-4.683420	-2.233661	-0.691575
-3.106010	-5.196069	-0.770139	-1.759993	-6.537172	-1.481162	-4.456421	-0.886674	-0.055951	-4.420557	-2.223250	-0.688809
-3.093586	-5.175285	-0.767059	-1.753189	-6.511024	-1.475291	-4.438596	-0.882211	-0.055951	-4.780810	-2.213618	-0.686054
-3.081212	-5.154583	-0.763991	-1.746295	-6.484980	-1.469416	-4.420841	-0.878225	-0.055951	-4.950655	-2.204395	-0.683310
-3.068887	-5.133965	-0.760935	-1.239369	-6.459040	-1.463552	-4.403158	-1.374483	-0.555951	-5.025336	-2.695393	-0.680576
-3.056611	-5.113429	-0.757891	-0.984441	-6.433203	-1.457704	-4.385545	-1.618870	-0.803839	-5.052477	-2.934519	-0.677854
-3.044385	-5.092975	-0.754859	-0.855518	-6.407471	-1.451877	-4.368003	-1.737338	-0.925679	-5.055888	-3.047735	-0.675143
-3.032207	-5.072604	-0.751840	-1.289603	-6.381841	-1.446071	-4.350531	-1.292860	-0.484504	-5.047475	-3.098021	-0.672442
-3.020078	-5.052313	-0.748833	-1.503199	-6.356313	-1.440288	-4.333129	-1.068924	-0.263917	-5.033190	-3.116867	-0.669752
-3.007998	-5.032104	-0.745837	-1.606563	-6.330888	-1.434527	-4.315797	-0.955266	-0.153623	-5.516010	-2.620019	-0.667073
-2.995966	-5.011975	-0.742854	-1.654825	-6.305565	-1.428789	-4.298533	-0.896754	-0.098477	-5.745422	-2.367348	-0.664405
-2.983982	-4.991928	-0.739882	-1.675550	-6.280342	-1.423074	-4.281339	-0.865821	-0.070903	-5.348179	-2.236784	-0.661748
-2.972046	-4.971960	-0.736923	-1.682520	-6.255221	-1.417382	-4.264214	-0.848685	-0.057116	-5.139655	-2.167289	-0.659101
-2.960158	-4.952072	-1.233975	-1.182626	-6.230200	-1.411712	-4.247157	-0.838454	-0.050223	-5.025531	-2.128346	-0.656464
-2.948317	-4.932264	-1.479039	-0.931313	-6.205279	-1.406065	-4.230168	-0.831682	-0.046776	-4.958646	-2.104696	-0.653838
-2.936524	-4.912535	-1.598123	-0.804297	-6.180458	-1.400441	-4.213248	-0.826646	-0.045053	-4.915420	-2.088709	-0.651223
-2.924778	-4.892885	-1.154231	-1.239434	-6.155736	-1.394839	-4.196395	-0.822485	-0.044191	-4.884063	-2.076569	-0.648618
-2.913079	-4.873313	-0.930864	-1.453654	-6.131113	-1.389260	-4.179609	-0.818768	-0.043761	-4.858679	-2.066371	-0.646024
-2.901427	-4.853820	-1.317765	-1.057428	-6.106589	-1.383703	-4.162891	-0.815279	-0.043545	-4.836320	-2.057160	-0.643439
-2.889821	-4.834404	-1.507807	-0.857992	-6.082163	-1.378168	-4.146239	-0.811911	-0.043437	-4.815513	-2.048458	-0.640866
-2.878262	-4.815067	-1.099432	-0.756957	-6.057834	-1.372655	-4.129654	-0.808610	-0.043384	-4.795520	-2.540028	-0.638302
-2.866749	-4.795807	-0.893862	-0.705128	-6.033603	-1.367165	-4.113136	-0.805349	-0.043357	-4.775972	-2.779749	-0.635749
-2.855282	-4.776623	-0.789701	-0.677907	-6.009468	-1.361696	-4.096683	-0.802114	-0.043343	-4.756685	-2.393571	-0.633206
-2.843860	-4.757517	-0.736249	-0.662995	-5.985430	-1.356249	-4.080296	-0.798899	-0.043336	-4.737567	-2.196467	-0.630673
-2.832485	-4.738487	-0.708158	-0.654243	-5.961489	-1.350824	-4.063975	-0.795700	-0.043333	-4.718571	-2.093917	-0.628151
-2.821155	-4.719533	-1.192752	-1.148576	-5.937643	-1.345421	-4.047719	-0.792516	-0.043331	-4.699674	-2.038658	-0.625638
-2.809870	-4.700655	-1.431694	-1.392456	-5.913892	-1.340039	-4.031528	-0.789345	-0.043331	-4.680864	-2.007063	-0.623135
-2.798631	-4.681852	-1.047824	-1.011124	-5.890237	-0.834679	-4.015402	-0.786187	-0.043330	-4.662135	-1.987314	-0.620643
-2.787436	-4.663125	-0.854561	-0.819198	-5.866676	-0.581999	-3.999341	-0.783042	-0.043330	-4.643484	-1.973504	-0.618160
-2.776287	-4.644472	-0.756607	-0.721981	-5.843209	-0.955659	-3.983343	-1.279910	-0.543330	-4.624908	-1.962680	-0.615688
-2.765182	-4.625894	-0.706313	-0.672123	-5.819836	-1.139830	-3.967410	-1.524790	-0.791243	-4.606408	-1.953364	-0.613225
-2.754121	-4.607391	-0.679853	-1.145949	-5.796557	-1.229268	-3.951540	-1.143691	-0.413121	-4.587982	-1.944818	-0.610772
-2.743104	-4.588961	-0.665317	-1.379623	-5.773370	-1.271349	-3.935734	-0.951616	-0.224061	-4.569630	-1.936673	-0.608329
-2.732132	-4.570605	-0.656747	-1.493233	-5.750277	-1.289763	-3.919991	-0.854060	-0.129530	-4.551351	-1.928743	-0.605896
-2.721203	-4.552323	-0.651166	-1.546824	-5.727276	-1.296354	-3.904311	-0.803769	-0.582265	-4.533146	-1.920936	-0.103472
-2.710319	-4.534114	-0.647084	-1.570419	-5.704367	-1.297043	-3.888694	-0.777116	-0.806562	-4.515013	-1.913207	 0.147740
-2.699477	-4.515977	-0.643757	-1.579029	-5.681549	-1.294793	-3.873139	-0.762289	-0.416649	-4.496953	-2.405531	-0.226654
-2.688679	-4.497913	-0.640813	-1.580158	-5.658823	-1.291082	-3.857647	-0.753380	-0.221693	-4.478965	-2.645898	-0.412649
-2.677925	-4.479922	-0.638065	-1.577560	-5.636188	-1.286652	-3.842216	-0.747437	-0.124215	-4.461049	-2.260308	-0.504449
-2.667213	-4.462002	-0.635421	-1.573111	-5.613643	-1.281873	-3.826847	-0.742982	-0.075475	-4.443205	-2.063764	-0.549157
-2.656544	-4.444154	-0.632833	-1.067750	-5.591188	-1.276929	-3.811540	-0.739278	-0.051106	-4.425432	-1.961758	-0.570323
-2.645918	-4.426377	-0.630278	-0.813944	-5.568824	-1.271913	-3.796294	-0.735955	-0.038921	-4.407731	-1.907035	-0.579723
-2.635334	-4.408672	-0.627746	-0.685921	-5.546548	-1.266871	-3.781108	-0.732828	-0.032829	-4.390100	-1.875969	-0.583245
-2.624793	-4.391037	-1.125229	-0.620793	-5.524362	-1.261827	-3.765984	-0.729805	-0.029783	-4.372539	-1.856746	-0.583832
-2.614294	-4.373473	-1.370725	-0.587118	-5.502265	-1.256791	-3.750920	-0.726840	-0.028259	-4.355049	-1.843460	-0.582957
-2.603837	-4.355979	-0.990241	-0.569174	-5.480256	-1.251769	-3.735916	-0.723910	-0.527498	-3.837629	-2.333156	-0.581355
-2.593421	-4.338555	-0.798779	-0.559099	-5.458335	-1.246765	-3.720973	-0.721003	-0.775064	-3.572278	-2.572359	-0.579395
-2.583048	-4.321201	-0.701834	-1.052964	-5.436501	-1.241779	-3.706089	-0.718113	-0.396801	-3.932989	-2.186337	-0.577260
-2.572715	-4.303916	-0.652151	-1.296803	-5.414755	-1.236813	-3.691264	-0.715238	-0.207670	-4.104757	-1.989725	-0.575042
-2.562424	-4.286700	-0.626105	-1.415641	-5.393096	-1.231866	-3.676499	-0.712375	-0.113104	-4.182088	-1.887833	-0.572788
-2.552175	-4.269554	-0.611882	-1.471991	-5.371524	-1.226939	-3.661793	-0.709525	-0.065822	-4.212235	-1.833315	-0.570519
-2.541966	-4.252475	-0.603575	-1.497109	-5.350038	-1.222031	-3.647146	-0.706687	-0.042180	-3.718823	-1.802499	-0.068249
-2.531798	-4.235466	-0.598231	-1.506624	-5.328638	-1.217143	-3.632558	-0.703860	-0.030360	-3.465667	-1.783547	 0.182887
-2.521671	-4.218524	-0.594373	-1.508349	-5.307323	-1.212275	-3.618027	-0.701044	-0.024449	-3.332664	-1.770542	 0.308454
-2.511584	-4.201650	-0.591263	-1.006191	-5.286094	-1.207425	-3.603555	-0.698240	-0.021494	-3.259763	-1.760525	 0.371238
-2.501538	-4.184843	-0.588532	-0.754104	-5.264949	-1.202596	-3.589141	-0.695447	-0.020016	-3.216938	-1.752015	 0.402630
-2.491532	-4.168104	-0.585995	-0.627057	-5.243890	-1.197785	-3.574784	-0.692665	-0.019278	-3.189178	-1.744273	-0.081674
-2.481566	-4.151431	-0.583559	-0.562533	-5.222914	-1.192994	-3.560485	-0.689894	-0.018908	-3.168975	-1.736929	-0.322694
-2.471639	-4.134825	-0.581179	-0.530271	-5.202022	-1.188222	-3.546243	-0.687135	-0.018724	-3.152576	-1.729798	-0.442077
-2.461753	-4.118286	-0.578831	-0.514140	-5.181214	-1.183469	-3.532058	-0.684386	-0.018631	-3.138104	-1.722787	-0.500645
-2.451906	-4.101813	-0.576505	-1.006075	-5.160490	-1.178736	-3.517930	-0.681649	-0.018585	-3.124621	-2.215850	-0.528811
-2.442098	-4.085406	-0.574193	-1.249046	-5.139848	-1.174021	-3.503858	-0.678922	-0.018562	-3.111657	-2.456963	-0.541780
-2.432330	-4.069064	-0.571893	-1.367548	-5.119288	-1.169324	-3.489843	-0.676206	-0.018550	-3.098978	-2.572124	-0.547155
-2.422601	-4.552788	-0.569604	-1.423827	-5.098811	-1.164647	-3.475884	-0.673502	-0.018545	-3.086466	-2.124330	-0.548737
-2.412910	-4.784577	-0.567325	-1.449006	-5.078416	-1.159989	-3.461980	-0.670808	-0.018542	-3.074062	-1.897080	-0.548428
-2.403259	-4.390438	-0.565055	-1.458647	-5.058102	-1.155349	-3.448132	-0.668124	-0.018540	-3.561736	-1.780115	-0.547177
-2.393645	-4.185377	-0.562795	-1.460531	-5.037870	-1.150727	-3.434340	-0.665452	-0.018540	-3.797475	-1.718306	-0.545459
-2.384071	-4.074885	-0.560544	-0.958548	-5.017718	-1.146124	-3.420602	-0.662790	-0.018539	-3.907278	-1.684089	-0.043513
-2.374535	-4.011711	-0.558302	-0.707557	-4.997647	-1.141540	-3.406920	-0.660139	-0.018539	-3.954145	-1.663680	 0.207460
-2.365036	-3.972226	-0.556068	-1.082061	-4.977657	-1.136974	-3.893292	-0.657498	-0.018539	-3.969576	-1.650190	-0.167054
-2.355576	-3.944619	-0.553844	-1.266400	-4.957746	-1.132426	-4.127719	-0.654868	-0.018539	-3.969322	-1.640171	-0.353227
-2.346154	-3.922981	-0.551629	-1.355668	-4.937915	-1.127896	-4.236208	-0.652249	-0.018539	-3.961257	-1.631901	-0.445235
-2.336769	-3.904359	-0.549422	-0.897412	-4.918163	-1.123385	-3.781763	-0.649640	-0.018539	-3.949318	-2.124519	-0.490165
-2.327422	-3.887277	-0.547224	-0.668284	-4.898491	-1.118891	-3.547886	-0.647041	-0.018539	-3.935474	-2.365594	-0.511559
-2.318113	-3.870995	-0.545036	-0.553720	-4.878897	-1.114415	-3.424320	-0.644453	-0.018539	-3.420708	-1.980918	-0.021191
-2.308840	-3.855145	-0.542855	-0.496438	-4.859381	-1.109958	-3.355935	-0.641875	-0.018539	-3.157514	-1.785387	 0.223994
-2.299605	-3.839541	-0.540684	-0.467797	-4.839944	-1.105518	-3.315167	-0.639308	-0.018539	-3.520128	-1.684442	-0.153414
-2.290406	-3.824092	-0.538521	-0.453477	-4.820584	-1.101096	-3.288235	-0.636751	-0.018539	-3.693669	-1.630803	-0.341056
-2.281245	-3.808750	-0.536367	-0.446317	-4.801302	-1.096691	-3.268246	-0.634204	-0.018539	-3.272706	-1.600829	-0.433820
-2.272120	-3.793492	-0.534222	-0.442736	-4.782096	-1.092305	-3.251755	-0.631667	-0.018539	-3.056520	-1.582700	-0.479149
-2.263031	-3.778306	-0.532085	-0.440946	-4.762968	-1.087935	-3.237039	-0.629140	-0.018539	-2.942747	-1.570507	-0.500764
-2.253979	-3.763187	-0.529956	-0.440051	-4.743916	-1.083584	-3.223236	-0.626624	-0.018539	-2.880202	-1.561293	-0.010527
-2.244963	-3.748132	-0.527837	-0.439604	-4.724941	-1.079249	-3.209916	-0.624117	-0.018539	-2.843295	-1.553582	 0.234591
-2.235983	-3.733138	-0.525725	-0.439380	-4.706041	-1.074932	-3.196863	-0.621621	-0.018539	-2.819228	-1.546635	-0.142849
-2.227040	-3.718205	-0.523622	-0.439268	-4.687217	-1.070633	-3.183969	-0.619134	-0.018539	-2.801605	-1.540082	-0.330529
-2.218131	-3.703331	-0.521528	-0.939212	-4.668468	-1.066350	-3.171179	-0.616658	-0.018539	-2.787225	-1.533739	-0.423333
-2.209259	-3.688518	-0.519442	-1.186306	-4.649794	-1.062085	-3.158468	-0.614191	-0.018539	-2.774489	-1.527512	-0.468702
-2.200422	-3.673764	-0.517364	-0.806986	-4.631195	-1.057836	-3.145821	-1.111734	-0.018539	-2.762598	-1.521356	-0.490359
-2.191620	-3.659069	-0.515295	-0.617326	-4.612670	-1.053605	-3.133231	-1.357287	-0.018539	-2.751151	-1.515248	-0.500163
-2.182854	-3.644432	-0.513233	-0.522496	-4.594219	-1.049391	-3.120695	-1.476858	-0.018539	-2.739948	-1.509175	-0.504045
-2.174122	-3.629855	-0.511180	-0.975081	-4.575842	-1.045193	-3.108210	-1.033451	-0.018539	-2.728889	-1.503133	-0.504970
-2.165426	-3.615335	-0.509136	-1.198518	-4.557539	-1.041012	-3.095776	-0.810567	-0.018539	-2.717924	-1.497118	-0.504421
-2.156764	-3.600874	-0.507099	-0.807393	-4.539309	-1.036848	-3.083393	-0.697950	-0.018539	-3.207027	-1.491128	-0.503139
-2.148137	-3.586470	-0.505071	-0.611830	-4.521152	-1.032701	-3.071059	-0.640470	-0.018539	-3.444187	-1.485163	-0.501494
-2.139544	-3.572124	-0.503051	-0.514049	-4.503067	-1.028570	-3.058775	-0.610565	-0.018539	-3.055404	-1.479222	-0.000672
-2.130986	-3.557836	-0.501038	-0.465158	-4.485055	-1.024456	-3.046540	-0.594451	-0.018539	-2.855679	-1.473304	 0.248739
-2.122462	-3.543605	-1.000032	-0.440713	-4.467114	-1.020358	-3.034353	-0.585237	-0.018539	-2.750505	-1.467411	 0.373445
-2.113972	-3.529430	-1.246531	-0.428490	-4.449246	-1.016277	-3.022216	-0.579478	-0.018539	-2.692627	-1.461541	 0.435797
-2.105517	-3.515312	-1.366795	-0.422379	-4.431449	-1.012211	-3.010127	-0.575451	-0.018539	-2.658419	-1.455695	 0.466974
-2.097094	-3.501251	-0.923952	-0.419323	-4.413723	-1.008163	-2.998087	-0.572295	-0.018539	-2.636066	-1.449872	-0.017438
-2.088706	-3.487246	-0.702531	-0.417795	-4.396068	-1.004130	-2.986094	-0.569578	-0.018539	-2.619662	-1.444073	-0.258640
-2.080351	-3.473297	-0.591820	-0.917031	-4.378484	-1.000113	-2.974150	-0.567086	-0.018539	-3.106254	-1.438297	-0.379241
-2.072030	-3.459404	-0.536465	-1.163817	-4.360970	-0.996113	-2.962253	-0.564711	-0.018539	-3.342364	-1.432543	-0.439542
-2.063742	-3.445566	-0.508787	-1.284389	-4.343526	-0.992128	-2.950404	-0.562399	-0.018539	-2.953262	-1.426813	-0.469692
-2.055487	-3.431784	-0.494948	-1.341864	-4.326152	-0.988160	-2.938603	-0.560123	-0.018539	-2.753583	-1.421106	-0.484767
-2.047265	-3.418057	-0.488029	-0.867804	-4.308848	-0.484207	-2.926848	-0.557869	-0.018539	-3.148636	-1.415422	-0.492305
-2.039076	-3.404385	-0.484569	-0.630773	-4.291612	-0.232231	-2.915141	-0.555631	-0.018539	-3.339074	-1.409760	-0.496074
-2.030919	-3.390767	-0.482840	-0.512258	-4.274446	-0.106243	-2.903480	-0.553405	-0.018539	-3.427235	-1.404121	-0.497958
-2.022796	-3.377204	-0.481975	-0.953000	-4.257348	-0.543249	-2.891866	-0.551190	-0.018539	-3.464284	-1.898504	 0.001100
-2.014705	-3.363695	-0.481542	-1.170584	-4.240319	-0.759791	-2.880299	-0.548984	-0.018539	-3.475806	-2.140910	 0.249628
-2.006646	-3.350241	-0.981326	-1.276600	-4.223357	-0.866110	-2.868778	-0.546788	-0.018539	-3.474593	-1.757347	-0.126107
-1.998619	-3.336840	-1.228256	-1.326842	-4.206464	-0.917324	-2.857303	-0.544600	-0.018539	-3.467039	-1.562817	-0.312971
-1.990625	-3.323492	-0.848770	-0.849209	-4.189638	-0.940994	-2.845873	-0.542422	-0.018539	-2.956343	-1.462816	-0.406404
-1.982662	-3.310198	-0.659027	-0.610393	-4.172879	-0.950900	-2.834490	-0.540252	-0.018539	-2.696104	-1.410090	-0.453120
-1.974732	-3.296957	-0.564156	-0.990985	-4.156188	-0.953931	-2.823152	-0.538091	-0.018539	-3.061113	-1.381012	 0.023522
-1.966833	-3.283770	-0.516720	-1.178537	-4.139563	-0.953533	-2.811859	-0.535939	-0.018539	-3.236765	-1.363769	 0.260843
-1.958965	-3.270635	-0.493002	-1.269582	-4.123005	-0.951428	-2.800612	-0.533795	-0.018539	-3.317766	-1.352455	 0.379503
-1.951129	-3.257552	-0.481143	-0.812382	-4.106513	-0.948476	-2.789409	-0.531660	-0.018539	-2.851469	-1.344115	 0.438834
-1.943325	-3.244522	-0.475214	-0.583783	-4.090087	-0.945110	-2.778252	-0.529533	-0.018539	-2.613550	-1.337274	 0.468499
-1.935552	-3.231544	-0.472249	-0.469483	-4.073726	-0.941543	-2.767139	-1.027415	-0.018539	-2.489840	-1.331192	 0.483331
-1.927809	-3.218618	-0.470767	-0.412333	-4.057432	-0.937883	-2.756070	-1.273305	-0.018539	-2.423252	-1.325501	 0.490747
-1.920098	-3.205743	-0.470026	-0.883758	-4.041202	-0.934185	-2.745046	-0.893212	-0.018539	-2.385245	-1.320016	-0.005544
-1.912418	-3.192920	-0.469655	-1.116760	-4.025037	-0.930475	-2.734066	-0.702139	-0.018539	-2.361547	-1.314645	-0.252687
-1.904768	-3.180148	-0.469470	-1.230562	-4.008937	-0.926767	-2.723130	-0.605581	-0.018539	-2.345022	-1.309340	-0.376258
-1.897149	-3.167428	-0.469377	-1.284774	-3.992901	-0.923066	-2.712237	-0.556283	-0.018539	-2.332103	-1.304080	-0.438043
-1.889560	-3.154758	-0.469331	-1.309202	-3.976930	-0.919377	-2.701388	-0.530621	-0.018539	-2.321005	-1.298852	-0.468936
-1.882002	-3.142139	-0.469308	-1.318749	-3.961022	-0.915701	-2.690583	-0.516779	-0.018539	-2.810836	-1.293651	-0.484383
-1.874474	-3.129571	-0.469296	-1.320866	-3.945178	-0.912039	-2.679820	-0.508853	-0.018539	-3.049150	-1.288474	-0.492106
-1.866976	-3.117052	-0.469290	-0.819278	-3.929397	-0.908392	-2.669101	-0.503888	-0.018539	-3.161733	-1.283318	-0.495967
-1.859508	-3.104584	-0.469287	-0.568484	-3.913679	-0.904758	-2.658425	-0.501405	-0.018539	-3.211475	-1.278184	-0.497898
-1.852070	-3.092166	-0.469286	-0.943087	-3.898025	-0.901139	-2.647791	-0.500164	-0.018539	-2.729824	-1.273071	-0.498864
-1.844662	-3.079797	-0.469285	-1.127754	-3.882433	-0.897535	-2.637200	-0.499543	-0.018539	-2.484502	-1.267979	-0.499346
-1.837283	-3.067478	-0.469285	-0.717462	-3.866903	-0.893945	-2.626651	-0.499233	-0.018539	-2.357362	-1.262907	 0.000412
-1.829934	-3.055208	-0.469285	-0.512316	-3.851435	-0.890369	-2.616144	-0.499078	-0.018539	-2.289332	-1.257855	 0.249291
-1.822615	-3.042987	-0.469285	-0.409743	-3.836030	-0.886808	-2.605680	-0.499000	-0.018539	-2.250875	-1.252824	 0.373731
-1.815324	-3.030815	-0.469285	-0.358456	-3.820685	-0.883260	-2.595257	-0.498961	-0.018539	-2.727221	-1.247812	-0.064049
-1.808063	-3.018692	-0.469285	-0.332813	-3.805403	-0.879727	-2.584876	-0.498942	-0.018539	-2.958987	-1.242821	-0.281936
-1.800831	-3.006617	-0.469284	-0.319992	-3.790181	-0.876208	-2.574536	-0.498932	-0.018539	-2.568489	-1.237850	-0.390879
-1.793627	-2.994591	-0.469284	-0.313581	-3.775020	-0.872704	-2.564238	-0.498928	-0.018539	-2.368883	-1.232898	-0.445351
-1.786453	-2.982612	-0.469284	-0.310375	-3.759920	-0.869213	-2.553981	-0.498925	-0.018539	-2.264742	-1.227967	 0.027413
-1.779307	-2.970682	-0.469284	-0.308773	-3.744881	-0.865736	-2.543765	-0.498924	-0.018539	-2.208350	-1.223055	 0.262795
-1.772190	-2.958799	-0.469284	-0.307971	-3.729901	-0.862273	-2.533590	-0.498923	-0.018539	-2.175851	-1.218163	 0.380486
-1.765101	-2.946964	-0.469284	-0.307571	-3.714981	-0.858824	-2.523456	-0.498923	-0.018539	-2.155314	-1.213290	 0.439332
-1.758041	-2.935176	-0.469284	-0.307370	-3.700122	-0.855389	-2.513362	-0.498923	-0.018539	-2.140776	-1.208437	 0.468754
-1.751008	-2.923435	-0.469284	-0.307270	-3.685321	-0.851967	-2.503309	-0.498923	-0.018539	-2.129255	-1.203603	-0.016534
-1.744004	-2.911742	-0.469284	-0.307220	-3.670580	-0.848559	-2.493295	-0.498923	-0.018539	-2.119259	-1.198789	-0.258175
-1.737028	-2.900095	-0.469284	-0.307195	-3.655897	-0.845165	-2.483322	-0.498923	-0.018539	-2.110042	-1.193994	 0.121005
