-2.061277	-1.795273	-0.572641	-0.550494	-4.214681	-0.255649	-2.530223	-0.718867	-0.196456	-2.065178	-1.506277	 0.138048
-2.053032	-1.757082	-0.570350	-0.548292	-4.205406	-0.225881	-2.520113	-0.717891	-0.290900	-2.033468	-1.500252	 0.138049
-2.044820	-1.734549	-0.568069	-0.546099	-4.192376	-0.210998	-2.510038	-0.215969	-0.338121	-2.013610	-1.494251	 0.138050
-2.036640	-1.719858	-0.565797	-0.543914	-4.177503	-0.203556	-2.500001	 0.034991	-0.361732	-1.999693	-1.488274	 0.138050
-2.028494	-1.709103	-0.563533	-0.541739	-3.661741	-0.199835	-2.490003	 0.160472	-0.373538	-2.488763	-1.482321	 0.138050
-2.020380	-1.700328	-0.561279	-0.539572	-3.397568	-0.197974	-2.480043	 0.223212	-0.379440	-2.727343	-1.476392	 0.138050
-2.012298	-2.192558	-0.559034	-0.537413	-3.259214	-0.197044	-2.470123	-0.245418	-0.382392	-2.340701	-1.470486	-0.361950
-2.004249	-2.433303	-0.556798	-0.535264	-3.183796	-0.196579	-2.460243	-0.478305	-0.383867	-2.143472	-1.464604	-0.610226
-1.996232	-2.548328	-0.554571	-0.533123	-3.639870	-0.196346	-2.450402	-0.093326	-0.384605	-2.040964	-1.458746	-0.232647
-1.988247	-2.600513	-0.552353	-0.530990	-3.859715	-0.196230	-2.440601	 0.099164	-0.384974	-1.985834	-1.452911	-0.043858
-1.980294	-2.621300	-0.550143	-0.528866	-3.961479	-0.196172	-2.430838	 0.195409	-0.385159	-1.954407	-1.447099	 0.050537
-1.972373	-2.126410	-0.547943	-0.526751	-4.004234	-0.196143	-2.421115	 0.243531	-0.385251	-1.934848	-1.441311	 0.097734
-1.964484	-1.875702	-0.545751	-0.524644	-4.017518	-0.196128	-2.411430	 0.267592	-0.385297	-1.921238	-1.435546	 0.121333
-1.956626	-1.747098	-0.543568	-0.522545	-3.516098	-0.196121	-2.401785	 0.279623	-0.385320	-1.910617	-1.429803	 0.133132
-1.948799	-1.679559	-0.541394	-0.520455	-3.259359	-0.196117	-2.392178	 0.285638	-0.385332	-1.901507	-1.424084	 0.139032
-1.941004	-1.642565	-0.539228	-0.518373	-3.124984	-0.196115	-1.882609	 0.288646	-0.385337	-1.893167	-1.418388	-0.358018
-1.933240	-1.620857	-0.537071	-0.516300	-3.051815	-0.196114	-1.625078	 0.290149	-0.385340	-1.885228	-1.412714	-0.604833
-1.925507	-1.606805	-0.534923	-0.514234	-3.509273	-0.196114	-1.993578	-0.209099	-0.385342	-1.877503	-1.407063	-0.226537
-1.917805	-1.596593	-0.532783	-0.512178	-3.730069	-0.196114	-2.173104	-0.457306	-0.385342	-1.869902	-1.401435	-0.037389
-1.910134	-1.588315	-0.530652	-0.510129	-3.832565	-0.196114	-2.258161	-0.579999	-0.385343	-1.862376	-1.395829	 0.057185
-1.902493	-1.581015	-0.528529	-0.508088	-3.375943	-0.696114	-2.296004	-1.139940	-0.385343	-1.854904	-1.390246	 0.104472
-1.894883	-1.574218	-0.526415	-0.506056	-3.141794	-0.943721	-2.310257	-1.416510	-0.385343	-1.847473	-1.384685	 0.128115
-1.887304	-1.567685	-0.524310	-0.504032	-3.018903	-1.065143	-2.312735	-0.551409	-0.385343	-1.840077	-1.379146	 0.139937
-1.879754	-1.561296	-0.522212	-0.502016	-2.951666	-1.123480	-2.309343	-0.118859	-0.385343	-1.832714	-1.373630	 0.145848
-1.872235	-2.054991	-0.520123	-0.501008	-2.912279	-0.650285	-2.303036	 0.097416	-0.385343	-1.825382	-1.368135	 0.148803
-1.864746	-2.296742	-0.518043	-0.500503	-2.886839	-0.413688	-2.295288	 0.205554	-0.385343	-1.818079	-1.362663	 0.150281
-1.857287	-1.912540	-0.515971	-0.500251	-2.868397	-0.295389	-2.286840	-0.240377	-0.385343	-2.310807	-1.357212	 0.151020
-1.849858	-1.717383	-0.513907	-0.500125	-2.853476	-0.236240	-2.278059	-0.461970	-0.385343	-2.551563	-1.351783	 0.151389
-1.842459	-1.616759	-0.511851	-0.500062	-2.840338	-0.206665	-2.269129	-0.571400	-0.385343	-2.666357	-1.346376	 0.151574
-1.835089	-1.563415	-0.509804	-0.500031	-2.828115	-0.191878	-2.260144	-0.124753	-0.385343	-2.218191	-1.340991	 0.151666
-1.827749	-1.533723	-0.507765	-0.500015	-2.816371	-0.184484	-2.251150	 0.098571	-0.385343	-1.990569	-1.335627	 0.151713
-1.820438	-2.015869	-0.505734	-0.500007	-2.804890	-0.180787	-2.242168	-0.289768	-0.385343	-1.873231	-1.330284	 0.151736
-1.813156	-2.251946	-0.503711	-0.500003	-2.793563	-0.178939	-2.233211	-0.482581	-0.385343	-1.811051	-1.324963	 0.151747
-1.805903	-1.865009	-0.501696	-0.500001	-3.282335	-0.178014	-2.224284	-0.077636	-0.385343	-1.776463	-1.319663	 0.151753
-1.798680	-1.668584	-0.500688	-0.500000	-3.519179	-0.177552	-2.215389	 0.124836	-0.385343	-1.755685	-1.314385	 0.151756
-1.791485	-1.567427	-0.500185	-0.500000	-3.130089	-0.177321	-2.206529	-0.273928	-0.385343	-1.741827	-1.309127	 0.151757
-1.784319	-1.513916	-0.499933	-0.500000	-2.930061	-0.177206	-2.197704	-0.471965	-0.385343	-1.731441	-1.303890	 0.151758
-1.777182	-1.484240	-0.499807	-0.500000	-2.824588	-0.177148	-2.188913	-0.569643	-0.385343	-1.722807	-1.298675	 0.151758
-1.770073	-1.466492	-0.499744	-0.500000	-2.766413	-0.177119	-2.180158	-0.117147	-0.385343	-1.715061	-1.293480	 0.151759
-1.762993	-1.454721	-0.499712	-0.499999	-2.731909	-0.177105	-2.171437	 0.109100	-0.385343	-1.707773	-1.288306	 0.151759
-1.755941	-1.445950	-0.499697	-0.499999	-2.709262	-0.177097	-1.662752	-0.277776	 0.114657	-1.700729	-1.283153	 0.151759
-1.748917	-1.438690	-0.499689	-0.499999	-2.692565	-0.177094	-1.406101	-0.469884	 0.363428	-1.693819	-1.278020	 0.151759
-1.741921	-1.432197	-0.499685	-0.499999	-2.678865	-0.177092	-1.275476	-0.064615	 0.486589	-1.686990	-1.272908	 0.151759
-1.734954	-1.426099	-0.499683	-0.499999	-2.666685	-0.177091	-1.207874	 0.138020	 0.546949	-1.680216	-1.267817	 0.151759
-1.728014	-1.420210	-0.499682	 0.000001	-2.155286	-0.177091	-1.171793	 0.239337	 0.575915	-1.173481	-0.762745	 0.151759
-1.721102	-1.414437	-0.499682	 0.249001	-1.896298	-0.177090	-1.151481	 0.289996	 0.589189	-0.918781	-0.510210	 0.151759
-1.714217	-1.408733	-0.499681	 0.373501	-1.763530	-0.177090	-1.139062	 0.315325	 0.594620	-0.790102	-0.383942	 0.151759
-1.707361	-0.903075	-0.499681	 0.435751	-1.193884	-0.177090	-0.630600	 0.327990	 0.596136	-0.724440	-0.320808	 0.651759
-1.700531	-0.650246	-0.499681	 0.466876	-0.907813	-0.177090	-0.376369	 0.334322	 0.595698	-0.690292	-0.289241	 0.899455
-1.193729	 0.476169	 0.500319	 0.982438	 1.736466	 0.822910	 3.250747	 1.337489	 1.594289	 4.828095	 1.226542	 1.021009
-0.938954	 1.036171	 0.997318	 1.237223	 3.049844	 1.319264	 5.050549	 1.834390	 2.088399	 7.566595	 1.978949	 1.079501
 0.689802	 5.812979	 1.742829	 1.861632	 5.697807	 1.563810	 6.936750	 2.078179	 1.830289	 11.915235	 2.349690	 1.106471
 1.499543	 8.180204	 2.110608	 2.168864	 7.005096	 1.682466	 7.862204	 2.195429	 1.698089	 14.057027	 2.529620	 1.117689
 3.899794	 14.342722	 1.789541	 1.817528	 11.142117	 1.738192	 8.807356	 1.749429	 0.628858	 18.595526	 3.114165	-0.378960
 5.087320	 17.382970	 1.626070	 1.638928	 13.180068	 1.762467	 9.260427	 1.523822	 0.094242	 20.818507	 3.399041	-1.123533
 5.668533	 18.862248	 1.541410	 1.546707	 14.168608	 1.771031	 9.467535	 1.408422	-0.173066	 21.883915	 3.534111	-1.492083
 7.446641	 23.561203	 1.496166	 1.497687	 16.632564	 1.771754	 11.051740	 1.348136	-1.306720	 31.870720	 8.594307	 0.327363
 8.317245	 25.854161	 1.470642	 1.470280	 17.826349	 1.768570	 11.818570	 1.315417	-1.868666	 36.848025	 11.097097	 1.232792
 11.234171	 37.444346	 2.954990	 3.953691	 26.885201	 3.763448	 17.176815	 3.296492	 0.355222	 40.820644	 14.321291	 3.181230
 12.664332	 43.215478	 3.688285	 5.182522	 31.342739	 4.749370	 19.810867	 4.276475	 1.462008	 42.782994	 15.898298	 4.145190
 16.851223	 47.577181	 4.546090	 6.284115	 34.499907	 5.230860	 21.583003	 4.755953	 2.010263	 44.740305	 13.151851	 3.616952
 18.902593	 49.733665	 4.964184	 6.820140	 36.003177	 5.460181	 22.422361	 4.985221	 2.279274	 45.694593	 11.757816	 3.346655
 17.386370	 50.287636	 5.162467	 7.073440	 37.679799	 6.063462	 23.295517	 5.089427	 2.408683	 46.647466	 15.040071	 4.205354
 16.596518	 50.538648	 5.250887	 7.185437	 38.439398	 6.351769	 23.683757	 5.131142	 2.468311	 47.097929	 16.644554	 4.624576
 16.169979	 50.638284	 5.284418	 7.226840	 38.740799	 6.482643	 23.829733	 5.141654	 2.493069	 47.297291	 17.410298	 4.824099
 18.925222	 52.662336	 5.790548	 7.233006	 38.813415	 6.034852	 23.354770	 4.636605	 2.000412	 43.371206	 14.756817	 4.413813
 20.259483	 53.644588	 6.031019	 7.221610	 38.771951	 5.799783	 23.071529	 4.375818	 1.751069	 41.329273	 13.405870	 4.200663
 20.383426	 54.106058	 5.638712	 7.201492	 38.673758	 5.171119	 22.884331	 4.237194	-0.376607	 42.729732	 15.206287	 4.586113
 20.404383	 54.312328	 5.432066	 7.177070	 38.547510	 4.847702	 22.745339	 4.159686	-1.435436	 43.405497	 16.072482	 4.768895
 20.874010	 53.891097	 5.818292	 7.150553	 37.907544	 5.676945	 22.630629	 4.612767	 0.540138	 44.719013	 16.471702	 4.350383
 21.066137	 53.654612	 5.998996	 7.123047	 37.513026	 6.078554	 22.528243	 4.829176	 1.522894	 45.349901	 16.637570	 4.133263
 21.119684	 53.510604	 6.076988	 7.095103	 37.241529	 6.266398	 22.932198	 4.927289	 2.009260	 45.639580	 15.686898	 3.516870
 21.104110	 53.413337	 6.103675	 7.066997	 37.031841	 6.347412	 23.087503	 4.966295	 2.247452	 45.759156	 15.182089	 3.202873
 21.054147	 53.339542	 6.104757	 7.038866	 36.853353	 6.375062	 23.118670	 4.975787	 2.361577	 45.793783	 14.900330	 3.040097
 20.987157	 53.277583	 6.093087	 7.010779	 36.690759	 5.876081	 23.087954	 4.970563	 2.413688	 45.786035	 15.730213	 3.452954
 20.911821	 53.221243	 6.075089	 6.982770	 36.536406	 5.615837	 23.026482	 4.958020	 2.434812	 45.756801	 16.112035	 3.651651
 20.832481	 53.167814	 6.053975	 6.954856	 36.386465	 5.975004	 22.949815	 5.441857	 2.440462	 45.716924	 16.269958	 4.243299
 20.751304	 53.115341	 6.031353	 6.927045	 36.239021	 6.141919	 22.865736	 5.671925	 2.438395	 45.671227	 16.316063	 4.529453
 20.669375	 53.063449	 6.008024	 6.899341	 36.093117	 6.212758	 22.778133	 5.275154	 2.432488	 45.622724	 16.306392	 4.662899
 20.587236	 53.012151	 5.984391	 6.871746	 35.948270	 6.235611	 22.688950	 5.067013	 2.424682	 45.573119	 16.268963	 4.720029
 20.505156	 52.961250	 5.960652	 6.844260	 35.804239	 6.234521	 22.599159	 4.953224	 2.415945	 45.523066	 16.217785	 4.739040
 20.423270	 52.910650	 5.936909	 6.816883	 35.660904	 6.221508	 22.509245	 4.886651	 2.406762	 45.472889	 16.159863	 4.739029
 20.341645	 52.860300	 5.913211	 6.789616	 35.518201	 6.202585	 22.419450	 4.843724	 2.397376	 45.422751	 16.098698	 4.729546
 20.260312	 52.810176	 5.889583	 6.762458	 35.376099	 6.180756	 22.329892	 5.312659	 2.387906	 45.372733	 16.036041	 4.715364
 20.179287	 52.760064	 5.866038	 6.735408	 35.234579	 6.157524	 22.240633	 5.535563	 2.378415	 45.322674	 15.972765	 4.698871
 20.098578	 52.710058	 5.842580	 6.208466	 35.093634	 6.133639	 22.151701	 5.135498	 2.368931	 45.272695	 15.909308	 4.681259
 20.018188	 52.660606	 5.819212	 5.933633	 34.953255	 6.109478	 22.063109	 4.925995	 2.359471	 45.223256	 15.845888	 4.663126
 19.438118	 52.611528	 5.795937	 6.284898	 34.813440	 6.085226	 21.474864	 4.811811	 2.350040	 45.174185	 15.782613	 4.644770
 19.110366	 52.562935	 5.772754	 6.447259	 34.674186	 6.060978	 21.138968	 4.745323	 2.340644	 45.125594	 15.719537	 4.626339
 18.908925	 52.014680	 5.749664	 6.515220	 34.035489	 6.036781	 20.929414	 4.702722	 2.331283	 45.077341	 15.656686	 4.607907
 18.770790	 51.716890	 5.726665	 6.536034	 33.649346	 6.012657	 20.783198	 4.672101	 2.321959	 45.029552	 15.594073	 4.589513
 18.664457	 51.544428	 5.703759	 6.533327	 33.389749	 5.988618	 20.668815	 4.647507	 2.312672	 44.982090	 15.531704	 4.571173
 19.074174	 51.434723	 5.680944	 6.518912	 33.693690	 5.464670	 20.570515	 4.625965	 2.303421	 44.934885	 15.469580	 4.552898
 19.240065	 51.356291	 5.658220	 6.498696	 33.777665	 5.192814	 20.480421	 4.605984	 2.294208	 44.887704	 15.407703	 4.534691
 18.784198	 51.293590	 5.635587	 6.475631	 33.751929	 5.547044	 20.894593	 4.586822	 2.285031	 44.840627	 15.346073	 4.516554
 18.519609	 51.238648	 5.613045	 6.451193	 33.671609	 5.712357	 21.059062	 4.568106	 2.275891	 44.793498	 15.284690	 4.498489
 18.350804	 51.687680	 5.590592	 6.426121	 33.564266	 5.783257	 21.098849	 4.549649	 2.266787	 44.746436	 15.223551	 4.480496
 18.230037	 51.888793	 5.568230	 6.400783	 33.443681	 5.807000	 21.076465	 4.531358	 2.257720	 44.699503	 15.162657	 4.462574
 18.633435	 51.966040	 5.545957	 6.375363	 33.316742	 5.307209	 21.023165	 4.513187	 2.748689	 44.652727	 12.602006	 0.944724
 18.797061	 51.983648	 5.523773	 6.349953	 33.186893	 5.047699	 20.954575	 4.495111	 2.987694	 44.608322	 11.301598	-0.809055
 18.840952	 51.971519	 5.501678	 6.324599	 33.055855	 4.908368	 20.878509	 4.477119	 3.100744	 44.565188	 10.631392	-1.680819
 12.325128	 39.944607	 2.479671	 3.299323	 23.924486	 2.829164	 14.298870	 2.459205	 0.650841	 33.022773	 6.276366	-2.111595
 9.055597	 33.875315	 0.969753	 1.786686	 19.329215	 1.788062	 10.993613	 1.450247	-0.570513	 27.208604	 4.095011	-2.321899
 6.409260	 27.285058	 0.215874	 1.030367	 14.002112	 1.266017	 7.825607	 1.445769	-0.677606	 21.258731	 2.000506	-1.421986
 5.078565	 23.948539	-0.159990	 0.652207	 11.321210	 1.003507	 6.232289	 1.440647	-0.729583	 18.253177	 0.953253	-0.970986
 3.405722	 18.239056	 0.153150	-0.036873	 6.963479	 0.870770	 4.426352	 1.435215	-0.254008	 13.219905	 0.429627	-0.244446
 2.565835	 15.359255	 0.309720	-0.379960	 4.779402	 0.802925	 3.518143	 1.429640	-0.016221	 10.686895	 0.167814	 0.118824
 1.142440	 10.894396	 0.388005	-0.550058	-0.317828	-0.232467	 0.058818	 0.924004	-0.397327	 3.404083	-1.463093	-0.199541
 0.430742	 8.649107	 0.427148	-0.633667	-2.855612	-0.747628	-1.664043	 0.671186	-0.586324	-0.229566	-2.272358	-0.357687
-1.925107	 2.513655	-0.553281	-0.674037	-6.113718	-1.002683	-3.018700	-0.455223	-0.679271	-2.538664	-3.170827	-0.435729
-3.094470	-0.546827	-1.040428	-0.692793	-7.724027	-1.127694	-3.687281	-1.015265	-0.724200	-3.683517	-3.611923	-0.473722
-3.670623	-2.069854	-1.280946	-0.700748	-8.510512	-1.187695	-4.012860	-1.292135	-0.745127	-4.246287	-3.824365	-0.491695
-4.450206	-3.324182	-1.398163	-1.203308	-8.885161	-1.215200	-5.166973	-1.427432	-1.254058	-5.018054	-3.922513	-0.999663
-4.829538	-3.942188	-1.453740	-1.451176	-9.053966	-1.226467	-5.731387	-1.491955	-1.504997	-5.392358	-3.963545	-1.250631
-5.008787	-4.742071	-1.478510	-1.571712	-9.619923	-1.229625	-6.001003	-1.521103	-1.626955	-5.567977	-3.976052	-1.373112
-5.088035	-5.130929	-1.487888	-1.628596	-9.882530	-1.228738	-6.123269	-1.532577	-1.684436	-5.644299	-3.974329	-1.431361
-5.117324	-5.314318	-1.489583	-2.153666	-9.993543	-1.225839	-6.171912	-1.535226	-1.209693	-5.671019	-3.965522	-1.457507
-5.121676	-5.395017	-1.487448	-2.410844	-10.028840	-1.221944	-6.183791	-1.533474	-0.970852	-5.672983	-3.953205	-1.467612
-5.113600	-5.424415	-1.483410	-2.534097	-10.026361	-1.717560	-6.177340	-1.529535	-1.349967	-5.662615	-4.439164	-1.469709
-5.099350	-5.428207	-1.478432	-2.590409	-10.005073	-1.960942	-6.161773	-1.524514	-1.536066	-5.646127	-4.672294	-1.467814
-5.082056	-5.419239	-1.472996	-2.613272	-9.974462	-2.078224	-6.141697	-1.518965	-1.625672	-5.626623	-4.779048	-1.463935
-5.063279	-5.403934	-1.467343	-2.619430	-9.939268	-2.132474	-6.119415	-1.513164	-1.667044	-5.605658	-4.322653	-1.459075
-5.043801	-5.385504	-1.461593	-2.617259	-9.901864	-2.155226	-6.096080	-1.507248	-1.684313	-5.584005	-4.086723	-1.453737
-5.024014	-5.365555	-1.455806	-2.110943	-9.863432	-2.162246	-6.072267	-1.501288	-1.689545	-5.562054	-3.961057	-0.948171
-5.004112	-5.344890	-1.450013	-1.854575	-9.824567	-2.161417	-6.048264	-1.495317	-1.688771	-5.539999	-3.890553	-0.695388
-4.984192	-5.323908	-1.444228	-2.223195	-9.785562	-1.656682	-6.024214	-1.489353	-1.185008	-5.517935	-3.847661	-0.568997
-4.964304	-5.302812	-1.438458	-2.402322	-9.746567	-1.402010	-6.000188	-1.483404	-0.931764	-5.495911	-3.818605	-0.505801
-4.944471	-5.281700	-1.432708	-1.986722	-9.707654	-1.772380	-5.976223	-1.477475	-0.803785	-5.473952	-3.796498	-0.474203
-4.924705	-5.260623	-1.426979	-1.775780	-9.668861	-1.953279	-5.952336	-1.471567	-0.738444	-5.452068	-3.777896	-0.458404
-4.905012	-5.239606	-1.421272	-1.667179	-9.630203	-2.039460	-5.928536	-1.465682	-0.704427	-5.430266	-3.761076	-0.450505
-4.885395	-5.218660	-1.415588	-1.609762	-9.591692	-1.578299	-5.904826	-1.459819	-0.686078	-5.408548	-3.745178	-0.946555
-4.865855	-5.197791	-1.409926	-1.577948	-9.553330	-1.345485	-5.881209	-1.453980	-0.675568	-5.386915	-3.729770	-1.191695
-4.846393	-5.177003	-1.404286	-1.558949	-9.515119	-1.226852	-5.857685	-1.448165	-0.668983	-5.365368	-3.714638	-1.311391
-4.827007	-5.156297	-1.398669	-1.546370	-9.477059	-1.165319	-5.834255	-1.442372	-0.664365	-5.343907	-3.699672	-1.368377
-4.807700	-5.135672	-1.393074	-1.537013	-9.439152	-1.132345	-5.810918	-1.936603	-0.660737	-5.322532	-3.684820	-1.394019
-4.788469	-5.115130	-1.387502	-1.529279	-9.401395	-1.113660	-5.787675	-2.178856	-0.657609	-5.301241	-3.670054	-1.404001
-4.769315	-5.094670	-1.381952	-1.522369	-9.363790	-1.102127	-5.764524	-1.795141	-0.654736	-5.280037	-3.655361	-1.406164
-4.750238	-5.074291	-1.376424	-1.515883	-9.326335	-1.094179	-5.741466	-1.600460	-0.651995	-5.258916	-3.640733	-1.404429
-4.731237	-5.053994	-1.370919	-1.509621	-9.289030	-1.088033	-5.718500	-1.500308	-0.649327	-5.237881	-3.626166	-1.400756
-4.712312	-5.033778	-1.365435	-1.503483	-9.251873	-1.082796	-5.695626	-0.947432	-0.646699	-5.216929	-3.611660	-1.396125
-4.693463	-5.013643	-1.359973	-1.497420	-9.214866	-1.078023	-5.672844	-0.670994	-0.644097	-5.196062	-3.597213	-1.391027
-4.674689	-4.993588	-1.354533	-1.491405	-9.178006	-1.573489	-5.650152	-1.032775	-1.141513	-5.175277	-4.082823	-1.385706
-4.655990	-4.973614	-1.349115	-1.485427	-9.141294	-1.817085	-5.627552	-1.210876	-1.386943	-5.154576	-4.316492	-1.380285
-4.637366	-4.953720	-1.343719	-1.479479	-9.104729	-1.434761	-5.605042	-1.297149	-1.006394	-5.133958	-3.924226	-1.374824
-4.618817	-4.933905	-1.338344	-1.473558	-9.068310	-1.241494	-5.582621	-1.337519	-0.814867	-5.113422	-3.721029	-1.369355
-4.600341	-4.914169	-1.332990	-1.467663	-9.032037	-1.142765	-5.560291	-1.354948	-1.217857	-4.592968	-3.612395	-1.363893
-4.581940	-4.894512	-1.327658	-1.461791	-8.995909	-1.091312	-5.538050	-1.360917	-1.416110	-4.324597	-3.551070	-1.358445
-4.563612	-4.874934	-1.322348	-1.455944	-8.959925	-1.063505	-5.515898	-1.361168	-1.512008	-4.182298	-3.513428	-1.353015
-4.545358	-4.855435	-1.317058	-1.450120	-8.924086	-1.047531	-5.493834	-1.358571	-1.056742	-4.603069	-3.487656	-1.347605
-4.527176	-4.836013	-1.311790	-1.444319	-8.888389	-1.037481	-5.471859	-1.354560	-0.827905	-4.803407	-3.467846	-1.342216
-4.509068	-4.816669	-1.306543	-1.938542	-8.852836	-1.030401	-5.449971	-1.349854	-0.712289	-4.893568	-3.451045	-1.336847
-4.491031	-4.797402	-1.301317	-2.180788	-8.817424	-1.024814	-5.428171	-1.344811	-0.653287	-4.928681	-3.435776	-1.331500
-4.473067	-4.778213	-1.296112	-1.797064	-8.782155	-1.019982	-5.406459	-1.339609	-0.622598	-4.436310	-3.421300	-1.326174
-4.455175	-4.759100	-1.290927	-1.602376	-8.747026	-1.015536	-5.384833	-1.334340	-0.606070	-4.182237	-3.407249	-1.320869
-4.437354	-4.740063	-1.285763	-1.502217	-8.712038	-1.011291	-5.363294	-1.329047	-0.596626	-4.547344	-3.393437	-0.815586
-4.419605	-4.721103	-1.280620	-1.449333	-8.677190	-1.007154	-5.341840	-1.323753	-0.590730	-4.720073	-3.379771	-0.562944
-4.401926	-4.702219	-1.275498	-1.420098	-8.642481	-1.003079	-5.320473	-1.318469	-0.586613	-4.796651	-3.366207	-0.436623
-4.384319	-4.683410	-1.270396	-1.402699	-8.607911	-1.499044	-5.299191	-1.313201	-0.583389	-4.825194	-3.352719	-0.373463
-4.366781	-4.664676	-1.265314	-1.391229	-8.573479	-1.743037	-5.277994	-1.307951	-0.580616	-4.829758	-3.339296	-0.341883
-4.349314	-4.646017	-1.260253	-1.382734	-8.539186	-1.361059	-5.256882	-1.302720	-0.578075	-4.822371	-3.325934	-0.826093
-4.331917	-4.627433	-1.255212	-1.375738	-8.505029	-1.168112	-5.235855	-1.297510	-0.575653	-4.809048	-3.312627	-1.065577
-4.314589	-4.608924	-1.250191	-1.369503	-8.471009	-1.569688	-5.214911	-1.292321	-0.573295	-4.292795	-3.299375	-1.182709
-4.297331	-4.590488	-1.245190	-1.363659	-8.437125	-1.766533	-5.194052	-1.287151	-0.570975	-4.027115	-3.286177	-1.238675
-4.280142	-4.572126	-1.240210	-1.358021	-8.403376	-1.361029	-5.173276	-1.282003	-0.568677	-4.386753	-3.273032	-0.764069
-4.263021	-4.553837	-1.235249	-1.352497	-8.369763	-1.156366	-5.152582	-1.276875	-0.566395	-4.557079	-3.259939	-0.526766
-4.245969	-4.535622	-1.230308	-1.347041	-8.336284	-1.052131	-5.131972	-1.271767	-0.564126	-4.632787	-3.246900	-0.408115
-4.228985	-4.517480	-1.225387	-1.341630	-8.302938	-0.998118	-5.111444	-1.266680	-0.561868	-4.161224	-3.233912	-0.848789
-4.212069	-4.499410	-1.220485	-1.336252	-8.269727	-0.969223	-5.090998	-1.261614	-0.559620	-3.918063	-3.220976	-1.066547
-4.195221	-4.481412	-1.215603	-1.330902	-8.236648	-0.952895	-5.070634	-1.256567	-0.557381	-3.789133	-3.208092	-1.172858
-4.178440	-4.463486	-1.210741	-1.325575	-8.203701	-0.942858	-5.050352	-1.251541	-0.555151	-3.717347	-3.195260	-1.223455
-4.161726	-4.445632	-1.205898	-1.820272	-8.170886	-0.935974	-5.030151	-1.246535	-0.552931	-3.674163	-3.182479	-1.246205
-4.145079	-4.427850	-1.201074	-2.062990	-8.138203	-0.930674	-5.010030	-1.241549	-0.550719	-3.645309	-3.169749	-1.255042
-4.128499	-4.410139	-1.196270	-1.679737	-8.105650	-0.926173	-4.989990	-1.236582	-0.548516	-3.623650	-3.657070	-1.256933
-4.111985	-4.392498	-1.191485	-1.485518	-8.073227	-0.922079	-4.970030	-1.231636	-0.546322	-3.605616	-3.892442	-1.255361
-4.095537	-4.374928	-1.186719	-1.385826	-8.040935	-0.918196	-4.950150	-1.226710	-0.544136	-3.589424	-4.001872	-1.252067
-4.079155	-4.357428	-1.181972	-1.333408	-8.008771	-1.414426	-4.930349	-0.721803	-0.541960	-4.074181	-3.548365	-0.747923
-4.062838	-4.339999	-1.177244	-1.304637	-7.976736	-1.658720	-4.910628	-0.469349	-0.539792	-4.307442	-3.315421	-0.495851
-4.046587	-4.322639	-1.172535	-1.287699	-7.944829	-1.277060	-4.890985	-0.343123	-0.537633	-3.914991	-3.192784	-0.369814
-4.030401	-4.305348	-1.167845	-1.276689	-7.913049	-1.084440	-4.871421	-0.280009	-0.535482	-3.711720	-3.125326	-0.306796
-4.014279	-4.288127	-1.163174	-1.268653	-7.881397	-1.486346	-4.851936	-0.748453	-0.533340	-4.103068	-3.085481	-0.275287
-3.998222	-4.270974	-1.158521	-1.262113	-7.849872	-1.683523	-4.832528	-0.980240	-0.531207	-4.289753	-3.059467	-0.259533
-3.982229	-4.253890	-1.153887	-1.256332	-7.818472	-1.278350	-4.813198	-1.093710	-0.529082	-3.874143	-3.040393	-0.251656
-3.966300	-4.236875	-1.149271	-1.250941	-7.787198	-1.074017	-4.793945	-1.148031	-0.526966	-3.659421	-3.024814	-0.247717
-3.950435	-4.219927	-1.144674	-1.245754	-7.756050	-0.970111	-4.774769	-1.172786	-0.524858	-3.545170	-3.011005	-0.245748
-3.934633	-4.203047	-1.140096	-1.240679	-7.725025	-0.916426	-4.755670	-0.682769	-1.022759	-3.481183	-2.998107	-0.244763
-3.918895	-4.186235	-1.135535	-1.235671	-7.694125	-0.887857	-4.736647	-0.437761	-1.268668	-3.442355	-2.985687	-0.244271
-3.903219	-4.169490	-1.130993	-1.230705	-7.663349	-1.371855	-4.717701	-0.315256	-0.888593	-3.416134	-2.973531	-0.744025
-3.887606	-4.152812	-1.126469	-1.225771	-7.632695	-1.610142	-4.698830	-0.254004	-0.697539	-3.396244	-2.961530	-0.991414
-3.872056	-4.136201	-1.121963	-1.220862	-7.602165	-1.725588	-4.680035	-0.223378	-0.600998	-3.379546	-2.949630	-0.612631
-3.856568	-4.119656	-1.117475	-1.215976	-7.571756	-1.779630	-4.661315	-0.208065	-0.551719	-3.364471	-2.937805	-0.423239
-3.841141	-4.103178	-1.113005	-1.211111	-7.541469	-1.302983	-4.642669	-0.700408	-0.526075	-3.350235	-2.926040	-0.328544
-3.825777	-4.086765	-1.108553	-1.206265	-7.511303	-1.063007	-4.624099	-0.944195	-0.512252	-3.336445	-2.914330	-0.281196
-3.810474	-4.070418	-1.104119	-1.201440	-7.481258	-0.941373	-4.605602	-1.063712	-0.505340	-3.322905	-2.902669	-0.257522
-3.795232	-4.054136	-1.099703	-1.196634	-7.451333	-0.878916	-4.587180	-1.121104	-0.501885	-3.309516	-2.891057	-0.245685
-3.780051	-4.037920	-1.095304	-1.191847	-7.421527	-0.846055	-4.568831	-1.147443	-0.500157	-3.296229	-2.879492	-0.239767
-3.764931	-4.021768	-1.090923	-1.187080	-7.391841	-0.827998	-4.550556	-1.158265	-0.499293	-3.283020	-2.867973	-0.236807
-3.749871	-4.005681	-1.086559	-1.182332	-7.362274	-0.817350	-4.532354	-1.161338	-0.498861	-3.269876	-2.856501	-0.235328
-3.734871	-3.989658	-1.082213	-1.177602	-7.332825	-0.810412	-4.514224	-1.160545	-0.498645	-3.256790	-2.845075	-0.234588
-3.719932	-3.973700	-1.077884	-1.172892	-7.303494	-0.805336	-4.496167	-1.157830	-0.498537	-3.243760	-2.833695	-0.234218
-3.705052	-3.957805	-1.073572	-1.168200	-7.274280	-1.301198	-4.478183	-1.154162	-0.498483	-3.230783	-2.822360	-0.234033
-3.690232	-3.941974	-1.069278	-1.163528	-7.245182	-1.545535	-4.460270	-1.150027	-0.498456	-3.217859	-2.811070	-0.233941
-3.675471	-3.926206	-1.065001	-1.158873	-7.216202	-1.164123	-4.442429	-1.145667	-0.498442	-3.704988	-2.799826	-0.233894
-3.660769	-3.910501	-1.060741	-1.154238	-7.187337	-0.971852	-4.424659	-1.141205	-0.498436	-3.940168	-2.788627	-0.233871
-3.646126	-3.894859	-1.056498	-1.149621	-7.158588	-0.874157	-4.406960	-1.136700	-0.498432	-4.049407	-2.777472	-0.233860
-3.631542	-3.879279	-1.052272	-1.145023	-7.129953	-1.323757	-4.389333	-0.632184	-0.498431	-3.595709	-2.766362	-0.233854
-3.617015	-3.863762	-1.048063	-1.140442	-7.101433	-1.545010	-4.371775	-0.379925	-0.498430	-3.362576	-2.755297	-0.233851
-3.602547	-3.848307	-1.043871	-1.135881	-7.073028	-1.152104	-4.354288	-0.753796	-0.498429	-3.239751	-2.744276	-0.733849
-3.588137	-3.832914	-1.039695	-1.131337	-7.044736	-0.954133	-4.336871	-0.938476	-0.498429	-3.172104	-2.733299	-0.981381
-3.573785	-3.817582	-1.035536	-1.126812	-7.016557	-0.853635	-4.319524	-1.028570	-0.498429	-3.132072	-2.722365	-1.102689
-3.559489	-3.802312	-1.031394	-1.122305	-6.988490	-0.801880	-4.302245	-1.071379	-0.498429	-3.105872	-2.711476	-1.160895
-3.545252	-3.787103	-1.027269	-1.117815	-6.960536	-0.774502	-4.285036	-0.590556	-0.498429	-3.086613	-2.700630	-0.687560
-3.531071	-3.771954	-1.023160	-1.113344	-6.932694	-0.759319	-4.267896	-0.350144	-0.498429	-3.070848	-2.689828	-0.450892
-3.516946	-3.756867	-1.019067	-1.108891	-6.904963	-0.750239	-4.250825	-0.229938	-0.498429	-3.056856	-2.679068	-0.332558
-3.502878	-3.741839	-1.014991	-1.104455	-6.377344	-1.244216	-4.233821	-0.169835	-0.498429	-3.043774	-2.668352	-0.273392
-3.488867	-3.726872	-1.010931	-1.100037	-6.101834	-1.487729	-4.216886	-0.139784	-0.498429	-3.031172	-2.657679	-0.243808
-3.474911	-3.711964	-1.006887	-1.095637	-6.452427	-1.106023	-4.200019	-0.624758	-0.498429	-3.018833	-2.647048	-0.229016
-3.461012	-3.697116	-1.002859	-1.091255	-6.614117	-0.913721	-4.183218	-0.865026	-0.498429	-3.006651	-2.636460	-0.221620
-3.447168	-3.682328	-0.998848	-1.086890	-6.681411	-0.816127	-4.166486	-0.982949	 0.001571	-2.994571	-2.625914	-0.217923
-3.433379	-3.667599	-0.994853	-1.082542	-6.701560	-0.765893	-4.149820	-1.039709	 0.250568	-2.982566	-2.615410	-0.216074
-3.419646	-3.652928	-0.990873	-1.078212	-6.698191	-0.739345	-4.133220	-1.065896	-0.124934	-2.970623	-2.604949	-0.215149
-3.405967	-3.638317	-0.986910	-1.073899	-6.683117	-0.724645	-4.116688	-1.076805	-0.311684	-2.958733	-2.594529	-0.214687
-3.392343	-3.623763	-0.982962	-1.069603	-6.662244	-0.715876	-4.100221	-1.080084	-0.405059	-2.946895	-2.584151	-0.214456
-3.378774	-3.609268	-0.979030	-1.065325	-6.638525	-1.210076	-4.083820	-0.579557	-0.451746	-2.935106	-2.573814	-0.214340
-3.365259	-3.594831	-0.975114	-1.061064	-6.613436	-1.453768	-4.067485	-0.329294	-0.475090	-2.923365	-2.563519	-0.214282
-3.351798	-3.580452	-0.971214	-1.056819	-6.587714	-1.072219	-4.051215	-0.204162	-0.486762	-3.411671	-2.553265	-0.714253
-3.338390	-3.566130	-0.967329	-1.052592	-6.561730	-0.880064	-4.035010	-0.141596	-0.492598	-3.648024	-2.543052	-0.961811
-3.325037	-3.551865	-0.963459	-1.048382	-6.535666	-0.782610	-4.018870	-0.110313	-0.495516	-3.258432	-2.532879	-0.583170
-3.311737	-3.537658	-0.959606	-1.044188	-6.509615	-0.732513	-4.002794	-0.094672	-0.496975	-3.057898	-2.522748	-0.393850
-3.298490	-3.523507	-0.955767	-1.040012	-6.483622	-1.206099	-3.986783	-0.086851	-0.497704	-2.951916	-2.512657	-0.299190
-3.285296	-3.509413	-0.951944	-1.035851	-6.457711	-1.439533	-3.970836	-0.082941	-0.498069	-2.893234	-2.502606	-0.251860
-3.272155	-3.495376	-0.948136	-1.031708	-6.431891	-1.552904	-3.954953	-0.080985	-0.498251	-2.858223	-2.492596	-0.228195
-3.259066	-3.481394	-0.944344	-1.027581	-6.406169	-1.106257	-3.939133	-0.580008	-0.498342	-2.835071	-2.482625	-0.216363
-3.246030	-3.467469	-0.940566	-1.023471	-6.380547	-0.881614	-3.923376	-0.827361	-0.498388	-2.817872	-2.472695	-0.210446
-3.233046	-3.453599	-0.936804	-1.019377	-6.355027	-0.767979	-3.907683	-0.948888	-0.498411	-2.803671	-2.462804	-0.207488
-3.220113	-3.439784	-0.933057	-1.015300	-6.329607	-0.709853	-3.892052	-1.007511	-0.498422	-2.790991	-2.452953	-0.206009
-3.207233	-3.426025	-0.929325	-1.011238	-6.304289	-0.679486	-3.876484	-0.534690	-0.498428	-2.779095	-2.443141	-0.205270
-3.194404	-3.412321	-0.925607	-1.007193	-6.279072	-0.663005	-3.860978	-0.298279	-0.498431	-2.767612	-2.433369	-0.204900
-3.181626	-3.398672	-0.921905	-1.003165	-6.253956	-1.153471	-3.845534	-0.180074	-0.498432	-3.256359	-2.423635	-0.204715
-3.168900	-3.385077	-0.918217	-0.999152	-6.228940	-1.395416	-3.830152	-0.120972	-0.498433	-3.493242	-2.413941	-0.204623
-3.156224	-3.371537	-0.914545	-0.995155	-6.204025	-1.513114	-3.814831	-0.091420	-0.498433	-3.604223	-2.404285	-0.204576
-3.143599	-3.358051	-0.910886	-0.991175	-6.179208	-1.068701	-3.799572	-0.576645	-0.498433	-3.152283	-2.394668	-0.204553
-3.131025	-3.344618	-0.907243	-0.987210	-6.154492	-0.845246	-3.784374	-0.817133	-0.498433	-2.920912	-2.385089	-0.204542
-3.118501	-3.331240	-0.903614	-0.983261	-6.129874	-0.732275	-3.769236	-0.935262	-0.498433	-2.799848	-2.375549	-0.704536
-3.106027	-3.317915	-0.899999	-0.979328	-6.105354	-0.674551	-3.754159	-0.992220	-0.498433	-2.733958	-2.366046	-0.952124
-3.093603	-3.304643	-0.896399	-0.975411	-6.080933	-0.644455	-3.739143	-1.018600	-0.498433	-3.195677	-2.356582	-0.573519
-3.081228	-3.291425	-0.892814	-0.971509	-6.056609	-0.628179	-3.724186	-1.029701	-0.498433	-3.419222	-2.347156	-0.384216
-3.068904	-3.278259	-0.889243	-1.467623	-6.032383	-0.618817	-3.709289	-1.033169	-0.498433	-3.023709	-2.337767	-0.789565
-3.056628	-3.265146	-0.885686	-1.711753	-6.008253	-0.612917	-3.694452	-1.032830	-0.498433	-2.820696	-2.328416	-0.989849
-3.044401	-3.252085	-0.882143	-1.829906	-5.984220	-0.608753	-3.679674	-1.030596	-0.498433	-2.713954	-2.319103	-1.087611
-3.032224	-2.739077	-0.878614	-1.385086	-5.960283	-1.105462	-3.664956	-1.027422	-0.498433	-2.655369	-2.309826	-1.134121
-3.020095	-2.478121	-0.875100	-1.160796	-5.936442	-1.350612	-3.650296	-1.023786	-0.498433	-2.620882	-2.300587	-1.155015
-3.008015	-2.843208	-0.871599	-1.046777	-5.912696	-0.969995	-3.635695	-1.019928	-0.498433	-2.598466	-2.291385	-0.663110
-2.995982	-3.019336	-0.868113	-0.987903	-5.889045	-0.778508	-3.621152	-1.015967	-0.498433	-2.582106	-2.282219	-0.417158
-2.983999	-3.101008	-0.864641	-0.956607	-5.865489	-0.681591	-3.606667	-0.511962	-0.498433	-2.568795	-2.273090	-0.294182
-2.972063	-3.135479	-0.861182	-0.939109	-5.842027	-0.631962	-3.592241	-0.259960	-0.498433	-2.557028	-2.263998	-0.232694
-2.960174	-3.146375	-0.857737	-0.928517	-5.818659	-1.105984	-3.577872	-0.133959	-0.498433	-2.546054	-2.254942	-0.201949
-2.948334	-3.145508	-0.854306	-0.921385	-5.795385	-1.339834	-3.563560	-0.070958	-0.498433	-2.535497	-2.245922	-0.186577
-2.936540	-3.138785	-0.850889	-0.915990	-5.772203	-1.453612	-3.549306	-0.039458	-0.498433	-2.525169	-2.236938	-0.178891
-2.924794	-3.129160	-0.847485	-0.911472	-5.749114	-1.507366	-3.535109	-0.523708	-0.498433	-2.514975	-2.227991	-0.175048
-2.913095	-3.118108	-0.844096	-0.907399	-5.726118	-1.531121	-3.520968	-0.763817	-0.498433	-2.504868	-2.219079	-0.173127
-2.901443	-3.106368	-0.840719	-0.903555	-5.203213	-1.539889	-3.506884	-0.381864	-0.498433	-2.494826	-2.210202	-0.172166
-2.889837	-3.094309	-0.837356	-0.899834	-4.932400	-1.541176	-3.492857	-0.190887	-0.498433	-2.484835	-2.201361	-0.171686
-2.878277	-2.582115	-0.834007	-0.896182	-5.287671	-1.538734	-3.478885	-0.595399	-0.498433	-2.474889	-2.192556	-0.171446
-2.866764	-2.321878	-0.830671	-0.892570	-5.454020	-1.534440	-3.464970	-0.795655	-0.498433	-2.464987	-2.183786	-0.171326
-2.855297	-2.187636	-0.827348	-0.888987	-5.525954	-1.029233	-3.451110	-0.393791	-0.498433	-2.455126	-2.175051	-0.671265
-2.843876	-2.116408	-0.824039	-0.885424	-5.550725	-0.775582	-3.437305	-0.192859	-0.498433	-2.445304	-2.166350	-0.918893
-2.832501	-2.076704	-0.820743	-0.881879	-5.551960	-0.647712	-3.423556	-0.092393	-0.498433	-2.435523	-2.157685	-1.040374
-2.821171	-2.552778	-0.817460	-0.878350	-5.541471	-1.082738	-3.409862	-0.542160	-0.498433	-2.425780	-2.149054	-0.598790
-2.809886	-2.784757	-0.814190	-0.874836	-5.525164	-1.297215	-3.396223	-0.765060	-0.498433	-2.416077	-2.140458	-0.377999
-2.798646	-2.894713	-0.810933	-0.871336	-5.505993	-0.901430	-3.382638	-0.874533	-0.498433	-2.406413	-2.131896	-0.267603
-2.787452	-2.943682	-0.807689	-0.867850	-5.485434	-0.702527	-3.369107	-0.927302	-0.498433	-2.396787	-2.123369	-0.212405
-2.776302	-2.962181	-0.804459	-0.864379	-5.464225	-1.102067	-3.355631	-0.951727	-0.498433	-2.387200	-2.114875	-0.184806
-2.765197	-2.965469	-0.801241	-0.860921	-5.442734	-1.298835	-3.342208	-0.961987	-0.498433	-2.377651	-2.106416	-0.171007
-2.754136	-2.961176	-0.798036	-0.857477	-5.421146	-0.894227	-3.328839	-0.965172	-0.498433	-2.368141	-2.097990	-0.164107
-2.743119	-2.953116	-0.794844	-0.854048	-5.399553	-0.691923	-3.315524	-0.964828	-0.498433	-2.358668	-2.089598	-0.160657
-2.732147	-2.943195	-0.791664	-0.850631	-5.378001	-0.590771	-3.302262	-0.962727	-0.498433	-2.349233	-2.081240	-0.158932
-2.721218	-2.932368	-0.788498	-0.847229	-5.356512	-0.540195	-3.289053	-0.459755	-0.498433	-2.339836	-2.072915	-0.158070
-2.710333	-2.921112	-0.785344	-0.843840	-5.335097	-0.514908	-3.275897	-0.208269	-0.498433	-2.330477	-2.064623	-0.157638
-2.699492	-2.909664	-0.782202	-1.340465	-5.313762	-1.002264	-3.262793	-0.582527	-0.498433	-2.321155	-2.056365	-0.657423
-2.688694	-2.898144	-0.779073	-1.585103	-5.292510	-1.242962	-3.249742	-0.767742	-0.498433	-2.311871	-2.048139	-0.905000
-2.677939	-2.886610	-0.775957	-1.203762	-5.271342	-1.360344	-2.736743	-0.358443	-0.498433	-2.302623	-2.039947	-0.526484
-2.667228	-2.875093	-0.772853	-1.011447	-5.250257	-1.416080	-2.475796	-0.153794	-0.498433	-2.293413	-2.031787	-0.337226
-2.656559	-2.863608	-0.769762	-1.413651	-5.229256	-1.441004	-2.840893	-0.551469	-0.498433	-2.284239	-2.023660	-0.242597
-2.645932	-2.852161	-0.766683	-1.611122	-5.208340	-1.450534	-3.017029	-0.748409	-0.498433	-2.275102	-2.015565	-0.195282
-2.635349	-2.840756	-0.763616	-1.706240	-5.187506	-1.452379	-3.098711	-0.844988	-0.498433	-2.266002	-2.007503	-0.171625
-2.624807	-2.829395	-0.760562	-1.250196	-5.166756	-1.450393	-3.133191	-0.891394	-0.498433	-2.756938	-1.999473	-0.659797
-2.614308	-2.818078	-0.757519	-1.020586	-5.146089	-1.446504	-3.144096	-0.912722	-0.498433	-2.995910	-1.991475	-0.901586
-2.603851	-2.806806	-0.754489	-0.904199	-5.125505	-0.941673	-3.143238	-0.921517	-0.498433	-2.608926	-1.983509	-0.520194
-2.593435	-2.795579	-0.751471	-0.844430	-5.105003	-0.689258	-3.136525	-0.924055	-0.498433	-2.410991	-1.975575	-0.329499
-2.583062	-2.784397	-0.748465	-0.812976	-4.584583	-1.063051	-3.126908	-0.423470	-0.498433	-2.307597	-1.967673	-0.734151
-2.572729	-2.773259	-0.745472	-0.795686	-4.316245	-1.247073	-3.115866	-0.173178	-0.498433	-2.251491	-1.959802	-0.934199
-2.562439	-2.762166	-0.742490	-0.785484	-4.673980	-0.836222	-3.104135	-0.048032	-0.498433	-2.219048	-1.951963	-0.531955
-2.552189	-2.751118	-0.739520	-0.778833	-4.842784	-0.630797	-3.092084	 0.014542	-0.498433	-2.198453	-1.944155	-0.330833
-2.541980	-2.740113	-0.736562	-0.773963	-4.917163	-0.528084	-3.079899	 0.045828	-0.498433	-2.183800	-1.936378	-0.230271
-2.531812	-2.229153	-0.733615	-0.769989	-4.944369	-0.976728	-3.067671	-0.438529	-0.498433	-2.172135	-1.928633	-0.179991
-2.521685	-1.970236	-0.730681	-0.766471	-4.948029	-1.198199	-3.055446	-0.678861	-0.498433	-2.161981	-1.920918	-0.154851
-2.511598	-2.337355	-0.727758	-0.763185	-4.939956	-0.806095	-3.043247	-0.797189	-0.498433	-2.152601	-1.913234	-0.142281
-2.501552	-2.515506	-0.724847	-0.760023	-4.926055	-0.610043	-3.031086	-0.854522	-0.498433	-2.143624	-1.905582	-0.135995
-2.491546	-2.099194	-0.721948	-0.756928	-4.409281	-1.012017	-3.018967	-0.881365	-0.498433	-2.134867	-1.897959	-0.632853
-2.481579	-1.887672	-0.719060	-0.753873	-4.143108	-1.210176	-3.006894	-0.892970	-0.498433	-2.126236	-1.890367	-0.879022
-2.471653	-2.278559	-0.716184	-0.750844	-4.502268	-1.306439	-2.994868	-0.896963	-0.498433	-2.117685	-1.882806	-0.499856
-2.461766	-2.468663	-0.713319	-0.747834	-4.672125	-1.351765	-2.982889	-0.897158	-0.498433	-2.109191	-1.875275	-0.310274
-2.451919	-2.558398	-0.710466	-0.744839	-4.747370	-1.371634	-2.970958	-0.895461	-0.498433	-2.100743	-1.867774	-0.215482
-2.442112	-2.597969	-0.707624	-0.741858	-4.775347	-1.378785	-2.959074	-0.392824	 0.001567	-2.092334	-1.860303	-0.168086
-2.432343	-2.612480	-0.704793	-0.738889	-4.779729	-1.379589	-2.947238	-0.141506	 0.250563	-2.083962	-1.852861	-0.144389
-2.422614	-2.614481	-0.701974	-0.735933	-4.272352	-1.377230	-2.435449	-0.015847	 0.375062	-2.575625	-1.845450	-0.632540
-2.412923	-2.610249	-0.699166	-0.732989	-4.011133	-1.373301	-2.175707	 0.046982	 0.437311	-2.815322	-1.838068	-0.874374
-2.403272	-2.602920	-0.696370	-0.730057	-3.873024	-1.368598	-2.542004	 0.078397	-0.031564	-2.429060	-1.830716	-0.493059
-2.393659	-2.594065	-0.693584	-0.727137	-3.796500	-1.363518	-2.719336	 0.094104	-0.265001	-2.231844	-1.823393	-0.302401
-2.384084	-2.584467	-0.690810	-0.724229	-4.250797	-1.358262	-2.802209	-0.398042	-0.381720	-2.129166	-1.816099	-0.207072
-2.374548	-2.574518	-0.688047	-0.721332	-4.468536	-1.352928	-2.837875	-0.642335	-0.440079	-2.073775	-1.808835	-0.159408
-2.365049	-2.564415	-0.685294	-0.718446	-4.568033	-0.847565	-2.849961	-0.762708	-0.469258	-2.042042	-1.801600	-0.635575
-2.355589	-2.554254	-0.682553	-0.715573	-4.608446	-0.594884	-2.850280	-0.821128	-0.483848	-2.022155	-1.794393	-0.871436
-2.346167	-2.544086	-0.679823	-0.712710	-4.619355	-0.468543	-2.844738	-0.848579	-0.491143	-2.008207	-1.787216	-0.987151
-2.336782	-2.533934	-0.677104	-0.709859	-4.615549	-0.905373	-2.836289	-0.360553	-0.494791	-2.497244	-1.780067	-0.542803
-2.327435	-2.523810	-0.674395	-0.707020	-4.604423	-1.121104	-2.826409	-0.116540	-0.496614	-2.735791	-1.772947	-0.320630
-2.318125	-2.513721	-0.671698	-0.704192	-4.589673	-1.226295	-2.815836	-0.494533	-0.497526	-2.349115	-1.765855	-0.209543
-2.308853	-2.503669	-0.669011	-0.701375	-4.573148	-1.276228	-2.804939	-0.681785	-0.497982	-2.151852	-1.758791	-0.153999
-2.299617	-2.493656	-0.666335	-0.698570	-4.555772	-1.298542	-2.793902	-0.773672	-0.498210	-2.049312	-1.751756	-0.126227
-2.290419	-2.483682	-0.663670	-0.695775	-4.538008	-1.307057	-2.782818	-0.817885	-0.498324	-1.994148	-1.744749	-0.112341
-2.281257	-1.973748	-0.661015	-0.692992	-4.020085	-1.308684	-2.771732	-0.838267	-0.498381	-2.462688	-1.737770	-0.105398
-2.272132	-1.715853	-0.658371	-0.690220	-3.754119	-1.306877	-2.760668	-0.846741	-0.498409	-2.691096	-1.730819	-0.101927
-2.263044	-1.583990	-0.655737	-0.687459	-3.614160	-1.303363	-2.749637	-0.849267	-0.498424	-2.799461	-1.723896	-0.100191
-2.253992	-1.515154	-0.653114	-1.184710	-4.037232	-0.799006	-2.738644	-0.348827	-0.498431	-2.347827	-1.717000	-0.099323
-2.244976	-1.477843	-0.650502	-1.429971	-4.239848	-0.546828	-2.727692	-0.098607	-0.498434	-2.118218	-1.710132	-0.098889
-2.235996	-1.956307	-0.647900	-1.049251	-3.832270	-0.920739	-2.716783	-0.473497	-0.498436	-1.999637	-1.703292	-0.098673
-2.227052	-2.190669	-0.645308	-0.857554	-3.621632	-1.105105	-2.705917	-0.659245	-0.498437	-1.936584	-1.696478	-0.098564
-2.218144	-1.803000	-0.642727	-0.760374	-4.009491	-0.694709	-2.695093	-0.750429	-0.498438	-2.401310	-1.689693	-0.598510
-2.209271	-1.606335	-0.640156	-0.710457	-4.194626	-0.489511	-2.684313	-0.794338	-0.498438	-2.627941	-1.682934	-0.846286
-2.200434	-1.505183	-0.637596	-0.684178	-4.278434	-0.886912	-2.673576	-0.814616	-0.498438	-2.735548	-1.676202	-0.467986
-2.191632	-1.451799	-0.635045	-0.669722	-4.311614	-1.083044	-2.662882	-0.823085	-0.498438	-2.783665	-1.669497	-0.278836
-2.182866	-1.422310	-0.632505	-0.661184	-4.319514	-1.178551	-2.652230	-0.825657	-0.498438	-2.802059	-1.662819	-0.184261
-2.174134	-1.904780	-0.629975	-0.655610	-4.314809	-1.223757	-2.141621	-0.325286	-0.498438	-2.305616	-1.656168	-0.136973
-2.165438	-2.141241	-0.627455	-0.651522	-4.303836	-1.243822	-1.883055	-0.075100	-0.498438	-2.053776	-1.649543	-0.113329
-2.156776	-2.254716	-0.624945	-1.148184	-3.789764	-1.251327	-2.250523	-0.450008	-0.498438	-2.424252	-1.642945	-0.101507
-2.148149	-2.306717	-0.622445	-1.393225	-3.526177	-1.252561	-2.429021	-0.635812	-0.498438	-2.603901	-1.636373	-0.095596
-2.139556	-1.828000	-0.619956	-1.012469	-3.387858	-1.250671	-2.513055	-0.227070	-0.498438	-2.188158	-1.629828	-0.092641
