-2.185930	-4.050079	-0.613174	-1.577482	-5.270744	-1.088034	-3.836520	-0.593085	 0.188809	-3.986738	-1.823818	-0.499637
-2.400155	-4.042013	-0.588529	-1.824270	-5.261492	-1.085984	-3.829969	-0.586242	 0.194702	-4.227882	-1.820276	-0.499633
-2.504562	-4.033986	-0.575652	-1.445554	-5.252257	-1.083939	-3.823430	-0.582339	 0.197649	-4.343490	-1.816741	-0.499631
-2.554064	-4.025986	-0.568661	-1.255111	-5.243038	-1.081897	-3.816901	-0.579908	 0.199122	-4.396342	-1.813213	-0.499630
-2.576121	-4.018008	-1.064614	-1.158805	-5.233835	-1.079859	-3.810384	-0.578213	 0.199859	-3.917827	-1.809692	-0.499629
-2.584460	-4.010048	-1.311057	-1.109570	-5.224648	-1.077825	-3.803878	-0.576887	 0.200227	-3.674749	-1.806177	-0.499629
-2.585946	-4.002106	-0.932749	-1.083872	-5.215478	-1.075795	-3.797383	-0.575747	-0.299589	-4.049399	-1.802670	-0.499629
-2.584011	-3.994180	-0.743050	-1.069946	-5.206324	-1.073768	-3.790899	-0.574700	-0.548669	-4.231811	-1.799169	-0.499629
-2.580370	-3.986270	-0.647657	-1.061908	-5.197185	-1.071745	-3.784426	-0.573700	-0.672384	-4.318114	-1.795675	-0.499629
-2.075883	-3.978376	-0.599418	-1.056816	-5.188063	-1.069727	-3.777964	-0.572726	-0.733417	-3.856374	-1.792188	-0.499629
-1.822013	-3.970497	-0.574757	-1.053199	-5.178956	-1.067712	-3.771513	-0.571764	-0.763111	-3.621734	-1.788708	-0.499629
-2.193455	-3.962634	-0.561886	-1.050321	-5.169866	-1.065700	-3.765073	-0.570809	-0.277138	-3.500652	-2.285234	-0.499629
-2.376521	-3.954787	-0.554911	-1.047816	-5.160792	-1.063693	-3.758644	-0.569859	-0.034151	-3.436358	-2.530796	-0.499629
-2.465405	-3.946956	-0.550885	-1.045499	-5.151733	-1.061689	-3.752227	-0.568912	 0.087342	-3.400466	-2.150881	-0.499629
-2.507203	-3.939140	-0.548335	-1.043279	-5.142691	-1.059689	-3.745820	-0.567967	 0.148089	-3.378783	-1.959205	-0.499629
-2.525464	-3.931339	-0.546524	-1.041108	-5.133664	-1.057693	-3.739424	-0.567024	 0.178462	-3.864213	-1.861650	-0.499629
-2.531961	-3.923554	-0.545083	-1.038965	-5.124653	-1.055701	-3.733039	-0.566083	 0.193649	-4.102097	-1.811160	-0.499629
-2.532583	-3.915784	-0.543829	-1.036838	-5.115658	-1.053712	-3.726665	-0.565143	 0.201242	-4.216219	-1.784205	-0.499629
-2.030271	-3.908030	-0.542669	-1.034720	-5.106679	-1.051728	-3.720302	-0.564206	 0.205039	-3.768471	-1.769021	-0.499629
-1.777534	-3.900291	-0.541556	-1.032610	-5.097716	-1.049746	-3.713949	-0.563269	 0.206937	-3.540908	-1.759726	-0.499629
-2.149587	-3.892567	-0.540469	-1.030506	-5.088768	-1.047769	-3.707608	-0.562334	 0.207886	-3.423447	-1.753379	-0.499629
-2.333004	-3.884859	-0.539396	-1.028407	-5.079836	-1.045795	-3.701277	-0.561401	 0.208361	-3.361045	-1.748510	-0.499629
-2.422107	-3.877166	-1.038331	-1.026312	-5.070919	-1.043825	-3.694957	-0.560470	 0.208598	-3.326181	-1.744382	-0.499629
-2.464060	-3.869488	-1.286288	-1.024222	-5.062019	-1.041859	-3.688648	-0.559540	 0.208717	-3.305093	-1.740628	-0.499629
-2.482442	-3.861825	-0.908759	-1.022136	-5.553134	-1.039897	-3.682350	-0.558611	 0.208776	-3.290902	-2.237064	-0.499629
-2.489045	-3.854178	-0.719473	-1.020054	-5.793386	-1.037938	-3.676062	-0.557684	 0.208806	-3.280167	-2.482629	-0.499629
-2.489763	-3.846546	-0.624309	-1.017977	-5.408218	-1.035983	-3.669785	-0.556758	-0.291179	-3.271169	-2.602762	-0.499629
-2.487545	-3.838928	-0.576207	-1.015904	-5.211225	-1.034031	-3.663519	-0.555835	-0.540353	-3.263046	-2.660184	-0.499629
-2.483863	-3.831326	-0.551637	-1.013835	-5.108328	-1.032083	-3.657264	-0.554912	-0.664123	-3.255370	-2.686257	-0.499629
-2.479455	-3.823739	-1.038835	-1.011770	-5.052487	-1.030139	-3.651019	-0.553991	-0.225192	-3.247925	-2.196659	-0.499629
-2.474689	-3.816167	-1.280934	-1.009709	-5.020181	-1.028199	-3.644785	-0.553072	-0.005727	-3.240604	-1.950203	-0.499629
-2.469750	-3.808610	-0.900488	-1.007653	-4.999650	-1.026262	-3.638562	-0.552154	 0.104006	-3.233352	-2.325321	-0.499629
-2.464729	-3.801068	-0.709754	-1.005601	-4.985015	-1.024329	-3.632349	-0.551238	 0.158872	-3.226143	-2.510257	-0.499629
-2.459672	-3.793541	-0.613877	-1.003553	-4.973336	-1.022399	-3.626147	-0.550323	 0.186306	-3.718964	-2.100109	-0.499629
-2.454604	-3.786028	-0.565429	-1.001509	-4.963141	-1.020474	-3.619955	-0.549410	 0.200022	-3.960696	-1.893394	-0.499629
-2.449534	-3.778531	-0.540698	-0.999470	-4.953698	-1.018551	-3.613774	-0.548498	-0.293120	-4.076895	-2.288398	-0.499629
-2.444469	-3.771049	-0.527825	-0.997434	-4.944636	-1.016633	-3.607604	-0.547588	-0.538877	-4.130338	-2.483295	-0.499629
-2.439411	-3.763581	-0.520883	-0.995403	-4.935774	-1.014718	-3.601444	-0.546679	-0.660943	-4.152413	-2.578143	-0.499629
-2.434363	-3.756128	-0.516907	-0.993376	-4.427019	-1.012806	-3.595294	-0.545772	-0.721166	-3.658814	-2.122971	-0.499629
-2.429324	-3.748690	-0.514415	-0.991353	-4.169203	-1.010899	-3.589155	-0.544866	-0.750468	-3.408499	-1.893766	-0.499629
-2.424296	-3.741266	-0.512666	-0.989334	-4.536862	-1.008994	-3.583027	-0.543962	-0.264312	-3.279834	-1.777547	-0.499629
-2.419277	-3.733858	-0.511290	-0.987319	-4.716387	-1.007094	-3.576909	-0.543059	-0.021235	-3.212002	-1.717825	-0.499629
-2.414269	-3.726463	-0.510101	-0.485309	-4.301853	-0.505197	-3.570802	-0.542158	 0.100304	-3.174594	-1.686354	-0.499629
-2.409271	-3.719084	-0.509006	-0.234303	-4.091174	-0.254248	-3.564704	-0.541258	 0.161074	-3.152406	-1.669011	-0.499629
-2.404284	-3.211719	-1.007960	-0.108801	-3.482430	-0.128774	-2.558618	-0.040360	 0.191459	-2.637835	-1.658736	-0.499629
-2.399307	-2.955359	-1.255956	-0.046049	-3.175535	-0.066037	-2.054249	 0.210089	 0.206651	-2.378191	-1.651998	-0.499629
-2.394340	-2.824507	-1.378477	-0.014674	-3.019570	-0.034668	-1.800741	 0.335314	 0.214247	-2.246017	-1.647031	-0.499629
-1.889384	-2.756413	-0.938263	 0.501014	-1.939075	 0.481016	-1.172667	 0.897926	 0.718045	-1.677582	-1.142954	 0.000371
-1.635472	-2.719705	-0.718156	 0.757823	-1.398073	 0.737920	-0.858164	 1.178020	 0.968680	-1.392133	-0.890294	 0.249837
-1.007087	-0.698694	 0.391898	 1.385194	 2.373179	 1.365434	 2.799551	 1.816857	 1.592735	 3.251821	 0.736654	 0.874569
-0.692894	 0.310502	 0.945449	 1.696830	 4.253413	 1.677315	 4.622896	 2.134238	 1.902468	 5.565029	 1.547834	 1.185334
 0.964202	 6.313793	 1.220752	 1.850603	 7.188147	 1.831381	 7.029065	 1.790895	 1.055045	 12.212883	 1.951133	-0.160881
 1.790037	 9.303243	 1.356934	 1.925449	 8.646630	 1.906545	 8.224094	 1.618022	 0.631333	 15.515863	 2.150496	-0.832379
 3.700247	 14.785797	 0.923558	 1.960835	 11.867003	 1.942260	 10.313567	 1.530386	-0.580523	 18.146452	 2.247896	-1.666522
 4.649545	 17.507005	 0.706870	 1.976495	 13.463949	 1.958255	 11.347715	 1.485371	-1.184595	 19.438672	 2.294319	-2.080922
 5.118399	 18.847581	 0.598526	 1.982297	 14.249204	 1.964392	 11.854218	 1.461669	-1.484780	 20.061757	 2.315258	-2.285457
 4.847043	 20.997879	 1.544354	 1.983173	 22.628637	 3.965605	 14.596916	 2.448624	-0.633025	 24.350327	 4.323458	-1.885065
 4.706629	 22.050109	 2.014821	 1.981591	 26.791140	 4.960592	 15.953462	 2.939251	-0.207148	 26.462805	 5.321411	-1.683284
 8.631695	 32.053349	 3.247614	 4.478784	 30.845226	 5.952476	 21.116956	 4.681719	 2.005791	 34.987308	 10.814251	 1.419190
 10.581232	 37.043522	 3.859608	 5.720277	 32.841640	 6.441878	 23.676267	 5.547622	 3.107894	 39.238112	 13.544837	 2.965597
 14.043030	 41.527184	 4.161213	 6.333935	 34.809273	 7.180051	 25.433524	 5.975252	 3.154587	 42.352089	 14.894327	 3.733981
 15.755811	 43.756841	 4.307631	 6.633689	 35.760813	 7.541679	 26.288938	 6.183754	 3.174621	 43.896904	 15.553300	 4.113364
 16.594120	 45.859519	 4.376464	 7.276506	 36.704363	 7.215050	 27.193471	 6.282702	 3.681331	 44.657161	 16.367044	 4.298257
 16.995231	 46.898349	 4.406514	 7.589851	 37.143098	 7.045248	 27.621750	 6.326880	 3.930351	 45.024781	 16.757234	 4.385916
 17.177781	 47.405278	 4.417181	 7.738476	 37.329482	 6.953871	 27.811941	 6.343683	 4.050535	 45.196105	 16.935679	 4.424966
 17.251087	 47.646280	 4.418164	 7.304757	 37.389750	 7.401719	 27.383130	 6.346806	 4.106311	 44.769304	 16.508284	 4.439724
 17.269808	 47.754532	 4.414314	 7.080901	 37.387017	 7.618250	 27.145713	 6.343099	 4.129890	 44.543655	 16.278972	 4.442345
 16.761274	 47.296432	 4.408057	 7.461991	 36.852841	 7.719137	 27.004031	 6.335986	 4.137381	 44.418604	 16.148732	 4.438908
 16.490185	 47.055268	 4.400604	 7.644550	 36.553879	 7.762215	 26.910257	 6.327178	 4.136836	 44.343965	 16.068058	 4.432452
 16.337853	 46.422595	 4.392561	 7.227859	 36.372580	 7.776402	 26.840476	 6.317531	 4.132283	 44.294554	 16.012198	 4.424496
 16.244934	 46.094292	 4.384233	 7.012579	 36.250168	 7.776159	 26.782730	 6.307473	 4.125733	 44.257882	 15.968774	 4.415802
 16.181756	 45.918196	 4.375770	 6.898017	 36.157255	 7.768713	 26.731041	 6.297219	 4.118195	 44.227601	 15.931599	 4.406747
 16.133484	 45.818225	 4.367248	 6.833829	 36.079148	 7.757681	 26.682419	 6.286876	 4.110171	 44.200539	 15.897578	 4.397523
 16.092698	 45.756341	 4.358705	 6.794841	 36.008499	 7.744868	 26.635369	 6.276496	 4.101913	 44.175108	 15.865164	 4.388223
 16.055691	 45.713520	 4.850160	 7.268468	 35.941635	 7.731180	 26.589145	 6.266107	 4.093547	 44.150515	 15.833584	 4.378897
 16.020608	 45.680055	 5.090640	 7.497399	 35.876719	 7.717067	 26.543372	 6.255722	 4.085136	 44.126163	 15.802451	 4.369566
 15.986520	 45.651289	 4.705643	 7.103996	 35.812831	 7.702755	 26.497864	 6.245347	 4.076711	 44.101954	 15.771570	 4.360244
 15.952964	 45.625096	 4.508899	 6.900462	 35.749513	 7.688358	 26.452526	 6.234986	 4.068287	 44.078039	 15.740846	 4.350935
 15.919709	 45.600211	 4.406292	 6.791876	 35.686535	 7.673932	 26.407312	 6.224641	 4.059873	 44.054293	 15.710229	 4.341644
 15.886638	 45.576002	 4.350760	 6.730777	 35.623782	 7.659505	 26.362199	 6.214312	 4.051473	 44.030654	 15.679696	 4.332371
 15.853694	 45.552154	 4.318774	 6.693437	 35.561197	 7.645091	 26.317174	 6.203999	 4.043088	 43.507090	 15.649235	 4.823117
 15.820846	 45.528400	 4.298570	 6.667989	 35.498749	 7.630697	 26.272232	 6.193704	 4.034719	 43.233479	 15.618838	 5.062815
 15.788081	 45.504717	 4.284265	 6.648501	 35.436426	 7.616327	 26.227370	 6.183426	 4.026367	 43.084867	 15.588504	 5.177000
 15.755391	 45.481090	 4.272918	 6.632007	 35.374219	 7.101982	 26.182586	 6.173164	 4.018033	 43.498775	 15.558230	 4.728441
 15.722772	 45.457714	 4.263058	 6.617024	 35.312125	 6.838605	 26.137879	 6.162920	 4.009715	 43.694168	 15.528016	 4.499590
 15.690222	 45.434486	 4.253950	 6.602809	 35.250142	 6.700724	 26.093248	 6.152693	 4.001414	 43.780324	 15.497860	 4.880603
 15.657741	 45.411247	 4.245225	 6.588994	 35.188269	 6.625602	 26.048694	 6.142482	 3.993131	 43.811776	 15.467764	 5.065490
 15.625327	 45.388023	 4.236701	 7.075390	 35.126504	 7.081872	 26.004217	 6.132289	 3.984865	 43.815898	 15.437726	 4.652325
 15.592981	 45.364740	 4.228286	 7.310889	 35.064848	 7.302907	 25.959815	 6.122112	 3.976616	 43.806288	 15.407746	 4.441215
 15.560702	 45.341449	 4.219932	 7.420954	 35.003301	 7.406338	 25.915489	 6.111953	 3.468384	 43.789834	 15.377824	 4.331142
 15.528490	 45.318279	 4.211618	 7.468318	 34.941861	 7.450981	 25.871239	 6.101810	 3.211204	 43.770082	 15.347961	 4.271597
 15.496344	 45.295191	 4.203332	 7.484347	 34.880530	 7.466242	 25.827064	 6.091684	 3.079556	 43.748703	 15.318156	 4.237326
 15.464265	 45.272166	 4.195067	 7.484725	 34.819306	 7.466827	 25.782965	 6.081575	 3.510681	 43.726533	 15.288408	 4.715701
 15.432252	 45.248984	 4.186822	 7.477291	 34.758189	 7.460086	 25.738941	 6.071482	 3.722164	 43.703778	 15.258719	 4.949341
 15.400306	 45.225744	 4.178595	 6.965969	 34.697180	 6.949696	 25.694992	 6.061407	 3.823834	 43.680752	 15.229087	 4.560625
 15.368426	 45.202801	 4.170384	 6.703735	 34.636278	 6.688436	 25.651118	 6.051348	 3.870605	 43.657915	 15.199512	 4.361811
 15.336612	 45.180026	 4.162190	 6.566059	 34.575483	 7.051752	 25.607319	 6.041305	 3.889937	 43.635194	 15.169995	 4.757958
 15.304863	 45.157157	 4.154012	 6.490675	 34.514795	 7.226427	 25.563595	 6.031280	 3.895556	 43.612351	 15.140535	 4.950526
 15.273181	 45.134261	 4.145850	 6.946451	 34.454213	 7.306793	 25.519946	 6.021271	 3.894328	 43.589469	 15.111133	 4.541317
 15.241563	 45.111379	 4.137704	 7.166801	 34.393737	 7.340019	 25.476371	 6.011279	 3.889684	 43.566593	 15.081787	 4.332299
 15.210012	 45.088524	 4.129575	 7.269454	 34.333368	 7.349688	 25.432870	 6.001303	 3.883341	 43.543742	 15.052499	 4.223386
 11.678526	 37.565705	 2.621461	 4.813274	 32.273104	 6.847591	 23.389444	 4.491344	 2.876157	 40.520925	 11.523268	 4.664535
 9.904350	 33.774549	 1.866310	 3.582784	 31.216457	 6.590566	 22.349507	 3.733890	 2.370630	 38.967870	 9.750890	 4.879656
 11.008847	 29.349283	 0.987643	 2.465144	 23.661665	 3.956088	 16.311346	 2.352694	-0.384064	 29.649789	 5.356954	 1.481775
 11.548557	 27.111972	 0.548310	 1.904952	 19.870133	 2.637605	 13.283494	 1.661289	-1.758162	 24.968168	 3.159051	-0.215119
 7.305901	 22.968687	 0.328643	 1.623486	 14.960256	 1.977120	 11.260813	 1.314783	-1.441969	 20.604826	 2.059166	-0.561524
 5.181402	 20.878405	 0.218810	 1.481387	 12.496497	 1.645638	 10.241585	 1.140726	-1.282707	 18.405118	 1.508292	-0.733757
 3.615988	 16.314661	 0.163893	 1.408974	 9.255812	 1.478659	 7.224098	 1.052895	-0.701914	 13.787265	 1.231925	-0.318905
 2.831159	 14.021154	 0.136435	 1.371406	 7.630191	 1.393935	 5.711763	 1.008179	-0.411517	 11.468155	 1.092814	-0.111480
 2.436626	 12.862789	 0.122706	 1.351264	 6.812111	 1.350339	 4.952010	 0.985022	-0.266318	 10.298439	 1.022333	-0.007767
 1.237246	 9.272017	 0.115841	 0.839838	 3.397810	 1.327311	 1.568555	 0.472645	-0.193719	 3.703443	-1.013832	-0.455910
 0.637556	 7.471006	 0.112409	 0.584124	 1.690660	 1.314568	-0.121623	 0.216456	-0.157420	 0.409156	-2.028953	-0.679017
-0.662289	 2.064886	 0.110693	-0.043732	-2.162915	 0.306971	-2.465166	-0.411638	-0.639270	-2.234783	-2.533558	-0.789606
-1.310180	-0.634865	 0.109835	-0.356977	-4.084423	-0.196168	-3.632832	-0.724822	-0.879035	-3.551335	-2.782910	-0.843940
-2.132099	-2.981439	-0.390594	-1.012917	-5.539906	-0.447079	-4.712566	-1.380553	-0.997759	-4.704204	-2.904642	-0.870147
-2.540001	-4.149451	-0.639934	-1.339187	-6.261508	-0.571877	-5.247488	-1.706729	-1.055965	-5.274133	-2.962570	-0.882293
-2.740901	-4.728191	-0.763730	-1.500626	-7.116180	-1.133620	-5.510013	-1.868130	-1.083915	-5.552608	-3.488601	-0.887411
-2.838306	-5.012307	-0.824756	-1.579654	-7.536521	-1.412895	-5.636347	-1.947147	-1.096740	-5.685369	-3.747718	-0.889016
-2.883970	-5.149121	-0.854399	-1.617478	-7.739708	-1.550938	-5.694594	-1.984974	-1.102003	-5.745287	-3.873386	-0.888868
-2.903770	-5.212294	-0.868352	-1.634705	-7.834331	-1.618369	-5.718806	-2.502209	-1.603489	-5.768799	-3.932337	-1.387844
-2.910643	-5.238657	-0.874461	-1.641637	-7.874684	-1.650497	-5.726009	-2.758321	-1.852053	-5.774122	-3.957937	-1.635317
-2.911061	-5.246626	-0.876651	-1.643424	-7.887914	-1.664976	-5.724716	-2.383876	-1.474161	-5.770365	-3.966869	-1.257043
-2.908256	-5.245407	-0.876883	-1.642642	-7.887595	-1.670634	-5.719183	-2.194986	-1.284080	-5.762082	-3.967474	-1.066967
-2.903846	-5.239605	-0.876137	-1.640579	-7.880513	-1.671884	-6.211538	-2.098876	-1.187907	-5.751550	-3.963924	-1.470993
-2.898640	-5.231522	-0.874904	-1.637879	-7.870062	-1.670933	-6.451993	-2.049160	-1.138691	-5.739908	-3.958304	-1.671003
-3.393042	-5.722309	-0.873429	-1.634864	-7.857939	-1.668885	-6.066506	-2.022643	-1.112955	-5.727725	-3.951655	-1.269009
-3.636219	-5.961550	-0.871835	-1.631695	-7.844992	-1.666291	-5.868913	-2.007728	-1.098962	-5.715286	-3.944501	-1.067086
-3.753793	-6.075031	-0.870183	-1.628453	-7.831645	-1.663427	-5.765274	-1.998617	-1.090842	-5.702733	-3.937100	-0.965201
-3.808572	-6.125644	-1.368504	-1.625176	-8.318109	-1.660431	-5.708622	-1.992410	-1.585662	-5.690136	-3.929584	-1.413336
-3.831963	-6.144835	-1.615830	-1.621887	-8.553615	-1.657372	-5.675470	-1.987659	-1.830918	-5.677533	-3.922018	-1.635416
-3.839668	-6.148328	-1.737663	-1.618594	-8.163654	-1.654284	-6.654077	-1.983638	-1.451397	-5.664939	-3.914434	-1.244471
-3.839539	-6.143983	-1.796753	-1.615302	-7.961851	-1.651185	-7.136864	-1.979985	-1.260528	-5.652365	-3.906849	-1.048088
-3.835500	-6.135731	-1.324475	-2.112015	-7.854139	-1.648084	-6.371752	-1.976519	-1.163986	-5.639814	-3.899270	-1.448986
-3.829515	-6.125538	-1.087498	-2.357715	-7.793485	-1.644984	-5.984410	-1.973148	-1.114610	-5.627289	-3.891702	-1.647459
-3.822564	-6.114387	-0.968175	-1.977915	-7.756371	-1.641887	-5.785960	-1.969829	-1.088819	-6.114790	-3.884146	-1.244724
-3.815140	-6.102768	-0.907679	-1.786387	-7.731040	-1.638795	-5.681965	-1.966537	-1.074824	-6.351209	-3.876604	-1.042458
-3.307487	-6.090928	-0.876599	-1.688999	-8.211612	-1.635709	-6.125206	-1.963262	-1.066728	-6.462101	-3.869076	-0.940427
-3.050762	-6.078988	-0.860228	-1.638684	-8.444269	-1.632628	-6.341218	-1.959999	-1.061584	-6.510248	-3.861563	-0.888516
-2.919508	-6.067011	-0.851214	-1.611910	-8.552982	-1.629553	-6.443626	-1.956743	-1.057919	-6.527037	-3.854064	-0.861667
-3.350994	-5.555028	-0.845879	-1.596908	-8.099738	-1.626483	-5.989241	-1.953495	-1.054995	-6.028164	-3.846580	-0.847351
-3.562823	-5.294043	-0.842386	-1.587797	-7.866404	-1.623420	-5.757324	-1.950252	-1.052444	-5.772586	-3.839110	-0.839303
-3.664830	-5.658566	-0.839816	-1.581634	-7.743039	-1.620362	-5.636648	-1.947015	-1.550082	-5.638670	-3.831654	-0.834391
-3.711935	-5.834865	-0.837708	-1.576948	-7.674669	-1.617309	-5.571600	-1.943784	-1.796781	-5.565598	-3.824213	-0.831049
-3.731596	-5.917062	-0.835833	-1.573004	-7.633808	-1.614263	-5.534376	-1.940558	-1.418016	-5.522963	-3.816787	-0.828494
-3.737544	-5.952221	-0.834076	-1.569434	-7.606714	-1.611222	-5.511070	-1.937338	-1.227558	-5.495558	-3.809375	-0.826335
-3.736644	-5.463872	-1.332380	-1.566055	-7.586515	-1.608187	-5.494732	-1.934123	-1.131255	-5.475783	-3.801977	-0.824375
-3.732327	-5.214771	-1.579734	-1.562774	-7.569776	-1.605158	-5.481886	-1.930913	-1.082032	-5.459835	-3.794594	-0.822516
-3.726309	-5.085303	-1.701616	-1.559546	-7.554777	-1.602134	-5.470794	-1.927709	-1.056352	-5.445816	-3.787225	-0.820710
-3.719450	-5.015663	-1.260765	-1.556347	-8.040661	-1.599116	-5.460587	-1.924510	-1.042445	-5.432773	-3.779870	-0.818933
-3.712178	-4.975945	-1.039535	-1.553166	-8.276119	-1.596104	-5.450830	-1.921316	-1.034427	-5.420233	-3.772530	-0.817171
-3.704707	-5.451199	-1.428115	-1.549997	-7.886379	-1.593098	-5.441306	-2.418128	-1.029356	-5.407957	-3.765203	-0.815420
-3.697145	-5.682958	-1.620621	-1.546838	-7.684929	-1.590097	-5.431907	-2.664115	-1.025760	-5.395826	-3.757892	-0.813675
-3.689545	-5.292981	-1.215093	-1.543686	-7.577637	-1.587102	-5.422578	-1.784694	-1.022904	-5.383781	-3.750594	-0.811935
-3.681933	-5.093138	-1.011533	-1.540542	-7.517434	-1.584112	-5.413292	-1.344232	-1.020420	-5.371793	-3.743310	-0.810200
-3.674325	-4.988371	-0.908960	-1.537404	-7.480789	-1.581128	-5.404035	-1.123251	-1.018125	-5.359846	-3.736041	-0.808469
-3.666725	-4.931152	-0.856881	-1.534273	-7.455932	-1.578150	-5.394801	-1.012012	-1.015925	-5.347934	-3.728786	-0.806742
-3.659138	-4.897717	-0.830051	-1.531148	-7.436983	-1.575177	-5.385586	-0.955645	-1.013777	-5.336051	-3.721544	-0.805018
-3.651565	-4.876183	-0.815847	-1.528030	-7.420998	-1.572210	-5.376389	-0.926715	-1.011655	-5.324196	-3.714317	-0.803298
-3.644007	-4.860609	-0.807957	-1.524918	-7.406506	-1.569248	-5.367208	-0.911506	-1.009549	-5.312369	-3.707104	-0.801582
-3.636464	-4.848025	-0.803226	-1.521812	-7.392773	-1.566292	-5.358043	-1.403157	-1.007454	-5.300569	-3.699905	-0.799870
-3.628936	-4.836946	-0.800076	-1.518713	-7.379431	-1.563342	-5.348894	-1.647411	-1.005365	-5.288795	-3.692720	-0.798161
-3.621424	-4.826627	-0.797719	-1.515620	-7.366295	-1.560397	-5.339761	-1.767968	-1.003283	-5.277047	-3.185549	-0.796456
-3.613927	-4.816699	-0.795758	-1.512534	-7.353274	-1.557458	-5.330643	-1.826679	-1.001205	-5.265325	-2.929363	-0.794755
-3.606446	-4.806976	-0.793998	-1.509454	-7.340321	-1.554524	-5.321541	-1.854471	-0.999132	-5.753630	-3.298674	-0.793057
-3.598980	-4.797365	-0.792340	-1.506379	-7.327414	-1.551596	-5.312455	-1.866805	-0.997064	-5.990849	-3.479768	-0.791363
-3.591530	-4.787818	-0.790734	-1.503312	-7.314541	-1.548673	-5.303384	-1.871412	-0.995000	-6.102542	-3.566760	-0.789673
-3.084095	-4.778314	-0.789156	-1.500250	-7.301697	-1.545756	-5.294328	-1.872159	-0.992940	-5.651487	-3.106709	-0.787986
-2.827711	-4.768840	-0.787593	-1.497195	-7.288877	-1.542844	-5.285288	-1.870979	-0.990884	-5.420184	-2.874113	-0.786303
-2.696857	-4.759391	-0.786040	-1.494146	-7.276082	-1.539938	-5.276264	-1.868837	-0.988833	-5.298769	-3.255250	-0.784623
-2.628774	-4.749963	-0.784492	-1.491103	-7.263310	-1.537037	-5.267255	-1.866218	-0.986786	-5.232312	-3.442288	-0.782947
-3.092083	-4.740555	-0.782949	-1.488066	-7.750561	-1.534142	-5.258261	-1.363361	-0.984743	-5.193346	-3.532283	-1.281274
-3.320057	-4.731167	-0.781410	-1.485036	-7.986957	-1.531252	-5.249282	-1.111219	-0.982705	-5.168138	-3.573763	-1.528537
-3.430371	-4.721797	-0.779875	-1.482012	-7.597938	-1.528368	-5.240319	-1.484435	-0.980671	-5.149823	-3.090993	-1.150272
-3.481864	-4.712447	-0.778342	-1.478994	-7.397101	-1.525489	-5.231372	-1.669502	-0.978640	-5.134966	-2.847075	-0.960315
-3.503953	-4.703115	-0.776813	-1.475982	-7.290368	-1.522615	-5.222439	-1.760497	-0.976615	-5.121851	-2.722589	-0.864513
-3.511348	-4.693801	-0.775286	-1.472976	-7.230696	-1.519747	-5.213522	-1.804458	-0.974593	-5.109619	-3.157823	-0.815792
-3.511403	-4.684506	-0.773763	-1.469976	-7.194567	-1.516884	-5.204620	-1.824904	-0.972575	-5.097843	-3.371951	-0.790612
-3.507796	-4.675229	-0.772243	-1.466982	-7.170220	-1.514027	-5.195733	-1.333597	-0.970562	-5.086305	-2.975533	-0.777204
-3.502366	-4.665971	-0.770726	-1.463995	-7.151775	-1.511175	-5.186861	-1.087244	-0.968553	-5.074901	-2.774820	-0.769684
-3.496031	-4.656731	-1.269211	-1.961013	-7.636292	-1.508329	-5.678005	-0.963370	-0.966548	-5.063575	-2.671964	-1.265110
-3.489252	-4.647510	-1.516718	-2.207020	-7.871424	-1.505487	-5.918310	-0.900736	-0.964547	-5.052301	-2.618041	-1.510943
-2.982257	-4.638306	-1.138738	-1.827525	-7.481875	-1.502652	-6.033204	-1.368724	-0.962550	-5.041065	-3.088590	-1.131983
-2.726198	-4.629121	-0.949000	-1.636303	-7.280876	-1.499821	-6.085403	-1.601194	-0.960558	-5.029861	-3.320409	-0.941699
-2.595612	-4.619954	-0.853386	-1.539221	-7.174164	-1.496996	-6.106262	-1.715907	-0.958569	-5.018685	-3.432869	-0.845754
-3.027767	-4.610805	-0.804834	-1.489211	-7.114605	-1.494176	-5.611461	-1.271745	-0.956585	-5.007536	-3.485657	-0.796981
-3.240264	-4.601675	-0.779815	-1.462741	-7.078634	-1.491361	-5.359692	-1.048977	-0.954605	-4.996412	-3.508615	-0.771795
-3.342938	-4.592562	-0.766564	-1.448043	-7.054467	-1.488552	-5.229447	-0.936908	-0.952629	-4.985313	-3.016665	-0.758405
-3.390709	-4.583468	-0.759199	-1.439235	-7.036214	-1.485748	-5.159970	-0.880188	-0.950657	-4.974239	-2.768238	-0.750914
-2.911036	-4.574391	-0.754777	-1.433374	-7.020928	-1.482950	-5.120886	-0.851146	-0.948689	-4.963190	-3.141578	-0.746374
-2.668682	-4.565333	-0.751830	-1.428990	-7.007137	-1.480156	-5.097006	-0.835942	-0.946725	-4.952166	-3.324835	-0.743312
-3.044994	-4.556292	-0.749620	-1.425348	-6.994104	-1.477368	-5.080735	-0.827659	-0.944765	-4.941166	-3.413057	-0.740990
-3.229609	-4.547269	-0.747781	-1.422079	-6.981461	-1.474585	-5.068275	-0.822838	-0.942809	-4.930190	-3.453769	-0.739041
-3.318383	-4.538264	-0.746129	-1.419000	-6.969023	-1.471808	-5.057729	-0.819749	-0.940857	-4.919239	-3.470731	-0.737278
-3.359243	-4.529277	-0.744571	-1.416018	-6.956699	-1.469035	-5.048147	-1.317526	-0.938910	-4.908312	-2.975826	-0.735612
-3.376153	-4.520308	-0.743062	-1.413089	-6.944443	-1.466268	-5.039054	-1.564909	-0.936966	-4.897410	-2.725965	-0.733995
-3.381097	-4.511357	-0.741580	-1.910188	-6.932230	-1.463506	-5.030214	-1.187096	-0.935026	-4.886531	-3.098630	-0.732404
-3.380064	-4.502423	-0.740111	-2.156287	-6.920051	-1.460749	-5.021506	-0.997519	-0.933091	-4.875677	-3.281592	-0.730828
-3.376050	-4.493507	-0.738651	-1.776890	-6.907899	-1.457998	-5.012873	-0.902059	-0.931159	-4.864847	-2.869708	-0.729261
-3.370553	-4.484609	-0.737197	-1.585768	-6.895771	-1.455251	-5.004284	-0.853660	-0.929232	-4.854041	-2.661380	-0.727700
-3.364321	-4.475728	-0.735747	-1.488787	-6.883666	-1.452510	-4.995725	-0.828793	-0.927308	-4.843259	-3.054835	-0.726144
-3.357729	-4.466865	-0.734301	-1.438880	-6.871583	-1.449774	-4.987187	-0.815692	-0.925388	-4.832501	-3.248213	-0.724592
-3.350965	-4.458019	-0.732858	-1.412511	-6.859521	-1.447043	-4.978668	-0.808476	-0.923473	-4.821767	-3.341561	-0.723044
-3.344121	-4.449191	-0.731418	-1.397916	-6.847481	-1.444317	-4.970165	-1.304203	-0.921561	-4.811057	-3.384900	-0.721499
-3.337245	-4.440380	-0.729981	-1.389210	-6.835462	-1.441597	-4.961678	-1.550573	-0.919653	-4.800370	-3.403240	-0.719958
-3.330360	-4.431587	-0.728546	-1.383451	-6.823464	-1.438881	-4.953205	-1.172267	-0.917750	-4.789708	-2.909088	-0.718420
-3.323478	-4.422811	-0.727115	-1.379168	-6.811487	-1.436171	-4.944748	-0.982455	-0.915850	-4.779068	-2.659667	-0.716885
-3.316604	-4.414053	-0.725686	-1.375627	-6.799531	-1.433465	-4.936304	-0.886891	-0.913954	-4.768453	-2.532616	-0.715354
-3.309741	-4.405312	-0.724260	-1.372460	-6.787596	-1.430765	-4.927876	-0.838453	-0.912062	-4.757861	-2.466755	-0.713826
-2.802891	-4.396588	-0.722837	-1.369481	-6.775682	-1.428070	-4.919461	-0.813578	-0.910174	-4.747293	-2.931493	-0.712301
-2.547089	-4.387882	-0.721417	-1.366601	-6.763789	-1.425380	-4.911061	-0.800486	-0.908290	-4.736748	-3.160565	-0.710779
-2.916817	-4.379192	-0.720000	-1.363772	-7.251917	-1.422695	-4.902676	-1.293287	-0.906409	-4.726226	-2.771809	-0.709261
-3.098279	-4.370520	-0.718585	-1.360972	-7.489188	-1.420015	-4.894305	-1.538205	-0.904533	-4.715728	-2.575117	-0.707746
-3.185615	-4.361866	-0.717173	-1.358189	-7.601043	-1.417340	-4.885948	-1.659185	-0.902661	-4.705254	-2.474462	-0.706234
-3.225896	-4.353228	-0.715764	-1.355417	-7.150201	-1.414671	-4.877605	-1.218198	-0.400792	-4.694802	-2.921830	-0.704725
-3.242655	-4.344607	-0.714358	-1.352654	-6.918901	-1.412006	-4.869277	-0.997059	-0.149858	-4.684374	-3.142242	-0.703220
-3.247661	-4.336004	-0.712954	-1.349898	-6.797381	-1.409346	-4.860962	-0.885846	-0.524391	-5.173969	-3.249183	-0.701718
-3.246798	-4.327417	-0.711553	-1.347148	-6.730763	-1.406691	-4.852662	-0.829597	-0.710727	-5.412476	-3.299395	-0.700219
-3.243006	-4.318848	-0.710155	-1.344404	-6.691605	-1.904042	-4.844377	-1.300830	-0.802966	-5.025454	-3.321248	-0.698723
-3.237758	-4.310295	-0.708760	-1.341666	-6.666188	-2.150455	-4.836105	-1.534977	-0.848159	-4.826791	-3.328929	-0.697230
-3.231788	-4.301760	-0.707368	-1.338934	-6.647651	-1.771404	-4.827847	-1.150582	-0.869831	-4.722320	-2.829529	-0.695741
-3.225464	-4.293241	-0.705978	-1.336207	-6.632565	-1.580567	-4.819604	-0.957749	-0.879744	-4.664955	-2.577567	-0.694255
-3.218970	-4.284739	-0.704591	-1.333486	-6.619214	-1.483840	-4.811374	-0.860698	-0.883780	-4.631156	-2.449328	-0.692772
-2.712398	-4.276254	-0.703206	-1.330770	-6.606741	-1.434170	-5.303159	-0.811539	-0.884879	-4.609150	-2.882954	-0.691292
-2.456829	-4.267786	-0.701825	-1.328060	-6.594717	-1.408031	-5.544104	-0.786326	-0.884511	-4.593053	-3.096547	-0.689815
-2.826766	-4.259335	-0.700446	-1.325355	-6.582929	-1.393660	-5.159638	-0.773089	-0.883413	-4.579921	-2.700130	-0.688342
-3.008425	-4.250900	-0.699070	-1.322656	-6.571267	-1.385176	-4.963328	-0.765839	-0.881950	-4.568283	-2.499684	-0.686871
-3.095953	-5.242482	-1.197696	-1.319963	-6.559679	-1.379637	-4.861103	-1.261585	-0.880307	-4.557403	-2.397229	-0.685404
-3.136422	-5.732101	-1.445343	-1.317274	-6.548139	-1.375573	-4.805928	-1.508000	-0.878576	-4.546914	-2.343773	-0.683940
-2.653368	-4.970749	-1.067503	-1.314592	-6.536632	-1.372249	-4.774284	-1.129752	-0.376803	-4.536631	-2.814821	-0.682479
-2.409595	-4.585906	-0.877906	-1.311915	-6.525152	-1.369298	-4.754413	-0.940004	-0.125917	-4.526462	-3.047155	-0.681021
-2.285467	-4.389325	-0.782431	-1.309243	-6.513695	-1.366536	-4.740436	-0.844508	-0.000474	-4.516362	-3.160137	-0.679566
-2.721166	-4.286883	-0.734018	-1.306577	-6.502261	-1.363870	-5.229412	-0.796138	-0.437752	-4.506307	-3.213450	-0.678114
-2.935747	-4.231518	-0.709139	-1.303916	-6.490847	-1.361255	-5.469018	-0.771333	-0.655485	-4.496286	-3.236935	-0.676666
-3.039778	-4.199701	-0.696027	-1.301260	-6.479453	-1.358668	-5.083947	-0.758311	-0.263448	-4.486293	-3.245511	-0.675220
-3.088539	-4.179666	-0.688800	-1.298610	-6.468080	-1.356098	-4.887400	-0.751181	-0.067430	-4.476325	-3.246640	-0.673778
-3.109672	-4.165530	-0.684517	-1.295966	-6.456727	-1.353537	-4.785122	-0.746999	-0.469421	-4.466381	-3.244050	-0.672339
-3.116998	-4.154351	-0.681707	-1.293326	-6.445394	-1.350985	-4.729985	-0.744292	-0.669514	-4.456459	-3.239608	-0.670902
-3.117427	-4.144659	-0.679635	-1.290692	-6.434080	-1.348439	-4.698425	-0.742323	-0.268661	-4.446560	-2.734246	-0.669469
-3.114415	-4.135719	-0.677934	-1.288064	-6.422787	-1.345898	-4.678661	-0.740724	-0.068234	-4.436683	-2.479401	-0.668039
-3.109688	-4.127163	-0.676419	-1.285441	-6.411513	-1.343362	-4.664802	-0.739311	 0.031979	-4.426828	-2.349818	-0.666612
-3.104111	-4.618807	-0.674998	-1.282823	-6.400260	-1.340832	-4.653901	-1.237992	-0.417914	-4.416995	-2.782871	-0.665188
-3.098115	-4.859569	-0.673626	-1.280210	-6.389026	-1.338306	-4.644487	-1.485892	-0.641962	-4.407184	-2.996275	-0.663767
-3.091917	-4.474900	-0.672280	-1.277603	-6.377811	-1.335785	-4.635823	-1.108403	-0.753090	-4.397394	-3.099860	-0.662349
-3.085624	-4.278516	-0.670947	-1.275001	-6.366617	-1.333269	-4.627540	-0.919053	-0.807760	-4.387627	-3.148542	-0.660934
-3.079290	-4.176282	-0.669623	-1.272405	-6.355442	-1.330757	-4.619455	-0.823772	-0.834202	-4.377881	-3.169779	-0.659523
-3.072942	-4.121131	-0.668305	-1.269814	-6.344286	-1.328251	-4.611476	-0.775527	-0.846532	-4.368156	-3.177299	-0.658114
-3.066594	-4.089529	-0.666990	-1.267228	-6.333151	-1.325749	-4.603556	-0.750801	-0.851808	-4.358454	-2.677966	-0.656708
-3.060253	-4.069711	-0.665679	-1.264647	-6.322034	-1.323251	-4.595673	-0.737835	-0.853559	-4.348772	-2.426184	-0.655305
-3.053921	-4.055792	-0.664371	-1.262071	-6.310938	-1.320759	-4.587814	-0.730751	-0.853549	-4.339113	-2.298182	-0.653905
-3.047601	-4.044830	-0.663065	-1.259501	-6.299860	-1.318271	-5.079975	-0.726609	-0.852661	-4.329475	-2.732074	-0.652508
-3.041293	-4.035355	-0.661762	-1.256936	-6.288803	-1.315788	-5.321298	-0.723938	-0.851335	-4.319858	-2.945946	-0.651114
-3.034998	-4.026631	-0.660462	-1.254377	-6.277764	-1.813309	-4.937210	-0.722004	-0.349792	-3.810262	-3.049813	-0.649724
-3.028715	-4.018291	-0.659164	-1.251822	-6.266745	-2.059893	-4.741280	-0.720440	-0.099021	-3.551799	-3.098685	-0.648336
-3.022445	-4.010151	-1.157869	-1.249273	-6.255745	-1.681013	-4.639434	-0.719061	-0.473635	-3.918909	-3.120065	-0.646951
-3.016189	-4.002118	-1.405594	-1.246728	-6.244765	-1.490347	-4.584637	-0.717776	-0.660064	-4.097705	-3.127704	-0.645569
-3.009945	-3.994147	-1.027833	-1.244189	-6.233804	-1.393789	-4.553371	-0.716539	-0.752403	-4.182353	-3.128480	-0.644190
-3.003714	-3.986215	-0.838313	-1.241656	-6.222862	-1.344289	-4.533877	-0.715327	-0.797698	-4.219938	-3.125829	-0.642813
-2.997496	-3.978309	-0.742916	-1.239127	-6.211940	-1.318319	-4.520276	-0.714129	-0.819473	-4.234002	-3.121471	-0.641440
-2.991291	-3.970426	-0.694581	-1.236604	-6.201036	-1.304117	-4.509628	-0.712938	-0.829489	-4.236316	-2.616265	-0.640070
-2.985099	-3.962560	-0.669779	-1.234085	-6.190152	-1.295801	-4.500463	-0.711752	-0.833629	-4.232765	-2.361613	-0.638703
-2.478919	-3.954712	-0.656745	-1.231572	-6.179287	-1.290431	-4.492046	-0.710569	-0.834831	-3.726293	-2.232240	-0.637338
-2.223788	-3.946880	-0.649595	-1.229064	-6.168440	-1.286535	-4.484010	-0.709389	-0.834567	-3.469481	-2.165513	-0.635977
-2.594184	-3.939063	-0.645389	-1.226561	-6.157613	-1.283379	-4.476171	-0.708212	-0.833572	-3.837507	-2.630111	-0.634618
-2.776314	-3.931263	-0.642656	-1.224063	-6.146805	-1.280596	-4.468436	-0.707036	-0.832212	-4.016849	-2.859405	-0.633263
-2.864317	-3.923478	-0.640661	-1.221570	-6.136016	-1.278000	-4.460761	-1.205863	-0.330672	-4.101860	-2.971053	-0.631910
-2.905262	-3.915708	-0.639036	-1.219082	-6.125246	-1.275501	-4.453121	-1.453862	-0.079902	-4.139715	-3.023884	-0.630560
-2.922685	-3.907954	-0.637597	-1.216600	-6.114494	-1.273053	-4.445506	-1.576449	 0.045482	-4.154003	-3.047311	-0.629213
-2.928354	-3.900215	-0.636253	-1.214122	-6.103762	-1.270632	-4.437910	-1.136333	-0.391825	-4.156517	-2.556044	-0.627869
-2.928151	-3.892491	-0.634957	-1.211649	-6.093048	-1.268227	-4.430329	-0.915697	-0.609621	-4.153156	-2.308405	-0.626528
-2.925019	-3.884783	-0.633687	-1.209182	-6.082354	-1.265832	-4.422763	-1.304802	-0.217662	-4.146866	-2.182585	-0.625189
-2.920429	-3.877090	-0.632430	-1.206719	-6.071678	-1.263445	-4.415210	-1.497950	-0.021683	-4.139122	-2.117677	-0.623854
-2.915116	-3.869413	-0.631182	-1.204262	-6.061020	-1.261064	-4.407671	-1.093120	 0.076307	-3.630662	-2.583231	-0.622521
-2.909448	-3.861750	-0.629939	-1.201809	-6.050382	-1.258688	-4.400145	-0.890134	 0.125302	-3.372965	-2.813047	-0.621191
-2.903608	-3.854103	-0.628700	-1.199362	-6.039762	-1.256316	-4.392632	-1.288071	 0.149799	-3.740656	-2.425000	-0.619864
-2.897689	-3.846471	-0.627464	-1.196919	-6.029161	-1.253950	-4.385131	-1.485641	 0.162048	-3.919939	-2.228999	-0.618540
-2.891736	-3.838854	-0.626231	-1.194482	-6.018578	-1.251588	-4.377644	-1.583029	 0.168172	-4.005028	-2.129025	-0.617219
-2.885773	-3.831252	-0.625000	-1.192049	-6.008014	-1.249230	-4.370169	-1.130328	-0.328766	-4.043029	-2.077067	-0.615901
-2.879810	-3.823665	-0.623772	-1.189622	-5.997468	-1.246877	-4.362707	-0.903416	-0.576380	-4.057498	-2.049122	-0.614585
-2.873854	-3.816093	-0.622546	-1.187199	-5.986941	-1.244528	-4.355258	-0.789398	-0.699334	-4.060210	-2.033187	-0.613272
-2.867908	-3.808536	-0.621323	-1.184781	-5.976433	-1.242184	-4.347821	-0.731829	-0.759960	-4.057053	-2.023261	-0.611962
-2.861973	-3.800994	-0.620102	-1.182368	-5.965943	-1.239844	-4.340397	-0.702485	-0.789424	-4.050973	-2.016343	-0.610655
-2.856049	-3.793467	-0.618884	-1.179961	-5.955471	-1.237508	-4.332986	-0.687255	-0.803308	-4.043440	-2.010933	-0.609350
-2.850137	-3.785955	-0.617668	-1.177558	-5.945018	-1.235177	-4.325588	-0.679082	-0.809404	-4.035191	-2.006280	-0.608049
-2.844237	-3.778457	-0.616454	-1.175159	-5.934583	-1.232851	-4.318202	-0.674439	-0.811608	-4.026595	-2.002011	-0.606750
-2.838349	-3.770975	-0.615243	-1.172766	-5.924166	-1.230528	-4.310829	-0.671561	-0.811868	-4.017834	-1.997936	-0.605454
-2.832474	-3.763507	-0.614034	-1.170378	-5.913768	-1.228210	-4.303468	-0.669568	-0.311157	-3.509001	-2.493963	-0.604160
-2.826610	-3.756055	-0.612828	-1.167994	-5.903388	-1.225897	-4.296120	-0.668017	-0.060802	-3.251252	-2.739073	-0.602870
-2.820759	-3.748617	-0.611624	-1.165616	-5.893026	-1.223588	-4.288784	-0.666689	 0.064376	-3.619053	-2.358730	-0.601582
-2.814919	-3.741193	-0.610422	-1.163242	-5.882682	-1.221283	-4.281461	-0.665472	 0.126965	-3.798526	-2.166638	-0.600297
-2.809092	-3.733785	-0.609223	-1.160873	-5.872356	-1.218982	-4.274151	-0.664313	-0.341741	-3.883844	-2.068674	-0.599014
-2.803277	-3.726391	-0.608026	-1.158509	-5.862049	-1.216686	-4.266853	-0.663183	-0.575255	-3.922095	-2.017779	-0.597735
-2.797474	-3.719012	-0.606831	-1.156150	-5.851760	-1.214394	-4.259567	-0.662069	-0.691175	-3.936822	-2.490422	-0.596458
-2.791683	-3.711647	-0.605639	-1.153795	-5.841488	-1.212107	-4.252294	-0.660963	-0.748299	-3.939797	-2.723866	-0.595184
-2.785904	-3.704297	-0.604449	-1.151445	-5.831235	-1.209824	-4.245033	-0.659863	-0.776028	-3.936906	-2.837717	-0.593912
-2.780137	-3.696961	-0.603261	-1.149100	-5.821000	-1.207545	-4.237785	-1.158766	-0.789060	-3.431091	-2.891776	-0.592644
-2.774382	-3.689640	-0.602076	-1.146760	-5.810783	-1.205270	-4.230549	-1.406842	-0.794746	-3.174934	-2.915945	-0.591378
-2.768638	-3.682334	-0.600893	-1.144425	-5.800583	-1.203000	-4.223325	-1.029507	-0.796761	-3.543614	-2.425175	-0.590114
-2.762907	-3.675042	-0.599713	-1.142094	-5.790402	-1.200734	-4.216114	-0.840299	-0.796941	-3.723609	-2.177912	-0.588854
-2.757188	-3.667764	-0.598534	-1.139768	-5.780238	-1.198472	-4.208915	-0.745154	-0.796206	-3.309272	-2.052405	-0.587596
-2.751480	-3.660501	-0.597358	-1.137447	-5.770093	-1.196214	-4.201729	-0.697042	-0.795016	-3.098887	-1.987781	-0.586341
-2.745784	-3.653252	-0.596185	-1.135131	-5.759965	-1.193961	-4.194554	-0.672448	-0.793599	-3.490487	-1.953602	-0.585088
-2.740100	-3.646018	-0.595013	-1.132819	-5.749854	-1.191712	-4.187392	-0.659614	-0.792070	-3.681976	-1.934648	-0.583838
-2.734428	-3.638798	-0.593844	-1.130512	-5.739762	-1.189467	-4.180242	-0.652660	-0.790488	-3.773418	-1.923312	-0.582591
-2.728767	-3.631592	-0.592677	-1.128210	-5.729687	-1.187227	-4.173104	-1.148647	-0.788880	-3.814847	-1.915787	-0.581347
-2.723118	-3.624400	-0.591513	-1.125912	-5.719630	-1.184990	-4.165979	-1.395276	-0.787261	-3.831278	-1.910171	-0.580105
-2.717481	-3.617223	-0.590351	-1.123619	-5.709591	-1.182758	-4.158866	-1.517228	-0.785639	-3.335221	-1.905514	-0.578866
-2.711856	-3.610060	-0.589191	-1.121331	-5.699569	-1.180530	-4.151764	-1.576844	-0.784016	-3.084039	-1.901340	-0.577629
-2.706242	-4.602911	-1.088033	-1.119047	-5.689565	-1.178306	-4.144675	-1.105294	-0.282395	-3.455301	-1.897411	-0.576395
-2.700640	-5.093796	-1.335895	-1.116768	-5.679579	-1.176087	-4.137598	-0.868993	-0.031584	-3.636683	-1.893608	-0.575164
-2.695049	-4.333709	-0.958271	-1.114494	-5.669610	-1.173872	-4.130534	-0.750318	-0.406179	-3.223133	-1.889871	-0.573935
-2.689470	-3.950127	-0.768888	-1.112224	-5.659658	-1.171660	-4.123481	-0.690456	-0.592668	-3.013238	-1.886171	-0.572709
-2.683903	-3.754804	-0.673627	-1.109959	-5.649724	-1.169453	-4.116440	-0.660002	-0.685106	-2.905177	-1.882494	-0.571486
-2.678347	-3.653619	-1.125429	-1.107699	-5.639807	-1.167250	-4.109411	-0.644252	-0.730520	-3.348040	-1.878831	-0.570265
-2.672802	-3.599509	-1.349780	-1.105443	-5.629908	-1.165052	-4.102394	-0.635856	-0.752424	-3.565261	-1.875178	-0.569047
-2.667269	-3.568943	-0.960409	-1.103192	-5.620026	-1.162857	-4.095390	-0.631137	-0.262575	-3.669671	-2.371535	-0.567831
-2.661748	-3.550157	-0.765163	-1.100945	-5.610162	-1.160667	-4.088397	-0.628258	-0.017650	-3.717684	-2.616928	-0.566618
-2.656238	-3.537267	-1.166980	-1.098703	-5.600314	-1.158480	-4.081416	-0.626300	-0.395188	-3.237509	-2.236846	-0.565408
-2.650739	-3.527333	-1.366347	-1.096466	-5.590484	-1.156298	-4.074447	-0.624802	-0.583157	-2.994359	-2.045002	-0.564200
-2.145252	-3.518883	-0.964493	-1.094233	-5.580672	-1.154120	-4.067490	-0.623537	-0.176343	-2.869728	-2.447280	-0.562995
-1.890811	-3.511182	-0.763013	-1.092004	-5.570876	-1.151946	-4.060545	-0.622387	 0.027064	-2.804364	-2.645653	-0.561792
-1.761897	-3.503863	-0.661721	-1.089780	-5.561098	-1.149776	-4.053612	-0.621297	 0.128767	-2.768640	-2.742078	-0.560592
-2.195749	-3.496741	-0.610525	-1.087561	-5.551337	-1.147610	-4.046690	-0.620238	-0.320381	-2.747743	-2.287534	-0.559395
-2.409954	-3.489725	-0.584377	-1.085346	-5.541593	-1.145449	-4.039780	-0.619194	-0.544159	-2.734265	-2.058482	-0.558200
-2.514340	-3.482769	-0.570755	-1.083136	-5.531866	-1.143291	-4.032883	-1.118159	-0.155253	-2.724505	-1.942180	-0.557007
-2.563823	-3.475849	-0.563396	-1.080930	-5.522156	-1.141137	-4.025996	-1.366300	 0.039200	-2.716610	-1.882256	-0.555817
-2.585859	-3.468954	-0.559171	-1.078729	-5.512464	-1.138988	-4.019122	-0.989031	-0.363573	-2.709654	-2.350524	-0.554630
-2.594178	-3.462079	-0.556513	-1.076532	-5.502788	-1.136842	-4.012260	-0.799889	-0.564167	-2.703174	-2.581922	-0.553445
-2.595644	-3.455220	-0.554640	-1.074339	-5.493129	-1.134701	-4.005409	-1.204811	-0.163672	-2.696939	-2.194889	-0.552263
-2.593688	-3.448377	-0.553160	-1.072152	-5.483487	-1.132564	-3.998570	-1.405936	 0.036575	-2.690834	-1.999617	-0.551083
-2.590028	-3.441547	-0.551879	-1.069968	-5.473863	-1.130430	-3.991742	-1.005166	 0.136699	-3.184799	-2.400229	-0.549906
-2.585521	-3.434732	-0.550697	-1.067789	-5.464255	-1.128301	-3.984926	-0.804279	 0.186761	-3.427696	-2.597815	-0.548731
-2.580596	-3.427930	-0.549566	-1.065614	-5.454664	-1.126175	-3.978122	-0.703335	 0.211792	-3.545068	-2.693894	-0.547559
-2.575467	-4.421141	-0.548462	-1.063444	-5.445089	-1.124054	-3.971329	-0.652363	-0.275693	-3.099686	-2.239224	-0.546389
-2.570243	-4.912386	-0.547372	-1.061279	-5.435532	-1.121937	-3.964548	-0.626378	-0.518645	-2.874048	-2.010157	-0.545222
-2.564975	-4.152658	-0.546291	-1.059117	-5.425991	-1.119823	-3.957779	-1.112887	-0.639333	-3.258287	-1.893894	-0.544058
-2.559692	-3.769435	-0.545214	-1.056960	-5.416467	-1.117714	-3.951021	-1.354815	-0.698890	-3.446361	-1.834036	-0.542895
-2.554407	-3.574470	-0.544142	-1.054808	-5.406960	-1.115609	-3.944275	-1.474453	-0.227884	-3.036362	-2.302384	-0.541736
-2.549126	-3.473642	-0.543072	-1.052660	-5.397469	-1.113507	-3.937540	-1.532950	 0.007620	-2.828445	-2.533868	-0.540578
