-2.072181	-3.644589	-0.869458	-0.658010	-2.518408	-0.265408	-1.093562	-0.417572	 0.124608	-2.321553	-1.469114	 0.113206
-2.063892	-3.630011	-0.912851	-0.655378	-2.508334	-0.265315	-1.103271	-0.417664	 0.311723	-2.312267	-1.463238	 0.126972
-2.055636	-3.615490	-0.932635	-0.652757	-2.498301	-0.265269	-1.105900	-0.417710	-0.094720	-2.303018	-1.457385	 0.133856
-2.047414	-3.601029	-0.940622	-0.650146	-2.488308	-0.265246	-1.104997	-0.417733	-0.296939	-2.293806	-1.451555	 0.137297
-2.039224	-3.586624	-0.942718	-0.647545	-2.478354	-0.265234	-1.102337	-0.417745	-0.398049	-2.284631	-1.445749	 0.139018
-2.031067	-3.572278	-0.941876	-0.644955	-2.468441	-0.765228	-1.098808	-0.417751	 0.051396	-2.775492	-1.439966	 0.139878
-2.022943	-3.557989	-0.939574	-0.642375	-2.458567	-1.012695	-1.094853	-0.417753	 0.275117	-3.014390	-1.434206	 0.140309
-2.014851	-4.043757	-0.936548	-0.639806	-2.448733	-0.633908	-1.090694	-0.417755	-0.113022	-2.627333	-1.428469	 0.140524
-2.006792	-4.277582	-0.933168	-0.637246	-2.438938	-0.444514	-1.086441	-0.417756	-0.306090	-2.429323	-1.422755	 0.140631
-2.498765	-4.385471	-0.929618	-0.634697	-2.429182	-0.849818	-1.082150	-0.417756	-0.402623	-2.825856	-1.417064	-0.359315
-2.738769	-4.430430	-0.925991	-0.632159	-2.419466	-1.049959	-1.077849	-0.417756	-0.450890	-3.017678	-1.411396	-0.607569
-2.352814	-4.443958	-0.922333	-0.629630	-2.409788	-0.647529	-1.073551	-0.417756	-0.475024	-3.107169	-1.405751	-0.729985
-2.155903	-4.441807	-0.918667	-0.627111	-2.400149	-0.446315	-1.069264	-0.417756	-0.487090	-3.145522	-1.400128	-0.789488
-2.053530	-4.431852	-0.915003	-0.624603	-2.390548	-0.345707	-1.064990	-0.417756	-0.493124	-3.158330	-1.394527	-0.817542
-2.498440	-4.418031	-0.911349	-0.622105	-2.380986	-0.795404	-1.060732	-0.417756	-0.496141	-3.158392	-1.888949	-0.829877
-2.715009	-4.402312	-0.907707	-0.619616	-2.371462	-1.017762	-1.056490	-0.417756	-0.497649	-3.152107	-2.131393	-0.834361
-2.817430	-4.385679	-1.404077	-1.117138	-2.361976	-1.126460	-1.052265	-0.917756	-0.498403	-3.142672	-2.247868	-0.834925
-2.862801	-4.368625	-1.648462	-1.362669	-2.352528	-1.178339	-1.048056	-1.164921	-0.498780	-3.131688	-2.301376	-0.833536
-2.879670	-4.351395	-1.266868	-0.982218	-2.343118	-1.201818	-1.043864	-0.785679	-0.498969	-3.119955	-1.823421	-0.331177
-2.882312	-4.334111	-1.074301	-0.790790	-2.333746	-1.211107	-1.039688	-0.596058	-0.499063	-3.107872	-1.581752	-0.079997
-2.377863	-4.316836	-0.976254	-0.693876	-2.324411	-1.213311	-1.035529	-0.501247	-0.499110	-3.095639	-1.958237	-0.454408
-2.121891	-4.299599	-0.925474	-0.644226	-2.315113	-1.211982	-1.031387	-0.453842	-0.499134	-3.083355	-2.141811	-0.639955
-1.990174	-4.282416	-0.898334	-0.618211	-2.305852	-1.208896	-1.027262	-0.430140	-0.499145	-3.071071	-2.228947	-0.731078
-2.420598	-4.265294	-0.883022	-1.104020	-2.296629	-1.204941	-1.023153	-0.418288	-0.499151	-3.058812	-1.767882	-0.774995
-2.630108	-4.248236	-0.873631	-1.343744	-2.287443	-1.200562	-1.019060	-0.412363	-0.499154	-3.046589	-1.534737	-0.795316
-2.729184	-4.231245	-1.367207	-0.960440	-2.278293	-1.195980	-1.014984	-0.409400	-0.499156	-3.034409	-1.415561	-0.803845
-2.773065	-4.214321	-1.610273	-0.767633	-2.269180	-1.191306	-1.010924	-0.407918	-0.499156	-3.022274	-1.353380	-0.806484
-2.789372	-4.197465	-1.228099	-0.670080	-2.260103	-1.186596	-1.006880	-0.407178	-0.499157	-3.510187	-1.819707	-0.806186
-2.791914	-4.180675	-1.035321	-0.620159	-2.251062	-1.181877	-1.002853	-0.406807	-0.499157	-3.746147	-2.048298	-0.804425
-2.787596	-4.163952	-0.937246	-0.594057	-2.242058	-1.177164	-0.998841	-0.906622	-0.499157	-3.356163	-2.158040	-0.801939
-2.779871	-4.147297	-0.886531	-0.579871	-2.233090	-1.172462	-0.994846	-1.153717	-0.499157	-3.155238	-2.208376	-0.799098
-2.770464	-4.130707	-0.859501	-0.571646	-2.224158	-1.167775	-0.990867	-1.274462	-0.499157	-3.048867	-2.229026	-0.796084
-2.760238	-4.114185	-0.844322	-0.566407	-2.215261	-1.163106	-0.986903	-1.332045	-0.499157	-2.989797	-2.234852	-0.792991
-2.749625	-4.097728	-0.835074	-0.562665	-2.206400	-1.158454	-0.982956	-1.358057	-0.499157	-2.954400	-2.233284	-0.789865
-2.738841	-4.081337	-0.828798	-0.559676	-2.697574	-1.653821	-0.979024	-1.368294	-0.499157	-2.930864	-2.228036	-0.786728
-2.727992	-4.065012	-0.824015	-0.557069	-2.936784	-1.897206	-0.975108	-1.370656	-0.499157	-2.913281	-2.220966	-0.783593
-2.717134	-4.048752	-0.819985	-1.054656	-2.550037	-1.514617	-0.971207	-1.369091	-0.499157	-2.898698	-2.213004	-0.780464
-2.706292	-4.032557	-0.816338	-1.300345	-2.352337	-1.321059	-0.967322	-1.365574	-0.499157	-2.885639	-2.204613	-0.777345
-2.695480	-4.016426	-0.812889	-0.920097	-2.749177	-1.222025	-0.963453	-0.861091	-0.499157	-2.373364	-2.196025	-0.774237
-2.684705	-4.000361	-0.809546	-0.728894	-2.941306	-1.170262	-0.959599	-0.608849	-0.499157	-2.113504	-2.187356	-0.771141
-2.673970	-3.984359	-0.806262	-0.632217	-3.031103	-1.142143	-0.955761	-0.482728	-0.499157	-1.979867	-2.178664	-0.768057
-2.163276	-3.968422	-0.803014	-0.582807	-2.569760	-1.125856	-0.951938	-0.419668	-0.499157	-2.409356	-2.169978	-0.764985
-1.904623	-3.952548	-0.799791	-0.557036	-2.334871	-1.115493	-0.948130	-0.388138	-0.499157	-2.618423	-2.161312	-0.761925
-1.772005	-3.436738	-0.796586	-0.543087	-2.213227	-0.608101	-0.444338	-0.372373	 0.000843	-2.217301	-1.652674	-0.758877
-1.702417	-3.172991	-0.793397	-0.535055	-2.148222	-0.354405	-0.192441	-0.364490	 0.249841	-2.013108	-1.396067	-0.755842
-1.664358	-3.035299	-0.290222	-0.029985	-2.111553	-0.227558	-0.066493	 0.139451	 0.374340	-1.407394	-0.765485	-0.252819
-1.642075	-2.960658	-0.038634	 0.222551	-2.089069	-0.164134	-0.003519	 0.390135	 0.436590	-1.102933	-0.450194	-0.001307
 0.372305	 3.082435	 1.087160	 0.848818	 1.426307	-0.132422	 1.027968	 0.514195	 0.467715	 2.050894	 0.707452	 0.624449
 1.374722	 6.085730	 1.645631	 1.159002	 3.174111	-0.116566	 1.539593	 0.574949	 0.483277	 3.617398	 1.282545	 0.934826
 1.871177	 7.569200	 1.920458	 1.311155	 4.038169	-0.108638	 1.791302	 0.604054	 0.491058	 4.390283	 1.566376	 1.087525
 3.114668	 11.292829	 1.553481	 1.384305	 5.460394	 0.395326	 1.913071	 0.117341	-0.505051	 7.766398	 2.704591	-0.338606
 3.727698	 13.124611	 1.367620	 1.417965	 6.157741	 0.645510	 1.969886	-0.126016	-1.000104	 9.432171	 3.266013	-1.048143
 6.525531	 20.010589	 1.272325	 0.931892	 7.992704	 0.768810	 1.994240	-0.247695	-1.744639	 11.742862	 4.539069	-1.899395
 7.905801	 23.399785	 1.222324	 0.688856	 8.890531	 0.828676	 2.002380	-0.308534	-2.111929	 12.870100	 5.163973	-2.319520
 9.577364	 28.040805	 0.694979	 0.567337	 10.319867	 0.856832	 2.002429	-0.338953	-1.790615	 14.905724	 9.964847	 0.975896
 10.390648	 30.295951	 0.431306	 0.506578	 11.011037	 0.869140	 1.998448	-0.354163	-1.627020	 15.889654	 12.335752	 2.615062
 15.774882	 41.358422	 2.799470	 2.976199	 15.833218	 1.873531	 3.992469	 1.138232	-0.042295	 21.347872	 15.991792	 3.426137
 18.424680	 46.868538	 3.973217	 4.200117	 18.202997	 2.369971	 4.977506	 1.879168	 0.746982	 24.023368	 17.780516	 3.823199
 19.707431	 49.602562	 4.549796	 4.801228	 19.346741	 2.612458	 5.458100	 2.244396	 1.138548	 25.307719	 18.635740	 4.013290
 20.806826	 51.948622	 4.827833	 5.590979	 20.377632	 3.227991	 6.186519	 2.921791	 1.831271	 25.896710	 19.024369	 4.099929
 21.312711	 53.099513	 4.956640	 5.973093	 20.850261	 3.528071	 6.536899	 3.253290	 2.172585	 26.138234	 19.179858	 4.134875
 22.022016	 54.652907	 5.010872	 6.151440	 21.543929	 3.670455	 6.698315	 3.411870	 1.838213	 26.206237	 19.218932	 4.144009
 22.331206	 55.407460	 5.027858	 6.227954	 21.846288	 3.734021	 6.765303	 3.484019	 1.668020	 26.187689	 19.199953	 4.140269
 22.940520	 56.762680	 5.026261	 6.253602	 21.953171	 3.758209	 6.285132	 3.012981	 1.579928	 23.126078	 18.152102	 4.130126
 23.198078	 57.419958	 5.015414	 6.253867	 21.962492	 3.762738	 6.033437	 2.772378	 1.532898	 21.555143	 17.593967	 4.116815
 22.779945	 51.728347	 2.499981	 4.741492	 20.423209	 2.257468	 5.896026	 3.147013	 1.506412	 23.229707	 16.280828	 3.101952
 22.526155	 48.862952	 1.242264	 3.978846	 19.615799	 1.503328	 5.815803	 3.327287	 1.490208	 24.017180	 15.594324	 2.590347
 22.354715	 47.410744	 0.613406	 3.591090	 19.174478	 1.124760	 5.764221	 3.410409	 1.479159	 24.361308	 15.221256	 2.330386
 21.224629	 52.165207	 2.798977	 3.390806	 20.416351	 1.933984	 5.227004	 3.444983	 1.470698	 24.483961	 17.005025	 2.696265
 20.619397	 54.522664	 3.881793	 3.284283	 20.993971	 2.333109	 4.949016	 3.455311	 1.463543	 24.496074	 17.859332	 2.873081
 21.276752	 55.181697	 2.413272	 5.224665	 21.239637	 3.027208	 5.300681	 3.453544	 0.457053	 19.453114	 13.249059	 0.455388
 21.561562	 55.495779	 1.677122	 6.180527	 21.319500	 3.366814	 5.465208	 3.445757	-0.045094	 16.902814	 10.926644	-0.749533
 19.660274	 55.637446	 3.307165	 6.144185	 20.816633	 3.529205	 5.036212	 1.934987	 1.204928	 20.598959	 13.248229	 1.651915
 18.674112	 55.687522	 4.112312	 6.113798	 20.524572	 3.603017	 4.812500	 1.179602	 1.825028	 22.398441	 14.377881	 2.844532
 20.145655	 55.691885	 5.005051	 6.086438	 20.838076	 3.632569	 5.191466	 2.301910	 1.130189	 23.249786	 16.411692	 0.432767
 20.838192	 55.672477	 5.439625	 6.060639	 20.952525	 3.640021	 5.369808	 2.856215	 0.782769	 23.627257	 17.391707	-0.769158
 21.141399	 55.641269	 5.645163	 6.035671	 20.967616	 3.636452	 5.447883	 3.126547	 0.609059	 23.767982	 17.844971	-1.366178
 16.250114	 47.604247	 3.236231	 4.011165	 16.933196	 3.627402	 5.975869	 3.254919	 1.022204	 23.290528	 17.035006	-0.160762
 13.781753	 43.506602	 2.030110	 2.994939	 14.890188	 3.615640	 6.226854	 3.312338	 1.225905	 23.006174	 16.597574	 0.439857
 15.524946	 41.378961	 1.425402	 2.482868	 13.342990	 2.602551	 4.339390	 1.834309	-0.175103	 18.318554	 12.346538	-0.761915
 16.362006	 40.236638	 1.121406	 2.222891	 12.545799	 2.092828	 3.390755	 1.095294	-0.872455	 15.947482	 10.204828	-1.358873
 18.746138	 47.587288	 3.467774	 4.088977	 16.623707	 2.834800	 4.911553	 2.225786	 0.782009	 19.734793	 13.617847	 1.346559
 19.895944	 51.241885	 4.629329	 5.010110	 18.621257	 3.198633	 5.659087	 2.784320	 1.604368	 21.581405	 15.290295	 2.691172
 20.428755	 52.548537	 5.198525	 4.458814	 15.578795	 2.373424	 5.020041	 1.556901	 0.010694	 17.957854	 11.592594	 0.355406
 20.653237	 53.188309	 5.471588	 4.175351	 14.032491	 1.957723	 4.691756	 0.943192	-0.782977	 16.117410	 9.727953	-0.808516
 15.723723	 45.494696	 3.096630	 3.025835	 14.234367	 2.246789	 3.518887	 0.636337	-1.176660	 15.168635	 8.779906	-1.386532
 13.237378	 41.572288	 1.907707	 2.447325	 14.306432	 2.386250	 2.927760	 0.482910	-0.870360	 14.665807	 11.290219	-1.671611
 11.972703	 39.535783	 1.311809	 2.154332	 14.313708	 2.450929	 2.627523	 0.406196	-0.716082	 14.386067	 12.517774	-1.810237
 11.818949	 46.442533	 1.012427	 2.504113	 12.788703	 1.478237	 2.472750	 0.367839	-0.137820	 15.717985	 12.604061	 1.624348
 11.718742	 49.881659	 0.861311	 2.673296	 12.003674	 0.990880	 2.390728	 0.348661	 0.151312	 16.349844	 12.621824	 3.331522
 13.145402	 45.087030	 2.784332	 4.252202	 14.588722	 1.746195	 1.845099	 0.339072	-0.204123	 19.131810	 13.105427	 2.175032
 13.829587	 42.609131	 3.736428	 5.029993	 15.846898	 2.118849	 1.569686	 0.334277	-0.380721	 20.478965	 13.320050	 1.594750
 15.142652	 44.289919	 2.703099	 5.407273	 15.941776	 1.800193	 2.429391	 0.331880	-0.967905	 16.608891	 10.400292	 0.802580
 15.766274	 45.116229	 2.183095	 5.584344	 15.957142	 1.637902	 2.852665	 0.330681	-1.258387	 14.648376	 8.925452	 0.406495
 13.045304	 40.015355	 1.419767	 3.161356	 12.932880	 1.053805	 2.057750	-0.169918	-1.400530	 13.142743	 7.173131	-1.291548
 11.664171	 37.395089	 1.036790	 1.948386	 11.400932	 0.761757	 1.657767	-0.418877	-1.468517	 12.366652	 6.286128	-2.134590
 10.953038	 36.015406	 0.843993	 1.340430	 10.615220	 0.615733	 1.455260	-0.542021	-1.499437	 11.955425	 5.831829	-2.550156
 15.576988	 44.256293	 2.746293	 3.534987	 10.202705	 0.542721	 1.351501	-0.102262	-1.511836	 11.226724	 5.593924	-2.752007
 17.848561	 48.364961	 3.688146	 4.620806	 9.976867	 0.506215	 1.297126	 0.117617	-1.514987	 10.841377	 5.464260	-2.847025
 18.444108	 44.407566	 2.149812	 4.652303	 10.344446	 0.487962	 1.767453	-0.272443	-1.013527	 15.627791	 4.888758	-2.888650
 18.703801	 42.347967	 1.379422	 4.658683	 10.506811	 0.478835	 1.998141	-0.466148	-0.761772	 17.980170	 4.592381	-2.903602
 13.295721	 36.237592	 0.493009	 2.652544	 10.566655	 0.474272	 1.609027	-0.561681	-1.134875	 14.115694	 4.435601	-2.405241
 10.575906	 33.122149	 0.049803	 1.648181	 10.575325	 0.471990	 1.412031	-0.608133	-1.318410	 12.162954	 4.348653	-2.152246
 8.200286	 29.504415	 0.328199	 1.144712	 9.058491	 0.470849	 0.811102	-0.630050	-1.407174	 9.666163	 3.296655	-2.021951
 7.000827	 27.643774	 0.466185	 0.891695	 8.284991	 0.470279	 0.510638	-0.639705	-1.448564	 8.403429	 2.766167	-1.953020
 6.389495	 26.661888	 0.533969	 0.763909	 7.883218	 0.469994	 0.360406	-0.643233	-1.466279	 7.757781	 2.496452	-1.914786
 5.572272	 20.619584	 0.566657	 0.698744	 5.167369	 0.469851	-0.214710	-0.643704	-0.972169	 4.920733	 1.357141	-0.891916
 5.154151	 17.569278	 0.581803	 0.664894	 3.804541	 0.469780	-0.500688	-0.642651	-0.725114	 3.498041	 0.787485	-0.380481
 2.935618	 12.515087	 0.588182	 0.146707	 1.618244	-0.030256	-0.642104	-0.640841	-0.601586	-1.217456	-1.497343	-0.624763
 1.824917	 9.973070	 0.590182	-0.112386	 0.526231	-0.279213	-0.711245	-0.638658	-0.539822	-3.563338	-2.632192	-0.745167
-1.231861	 1.687199	-0.410002	-0.741933	-2.518643	-0.402635	-0.744255	-0.636294	-0.508940	-5.224461	-3.692083	-0.803637
-2.751673	-2.442539	-0.907274	-1.053963	-4.029954	-0.463294	-0.759205	-0.633844	-0.493499	-6.041251	-4.212524	-0.831148
-3.503036	-4.994264	-1.153100	-1.207247	-4.774526	-0.492576	-1.265132	-0.631356	-0.485779	-6.435930	-3.963279	-0.843186
-3.870209	-6.255034	-1.273216	-1.281167	-5.135775	-0.506173	-1.514553	-0.628854	-0.481919	-6.619608	-3.831228	-0.847495
-4.045321	-6.870387	-1.330487	-1.315417	-5.305405	-0.511932	-1.635736	-0.626351	-0.479989	-6.697841	-3.757805	-0.847945
-4.624436	-7.663093	-0.856347	-1.329843	-5.379269	-0.513776	-1.692813	-0.623851	-0.479023	-6.723405	-3.713724	-0.846474
-4.903586	-8.042534	-0.619277	-1.334367	-5.405296	-0.513667	-1.717852	-0.621359	-0.478541	-6.722689	-3.684344	-0.844048
-5.032796	-8.215410	-1.000742	-1.333952	-5.407446	-0.512585	-1.726886	-1.118875	-0.478300	-6.708887	-4.162345	-0.841152
-5.087077	-8.285072	-1.188710	-1.331077	-5.397702	-0.511021	-1.727931	-1.364400	-0.478179	-6.688596	-4.392064	-0.838028
-5.103934	-8.303193	-1.279941	-1.326983	-5.382054	-0.509221	-1.724996	-1.483943	-0.478119	-7.165114	-4.497680	-0.834796
-5.102122	-8.295611	-1.322814	-1.322290	-5.363497	-0.507305	-1.720084	-1.540507	-0.478089	-7.388089	-4.541282	-0.831516
-5.091015	-8.275244	-1.841519	-1.317309	-5.343529	-1.005337	-1.714198	-1.065595	-0.478074	-7.484355	-4.553913	-1.328220
-5.075301	-8.248551	-2.096151	-1.312193	-5.322898	-1.251346	-1.707838	-0.826958	-0.478066	-7.517327	-4.551095	-1.572922
-5.057325	-8.218761	-2.218766	-1.307021	-5.301978	-1.371356	-1.701255	-0.706463	-0.478062	-7.518712	-4.540590	-1.691638
-5.038259	-8.187488	-1.775390	-1.301832	-5.780956	-1.428378	-1.694574	-1.145043	-0.478060	-7.504364	-4.526277	-1.247375
-5.018687	-8.155539	-1.551038	-1.296644	-6.007925	-1.453918	-1.687858	-1.361166	-0.478059	-7.482211	-4.510097	-1.023638
-4.998903	-8.123317	-1.436209	-1.291467	-5.608939	-1.463729	-1.681138	-1.466073	-0.478059	-6.956213	-4.493019	-0.910169
-4.979053	-8.091024	-1.376152	-1.286306	-5.399027	-1.465688	-1.674429	-1.515385	-0.478059	-6.680355	-4.475528	-0.851842
-4.959209	-8.058760	-1.343491	-1.281163	-5.283692	-0.963732	-1.667739	-1.536911	-0.478059	-7.029616	-4.457866	-0.821091
-4.939409	-8.026575	-1.324539	-1.276039	-5.215688	-0.712754	-1.661072	-1.544557	-0.478058	-7.189489	-4.440155	-0.804135
-4.919669	-7.994494	-1.312451	-1.270936	-5.671391	-0.587265	-1.654429	-1.545276	-0.478058	-6.754727	-4.422455	-0.794082
-4.900000	-7.962528	-1.303807	-1.265852	-5.886988	-0.524520	-1.647813	-1.542543	-0.478058	-6.524706	-4.404795	-0.787488
-4.880404	-7.930684	-1.296895	-1.260789	-5.982582	-0.493148	-1.641222	-1.538097	-0.478058	-6.397106	-4.387191	-0.782629
-4.860885	-7.898965	-1.290858	-1.255746	-5.518222	-0.977462	-1.634657	-1.532807	-0.478058	-6.320767	-4.369649	-0.778644
-4.841443	-7.867371	-1.285271	-1.250723	-5.275934	-1.216695	-1.628119	-1.527107	-0.478058	-6.270109	-4.352175	-0.775102
-4.822077	-7.835902	-1.279917	-1.245720	-5.144723	-1.333400	-1.621606	-1.521214	-0.478058	-6.732341	-4.334768	-0.771788
-4.802789	-7.804559	-1.274692	-1.240737	-5.069091	-1.388852	-1.615120	-1.515237	-0.478058	-6.949067	-4.317430	-0.768594
-4.783578	-7.773341	-1.269540	-1.235774	-5.021288	-1.413690	-1.608659	-1.009230	-0.478058	-6.543099	-4.300160	-0.765466
-4.764444	-7.742247	-1.264435	-1.230831	-4.987439	-1.423232	-1.602225	-0.755220	-0.478058	-6.327841	-4.282960	-0.762378
-4.745386	-7.711278	-1.259364	-1.725908	-4.960607	-0.925137	-1.595816	-1.127213	-0.478058	-6.207987	-4.265828	-0.759315
-4.726405	-7.680433	-1.254320	-1.969004	-4.937324	-0.676090	-1.589433	-1.310210	-0.478058	-6.135883	-4.248765	-0.756271
-4.707499	-7.649712	-1.249299	-2.086128	-4.915854	-0.551566	-1.583075	-1.398723	-0.478058	-6.087704	-4.231770	-0.753243
-5.188669	-7.619113	-1.244301	-1.640284	-4.895331	-0.989304	-1.576743	-1.440005	-0.478058	-6.051535	-4.214843	-0.750228
-5.417914	-7.588636	-1.239323	-1.414973	-4.875319	-1.205319	-1.570436	-1.457683	-0.478058	-6.021420	-4.197984	-0.747226
-5.021243	-7.558282	-1.234365	-1.299938	-5.355603	-1.310484	-1.564154	-1.463572	-0.478058	-6.494380	-4.181192	-0.744237
-4.813658	-7.528049	-1.229427	-1.240051	-5.584073	-1.360235	-1.557897	-1.463577	-0.478058	-6.716925	-4.164467	-0.741260
-4.700653	-7.497936	-1.224509	-1.707747	-5.686683	-1.382291	-1.551666	-0.960652	-0.478058	-6.314319	-4.147809	-0.738295
-4.634976	-7.467945	-1.219611	-1.937244	-5.726409	-1.390510	-1.545459	-0.709190	-0.478058	-6.101192	-4.131218	-0.735341
-4.592998	-7.438073	-1.214733	-1.547659	-5.234740	-1.391822	-1.539277	-1.083459	-0.478058	-6.482853	-4.114693	-0.732400
-4.562907	-7.408321	-1.209874	-1.350550	-4.979420	-1.389692	-1.533120	-1.267678	-0.478058	-6.659954	-4.098234	-0.729470
-4.538796	-7.378687	-1.205034	-1.249689	-4.842311	-1.385851	-1.526988	-1.356884	-0.478058	-6.734831	-4.081841	-0.726552
-4.517712	-7.349173	-1.200214	-1.196961	-5.264347	-0.881167	-1.520880	-0.898594	-0.478058	-6.258649	-4.065514	-0.723646
-4.498176	-7.319776	-1.195413	-1.168308	-5.463991	-0.628825	-1.514796	-0.669450	-0.478058	-6.008994	-4.049252	-0.720752
-4.479451	-7.290497	-1.190632	-1.151703	-5.052487	-1.002654	-1.508737	-0.554877	-0.478058	-5.872648	-3.533055	-0.717869
-4.461167	-7.261335	-1.185869	-1.141130	-4.837452	-1.186816	-1.502702	-0.497591	-0.478058	-5.793002	-3.268923	-0.714997
-4.443139	-7.232289	-1.181126	-1.133582	-5.220690	-1.276154	-1.496691	-0.468948	-0.478058	-5.741752	-3.130847	-0.712137
-4.425275	-7.203360	-1.176401	-1.127556	-5.401101	-1.318093	-1.490704	-0.454626	-0.478058	-5.704746	-3.055823	-0.709289
-4.407528	-7.174547	-1.171696	-1.122300	-4.980144	-0.836342	-1.484742	-0.947466	-0.478058	-5.674908	-3.512350	-0.706451
-4.389875	-7.145849	-1.167009	-1.117438	-4.760547	-0.595467	-1.478803	-1.191005	-0.478058	-5.648699	-3.732676	-0.703626
-4.372304	-7.117265	-1.162341	-1.112782	-4.641666	-0.475029	-1.472887	-1.309905	-0.478058	-5.624349	-3.834933	-0.700811
-4.354809	-7.088796	-1.657691	-1.108237	-5.073181	-0.914810	-1.466996	-0.866498	-0.478058	-5.600974	-3.378187	-0.698008
-4.337387	-7.060441	-1.901061	-1.103758	-5.277928	-1.131991	-1.461128	-0.644794	-0.478058	-5.578131	-3.143971	-0.695216
-4.320036	-7.032199	-1.518456	-1.099320	-4.869337	-1.237884	-1.455283	-0.533942	-0.478058	-5.555600	-3.021043	-0.692435
-4.302755	-7.004070	-1.324883	-1.094911	-4.656119	-1.288142	-1.449462	-0.478516	-0.478058	-5.533267	-2.953783	-0.689665
-4.285544	-6.976054	-1.225833	-1.090525	-4.540625	-1.310595	-1.443664	-0.450803	-0.478058	-6.011080	-2.914380	-0.686907
-4.268401	-6.948150	-1.174055	-1.086160	-4.474028	-1.319155	-1.437890	-0.436947	-0.478058	-6.237008	-2.888929	-0.684159
-4.251328	-6.920357	-1.145921	-1.081814	-4.431914	-0.820780	-1.432138	-0.430019	-0.478058	-5.837046	-2.870476	-0.681422
-4.234322	-6.892676	-1.129619	-1.077486	-4.402078	-0.571592	-1.426410	-0.426554	-0.478058	-5.626191	-2.855546	-0.678697
-4.217385	-6.865105	-1.119241	-1.073176	-4.378415	-0.446998	-1.420704	-0.424822	-0.478058	-5.509933	-2.842399	-0.675982
-4.200516	-6.837645	-1.111834	-1.068883	-4.357874	-0.884701	-1.415021	-0.923956	-0.478058	-5.441016	-2.830168	-0.673278
-4.183713	-6.810294	-1.105922	-1.064607	-4.338929	-1.100908	-1.409361	-1.170677	-0.478058	-5.395814	-2.818416	-0.670585
-4.166979	-6.783053	-1.100766	-1.060349	-4.320816	-1.206377	-1.403724	-1.291203	-0.478058	-5.362512	-2.806927	-0.667902
-4.150311	-6.755921	-1.095997	-1.056107	-4.303155	-0.756488	-1.398109	-0.848642	-0.478058	-5.335202	-2.795591	-0.165231
-4.133709	-6.728897	-1.091429	-1.051883	-4.285753	-0.531543	-1.392516	-0.627362	-0.478058	-5.310931	-2.784355	 0.086105
-4.117175	-6.701982	-1.086972	-1.047675	-4.268515	-0.419071	-1.386946	-0.516722	-0.478058	-5.288223	-2.773191	-0.288227
-4.100706	-6.675174	-1.082579	-1.043485	-4.251394	-0.362835	-1.381398	-0.461402	-0.478058	-5.266337	-2.762084	-0.474068
-4.084303	-6.648473	-1.078225	-1.039311	-4.234365	-0.334717	-0.875873	-0.433742	-0.478058	-5.244906	-2.751029	-0.065669
-4.067966	-6.621879	-1.073901	-1.035153	-4.217415	-0.320658	-0.623110	-0.419911	-0.478058	-5.223743	-2.740022	 0.138531
-4.051694	-6.595391	-1.069600	-1.031013	-4.200540	-0.313628	-0.496729	-0.412996	-0.478058	-5.202757	-2.729060	 0.240631
-4.035487	-6.569010	-1.065318	-1.026889	-4.183735	-0.310114	-0.933538	-0.409539	-0.478058	-5.181900	-2.718143	-0.208319
-4.019345	-6.542734	-1.061056	-1.022781	-4.166998	-0.308356	-1.149202	-0.407810	-0.478058	-5.161149	-2.707270	-0.431480
-4.003268	-6.516563	-1.056811	-1.018690	-4.150330	-0.307478	-1.254304	-0.406946	-0.478058	-5.140493	-2.696441	-0.541751
-3.987255	-6.490497	-1.052583	-1.014615	-4.133728	-0.307038	-1.304136	-0.406514	-0.478058	-5.119926	-2.685655	-0.595582
-4.471306	-6.464535	-1.548373	-1.010557	-4.617193	-0.306819	-1.326345	-0.906298	-0.478058	-5.099443	-2.674912	-0.621199
-4.703421	-6.438677	-1.792179	-1.006515	-4.848724	-0.306709	-1.334752	-1.153377	-0.478058	-5.079044	-2.664212	-0.632714
-4.309607	-6.412922	-1.410010	-1.002489	-4.454329	-0.806654	-1.336269	-0.774116	-0.478058	-5.058727	-3.153556	-0.137183
-4.104868	-6.387270	-1.216870	-0.998479	-4.249012	-1.054013	-1.334352	-0.584486	-0.478058	-5.038492	-3.390941	 0.110583
-3.994699	-6.361721	-1.118253	-0.994485	-4.138266	-1.175090	-1.330728	-0.489671	-0.478058	-5.018337	-3.502378	 0.234465
-3.931845	-6.336274	-1.066905	-1.490507	-4.574838	-0.733036	-1.326263	-0.442263	-0.478058	-4.998264	-3.550868	-0.203593
-3.892680	-6.310929	-1.039200	-1.734545	-4.783101	-0.512009	-1.321386	-0.418559	-0.478058	-4.978271	-3.567915	-0.421339
-4.365391	-6.285685	-1.023324	-1.352607	-4.377250	-0.901496	-1.316315	-0.406707	-0.478058	-4.958358	-3.069268	-0.528934
-4.592070	-6.260543	-1.013371	-1.159696	-4.166381	-1.093657	-1.311157	-0.400781	-0.478058	-4.938524	-2.814803	-0.581458
-4.195772	-6.235500	-1.006388	-1.561307	-4.053036	-0.687166	-1.305966	-0.397818	-0.478058	-4.918770	-2.682450	-0.606453
-3.990024	-6.210558	-1.000898	-1.758187	-3.988484	-0.483921	-1.300768	-0.396337	-0.478058	-4.899095	-2.611174	-0.617687
-3.879581	-6.185716	-0.996162	-1.352717	-3.948360	-0.382298	-1.295579	-0.395596	-0.478058	-4.879499	-2.570456	-0.122046
-3.816822	-6.160973	-0.991811	-1.148087	-3.920482	-0.331486	-1.290403	-0.395226	-0.478058	-4.859981	-2.545037	 0.125774
-3.777934	-6.136329	-0.987661	-1.043886	-3.898757	-0.306081	-1.285245	-0.395041	-0.478058	-4.840541	-2.527289	 0.249684
-3.751012	-6.111784	-0.483618	-0.989905	-3.880141	-0.293378	-1.280106	-0.394948	-0.478058	-4.821179	-2.513395	 0.311640
-3.730103	-6.087337	-0.231597	-0.961043	-3.863110	-0.287027	-1.274986	-0.394902	-0.478058	-4.801894	-2.501450	 0.342617
-3.712230	-6.062988	-0.605587	-0.944748	-3.846902	-0.783851	-1.269887	-0.394878	-0.478058	-4.782686	-2.490498	 0.358106
-3.695905	-6.038736	-0.790622	-0.934743	-3.831137	-1.029702	-1.264807	-0.394867	-0.478058	-4.763556	-2.480063	 0.365850
-3.680383	-5.514581	-1.381189	-0.927892	-3.815623	-1.150076	-1.259748	-0.394861	-0.478058	-4.744501	-2.469906	 0.369722
-3.665292	-5.242522	-1.672529	-0.922624	-3.800267	-1.207722	-1.254709	-0.394858	-0.478058	-4.725523	-2.459908	 0.371659
-3.650447	-5.096552	-1.314271	-0.918155	-3.785018	-1.734015	-1.249690	-0.394857	-0.478058	-4.706621	-2.450009	 0.372627
-3.635752	-5.013666	-1.133230	-0.914093	-3.769855	-1.992640	-1.244692	-0.394856	-0.478058	-4.687795	-2.440180	 0.373111
-3.621163	-4.962362	-1.040805	-0.910242	-3.754763	-1.117450	-0.739713	-0.394856	-0.478058	-4.169044	-2.430404	-0.126647
-3.606656	-4.926887	-0.992696	-0.906504	-3.739738	-0.679855	-0.487223	-0.394856	-0.478058	-3.902367	-2.420675	-0.375274
-3.592217	-4.899367	-0.966752	-0.902829	-3.724777	-0.461058	-0.360979	-0.394855	-0.478058	-3.761758	-2.410989	-0.498339
-3.577843	-4.875863	-0.951898	-0.899194	-3.709876	-0.351659	-0.297856	 0.105145	 0.021942	-3.684211	-2.401343	-0.058629
-3.563529	-4.854407	-0.942598	-0.895585	-3.695036	-0.296960	-0.266295	 0.353934	 0.270898	-3.638224	-2.391737	 0.161226
-3.549273	-4.834013	-0.436081	-0.391996	-3.680255	-0.269610	-0.750515	 0.477124	 0.394336	-3.608046	-2.382169	 0.271154
-3.535075	-4.814188	-0.182822	-0.140202	-3.665534	-0.255935	-0.990155	 0.537518	 0.455020	-3.585802	-2.372640	 0.326118
-3.520935	-4.794687	-0.056193	-0.514305	-3.650872	-0.249098	-0.607515	 0.066519	 0.484330	-4.067552	-2.363150	 0.353600
-3.506851	-4.775386	 0.007122	-0.699580	-3.636268	-0.245679	-0.416196	-0.168980	 0.497958	-4.299329	-2.353697	 0.367341
-3.492823	-4.756224	-0.461221	-0.790447	-3.621723	-0.243970	-0.820536	-0.286730	 0.503749	-3.906155	-2.344282	 0.374211
-3.478852	-4.737168	-0.693533	-0.834119	-3.607236	-0.243115	-1.020256	-0.345605	 0.505625	-3.702542	-2.334905	 0.377646
-3.464936	-4.718205	-0.807837	-0.854199	-3.592807	-0.242688	-1.117676	-0.375042	 0.505548	-3.593738	-2.325565	 0.379364
-3.451077	-5.199324	-0.363145	-0.862490	-3.578436	-0.742474	-0.663956	-0.389761	 0.004499	-4.032366	-2.316263	-0.119777
-3.437272	-5.428523	-0.140799	-0.864894	-3.564122	-0.989883	-0.437096	-0.397120	-0.246026	-4.242738	-2.306998	-0.368110
-3.423523	-5.031807	-0.029626	-0.864362	-3.549866	-0.611113	-0.823666	-0.400800	 0.128712	-3.839017	-2.297770	 0.008956
-3.409829	-4.824179	 0.025960	-0.862368	-3.535666	-0.421728	-1.014531	-0.402640	 0.315074	-3.630287	-2.288579	 0.197490
-3.396190	-4.711132	-0.446247	-0.859650	-3.521524	-0.327035	-1.107552	-0.403560	-0.092748	-4.019078	-2.279425	 0.291756
-3.382605	-4.645412	-0.680513	-0.856577	-3.507438	-0.279689	-1.151662	-0.404020	-0.295658	-4.204658	-2.270307	 0.338890
-3.369075	-4.603393	-0.295817	-0.853334	-3.493408	-0.256016	-0.671325	-0.404250	-0.397113	-4.288668	-2.261226	 0.362456
-3.355598	-4.573260	-0.103469	-0.850012	-3.479434	-0.244179	-0.431157	-0.404365	-0.447840	-4.321927	-2.252181	 0.374240
-3.342176	-4.549108	-0.007294	-0.846658	-3.465516	-0.238261	-0.311072	-0.404422	-0.473204	-4.329847	-2.243172	 0.380131
-3.328807	-4.527982	 0.040793	-0.843294	-3.451654	-0.235302	-0.751030	-0.404451	 0.014114	-3.825131	-2.234199	-0.116923
-3.315492	-4.508405	 0.064836	-0.839932	-3.437848	-0.233822	-0.968627	-0.404465	 0.256770	-3.566132	-2.225263	-0.364222
-3.302230	-4.989639	 0.076858	-0.836578	-3.424096	-0.233082	-1.075053	-0.404473	-0.121902	-3.430018	-2.216362	 0.013351
-3.289021	-5.219314	 0.082869	-0.833235	-3.410400	-0.232712	-1.125903	-0.404476	-0.310236	-3.355374	-2.207496	 0.202138
-3.275865	-4.823254	-0.914126	-0.829903	-3.396758	-0.232527	-0.648975	-0.404478	-0.404404	-3.811490	-2.198666	 0.296532
-3.262762	-4.616369	-1.408801	-0.826584	-3.383171	-0.232435	-0.410511	-0.404479	-0.451487	-4.031013	-2.189872	 0.343728
-3.249711	-4.504108	-1.652331	-0.823278	-3.369639	-0.232389	-0.791279	-0.404479	-0.475029	-3.632273	-2.181112	 0.367327
-3.236712	-4.439194	-1.770305	-0.819986	-3.356160	-0.232366	-0.979318	-0.404479	-0.486800	-3.426436	-2.172388	 0.379126
-3.223765	-4.397988	-1.825515	-0.816706	-3.342736	-0.232354	-1.071004	-0.404480	-0.492686	-3.317077	-2.163698	 0.385025
-3.210870	-4.868671	-1.349359	-0.813439	-3.329365	-0.232348	-1.114521	-0.404480	-0.495628	-3.255981	-2.155043	 0.387975
-3.198026	-5.093334	-1.109534	-0.810185	-3.316047	-0.232345	-1.133963	-0.404480	-0.497100	-3.219044	-2.146423	 0.389450
-3.185234	-4.695030	-0.987883	-0.806944	-3.302783	-0.232344	-0.641378	-0.404480	-0.497835	-3.194211	-2.137837	 0.390187
-3.172493	-4.487284	-0.925324	-0.803717	-3.289572	-0.232343	-0.395085	-0.404480	-0.498203	-3.175456	-2.129286	 0.390556
-3.159803	-4.374852	-0.392320	-0.800502	-3.276414	-0.232343	-0.771939	-0.404480	-0.498387	-3.159765	-2.120769	 0.390741
-3.147164	-4.310112	-0.125817	-0.797300	-3.263308	-0.232343	-0.958068	-0.404480	-0.498479	-3.145631	-2.112286	 0.390833
-3.134575	-4.269250	-0.492566	-0.794111	-3.250255	-0.232342	-0.548844	-0.404480	 0.001475	-3.132301	-2.103837	 0.390879
-3.122037	-4.240363	-0.674222	-0.790934	-3.237254	-0.232342	-0.344232	-0.404480	 0.250449	-3.119399	-2.095421	 0.390902
-3.109549	-4.217496	-0.763338	-0.787770	-3.224305	-0.232342	-0.241926	-0.404480	 0.374936	-3.106734	-2.087040	 0.390913
-3.097111	-4.197674	-0.306191	-0.784619	-3.211407	-0.232342	-0.190773	-0.404480	 0.437180	-3.094214	-2.078691	 0.390919
-3.084722	-4.179407	-0.077618	-0.781481	-3.198562	-0.232342	-0.165197	-0.404480	 0.468301	-3.081790	-2.070377	 0.390922
-2.572383	-4.161951	 0.036669	-0.778355	-3.185767	-0.232342	-0.152409	-0.404480	 0.483862	-3.069440	-2.062095	 0.390923
-2.312094	-4.144934	 0.093812	-0.775241	-3.173024	-0.232342	-0.146014	-0.404480	 0.491643	-3.057150	-2.053847	 0.390924
-2.677846	-4.128170	-0.377616	-0.772141	-3.160332	-0.232342	-0.642817	-0.404480	 0.495533	-3.044916	-2.045631	-0.109075
-2.854634	-4.111565	-0.611632	-0.769052	-3.147691	-0.232342	-0.888940	-0.404480	 0.497478	-3.032733	-2.037449	-0.357857
-2.936966	-4.095073	-0.726949	-0.765976	-3.135100	-0.732342	-1.009731	-0.404480	-0.001549	-3.520601	-2.029299	-0.481035
-2.972093	-4.078669	-0.782923	-0.762912	-3.122560	-0.979878	-1.067865	-0.404480	-0.250062	-3.756518	-2.021182	-0.541415
-2.983642	-4.062343	-0.809232	-0.759860	-3.110070	-1.101191	-1.094680	-0.404480	-0.374318	-3.866491	-2.013097	-0.570402
-2.983426	-4.546088	-0.820715	-0.756821	-3.097629	-0.659402	-1.105845	-0.404480	-0.436446	-3.913525	-2.005045	-0.583696
-2.977352	-4.777901	-0.824793	-0.753793	-3.085239	-0.438508	-1.109193	-0.404480	-0.467511	-3.929121	-1.997025	-0.589149
-2.968372	-4.883788	-0.825174	-0.750778	-3.072898	-0.828061	-1.108642	-0.404480	-0.483043	-3.429029	-1.989037	-0.590687
-2.957963	-4.926752	-0.823713	-0.747775	-3.060606	-1.020402	-1.106151	-0.404480	-0.490809	-3.173126	-1.981080	-0.590271
-2.946864	-4.938294	-0.821338	-0.744784	-3.048364	-1.114147	-1.102697	-0.404480	-0.494692	-3.539340	-1.973156	-0.088884
-2.935443	-4.934166	-0.818513	-0.741805	-3.036170	-1.158604	-1.098772	-0.404480	-0.496633	-3.714635	-1.965263	 0.161810
-3.423884	-4.922242	-0.815469	-0.738838	-3.024026	-0.678426	-1.094620	-0.404480	-0.497604	-3.294503	-2.457402	-0.212843
-3.660280	-4.906459	-0.812322	-0.735882	-3.011930	-0.438337	-1.090363	-0.404480	-0.498089	-3.078689	-2.697573	-0.398994
-3.770685	-4.888786	-0.809130	-0.732939	-2.999882	-0.318293	-1.086062	-0.404480	-0.498332	-2.965055	-2.811782	-0.490900
-3.818125	-4.370208	-0.805922	-0.730007	-2.987882	-0.258270	-1.081748	-0.404480	-0.498453	-2.902536	-2.863035	-0.035687
-3.834114	-4.103215	-0.802713	-0.727087	-2.975931	-0.228259	-1.077437	-0.404480	-0.498514	-2.865596	-2.882833	 0.191919
-3.334408	-4.462046	-0.799509	-0.724179	-2.964027	-0.713254	-1.073135	-0.904480	 0.001456	-3.341469	-2.386927	-0.194277
-3.078886	-4.631820	-0.796315	-0.721282	-2.952171	-0.953354	-1.068846	-1.151671	 0.250438	-3.571771	-2.135192	-0.386215
-2.945478	-4.207104	-0.793131	-1.218397	-2.940362	-0.571018	-1.064572	-0.772469	-0.125071	-3.679318	-2.505557	 0.018973
-2.873150	-3.987181	-0.789960	-1.463523	-2.928601	-0.379850	-1.060315	-0.582867	-0.311825	-3.725517	-2.684988	 0.221567
-2.831384	-3.869685	-0.786800	-1.082669	-2.916886	-0.284265	-1.056074	-0.488067	-0.405201	-3.241074	-2.268975	-0.177137
-2.804922	-3.803433	-0.783653	-0.890839	-2.905219	-0.236473	-1.051850	-0.440667	-0.451890	-2.993339	-2.057262	-0.375336
-2.786134	-3.762832	-0.780519	-0.793525	-2.893598	-0.212577	-1.047643	-0.416966	-0.475234	-2.863980	-1.947715	-0.473289
-2.771205	-4.235088	-0.777397	-1.243476	-2.882024	-0.200629	-1.043452	-0.405116	-0.486906	-3.293831	-1.889265	-0.021123
-2.758229	-4.461801	-0.774287	-1.465065	-2.870496	-0.194655	-1.039279	-0.399191	-0.492742	-3.501309	-1.856378	 0.204960
-2.746250	-4.065780	-0.771190	-1.072486	-2.859014	-0.691668	-1.035121	-0.396229	-0.495660	-3.597631	-2.336288	 0.318001
-2.734792	-3.860430	-0.768105	-0.874836	-2.847577	-0.937797	-1.030981	-0.394748	-0.497119	-3.638404	-2.570610	 0.374522
-2.723616	-3.750445	-0.765033	-1.274657	-2.836187	-0.558494	-1.026857	-0.894007	-0.497848	-3.151432	-2.182161	-0.097218
-2.712603	-3.688172	-0.761973	-1.471219	-2.824842	-0.368843	-1.022750	-1.140850	-0.498213	-2.902617	-1.984350	-0.331949
-3.201694	-4.149783	-0.758925	-1.066164	-2.813543	-0.774017	-1.018659	-0.761496	-0.498396	-3.272902	-1.881871	-0.448182
-3.438857	-4.371366	-0.755889	-0.862314	-2.802289	-0.974245	-1.014584	-0.571819	-0.498487	-3.450758	-1.827073	-0.505170
-3.550087	-4.472972	-0.752866	-0.759073	-2.791080	-1.072011	-1.010526	-0.476981	-0.498532	-3.532429	-1.796129	-0.532539
-3.098379	-4.514625	-0.749854	-1.206140	-2.779915	-1.118554	-1.006484	-0.429562	-0.498555	-3.566036	-1.777127	-0.545104
-2.867232	-4.526340	-0.746855	-1.426367	-2.768796	-1.139495	-1.002458	-0.405852	-0.498567	-3.575641	-1.764109	-0.550271
-2.746386	-4.523121	-0.743867	-1.033188	-2.757721	-0.647645	-0.998448	-0.393997	-0.498572	-3.573272	-1.754098	-0.551744
-2.680712	-4.512471	-0.740892	-0.835318	-2.746690	-0.401720	-0.994454	-0.388070	-0.498575	-3.564946	-1.745605	-0.551374
-2.642645	-4.498143	-0.737928	-0.735108	-2.735703	-0.278758	-0.490476	-0.385106	-0.498577	-3.553670	-1.737884	-0.050086
-2.618403	-4.482011	-0.734977	-0.683734	-2.724760	-0.217276	-0.238487	-0.383624	-0.498577	-3.540947	-1.730563	 0.200557
-3.101093	-4.465014	-0.732037	-0.656782	-2.713861	-0.686536	-0.612493	-0.882883	-0.498578	-3.027529	-2.223456	-0.174121
-3.335271	-4.447619	-0.729109	-0.642046	-2.703006	-0.918854	-0.797523	-1.129749	-0.498578	-2.765792	-2.464470	-0.360363
-3.445221	-4.430061	-0.726192	-0.633423	-2.692194	-1.032710	-0.888072	-1.250428	-0.498578	-2.629915	-2.579566	-0.452390
-2.993085	-4.412457	-0.723287	-0.627863	-2.681425	-1.087346	-0.931390	-0.808026	 0.001422	-2.556989	-2.131725	-0.497315
-2.761936	-4.394865	-0.720394	-0.623838	-2.670699	-1.112379	-0.951099	-0.586824	 0.250419	-2.515558	-1.904436	-0.518693
-2.641299	-3.877315	-0.717513	-1.120585	-2.660016	-0.622621	-0.959013	-0.976224	 0.374918	-2.489894	-1.787438	-0.028302
-2.575940	-3.611820	-0.714643	-1.365725	-2.649376	-0.377742	-0.961035	-1.168192	 0.437167	-2.472133	-1.725597	 0.216894
-2.538239	-3.472380	-0.711784	-0.985073	-2.638779	-0.755303	-0.960120	-0.761456	 0.468292	-2.458344	-1.691350	 0.339491
-2.514387	-3.395994	-0.708937	-0.793538	-2.628224	-0.941817	-0.957745	-0.558088	 0.483854	-2.446561	-1.670912	 0.400790
-2.497480	-3.351162	-0.706101	-0.696566	-2.617711	-1.032818	-0.954646	-0.456404	-0.008365	-2.935799	-1.657392	-0.068560
-2.484066	-3.322133	-0.703277	-0.646881	-2.607240	-1.076071	-0.951194	-0.405562	-0.253473	-3.173569	-1.647344	-0.302160
-2.472417	-3.301033	-0.700464	-0.620845	-2.596811	-1.095458	-0.947572	-0.380141	-0.376027	-3.285631	-1.639046	-0.417888
-2.461671	-3.783923	-0.697662	-0.606636	-2.586424	-1.102922	-0.943873	-0.367430	-0.437304	-3.334866	-1.631635	-0.474685
-2.451397	-4.016834	-0.694871	-0.598348	-2.576078	-1.104434	-0.940143	-0.361075	-0.467943	-3.352716	-1.624681	-0.502020
-2.441377	-4.124790	-0.692092	-0.593023	-2.565774	-1.102977	-0.936406	-0.357898	-0.483262	-3.354899	-1.617969	-0.514629
-2.431504	-4.170303	-0.689323	-0.589185	-2.555511	-1.100046	-0.932672	-0.356309	-0.490922	-3.349277	-1.611390	-0.519879
-2.421725	-4.184627	-0.686566	-0.586096	-2.545289	-1.096386	-0.928947	-0.355514	-0.494751	-3.339779	-2.104891	-0.021454
-2.412011	-4.183392	-0.683820	-0.583385	-2.535107	-1.092371	-0.925234	-0.355117	-0.496666	-3.328369	-2.346445	 0.227758
-2.902350	-4.174410	-0.681084	-0.580868	-2.524967	-1.088187	-0.921534	-0.354919	-0.497624	-3.316030	-2.462046	-0.147635
-3.140734	-4.161588	-0.678360	-0.578453	-2.514867	-1.083927	-0.917849	-0.354819	-0.498103	-3.303253	-2.514691	-0.334286
-3.253167	-4.146879	-0.675647	-0.576094	-2.504808	-1.079637	-0.914178	-0.354770	-0.498342	-3.290284	-2.535879	-0.426570
-2.802653	-4.131261	-0.672944	-0.573766	-2.494788	-1.075342	-0.910521	-0.354745	-0.498462	-3.277245	-2.541359	-0.471674
-2.572692	-4.115220	-0.670252	-0.571460	-2.484809	-1.071052	-0.906879	-0.354732	-0.498521	-3.264197	-2.539005	-0.493192
-2.953026	-4.099001	-0.667571	-0.569168	-2.474870	-1.066773	-0.903252	-0.354726	-0.498551	-3.251170	-2.032755	-0.502922
-3.136526	-4.082727	-0.664901	-0.566889	-2.464971	-1.062509	-0.899639	-0.354723	-0.498566	-3.238181	-1.776577	-0.506761
-3.221636	-4.066456	-0.662241	-0.564620	-2.455111	-1.058261	-0.896040	-0.354721	-0.498574	-3.225236	-1.645447	-0.507660
-3.257577	-4.050221	-0.659592	-0.562361	-2.445290	-1.054028	-0.892456	-0.354721	-0.498578	-3.212338	-1.576853	-0.507092
-2.768961	-4.034035	-0.656954	-0.560111	-2.435509	-1.049813	-0.888886	-0.354720	-0.498579	-3.199491	-2.039540	-0.505795
-2.520092	-4.017906	-0.654326	-0.557870	-2.425767	-1.045614	-0.885331	-0.354720	-0.498580	-3.186694	-2.265879	-0.504138
-2.891115	-4.001838	-0.651709	-0.555639	-2.416064	-0.541431	-0.881789	-0.354720	-0.498581	-3.173948	-2.374064	-0.502304
-3.070103	-3.985833	-0.649102	-0.553416	-2.406400	-0.289340	-0.878262	-0.354720	-0.498581	-3.161252	-1.923192	-0.500386
-3.153098	-3.969891	-0.646506	-0.551202	-2.396774	-0.163294	-0.874749	-0.354720	-0.498581	-3.148607	-1.694811	-0.499427
-2.688124	-3.954012	-1.143920	-1.048997	-2.387187	-0.600272	-0.871250	-0.354720	-0.498581	-2.636013	-1.577688	 0.001052
-2.451190	-3.938196	-1.389344	-1.294801	-2.377638	-0.816686	-0.867765	-0.354720	-0.498581	-2.375469	-1.516205	 0.250289
-2.328295	-3.922443	-1.008787	-0.914622	-2.368128	-0.422827	-0.864294	-0.854720	 0.001419	-2.240967	-1.482554	-0.125093
-2.262436	-3.906753	-0.817251	-0.723464	-2.358655	-0.225897	-0.860837	-1.102010	 0.250416	-2.169503	-1.462831	-0.311783
-2.225114	-3.891126	-0.720232	-0.626820	-2.349221	-1.127432	-0.857394	-0.722957	-0.125086	-2.129575	-1.450083	 0.094872
-2.202077	-3.875562	-0.670477	-0.577438	-2.339824	-1.574142	-0.853964	-0.533430	-0.311835	-2.105432	-1.440835	 0.297197
-2.186201	-3.860060	-0.644357	-1.051690	-2.330464	-1.293455	-0.850548	-0.438667	-0.405210	-2.589198	-1.433347	 0.398359
-2.173922	-3.844619	-0.630061	-1.285765	-2.321143	-1.151086	-0.847146	-0.391285	-0.451897	-2.824935	-1.426752	 0.448940
-2.163459	-3.829241	-0.621681	-1.399762	-2.311858	-1.077884	-0.843757	-0.367595	-0.475241	-2.936682	-1.420614	 0.474231
-2.153922	-3.313924	-0.616265	-0.953734	-2.302611	-1.039274	-0.840382	-0.355749	-0.486913	-2.486458	-1.914716	 0.486876
-2.144864	-3.050668	-0.612335	-0.729704	-2.293400	-1.017967	-0.837021	-0.349827	-0.492749	-2.257274	-2.156949	 0.493198
-2.136064	-2.913466	-0.609153	-1.116678	-2.284226	-0.505321	-0.833673	-0.346865	-0.495667	-2.138626	-1.773268	-0.003640
-2.127409	-2.839312	-0.606350	-1.307157	-2.275090	-0.248997	-0.830338	-0.345384	-0.497126	-2.075262	-1.578648	-0.251059
-2.118844	-2.796705	-0.603742	-0.899402	-2.265989	-0.120836	-0.827017	-0.344644	-0.497855	-2.039556	-1.478570	-0.374768
-2.110341	-2.769893	-0.601235	-0.695524	-2.256925	-0.056755	-0.823709	-0.344274	-0.498220	-2.017696	-1.425774	-0.436622
-2.101886	-2.751001	-0.598785	-0.593585	-2.247898	-0.024715	-0.820414	-0.344089	 0.001598	-2.002774	-1.396630	 0.032450
-2.093472	-2.736090	-0.596367	-0.542616	-2.238906	-0.008694	-0.817132	-0.343996	 0.250504	-1.991337	-1.379323	 0.265984
-2.085095	-2.723193	-0.593970	-0.517131	-2.229950	-0.000684	-0.813864	-0.343950	 0.374957	-1.981659	-1.367945	 0.382750
