-0.499001	 0.498505	 0.499728	 0.499075	-0.499296	-0.486770	-0.495348	 0.447605	-0.486859	 0.054300	-0.003748	-0.000832
-0.499001	 0.498505	 0.499728	 0.499075	-0.499296	-0.486770	-0.495351	 0.472837	-0.486859	 0.303194	-0.251288	-0.249829
-0.499001	 0.498505	 0.499728	 0.499075	-0.499296	-0.486770	-0.495352	 0.485453	-0.486859	-0.073463	 0.124943	-0.374328
-0.499001	 0.498505	 0.499728	 0.499075	-0.499296	-0.486770	-0.495353	 0.491761	-0.486859	-0.261791	 0.312056	-0.436577
-0.499001	 0.498505	 0.499728	 0.499075	-0.499296	-0.486770	-0.495354	 0.494915	-0.486859	-0.355955	 0.405612	 0.032298
-0.499001	 0.498505	 0.499728	 0.499075	-0.499296	-0.486770	-0.495354	 0.496492	-0.486859	-0.403038	 0.452390	 0.265733
-0.499001	 0.498505	 0.499728	 0.499075	-0.499296	-0.486770	-0.495354	 0.497280	-0.486859	-0.426579	 0.475779	 0.382451
-0.499001	 0.498505	 0.499728	 0.499075	-0.499296	-0.486770	-0.495354	 0.497675	-0.486859	-0.438349	 0.487474	 0.440810
-0.499001	 0.498505	 0.499728	 0.499075	-0.499296	-0.486770	-0.495354	 0.497872	-0.486859	-0.444234	 0.493321	 0.469989
-0.499001	 0.498505	 0.499728	 0.499075	-0.999296	-0.486770	-0.495354	-0.002030	-0.486859	-0.447177	-0.003755	-0.015421
-0.499001	 0.498505	 0.499728	 0.499075	-1.246297	-0.486770	-0.495354	-0.250976	-0.486859	-0.448648	-0.251292	-0.257125
-0.499001	 0.498505	 0.499728	 0.499075	-0.866811	-0.486770	-0.495354	 0.124550	-0.486859	-0.449384	 0.124940	 0.122024
-0.499001	 0.498505	 0.499728	 0.499075	-0.677068	-0.486770	-0.495354	 0.311313	-0.486859	-0.449752	 0.312053	 0.310595
-0.499001	 0.498505	 0.499728	 0.499075	-0.582197	-0.486770	-0.495354	 0.404695	-0.486859	-0.449936	 0.405610	 0.404881
-0.499001	 0.498505	 0.499728	 0.499075	-0.534761	-0.486770	-0.495354	 0.451386	-0.486859	-0.450028	 0.452389	 0.452024
-0.499001	 0.498505	 0.499728	 0.499075	-0.511043	-0.486770	-0.495354	 0.474731	-0.486859	-0.450074	 0.475778	 0.475596
-0.499001	 0.498505	 0.499728	 0.499075	-0.499184	-0.486770	-0.495354	 0.486404	-0.486859	-0.450097	 0.487472	 0.487381
-0.499001	 0.498505	 0.499728	 0.499075	-0.493255	-0.486770	-0.495354	 0.492240	-0.486859	-0.450108	 0.493320	 0.493274
-0.499001	 0.498505	 0.499728	 0.499075	 0.009710	-0.486770	 0.004646	 0.495158	 0.013141	 0.049886	 0.496243	 0.496221
-0.499001	 0.498505	 0.499728	 0.499075	 0.260167	-0.486770	 0.253637	 0.496617	 0.262114	 0.298783	 0.497705	 0.497694
-0.499001	 0.498505	 0.499728	 0.499075	 0.384374	-0.486770	-0.122873	 0.497347	 0.385579	 0.422137	 0.498436	 0.498430
-0.499001	 0.498505	 0.499728	 0.499075	 0.445461	-0.486770	-0.311128	 0.497712	 0.446293	 0.482722	 0.498802	 0.498799
 0.000999	 0.498505	 0.499728	 0.499075	 0.474991	-0.486770	 0.094744	 0.497894	 0.475636	 0.511929	 0.498984	 0.498983
 0.249997	 0.498505	 0.499728	 0.499075	 0.488747	-0.486770	 0.296680	 0.497985	 0.489298	 0.525450	 0.499076	 0.499075
 0.374496	 0.498505	 0.499728	 0.499075	 0.494620	 0.013230	 0.397647	 0.998031	 0.495123	 0.531132	 0.499121	 0.499121
 0.436746	 0.498505	 0.499728	 0.499075	 0.496555	 0.262204	 0.448131	 1.245057	 0.497033	 0.532900	 0.499144	 0.499144
 0.467870	 0.498505	 0.499728	 0.499075	 0.497523	 0.385668	 0.473373	 1.365587	 0.497989	 0.532714	 0.499156	 0.499156
 0.483433	 0.498505	 0.499728	 0.499075	 0.498007	-0.053618	 0.485994	 1.422879	 0.498466	 0.031556	 0.499161	 0.499161
 0.491214	 0.498505	 0.499728	 0.499075	 0.498249	-0.273261	 0.492304	 1.448565	 0.498705	-0.219023	 0.499164	 0.499164
-0.004895	 0.498505	 0.499728	 0.499075	 0.498370	-0.383083	 0.495459	 1.458459	 0.498824	 0.155688	 0.499166	 0.499166
-0.251948	 0.498505	 0.499728	 0.499075	 0.498430	-0.437993	 0.497037	 1.460470	 0.498884	 0.341982	 0.499166	 0.499166
-0.375474	 0.498505	 0.499728	 0.499075	 0.498460	 0.034551	 0.497826	 0.958550	-0.001086	 0.434073	 0.499167	 0.499167
-0.437238	 0.498505	 0.499728	 0.499075	 0.498476	 0.269809	 0.498220	 0.707590	-0.250069	 0.479066	 0.499167	 0.499167
-0.468119	 0.498505	 0.499728	 0.499075	 0.498483	-0.113572	-0.001583	 0.582110	-0.374560	 0.000514	 0.499167	-0.000833
-0.483560	 0.498505	 0.499728	 0.499075	 0.498487	-0.305262	-0.250481	 0.519370	-0.436806	-0.238761	 0.499167	-0.249831
-0.491280	 0.498505	 0.499728	 0.499075	 0.498489	-0.401108	-0.374931	 0.488000	-0.467929	-0.358399	 0.499167	-0.374330
-0.495141	 0.498505	 0.499728	 0.499075	-0.001510	-0.449030	-0.437155	 0.472315	-0.483490	-0.418218	-0.000833	-0.436580
-0.497071	 0.498505	 0.499728	 0.499075	-0.250507	-0.472991	-0.468268	 0.464473	-0.491271	-0.448128	-0.249831	-0.467705
-0.498036	 0.498505	 0.499728	 0.499075	-0.875005	-0.484972	-0.483824	-0.039448	-0.495162	-0.963082	-0.374331	-0.483267
-0.498518	 0.498505	 0.499728	 0.499075	-1.184255	-0.490962	-0.491602	-0.290322	-0.497107	-1.217604	-0.436580	-0.491048
-0.498760	-0.001495	-0.000272	-0.000925	-0.835893	-0.493958	-0.495491	 0.085323	-0.498079	-0.841920	 0.032295	-0.494939
-0.498880	-0.250492	-0.249271	-0.249923	-0.661712	-0.495455	-0.497435	 0.273146	-0.498566	-0.654078	 0.265730	-0.496884
-0.498940	 0.125010	 0.126229	 0.125578	-0.574622	-0.496204	-0.498408	 0.367057	 0.001191	-0.060157	 0.382448	 0.002143
-0.498971	 0.311759	 0.312976	 0.312326	-0.531076	-0.496578	-0.498894	 0.414013	 0.250068	 0.235736	 0.440807	 0.250654
-0.498986	 0.405134	 0.406349	 0.405701	-0.509304	-0.496766	-0.499137	 0.437491	 0.374506	 0.382619	 0.469986	 0.374910
-0.498993	 0.451822	 0.453036	 0.452388	 0.001582	 0.003141	 0.000742	 0.949230	 0.436725	 0.455001	 0.484576	 0.437038
-0.498997	 0.475165	 0.476379	 0.475731	 0.256001	 0.252088	 0.249680	 1.202177	 0.467835	 0.490138	 0.491871	 0.468102
-0.498999	 0.486837	 0.488051	 0.487403	 0.382189	 0.375559	 0.374149	 1.325741	 0.483390	 0.506656	 0.495518	 0.483634
-0.499000	 0.492673	 0.493887	 0.493239	 0.444266	 0.437295	 0.436383	 1.384624	 0.491167	 0.513868	 0.497342	 0.491400
-0.499000	 0.495591	 0.496805	 0.496157	 0.474292	 0.468163	 0.467500	 1.411178	 0.495056	 0.516432	 0.498254	 0.495283
-0.499001	 0.497050	 0.498264	 0.497616	 0.488297	 0.483597	 0.483059	 1.421580	 0.497000	 0.516676	 0.498710	 0.497224
-0.499001	 0.497780	 0.498993	 0.498345	-0.005706	 0.491314	 0.490838	 1.423917	 0.497972	 0.515764	 0.498938	 0.498195
-0.499001	 0.498144	 0.499358	 0.498710	-0.252707	 0.495172	 0.494728	 1.422233	 0.498458	 0.514279	 0.499052	 0.498680
-0.499001	 0.498327	 0.499540	 0.498892	-0.376208	 0.497102	 0.496673	 1.418550	 0.498701	 0.512510	 0.499109	 0.498923
-0.499001	 0.498418	 0.499631	 0.498984	 0.062042	 0.498066	 0.497645	 1.413879	 0.498823	 0.510605	 0.499137	 0.499044
-0.499001	 0.498464	 0.499677	 0.499029	 0.280166	 0.498549	 0.498131	 1.408725	 0.498884	 0.508635	 0.499151	 0.499105
-0.499001	 0.498486	 0.499700	 0.499052	 0.389229	 0.498790	 0.498375	 1.403340	 0.498914	 0.506636	 0.499159	 0.499135
-0.499001	 0.498498	 0.499711	 0.499063	 0.443760	 0.498910	 0.498496	 1.397852	 0.498929	 0.504628	 0.499162	 0.499151
-0.499001	 0.498504	 0.499717	 0.499069	 0.471025	 0.498971	 0.498557	 1.392324	 0.498937	 0.502618	 0.499164	 0.499158
-0.499001	 0.498506	 0.499720	 0.499072	 0.484658	 0.499001	 0.498587	 1.386786	 0.498940	 0.500612	 0.499165	 0.499162
 0.000999	 0.498508	 0.499721	 0.499073	-0.008526	 0.499016	 0.498602	 1.381254	 0.498942	 0.499609	 0.499165	 0.499164
 0.249997	 0.498508	 0.499722	 0.499074	-0.254114	 0.499023	 0.498610	 1.375737	 0.498943	 0.499108	 0.499165	 0.499165
 0.374496	 0.498509	 0.499722	 0.499074	-0.376908	 0.499027	 0.498614	 1.370238	 0.498944	 0.498857	 0.499166	 0.499165
-0.063254	 0.498509	 0.499722	 0.499075	 0.061695	 0.499029	 0.498616	 0.864759	 0.498944	 0.498732	 0.499166	 0.499165
-0.281128	 0.498509	 0.499723	 0.499075	 0.279996	 0.499030	 0.498617	 0.612020	 0.498944	 0.498669	 0.499166	 0.499166
-0.390064	 0.498509	 0.499723	 0.499075	 0.389146	 0.499030	 0.498617	 0.485650	 0.498944	 0.498637	 0.499166	 0.499166
-0.444532	 0.498509	 0.499723	 0.499075	 0.443721	 0.499031	 0.498617	 0.422465	 0.498944	 0.498622	 0.499166	 0.499166
-0.471767	 0.498509	 0.499723	 0.499075	 0.471009	-0.000969	 0.498617	 0.390873	-0.001056	-0.001386	 0.499166	 0.499166
-0.485384	 0.498509	 0.499723	 0.499075	 0.484653	-0.249967	 0.498618	 0.375076	-0.250054	-0.250387	 0.499166	 0.499166
-0.492192	 0.498509	 0.499723	 0.499075	 0.491474	-0.374466	-0.001382	 0.367178	-0.374553	-0.374888	 0.499166	-0.000834
-0.495597	 0.498509	 0.499723	 0.499075	 0.494885	-0.436716	-0.250380	 0.363229	-0.436802	-0.437138	 0.499166	-0.249833
-0.497299	 0.498509	 0.499723	 0.499075	 0.496591	-0.467840	-0.374878	 0.361255	-0.467927	-0.468263	 0.499166	-0.374332
-0.498150	-0.001491	 0.499723	 0.499075	-0.002556	-0.483403	-0.437128	 0.360267	-0.483489	-0.483826	-0.000834	-0.436581
-0.498575	-0.250488	 0.499723	 0.499075	-0.251127	-0.491184	-0.468252	 0.359774	-0.491270	-0.491607	-0.249833	-0.467706
-0.498788	 0.125014	 0.499723	 0.499075	-0.375412	-0.495075	-0.483815	 0.359527	-0.495161	-0.495498	 0.125668	-0.483269
-0.498894	 0.311763	 0.499723	 0.499075	-0.437554	-0.497020	-0.491596	 0.359403	-0.497106	-0.497443	 0.312416	-0.491050
-0.498948	 0.405138	 0.499723	 0.499075	-0.468626	-0.497993	-0.495486	 0.359342	-0.498079	-0.498416	-0.094210	 0.005060
-0.498974	 0.451826	 0.499723	 0.499075	-0.484161	-0.498479	-0.497432	 0.359311	-0.498565	-0.498902	-0.296521	 0.252112
-0.498987	-0.024831	 0.499723	 0.499075	-0.491929	-0.498722	-0.498404	 0.359295	-0.498808	-0.499145	-0.397677	-0.124362
-0.498994	-0.262156	 0.499723	 0.499075	-0.495813	-0.498844	-0.498891	 0.359288	-0.498930	-0.499267	-0.448255	-0.311597
-0.498997	-0.380818	 0.499723	 0.499075	-0.497755	-0.498904	-0.499134	 0.359284	-0.498991	-0.499327	-0.473543	-0.405215
-0.498999	 0.059850	 0.499723	-0.000925	-0.998726	-0.498935	-0.499255	 0.359282	-0.999021	-0.499358	-0.486188	 0.047977
-0.499000	 0.279184	 0.499723	-0.249923	-1.246212	-0.498950	-0.499316	 0.359281	-1.246038	-0.499373	-0.492510	 0.273570
-0.499000	 0.388850	 0.499723	 0.125577	-0.866968	-0.498958	-0.499346	-0.140719	-0.866561	-0.499381	-0.495671	-0.113634
-0.499001	 0.443684	 0.499723	 0.312326	-0.677345	-0.498961	-0.499362	-0.389438	-0.676822	-0.499384	-0.497252	-0.306234
-0.499001	 0.471100	 0.499723	 0.405700	-0.582534	-0.498963	-0.499369	-0.512521	-0.581952	-0.499386	-0.498042	 0.097466
-0.499001	 0.484809	 0.499723	 0.452387	-0.535129	-0.498964	-0.499373	-0.572792	-0.534518	-0.499387	-0.498437	 0.298314
-0.499001	 0.491663	 0.499723	 0.475731	-0.511426	-0.498965	-0.499375	-0.101661	-0.510800	-0.499388	-0.498635	-0.101262
-0.499001	 0.495090	 0.499723	 0.487402	-0.499575	-0.498965	-0.499376	 0.133905	-0.498942	-0.499388	-0.498734	-0.300049
-0.499001	 0.496803	 0.499723	 0.493238	-0.493649	-0.498965	-0.499376	 0.251688	-0.493012	-0.499388	-0.498783	-0.399442
-0.499001	 0.497660	 0.499723	 0.496156	-0.490686	-0.498965	-0.499377	-0.189421	-0.490048	-0.499388	-0.498808	 0.050862
-0.499001	 0.498089	 0.499723	 0.497615	-0.489205	-0.498965	-0.499377	-0.408714	-0.488565	-0.499388	-0.498820	 0.275011
-0.499001	-0.001697	 0.499723	 0.498345	-0.488464	-0.498965	-0.499377	-0.017105	-0.487824	-0.499388	 0.001174	 0.387086
-0.499001	-0.250587	 0.499723	 0.498709	-0.488094	-0.498965	-0.499377	 0.178700	-0.487454	-0.499388	 0.250168	 0.443123
-0.499001	 0.124968	 0.499723	-0.001108	-0.487908	-0.498965	-0.499377	-0.223398	-0.487268	-0.499388	 0.374666	 0.471142
-0.499001	 0.311744	 0.499723	-0.250015	-0.487816	-0.498965	-0.499377	-0.423196	-0.487176	-0.499388	 0.436914	 0.485151
-0.499001	-0.094867	 0.499723	 0.125531	-0.487770	-0.498965	-0.499377	-0.021849	-0.487129	-0.499388	 0.468039	-0.007844
-0.499001	-0.297170	 0.499723	 0.312302	-0.487746	-0.498965	-0.499377	 0.178825	-0.487106	-0.499388	 0.483601	-0.253340
-0.499001	-0.398322	 0.499723	 0.405688	-0.487735	-0.498965	-0.499377	 0.279162	-0.487095	-0.499388	 0.491382	-0.376088
-0.499001	 0.051102	 0.499723	-0.047619	-0.487729	-0.498965	-0.499377	 0.329330	-0.487089	-0.499388	 0.495272	-0.437462
-0.499001	 0.274814	 0.499723	-0.273271	-0.487726	-0.498965	-0.499377	 0.354414	-0.487086	-0.499388	 0.497218	-0.468149
-0.499001	 0.386669	 0.499723	 0.113903	-0.487725	-0.498965	-0.499377	-0.133044	-0.487085	-0.499388	 0.498190	 0.016507
-0.499001	 0.442597	 0.499723	 0.306488	-0.487724	-0.498965	-0.499377	-0.375532	-0.487084	-0.499388	 0.498677	 0.257833
-0.499001	 0.470561	 0.499723	 0.402780	-0.487724	-0.498965	-0.499377	 0.004460	-0.487083	-0.499388	 0.498920	 0.378496
-0.499001	 0.484543	 0.499723	 0.450927	-0.487723	-0.498965	-0.499377	 0.194456	-0.487083	-0.499388	 0.499041	 0.438828
-0.499001	 0.491534	 0.499723	 0.475000	-0.487723	-0.498965	-0.499377	-0.210546	-0.487083	-0.499388	 0.499102	 0.468993
-0.499001	 0.495029	 0.499723	 0.487036	-0.487723	-0.498965	-0.499377	-0.411815	-0.487083	-0.499388	 0.499133	 0.484076
-0.499001	 0.496777	 0.499723	 0.493055	-0.487723	-0.498965	-0.499377	-0.511224	-0.487083	-0.499388	 0.499148	 0.491618
-0.499001	 0.497651	 0.499723	 0.496064	-0.487723	-0.498965	-0.499377	-0.059707	-0.487083	-0.499388	 0.499155	 0.495388
-0.499001	 0.498088	 0.499723	 0.497568	-0.487723	-0.498965	-0.499377	 0.166051	-0.487083	-0.499388	 0.499159	 0.497274
-0.499001	 0.498306	 0.499723	 0.498321	-0.487723	-0.498965	-0.499377	 0.278930	-0.487083	-0.499388	 0.499161	-0.001784
-0.499001	 0.498415	 0.499723	 0.498697	-0.487723	-0.498965	-0.499377	 0.335370	-0.487083	-0.499388	 0.499162	-0.250311
-0.499001	 0.498470	 0.499723	 0.498885	-0.487723	-0.498965	-0.999377	-0.136410	-0.987083	-0.499388	-0.000838	 0.125426
-0.499001	 0.498497	 0.499723	 0.498979	-0.487723	-0.498965	-1.246378	-0.371084	-1.234109	-0.499388	-0.249836	 0.312292
-0.499001	 0.498511	 0.499723	 0.499026	-0.487723	-0.498965	-0.866892	-0.487209	-0.854660	-0.499388	 0.125665	 0.405725
-0.499001	 0.498518	 0.499723	 0.499049	-0.487723	-0.498965	-0.677149	-0.544065	-0.664935	-0.499388	 0.312413	 0.452441
-0.499001	 0.498521	 0.499723	 0.499061	-0.487723	-0.498965	-0.582277	-0.071292	-0.570073	-0.499388	 0.405788	 0.475800
-0.499001	 0.498523	 0.499723	 0.499067	-0.487723	-0.498965	-0.534842	 0.165095	-0.522641	-0.499388	 0.452475	 0.487479
-0.499001	 0.498524	 0.499723	 0.499070	-0.487723	-0.498965	-0.511124	 0.283289	-0.498926	-0.499388	 0.475818	 0.493318
-0.499001	 0.498524	 0.499723	 0.499071	-0.487723	-0.498965	-0.499265	 0.342386	-0.487068	-0.999388	 0.487490	 0.496238
-0.499001	 0.498524	 0.499723	 0.499072	-0.487723	-0.498965	-0.493335	 0.371934	-0.481139	-1.246389	 0.493326	 0.497698
-0.499001	 0.498525	-0.000277	 0.499073	-0.487723	-0.498965	-0.490371	 0.386708	-0.978175	-0.866903	 0.496244	 0.498428
-0.499001	 0.498525	-0.249277	 0.499073	-0.487723	-0.498965	-0.488888	 0.394095	-1.223742	-0.677160	 0.497703	 0.498793
-0.499001	 0.498525	 0.126223	 0.499073	-0.487723	-0.498965	-0.488147	 0.397789	-0.843587	-0.582289	 0.498432	-0.001025
-0.499001	 0.498525	 0.312970	 0.499073	-0.487723	-0.498965	-0.487776	 0.399636	-0.653510	-0.534853	 0.498797	-0.249932
-0.499001	 0.498525	 0.406343	 0.499073	-0.487723	-0.498965	-0.487591	 0.400559	-0.558471	-0.511135	 0.498979	 0.125615
-0.499001	 0.498525	 0.453030	 0.499073	-0.487723	-0.498965	-0.487498	 0.401021	-0.510951	-0.499276	 0.499070	 0.312386
-0.499001	 0.498525	 0.476373	 0.499073	-0.487723	-0.498965	-0.487452	 0.401251	-0.487192	-0.493347	 0.499116	 0.405771
-0.499001	-0.001475	 0.488045	 0.499073	-0.487723	-0.498965	-0.487429	-0.098633	-0.475312	-0.490382	-0.000861	 0.452464
-0.499001	-0.250472	 0.493881	 0.499073	-0.487723	-0.498965	-0.487417	-0.347378	-0.469372	-0.488900	-0.249848	 0.475810
-0.499001	 0.125029	 0.496799	 0.499073	-0.487723	-0.498965	-0.487412	 0.029441	-0.466402	-0.488158	 0.125658	 0.487483
-0.499001	 0.311779	 0.498258	 0.499073	-0.487723	-0.498965	-0.487409	 0.217851	-0.464917	-0.487788	 0.312409	 0.493320
-0.499001	-0.094846	 0.498987	-0.000927	-0.487723	-0.498965	-0.487407	 0.312056	-0.464175	-0.487602	 0.405785	 0.496238
-0.499001	-0.297156	 0.499352	-0.249925	-0.487723	-0.498965	-0.487407	 0.359158	-0.463803	-0.487510	 0.452473	 0.497697
-0.499001	 0.101689	-0.000466	 0.125576	-0.487723	-0.498965	-0.487406	 0.382710	-0.463618	-0.487463	 0.475816	 0.498427
-0.499001	 0.300111	-0.249374	 0.312324	-0.487723	-0.498965	-0.487406	 0.394485	-0.463525	-0.487440	 0.487488	 0.498792
-0.499001	 0.399321	-0.373828	 0.405698	-0.487723	-0.498965	-0.487406	 0.400373	-0.463479	-0.487429	 0.493324	 0.498974
-0.499001	 0.448927	 0.063945	 0.452385	-0.487723	-0.498965	-0.487406	 0.403317	-0.463455	-0.487423	-0.003758	 0.499065
-0.499001	 0.473729	 0.281828	 0.475729	-0.487723	-0.498965	-0.487406	 0.404789	-0.463444	-0.487420	-0.251297	 0.499111
-0.499001	-0.013869	 0.390770	 0.487401	-0.487723	-0.498965	-0.487406	 0.405525	-0.463438	-0.487419	 0.124933	 0.499134
-0.499001	-0.256666	 0.445240	 0.493236	-0.487723	-0.498965	-0.487406	 0.405893	-0.463435	-0.487418	 0.312046	 0.499145
-0.499001	 0.121936	 0.472476	 0.496154	-0.487723	-0.498965	-0.487406	 0.406077	-0.463434	 0.012582	 0.405603	 0.499151
-0.499001	 0.310236	 0.486093	 0.497613	-0.487723	-0.498965	-0.487406	 0.406169	-0.463433	 0.261557	 0.452381	 0.499154
-0.499001	 0.404386	 0.492902	 0.498343	-0.487723	-0.498965	-0.487406	 0.406215	-0.463432	 0.385024	 0.475770	 0.499155
-0.499001	 0.451461	 0.496307	 0.498708	-0.487723	-0.498965	-0.487406	 0.406238	-0.463432	 0.445740	 0.487464	 0.499156
-0.499001	 0.474998	 0.498009	 0.498890	-0.487723	-0.498965	-0.487406	 0.406249	-0.463432	 0.475085	 0.493312	 0.499156
-0.499001	 0.486767	-0.001140	 0.498981	-0.487723	-0.498965	-0.487406	 0.406255	-0.463432	 0.488749	 0.496235	 0.499156
-0.499001	 0.492652	-0.249714	 0.499027	-0.487723	-0.498965	-0.487406	 0.406258	-0.463432	 0.494576	 0.497697	 0.499156
-0.499001	 0.495594	 0.125999	 0.499049	-0.487723	-0.498965	-0.487406	 0.406259	-0.463432	-0.003511	 0.498428	 0.499157
-0.499001	 0.497065	 0.312852	 0.499061	-0.487723	-0.498965	-0.487406	 0.406260	-0.463432	-0.251552	 0.498794	 0.499157
-0.499001	 0.497800	 0.406279	 0.499067	-0.487723	-0.498965	-0.487406	 0.406261	-0.463432	 0.124428	 0.498976	 0.499157
-0.499001	 0.498168	 0.452992	 0.499069	-0.487723	-0.498965	-0.487406	 0.406261	-0.463432	 0.311417	 0.499068	 0.499157
-0.499001	 0.498352	 0.476349	 0.499071	-0.487723	-0.498965	-0.487406	 0.406261	 0.036568	-0.095088	 0.499113	 0.499157
-0.499001	 0.498444	 0.488027	 0.499072	-0.487723	-0.498965	-0.487406	 0.406261	 0.285495	-0.297338	 0.499136	 0.499157
-0.499001	 0.498490	 0.493866	 0.499072	-0.487723	-0.498965	-0.487406	 0.406261	 0.408889	-0.398462	 0.499148	 0.499157
-0.499001	 0.498513	 0.496786	 0.499072	-0.487723	-0.498965	-0.487406	-0.093739	-0.030478	 0.050975	 0.499153	 0.499157
-0.499001	 0.498524	 0.498246	 0.499072	-0.487723	-0.498965	-0.487406	-0.342552	-0.250162	 0.274693	 0.499156	 0.499157
-0.499001	 0.498530	 0.498975	-0.000928	-0.487723	-0.498965	-0.487406	 0.034225	-0.360003	 0.386552	 0.499158	 0.499157
-0.499001	 0.498533	 0.499340	-0.249926	-0.487723	-0.498965	-0.487406	 0.222613	-0.414924	 0.442482	 0.499158	 0.499157
-0.499001	 0.498534	 0.499523	 0.125575	-0.487723	-0.498965	-0.487406	 0.316807	-0.442385	 0.470446	 0.499159	 0.499157
-0.499001	 0.498535	 0.499614	 0.312323	-0.487723	-0.498965	-0.487406	 0.363904	-0.456115	 0.484429	 0.499159	 0.499157
-0.499001	 0.498536	 0.499660	 0.405698	-0.487723	-0.498965	-0.487406	 0.387453	-0.462980	-0.008580	 0.499159	 0.499157
-0.499001	 0.498536	 0.499683	 0.452385	-0.487723	-0.498965	-0.487406	 0.399227	-0.466413	-0.254081	 0.499159	 0.499157
-0.499001	 0.498536	 0.499694	 0.475728	-0.487723	-0.498965	-0.487406	 0.405114	-0.468129	-0.376832	 0.499159	 0.499157
-0.499001	 0.498536	 0.499700	 0.487400	-0.487723	-0.498965	-0.487406	 0.408058	-0.468987	-0.438207	 0.499159	 0.499157
-0.499001	 0.498536	 0.499703	 0.493236	-0.487723	-0.498965	-0.487406	 0.409530	-0.469416	-0.468895	 0.499159	 0.499157
-0.499001	 0.498536	 0.499704	 0.496154	-0.487723	-0.498965	-0.487406	 0.410265	-0.469631	 0.015761	 0.499159	 0.499157
-0.499001	 0.498536	 0.499705	 0.497613	-0.487723	-0.498965	-0.487406	 0.410633	-0.469738	 0.257089	 0.499159	 0.499157
-0.499001	 0.498536	 0.499705	 0.498342	-0.487723	-0.498965	-0.487406	 0.410817	-0.469792	 0.377752	 0.499159	 0.499157
-0.499001	 0.498536	 0.499705	 0.498707	-0.487723	-0.498965	-0.487406	 0.410909	-0.469818	 0.438084	 0.499159	 0.499157
-0.499001	 0.498536	 0.499705	 0.498889	-0.487723	-0.498965	-0.487406	 0.410955	-0.469832	 0.468250	 0.499159	 0.499157
-0.499001	 0.498536	 0.499705	 0.498981	-0.487723	-0.498965	-0.487406	 0.410978	-0.469839	 0.483333	 0.499159	 0.499157
-0.499001	 0.498536	 0.499705	 0.499026	-0.487723	-0.498965	-0.487406	 0.410990	-0.469842	 0.490874	 0.499159	 0.499157
-0.499001	 0.498536	 0.499705	 0.499049	-0.487723	-0.498965	-0.487406	 0.410996	-0.469844	 0.494645	 0.499159	 0.499157
-0.499001	 0.498536	 0.499705	 0.499060	-0.487723	-0.498965	-0.487406	 0.410998	-0.469844	 0.496530	 0.499159	 0.499157
-0.499001	 0.498536	-0.000295	 0.499066	 0.012277	-0.498965	-0.487406	 0.411000	-0.469845	-0.002527	 0.499159	 0.499157
-0.499001	 0.498536	-0.249294	 0.499069	 0.261252	-0.498965	-0.487406	 0.411001	-0.469845	-0.251052	 0.499159	 0.499157
-0.499001	 0.498536	 0.126206	 0.499070	-0.115281	-0.498965	-0.487406	 0.411001	-0.469845	-0.375315	 0.499159	 0.499157
-0.499001	 0.498536	 0.312953	 0.499071	-0.303547	-0.498965	-0.487406	 0.411001	-0.469845	-0.437447	 0.499159	 0.499157
-0.499001	 0.498536	 0.406326	 0.499071	-0.397680	-0.498965	-0.487406	 0.411001	-0.469845	 0.031488	 0.499159	 0.499157
-0.499001	 0.498536	 0.453013	 0.499072	-0.444747	-0.498965	-0.487406	 0.411001	-0.469845	 0.264954	 0.499159	 0.499157
-0.499001	 0.498536	 0.476356	 0.499072	-0.468280	-0.498965	-0.487406	 0.411001	-0.469845	 0.381687	 0.499159	 0.499157
-0.499001	 0.498536	 0.488028	-0.000928	-0.480047	-0.498965	-0.487406	 0.411001	-0.469845	-0.059946	 0.499159	 0.499157
-0.499001	 0.498536	 0.493864	-0.249926	-0.485930	-0.498965	-0.487406	 0.411001	-0.469845	-0.279760	 0.499159	 0.499157
-0.499001	 0.498536	 0.496782	 0.125574	-0.488872	-0.498965	-0.487406	 0.411001	-0.469845	-0.389666	 0.499159	 0.499157
-0.499001	 0.498536	 0.498241	 0.312323	-0.490342	-0.498965	-0.487406	 0.411001	-0.469845	-0.444620	 0.499159	 0.499157
-0.499001	 0.498536	-0.001030	 0.405697	 0.008922	-0.498965	-0.487406	 0.411001	-0.469845	-0.472097	 0.499159	 0.499157
-0.499001	 0.498536	-0.249664	 0.452384	 0.257538	-0.498965	-0.487406	 0.411001	-0.469845	-0.485835	 0.499159	 0.499157
-0.499001	 0.498536	 0.126018	 0.475728	-0.119166	-0.498965	-0.487406	 0.411001	-0.469845	-0.492704	 0.499159	 0.499157
-0.499001	 0.498536	 0.312856	 0.487399	-0.307518	-0.498965	-0.487406	 0.411001	-0.469845	-0.496139	 0.499159	 0.499157
-0.499001	 0.498536	 0.406275	 0.493235	-0.401695	-0.498965	-0.487406	 0.411001	-0.469845	-0.497856	 0.499159	 0.499157
-0.499001	 0.498536	 0.452985	 0.496153	 0.051217	-0.498965	-0.487406	 0.411001	-0.469845	 0.001285	 0.499159	 0.499157
-0.499001	 0.498536	 0.476339	 0.497612	 0.276665	-0.498965	-0.487406	 0.411001	-0.469845	 0.249855	 0.499159	 0.499157
-0.499001	 0.498536	 0.488017	 0.498342	-0.111615	-0.498965	-0.487406	 0.411001	-0.469845	-0.125860	 0.499159	 0.499157
-0.499001	 0.498536	 0.493855	 0.498706	-0.305755	-0.498965	-0.487406	 0.411001	-0.469845	-0.312714	 0.499159	 0.499157
-0.499001	 0.498536	 0.496775	 0.498889	-0.402826	-0.498965	-0.487406	 0.411001	-0.469845	-0.406141	 0.499159	-0.000843
-0.499001	 0.498536	 0.498234	 0.498980	-0.451361	-0.498965	-0.487406	 0.411001	-0.469845	-0.452855	 0.499159	-0.249842
-0.499001	 0.498536	 0.498964	 0.499026	-0.475628	-0.498965	-0.487406	 0.411001	-0.469845	 0.023788	 0.499159	 0.125659
-0.499001	 0.498536	 0.499329	 0.499048	-0.487762	-0.498965	-0.487406	 0.411001	-0.469845	 0.261109	 0.499159	 0.312407
-0.499001	 0.498536	 0.499512	 0.499060	-0.493829	-0.498965	-0.487406	 0.411001	-0.469845	 0.379769	 0.499159	 0.405781
-0.499001	 0.498536	 0.499603	 0.499065	-0.496862	-0.498965	 0.012594	 0.411001	-0.469845	-0.060901	 0.499159	 0.452468
-0.499001	 0.498536	 0.499649	 0.499068	-0.498379	-0.498965	 0.261569	 0.411001	-0.469845	-0.280232	 0.499159	 0.475812
-0.499001	 0.498536	 0.499671	 0.499070	-0.499137	-0.498965	-0.114965	 0.411001	-0.469845	-0.389898	 0.499159	 0.487484
-0.499001	 0.498536	 0.499683	 0.499070	-0.499516	-0.498965	-0.303232	 0.411001	-0.469845	-0.444731	 0.499159	 0.493319
-0.499001	 0.498536	 0.499688	 0.499071	-0.499706	-0.498965	-0.397365	 0.411001	-0.469845	 0.027852	 0.499159	 0.496237
-0.499001	 0.498536	 0.499691	 0.499071	-0.499801	-0.498965	-0.444432	 0.411001	-0.469845	 0.263143	 0.499159	 0.497696
-0.499001	 0.498536	 0.499693	 0.499071	-0.499848	-0.498965	-0.467965	 0.411001	-0.469845	 0.380789	 0.499159	 0.498426
-0.499001	 0.498536	 0.499693	 0.499071	-0.499872	-0.498965	-0.479732	 0.411001	-0.469845	 0.439611	 0.499159	 0.498791
-0.499001	 0.498536	 0.499694	 0.499071	-0.499884	-0.498965	-0.485615	 0.411001	-0.469845	 0.469023	 0.499159	 0.498973
-0.499001	 0.498536	 0.499694	 0.499071	 0.000110	-0.498965	 0.011443	 0.411001	-0.469845	-0.016272	 0.499159	 0.499064
-0.499001	 0.498536	 0.499694	 0.499071	 0.249107	-0.498965	 0.258955	 0.411001	-0.469845	-0.257916	 0.499159	 0.499110
-0.499001	 0.498536	 0.499694	 0.499071	-0.126394	-0.498965	-0.118301	-0.088999	-0.469845	-0.378738	 0.499159	 0.499133
-0.499001	 0.498536	 0.499694	 0.499071	-0.313141	-0.498965	-0.306930	-0.337821	-0.469845	-0.439149	 0.499159	 0.499144
-0.499001	 0.498536	 0.499694	 0.499071	-0.406515	-0.498965	-0.401244	 0.038942	-0.469845	-0.469354	 0.499159	 0.499150
-0.499001	 0.498536	 0.499694	 0.499071	-0.453202	-0.498965	-0.448401	 0.227323	-0.469845	-0.484457	 0.499159	 0.499152
-0.499001	 0.498536	 0.499694	 0.499071	-0.476545	-0.498965	-0.471980	 0.321513	-0.469845	 0.007992	 0.499159	 0.499154
-0.499001	 0.498536	 0.499694	 0.499071	-0.488217	-0.498965	-0.483769	 0.368609	-0.469845	 0.253215	 0.499159	 0.499155
-0.499001	 0.498536	 0.499694	 0.499071	-0.494053	-0.498965	-0.489664	-0.107844	-0.469845	 0.375827	 0.499159	 0.499155
-0.499001	 0.498536	 0.499694	 0.499071	-0.496971	-0.498965	-0.492611	-0.344901	-0.469845	 0.437133	 0.499159	 0.499155
-0.499001	 0.498536	 0.499694	 0.499071	-0.498429	-0.498965	-0.494085	-0.462266	-0.469845	 0.467786	 0.499159	 0.499155
-0.499001	 0.498536	 0.499694	 0.499071	-0.499159	-0.498965	-0.494821	-0.019789	-0.469845	 0.483112	 0.499159	 0.499155
-0.499001	 0.498536	 0.499694	 0.499071	-0.499524	-0.498965	-0.495190	 0.201449	-0.469845	 0.490775	 0.499159	 0.499155
-0.499001	 0.498536	 0.499694	 0.499071	-0.499706	-0.498965	-0.495374	 0.312068	-0.469845	-0.005393	 0.499159	 0.499155
-0.499001	 0.498536	 0.499694	 0.499071	-0.499797	-0.498965	-0.495466	 0.367378	-0.469845	-0.252474	 0.499159	 0.499155
-0.499001	 0.498536	 0.499694	 0.499071	 0.000157	-0.498965	-0.495512	 0.395033	-0.469845	-0.376015	 0.499159	 0.499155
-0.499001	 0.498536	 0.499694	 0.499071	 0.249134	-0.498965	-0.495535	 0.408860	-0.469845	-0.437785	 0.499159	 0.499155
-0.499001	 0.498536	 0.499694	 0.499071	-0.126377	-0.498965	-0.495547	 0.415774	-0.469845	-0.468670	 0.499159	 0.499155
-0.499001	 0.498536	 0.499694	 0.499071	-0.313129	-0.498965	-0.495553	 0.419231	-0.469845	-0.484113	 0.499159	 0.499155
-0.499001	 0.498536	 0.499694	 0.499071	-0.406505	-0.498965	-0.495555	 0.420959	-0.469845	-0.491834	 0.499159	 0.499155
-0.499001	 0.498536	 0.499694	 0.499071	-0.453193	-0.498965	-0.495557	 0.421823	-0.469845	-0.495694	 0.499159	 0.499155
-0.499001	 0.498536	 0.499694	 0.499071	-0.476537	-0.498965	-0.495558	 0.422255	-0.469845	-0.497625	 0.499159	 0.499155
-0.499001	 0.498536	 0.499694	 0.499071	-0.488209	-0.498965	-0.495558	 0.422471	-0.469845	-0.498590	 0.499159	 0.499155
-0.499001	 0.498536	 0.499694	 0.499071	-0.494045	-0.498965	-0.495558	 0.422579	-0.469845	-0.499073	 0.499159	 0.499155
-0.499001	 0.498536	 0.499694	 0.499071	-0.496963	-0.498965	-0.495558	 0.422633	-0.469845	 0.000686	 0.499159	 0.499155
-0.499001	 0.498536	 0.499694	 0.499071	-0.498422	-0.498965	-0.495558	 0.422660	-0.469845	 0.249565	 0.499159	 0.499155
-0.499001	 0.498536	 0.499694	 0.499071	-0.499152	-0.498965	-0.495558	 0.422674	 0.030155	-0.125996	 0.499159	 0.499155
-0.499001	 0.498536	 0.499694	 0.499071	-0.499517	-0.498965	-0.495558	 0.422681	 0.279094	-0.312773	 0.499159	 0.499155
-0.499001	 0.498536	 0.499694	 0.499071	-0.499699	-0.498965	-0.495558	 0.422684	 0.402508	-0.406162	 0.499159	 0.499155
-0.499001	 0.498536	 0.499694	 0.499071	-0.499790	-0.498965	-0.495558	-0.077314	-0.036837	 0.047144	 0.499159	-0.000845
-0.499001	 0.498536	 0.499694	 0.499071	-0.499836	-0.498965	-0.495558	-0.326159	-0.256509	 0.272796	 0.499159	-0.249843
-0.499001	 0.498536	 0.499694	 0.499071	-0.499859	-0.498965	-0.495558	 0.050569	-0.366345	 0.385622	 0.499159	 0.125658
-0.499001	 0.498536	 0.499694	 0.499071	-0.499870	-0.498965	-0.495558	 0.238933	-0.421264	 0.442035	 0.499159	 0.312406
-0.499001	 0.498536	 0.499694	 0.499071	-0.499876	-0.498965	-0.495558	 0.333115	-0.448723	-0.029759	 0.499159	 0.405780
-0.499001	 0.498536	 0.499694	 0.499071	-0.499878	-0.498965	-0.495558	 0.380206	-0.462452	-0.264653	 0.499159	 0.452467
-0.499001	 0.498536	 0.499694	 0.499071	-0.499880	-0.498965	-0.495558	 0.403751	-0.469317	 0.117901	 0.499159	 0.475811
-0.499001	 0.498536	 0.499694	 0.499071	-0.499881	-0.498965	-0.495558	 0.415524	-0.472749	 0.308176	 0.499159	 0.487482
-0.499001	 0.498536	 0.499694	 0.499071	-0.499881	-0.498965	-0.495558	 0.421410	-0.474465	 0.403314	 0.499159	 0.493318
-0.499001	 0.498536	 0.499694	 0.499071	-0.499881	-0.498965	 0.004442	 0.424353	-0.475324	 0.450883	 0.499159	 0.496236
-0.499001	 0.498536	 0.499694	 0.499071	-0.499881	-0.498965	 0.253433	 0.425825	-0.475753	 0.474667	 0.499159	 0.497695
-0.499001	 0.498536	 0.499694	 0.499071	-0.499881	-0.498965	-0.123076	 0.426561	-0.475967	-0.013440	 0.499159	 0.498425
-0.499001	 0.498536	 0.499694	 0.499071	-0.499881	-0.498965	-0.311331	 0.426929	-0.476074	-0.256491	 0.499159	 0.498789
-0.499001	 0.498536	 0.499694	 0.499071	-0.499881	-0.498965	-0.405458	 0.427113	-0.476128	-0.378016	 0.499159	 0.498972
-0.499001	 0.498536	 0.499694	 0.499071	-0.499881	-0.498965	-0.452522	 0.427205	-0.476155	-0.438779	 0.499159	 0.499063
-0.499001	 0.498536	 0.499694	 0.499071	-0.499881	-0.498965	-0.476054	 0.427251	-0.476168	-0.469161	 0.499159	 0.499108
-0.499001	 0.498536	 0.499694	 0.499071	-0.499881	-0.498965	-0.487820	 0.427274	-0.476175	-0.484351	 0.499159	 0.499131
-0.499001	 0.498536	 0.499694	 0.499071	-0.499881	-0.498965	-0.493703	 0.427285	-0.476178	-0.491947	 0.499159	 0.499143
-0.499001	 0.498536	 0.499694	 0.499071	-0.499881	-0.498965	-0.496644	 0.427291	-0.476180	 0.004256	 0.499159	 0.499148
-0.499001	 0.498536	 0.499694	 0.499071	-0.499881	-0.498965	-0.498115	 0.427294	-0.476181	 0.251356	 0.499159	 0.499151
-0.499001	 0.498536	 0.499694	 0.499071	 0.000119	-0.498965	-0.498850	 0.427295	-0.476181	-0.125094	 0.499159	 0.499153
-0.499001	 0.498536	 0.499694	 0.499071	 0.249118	-0.498965	-0.499218	 0.427296	-0.476181	-0.312316	 0.499159	 0.499153
-0.499001	 0.498536	 0.499694	 0.499071	-0.126382	-0.498965	-0.499402	 0.427296	 0.023818	 0.094073	 0.499159	 0.499154
-0.499001	 0.498536	 0.499694	 0.499071	-0.313128	-0.498965	-0.499494	 0.427296	 0.272771	 0.296267	 0.499159	 0.499154
-0.499001	 0.498536	 0.499694	 0.499071	-0.406501	-0.498965	-0.499540	 0.427297	-0.103797	-0.102636	 0.499159	 0.499154
-0.499001	 0.498536	 0.499694	 0.499071	-0.453188	-0.498965	-0.499563	 0.427297	-0.292080	-0.301085	 0.499159	 0.499154
-0.499001	 0.498536	 0.499694	 0.499071	-0.476531	-0.498965	-0.499574	 0.427297	-0.386222	-0.400309	 0.499159	 0.499154
-0.499001	 0.498536	 0.499694	 0.499071	-0.488203	-0.498965	-0.499580	-0.072703	-0.433293	-0.449921	 0.499159	 0.499154
-0.499001	 0.498536	 0.499694	 0.499071	-0.494038	-0.498965	-0.499583	-0.321558	-0.456828	-0.474727	 0.499159	 0.499154
-0.499001	 0.498536	 0.499694	 0.499071	-0.496956	-0.498965	-0.499584	 0.055156	-0.468596	-0.487130	 0.499159	 0.499154
-0.499001	 0.498536	 0.499694	 0.499071	-0.498415	-0.498965	-0.499585	 0.243512	-0.474480	-0.493332	 0.499159	 0.499154
-0.499001	 0.498536	 0.499694	 0.499071	-0.499145	-0.498965	-0.499585	 0.337691	-0.477422	-0.496432	 0.499159	 0.499154
-0.499001	 0.498536	 0.499694	 0.499071	-0.499510	-0.498965	-0.499586	 0.384780	-0.478893	-0.497983	 0.499159	 0.499154
-0.499001	 0.498536	 0.499694	 0.499071	-0.499692	-0.498965	-0.499586	 0.408325	-0.479628	 0.001242	 0.499159	 0.499154
-0.499001	 0.498536	 0.499694	 0.499071	-0.499783	-0.498965	-0.499586	 0.420097	-0.479996	 0.249853	 0.499159	 0.499154
-0.499001	 0.498536	 0.499694	 0.499071	-0.499829	-0.498965	-0.499586	 0.425983	-0.480180	 0.374159	 0.499159	 0.499154
-0.499001	 0.498536	 0.499694	 0.499071	-0.499851	-0.498965	-0.499586	 0.428926	-0.480272	-0.063688	 0.499159	 0.499154
-0.499001	 0.498536	 0.499694	 0.499071	-0.499863	-0.498965	-0.499586	 0.430398	-0.480318	-0.281608	 0.499159	 0.499154
-0.499001	 0.498536	 0.499694	 0.499071	-0.499869	-0.498965	-0.499586	 0.431133	-0.480341	-0.390569	 0.499159	 0.499154
-0.499001	 0.498536	 0.499694	 0.499071	-0.499871	-0.498965	-0.499586	 0.431501	-0.480352	-0.445049	 0.499159	 0.499154
-0.499001	 0.498536	 0.499694	 0.499071	-0.499873	-0.498965	-0.499586	 0.431685	-0.480358	-0.472289	 0.499159	 0.499154
-0.499001	 0.498536	 0.499694	 0.499071	-0.499874	-0.498965	-0.499586	 0.431777	-0.480361	-0.485909	 0.499159	 0.499154
-0.499001	 0.498536	 0.499694	 0.499071	-0.499874	-0.498965	-0.499586	 0.431823	-0.480362	 0.007281	 0.499159	-0.000846
-0.499001	 0.498536	 0.499694	 0.499071	-0.499874	-0.498965	-0.499586	 0.431846	-0.480363	 0.252875	 0.499159	-0.249844
-0.499001	 0.498536	 0.499694	 0.499071	-0.499874	-0.498965	-0.499586	 0.431858	-0.480363	 0.375672	 0.499159	-0.374343
-0.499001	 0.498536	 0.499694	 0.499071	 0.000126	-0.498965	 0.000414	 0.431863	-0.480364	 0.437071	 0.499159	 0.063407
-0.499001	 0.498536	 0.499694	 0.499071	 0.249126	-0.498965	 0.249413	 0.431866	-0.480364	 0.467770	 0.499159	 0.281280
-0.499001	 0.498536	 0.499694	 0.499071	-0.126375	-0.498965	-0.126087	 0.431868	-0.480364	 0.483120	 0.499159	 0.390216
-0.499001	 0.498536	 0.499694	 0.499071	-0.313121	-0.498965	-0.312834	 0.431868	-0.480364	 0.490794	 0.499159	 0.444685
-0.499001	 0.498536	 0.499694	 0.499071	 0.093506	-0.498965	 0.093792	 0.431869	-0.480364	 0.494632	 0.499159	 0.471919
-0.499001	 0.498536	 0.499694	 0.499071	 0.295819	-0.498965	 0.296105	 0.431869	-0.480364	 0.496550	 0.499159	 0.485536
-0.499001	 0.498536	 0.499694	 0.499071	-0.103024	-0.498965	-0.102739	 0.431869	-0.480364	 0.497510	 0.499159	 0.492344
-0.499001	 0.498536	 0.499694	 0.499071	-0.301442	-0.498965	-0.301158	 0.431869	-0.480364	 0.497989	 0.499159	 0.495749
-0.499001	 0.498536	 0.499694	 0.499071	-0.400651	-0.498965	-0.400367	 0.431869	-0.480364	 0.498229	 0.499159	 0.497451
-0.499001	 0.498536	 0.499694	 0.499071	-0.450256	-0.498965	-0.449972	 0.431869	-0.480364	 0.498349	 0.499159	 0.498302
-0.499001	 0.498536	 0.499694	 0.499071	-0.475058	-0.498965	-0.474774	 0.431869	-0.480364	 0.498409	 0.499159	 0.498727
-0.499001	 0.498536	 0.499694	 0.499071	-0.487459	-0.498965	 0.012825	 0.431869	-0.480364	-0.001561	 0.499159	 0.498940
-0.499001	 0.498536	 0.499694	 0.499071	-0.493660	-0.498965	 0.255623	 0.431869	-0.480364	-0.250543	 0.499159	 0.499046
-0.499001	 0.498536	 0.499694	 0.499071	 0.003240	-0.498965	-0.122977	-0.068131	-0.480364	-0.375034	 0.499159	 0.499100
-0.499001	 0.498536	 0.499694	 0.499071	 0.250690	-0.498965	-0.311275	-0.316995	-0.480364	-0.437279	 0.499159	 0.499126
-0.499001	 0.498536	 0.499694	 0.499071	-0.125586	-0.498965	-0.405423	 0.059705	-0.480364	-0.468402	 0.499159	 0.499140
-0.499001	 0.498536	 0.499694	 0.499071	-0.312720	-0.498965	-0.452497	 0.248055	-0.480364	-0.483963	 0.499159	 0.499146
-0.499001	 0.498536	 0.499694	 0.499071	-0.406287	-0.498965	-0.476035	 0.342230	-0.480364	-0.491744	 0.499159	 0.499149
-0.499001	 0.498536	 0.499694	 0.499071	 0.046930	-0.498965	-0.487803	 0.389318	-0.480364	-0.495634	 0.499159	 0.499151
-0.499001	 0.498536	 0.499694	 0.499071	 0.272538	-0.498965	-0.493687	 0.412861	-0.480364	-0.497580	 0.499159	 0.499152
-0.499001	 0.498536	 0.499694	 0.499071	-0.114658	-0.498965	-0.496630	 0.424633	-0.480364	-0.498552	 0.499159	 0.499152
-0.499001	 0.498536	 0.499694	 0.499071	-0.307252	-0.498965	-0.498101	 0.430519	-0.480364	-0.499038	 0.499159	 0.499153
-0.499001	 0.498536	 0.499694	 0.499071	-0.403549	-0.498965	-0.498836	 0.433462	-0.480364	-0.499282	 0.499159	 0.499153
-0.499001	 0.498536	 0.499694	 0.499071	-0.451698	-0.498965	-0.499204	 0.434934	-0.480364	-0.499403	 0.499159	 0.499153
-0.499001	 0.498536	-0.000306	 0.499071	-0.475772	-0.498965	-0.499388	 0.435669	-0.480364	-0.499464	 0.499159	 0.499153
-0.499001	 0.498536	-0.249305	 0.499071	-0.487809	-0.498965	-0.499480	 0.436037	-0.480364	-0.499494	 0.499159	 0.499153
-0.499001	 0.498536	-0.373805	 0.499071	-0.493828	-0.498965	-0.499526	 0.436221	-0.480364	-0.499510	 0.499159	 0.499153
-0.499001	 0.498536	 0.063945	 0.499071	-0.496837	-0.498965	-0.999549	 0.436313	 0.019636	-0.499517	 0.499159	 0.499153
-0.499001	 0.498536	 0.281817	 0.499071	-0.498342	-0.498965	-1.246561	 0.436359	 0.268597	-0.499521	 0.499159	 0.499153
-0.499001	 0.498536	 0.390753	 0.499071	-0.499094	-0.498965	-0.867080	 0.436382	-0.107958	 0.000477	 0.499159	 0.499153
-0.499001	 0.498536	 0.445221	 0.499071	-0.499470	-0.498965	-0.677340	 0.436394	-0.296235	 0.249475	 0.499159	 0.499153
-0.499001	 0.498536	 0.472455	 0.499071	 0.000341	-0.498965	-0.582469	 0.436399	-0.390374	-0.626026	 0.499159	 0.499153
-0.499001	 0.498536	 0.486072	 0.499071	 0.249247	-0.498965	-0.535034	 0.436402	-0.437443	-1.060773	 0.499159	 0.499153
-0.499001	 0.498536	 0.492880	 0.499071	-0.126300	-0.498965	-0.511317	 0.436404	-0.460978	-0.775156	 0.499159	 0.499153
-0.499001	 0.498536	 0.496284	 0.499071	-0.313070	-0.498965	-0.499458	 0.436404	-0.472745	-0.632347	 0.499159	 0.499153
-0.499001	 0.498536	 0.497986	 0.499071	-0.406455	-0.498965	-0.493529	 0.436405	-0.478629	-0.560943	 0.499159	 0.499153
-0.499001	 0.498536	 0.498838	 0.499071	-0.453147	-0.498965	-0.490564	 0.436405	 0.018429	-0.525241	 0.499159	 0.499153
-0.499001	 0.498536	 0.499263	 0.499071	-0.476494	-0.498965	-0.489082	 0.436405	 0.265927	-0.507389	 0.499159	 0.499153
-0.499001	 0.498536	 0.499476	 0.499071	 0.011833	-0.498965	-0.488340	 0.436405	 0.388650	-0.498464	 0.499159	 0.499153
-0.499001	 0.498536	 0.499582	 0.499071	 0.254996	-0.498965	-0.487970	 0.436405	 0.448988	-0.494001	 0.499159	 0.499153
-0.499001	 0.498536	 0.499635	 0.499071	-0.123422	-0.498965	 0.012216	 0.436405	-0.021862	 0.008230	 0.499159	 0.499153
-0.499001	 0.498536	 0.499662	 0.499071	-0.311628	-0.498965	 0.261283	 0.436405	-0.257286	 0.258325	 0.499159	 0.499153
-0.499001	 0.498536	-0.000325	 0.499071	-0.405730	-0.498965	-0.115203	 0.436405	-0.374999	 0.382356	 0.499159	-0.000847
-0.499001	 0.498536	-0.249317	 0.499071	-0.452782	-0.498965	-0.303447	 0.436405	-0.433855	 0.443358	 0.499159	-0.249846
-0.499001	 0.498536	 0.126186	 0.499071	 0.023693	-0.498965	-0.397568	 0.436405	-0.463283	-0.027149	 0.499159	 0.125655
-0.499001	 0.498536	 0.312935	 0.499071	 0.260929	-0.498965	-0.444629	 0.436405	-0.477997	-0.262403	 0.499159	 0.312403
-0.499001	 0.498536	 0.406309	 0.499071	 0.379548	-0.498965	-0.468160	 0.436405	-0.485354	-0.380030	 0.499159	 0.405778
-0.499001	 0.498536	 0.452996	 0.499071	-0.061143	-0.498965	-0.479925	 0.436405	-0.489033	 0.061157	 0.499159	 0.452465
-0.499001	 0.498536	 0.476340	 0.499071	-0.280485	-0.498965	-0.485808	 0.436405	-0.490872	 0.280745	 0.499159	 0.475808
-0.499001	 0.498536	 0.488011	 0.499071	-0.390156	-0.498965	-0.488749	 0.436405	-0.491791	 0.389539	 0.499159	 0.487480
-0.499001	 0.498536	 0.493847	 0.499071	-0.444991	-0.498965	-0.490220	 0.436405	-0.492251	 0.443936	 0.499159	 0.493316
-0.499001	 0.498536	 0.496765	 0.499071	-0.472409	-0.498965	-0.490955	 0.436405	 0.007519	-0.028866	 0.499159	 0.496234
-0.499001	 0.498536	 0.498224	 0.499071	-0.486118	-0.498965	-0.491323	 0.436405	 0.256389	-0.264264	 0.499159	 0.497693
