-0.498153	-0.114463	-0.469367	 0.211567	 0.249946	-0.498269	-3.509565	-0.445368	 0.499391	-2.400654	-0.498360	 0.498585
-0.498153	-0.114463	-0.469367	 0.211567	-0.125555	-0.498268	-3.492597	-0.445368	 0.499391	-2.391046	-0.498360	 0.498585
-0.498153	-0.114463	-0.469367	 0.211567	-0.312303	-0.498267	-3.477162	-0.445368	 0.499391	-2.381479	-0.498360	 0.498585
-0.498153	-0.114463	-0.469367	 0.211567	-0.405677	-0.498267	-3.462521	-0.445368	 0.499391	-2.371952	-0.498360	 0.498585
-0.498153	-0.114463	-0.469367	 0.211567	-0.452364	-0.498267	-3.448305	-0.445368	 0.499391	-2.362463	-0.498360	 0.498585
-0.498153	-0.114463	-0.469367	 0.211567	-0.475708	-0.498267	-3.434328	-0.445368	 0.499391	-2.353013	-0.498360	 0.498585
-0.498153	-0.114463	-0.469367	 0.211567	-0.487380	-0.498267	-3.420499	-0.445368	 0.499391	-2.343601	-0.498360	 0.498585
-0.498153	-0.114463	-0.469367	 0.211567	-0.493216	-0.498267	-3.406772	-0.445368	 0.499391	-2.334226	-0.498360	 0.498585
-0.498153	-0.114463	-0.469367	 0.211567	-0.496134	-0.498267	-3.393122	-0.445368	 0.499391	-2.324889	-0.498360	 0.498585
-0.498153	-0.114463	-0.469367	 0.211567	-0.497593	-0.498267	-3.379538	-0.445368	 0.499391	-2.315590	-0.498360	 0.498585
-0.498153	-0.114463	-0.469367	 0.211567	-0.498322	-0.498267	-3.366014	-0.445368	 0.499391	-1.806327	-0.498360	 0.498585
-0.498153	-0.114463	-0.469367	 0.211567	-0.498687	-0.498267	-3.352547	-0.445368	 0.499391	-1.549102	-0.498360	 0.498585
-0.498153	-0.114463	-0.469367	 0.211567	-0.498869	-0.498267	-3.339135	-0.445368	 0.499391	-1.917905	-0.498360	 0.498585
-0.498153	-0.114463	-0.469367	 0.211567	-0.498960	-0.498267	-3.325778	-0.445368	 0.499391	-2.097734	-0.498360	 0.498585
-0.498153	-0.114463	-0.469367	 0.211567	-0.499006	-0.498267	-3.312475	-0.445368	 0.499391	-2.183093	-0.498360	 0.498585
-0.498153	-0.114463	-0.469367	 0.211567	-0.499029	-0.498267	-3.299224	-0.445368	 0.499391	-2.221235	-0.498360	 0.498585
-0.498153	-0.114463	-0.469367	 0.211567	-0.499040	-0.498267	-3.286027	-0.445368	 0.499391	-2.235788	-0.498360	 0.498585
-0.498153	-0.114463	-0.469367	 0.211567	-0.499046	-0.498267	-3.272883	-0.445368	 0.499391	-2.238564	-0.498360	 0.498585
-0.498153	-0.114463	-0.469367	 0.211567	-0.499049	-0.498267	-3.259792	-0.445368	 0.499391	-2.235469	-0.498360	 0.498585
-0.498153	-0.114463	-0.469367	 0.211567	-0.499050	-0.498267	-3.246753	-0.445368	 0.499391	-2.229457	-0.498360	 0.498585
-0.498153	-0.114463	-0.469367	 0.211567	-0.499051	-0.498267	-3.233766	-0.445368	 0.499391	-2.222004	-0.498360	 0.498585
 0.001847	-0.114463	-0.469367	 0.211567	-0.499051	-0.498267	-3.220831	-0.445368	 0.499391	-2.713848	-0.498360	 0.498585
 0.250843	-0.114463	-0.469367	 0.211567	-0.499051	-0.498267	-3.207947	-0.445368	 0.499391	-2.953359	-0.498360	 0.498585
 0.375342	-0.114463	-0.469367	 0.211567	-0.499051	-0.498267	-3.195115	-0.445368	 0.499391	-3.066728	-0.498360	 0.498585
-0.062409	-0.114463	-0.469367	 0.211567	 0.000949	-0.498267	-3.182335	-0.445368	 0.499391	-2.617053	-0.498360	 0.498585
-0.280285	-0.114463	-0.469367	 0.211567	 0.249947	-0.498267	-3.169606	-0.445368	 0.499391	-2.387881	-0.498360	 0.498585
-0.389222	-0.114463	-0.469367	 0.211567	-0.125554	-0.498267	-3.156927	-0.445368	 0.499391	-2.268977	-0.498360	 0.498585
-0.443691	-0.114463	-0.469367	 0.211567	-0.312303	-0.498267	-3.144299	-0.445368	 0.499391	-2.205225	-0.498360	 0.498585
 0.029075	-0.114463	-0.469367	 0.211567	 0.094323	-0.498267	-3.131722	-0.445368	 0.499391	-1.669066	-0.498360	 0.498585
 0.264454	-0.114463	-0.469367	 0.211567	 0.296634	-0.498267	-3.119195	-0.445368	 0.499391	-1.398721	-0.498360	 0.498585
 0.382143	-0.114463	-0.469367	 0.211567	-0.102210	-0.498267	-3.106719	-0.445368	-0.000609	-1.261292	-0.498360	 0.498585
 0.440988	-0.114463	-0.469367	 0.211567	-0.300631	-0.498267	-3.094292	-0.445368	-0.249608	-1.190329	-0.498360	 0.498585
 0.470411	-0.114463	-0.469367	 0.211567	-0.399841	-0.498267	-3.081915	-0.445368	-0.374108	-1.152609	-0.498360	 0.498585
 0.485122	-0.114463	-0.469367	 0.211567	 0.050554	-0.498267	-3.069587	 0.054632	 0.063643	-1.631519	-0.498360	 0.498585
 0.492477	-0.114463	-0.469367	 0.211567	 0.274750	-0.498267	-3.057309	 0.303523	 0.281515	-1.866754	-0.498360	 0.498585
-0.003845	-0.114463	-0.469367	 0.211567	 0.386848	-0.498267	-3.045079	-0.073137	 0.390451	-1.980167	-0.498360	 0.498585
-0.251006	-0.114463	-0.469367	 0.211567	 0.442897	-0.498267	-3.032899	-0.261466	 0.444919	-2.032686	-0.498360	 0.498585
-0.374586	-0.114463	-0.469367	 0.211567	 0.470921	 0.001733	-3.020767	 0.144369	 0.472153	-2.054776	-0.498360	 0.498585
-0.436376	-0.114463	-0.469367	 0.211567	 0.484933	 0.250730	-3.008684	 0.346186	 0.485771	-2.061666	-0.498360	 0.498585
-0.467271	-0.114463	-0.469367	 0.211567	 0.491939	-0.124772	-3.496650	-0.054001	-0.007421	-2.060975	-0.498360	-0.001415
-0.482719	-0.114463	-0.469367	 0.211567	 0.495443	-0.311522	-3.732663	-0.254095	-0.253015	-2.056508	-0.498360	-0.250412
-0.490443	-0.114463	-0.469367	 0.211567	 0.497194	-0.404897	-3.842732	-0.354142	-0.375813	-2.050171	-0.498360	-0.374910
-0.494304	-0.614463	-0.969367	-0.288433	-0.501930	-0.451585	-4.389861	-0.904165	 0.562789	 1.957085	 14.501640	 14.062840
-0.496235	-0.862234	-1.216429	-0.536856	-0.998490	-0.474929	-4.653552	-1.176269	 1.029087	 3.948785	 21.942636	 21.224715
 1.502799	 1.516100	 1.662968	-0.159497	-0.743780	-0.486601	-3.775563	-0.809424	 0.759245	 0.932753	 10.104367	 10.248878
 2.495313	 2.697478	 3.093581	 0.029182	-0.616425	-0.492437	-3.330773	-0.626001	 0.624324	-0.571096	 4.188701	 4.762414
 0.984594	 0.780410	 0.799840	-0.376478	-0.052748	 0.004645	-2.102606	 0.465710	 1.056863	-0.318870	 1.734321	 2.520630
 0.230287	-0.175851	-0.344043	-0.577744	 0.228069	 0.252183	-1.486774	 1.008451	 1.270154	-0.192758	 0.508572	 1.399738
 0.354181	-0.151717	-0.413009	-0.176819	 0.867460	 1.375952	 2.322884	 1.776719	 1.873833	 3.370299	 0.897131	 0.839292
 0.416128	-0.139650	-0.447492	 0.023644	 1.184142	 1.932837	 4.215448	 2.155763	 2.170717	 5.137960	 1.088840	 0.559069
 0.447102	-0.133617	-0.464733	 0.123875	 1.339481	 2.206300	 5.149514	 2.340215	 2.314224	 6.007980	 1.182133	 0.418958
 0.462589	 0.369400	 0.026646	 0.173991	 2.414161	 2.338072	 12.604380	 2.927392	 2.381062	 9.929233	 1.226229	 0.348902
 0.470332	 0.619163	 0.271300	 0.199049	 2.944523	 2.399018	 16.291694	 3.213952	 2.409585	 11.862159	 1.245736	 0.313874
 0.974204	 0.242307	-0.107406	 0.711577	 2.702754	 2.924571	 23.095393	 3.350230	 1.918971	 15.801032	 1.752959	-0.203640
 1.223184	 0.053879	-0.296758	 0.965394	 2.576948	 3.180448	 26.437445	 3.411396	 1.670807	 17.730989	 2.002050	-0.460954
 0.844729	 0.459665	-0.391434	 1.089863	 2.509143	 3.301513	 31.048912	 3.935034	 1.043879	 18.656645	 2.122093	-1.088175
 0.655502	 0.660827	-0.438773	 1.149670	 2.470357	 3.355201	 33.283324	 4.187936	 0.730416	 19.080309	 2.177631	-1.398355
 1.060888	 0.759684	-0.462442	 1.177154	 2.946102	 3.375227	 35.329495	 4.305505	 0.573684	 18.753133	 1.700933	-1.550027
 1.260649	 0.807396	-0.474276	 1.188486	 3.177130	 3.378449	 36.277829	 4.355444	 0.495318	 18.552693	 1.460136	-1.622460
 1.357608	 0.829541	-0.480193	 1.191753	 3.285828	 3.373297	 36.677544	 4.371602	 0.456135	 18.415768	 1.337299	-1.655287
 1.403179	 0.838911	-0.483152	 1.190997	 2.833388	 2.863985	 36.303247	 4.370906	 0.436544	 18.310748	 1.273451	-1.168324
 1.423067	 0.841899	-0.484631	 1.188238	 2.602406	 2.604619	 36.044240	 4.361817	 0.426748	 18.221827	 1.239108	-0.923480
 0.930125	 0.841703	-0.485371	 0.684487	 2.482172	 2.970246	 32.843166	 3.848568	 0.921850	 17.141100	 1.719527	-0.299701
 0.683654	 0.839922	-0.485741	 0.432612	 2.417331	 3.146388	 31.183345	 3.585272	 1.166567	 16.568616	 1.955337	 0.012189
 0.560418	 0.337355	-0.485926	 0.306675	 2.380206	 2.727813	 25.794388	 2.946980	 0.786103	 13.750382	 1.568859	 0.168134
 0.498801	 0.086072	-0.486018	 0.243706	 2.356957	 2.513908	 23.059098	 2.623217	 0.595871	 12.319400	 1.373256	 0.246106
 0.967992	-0.039570	-0.486064	 0.212221	 2.340665	 2.402355	 20.650806	 2.456737	 0.500755	 11.582133	 1.273098	 0.285092
 1.199713	-0.102390	-0.486088	 0.196479	 2.327870	 2.341997	 19.410174	 2.368916	 0.453197	 11.191809	 1.220674	 0.304586
 0.812711	-0.133801	-0.486099	 0.188608	 2.316843	 2.307255	 18.753520	 2.320443	 0.429418	 10.975045	 1.192125	 0.314332
 0.619209	-0.149506	-0.486105	 0.184673	 2.306718	 2.285339	 18.388999	 2.291663	 0.417529	 10.845146	 1.175524	 0.319205
 0.522459	-0.157359	-0.486108	 0.182705	 2.297062	 2.269854	 18.170689	 2.272747	 0.411584	 10.758766	 1.164905	 0.321642
 0.474084	 0.338715	-0.486109	 0.181721	 2.287659	 2.257602	 18.025630	 2.258782	 0.908612	 10.694231	 1.157287	 0.322860
 0.449896	 0.585082	-0.486110	 0.181229	 2.278401	 2.246986	 17.917339	 2.247309	 1.154314	 10.640704	 1.151179	 0.323469
 0.437802	 0.206603	-0.486110	 0.180983	 2.269234	 2.237205	 17.827575	 2.737101	 1.274365	 10.592767	 1.145835	 0.323774
 0.431755	 0.017363	-0.486111	 0.180860	 2.260130	 2.227860	 17.747218	 2.975543	 1.331602	 10.547708	 1.140882	 0.323926
 0.428732	-0.077256	-0.486111	 0.180799	 2.251076	 2.218750	 17.671705	 2.588337	 1.357443	 11.004173	 1.136133	 0.324002
 0.427220	-0.124566	-0.486111	 0.180768	 2.242065	 2.209776	 17.598757	 2.390331	 1.367597	 11.209485	 1.131496	 0.324041
 0.426464	-0.148221	-0.486111	 0.180752	 2.233094	 1.700888	 17.527231	 2.286943	 1.369918	 10.789311	 1.126924	 0.324060
 0.426086	-0.160049	-0.486111	 0.180745	 2.224159	 1.444059	 17.456557	 2.230883	 1.368334	 10.558486	 1.122393	 0.324069
 0.425897	-0.165962	-0.486111	 0.180741	 2.215262	 1.313271	 17.386448	 2.198503	 1.364809	 10.422418	 1.117892	 0.324074
 0.425803	-0.168919	 0.013889	 0.180739	 2.206401	 1.745511	 17.316760	 2.677980	 1.360324	 10.833811	 1.113415	 0.324076
 0.425756	-0.170398	 0.262862	 0.180738	 2.197575	 1.957276	 17.247423	 2.911404	 1.355369	 11.017017	 1.108958	 0.324077
 0.425732	-0.171137	-0.113676	 0.180738	 2.188784	 2.058821	 17.178398	 2.521827	 1.350191	 11.086220	 1.104521	 0.324078
 0.425720	-0.171507	-0.301945	 0.180737	 2.180029	 2.105272	 17.109666	 2.322773	 1.344912	 11.098511	 1.100102	 0.324078
 0.425714	-0.171691	-0.396079	 0.180737	 2.171309	 2.124194	 17.041219	 2.718999	 1.339593	 10.582434	 1.095701	 0.324078
 0.425711	-0.171784	-0.443146	 0.180737	 2.162624	 2.129369	 16.973050	 2.910882	 1.334266	 10.304263	 1.091318	 0.324079
 0.425710	-0.171830	-0.466680	 0.180737	 2.153973	 2.127687	 16.905155	 3.000617	 1.328944	 10.145126	 1.086953	 0.324079
 0.425709	-0.171853	-0.478447	 0.180737	 2.145357	 2.122595	 16.837533	 3.039304	 1.323635	 10.045585	 1.082605	 0.324079
 0.425709	-0.171865	-0.484330	 0.180737	 2.136776	 2.115813	 16.770183	 3.052492	 1.318345	 9.975922	 1.078275	 0.324079
 0.425708	-0.171870	-0.487272	 0.180737	 2.128229	 2.108204	 16.703102	 3.052954	 1.313073	 9.921279	 1.073962	 0.324079
 0.425708	-0.171873	-0.488743	 0.180737	 2.119716	 2.100199	 16.636289	 3.047079	 1.307822	 9.874224	 1.069666	 0.324079
 0.425708	 0.328125	 0.010522	 0.180737	 2.111237	 2.092012	 16.569744	 3.038059	 1.802591	 9.831042	 1.065387	 0.324079
 0.425708	 0.576468	 0.259135	 0.180737	 2.102792	 2.083750	 16.503465	 3.027490	 2.045381	 9.789875	 1.061126	 0.324079
 0.425708	 0.198990	-0.117575	 0.180737	 2.094381	 2.075469	 15.937451	 3.016173	 1.662200	 9.749794	 1.056881	 0.324079
 0.425708	 0.010251	-0.305929	 0.180737	 2.086003	 2.067194	 15.623701	 3.004504	 1.468051	 9.710334	 1.052654	 0.324079
 0.425708	 0.415882	-0.400106	 0.180737	 2.077659	 2.058938	 15.936207	 2.992684	 1.368429	 9.671263	 1.048443	 0.324079
 0.425708	 0.617054	-0.447195	 0.180737	 2.069349	 2.050709	 16.059962	 2.980812	 1.316080	 9.632463	 1.044249	 0.324079
 0.425708	 0.716003	-0.470739	 0.180737	 2.061071	 2.042510	 16.089472	 2.968938	 1.287378	 9.593875	 1.040072	 0.324079
 0.425708	 0.263848	-0.482512	 0.180737	 2.052827	 2.034341	 16.071989	 2.957087	 1.270510	 10.055471	 1.035912	 0.324079
 0.425708	 0.037771	-0.488398	 0.180737	 2.044616	 2.026205	 16.031138	 2.945271	 1.259568	 10.265235	 1.031768	 0.324079
 0.425708	-0.075268	-0.491341	 0.180737	 1.536437	 2.518100	 15.978733	 2.433496	 1.251601	 10.849166	 1.027641	 0.324079
 0.425708	-0.131787	-0.492812	 0.180737	 1.280292	 2.758028	 15.920677	 2.173766	 1.245129	 11.118266	 1.023531	 0.324079
 0.425708	-0.160047	-0.493548	 0.180737	 1.650170	 2.371996	 17.859924	 2.540072	 1.239416	 12.230041	 1.519436	 0.324079
 0.425708	-0.174177	-0.493916	 0.180737	 1.831070	 2.175008	 18.789949	 2.717413	 1.234092	 12.759245	 1.763359	 0.324079
 0.925708	-0.181242	-0.494100	 0.180737	 1.917495	 2.572558	 20.215522	 3.300293	 1.228973	 13.997270	 1.881305	-0.175921
 1.172857	-0.184774	-0.494192	 0.180737	 1.956700	 2.765393	 20.885026	 3.583967	 1.223966	 14.585812	 1.936280	-0.424570
 1.293591	-0.186540	-0.494238	 0.180737	 1.972311	 2.855894	 21.176669	 3.718069	 1.219024	 14.849735	 1.959785	-0.547547
 1.351130	 0.312576	-0.494261	 0.680737	 1.976141	 2.895252	 21.779554	 3.777416	 1.214125	 13.951468	 1.967571	-0.607695
 1.377082	 0.560511	-0.494272	 0.928376	 1.974095	 2.909061	 22.036231	 3.799415	 1.209257	 13.476229	 1.967513	-0.636433
 0.887251	 0.682862	-0.494278	 0.549843	 1.969129	 2.910120	 21.119984	 3.302772	 1.204414	 13.212607	 1.463549	-0.149472
 0.642336	 0.742427	-0.494281	 0.360576	 1.962717	 2.904828	 20.621453	 3.048839	 1.199594	 13.054898	 1.209648	 0.094009
 0.519879	 0.270605	-0.494282	 0.265943	 1.955599	 2.396382	 17.331942	 2.416282	 1.194794	 10.450249	 1.080786	 0.215749
 0.458650	 0.034695	-0.494283	 0.218627	 1.948142	 2.138383	 15.659102	 2.096436	 1.190014	 9.132234	 1.014451	 0.276619
 0.428036	-0.083261	-0.494283	 0.194968	 1.440533	 1.505623	 8.794709	 1.932960	 0.685254	 3.957598	 0.479388	 0.307054
 0.412729	-0.142238	-0.494284	 0.183139	 1.184862	 1.187498	 5.358652	 1.847683	 0.432873	 1.372714	 0.211856	 0.322272
 0.405075	-0.171727	-0.494284	 0.177225	 1.055169	 1.026696	 3.636778	 1.801520	 0.306683	 0.082696	 0.078090	 0.329881
 0.401248	-0.186472	-0.494284	 0.174267	 0.488471	 0.944563	-1.227989	 0.274927	-0.256412	-1.559898	-0.488793	 0.333685
 0.399335	-0.193844	-0.494284	 0.172789	 0.205122	 0.901772	-3.648186	-0.485865	-0.536320	-2.374790	-0.770123	 0.335587
 0.398378	-0.197530	-0.494284	 0.172049	 0.063448	 0.378659	-5.346149	-0.863769	-0.674642	-3.275857	-0.908685	 0.336538
 0.397900	-0.199373	-0.494284	 0.171680	-0.007390	 0.117102	-6.181041	-1.050237	-0.742177	-3.718037	-0.975872	 0.337014
 0.397661	-0.200295	-0.494284	 0.171495	-0.042808	-0.013677	-6.584456	-1.140997	-0.774325	-3.930806	-1.007379	 0.337252
 0.397541	-0.200755	-0.494284	 0.171402	-0.060518	-0.079066	-6.772188	-1.183914	-0.788786	-4.028903	-1.021055	 0.337370
-0.102519	-0.200986	-0.494284	 0.171356	-0.069372	-0.111760	-7.352133	-1.202919	-0.794410	-4.069698	-1.025823	 0.337430
-0.351344	-0.201101	-0.494284	 0.171333	-0.073800	-0.128108	-7.626242	-1.209978	-0.795622	-4.081875	-1.026146	 0.337460
-0.474556	-0.201158	-0.494284	 0.171322	-0.076013	-0.136281	-7.747496	-1.211073	-0.794634	-4.079775	-1.024255	 0.337474
-0.534966	-0.201187	-0.494284	 0.171316	-0.577120	-0.140368	-7.792385	-1.209196	-0.792553	-4.070569	-1.021265	 0.337482
-0.563981	-0.201202	-0.494284	 0.171313	-0.825517	-0.142411	-7.799155	-1.205843	-0.789932	-4.057844	-1.017733	 0.337486
-0.077302	-0.201209	-0.494284	 0.171311	-0.947568	-0.643433	-7.786929	-1.701762	-0.787046	-4.543391	-1.013939	 0.337487
 0.166038	-0.201212	-0.494284	 0.171311	-1.006454	-0.891655	-7.765266	-1.945325	-0.784035	-4.776107	-1.010021	 0.337488
-0.212293	-0.201214	-0.494284	 0.171310	-0.533766	-0.513486	-7.738947	-2.062730	-0.780968	-5.382447	-1.006050	-0.162511
-0.400277	-0.201215	-0.494284	 0.171310	-0.297422	-0.324402	-7.710363	-2.117071	-0.777878	-5.673639	-1.002061	-0.411186
-0.493092	-0.201216	-0.494284	 0.171310	-0.679250	-0.729860	-7.680707	-1.639900	-0.774784	-5.307306	-0.998070	-0.034204
-0.538328	-0.201216	-0.494284	 0.171310	-0.868042	-0.930318	-7.650577	-1.398988	-0.771693	-5.114257	-0.994086	 0.154288
-0.559779	-0.201216	-0.494284	 0.171310	-0.960325	-1.028286	-7.620271	-1.276216	-0.768611	-5.007891	-0.990114	 0.248533
-0.569342	-0.201216	-0.494284	-0.328690	-1.004360	-1.075017	-7.589938	-1.712523	-0.765539	-4.944904	-0.986156	-0.204344
-0.572965	-0.201216	-0.494284	-0.577033	-1.024282	-1.096139	-7.559652	-1.926379	-0.762478	-4.903647	-0.982212	-0.429468
-0.573624	-0.201216	-0.494284	-0.199553	-1.032154	-1.104466	-8.029451	-1.529027	-0.759428	-4.873294	-0.978284	-0.040721
-0.572805	-0.201216	-0.494284	-0.010813	-1.034010	-1.106403	-8.247352	-1.328087	-0.756391	-4.848431	-0.974371	 0.153653
-0.571251	-0.201216	-0.494284	 0.083556	-1.032866	-1.105155	-7.839371	-1.725363	-0.753365	-4.826353	-0.970474	 0.250839
-0.569335	-0.201216	-0.494284	 0.130741	-1.030231	-1.102324	-7.620519	-1.919756	-0.750352	-4.805705	-0.966592	 0.299433
-0.567242	-0.201216	-0.494284	 0.154334	-1.026858	-1.098709	-7.496289	-2.012724	-0.247351	-4.785811	-0.962725	-0.176271
-0.565065	-0.201216	-0.494284	 0.166130	-1.023125	-1.094711	-7.419430	-2.054997	 0.004150	-4.766332	-0.958875	-0.412818
-0.562851	-0.201216	-0.494284	 0.172028	-1.019219	-1.090531	-7.366315	-2.071938	 0.129901	-4.747099	-0.955039	-0.529793
-0.560623	-0.201216	-0.494284	 0.174977	-1.015236	-1.086268	-7.325131	-1.576231	-0.307224	-4.728027	-0.951219	-0.086987
-0.558392	-0.201216	-0.494284	 0.176452	-1.011222	-1.081973	-7.289972	-1.326217	-0.524298	-4.709073	-0.947414	 0.134416
-0.556164	-0.201216	-0.494284	 0.177189	-1.007200	-1.077670	-7.257882	-1.699057	-0.631352	-4.690216	-0.943624	 0.245117
-0.553942	-0.201216	-0.494284	 0.177558	-1.003183	-1.073371	-7.227386	-1.881334	-0.683402	-4.671444	-0.939850	 0.300468
-0.551728	-0.201216	-0.494284	 0.177742	-0.999176	-1.069084	-7.197744	-1.968345	-0.707957	-4.652753	-0.936090	 0.328143
-0.549522	-0.201216	-0.494284	 0.177834	-0.995182	-1.064811	-7.168587	-2.007739	-0.718769	-4.634140	-0.932346	 0.341981
-0.547324	-0.201216	-0.494284	 0.177880	-0.991203	-1.060553	-7.139729	-1.523343	-0.722716	-4.615602	-0.928617	 0.348900
-0.545135	-0.201216	-0.494284	 0.177903	-0.987239	-1.056312	-7.111079	-1.279066	-0.723236	-4.597139	-0.924902	 0.352359
-0.542955	-0.201216	-0.494284	 0.177915	-0.983290	-1.052087	-7.082589	-1.154858	-0.722048	-4.578750	-0.921203	 0.354089
-0.040783	-0.201216	-0.494284	 0.177921	-0.979357	-1.047879	-7.054235	-1.090693	-0.220013	-4.560435	-0.917518	 0.354954
 0.210303	-0.201216	-0.494284	 0.177923	-0.975440	-1.043687	-7.026007	-1.056558	 0.031005	-4.542193	-0.913848	 0.355386
 0.335846	-0.201216	-0.494284	 0.177925	-0.971538	-1.039513	-6.997897	-1.037445	-0.343486	-4.524024	-0.910192	 0.355602
 0.398618	-0.201216	-0.494284	 0.177926	-0.967652	-1.035355	-6.969903	-1.025852	-0.529296	-4.505928	-0.906552	 0.355710
-0.069997	-0.201216	-0.494284	 0.177926	-0.463782	-1.031213	-6.942022	-1.518027	-0.620770	-4.487904	-0.902925	 0.355764
-0.303227	-0.201216	-0.494284	 0.177926	-0.211846	-1.027088	-6.914253	-1.760094	-0.665083	-4.469953	-0.899314	 0.355791
-0.418769	-0.201216	-0.494284	 0.177926	-0.585879	-1.022980	-6.886596	-1.377123	-0.685821	-4.452073	-0.895716	 0.355805
-0.475471	-0.201216	-0.494284	 0.177926	-0.770975	-1.018888	-6.859049	-1.183650	-0.694777	-4.434264	-0.892134	 0.355812
-0.502758	-0.201216	-0.494284	 0.177926	-0.861611	-1.014813	-6.831613	-1.084932	-0.697847	-4.416527	-0.888565	 0.355815
-0.515341	-0.201216	-0.494284	 0.177926	-0.905025	-1.010753	-6.804286	-1.533601	-0.697980	-4.898861	-0.885011	 0.355817
-0.520577	-0.201216	-0.494284	 0.177926	-0.924834	-1.006710	-6.777069	-1.753971	-0.696651	-5.129266	-0.881471	 0.355818
-0.522143	-0.201216	-0.494284	 0.177926	-0.932850	-1.002683	-6.749961	-1.860208	-0.694595	-4.733749	-0.877945	 0.355818
-0.521879	-0.201216	-0.494284	 0.177926	-0.934976	-0.998673	-6.722961	-1.909393	-0.692182	-4.527314	-0.874433	 0.355818
-0.520704	-0.201216	-0.494284	 0.177926	-0.934165	-0.994678	-6.696069	-1.430068	-0.189597	-4.415454	-0.870935	 0.355818
-0.519077	-0.201216	-0.494284	 0.177926	-0.931893	-0.990699	-6.669285	-1.188505	 0.061696	-4.350918	-0.867452	 0.355818
-0.517229	-0.201216	-0.494284	 0.177926	-0.928897	-0.986737	-6.642608	-1.065829	 0.187343	-4.310076	-0.863982	 0.355818
-0.515274	-0.201216	-0.494284	 0.177926	-0.925548	-0.982790	-6.616037	-1.002605	 0.250166	-4.281117	-0.860526	 0.355819
-0.513270	-0.201216	-0.494284	-0.322074	-0.922029	-0.978858	-6.589573	-0.969114	 0.281578	-4.258134	-0.857084	 0.355819
-0.511245	-0.201216	-0.494284	-0.570430	-0.918432	-0.974943	-6.563215	-0.950497	 0.297284	-4.238171	-0.853655	 0.355819
-0.509214	-0.201216	-0.494284	-0.692970	-0.914804	-0.971043	-6.536962	-0.939325	 0.305136	-4.219754	-0.850241	 0.355819
-0.507185	-0.201216	-0.494284	-0.252609	-0.411168	-0.967159	-6.510814	-0.931883	 0.309063	-4.202142	-0.846840	 0.355819
-0.505160	-0.201216	-0.494284	-0.032429	-0.159350	-0.963290	-6.484771	-0.926313	 0.311026	-4.184968	-0.843452	 0.355819
-0.503141	-0.201216	-0.494284	 0.077662	-0.533441	-0.959437	-6.458832	-0.921686	 0.312008	-4.168045	-0.840079	 0.355819
-0.501129	-0.201216	-0.494284	 0.132707	-0.718671	-0.955599	-6.432997	-0.917539	 0.312499	-4.151281	-0.836718	 0.355819
-0.500123	-0.201216	-0.494284	 0.160229	-0.809478	-0.951777	-6.407265	-0.913638	 0.312744	-4.134630	-0.833371	 0.355819
-0.499620	-0.201216	-0.494284	 0.173990	-0.853081	-0.947970	-6.381635	-0.909869	 0.312867	-4.118069	-0.830038	 0.355819
-0.499369	-0.201216	-0.494284	 0.180871	-0.873090	-0.444178	-6.356109	-1.406171	-0.187072	-4.101585	-0.826718	 0.355819
-0.499243	-0.201216	-0.494284	 0.184311	-0.881308	-0.192282	-6.330684	-1.650518	-0.435667	-4.085173	-0.823411	 0.355819
-0.499180	-0.201216	-0.494284	 0.186032	-0.883637	-0.066334	-6.305362	-1.768902	-0.558596	-4.068829	-0.820117	 0.355819
-0.499149	-0.201216	-0.494284	 0.186892	-0.883030	-0.503360	-6.280140	-1.324319	-0.118698	-4.052553	-0.816837	 0.355819
-0.499133	-0.201216	-0.494284	 0.187322	-0.880962	-0.719992	-6.255020	-1.100268	 0.101251	-4.036342	-0.813570	 0.355819
-0.499125	-0.201216	-0.494284	 0.187537	-0.878170	-0.826435	-6.230000	-0.986490	 0.211226	-4.020196	-0.810315	 0.355819
-0.499121	-0.201216	-0.494284	 0.187644	-0.875023	-0.877791	-6.205080	-0.927856	 0.266213	-4.004115	-0.807074	 0.355819
-0.499119	-0.201216	-0.494284	 0.187698	-0.871706	-0.901611	-6.180259	-1.396800	 0.293707	-3.988098	-0.803846	 0.355819
-0.499118	-0.201216	-0.494284	 0.187725	-0.868311	-0.911669	-6.155538	-1.627541	 0.307454	-3.972146	-0.800630	 0.355819
 0.000882	-0.201216	-0.494284	 0.187738	-0.864884	-0.914855	-6.630916	-1.239194	 0.314327	-3.956257	-0.797428	 0.355819
 0.249881	-0.201216	-0.494284	 0.187745	-0.861447	-0.914612	-6.854392	-1.043320	 0.317764	-3.940432	-0.794238	 0.355819
 0.374380	-0.201216	-0.494284	 0.187748	-0.858012	-0.912662	-6.951975	-0.943687	 0.319482	-3.924671	-0.791061	 0.355819
-0.063370	-0.201216	-0.494284	 0.187750	-0.854586	-0.909866	-6.486667	-0.892183	 0.320341	-3.908972	-0.787897	 0.355819
-0.281243	-0.201216	-0.494284	 0.187751	-0.851171	-0.906653	-6.241970	-0.864750	 0.320771	-3.893336	-0.784745	 0.355819
 0.109820	-0.201216	-0.494284	 0.187751	-0.347767	-0.903240	-6.107627	-0.849358	 0.320986	-3.877763	-0.781606	 0.355819
 0.304350	-0.201216	-0.494284	 0.187752	-0.096066	-0.899734	-6.028509	-0.839995	 0.321093	-3.862252	-0.778480	 0.355819
-0.098385	-0.201216	-0.494284	 0.187752	-0.470215	-0.896188	-5.977052	-0.833652	 0.321147	-3.846803	-0.775366	 0.355819
-0.298750	-0.201216	-0.494284	 0.187752	-0.655601	-0.892630	-5.939472	-0.828825	 0.321174	-3.831415	-0.772264	 0.355819
-0.398933	-0.201216	-0.494284	 0.187752	-0.746612	-0.889073	-5.908878	-0.824764	-0.178813	-3.816090	-0.769175	 0.355819
-0.449024	-0.201216	-0.494284	 0.187752	-0.790442	-0.885523	-5.881824	-0.821092	-0.427449	-3.800825	-0.766099	 0.355819
-0.474070	-0.201216	-0.494284	 0.187752	-0.810689	-0.881985	-5.856588	-0.817622	-0.550414	-3.785622	-0.763034	 0.355819
 0.013407	-0.201216	-0.494284	 0.187752	-0.819150	-0.878458	-5.832307	-0.814258	-0.110550	-3.770480	-0.759982	 0.355819
 0.256144	-0.201216	-0.494284	 0.187752	-0.821726	-0.874945	-5.808551	-0.810954	 0.109382	-3.755398	-0.756942	 0.355819
-0.122487	-0.201216	-0.494284	 0.187752	-0.321365	-0.871446	-5.785103	-0.807687	-0.280652	-3.740376	-0.753915	 0.355819
-0.310801	-0.201216	-0.494284	 0.187752	-0.071184	-0.867960	-5.761856	-0.804445	-0.474328	-3.725415	-0.750899	 0.355819
-0.404958	-0.201216	-0.494284	 0.187752	-0.446094	-0.864489	-5.738755	-0.801221	-0.569830	-3.710513	-0.747895	 0.355819
-0.452036	-0.201216	-0.494284	 0.187752	-0.631907	-0.861031	-5.715773	-0.798013	-0.616250	-3.695671	-0.744904	 0.355819
-0.475575	-0.201216	-0.494284	 0.187752	-0.723178	-0.857587	-5.692897	-0.794820	-0.138135	-3.180888	-0.741924	 0.355819
-0.487345	-0.201216	-0.494284	 0.187752	-0.767184	-0.854156	-5.670118	-0.791640	 0.100923	-2.918165	-0.738956	 0.355819
-0.493230	-0.201216	-0.494284	 0.187752	-0.787565	-0.850740	-5.647435	-0.788473	 0.220452	-2.781492	-0.736001	 0.355819
-0.496172	-0.201216	-0.494284	 0.187752	-0.296140	-0.847337	-5.624843	-0.785319	 0.280216	-3.207866	-0.733057	 0.355819
-0.497643	-0.201216	-0.494284	 0.187752	-0.050427	-0.843947	-5.602343	-0.782177	 0.310098	-3.413784	-0.730124	 0.355819
-0.498379	-0.201216	-0.494284	 0.187752	 0.072429	-0.840572	-5.579933	-1.279049	 0.325039	-3.509504	-0.727204	 0.355819
-0.498747	-0.201216	-0.494284	 0.187752	 0.133857	-0.837209	-5.557613	-1.523932	 0.332510	-3.550154	-0.724295	 0.355819
-0.498931	-0.201216	-0.494284	 0.187752	 0.164571	-0.833861	-5.535383	-1.142837	 0.336245	-3.563297	-0.721398	 0.355819
-0.499023	-0.201216	-0.494284	 0.187752	 0.179928	-0.830525	-5.513241	-0.950765	 0.338113	-3.562716	-0.718512	 0.355819
-0.499069	-0.201216	-0.494284	 0.187752	 0.187607	-0.827203	-5.491188	-0.853212	 0.339047	-3.555301	-0.715638	 0.355819
-0.499092	-0.201216	-0.494284	 0.187752	 0.191446	-0.823894	-5.469223	-0.802924	 0.339513	-3.544498	-0.712776	 0.355819
-0.499103	-0.201216	-0.494284	 0.187752	 0.193366	-0.820599	-5.447346	-0.776275	 0.339747	-3.532028	-0.709925	 0.355819
-0.499109	-0.201216	-0.494284	 0.187752	 0.194326	-0.817316	-5.425557	-0.761451	 0.339864	-3.518755	-0.707085	 0.355819
-0.499112	-0.201216	-0.494284	 0.187752	 0.194806	-0.814047	-5.403855	-0.752546	 0.339922	-3.505107	-0.704256	 0.355819
-0.499113	-0.201216	-0.494284	 0.187752	-0.304955	-0.810791	-5.382239	-0.746606	 0.339951	-2.991300	-0.701439	 0.355819
-0.499114	-0.201216	-0.494284	 0.187752	-0.553225	-0.807548	-5.360710	-0.742155	 0.339966	-2.729442	-0.698634	 0.355819
-0.499114	-0.201216	-0.494284	 0.187752	-0.175757	-0.804317	-5.339268	-1.238454	 0.339973	-3.093578	-0.695839	 0.355819
-0.499114	-0.201216	-0.494284	 0.187752	 0.012976	-0.801100	-5.317911	-1.483134	 0.339977	-3.268730	-0.693056	 0.355819
 0.000886	-0.201216	-0.494284	 0.187752	 0.107343	-0.797896	-5.296639	-1.102018	 0.339979	-3.349418	-0.690284	 0.355819
 0.249884	-0.201216	-0.494284	 0.187752	 0.154527	-0.794704	-5.275452	-0.910019	 0.339979	-3.382902	-0.687522	 0.355819
 0.374383	-0.201216	-0.494284	 0.187752	 0.178119	-0.791525	-5.254351	-0.812583	 0.339980	-3.392812	-0.684772	 0.355819
 0.436632	-0.201216	-0.494284	 0.187752	 0.189914	-0.788359	-5.233333	-0.762435	 0.339980	-3.390961	-0.682033	 0.355819
 0.467757	-0.201216	-0.494284	 0.187752	 0.195812	-0.785206	-5.212400	-0.735936	 0.339980	-3.383257	-0.679305	 0.355819
-0.016680	-0.201216	-0.494284	 0.187752	 0.198761	-0.782065	-5.191550	-0.721268	 0.339980	-3.372654	-0.676588	 0.355819
-0.257897	-0.201216	-0.494284	 0.187752	 0.200236	-0.778937	-5.170784	-0.712520	 0.339980	-3.360629	-0.673882	 0.355819
-0.378505	-0.201216	-0.494284	 0.187752	-0.299027	-0.775821	-5.150101	-0.706739	 0.339980	-3.347919	-0.671186	 0.355819
-0.438809	-0.201216	-0.494284	 0.187752	-0.547062	-0.772718	-5.129500	-0.702447	 0.339980	-3.334893	-0.668501	 0.355819
 0.031039	-0.201216	-0.494284	 0.187752	-0.669489	-0.769627	-5.108982	-1.198904	 0.339980	-3.321737	-0.665827	 0.355819
 0.264961	-0.201216	-0.494284	 0.187752	-0.729119	-0.766548	-5.088546	-1.443742	 0.339980	-3.308541	-0.663164	 0.355819
 0.381922	-0.201216	-0.494284	 0.187752	-0.757356	-0.763482	-5.068192	-1.562784	 0.339980	-3.295353	-0.660511	 0.355819
-0.059598	-0.201216	-0.494284	 0.187752	-0.769904	-0.760428	-5.047920	-1.118941	 0.339980	-3.282195	-0.657869	 0.355819
-0.279355	-0.201216	-0.494284	 0.187752	-0.774612	-0.757386	-5.027728	-0.895670	 0.339980	-3.269077	-0.655238	 0.355819
-0.389234	-0.201216	-0.494284	 0.187752	-0.775408	-0.754357	-5.007617	-0.782689	 0.339980	-3.256007	-0.652617	 0.355819
-0.444173	-0.201216	-0.494284	 0.187752	-0.774254	-0.751339	-4.987586	-0.724859	 0.339980	-3.242985	-0.650006	 0.355819
-0.471643	-0.201216	-0.494284	 0.187752	-0.772130	-0.748334	-4.967636	-0.694611	 0.339980	-3.230015	-0.647406	 0.355819
-0.485378	-0.201216	-0.494284	 0.187752	-0.769529	-0.745341	-4.947766	-0.678157	 0.339980	-3.217096	-0.644817	 0.355819
-0.492245	-0.201216	-0.494284	 0.187752	-0.766694	-0.742359	-4.927975	-1.168607	 0.339980	-3.204228	-0.642237	 0.355819
-0.495679	-0.201216	-0.494284	 0.187752	-0.763749	-0.739390	-4.908263	-1.410514	 0.339980	-3.191411	-0.639669	 0.355819
-0.497396	-0.201216	-0.494284	 0.187752	-0.760755	-0.736432	-4.888630	-1.528163	 0.339980	-3.178645	-0.637110	 0.355819
-0.498254	-0.201216	-0.494284	 0.187752	-0.757742	-0.733487	-4.869075	-1.083695	 0.339980	-3.165931	-0.634561	 0.355819
-0.498683	-0.201216	-0.494284	 0.187752	-0.754726	-0.730553	-4.849599	-0.860183	 0.339980	-3.153267	-0.632023	 0.355819
-0.498898	-0.201216	-0.494284	 0.187752	-0.751715	-0.727631	-5.330200	-0.747154	 0.339980	-3.140654	-0.629495	 0.355819
-0.499005	-0.201216	-0.494284	 0.187752	-0.748712	-0.724720	-5.558880	-0.689371	 0.339980	-3.128091	-0.626977	 0.355819
 0.000941	-0.201216	-0.494284	 0.187752	-0.745719	-0.721821	-5.161644	-0.659216	 0.339980	-3.115579	-0.624469	 0.355819
 0.249912	-0.201216	-0.494284	 0.187752	-0.742737	-0.718934	-4.953497	-0.642881	 0.339980	-3.103117	-0.621971	 0.355819
-0.125602	-0.201216	-0.494284	 0.187752	-0.739767	-0.716058	-4.839933	-1.133460	 0.339980	-3.090704	-0.619483	 0.355819
-0.312357	-0.201216	-0.494284	 0.187752	-0.736808	-0.713194	-4.773699	-1.375502	 0.339980	-3.078341	-0.617005	 0.355819
-0.405734	-0.201216	-0.494284	 0.187752	-0.733861	-0.710341	-4.731166	-1.493287	 0.339980	-3.066028	-0.614537	 0.355819
 0.047577	-0.201216	-0.494284	 0.187752	-0.730925	-0.707500	-4.700523	-1.048958	 0.339980	-3.053764	-0.612079	 0.355819
 0.273231	-0.201216	-0.494284	 0.187752	-0.728002	-0.704670	-4.675862	-0.825584	 0.339980	-3.041549	-0.609631	 0.355819
-0.113942	-0.201216	-0.494284	 0.187752	-0.225090	-0.701851	-4.654228	-0.712693	 0.339980	-3.029383	-0.607192	 0.355819
-0.306527	-0.201216	-0.494284	 0.187752	 0.026366	-0.699044	-4.634147	-0.655047	 0.339980	-3.017265	-0.604764	 0.355819
-0.402819	-0.201216	-0.494284	 0.187752	-0.347906	-0.696247	-4.614878	-0.625030	 0.339980	-3.005196	-0.602345	 0.355819
-0.450965	-0.201216	-0.494284	 0.187752	-0.533597	-0.693463	-4.596052	-0.608831	 0.339980	-2.993175	-0.599935	 0.355819
-0.475038	-0.201216	-0.494284	 0.187752	-0.625004	-0.690689	-4.577485	-0.599547	 0.339980	-2.981203	-0.597536	 0.355819
-0.487074	-0.201216	-0.494284	 0.187752	-0.669275	-0.687926	-4.559083	-0.593724	 0.339980	-2.969278	-0.595145	 0.355819
-0.493093	-0.201216	-0.494284	 0.187752	-0.689984	-0.685174	-4.540801	-0.589636	 0.339980	-2.957401	-0.592765	 0.355819
-0.496102	-0.201216	-0.494284	 0.187752	-0.198916	-0.682433	-4.522615	-0.586422	 0.339980	-2.945571	-0.590394	 0.355819
-0.497606	-0.201216	-0.494284	 0.187752	 0.046617	-0.679704	-4.504513	-0.583648	 0.339980	-2.933789	-0.588032	 0.355819
 0.001641	-0.201216	-0.494284	 0.187752	-0.330616	-0.676985	-4.486489	-0.581099	 0.339980	-2.922054	-0.585680	 0.355819
 0.250264	-0.201216	-0.494284	 0.187752	-0.517817	-0.674277	-4.468540	-0.578668	 0.339980	-2.910365	-0.583337	 0.355819
 0.374575	-0.201216	-0.494284	 0.187752	-0.110007	-0.671580	-4.450665	-0.576300	 0.339980	-2.898724	-0.581004	 0.355819
 0.436730	-0.201216	-0.494284	 0.187752	 0.093898	-0.668894	-4.432861	-0.573968	 0.339980	-2.887129	-0.578680	 0.355819
-0.032192	-0.201216	-0.494284	 0.187752	-0.304150	-0.666218	-4.415130	-0.071659	 0.339980	-2.875581	-0.576365	 0.355819
-0.265651	-0.201216	-0.494284	 0.187752	-0.501769	-0.663553	-4.397469	 0.179496	 0.339980	-2.864078	-0.574060	 0.355819
 0.117620	-0.201216	-0.494284	 0.187752	-0.599180	-0.660899	-4.379879	-0.194927	 0.339980	-2.852622	-0.571764	 0.355819
 0.308253	-0.201216	-0.494284	 0.187752	-0.646493	-0.658255	-4.362359	-0.380999	 0.339980	-2.841211	-0.569476	 0.355819
 0.403570	-0.201216	-0.494284	 0.187752	-0.668761	-0.655622	-4.344910	-0.472901	 0.339980	-2.829847	-0.567199	 0.355819
-0.048772	-0.201216	-0.494284	 0.187752	-0.178513	-0.653000	-4.327530	-0.517723	 0.339980	-2.818527	-0.564930	 0.355819
-0.273940	-0.201216	-0.494284	 0.187752	 0.066611	-0.650388	-4.310220	-0.539009	 0.339980	-2.807253	-0.562670	 0.355819
-0.386525	-0.201216	-0.494284	 0.187752	 0.189172	-0.647786	-4.292979	-0.548531	 0.339980	-2.796024	-0.560419	 0.355819
-0.442817	-0.201216	-0.494284	 0.187752	 0.250453	-0.645195	-4.275807	-0.552176	 0.339980	-2.784840	-0.558178	 0.355819
 0.029037	-0.201216	-0.494284	 0.187752	-0.218906	-0.642614	-4.258704	-0.552887	 0.339980	-2.773701	-0.555945	 0.355819
 0.263962	-0.201216	-0.494284	 0.187752	-0.452209	-0.640044	-4.241669	-0.552135	 0.339980	-2.762606	-0.553721	 0.355819
-0.118575	-0.201216	-0.494284	 0.187752	-0.567490	-0.137484	-4.224703	-0.550656	 0.339980	-2.251555	-0.551506	 0.355819
-0.308842	-0.201216	-0.494284	 0.187752	-0.623765	 0.113796	-4.207804	-0.548819	 0.339980	-1.992549	-0.549300	 0.355819
-0.403975	-0.201216	-0.494284	 0.187752	-0.650542	 0.239436	-4.190973	-0.546806	 0.339980	-1.859579	-0.547103	 0.355819
-0.451542	-0.201216	-0.494284	 0.187752	-0.662576	-0.197744	-4.174209	-0.544710	 0.339980	-2.289641	-0.544915	 0.355819
-0.475325	-0.201216	-0.494284	 0.187752	-0.667244	-0.415064	-4.157512	-0.542577	 0.339980	-2.499232	-0.542735	 0.355819
 0.012784	-0.201216	-0.494284	 0.187752	-0.668234	-0.522459	-4.140882	-0.540429	 0.339980	-2.098610	-0.540564	 0.355819
 0.255836	-0.201216	-0.494284	 0.187752	-0.667390	-0.574897	-4.124318	-0.538279	 0.339980	-1.894903	-0.538402	 0.355819
 0.377362	-0.201216	-0.494284	 0.187752	-0.665636	-0.599861	-4.107821	-0.536131	 0.339980	-1.789667	-0.536248	 0.355819
 0.438125	-0.201216	-0.494284	 0.187752	-0.663430	-0.611094	-4.091390	-0.533990	 0.339980	-1.733681	-0.534103	 0.355819
-0.031493	-0.201216	-0.494284	 0.187752	-0.661005	-0.615465	-4.075024	-0.531855	 0.339980	-2.202332	-0.531967	 0.355819
-0.265300	-0.201216	-0.494284	 0.187752	-0.658476	-0.616411	-4.058724	-0.529728	 0.339980	-2.431315	-0.529839	 0.355819
-0.382204	-0.201216	-0.494284	 0.187752	-0.655899	-0.615650	-4.042489	-0.527610	 0.339980	-2.540487	-0.527720	 0.355819
 0.059344	-0.201216	-0.494284	 0.187752	-0.653304	-0.614039	-4.026319	-0.525500	 0.339980	-2.089773	-0.525609	 0.355819
 0.279117	-0.201216	-0.494284	 0.187752	-0.650705	-0.612009	-4.010214	-0.523398	 0.339980	-1.861138	-0.523506	 0.355819
-0.110997	-0.201216	-0.494284	 0.187752	-0.648109	-0.609774	-3.994173	-0.521304	 0.339980	-1.743555	-0.521412	 0.355819
-0.305052	-0.201216	-0.494284	 0.187752	-0.645521	-0.607441	-3.978196	-0.519219	 0.339980	-1.681512	-0.519327	 0.355819
-0.402079	-0.201216	-0.494284	 0.187752	-0.642940	-0.605065	-3.962284	-0.517142	 0.339980	-2.147252	-0.517249	 0.355819
-0.450593	-0.201216	-0.494284	 0.187752	-0.640369	-0.602671	-3.946435	-0.515074	 0.339980	-2.374895	-0.515180	 0.355819
-0.474850	-0.201216	-0.494284	 0.187752	-0.137808	-0.600274	-4.430649	-0.513013	 0.339980	-2.483512	-0.513120	 0.355819
-0.486978	-0.201216	-0.494284	 0.187752	 0.113472	-0.597879	-4.662926	-0.510961	 0.339980	-2.532636	-0.511067	 0.355819
-0.493042	-0.201216	-0.494284	 0.187752	 0.239112	-0.595491	-4.769274	-0.508917	 0.339980	-2.552035	-0.509023	 0.355819
 0.003926	-0.201216	-0.494284	 0.187752	-0.198067	-0.593111	-4.312697	-0.506882	 0.339980	-2.556591	-0.506987	 0.355819
 0.251408	-0.201216	-0.494284	 0.187752	-0.415387	-0.590739	-4.076697	-0.504854	 0.339980	-2.553747	-0.504959	 0.355819
-0.124851	-0.201216	-0.494284	 0.187752	-0.522781	-0.588377	-3.951015	-0.502835	 0.339980	-2.547223	-0.502939	 0.355819
-0.311978	-0.201216	-0.494284	 0.187752	-0.575218	-0.586024	-3.880523	-0.500823	 0.339980	-2.538880	-0.500927	 0.355819
-0.405542	-0.201216	-0.494284	 0.187752	-0.600181	-0.583680	-3.837657	-0.499818	 0.339980	-2.029647	-0.499921	 0.355819
-0.452324	-0.201216	-0.494284	 0.187752	-0.611412	-0.581345	-3.808635	-0.499315	 0.339980	-1.771990	-0.499418	 0.355819
-0.475715	-0.201216	-0.494284	 0.187752	-0.615783	-0.579020	-3.786564	-0.499064	-0.160020	-2.140133	-0.499167	 0.355819
-0.487410	-0.201216	-0.494284	 0.187752	-0.616728	-0.576703	-3.768000	-0.498938	-0.408700	-2.319188	-0.499041	 0.355819
-0.493258	-0.201216	-0.494284	 0.187752	-0.615965	-0.574397	-3.751219	-0.498875	-0.531725	-2.403719	-0.498978	 0.355819
-0.496182	-0.201216	-0.494284	 0.187752	-0.614353	-0.572099	-3.735360	-0.498844	-0.091928	-2.441008	-0.498947	 0.355819
-0.497644	-0.201216	-0.494284	 0.187752	-0.612321	-0.569811	-3.719991	-0.498828	 0.127971	-2.454696	-0.498931	 0.355819
-0.498375	-0.201216	-0.494284	 0.187752	-0.610085	-0.567531	-3.704898	 0.001180	 0.237920	-2.456603	-0.498923	 0.355819
-0.498740	-0.201216	-0.494284	 0.187752	-0.607751	-0.565261	-3.689971	 0.250182	 0.292894	-2.452639	-0.498919	 0.355819
-0.498923	-0.201216	-0.494284	 0.187752	-0.605373	-0.563000	-3.675158	-0.125318	 0.320382	-2.445760	-0.498917	 0.355819
-0.499014	-0.201216	-0.494284	 0.187752	-0.602979	-0.560748	-3.660431	-0.312066	 0.334125	-2.437443	-0.498916	 0.355819
-0.499060	-0.201216	-0.494284	 0.187752	-0.600580	-0.558505	-3.645775	-0.405440	 0.340997	-2.428426	-0.498916	 0.355819
-0.499083	-0.201216	-0.494284	 0.187752	-0.598184	-0.556271	-3.631186	-0.452127	 0.344433	-2.419079	-0.498916	 0.355819
-0.499094	-0.201216	-0.494284	 0.187752	-0.595795	-0.554046	-3.616658	-0.475470	 0.346151	-2.409586	-0.498916	 0.355819
-0.499100	-0.201216	-0.494284	 0.187752	-0.593413	-0.551830	-3.602189	-0.487142	 0.347010	-2.400039	-0.498916	 0.355819
-0.499103	-0.201216	-0.494284	 0.187752	-0.591041	-0.549623	-3.587780	-0.492978	 0.347440	-2.390485	-0.498915	 0.355819
-0.499104	-0.201216	-0.494284	 0.187752	-0.588677	-0.047424	-3.573428	-0.495896	-0.152346	-2.380946	-0.498915	 0.355819
-0.499105	-0.201216	-0.494284	 0.187752	-0.586322	 0.203675	-3.559134	-0.497355	-0.400934	-2.371433	-0.498915	 0.355819
-0.499105	-0.201216	-0.494284	 0.187752	-0.583977	-0.170775	-3.544898	-0.498084	-0.023929	-2.361953	-0.498915	 0.355819
-0.499105	-0.201216	-0.494284	 0.187752	-0.581641	-0.356910	-3.530718	-0.498449	 0.164573	-2.352508	-0.498915	 0.355819
-0.499105	-0.201216	-0.494284	 0.187752	-0.579315	-0.448891	-3.516595	-0.498631	 0.258824	-2.343100	-0.498915	 0.355819
-0.499105	-0.201216	-0.494284	 0.187752	-0.576998	-0.493800	-3.502529	-0.498722	 0.305950	-2.333728	-0.498915	 0.355819
-0.499105	-0.201216	-0.494284	 0.187752	-0.574690	-0.515177	-3.488519	-0.498768	 0.329513	-2.324393	-0.498915	 0.355819
-0.499106	-0.201216	-0.494284	 0.187752	-0.572391	-0.524793	-3.474564	-0.498791	 0.341294	-2.315096	-0.498915	 0.355819
-0.499106	-0.201216	-0.494284	 0.187752	-0.570101	-0.528532	-3.460666	-0.498802	 0.347185	-2.305836	-0.498915	 0.355819
 0.000894	-0.201216	-0.494284	 0.187752	-0.067821	-0.529336	-3.446824	-0.498808	 0.350130	-1.796612	-0.498915	 0.355819
 0.249893	-0.201216	-0.494284	 0.187752	 0.183319	-0.528679	-3.433036	-0.498811	 0.351603	-1.539426	-0.498915	 0.355819
-0.125608	-0.201216	-0.494284	 0.187752	-0.191110	-0.527294	-3.419304	-0.498812	 0.352339	-1.908268	-0.498915	 0.355819
-0.312356	-0.201216	-0.494284	 0.187752	-0.377194	-0.525549	-3.405627	-0.498813	 0.352707	-2.088135	-0.498915	 0.355819
-0.405731	-0.201216	-0.494284	 0.187752	-0.469110	-0.523630	-3.392004	-0.498813	 0.352892	-2.173533	-0.498915	 0.355819
-0.452418	-0.201216	-0.494284	 0.187752	-0.513945	-0.521626	-3.378436	-0.498813	 0.352984	-2.211714	-0.498915	 0.355819
-0.475761	-0.201216	-0.494284	 0.187752	-0.535246	-0.519585	-3.364923	-0.498814	 0.353030	-2.226304	-0.498915	 0.355819
 0.012567	-0.201216	-0.494284	 0.187752	-0.044783	-0.517530	-3.351463	-0.498814	 0.353053	-2.229118	-0.498915	 0.355819
 0.255729	-0.201216	-0.494284	 0.187752	 0.200449	-0.515471	-3.338057	-0.498814	 0.353064	-2.226061	-0.498915	 0.355819
-0.122689	-0.201216	-0.494284	 0.187752	-0.176935	-0.513415	-3.324705	-0.498814	 0.353070	-2.220086	-0.498915	 0.355819
-0.310897	-0.201216	-0.494284	 0.187752	-0.364519	-0.511364	-3.311406	-0.498814	 0.353073	-2.212671	-0.498915	 0.355819
