-0.498734	 0.407841	-0.016909	 0.499205	-0.499455	-0.499418	-0.499794	 0.325705	-0.498659	-0.499073	-0.249067	 0.499474
-0.498734	 0.407841	-0.016909	 0.499205	-0.499638	-0.499418	-0.499794	 0.328651	-0.498659	-0.499262	-0.249067	 0.499474
-0.498734	 0.407841	-0.016909	 0.499205	-0.499729	-0.499418	-0.499794	 0.330123	-0.498659	-0.499356	-0.249067	 0.499474
-0.498734	 0.407841	-0.016909	 0.499205	 0.000225	-0.499418	-0.499794	-0.169140	-0.498659	 0.000597	-0.249067	 0.499474
-0.498734	 0.407841	-0.016909	 0.499205	 0.249202	-0.499418	-0.499794	-0.417435	-0.498659	 0.249572	-0.249067	 0.499474
-0.498734	 0.407841	-0.016909	 0.499205	 0.373691	-0.499418	-0.499794	-0.540251	-0.498659	 0.374060	-0.249067	 0.499474
-0.498734	 0.407841	-0.016909	 0.499205	-0.064065	-0.499418	-0.499794	-0.100333	-0.498659	 0.436304	-0.249067	 0.499474
-0.498734	 0.407841	-0.016909	 0.499205	-0.281940	-0.499418	-0.499794	 0.119626	-0.498659	 0.467426	-0.249067	 0.499474
-0.498734	 0.407841	-0.016909	-0.000795	-0.390877	-0.499418	-0.499794	-0.270395	-0.498659	 0.482987	-0.249067	 0.499474
-0.498734	 0.407841	-0.016909	-0.249793	-0.445345	-0.499418	-0.499794	-0.464084	-0.498659	 0.490767	-0.249067	 0.499474
-0.498734	 0.407841	-0.016909	 0.125708	-0.472579	-0.499418	-0.499794	-0.559613	-0.498659	-0.005343	-0.249067	 0.499474
-0.498734	 0.407841	-0.016909	 0.312456	-0.486197	-0.499418	-0.499794	-0.606068	-0.498659	-0.252395	-0.249067	 0.499474
-0.498734	 0.407841	-0.016909	 0.405830	-0.493005	-0.499418	-0.499794	-0.127990	-0.498659	-0.375920	-0.249067	 0.499474
-0.498734	 0.407841	-0.016909	 0.452517	-0.496409	-0.499418	-0.499794	 0.111049	-0.498659	-0.437683	-0.249067	 0.499474
-0.498734	 0.407841	-0.016909	 0.475860	-0.498112	-0.499418	-0.499794	-0.269431	-0.498659	 0.031435	-0.249067	 0.499474
-0.498734	 0.407841	-0.016909	 0.487532	-0.498963	-0.499418	-0.499794	-0.458372	-0.498659	 0.264993	-0.249067	 0.499474
-0.498734	 0.407841	-0.016909	 0.493368	-0.499388	-0.499418	-0.499794	-0.551547	-0.498659	 0.381772	-0.249067	 0.499474
-0.498734	 0.407841	-0.016909	 0.496286	 0.000399	-0.499418	-0.499794	-0.596846	-0.498659	 0.440162	-0.249067	 0.499474
-0.498734	 0.407841	-0.016909	 0.497745	 0.249292	-0.499418	-0.499794	-0.618211	-0.498659	 0.469357	-0.249067	 0.499474
-0.498734	 0.407841	-0.016909	 0.498474	 0.373739	-0.499418	-0.499794	-0.127614	-0.498659	 0.483954	-0.249067	 0.499474
-0.498734	 0.407841	-0.016909	 0.498839	 0.435962	-0.499418	-0.499794	 0.117684	-0.498659	 0.491253	-0.249067	 0.499474
-0.498734	 0.407841	-0.016909	 0.499021	 0.467074	 0.000582	 0.000206	 0.240334	 0.001341	-0.005098	-0.249067	 0.499474
-0.498734	 0.407841	-0.016909	 0.499112	 0.482630	 0.249581	 0.249205	 0.301658	 0.250338	-0.252270	-0.249067	 0.499474
 0.001266	 0.407841	-0.016909	 0.499158	 0.490408	-0.125920	 0.373705	 0.332321	 0.374837	 0.124143	-0.249067	 0.499474
 0.250264	 0.407841	-0.016909	 0.499181	 0.494297	-0.312667	 0.435955	 0.347652	 0.437086	 0.311349	-0.249067	 0.499474
 0.374762	 0.407841	-0.016909	 0.499192	 0.496241	-0.406041	 0.467080	 0.355317	 0.468211	 0.404952	-0.249067	 0.499474
-0.062988	 0.407841	-0.016909	 0.499198	 0.497213	 0.047272	 0.482642	 0.359150	 0.483773	 0.451753	-0.249067	 0.499474
-0.280862	 0.407841	-0.016909	 0.499201	 0.497699	 0.272928	 0.490423	 0.361066	 0.491555	 0.475154	-0.249067	 0.499474
 0.110201	 0.407841	-0.016909	 0.499202	 0.497942	 0.385755	 0.494314	 0.362025	 0.495445	 0.486855	-0.249067	 0.499474
 0.304730	 0.407841	-0.016909	 0.499203	 0.498064	 0.442169	 0.496259	 0.362504	 0.497390	 0.492705	-0.249067	 0.499474
 0.401994	 0.407841	-0.016909	 0.499203	 0.498125	 0.470376	 0.497232	 0.362743	 0.498363	 0.495630	-0.249067	 0.499474
 0.450627	 0.407841	-0.016909	 0.499203	 0.498155	 0.484480	 0.497718	 0.362863	 0.498849	 0.497092	-0.249067	 0.499474
-0.025057	 0.407841	-0.016909	 0.499204	 0.498170	 0.491531	 0.497962	 0.362923	 0.499093	 0.497824	-0.249067	 0.499474
-0.261898	 0.407841	-0.016909	 0.499204	 0.498178	 0.495057	 0.498083	 0.362953	 0.499214	 0.498189	-0.249067	 0.499474
-0.380318	 0.407841	-0.016909	 0.499204	 0.498182	 0.496820	 0.498144	 0.362968	 0.499275	 0.498372	-0.249067	 0.499474
-0.439528	 0.407841	-0.016909	 0.499204	 0.498184	-0.002298	 0.498174	-0.137025	-0.000695	 0.498463	-0.249067	 0.499474
-0.469133	 0.407841	-0.016909	 0.499204	 0.498185	-0.250855	 0.498190	-0.385747	-0.249678	 0.498509	-0.249067	 0.499474
-0.483936	-0.092159	-0.016909	-0.000796	-0.501815	-0.375133	-0.501803	-0.508839	-0.874170	-0.501468	-0.749067	 0.499474
-0.491337	-0.340974	-0.016909	-0.249795	-0.998811	-0.437272	-0.998796	-0.569121	-1.183418	-0.998454	-0.996569	 0.499474
-0.495037	 0.035797	-0.016909	 0.125706	-0.244318	-0.468342	-0.244300	-0.098004	-0.335057	-0.243956	-0.617832	 0.499474
-0.496888	 0.224183	-0.016909	 0.312454	 0.131909	-0.483876	 0.131927	 0.137555	 0.088097	 0.132272	-0.428463	 0.499474
-0.497813	 0.318376	-0.016909	 0.405828	 0.319006	-0.491644	 0.319024	 0.755335	 0.298651	 0.319369	-0.333779	 0.499474
-0.498276	 0.365473	-0.016909	 0.452515	 0.411542	-0.495527	 0.411561	 1.061478	 0.402910	 0.411905	-0.286437	 0.499474
-0.498507	 0.389021	-0.016909	 0.475858	 0.456802	-0.497469	 0.456821	 1.211815	 0.454025	 0.457164	-0.262766	 0.499474
-0.498622	 0.400795	-0.016909	 0.487530	-0.021572	 0.001560	 0.478447	 1.284259	 0.478572	 0.478788	-0.250930	 0.499474
-0.498680	 0.406682	-0.016909	 0.493366	-0.260759	 0.250073	 0.488259	 1.317767	 0.489840	 0.488600	-0.245012	 0.499474
-0.498709	 0.409625	-0.016909	 0.496284	 0.119647	 0.374330	 0.493166	 1.331819	 0.494471	 0.493506	-0.242053	 0.499474
-0.498724	 0.411097	-0.016909	 0.497743	 0.308850	 0.436458	 0.495619	 1.336153	 0.496787	 0.495958	-0.240574	 0.499474
-0.498731	 0.411833	-0.016909	 0.498472	 0.403452	 0.467522	 0.496846	 1.335639	 0.497945	 0.497185	-0.239834	 0.499474
-0.498735	 0.412201	-0.016909	 0.498837	 0.450753	 0.483054	 0.497459	 1.332712	 0.498524	 0.497798	-0.239464	 0.499474
 0.001264	 0.412385	-0.016909	 0.499020	 0.474403	 0.990820	 0.497765	 1.328589	 0.498813	 0.498105	-0.239279	 0.499474
 0.250260	 0.412477	-0.016909	 0.499111	 0.486228	 1.241706	 0.497919	 1.323878	 0.498958	 0.498258	-0.239187	 0.499474
 0.374759	 0.412523	-0.016909	 0.499156	 0.492141	 1.364164	 0.497995	 1.318885	 0.499030	 0.498335	-0.239141	 0.499474
-0.062992	 0.412546	-0.016909	 0.499179	-0.004903	 0.922420	 0.498034	 1.313760	 0.499066	 0.498373	-0.239118	 0.499474
-0.280866	 0.412557	-0.016909	 0.499191	-0.252421	 0.701547	 0.498053	 1.308581	 0.499084	 0.498392	-0.239106	 0.499474
 0.110197	 0.412563	-0.016909	 0.499196	 0.123820	 0.091111	 0.498063	 1.303384	 0.499094	 0.498402	-0.239100	 0.499474
 0.304726	 0.412566	-0.016909	 0.499199	 0.310941	-0.213068	 0.498067	 1.298189	 0.499098	 0.498406	-0.239097	 0.499474
-0.098010	 0.412568	-0.016909	 0.499201	 0.404501	 0.135877	 0.498070	 1.293006	-0.000900	 0.498409	-0.239096	 0.499474
-0.298376	 0.412568	-0.016909	 0.499201	 0.451281	 0.310349	 0.498071	 1.287839	-0.249897	 0.498410	-0.239095	 0.499474
 0.101441	 0.412569	-0.016909	 0.499202	-0.025329	 0.397585	 0.498072	 1.282690	 0.125605	 0.498411	-0.239095	 0.499474
 0.300347	 0.412569	-0.016909	 0.499202	-0.262630	 0.441203	 0.498072	 1.277560	 0.312353	 0.498411	-0.239095	 0.499474
 0.399800	 0.412569	-0.016909	 0.499202	-0.381281	 0.463013	 0.498072	 1.272450	 0.405727	 0.498411	-0.239095	 0.499474
 0.449526	 0.412569	-0.016909	 0.499202	 0.059394	 0.473917	 0.498072	 1.267361	 0.452415	 0.498411	-0.239095	 0.499474
 0.474389	 0.412569	-0.016909	 0.499202	 0.278731	 0.479369	 0.498072	 1.262292	 0.475758	 0.498411	-0.239095	 0.499474
-0.013179	 0.412569	-0.016909	 0.499202	 0.388400	 0.482095	 0.498072	 1.257243	 0.487430	 0.498411	-0.239095	 0.499474
-0.255962	 0.412569	-0.016909	 0.499202	 0.443234	 0.483459	 0.498072	 1.252214	 0.493266	 0.498411	-0.239095	 0.499474
 0.122647	 0.412569	-0.016909	 0.499202	 0.470651	 0.484140	 0.498072	 1.247205	 0.496184	 0.498411	-0.239095	 0.499474
 0.310949	 0.412569	-0.016909	 0.499202	 0.484360	 0.484481	 0.498072	 1.242216	 0.497643	 0.498411	-0.239095	 0.499474
-0.094900	 0.412569	-0.016909	 0.499202	 0.491214	-0.015349	 0.498072	 0.737247	 0.498372	 0.498411	-0.239095	 0.499474
-0.296823	 0.412569	-0.016909	 0.499202	 0.494641	-0.264233	 0.498072	 0.484763	 0.498737	 0.498411	-0.239095	 0.499474
-0.397785	 0.412569	-0.016909	 0.499202	 0.496355	-0.387649	 0.498072	 0.358520	 0.498919	 0.498411	-0.239095	 0.499474
-0.448266	 0.412569	-0.016909	 0.499202	-0.002788	-0.448335	-0.001928	 0.295399	-0.000989	 0.498411	-0.239095	 0.499474
-0.473506	 0.412569	-0.016909	 0.499202	-0.251356	-0.477660	-0.250924	 0.263839	-0.249942	 0.498411	-0.239095	 0.499474
-0.486126	 0.412569	-0.016909	 0.499202	-0.375640	-0.491308	 0.124578	 0.248058	-0.374418	 0.498411	-0.239095	 0.499474
-0.492436	 0.412569	-0.016909	 0.499202	-0.437782	-0.497123	 0.311329	 0.240168	-0.436657	 0.498411	-0.239095	 0.499474
-0.495591	 0.412569	-0.016909	 0.499202	 0.031147	-0.499024	 0.404704	 0.236223	 0.032224	 0.498411	-0.239095	 0.499474
-0.497169	 0.412569	-0.016909	 0.499202	 0.264612	-0.498973	 0.451392	 0.234251	 0.265663	 0.498411	-0.239095	 0.499474
 0.002042	 0.412569	-0.016909	 0.499202	 0.381344	-0.498947	-0.025264	 0.233264	-0.117618	 0.498411	-0.239095	 0.499474
 0.250646	 0.412569	-0.016909	 0.499202	 0.439710	-0.498934	-0.262589	 0.232771	-0.308257	 0.498411	-0.239095	 0.499474
 0.374947	 0.412569	-0.016909	 0.499202	 0.468893	-0.498928	-0.381251	 0.232525	-0.403576	 0.498411	-0.239095	 0.499474
-0.062902	 0.412569	-0.016909	 0.499202	 0.483484	-0.498925	 0.059418	 0.232401	 0.048764	-0.001589	-0.239095	 0.499474
-0.280825	 0.412569	-0.016909	 0.499202	 0.490780	-0.498923	 0.278753	 0.232340	 0.273932	-0.250586	-0.239095	 0.499474
-0.389787	 0.412569	-0.016909	 0.499202	 0.494428	-0.498922	-0.111580	 0.232309	-0.113484	-0.375084	-0.239095	 0.499474
-0.444268	 0.412569	-0.016909	 0.499202	 0.496252	-0.498922	-0.305743	 0.232294	-0.306190	-0.437333	-0.239095	 0.499474
-0.471508	 0.412569	-0.016909	 0.499202	 0.497164	-0.498922	-0.402824	 0.232286	-0.402543	 0.031542	-0.239095	 0.499474
-0.485128	 0.412569	-0.016909	 0.499202	 0.497620	-0.498922	-0.451365	 0.232282	-0.450720	 0.264979	-0.239095	 0.499474
-0.491938	 0.412569	-0.016909	 0.499202	 0.497848	-0.498922	 0.024365	 0.232280	 0.025192	-0.118302	-0.239095	 0.499474
-0.495343	 0.412569	-0.016909	 0.499202	 0.497962	-0.498922	 0.261229	 0.232279	 0.262146	-0.308940	-0.239095	 0.499474
-0.497046	 0.412569	-0.016909	 0.499202	 0.498019	-0.498922	 0.379662	 0.232279	 0.380622	-0.404259	-0.239095	 0.499474
-0.497897	 0.412569	-0.016909	 0.499202	-0.001953	-0.498922	-0.061122	-0.267722	-0.060139	-0.451918	-0.239095	 0.499474
-0.498323	 0.412569	-0.016909	 0.499202	-0.250934	-0.498922	-0.280510	-0.516186	-0.279518	-0.475748	-0.239095	 0.499474
-0.498536	 0.412569	-0.016909	 0.499202	-0.375425	-0.498922	-0.390204	-0.138889	-0.389208	-0.487663	-0.239095	 0.499474
-0.498642	 0.412569	-0.016909	 0.499202	-0.437671	-0.498922	-0.445051	 0.049759	-0.444052	-0.493620	-0.239095	 0.499474
-0.498695	 0.412569	-0.016909	-0.000798	-0.468794	-0.498922	-0.472475	 0.144083	-0.471475	-0.496599	-0.239095	 0.499474
-0.498722	 0.412569	-0.016909	-0.249796	-0.484355	-0.498922	-0.486186	 0.191246	-0.485186	-0.498088	-0.239095	 0.499474
-0.498735	 0.412569	-0.016909	-0.374296	-0.492136	-0.498922	-0.493042	 0.214827	-0.492042	-0.498833	-0.239095	 0.499474
-0.498742	 0.412569	-0.016909	-0.436545	-0.496026	-0.498922	-0.496470	 0.226617	-0.495469	-0.499205	-0.239095	 0.499474
-0.498745	 0.412569	-0.016909	-0.467670	-0.497971	-0.498922	-0.498184	 0.232512	-0.497183	-0.499392	-0.239095	 0.499474
-0.498747	 0.412569	-0.016909	 0.016768	-0.498944	-0.498922	-0.499041	 0.235460	-0.498040	-0.999485	-0.239095	 0.499474
-0.498748	 0.412569	-0.016909	 0.257984	-0.499430	-0.498922	-0.499470	 0.236934	-0.498469	-1.246532	-0.239095	 0.499474
-0.498748	 0.412569	-0.016909	 0.378592	-0.499673	-0.498922	-0.499684	 0.237671	-0.498683	-0.867069	-0.239095	 0.499474
-0.498748	 0.412569	-0.016909	 0.438896	-0.499795	-0.498922	-0.499791	 0.238039	-0.498790	-0.677337	-0.239095	 0.499474
-0.498748	 0.412569	-0.016909	 0.469048	-0.499856	-0.498922	-0.499845	 0.238223	-0.498844	-0.082471	-0.239095	 0.499474
-0.498748	 0.412569	-0.016909	 0.484124	-0.499886	-0.498922	-0.499871	 0.238316	-0.498870	 0.213937	-0.239095	 0.499474
-0.498748	 0.412569	-0.016909	 0.491662	 0.000099	-0.498922	-0.499885	 0.238362	-0.498884	-0.138879	-0.239095	 0.499474
-0.498748	 0.412569	-0.016909	 0.495431	 0.249091	-0.498922	-0.499892	 0.238385	-0.498890	-0.315288	-0.239095	 0.499474
-0.498748	 0.412569	-0.016909	 0.497316	 0.373587	-0.498922	-0.499895	 0.238396	-0.498894	-0.403492	-0.239095	 0.499474
-0.498748	 0.412569	-0.016909	 0.498258	 0.435835	-0.498922	-0.499897	 0.238402	-0.498895	-0.447594	-0.239095	 0.499474
-0.498748	 0.412569	-0.016909	 0.498729	 0.466959	-0.498922	-0.499897	 0.238405	-0.498896	-0.469645	-0.239095	 0.499474
-0.498748	 0.412569	-0.016909	 0.498965	-0.017479	-0.498922	-0.499898	 0.238406	-0.498897	-0.480671	-0.239095	-0.000526
-0.498748	 0.412569	-0.016909	 0.499083	-0.258694	-0.498922	-0.499898	 0.238407	-0.498897	-0.486183	-0.239095	-0.249525
-0.498748	 0.412569	-0.016909	 0.499141	-0.379301	-0.498922	-0.499898	 0.238407	-0.498897	-0.488940	-0.239095	 0.125975
-0.498748	 0.412569	-0.016909	 0.499171	-0.439605	-0.498922	-0.499898	 0.238408	-0.498897	-0.490318	-0.239095	 0.312722
-0.498748	 0.412569	-0.016909	-0.000814	-0.469757	-0.498922	-0.499898	-0.261592	-0.498897	 0.008993	-0.239095	 0.406096
-0.498748	 0.412569	-0.016909	-0.249805	-0.484833	-0.498922	-0.499898	-0.510069	-0.498897	 0.257632	-0.239095	 0.452783
-0.498748	 0.412569	-0.016909	-0.374301	-0.492371	-0.498922	-0.499898	-0.632790	-0.498897	 0.380939	-0.239095	 0.476126
-0.498748	 0.412569	-0.016909	 0.063451	-0.496140	-0.498922	-0.499898	-0.192640	-0.498897	-0.058416	-0.239095	 0.487798
-0.498748	 0.412569	-0.016909	 0.281325	-0.498024	-0.498922	-0.499898	 0.027435	-0.498897	-0.278094	-0.239095	 0.493634
-0.498748	 0.412569	-0.016909	-0.109738	-0.498967	-0.498922	-0.499898	 0.137473	-0.498897	-0.387933	-0.239095	 0.496552
-0.498748	 0.412569	-0.016909	-0.304268	-0.499438	-0.498922	-0.499898	 0.192492	-0.498897	-0.442852	-0.239095	 0.498011
-0.498748	 0.412569	-0.016909	 0.098467	-0.499673	-0.498922	-0.499898	 0.220001	-0.498897	-0.470312	-0.239095	 0.498740
-0.498748	 0.412569	-0.016909	 0.298832	-0.499791	-0.498922	-0.499898	 0.233756	-0.498897	-0.484041	-0.239095	 0.499105
-0.498748	 0.412569	-0.016909	 0.399015	-0.499850	-0.498922	-0.499898	-0.259367	-0.498897	 0.009094	-0.239095	 0.499287
-0.498748	 0.412569	-0.016909	 0.449106	-0.499880	-0.498922	-0.499898	-0.504423	-0.498897	 0.254657	-0.239095	 0.499379
-0.498748	 0.412569	-0.016909	-0.025849	-0.499894	-0.498922	-0.499898	-0.125453	-0.498897	 0.376438	-0.239095	 0.499424
-0.498748	 0.412569	-0.016909	-0.262324	-0.499902	-0.498922	-0.499898	 0.064033	-0.498897	 0.437328	-0.239095	 0.499447
-0.498748	 0.412569	-0.016909	-0.380562	-0.499905	-0.498922	-0.499898	 0.158775	-0.498897	 0.467774	-0.239095	 0.499458
-0.498748	 0.412569	-0.016909	 0.060319	-0.499907	-0.498922	-0.499898	 0.206147	-0.498897	-0.017004	-0.239095	 0.499464
-0.498748	 0.412569	-0.016909	 0.279757	-0.499908	-0.498922	-0.499898	 0.229833	-0.498897	-0.258389	-0.239095	 0.499467
-0.498748	 0.412569	-0.016909	 0.389476	-0.499909	-0.498922	-0.499898	-0.258325	-0.498897	-0.379081	-0.239095	 0.499468
-0.498748	 0.412569	-0.016909	 0.444336	-0.499909	-0.498922	-0.499898	-0.500910	-0.498897	-0.439428	-0.239095	 0.499469
-0.498748	 0.412569	-0.016909	 0.471766	-0.499909	-0.498922	-0.499898	-0.120716	-0.498897	-0.469601	-0.239095	 0.499469
-0.498748	 0.412569	-0.016909	 0.485481	-0.499909	-0.498922	-0.499898	 0.069381	-0.498897	-0.484687	-0.239095	 0.499470
-0.498748	 0.412569	-0.016909	 0.492338	-0.499909	-0.498922	-0.499898	 0.164430	-0.498897	-0.492231	-0.239095	 0.499470
-0.498748	 0.412569	-0.016909	 0.495767	-0.499909	-0.498922	-0.499898	 0.211954	-0.498897	-0.496002	-0.239095	 0.499470
-0.498748	 0.412569	-0.016909	 0.497481	-0.499909	-0.498922	-0.499898	 0.235716	-0.498897	-0.497888	-0.239095	 0.499470
-0.498748	 0.412569	-0.016909	 0.498338	 0.000091	-0.498922	-0.499898	 0.247597	-0.498897	 0.001169	-0.239095	 0.499470
-0.498748	 0.412569	-0.016909	 0.498767	 0.249091	-0.498922	-0.499898	 0.253538	-0.498897	 0.249697	-0.239095	 0.499470
-0.498748	 0.412569	-0.016909	-0.001019	-0.126409	-0.498922	-0.499898	 0.256508	-0.498897	 0.373961	-0.239095	 0.499470
-0.498748	 0.412569	-0.016909	-0.249910	-0.313155	-0.498922	-0.499898	 0.257993	-0.498897	 0.436093	-0.239095	 0.499470
-0.498748	 0.412569	-0.016909	 0.125644	-0.406529	-0.498922	-0.499898	 0.258736	-0.498897	-0.032841	-0.739095	-0.000530
-0.498748	 0.412569	-0.016909	 0.312419	-0.453215	-0.498922	-0.499898	 0.259107	-0.498897	-0.266304	-0.986616	-0.249529
-0.498748	 0.412569	-0.016909	 0.405807	-0.476558	-0.498922	-0.499898	 0.259292	-0.498897	-0.383036	-0.607909	 0.125971
-0.498748	 0.412569	-0.016909	 0.452500	-0.488230	-0.498922	-0.499898	 0.259385	-0.498897	-0.441402	-0.418555	 0.312719
-0.498748	 0.412569	-0.016909	 0.475847	-0.494066	-0.498922	-0.499898	 0.259432	-0.498897	-0.470585	-0.323878	 0.406092
-0.498748	 0.412569	-0.016909	 0.487521	-0.496984	-0.498922	-0.499898	 0.259455	-0.498897	-0.485176	-0.776540	-0.047221
-0.498748	 0.412569	-0.016909	 0.493357	-0.498443	-0.498922	-0.499898	 0.259466	-0.498897	-0.492472	-1.000412	-0.272876
-0.498748	 0.412569	-0.016909	-0.003724	-0.499172	-0.498922	-0.499898	 0.259472	-0.498897	-0.996120	-0.609900	 0.114296
-0.498748	 0.412569	-0.016909	-0.251264	-0.499537	-0.498922	-0.499898	 0.259475	-0.498897	-1.244944	-0.414644	 0.306879
-0.498748	 0.412569	-0.016909	 0.124967	-0.499719	-0.498922	-0.499898	 0.259477	-0.498897	-0.866369	-0.817016	 0.403171
-0.498748	 0.412569	-0.016909	 0.312080	-0.499811	-0.498922	-0.499898	 0.259477	-0.498897	-0.677081	-1.015763	 0.451316
-0.498748	-0.087431	-0.016909	 0.405636	-0.999856	-0.498922	-0.499898	-0.240522	-0.498897	-0.582437	-0.612708	 0.475389
-0.498748	-0.336256	-0.016909	 0.452414	-1.246879	-0.498922	-0.499898	-0.489041	-0.498897	-0.535116	-0.411180	 0.487426
-0.498748	-0.459499	-0.016909	 0.475803	-1.367403	-0.498922	-0.499898	-0.611825	-0.498897	-0.511455	-0.310416	 0.493444
-0.498748	-0.019954	-0.016909	 0.487498	-0.924689	-0.498922	-0.499898	-0.171748	-0.498897	-0.499624	-0.760034	 0.496453
-0.498748	 0.199818	-0.016909	 0.493345	-0.703332	-0.498922	-0.499898	 0.048290	-0.498897	-0.493709	-0.982424	 0.497958
-0.498748	 0.309704	-0.016909	 0.496269	-0.592653	-0.498922	-0.499898	 0.158310	-0.998897	-0.490751	-0.591209	 0.498710
-0.498748	 0.364647	-0.016909	 0.497731	-0.537314	-0.498922	-0.499898	 0.213319	-1.245899	-0.489272	-0.395602	 0.499086
-0.498748	 0.392118	-0.516909	 0.498461	-0.509644	-0.498922	-0.499898	 0.240824	-0.866415	-0.488533	-0.297798	 0.499274
-0.498748	 0.405854	-0.764875	 0.498827	-0.495810	-0.498922	-0.499898	 0.254576	-0.676672	-0.488163	-0.248896	 0.499368
-0.498748	-0.087278	-0.386832	 0.499010	-0.488892	-0.498922	-0.499898	-0.238547	-0.581801	-0.987978	-0.224445	 0.499415
-0.498748	-0.332683	-0.197811	 0.499101	-0.485433	-0.498922	-0.499898	-0.483646	-0.534366	-1.234910	-0.212220	 0.499439
-0.498748	-0.454230	-0.103300	 0.499147	-0.483704	-0.498922	-0.499898	-0.604738	-0.510648	-1.355413	-0.206107	 0.499450
-0.498748	-0.013851	-0.056045	 0.499170	-0.482839	-0.498922	-0.499898	-0.663832	-0.498789	-0.912712	-0.703051	-0.000544
-0.498748	 0.206338	-0.032417	 0.499181	-0.482407	-0.498922	-0.499898	-0.691933	-0.492859	-0.691362	-0.949122	-0.249540
-0.498748	 0.316433	-0.020604	 0.499187	-0.482191	-0.498922	-0.499898	-0.204544	-0.489895	-0.580687	-1.069768	-0.374038
-0.498748	 0.371480	-0.014697	 0.499190	-0.482083	-0.498922	-0.499898	 0.039151	-0.488412	-0.525349	-1.127710	-0.436287
-0.498748	 0.399003	-0.011743	 0.499191	-0.482029	-0.498922	-0.999898	-0.339002	-0.487671	-0.497680	-0.654310	 0.032589
-0.498748	 0.412765	-0.010267	 0.499192	-0.482002	-0.498922	-1.246898	-0.526644	-0.487301	-0.483846	-0.417609	 0.266024
-0.498748	 0.419646	-0.009528	 0.499192	-0.481988	-0.498922	-0.867411	-0.619036	-0.487115	-0.476929	-0.299259	 0.382741
-0.498748	 0.423087	-0.009159	 0.499192	-0.481982	-0.498922	-0.677667	-0.663809	-0.487023	-0.473470	-0.240084	 0.441100
-0.498748	 0.424807	-0.008974	 0.499192	-0.481978	-0.498922	-0.582795	-0.684779	-0.486976	-0.471741	-0.210497	 0.470279
-0.498748	 0.425667	-0.008882	-0.000808	-0.481976	-0.498922	-0.535359	-0.193852	-0.486953	-0.470876	-0.195703	 0.484869
-0.498748	 0.426097	-0.008836	-0.249806	-0.481976	-0.498922	-0.511641	 0.051611	-0.486942	-0.470444	-0.188306	 0.492164
-0.498748	 0.426312	-0.008813	 0.125695	-0.481975	-0.498922	-0.499782	 0.174343	-0.486936	-0.470228	-0.184608	 0.495811
-0.498748	 0.426420	-0.008801	 0.312443	-0.481975	-0.498922	-0.493853	 0.235709	-0.486933	-0.470120	-0.182758	 0.497635
-0.498748	 0.426473	-0.008796	 0.405817	-0.481975	-0.498922	-0.490888	 0.266392	-0.486931	-0.470065	-0.181834	 0.498547
-0.498748	 0.426500	-0.008793	 0.452504	-0.481975	-0.498922	-0.489405	 0.281733	-0.486931	-0.470038	-0.181372	 0.499003
-0.498748	 0.426514	-1.008791	 0.475847	-0.481975	-0.498922	-0.488664	-0.210596	-0.486930	 0.029975	-0.681140	 0.499231
-0.498748	 0.426520	-1.504773	 0.487519	-0.481975	-0.498922	-0.488294	-0.455355	-0.486930	 0.278922	-0.928663	 0.499345
-0.498748	 0.426524	-1.748762	 0.493355	-0.481975	-0.498922	-0.488108	-0.576334	-0.486930	 0.402339	-1.050072	 0.499402
-0.498748	 0.426525	-0.866771	 0.496273	-0.481975	-0.498922	-0.488016	-0.135429	-0.486930	-0.037003	-1.108433	-0.000570
-0.498748	 0.426526	-0.425776	 0.497732	-0.481975	-0.498922	-0.487969	 0.085023	-0.486930	-0.256675	-1.135281	-0.249555
-0.498748	 0.426527	-0.705278	 0.498461	-0.481975	-0.498922	-0.487946	 0.195250	-0.486930	-0.366510	-0.646380	 0.125953
-0.498748	 0.426527	-0.843060	 0.498826	-0.481975	-0.498922	-0.487935	 0.250363	-0.486930	-0.421428	-0.401930	 0.312704
-0.498748	 0.426527	-0.409989	 0.499008	-0.481975	-0.498922	-0.487929	 0.277919	-0.486930	-0.448887	-0.279704	-0.093921
-0.498748	 0.426527	-0.193454	 0.499100	-0.481975	-0.498922	-0.487926	 0.291698	-0.486930	-0.462616	-0.218592	-0.296232
-0.498748	 0.426527	-0.085186	 0.499145	-0.481975	-0.498922	-0.487924	-0.201413	-0.986930	-0.469481	-0.688035	 0.102613
-0.498748	 0.426527	-0.031052	 0.499168	-0.481975	-0.498922	-0.487924	-0.446580	-1.233956	-0.472914	-0.920442	 0.301032
-0.498748	 0.426527	-0.003985	 0.499179	-0.481975	-0.498922	-0.487923	-0.567779	-1.354507	-0.474630	-1.034340	 0.400242
-0.498748	 0.426527	 0.009548	 0.499185	-0.481975	-0.498922	-0.487923	-0.627001	-0.911833	-0.475488	-0.588993	-0.050154
-0.498748	 0.426527	 0.016315	 0.499188	-0.481975	-0.498922	-0.487923	-0.655240	-0.690495	-0.475917	-0.366319	-0.274350
-0.498748	 0.426527	 0.019698	-0.000811	-0.481975	-0.498922	-0.487923	-0.667992	-0.579827	-0.476131	-0.254982	 0.113552
-0.498748	 0.426527	 0.021390	-0.249808	-0.481975	-0.498922	-0.487923	-0.673007	-0.524492	-0.476239	-0.199313	 0.306500
-0.498748	 0.426527	 0.022236	-0.374307	-0.481975	-0.498922	-0.487923	-0.174158	-0.496825	-0.476292	-0.671479	 0.402974
-0.498748	 0.426527	 0.022659	-0.436557	-0.481975	-0.498922	-0.487923	 0.075266	-0.482992	-0.476319	-0.905275	 0.451211
-0.498748	 0.426527	 0.022870	 0.032319	-0.481975	-0.498922	-0.487923	 0.199979	-0.476075	-0.476332	-0.519894	-0.024671
-0.498748	 0.426527	 0.022976	 0.265754	-0.481975	-0.498922	-0.487923	 0.262335	-0.472616	-0.476339	-0.327204	-0.261611
-0.498748	 0.426527	 0.023029	 0.382472	-0.481975	-0.498922	-0.487923	 0.293513	-0.470887	-0.476343	-0.230859	-0.380080
-0.498748	 0.426527	 0.023055	 0.440830	-0.481975	-0.498922	-0.487923	 0.309102	-0.470023	-0.476344	-0.182687	-0.439315
-0.498748	 0.426527	 0.023069	 0.470010	-0.481975	-0.498922	-0.487923	 0.316896	-0.469590	-0.476345	-0.158600	-0.468933
-0.498748	 0.426527	 0.023075	 0.484600	-0.481975	-0.498922	-0.487923	 0.320794	-0.469374	-0.976345	-0.146557	 0.016259
-0.498748	 0.426527	 0.023079	 0.491894	-0.481975	-0.498922	-0.487923	 0.322742	-0.469266	-1.223393	-0.140536	 0.257851
-0.498748	 0.426527	 0.023080	 0.495542	-0.481975	-0.498922	-0.487923	 0.323716	-0.969212	-0.843976	-0.137525	 0.378648
-0.498748	 0.426527	 0.023081	 0.497366	-0.481975	-0.498922	-0.487923	 0.324204	-1.216247	-0.654267	-0.136019	 0.439046
-0.498748	 0.426527	 0.023081	 0.498277	-0.481975	-0.498922	-0.487923	-0.175553	-0.836838	-0.559413	-0.635267	-0.030755
-0.498748	 0.426527	 0.023082	 0.498733	-0.481975	-0.498922	-0.487923	-0.424080	-0.647133	-0.511986	-0.882621	-0.264654
-0.498748	 0.426527	 0.023082	 0.498961	-0.481975	-0.498922	-0.487923	-0.546999	-0.552281	-0.488272	-1.004039	-0.381604
-0.498748	 0.426527	 0.023082	 0.499075	-0.481975	-0.498922	-0.487923	-0.107118	-0.504854	-0.476416	-0.562497	 0.059921
-0.498748	 0.426527	 0.023082	 0.499132	-0.481975	-0.498922	-0.487923	 0.112822	-0.481141	-0.470487	-0.341725	 0.279681
-0.498748	 0.426527	 0.023082	 0.499161	-0.481975	-0.498922	-0.487923	 0.222792	-0.469285	-0.467523	-0.231340	 0.389561
-0.498748	 0.426527	 0.023082	 0.499175	-0.481975	-0.498922	-0.487923	 0.277777	-0.463357	-0.466041	-0.176147	 0.444500
-0.498748	 0.426527	 0.023082	-0.000818	-0.481975	-0.498922	-0.487923	 0.305270	-0.460392	-0.465300	-0.648551	 0.471970
-0.498748	 0.426527	 0.023082	-0.249813	-0.481975	-0.498922	-0.487923	 0.319016	-0.458910	-0.464929	-0.882511	 0.485705
-0.498748	-0.073473	-0.976918	 0.125690	-0.481975	-0.498922	-0.487923	-0.174111	-0.458169	-0.464744	-0.497258	 0.492573
-0.498748	-0.322326	-1.472964	 0.312439	-0.481975	-0.498922	-0.487923	-0.419340	-0.457799	-0.464651	-0.304631	 0.496007
-0.498748	-0.445610	-1.717049	 0.405813	-0.481975	-0.498922	-0.487923	-0.540625	-0.457614	-0.464605	-0.208318	 0.497724
-0.498748	-0.006114	-0.835170	 0.452501	-0.481975	-0.498922	-0.487923	-0.099944	-0.457521	-0.464582	-0.160161	 0.498582
-0.498748	 0.213633	-0.394230	 0.475844	-0.481975	-0.498922	-0.487923	 0.120396	-0.457475	-0.464570	-0.136083	-0.000989
-0.498748	 0.323507	-0.173760	 0.487516	-0.481975	-0.498922	-0.487923	 0.230567	-0.457451	-0.464565	-0.124044	-0.249773
-0.498748	-0.121556	-0.063525	 0.493352	-0.481975	-0.498922	-0.487923	-0.214348	-0.457440	-0.464562	-0.118024	 0.125835
-0.498748	-0.342954	-0.008407	 0.496270	-0.481975	-0.498922	-0.487923	-0.435487	-0.457434	-0.464560	-0.115014	 0.312636
-0.498748	 0.047476	 0.019151	 0.497729	-0.481975	-0.498922	-0.487923	-0.544743	-0.957431	 0.035441	-0.113509	-0.093964
-0.498748	 0.242690	 0.032931	 0.498458	-0.481975	-0.498922	-0.487923	-0.598063	-1.204515	 0.284370	-0.112757	-0.296262
-0.498748	 0.340298	 0.039820	 0.498823	-0.481975	-0.498922	-0.487923	-0.623421	-1.325154	 0.407768	-0.112381	-0.397412
-0.498748	 0.389101	 0.043265	 0.499005	-0.481975	-0.498922	-0.487923	-0.134802	-0.882581	-0.031595	-0.112193	 0.052014
-0.498748	 0.413503	 0.044988	 0.499097	-0.481975	-0.498922	-0.487923	 0.109508	-0.661295	-0.251277	-0.112099	 0.275724
-0.498748	 0.425704	 0.045849	-0.000858	-0.481975	-0.498922	-0.987923	 0.231662	-0.550652	-0.361118	-0.612052	 0.387578
-0.498748	 0.431805	 0.046280	-0.249833	-0.481975	-0.498922	-1.234947	 0.292740	-0.495331	-0.416038	-0.859804	 0.443506
-0.498748	 0.434855	 0.046495	 0.125679	-0.481975	-0.498922	-0.855495	 0.323278	-0.467670	-0.443498	-0.481465	 0.471470
-0.498748	 0.436380	 0.046602	 0.312433	-0.481975	-0.498922	-0.665769	 0.338548	-0.453839	-0.457228	-0.292296	 0.485452
-0.498748	 0.437143	 0.046656	 0.405809	-0.481975	-0.498922	-0.570906	 0.346182	-0.446924	-0.964093	-0.197711	-0.007558
-0.498748	 0.437524	 0.046683	 0.452498	-0.481975	-0.498922	-0.523475	 0.350000	-0.443467	-1.214584	-0.150419	-0.253061
-0.498748	 0.437715	 0.046697	 0.475842	-0.481975	-0.498922	-0.499759	 0.351908	-0.441738	-1.336899	-0.126773	-0.375813
-0.498748	 0.437810	 0.046703	 0.487514	-0.481975	-0.498922	-0.487901	 0.352863	-0.440873	-1.395138	-0.114949	-0.437188
-0.498748	 0.437858	-0.953293	-0.006650	-0.481975	-0.498922	-0.481972	 0.353340	-0.440441	-0.921351	-0.109038	-0.467876
-0.498748	 0.437881	-1.449385	-0.252730	-0.481975	-0.498922	-0.479008	 0.353579	-0.440225	-0.684457	-0.106082	-0.483220
-0.498748	 0.437893	-1.193540	 0.124230	-0.481975	-0.498922	-0.477526	 0.353698	-0.440117	-0.566011	-0.104604	-0.490892
-0.498748	 0.437899	-1.063742	 0.311707	-0.481975	-0.498922	-0.476785	 0.353758	-0.440063	-0.506787	-0.103865	-0.494728
-0.498748	 0.437902	-0.496975	 0.405446	-0.481975	-0.498922	-0.476414	 0.353787	-0.440036	-0.477176	-0.603496	-0.496646
-0.498748	 0.437904	-0.213592	 0.452315	-0.481975	-0.498922	-0.476229	 0.353802	-0.440023	-0.462370	-0.851105	-0.497605
-0.498748	 0.437904	-0.071900	 0.475750	-0.481975	-0.498922	-0.476136	 0.353810	-0.440016	-0.454967	-0.472712	-0.498085
-0.498748	 0.437905	-0.001054	 0.487467	-0.481975	-0.498922	-0.476090	 0.353813	-0.440012	-0.451265	-0.283515	-0.498325
-0.498748	 0.437905	 0.034369	 0.493326	-0.481975	-0.498922	-0.476067	 0.353815	-0.440011	-0.449415	-0.188917	 0.001556
-0.498748	 0.437905	 0.052080	 0.496255	-0.481975	-0.498922	-0.476055	 0.353816	-0.440010	-0.448489	-0.141618	 0.250493
-0.498748	 0.437905	 0.060936	 0.497720	-0.481975	-0.498922	-0.476049	 0.353817	-0.440009	-0.448027	-0.117969	 0.374961
-0.498748	 0.437905	 0.065364	 0.498452	-0.481975	-0.498922	-0.476046	-0.146183	-0.440009	-0.447795	-0.106144	-0.062804
-0.498748	 0.437905	 0.067578	 0.498819	-0.481975	-0.498922	-0.476045	-0.394891	-0.440009	-0.447680	-0.100231	-0.280686
-0.498748	-0.062095	 0.068685	 0.499002	-0.481975	-0.498922	-0.476044	-0.517957	-0.440009	-0.447622	-0.597275	 0.110373
-0.498748	-0.310971	 0.069238	 0.499093	-0.481975	-0.498922	-0.476044	-0.578208	-0.440009	-0.447593	-0.843608	 0.304900
-0.498748	 0.065711	 0.069515	 0.499139	-0.481975	-0.498922	-0.476044	-0.107057	-0.440009	-0.447578	-0.464595	-0.097837
-0.498748	 0.254052	 0.069653	 0.499162	-0.481975	-0.498922	-0.476044	 0.128519	-0.440009	-0.447571	-0.275089	-0.298204
-0.498748	 0.348222	 0.069723	 0.499173	-0.481975	-0.498922	-0.476044	-0.253694	-0.440009	-0.447567	-0.680335	 0.101612
-0.498748	 0.395308	 0.069757	 0.499179	-0.481975	-0.498922	-0.476043	-0.443528	-0.440009	-0.447566	-0.880787	 0.300518
-0.498748	 0.418850	 0.069774	 0.499182	-0.481975	-0.498922	-0.476043	-0.537178	-0.440009	-0.447565	-0.978851	 0.399970
-0.498748	 0.430622	-0.430217	 0.499183	-0.481975	-0.498922	-0.476043	-0.082742	-0.440009	-0.447564	-0.525729	 0.449697
-0.498748	 0.436507	-0.678352	 0.499184	-0.481975	-0.498922	-0.476043	 0.144476	-0.440009	-0.447564	-0.299168	 0.474560
-0.498748	 0.439450	-0.300567	-0.000816	-0.481975	-0.498922	-0.476043	 0.258085	-0.440009	-0.447564	-0.185888	-0.013009
-0.498748	 0.440922	-0.111674	-0.249814	-0.481975	-0.498922	-0.476043	 0.314890	-0.440009	-0.447564	-0.129247	-0.255792
-0.498748	 0.441657	-0.017228	 0.125687	-0.481975	-0.498922	-0.476043	-0.156708	-0.440009	-0.447564	-0.100927	-0.377183
-0.498748	 0.442025	 0.029995	 0.312435	-0.481975	-0.498922	-0.476043	-0.391250	-0.440009	-0.447564	-0.086767	-0.437879
-0.498748	 0.442209	-0.446393	 0.405809	-0.481975	-0.498922	-0.476043	-0.007269	-0.440009	-0.447564	-0.079687	 0.031773
-0.498748	 0.442301	-0.682742	 0.452496	-0.481975	-0.498922	-0.476043	 0.184721	-0.440009	-0.447564	-0.076147	 0.265596
-0.498748	 0.442347	-0.799078	 0.475840	-0.481975	-0.498922	-0.476043	 0.280716	-0.440009	-0.447564	-0.074377	 0.382508
-0.498748	-0.057630	-0.355415	 0.487512	-0.481975	-0.498922	-0.476043	-0.171287	-0.440009	-0.447564	-0.073492	-0.059036
-0.498748	-0.306503	-0.133584	 0.493347	-0.481975	-0.498922	-0.476043	-0.396041	-0.440009	-0.447564	-0.073050	-0.278807
-0.498748	 0.070171	-0.522668	 0.496265	-0.481975	-0.498922	-0.476043	-0.007177	-0.440009	-0.447564	-0.072828	-0.388693
-0.498748	 0.258508	-0.715387	 0.497724	-0.481975	-0.498922	-0.476043	 0.187255	-0.440009	-0.447564	-0.072718	-0.443635
-0.498748	-0.147324	-0.309930	 0.498454	-0.481975	-0.498922	-0.476043	 0.284471	-0.440009	-0.447564	-0.072662	 0.028893
-0.498748	-0.349133	-0.107201	 0.498819	-0.481975	-0.498922	-0.476043	 0.333079	-0.440009	-0.447564	-0.072635	 0.264155
-0.498748	 0.051064	-0.005837	 0.499001	-0.481975	-0.498922	-0.476043	 0.357383	-0.440009	-0.447564	-0.572621	 0.381786
-0.498748	 0.251163	 0.044845	 0.499092	-0.481975	-0.498922	-0.476043	 0.369535	-0.440009	-0.447564	-0.820469	 0.440601
-0.498748	 0.351212	 0.070186	 0.499138	-0.481975	-0.498922	-0.476043	 0.375611	-0.440009	-0.447564	-0.942256	 0.470009
-0.498748	 0.401237	 0.082857	 0.499160	-0.481975	-0.498922	-0.476043	 0.378649	-0.440009	-0.447564	-0.501022	 0.484712
-0.498748	 0.426249	 0.089192	 0.499172	-0.481975	-0.498922	-0.476043	 0.380168	-0.440009	-0.447564	-0.280404	 0.492064
-0.498748	 0.438755	 0.092359	 0.499178	-0.481975	-0.498922	-0.476043	-0.119072	-0.440009	-0.447564	-0.170096	 0.495740
-0.498748	 0.445008	 0.093943	 0.499180	-0.481975	-0.498922	-0.476043	-0.367456	-0.440009	-0.447564	-0.114941	 0.497578
-0.498748	 0.448135	-0.405265	 0.499182	-0.481975	-0.498922	-0.476043	-0.490416	-0.440009	-0.447564	-0.087364	 0.498497
-0.498748	 0.449698	-0.653060	 0.499183	-0.481975	-0.498922	-0.476043	-0.550669	-0.440009	-0.447564	-0.073576	 0.498957
-0.498748	 0.450480	-0.275156	 0.499183	-0.481975	-0.498922	-0.476043	-0.079574	-0.440009	-0.447564	-0.066681	 0.499187
-0.498748	 0.450870	-0.086204	 0.499183	-0.481975	-0.498922	-0.476043	 0.155974	-0.440009	-0.447564	-0.063234	 0.499301
-0.498748	 0.451066	 0.008272	 0.499183	-0.481975	-0.498922	-0.476043	 0.273747	-0.440009	-0.447564	-0.061511	 0.499359
-0.498748	 0.451164	 0.055510	 0.499183	-0.481975	-0.498922	-0.476043	 0.332634	-0.440009	 0.052436	-0.060649	 0.499388
-0.498748	 0.451212	 0.079129	 0.499183	-0.481975	-0.498922	-0.476043	 0.362078	-0.440009	 0.301331	-0.060218	 0.499402
-0.498748	 0.451237	 0.090939	 0.499183	-0.481975	-0.498922	-0.476043	 0.376799	-0.440009	-0.075322	-0.060003	 0.499409
-0.498748	 0.451249	 0.096844	 0.499183	-0.481975	-0.498922	-0.476043	 0.384160	-0.440009	-0.263648	-0.059895	 0.499413
-0.498748	 0.451255	 0.099796	 0.499183	-0.481975	-0.498922	-0.476043	 0.387841	-0.440009	-0.357811	-0.059841	-0.000586
-0.498748	 0.451258	 0.101272	 0.499183	-0.481975	-0.498922	-0.476043	 0.389681	-0.440009	-0.404893	-0.059814	-0.249583
-0.498748	 0.451260	 0.102010	 0.499183	-0.481975	-0.498922	-0.476043	 0.390601	-0.440009	-0.428434	-0.059801	 0.125918
-0.498748	 0.451261	 0.102379	 0.499183	-0.481975	-0.498922	-0.476043	 0.391061	-0.440009	-0.440204	-0.059794	 0.312665
-0.498748	 0.451261	 0.102564	 0.499183	-0.481975	-0.498922	-0.476043	 0.391291	-0.440009	-0.446089	-0.059790	 0.406039
-0.498748	 0.451261	-0.397344	 0.499183	-0.481975	-0.498922	-0.476043	 0.391406	-0.440009	-0.449032	-0.059789	 0.452726
-0.498748	 0.451261	-0.645503	 0.499183	-0.481975	-0.498922	-0.476043	 0.391464	-0.440009	-0.450503	-0.059788	 0.476069
-0.498748	 0.451261	-0.267796	-0.000817	-0.481975	-0.498922	-0.476043	 0.391492	-0.440009	-0.451239	-0.559788	 0.487741
-0.498748	 0.451261	-0.078942	-0.249815	-0.481975	-0.498922	-0.476043	 0.391507	-0.440009	-0.451607	-0.807668	 0.493577
-0.498748	-0.048739	-0.484515	 0.125686	-0.481975	-0.498922	-0.476043	 0.391514	-0.440009	-0.451791	-0.429497	-0.003505
-0.498748	-0.297641	-0.685521	 0.312434	-0.481975	-0.498922	-0.476043	 0.391518	-0.440009	-0.451883	-0.240411	-0.251045
-0.498748	-0.420999	-0.284251	 0.405808	-0.481975	-0.498922	-0.476043	 0.391519	-0.440009	 0.048071	-0.145869	 0.125185
-0.498748	-0.481590	-0.083616	 0.452495	-0.481975	-0.498922	-0.476043	 0.391520	-0.440009	 0.296952	-0.098597	 0.312297
-0.498748	-0.510801	 0.016701	 0.475838	-0.481975	-0.498922	-0.476043	 0.391521	-0.440009	 0.420301	-0.074961	 0.405854
-0.498748	-0.024326	 0.066860	 0.487510	-0.481975	-0.498922	-0.476043	 0.391521	-0.440009	-0.019112	-0.063144	 0.452632
-0.498748	 0.218911	 0.091939	 0.493346	-0.481975	-0.498922	-0.476043	 0.391521	-0.440009	-0.238818	-0.057235	 0.476021
-0.498748	 0.340530	 0.104479	 0.496264	-0.481975	-0.498922	-0.476043	 0.391521	-0.440009	-0.348671	-0.054280	 0.487715
-0.498748	 0.401339	 0.110749	 0.497723	-0.481975	-0.498922	-0.476043	 0.391521	-0.440009	-0.403598	-0.052803	 0.493562
-0.498748	 0.431744	 0.113884	 0.498452	-0.481975	-0.498922	-0.476043	 0.391521	-0.440009	-0.431061	-0.052064	 0.496486
-0.498748	 0.446946	 0.115451	 0.498817	-0.481975	-0.498922	-0.476043	 0.391521	-0.440009	-0.444793	-0.051695	 0.497948
-0.498748	 0.454547	 0.116235	 0.498999	-0.481975	-0.498922	-0.476043	-0.108479	-0.440009	-0.451659	-0.051510	 0.498679
-0.498748	 0.458348	 0.116627	 0.499091	-0.481975	-0.498922	-0.476043	-0.357262	-0.440009	-0.455092	-0.051418	 0.499044
-0.498748	 0.460248	 0.116823	 0.499136	-0.481975	-0.498922	-0.476043	-0.480441	-0.440009	-0.456808	-0.051372	 0.499227
-0.498748	 0.461198	 0.116921	 0.499159	-0.481975	-0.498922	-0.476043	-0.040824	-0.440009	-0.457666	-0.051349	 0.499318
-0.498748	 0.461674	 0.116970	 0.499170	-0.481975	-0.498922	-0.476043	 0.178985	-0.440009	-0.458095	-0.051337	 0.499364
-0.498748	 0.461911	 0.116994	 0.499176	-0.481975	-0.498922	-0.476043	 0.288889	-0.440009	-0.458310	-0.051332	 0.499387
-0.498748	 0.462030	 0.117006	 0.499179	-0.481975	-0.498922	-0.476043	 0.343842	-0.440009	-0.458417	-0.051329	 0.499398
-0.498748	 0.462089	 0.117012	 0.499180	-0.481975	-0.498922	-0.476043	 0.371318	-0.440009	-0.458471	-0.051327	 0.499404
-0.498748	 0.462119	 0.117015	 0.499181	-0.481975	-0.498922	-0.476043	 0.385056	-0.440009	-0.458498	-0.051327	 0.499407
-0.498748	 0.462134	-0.382983	 0.499181	-0.481975	-0.498922	-0.476043	 0.391925	-0.440009	-0.458511	-0.051326	-0.000592
-0.498748	 0.462141	-0.631216	 0.499182	-0.481975	-0.498922	-0.476043	 0.395359	-0.440009	-0.458518	-0.051326	-0.249590
-0.498748	 0.462145	-0.753574	 0.499182	-0.481975	-0.498922	-0.476043	 0.397076	-0.440009	-0.458521	-0.051326	-0.374089
-0.498748	 0.462147	-0.313001	 0.499182	-0.481975	-0.498922	-0.476043	-0.102065	-0.440009	-0.458523	-0.051326	 0.063662
-0.498748	 0.462148	-0.092715	 0.499182	-0.481975	-0.498922	-0.476043	-0.350433	-0.440009	-0.458524	-0.051326	 0.281534
-0.498748	 0.462148	-0.482571	 0.499182	-0.481975	-0.498922	-0.476043	 0.026580	-0.440009	-0.458524	-0.051326	 0.390470
-0.498748	 0.462148	-0.675755	 0.499182	-0.481975	-0.498922	-0.476043	 0.215087	-0.440009	-0.458524	-0.051326	 0.444938
-0.498748	 0.462148	-0.270609	 0.499182	-0.481975	-0.498922	-0.476043	-0.190660	-0.440009	-0.458524	-0.051326	-0.027828
-0.498748	 0.462149	-0.068036	 0.499182	-0.481975	-0.498922	-0.476043	-0.392340	-0.440009	-0.458525	-0.051326	-0.263209
-0.498748	 0.462149	-0.466749	 0.499182	-0.481975	-0.498922	-0.476043	 0.008008	-0.440009	-0.458525	-0.051326	-0.380900
-0.498748	 0.462149	-0.664375	 0.499182	-0.481975	-0.498922	-0.476043	 0.208182	-0.440009	-0.458525	-0.051326	-0.439746
-0.498748	 0.462149	-0.761464	 0.499182	-0.481975	-0.498922	-0.476043	 0.308269	-0.440009	-0.458525	-0.051326	-0.469169
-0.498748	 0.462149	-0.308291	 0.499182	-0.481975	-0.498922	-0.476043	-0.141688	-0.440009	-0.458525	-0.051326	 0.016120
-0.498748	 0.462149	-0.081705	 0.499182	-0.481975	-0.498922	-0.476043	-0.365483	-0.440009	-0.458525	-0.051326	 0.257762
-0.498748	 0.462149	 0.031588	 0.499182	-0.481975	-0.498922	-0.476043	 0.023798	-0.440009	-0.458525	-0.051326	 0.378582
-0.498748	 0.462149	 0.088235	 0.499182	-0.481975	-0.498922	-0.476043	 0.218439	-0.440009	-0.458525	-0.051326	 0.438993
-0.498748	 0.462149	 0.116558	 0.499182	-0.481975	-0.498922	-0.476043	 0.315759	-0.440009	-0.458525	-0.051326	 0.469198
-0.498748	 0.462149	 0.130720	 0.499182	-0.481975	-0.498922	-0.476043	 0.364419	-0.440009	-0.458525	-0.051326	 0.484300
-0.498748	 0.462149	 0.137801	 0.499182	-0.481975	-0.498922	-0.476043	 0.388749	-0.440009	-0.458525	-0.051326	 0.491852
