-2.818616	-1.775762	-0.939699	-0.285963	-4.096952	-0.733475	-3.631001	-1.120682	 0.070883	-2.466406	-2.543618	-0.722715
-2.868258	-1.768648	-0.990652	-0.278071	-4.082136	-0.728957	-3.615012	-0.928688	 0.133785	-2.706540	-2.533444	-0.719824
-2.387243	-1.761567	-1.014045	-0.774125	-3.566594	-0.725250	-3.599820	-0.831217	-0.334764	-2.320714	-2.523310	-0.716945
-2.142923	-1.754518	-1.023666	-1.019611	-3.302720	-0.721953	-3.585054	-0.781015	-0.567432	-2.123931	-2.513217	-0.714077
-2.516966	-1.747498	-1.026411	-1.139824	-3.664706	-0.718867	-3.570531	-0.754452	-1.182166	-2.021685	-2.503164	-0.711221
-2.698205	-1.740508	-1.025724	-1.197411	-3.837645	-0.715893	-3.556157	-0.739714	-1.485939	-1.966723	-2.493151	-0.708376
-2.783066	-1.733545	-1.023331	-1.223694	-3.916094	-0.712979	-3.541887	-0.730896	-1.634246	-1.935419	-2.483178	-0.705542
-2.319760	-1.726611	-1.020093	-1.234336	-3.447329	-0.710103	-3.527696	-1.225042	-1.204835	-1.915959	-2.473246	-0.702720
-2.084395	-1.719704	-1.016440	-1.237166	-3.206989	-0.707250	-3.513574	-1.468677	-0.988578	-1.902435	-2.463353	-0.699909
-2.463014	-1.712826	-1.012588	-1.236102	-3.580886	-0.704415	-3.499514	-1.587070	-0.878905	-1.891896	-2.453499	-0.697110
-2.646640	-1.705974	-1.008644	-1.233099	-3.759925	-0.701594	-3.485513	-1.642856	-0.822530	-1.882864	-2.443685	-0.694321
-2.232793	-1.699150	-1.004663	-1.229138	-3.841567	-0.698786	-3.471570	-1.167351	-0.292810	-1.874600	-2.433911	-0.691544
-2.022231	-1.692354	-1.000671	-1.224707	-3.874541	-0.695990	-3.457683	-0.928215	-0.027950	-1.866735	-2.424175	-0.688778
-2.413327	-1.685584	-0.996682	-0.720051	-3.883213	-0.693206	-3.443852	-1.307269	 0.104479	-1.859085	-2.414478	-0.686023
-2.603266	-1.678842	-0.992702	-0.467723	-3.879765	-0.690433	-3.430076	-1.493423	 0.170694	-1.851557	-2.404820	-0.683279
-2.692649	-1.672127	-0.988734	-0.341559	-3.870289	-0.687671	-3.416356	-1.583141	 0.203802	-1.844105	-2.395201	-0.680546
-2.731777	-1.665438	-0.984781	-0.778477	-3.857829	-0.684920	-3.402690	-1.124655	 0.220356	-1.836706	-2.385620	-0.677823
-2.745799	-1.658776	-0.980843	-0.994505	-3.843908	-0.682181	-3.389079	-0.894079	 0.228633	-1.829348	-2.376078	-0.675112
-2.747290	-1.652141	-0.976920	-1.100098	-3.829288	-0.679452	-3.375523	-1.277464	-0.267229	-1.822024	-2.366574	-0.672412
-2.742538	-1.645533	-0.973012	-1.150483	-3.814349	-0.676734	-3.362021	-1.465835	-0.513634	-1.814734	-2.357107	-0.669722
-2.734687	-2.138950	-0.969121	-1.173274	-3.799280	-0.674027	-3.348573	-1.056712	-0.635316	-1.807473	-2.347679	-0.667043
-2.725307	-2.380395	-0.965244	-1.182277	-3.784177	-0.671331	-3.335179	-0.850855	-0.694643	-1.800243	-2.338288	-0.664375
-2.215186	-1.995873	-0.461383	-0.684397	-3.269088	-0.668646	-3.321838	-0.746637	-0.222799	-1.293041	-2.328935	-0.161717
-1.956715	-1.800390	-0.209453	-0.435456	-3.006035	-0.665971	-3.308551	-0.693243	 0.013124	-1.037869	-2.319619	 0.089611
-1.824083	-1.699438	-0.083487	-0.310986	-2.869023	-0.663307	-3.295316	-0.665266	 0.131085	-0.908717	-2.310341	 0.215276
-1.754384	-1.645765	-0.020505	-0.248751	-2.795053	-0.660654	-3.282135	-0.650003	 0.190065	-1.342582	-2.301099	-0.221892
-1.716165	-1.615745	 0.010987	-0.217633	-2.752625	-0.658011	-3.269007	-0.641102	 0.219556	-1.555962	-2.291895	-0.439158
-1.693700	-1.597563	 0.026732	-0.702074	-2.725991	-0.655379	-3.255931	-0.635387	 0.234301	-1.659113	-2.282727	-0.546478
-1.679125	-1.585313	 0.034605	-0.941922	-2.707275	-0.652758	-3.242907	-0.631271	 0.241673	-1.707164	-2.273596	-0.598830
-2.168508	-1.576042	 0.038541	-0.559482	-2.692541	-0.650147	-3.229935	-1.127958	 0.245360	-1.227679	-2.264502	-0.623704
-2.407884	-1.568273	 0.040510	-0.368262	-2.679817	-0.647546	-3.217015	-1.373052	 0.247203	-0.986440	-2.255444	-0.634844
-2.522277	-1.561268	 0.041494	-0.272652	-2.668122	-0.644956	-3.204147	-0.992363	 0.248124	-1.364331	-2.246422	-0.639122
-2.574201	-1.554657	 0.041986	-0.224847	-2.656961	-0.642376	-3.191331	-0.800795	 0.248585	-1.549791	-2.237437	-0.639974
-2.594910	-1.548255	 0.042232	-0.200945	-2.646089	-0.639807	-3.178565	-0.703793	 0.248815	-1.639051	-2.228487	-0.639118
-2.100034	-1.541970	 0.042355	-0.188994	-3.135383	-0.637247	-3.165851	-0.654078	-0.251069	-1.680224	-2.219573	-0.637414
-1.849385	-1.535757	 0.042416	-0.183018	-3.372780	-0.634698	-3.153188	-0.628012	-0.499510	-1.697368	-2.210695	-0.635291
-2.220863	-2.029591	-0.457553	-0.680030	-3.484258	-0.632160	-3.140575	-0.613775	-0.622234	-1.702511	-2.201852	-0.632962
-2.401418	-2.271461	-0.705623	-0.926182	-3.532806	-0.629631	-3.128013	-0.605457	-0.682107	-1.701667	-2.193044	-0.630537
-2.486531	-1.887369	-0.827750	-1.046914	-3.549917	-0.627112	-2.615501	-0.100104	-0.210559	-1.197844	-1.684272	-0.128068
-2.523944	-1.692317	-0.886914	-1.104944	-3.551339	-0.624604	-2.355039	 0.152572	 0.025215	-0.944544	-1.427535	 0.123166
-2.037528	-1.091796	-0.414604	-0.631633	-3.044944	-0.622106	-2.720619	-0.221090	 0.143102	-1.316511	-1.796825	-0.251217
-1.791218	-0.791536	-0.178449	-0.394978	-2.786670	-0.619617	-2.897236	-0.406731	 0.202046	-1.499118	-1.977138	-0.437157
-1.664973	-0.641406	-0.060371	-0.276650	-2.652475	-0.617139	-2.979397	-0.498367	 0.231517	-1.587058	-2.062979	-0.528881
-1.598773	-0.566341	-0.001332	 0.282514	-2.080342	-0.114670	-2.014355	 0.456995	 0.746253	-0.627678	-1.101602	 0.426499
-1.562608	-0.528808	 0.028187	 0.560412	-1.791259	 0.136564	-1.529735	 0.931851	 1.001099	-0.147988	-0.620914	 0.901424
-1.541473	-0.010042	 0.042947	 0.697685	-1.143713	 0.262181	-0.785334	 1.166466	 1.626010	 0.591857	-0.380570	 1.136135
-1.527864	 0.248324	 0.050327	 0.764651	-0.819940	 0.324990	-0.413134	 1.280971	 1.933964	 0.959116	-0.260397	 1.250748
-1.018032	 0.376493	 0.554017	 0.796471	-0.658053	 0.856394	-0.227034	 1.835433	 2.083457	 1.640093	-0.200311	 1.305324
-0.762099	 0.439569	 0.803746	 0.810725	-0.577110	 1.119321	-0.133984	 2.107884	 2.153738	 1.975939	-0.170268	 1.329892
-0.633120	 0.970101	 1.426504	 1.316201	 1.963362	 1.748019	 2.912541	 2.739349	 2.684430	 7.139238	 1.344753	 1.839468
-0.567622	 1.232366	 1.733784	 1.565296	 3.224590	 2.057615	 4.423885	 3.048340	 2.943346	 9.696283	 2.096544	 2.089557
-0.533869	 1.360509	 1.883342	 1.686215	 3.846232	 2.207679	 5.167687	 3.196120	 3.066399	 10.950299	 2.466743	 2.209922
 1.484007	 5.921604	 2.454056	 2.243060	 6.648118	 2.277995	 7.027765	 2.763323	 2.621547	 14.052898	 2.646169	 1.765445
 2.485942	 8.181185	 2.733363	 2.515883	 8.030160	 2.308457	 7.940028	 2.542263	 2.394768	 15.569887	 2.730230	 1.540564
 3.979934	 13.290095	 2.366991	 2.646717	 10.702357	 2.319010	 10.378455	 2.427091	 0.777042	 20.294207	 3.766633	-0.074508
 4.715982	 15.807751	 2.179804	 2.706579	 12.011707	 2.319627	 11.572035	 2.364881	-0.030140	 22.606330	 4.275228	-0.878665
 11.073101	 28.529929	 4.082225	 4.730977	 22.639739	 4.815295	 19.143293	 4.829171	 2.567944	 36.212555	 12.019958	 2.222623
 14.216801	 34.864015	 5.021466	 5.729665	 27.887220	 6.048507	 22.875494	 6.046729	 3.856654	 42.988665	 15.852793	 3.762618
 17.253930	 42.004164	 5.479166	 6.715553	 32.944691	 6.650550	 25.688378	 6.640979	 3.990718	 48.849826	 18.729840	 4.522011
 18.731912	 45.545052	 5.696141	 7.193093	 35.397422	 6.937066	 27.037818	 6.923634	 4.049501	 51.751219	 20.125149	 4.891145
 19.430483	 47.286426	 5.792803	 7.416523	 36.548087	 7.065877	 27.655764	 7.050548	 4.070676	 53.172846	 20.779763	 5.065191
 20.239511	 50.128159	 5.829355	 7.012957	 38.548023	 7.615893	 28.908189	 7.099651	 4.073079	 54.854706	 21.564201	 4.641735
 20.601928	 51.518988	 5.835899	 6.797956	 39.466894	 7.874569	 29.474080	 7.109905	 4.066130	 55.665598	 21.911723	 4.421571
 21.241207	 54.184484	 5.827486	 7.177289	 40.845558	 7.987641	 30.196946	 7.100791	 4.054537	 56.541126	 22.040965	 4.303086
 21.517086	 55.492396	 5.811642	 7.351843	 41.510054	 8.027975	 30.496539	 7.082051	 4.040655	 56.954053	 22.061246	 4.235475
 21.611440	 56.121614	 5.792128	 7.424067	 41.817564	 8.032006	 30.084744	 7.058554	 4.025660	 57.135779	 22.027224	 4.693333
 21.615205	 56.411584	 5.770826	 7.445186	 41.946680	 8.017949	 29.819500	 7.032736	 4.010141	 57.202004	 21.966226	 4.911960
 21.573849	 56.532029	 5.748676	 7.440813	 41.986698	 7.994913	 29.627770	 7.005813	 3.994393	 57.210576	 21.891916	 4.511012
 21.510107	 56.568032	 5.726148	 7.423754	 41.982488	 7.967451	 29.473032	 6.978394	 3.978561	 57.190642	 21.811127	 4.302318
 21.435343	 56.561911	 5.703476	 7.400411	 41.456260	 8.437840	 29.337027	 6.950782	 3.962720	 57.156553	 21.727271	 4.189784
 21.355239	 56.528841	 5.680779	 7.373985	 41.111285	 8.655218	 29.210622	 6.923130	 3.946906	 57.109498	 21.642056	 4.125362
 21.272638	 56.482416	 5.658114	 7.346077	 40.857266	 8.746162	 29.089252	 6.895513	 3.931136	 57.056081	 21.556335	 4.085029
 21.188957	 56.429433	 5.635511	 7.317487	 40.649049	 8.273960	 28.970631	 6.867969	 3.915421	 56.499603	 21.470534	 4.556774
 21.104906	 56.373291	 5.612983	 7.288614	 40.464060	 8.022255	 28.853616	 6.840516	 3.899764	 56.191712	 21.384863	 4.782589
 21.020838	 55.815687	 5.590539	 7.259658	 40.291007	 7.380862	 28.737635	 6.813163	 3.884167	 56.008235	 21.299430	 4.885480
 20.936931	 55.507671	 5.568180	 7.230718	 40.124244	 7.046686	 28.622402	 6.785915	 3.868631	 55.887282	 21.214285	 4.926948
 20.853271	 55.324566	 6.045909	 7.201845	 39.960948	 7.366173	 28.507771	 6.758774	 3.853157	 55.797708	 21.129454	 4.937746
 20.769902	 55.203632	 6.271727	 7.173063	 39.799704	 7.510546	 28.393669	 6.731740	 3.837745	 55.723540	 21.044950	 4.933247
 20.686845	 55.113902	 5.871640	 7.144383	 39.639806	 7.567422	 28.280059	 6.704813	 3.822394	 55.657192	 20.960777	 4.921141
 20.604108	 55.040090	 5.660654	 7.115811	 39.480897	 7.580611	 28.166921	 6.677994	 3.807105	 55.595072	 20.876937	 4.905269
 20.521698	 54.974354	 5.544261	 7.087351	 39.322798	 7.572019	 28.054244	 6.651283	 3.791876	 55.535181	 20.793431	 4.887555
 20.439614	 54.912770	 5.975209	 7.059003	 39.165420	 7.552595	 27.942023	 6.624678	 3.776709	 55.476521	 20.710258	 4.868958
 20.357856	 54.853178	 6.177871	 7.030768	 39.008714	 7.527817	 27.830253	 6.598179	 3.761602	 55.418390	 20.627417	 4.849959
 20.276426	 54.794696	 6.266441	 7.002645	 38.852657	 7.500422	 27.718931	 6.571786	 3.746556	 55.360639	 20.544908	 4.830797
 20.195320	 54.736885	 6.298016	 6.974635	 38.697236	 7.471779	 27.608054	 6.545499	 3.731569	 55.303193	 20.462728	 4.811593
 20.114539	 54.679523	 6.301144	 6.946737	 38.542441	 7.442571	 27.497622	 7.019317	 3.716643	 55.246014	 20.380877	 4.792406
 20.034081	 54.622300	 6.290100	 6.918950	 38.388269	 7.413140	 27.387631	 7.241240	 3.701777	 55.188882	 20.299354	 4.773266
 19.953945	 54.565260	 6.272019	 6.891274	 38.234714	 7.383657	 27.278081	 6.837275	 3.686969	 55.131888	 20.218156	 4.754188
 19.874129	 54.508625	 6.250471	 6.863709	 38.081775	 7.354207	 27.168968	 6.622426	 3.672222	 55.075276	 20.137284	 4.735179
 19.794633	 54.452306	 6.227239	 6.836254	 37.929447	 7.324833	 27.060292	 6.502186	 3.657533	 55.018968	 20.056735	 4.716242
 19.715454	 54.396256	 6.203215	 6.808909	 37.777730	 7.295555	 26.952051	 6.429302	 3.642903	 54.962924	 19.976508	 4.697379
 19.636592	 54.340453	 6.178845	 6.781673	 37.626619	 7.266383	 26.844243	 6.380148	 3.628331	 54.407123	 19.896602	 4.678590
 19.558046	 54.284884	 6.154351	 6.754547	 37.476112	 7.237323	 26.736866	 6.342908	 3.613818	 54.101556	 19.817015	 4.659876
 19.479814	 54.229542	 6.129844	 6.727529	 37.326208	 7.208376	 26.629919	 6.311677	 3.599362	 53.921215	 19.737747	 4.641237
 19.401894	 54.174425	 5.605380	 6.200618	 37.176903	 7.179544	 26.523399	 6.283501	 3.584965	 53.803598	 19.658796	 4.622672
 19.324287	 54.119930	 5.332986	 5.925816	 37.028195	 7.150827	 26.417305	 6.256902	 3.570625	 53.717853	 19.580161	 4.604182
 19.246990	 53.565853	 5.686668	 6.277113	 36.880082	 7.122224	 26.311636	 6.231142	 3.556343	 53.648152	 19.501840	 4.585765
 19.170002	 53.261693	 5.851428	 6.439504	 36.732562	 7.093735	 26.206389	 6.205851	 3.542117	 53.586179	 19.423833	 4.567422
 19.093322	 53.082600	 5.921776	 6.507496	 36.585632	 7.065360	 26.101564	 6.180845	 3.527949	 53.528180	 19.346138	 4.549152
 18.516948	 52.966148	 5.944966	 6.528341	 36.439289	 7.037099	 25.997158	 6.156030	 3.513837	 53.972275	 19.268753	 4.530956
 18.192881	 52.881325	 5.944624	 6.525665	 36.293532	 7.008950	 25.893169	 6.131360	 3.499782	 54.167725	 19.191678	 4.512832
 17.495109	 51.312422	 5.432565	 6.011281	 35.148358	 6.980914	 24.289596	 5.606812	 3.485782	 50.738959	 17.614911	 4.994781
 17.112629	 50.503786	 5.166694	 5.743096	 34.507764	 6.952991	 23.442438	 5.334373	 3.471839	 49.000391	 16.794452	 5.224801
 12.387928	 37.075379	 2.523957	 3.098053	 23.119733	 4.425179	 15.473668	 3.188030	 0.957952	 35.107018	 8.852274	 1.828902
 10.010251	 30.313882	 1.202589	 1.775532	 17.402254	 3.157478	 11.474274	 2.112775	-0.295880	 28.117905	 4.879365	 0.134087
 6.806148	 23.386028	 1.041904	 1.114271	 11.020145	 2.019848	 7.959626	 1.573072	-0.419696	 21.081091	 2.391097	 0.289800
 5.196892	 19.889185	 0.959800	 0.783641	 7.819815	 1.449269	 6.193413	 1.301154	-0.480518	 17.534595	 1.146964	 0.367657
 4.385089	 18.107979	 0.916992	 0.618325	 6.210411	 1.162222	 5.301452	 1.163137	-0.509845	 15.733371	 0.524897	 0.406585
 2.972041	 14.184722	 0.893840	 0.535668	 3.896506	 1.016948	 3.346652	 1.092078	 0.476569	 9.304894	-1.286137	 0.426050
 2.262399	 12.202571	 0.880523	 0.494339	 2.736389	 0.942568	 2.366469	 1.054506	 0.966850	 6.084903	-2.185459	 0.435782
-0.095528	 5.191055	 0.372129	-0.026325	-2.346822	 0.403641	-1.626396	 0.533686	 0.209076	 1.969178	-3.128951	-0.059352
-1.269584	 1.688937	 0.117933	-0.285564	-4.873568	 0.134178	-3.611589	 0.273277	-0.168713	-0.084391	-3.592552	-0.305810
-2.851725	-0.558495	-0.509165	-0.414093	-6.622140	-0.500554	-5.092992	-0.356928	-0.356515	-1.606900	-3.816240	-0.427935
-3.633928	-1.676599	-0.820442	-0.477273	-7.479684	-0.815649	-5.820545	-0.670056	-0.449327	-2.361896	-3.920004	-0.487897
-3.516197	-2.730062	-0.473817	-0.507781	-8.391782	-0.970935	-6.171225	-0.824654	-0.994649	-3.233160	-4.463839	-0.516782
-3.450535	-3.249226	-0.300504	-0.521959	-8.829223	-1.046326	-6.333522	-0.899995	-1.264230	-3.660583	-4.725740	-0.530133
-3.410934	-3.501272	-0.213848	-0.527976	-9.029411	-1.081778	-6.401678	-0.935714	-1.395953	-3.866119	-4.846716	-0.535722
-3.884390	-3.619788	-0.670520	-0.529916	-8.611045	-1.097269	-6.922817	-0.951631	-1.458759	-3.960743	-4.897269	-1.037434
-4.112403	-3.671569	-0.896601	-0.529823	-8.385477	-1.102789	-7.168498	-0.957654	-1.487119	-3.999945	-4.912649	-1.285211
-4.217729	-3.690013	-1.007397	-1.028716	-8.756373	-1.603333	-7.276511	-0.958739	-0.998268	-4.011467	-4.910483	-1.406034
-4.261745	-3.691818	-1.060558	-1.275108	-8.923567	-1.849397	-7.315748	-0.957361	-0.752823	-4.009182	-4.899584	-1.463392
-4.775142	-4.185334	-1.084911	-1.395261	-8.988982	-1.968238	-7.320656	-1.454760	-1.129086	-4.500026	-4.884357	-1.489029
-5.021264	-4.422733	-1.094870	-1.452307	-9.003581	-2.023484	-7.308459	-1.699556	-1.314207	-4.735466	-4.867005	-1.498819
-5.133789	-4.532113	-1.097639	-1.477811	-8.992844	-2.046950	-7.787769	-1.818065	-1.403769	-4.843245	-5.348630	-1.500696
-5.179560	-4.577520	-1.096823	-1.487556	-8.969511	-2.054542	-8.010889	-1.873446	-1.445563	-4.887232	-5.577782	-1.498630
-5.191994	-4.590978	-1.094223	-1.489434	-8.939952	-2.054214	-8.105981	-1.897279	-1.463486	-4.899363	-5.680744	-1.494603
-5.187803	-4.588498	-1.090739	-1.987391	-9.407352	-2.549942	-8.637125	-2.405353	-1.969484	-5.395605	-6.220657	-1.989609
-5.175340	-4.578085	-1.086823	-2.231398	-9.621303	-2.791715	-8.884360	-2.653564	-2.217532	-5.631943	-6.477093	-2.232143
-5.158782	-5.063744	-1.582699	-2.348451	-9.708607	-2.906534	-8.989715	-2.771865	-1.836625	-5.738375	-6.591844	-1.848460
-5.140219	-5.295475	-1.826480	-2.402046	-9.732668	-2.957901	-9.024202	-2.825236	-1.643260	-5.779902	-6.635806	-1.653689
-5.620694	-5.400285	-1.944230	-2.423933	-10.225185	-2.977566	-8.523328	-2.846164	-2.043678	-5.789022	-6.644428	-2.053386
-5.848730	-5.441681	-1.998981	-2.429985	-10.450008	-2.981404	-8.256846	-2.850893	-2.238999	-5.781986	-6.635432	-2.248328
-5.450594	-4.951412	-2.022249	-2.428138	-10.041069	-2.477353	-8.107625	-2.847547	-1.831790	-5.766918	-6.117682	-1.840913
-5.241421	-4.697356	-2.029792	-2.422363	-9.817336	-2.221380	-8.017097	-2.840186	-1.625337	-5.747880	-5.847607	-1.634338
-5.126770	-4.561441	-2.029489	-2.414641	-9.686282	-2.089463	-7.955980	-2.830839	-1.519272	-5.726904	-5.701414	-1.528195
-5.059420	-4.984632	-2.025279	-1.905967	-9.601645	-2.519590	-7.909632	-2.820523	-1.463414	-5.205004	-5.617207	-1.472280
-5.015761	-5.185412	-2.019132	-1.648835	-9.540292	-2.728753	-7.870731	-2.809744	-1.432669	-4.934688	-5.564038	-1.441489
-4.983988	-4.775030	-1.512032	-2.017486	-9.490658	-2.327459	-7.835617	-2.798757	-1.414493	-4.790201	-5.526431	-1.923272
-4.958196	-4.561110	-1.256473	-2.197039	-9.446959	-2.122960	-7.802459	-2.787688	-1.402613	-4.708666	-5.496651	-2.159354
-4.935436	-4.445455	-1.626691	-1.782063	-9.406303	-2.016874	-7.770342	-2.276600	-1.393891	-4.658644	-5.470826	-1.772604
-4.914230	-4.378968	-1.807807	-1.571840	-9.367243	-1.960009	-7.738807	-2.017525	-1.386760	-4.624416	-5.447024	-1.576457
-4.893841	-4.837100	-1.894386	-1.964006	-9.329057	-1.927770	-7.707624	-2.384471	-1.380435	-5.098122	-5.424277	-1.475623
-4.873900	-5.055575	-1.933714	-2.155376	-9.291382	-1.907860	-7.676680	-2.562441	-1.374524	-5.323831	-5.402100	-1.422457
-4.854221	-5.154264	-1.949432	-2.246368	-9.254038	-1.894128	-7.645917	-2.645945	-1.368832	-5.425586	-5.380252	-1.393135
-4.834713	-4.693103	-1.453361	-1.787189	-9.216932	-1.883502	-7.615305	-2.182238	-1.363259	-4.965409	-5.358611	-1.375746
-4.815328	-4.454059	-1.203411	-1.554943	-9.180019	-1.874443	-7.584829	-1.946948	-1.357757	-4.726310	-5.337116	-1.364335
-4.796044	-4.326107	-1.076529	-1.936175	-9.143277	-1.866183	-8.054483	-1.825879	-1.352302	-4.597786	-5.315738	-1.355924
-4.776849	-4.253734	-1.011188	-2.122156	-9.106693	-1.858337	-8.272262	-1.761935	-1.346881	-4.524586	-5.294460	-1.349023
-4.757736	-4.209185	-0.976626	-1.710531	-9.070260	-1.850713	-7.864171	-1.726568	-1.341487	-4.479083	-5.273275	-1.342889
-4.738702	-4.178582	-0.957461	-1.502120	-9.033976	-1.843215	-7.645213	-1.705501	-1.336118	-4.447464	-5.252178	-1.337148
-4.719746	-4.154984	-0.946002	-1.395327	-8.997839	-1.835794	-7.520882	-1.691599	-0.830772	-4.422823	-5.231167	-1.331615
-4.700866	-4.134922	-0.938404	-1.339354	-8.961847	-1.828427	-7.443923	-1.681293	-0.578099	-4.401706	-5.210242	-1.326196
-4.682062	-4.116661	-0.932743	-1.308800	-8.425999	-1.821102	-7.390710	-1.672797	-0.951763	-4.382387	-5.189400	-1.320845
-4.663334	-4.099334	-0.928058	-1.290967	-8.142295	-1.813811	-7.349428	-1.665221	-1.135944	-4.364001	-5.168642	-1.315538
-4.644680	-4.082507	-0.923869	-1.279504	-7.984726	-1.806553	-7.314171	-1.658118	-1.225394	-4.346117	-5.147968	-1.310265
-4.626101	-4.065962	-0.919935	-1.271237	-7.890287	-1.799325	-7.281985	-1.651264	-1.267489	-4.328518	-4.627376	-1.305018
-4.607597	-4.049590	-0.916136	-1.264577	-7.827476	-1.792127	-7.251392	-1.644548	-1.285918	-4.311097	-4.358866	-1.299795
-4.589167	-4.033338	-0.912412	-1.258731	-7.780541	-1.784959	-6.721654	-1.637915	-1.292523	-4.293799	-4.716431	-0.794594
-4.570810	-4.017178	-0.908733	-1.253303	-7.741606	-1.777818	-6.444401	-1.631336	-1.293228	-4.276597	-4.885065	-0.541994
-4.552527	-4.001096	-0.905083	-1.248093	-8.206733	-1.770707	-6.793440	-1.624796	-1.290992	-4.259477	-4.959275	-0.915694
-4.534317	-3.985085	-0.901455	-1.243002	-8.421953	-1.763624	-6.953675	-1.618290	-1.287297	-4.242433	-4.986313	-1.099965
-4.516179	-3.969141	-0.897845	-1.237981	-8.512289	-1.756570	-7.019565	-1.611814	-0.782882	-4.225460	-4.489805	-0.689532
-4.498115	-3.953263	-0.894252	-1.233004	-8.540252	-1.749543	-7.038338	-1.605365	-0.530675	-4.208556	-4.233564	-0.484316
-4.480122	-3.937449	-0.890674	-1.228060	-8.537096	-1.742545	-7.033611	-1.598942	-0.404571	-4.191721	-4.097490	-0.381707
-4.462202	-3.921699	-0.887111	-1.223141	-8.018451	-1.735575	-6.517190	-1.592546	-0.341519	-3.674954	-4.021529	-0.330403
-4.444353	-3.906012	-0.883562	-1.218246	-7.744129	-1.728633	-6.246977	-1.586176	-0.309993	-3.410254	-3.975658	-0.304751
-4.426575	-3.890387	-0.880028	-1.213371	-7.592028	-1.721718	-6.599918	-1.079831	-0.794230	-3.771613	-4.444863	-0.291925
-4.408869	-3.874826	-0.876508	-1.208517	-7.501098	-1.714831	-6.762482	-0.825512	-1.033792	-3.944026	-4.669637	-0.285512
-4.391234	-3.859327	-0.873002	-1.203682	-7.440812	-1.707972	-6.829914	-1.197210	-1.151026	-4.022000	-4.272235	-0.782306
-4.373669	-3.843889	-0.869510	-1.198868	-7.395908	-1.701140	-6.849836	-1.379921	-1.207106	-4.052787	-4.065785	-1.028144
-4.356174	-3.828514	-0.866032	-1.194072	-7.358754	-1.694336	-6.846057	-1.468151	-0.732620	-4.060013	-3.954841	-1.148515
-4.338749	-3.813200	-0.862568	-1.189296	-7.325534	-1.687558	-6.830483	-1.509153	-0.495377	-4.055492	-3.891681	-1.206163
-4.321394	-3.797947	-0.859117	-1.184538	-7.294340	-1.680808	-6.809066	-1.526554	-0.376756	-4.045129	-3.852444	-1.232460
-4.304109	-3.782755	-0.855681	-1.179800	-7.264216	-1.674085	-6.784782	-1.532167	-0.317445	-4.031879	-4.325199	-1.243090
-4.286892	-3.767624	-0.852258	-1.175081	-7.234686	-1.667388	-6.759120	-1.531898	-0.287789	-4.017216	-4.551981	-1.245898
-4.269745	-3.752553	-0.848849	-1.170381	-7.705511	-1.660719	-6.232821	-1.528700	-0.272962	-4.001879	-4.155814	-0.744805
-4.252666	-3.737543	-0.845454	-1.165699	-7.924570	-1.654076	-5.958259	-1.524050	-0.265548	-3.986238	-3.950212	-0.494258
-4.235655	-3.722593	-0.842072	-1.661036	-7.517813	-1.647460	-5.809611	-1.518686	-0.261841	-3.970476	-3.839921	-0.868985
-4.218712	-3.707703	-0.838704	-1.904392	-7.300212	-1.640870	-5.723964	-1.512977	-0.259988	-3.954686	-3.777317	-1.053861
-4.201838	-3.692872	-0.835349	-1.521775	-7.177246	-1.634306	-5.669865	-1.507109	-0.259061	-3.438913	-3.738585	-0.643821
-4.185030	-3.678100	-0.832007	-1.328188	-7.101655	-1.627769	-5.631583	-1.501172	-0.258597	-3.175180	-3.711819	-0.438801
-4.168290	-3.663388	-0.828679	-1.229125	-7.049807	-1.621258	-5.601256	-1.495213	-0.258366	-3.037491	-3.691066	-0.336291
-4.151617	-3.648734	-0.825365	-1.177333	-7.509887	-1.614773	-6.074950	-1.989255	-0.758250	-3.462847	-3.673349	-0.285036
-4.135011	-3.634140	-0.822063	-1.149187	-7.723988	-1.608314	-6.298700	-2.231309	-1.005676	-3.667748	-3.657180	-0.259409
-4.118470	-3.619603	-0.818775	-1.132871	-7.315161	-1.601881	-5.897531	-1.347390	-0.626882	-3.762454	-3.641813	-0.246595
-4.101997	-3.605125	-0.815500	-1.122480	-7.096936	-1.595473	-5.685953	-0.905430	-0.437486	-3.802092	-3.626876	-0.240188
-4.085589	-3.590704	-0.812238	-1.115061	-6.974065	-1.589091	-5.569215	-0.684450	-0.342787	-3.814228	-3.612184	-0.736985
-4.069246	-3.576341	-0.808989	-1.109135	-6.898928	-1.582735	-5.499941	-0.573960	-0.295438	-3.812643	-3.597643	-0.982916
-4.052969	-3.562036	-0.805753	-1.103967	-6.847712	-1.576404	-5.454443	-1.518715	-0.271764	-3.804228	-3.583207	-1.103423
-4.036757	-3.547788	-0.802530	-1.099184	-6.808510	-1.570098	-5.420876	-1.986166	-0.259926	-3.792429	-3.568851	-1.161229
-4.020610	-3.533597	-0.799320	-1.094605	-6.775371	-1.563818	-5.393318	-2.214984	-0.254008	-3.778969	-3.554564	-1.187694
-4.004528	-3.519462	-0.796123	-1.090135	-6.745317	-1.557563	-5.368808	-1.824505	-0.251048	-3.264707	-3.540340	-1.198498
-3.988510	-3.505384	-0.792938	-1.085728	-6.716860	-1.551332	-5.345864	-1.626398	-0.249569	-3.002076	-3.526175	-1.201482
-3.972556	-3.491363	-0.789766	-1.081363	-6.689254	-1.545127	-5.323746	-1.024488	-0.248829	-2.865281	-3.512069	-0.700565
-3.956666	-3.477397	-0.786607	-1.077026	-6.662128	-1.538947	-5.302084	-0.723533	-0.248459	-2.791427	-3.498020	-0.450106
-3.940839	-3.463488	-0.783461	-1.072712	-6.635295	-1.532791	-5.280692	-1.073055	-0.248274	-3.249065	-3.484028	-0.324877
-3.925076	-3.449634	-0.780327	-1.068418	-6.608661	-1.526660	-5.259477	-1.244971	-0.248182	-3.470470	-3.470092	-0.262262
-3.909375	-3.435835	-0.777206	-1.064143	-6.582181	-1.520553	-5.238393	-1.328095	-0.248135	-3.573789	-3.456211	-0.730955
-3.893738	-3.422092	-0.774097	-1.059886	-6.555829	-1.514471	-5.217417	-1.366835	-0.248112	-3.618094	-3.442386	-0.962902
-3.878163	-3.408404	-0.771000	-1.055646	-6.529594	-1.508413	-5.196536	-1.383394	-0.248101	-3.632922	-3.428617	-1.076486
-3.862650	-3.394770	-0.767916	-1.051423	-6.503470	-1.502379	-5.175744	-1.388873	-0.248095	-3.133040	-3.414902	-0.630897
-3.847200	-3.381191	-0.764845	-1.047217	-6.477453	-1.496370	-5.155038	-1.388824	-0.248092	-2.877833	-3.401243	-0.408103
-3.831811	-3.367666	-0.761785	-1.043028	-6.451542	-1.490384	-5.134417	-1.386022	-0.748091	-2.744985	-3.387638	-0.796706
-3.816483	-3.354195	-0.758738	-1.038856	-6.425735	-1.484423	-5.113878	-1.381855	-0.995594	-2.673336	-3.374087	-0.988637
-3.801218	-3.340779	-0.755703	-1.034701	-6.400032	-1.478485	-5.093422	-1.877016	-0.616859	-3.132308	-3.860591	-0.582241
-3.786013	-3.327416	-0.752680	-1.030562	-6.374431	-1.472571	-5.073048	-2.119852	-0.427492	-3.354612	-4.095148	-0.379043
-3.770869	-3.314106	-0.749670	-1.026440	-6.348933	-1.466681	-5.052756	-1.236544	-0.332808	-3.458610	-3.703768	-0.277445
-3.755785	-3.300849	-0.746671	-1.022334	-6.323538	-1.460814	-5.032545	-0.794891	-0.285466	-3.503483	-3.501453	-0.226645
-3.740762	-3.287646	-0.743684	-1.018245	-6.298244	-1.454971	-5.012415	-0.574064	-0.261795	-3.518824	-3.393697	-0.201245
-3.725799	-3.274495	-0.740710	-1.014172	-6.773051	-1.449151	-4.992365	-0.463650	-0.249960	-3.019425	-3.333247	-0.688545
-3.710896	-3.261397	-0.737747	-1.010115	-6.995958	-1.443354	-4.972396	-0.408444	-0.244042	-2.764686	-3.296477	-0.929844
-3.696052	-3.248352	-0.734796	-1.006074	-6.592975	-1.437581	-4.952506	-0.880840	-0.241083	-2.632297	-3.271572	-0.548151
-3.681268	-3.235358	-0.731857	-1.002050	-6.379103	-1.431831	-4.932696	-1.114332	-0.239604	-2.561102	-3.252626	-0.357304
-3.666543	-3.222417	-0.728929	-0.998042	-6.759836	-1.426103	-5.412965	-1.228382	-0.238864	-2.520525	-3.236686	-0.261881
-3.651877	-3.209527	-0.726013	-0.994050	-6.935922	-1.420399	-5.641313	-1.282723	-0.238494	-2.495277	-3.222274	-0.214169
-3.637269	-3.196689	-0.723109	-0.990074	-6.509741	-1.414717	-5.243748	-1.307219	-0.238309	-2.477712	-3.208653	-0.690313
-3.622720	-3.183903	-0.720217	-0.986113	-6.284483	-1.409058	-5.035273	-1.316803	-0.238217	-2.464010	-3.195452	-0.926053
-3.608229	-3.171167	-0.717336	-0.982169	-6.159736	-1.403422	-4.921382	-1.318943	-0.238171	-2.452258	-3.182487	-1.041599
-3.593796	-3.158482	-0.714467	-0.978240	-6.085292	-1.397808	-4.854822	-0.817370	-0.238147	-2.441501	-3.169666	-0.597057
-3.579421	-3.145848	-0.711609	-0.974327	-6.036048	-1.392217	-4.811965	-0.566584	-0.238136	-2.431261	-3.156941	-0.374787
-3.565103	-3.133265	-0.708762	-0.970430	-5.999453	-1.386648	-4.780998	-0.941191	-0.238130	-2.921299	-3.144291	-0.263651
-3.550843	-3.120732	-0.705927	-0.966548	-5.969230	-1.381102	-4.756015	-1.125863	-0.238127	-3.159496	-3.131702	-0.208084
-3.536640	-3.108249	-0.703104	-0.962682	-5.942240	-1.375577	-4.734061	-0.715578	-0.238126	-3.271798	-3.119169	-0.180300
-3.522493	-3.095816	-0.700291	-0.958831	-5.916915	-1.370075	-4.713660	-0.510435	-0.238125	-3.321181	-3.106690	-0.166408
-3.508403	-3.083433	-0.697490	-0.954996	-5.892469	-1.364595	-4.694073	-0.407864	-0.238125	-3.339132	-3.094262	-0.659462
-3.494370	-3.071099	-0.694700	-0.951176	-5.868510	-1.359136	-4.674930	-0.356578	-0.238125	-3.341393	-3.081884	-0.903684
-3.480392	-3.058815	-0.691921	-0.947371	-5.844841	-1.353700	-4.656048	-0.330935	-0.238124	-3.335836	-3.069556	-1.023499
-3.466471	-2.546579	-0.689154	-0.943582	-5.821365	-1.848285	-4.637332	-0.318114	-0.238124	-2.826397	-3.057278	-0.581120
-3.452605	-2.286393	-0.686397	-0.939807	-5.798031	-2.090892	-4.618737	-0.311703	-0.238124	-2.567044	-3.045048	-0.359931
-3.438794	-3.152247	-0.683651	-0.936048	-5.774814	-1.707528	-5.100239	-0.808498	-0.238124	-2.432752	-3.032868	-0.249336
-3.425039	-3.577138	-0.680917	-0.932304	-5.751703	-1.513198	-5.329827	-1.054285	-0.238124	-2.361009	-3.020737	-0.194039
-3.411339	-3.281580	-0.678193	-0.928575	-5.728690	-1.413395	-4.933501	-1.174578	-0.238124	-2.320559	-3.008654	-0.666390
-3.397694	-3.127829	-0.675480	-0.924861	-5.705772	-1.360867	-4.726265	-1.232135	-0.238124	-2.295774	-2.996619	-0.900288
-3.384103	-3.045005	-0.672779	-0.921161	-5.682947	-1.331986	-4.613608	-0.758334	-0.238124	-2.278839	-2.984633	-0.514969
-3.370566	-2.997668	-0.670087	-0.917476	-5.660215	-1.314939	-4.548278	-0.521433	-0.238124	-2.265848	-2.972694	-0.322309
-3.357084	-2.968100	-0.667407	-0.913807	-5.637574	-1.303820	-4.506647	-0.402983	-0.238124	-2.254847	-2.960803	-0.225979
-3.343656	-2.947438	-0.664737	-0.910151	-5.615023	-1.295675	-4.976901	-0.843758	-0.238124	-2.244858	-2.948960	-0.677814
-3.330281	-2.931254	-0.662078	-0.906511	-5.592563	-1.289028	-5.201134	-1.061576	-0.238124	-2.235394	-2.937164	-0.901473
-3.316960	-2.917332	-0.659430	-0.902885	-5.570193	-1.283139	-5.302400	-1.167927	-0.238124	-2.226211	-2.925416	-0.511051
-3.303692	-2.904564	-0.656792	-0.899273	-5.547912	-1.277640	-5.342226	-1.218554	-0.238124	-2.217185	-2.913714	-0.315841
-3.290477	-2.392396	-0.654165	-0.895676	-5.525720	-1.272347	-5.351374	-0.741328	-0.238124	-2.208255	-2.902059	-0.218236
-3.277315	-2.132552	-0.651549	-0.892093	-5.503617	-1.267166	-5.345228	-0.502716	-0.238124	-2.199392	-2.890451	-0.169433
-3.264206	-2.498884	-0.648942	-0.888525	-5.481603	-1.262051	-4.831476	-0.383410	-0.238124	-2.190579	-2.878889	-0.145032
-3.251149	-2.676320	-0.646347	-0.884971	-5.459676	-1.256980	-4.565965	-0.323757	-0.238124	-2.181809	-2.867374	-0.132831
-3.238145	-2.759330	-0.643761	-0.881431	-5.437838	-1.251941	-4.424608	-0.293930	-0.238124	-2.173078	-2.855904	-0.126731
-3.225192	-2.795151	-0.641186	-0.877905	-5.416086	-1.246927	-4.345364	-0.779017	-0.238124	-2.664384	-2.844480	-0.623680
-3.212291	-2.807399	-0.638621	-0.874394	-5.394422	-1.241937	-4.297209	-1.019032	-0.238124	-2.903726	-2.833103	-0.869914
-3.199442	-2.807884	-0.636067	-0.870896	-5.372844	-1.236968	-4.264634	-0.636521	-0.238124	-2.517110	-2.821770	-0.990799
-3.186644	-2.802510	-0.633523	-0.867412	-5.351353	-1.232019	-4.239882	-0.445266	-0.238124	-2.319542	-2.810483	-1.049018
-3.173898	-2.294228	-0.630989	-0.863943	-5.329947	-1.227091	-4.219076	-0.849638	-0.238124	-2.216513	-2.799241	-0.575913
-3.161202	-2.036516	-0.628465	-0.860487	-5.308628	-1.222182	-4.200276	-1.049317	-0.238124	-2.160772	-2.788044	-0.339360
-3.148558	-2.404102	-0.625951	-0.857045	-5.287393	-1.217293	-4.682513	-1.146658	-0.238124	-2.628692	-3.276892	-0.221084
-3.135963	-2.582352	-0.623447	-0.853617	-5.266244	-1.212424	-4.913302	-1.192840	-0.238124	-2.856458	-3.513784	-0.161946
-3.123419	-2.665955	-0.620953	-0.850202	-5.245179	-1.207574	-5.018409	-1.213453	-0.238124	-2.464173	-3.624729	-0.132377
-3.110926	-2.702258	-0.618469	-0.846802	-5.224198	-1.202744	-5.060715	-1.221292	-0.238124	-2.263887	-3.672730	-0.117592
-3.098482	-2.714932	-0.615996	-0.843414	-5.203301	-1.197933	-5.071662	-1.222753	-0.238124	-2.159616	-3.689289	-0.110200
-3.086088	-2.715814	-0.613532	-0.840041	-5.182488	-1.193141	-4.566970	-0.721035	-0.238124	-2.103370	-3.190157	-0.106504
-3.073744	-2.710822	-0.611077	-0.836681	-5.161758	-1.188369	-4.306500	-0.470176	-0.238124	-2.071153	-2.935209	-0.104656
-3.061449	-2.702914	-0.608633	-0.833334	-5.641111	-1.183615	-4.168173	-0.344747	-0.238124	-2.550967	-2.802375	-0.103732
-3.049203	-2.693570	-0.606199	-0.830001	-5.868546	-1.178881	-4.090949	-0.282032	-0.238124	-2.784812	-2.730618	-0.103270
-3.037006	-2.683529	-0.603774	-0.826681	-5.470072	-1.174165	-4.044310	-0.750674	-0.238124	-2.395697	-2.689422	-0.103039
-3.024858	-2.673162	-0.601359	-0.823374	-5.260692	-1.169468	-4.012995	-0.982557	-0.238124	-2.197127	-2.663528	-0.102923
-3.012759	-2.662653	-0.598953	-0.820080	-5.145899	-1.164791	-4.489374	-0.596070	-0.238124	-2.593844	-2.645305	-0.102865
-3.000708	-2.652094	-0.596557	-0.816800	-5.078441	-1.160131	-4.717632	-0.402826	-0.238124	-2.786222	-2.630940	-0.102836
-2.988705	-2.641532	-0.594171	-0.813533	-5.034689	-1.155491	-4.821870	-0.306204	-0.238124	-2.876454	-2.618524	-0.102822
-2.976750	-2.630988	-0.591795	-0.810279	-5.002832	-1.150869	-4.364136	-0.257893	-0.238124	-2.415636	-2.607104	-0.102815
-2.964843	-2.620476	-0.589427	-0.807038	-4.976961	-1.146265	-4.127457	-0.233738	-0.238124	-2.181318	-2.596203	-0.102811
-2.952984	-2.610000	-0.587070	-0.803809	-4.954124	-1.141680	-4.001335	-0.721660	-0.238124	-2.060264	-2.585581	-0.602809
-2.941172	-2.599563	-0.584721	-0.800594	-4.932842	-1.137114	-3.930524	-0.963202	-0.238124	-1.995859	-2.575121	-0.850603
-2.929407	-2.589166	-0.582382	-0.797392	-4.912379	-1.132565	-3.887399	-1.081563	-0.238124	-1.959794	-2.564761	-0.472303
-2.917689	-2.578810	-0.580053	-0.794202	-4.892363	-1.128035	-3.858148	-1.138344	-0.238124	-1.937914	-2.554472	-0.283153
-2.906019	-2.568495	-0.577733	-0.791025	-4.872610	-1.123523	-3.835865	-0.664344	-0.238124	-1.923142	-2.544240	-0.188578
-2.894395	-2.558221	-0.575422	-0.787861	-4.853028	-1.119029	-3.817096	-0.427344	-0.238124	-1.911939	-2.534055	-0.141290
-2.882817	-2.547988	-0.573120	-0.784710	-4.833570	-1.114553	-3.800115	-0.308844	-0.238124	-1.902536	-2.523915	-0.117646
-2.871286	-2.537796	-0.570828	-0.781571	-4.814213	-1.110094	-3.784058	-0.749595	-0.238124	-1.894048	-2.513818	-0.105825
-2.859801	-2.527645	-0.568544	-0.778445	-4.794945	-1.105654	-3.768494	-0.967589	-0.238124	-1.886033	-2.503762	-0.099914
-2.848361	-2.017535	-0.566270	-0.775331	-4.775759	-1.101231	-3.753206	-1.074215	-0.238124	-1.878270	-2.493746	-0.096958
-2.836968	-1.759465	-0.564005	-0.772230	-4.756653	-1.096827	-3.738086	-1.125166	-0.238124	-1.870647	-2.483771	-0.095480
-2.825620	-2.127427	-0.561749	-0.769141	-5.237625	-1.092439	-3.723080	-0.648290	-0.238124	-1.863110	-2.473836	-0.094742
-2.814318	-2.306417	-0.559502	-0.766064	-5.466674	-1.088069	-3.708161	-0.409851	-0.238124	-1.855630	-2.463940	-0.094372
-2.803060	-2.390941	-0.557264	-0.763000	-5.069807	-1.083717	-3.693315	-0.290632	-0.238124	-1.848193	-2.454085	-0.094187
-2.791848	-2.428253	-0.555035	-0.759948	-4.862028	-1.079382	-3.678535	-0.231023	-0.238124	-1.840794	-2.444268	-0.094095
-2.780681	-2.441977	-0.552815	-0.756908	-4.748830	-1.075065	-3.663817	-0.201218	-0.238124	-1.833427	-2.434491	-0.094049
-2.769558	-1.943928	-0.550604	-0.753880	-4.682959	-1.070765	-3.649160	-0.186315	-0.238124	-1.826092	-2.424753	-0.594026
-2.758480	-1.692012	-0.548401	-0.750865	-4.640790	-1.066481	-3.634563	-0.178864	-0.238124	-1.818787	-2.415054	-0.841826
-2.747446	-2.063173	-0.546208	-0.747862	-4.610508	-1.062216	-3.620024	-0.675139	-0.238124	-1.811511	-2.405394	-0.463547
-2.736456	-2.243885	-0.544023	-0.744870	-4.586206	-1.057967	-3.605544	-0.920933	-0.238124	-1.804265	-2.395772	-0.274408
-2.725510	-2.329392	-0.541847	-0.741891	-4.564932	-1.053735	-3.591122	-0.541497	-0.238124	-1.797048	-2.386189	-0.679838
-2.714608	-2.367316	-0.539679	-0.738923	-4.545207	-1.049520	-3.576757	-0.351779	-0.238124	-1.789859	-2.376645	-0.880383
-2.703750	-1.881467	-0.537521	-0.735967	-4.526294	-1.045322	-3.562450	-0.256920	-0.238124	-1.782700	-2.367138	-0.478493
-2.692935	-1.635752	-0.535370	-0.733023	-4.507823	-1.041141	-3.548200	-0.209490	-0.238124	-1.775569	-2.357669	-0.277548
-2.682163	-1.510114	-0.533229	-0.730091	-4.489608	-1.036976	-3.534007	-0.185775	-0.238124	-1.768467	-2.348239	-0.177076
-2.671434	-1.444526	-0.531096	-0.727171	-4.471558	-1.032828	-3.519871	-0.173918	-0.238124	-1.761393	-2.338846	-0.126840
-2.660749	-1.408974	-0.528972	-0.724262	-4.453626	-1.028697	-3.505792	-0.167989	-0.238124	-1.754347	-2.329490	-0.101721
-2.650106	-1.888451	-0.526856	-0.721365	-4.435789	-1.024582	-3.491769	-0.665025	-0.238124	-2.247330	-2.320172	-0.089162
-2.639505	-2.123454	-0.524748	-0.718480	-4.418034	-1.020484	-3.477802	-0.911218	-0.238124	-2.488341	-2.310892	-0.082883
-2.628947	-2.236239	-0.522649	-0.715606	-4.400357	-1.016402	-3.463890	-0.532001	-0.238124	-2.103387	-2.301648	-0.579743
-2.618431	-2.287933	-0.520559	-0.712743	-4.382752	-1.012336	-3.450035	-0.342392	-0.238124	-1.907474	-2.292442	-0.826020
-2.607958	-2.309101	-0.518477	-0.709892	-4.365220	-1.008287	-3.436235	-1.247587	-0.238124	-1.806094	-2.283272	-0.447014
-2.597526	-2.315024	-0.516403	-0.707053	-4.347758	-1.004254	-3.422490	-1.695879	-0.238124	-1.751994	-2.274139	-0.257511
-2.587136	-2.313344	-0.514337	-0.704225	-4.330367	-1.000237	-3.408800	-1.915737	-0.238124	-1.721549	-2.265042	-0.162759
-2.576787	-2.307880	-0.512280	-0.701408	-4.313045	-0.996236	-3.395165	-1.021395	-0.238124	-2.202944	-2.255982	-0.115384
-2.566480	-2.300544	-0.510231	-0.698602	-4.295793	-0.992251	-3.381584	-0.574224	-0.238124	-2.438273	-2.246958	-0.091696
-2.556214	-2.292289	-0.508190	-0.695808	-4.278610	-0.988282	-3.368058	-0.350638	-0.238124	-2.050590	-2.237970	-0.079852
-2.545989	-2.283594	-0.506157	-0.693025	-4.261495	-0.984329	-3.354585	-0.238845	-0.238124	-1.853423	-2.229018	-0.073930
-2.535805	-2.274696	-0.504132	-0.690252	-4.244449	-0.980391	-3.341167	-0.182949	-0.238124	-1.751527	-2.220102	-0.570969
-2.525662	-2.265716	-0.502116	-0.687491	-4.227471	-0.976470	-3.327802	-0.155001	-0.238124	-1.697279	-2.211222	-0.817352
-2.515559	-2.256712	-0.500107	-0.684741	-4.210562	-0.972564	-3.314491	-0.141026	-0.238124	-1.666870	-2.202377	-0.438417
-2.505497	-2.247715	-0.499103	-0.682002	-4.193719	-0.968674	-3.301233	-0.134039	-0.238124	-1.648392	-2.193568	-0.248949
-2.495475	-2.238739	-0.498601	-0.679274	-4.176944	-0.964799	-3.288028	-0.130546	-0.238124	-1.635893	-2.184793	-0.154215
-2.485493	-2.229791	-0.498350	-0.676557	-4.160237	-0.960940	-3.274876	-0.628799	-0.238124	-2.126397	-2.176054	-0.106848
-2.475551	-2.220876	-0.498224	-0.673851	-4.143596	-0.957096	-3.261777	-0.875672	-0.238124	-2.366415	-2.167350	-0.083164
-2.465649	-2.211994	-0.498162	-0.671156	-4.127021	-0.953267	-3.248730	-0.496863	-0.238124	-1.981211	-2.658680	-0.071323
-2.455787	-2.203147	-0.498130	-0.668471	-4.110513	-0.949454	-3.235735	-0.307458	-0.238124	-1.785417	-2.898046	-0.065402
-2.445963	-1.694335	-0.498114	-0.665797	-4.094071	-0.945657	-3.222792	-0.712756	-0.238124	-1.684341	-2.511454	-0.062441
-2.436180	-1.437558	-0.498107	-0.663134	-4.077695	-0.941874	-3.209901	-0.913169	-0.238124	-1.630637	-2.313908	-0.060961
-2.426435	-1.806808	-0.498103	-0.660482	-4.061384	-0.938106	-3.197061	-0.511148	-0.238124	-1.600630	-2.210902	-0.060221
-2.416729	-1.987081	-0.498101	-0.657840	-4.045139	-0.934354	-3.184273	-0.310138	-0.238124	-1.582486	-2.155184	-0.059851
-2.407062	-2.072882	-0.498100	-0.655208	-4.028958	-0.930617	-3.171536	-0.209633	-0.238124	-1.570285	-2.123125	-0.059666
-2.397434	-1.611466	-0.498099	-0.652587	-4.012842	-0.926894	-3.158850	-0.659380	-0.238124	-1.561069	-2.102914	-0.059573
-2.387844	-1.378458	-0.498099	-0.649977	-3.996791	-0.923187	-3.146214	-0.882035	-0.238124	-1.553357	-2.088643	-0.059527
-2.378293	-1.759662	-0.498099	-0.647377	-3.980804	-0.919494	-3.133629	-0.991154	-0.238124	-1.546409	-2.077359	-0.059504
-2.368780	-1.945983	-0.498099	-0.644788	-3.964880	-0.915816	-3.121095	-1.043512	-0.238124	-1.539857	-2.067584	-0.059492
-2.359304	-1.534879	-0.498099	-0.642208	-3.949021	-0.912153	-3.108610	-0.567500	-0.238124	-1.533514	-2.058582	-0.059487
-2.349867	-1.327079	-0.498099	-0.639640	-3.933225	-0.908504	-3.096176	-0.329494	-0.238124	-1.527288	-2.049981	-0.059484
-2.340468	-1.720941	-0.498099	-0.637081	-3.917492	-0.904870	-3.583791	-0.210491	-0.238124	-2.021133	-2.041598	-0.059482
-2.331106	-1.913642	-0.498099	-0.634533	-3.901822	-0.901251	-3.819456	-0.150989	-0.238124	-2.263026	-2.033340	-0.059482
-2.321782	-2.005780	-0.498099	-0.631995	-3.886215	-0.897646	-3.929178	-0.121238	-0.238124	-2.378962	-2.025161	-0.059481
-2.312494	-1.547653	-0.498099	-0.629467	-3.870670	-0.894055	-3.475962	-0.106363	-0.238124	-1.931940	-2.017038	-0.059481
-2.303244	-1.316411	-0.498099	-0.626949	-3.855187	-0.890479	-3.243308	-0.098925	-0.238124	-1.705460	-2.008958	-0.059481
-2.294031	-1.198619	-0.498099	-0.624441	-3.839766	-0.886917	-3.120959	-0.095206	-0.238124	-1.589262	-2.000916	-0.059481
-2.284855	-1.137562	-0.498099	-0.621943	-3.824407	-0.883369	-3.053788	-0.093347	-0.238124	-1.528216	-1.992910	-0.059481
-2.275716	-1.104880	-0.498099	-0.619455	-3.809110	-0.879836	-3.014229	-0.092417	-0.238124	-1.494759	-1.984937	-0.059481
-2.266613	-1.086395	-0.498099	-0.616978	-3.793873	-0.876316	-2.988500	-0.091952	-0.238124	-1.475108	-1.976996	-0.059481
-2.257547	-1.575016	-0.498099	-0.614510	-3.778698	-0.872811	-2.969710	-0.091720	-0.238124	-1.962372	-1.969088	-0.059481
-2.248516	-1.815200	-0.498099	-0.612052	-3.763583	-0.869320	-2.954414	-0.091604	-0.238124	-2.201104	-1.961211	-0.059481
-2.239522	-1.931181	-0.498099	-0.609603	-3.748529	-0.865843	-2.940887	-0.091546	-0.238124	-2.315591	-1.953367	-0.059481
