-1.410893	-3.409746	 0.477421	-0.443451	-2.054726	-0.487147	-1.863448	 0.251105	 0.557581	-2.672351	-0.911362	 1.069463
-1.405249	-3.396107	 0.477513	-0.690068	-2.046113	-0.487147	-1.856086	 0.264857	 0.602214	-2.647898	-0.907808	 1.268991
-1.399628	-3.382522	-0.022441	-0.311503	-2.537732	-0.487147	-1.848707	 0.271733	 0.623238	-2.630425	-0.904223	 1.365817
-1.394030	-3.368992	-0.271373	-0.122220	-2.777482	-0.487147	-1.841335	 0.275171	 0.632461	-2.616462	-0.900629	 1.411305
-1.388454	-3.355516	-0.394799	-0.027579	-2.891323	-0.487147	-1.833981	 0.276890	 0.635789	-2.604276	-0.897038	 1.431136
-1.382900	-3.342094	-0.455475	-0.480258	-2.942233	-0.487147	-1.826651	 0.277749	 0.636175	-2.592999	-0.893455	 0.938149
-1.377368	-3.328726	-0.484781	-0.704732	-2.961702	-0.487147	-1.819347	 0.278179	 0.635095	-2.582197	-0.889884	 0.691656
-1.371859	-3.315411	-0.498406	-0.315110	-2.965474	-0.487147	-1.812071	 0.278394	 0.633286	-3.071653	-0.886326	 0.568409
-1.366371	-3.302149	-0.504194	-0.120299	-2.961422	-0.487147	-1.804824	 0.278502	 0.631119	-3.309259	-0.882781	 0.506786
-1.360906	-3.288940	-0.006068	-0.022894	-2.453481	-0.487147	-1.797605	 0.278555	 0.628778	-3.420968	-0.879251	 0.475974
-1.355462	-3.275785	 0.242995	 0.025809	-2.195619	-0.487147	-1.790415	 0.278582	 0.626354	-3.469757	-0.875734	 0.460568
-1.350040	-3.262682	 0.367526	 0.050160	-2.062813	-0.487147	-1.783253	 0.278596	 0.123895	-2.987115	-0.872231	 0.452865
-1.344640	-3.249631	 0.429792	 0.062336	-1.992550	-0.487147	-1.776120	 0.278602	-0.127335	-2.740784	-0.868742	 0.449014
-1.339262	-3.236632	 0.460925	 0.068423	-2.453574	-0.487147	-1.769016	 0.278606	-0.252950	-2.612630	-0.865267	 0.447088
-1.333905	-3.223686	 0.476491	 0.071467	-2.678256	-0.487147	-1.761940	 0.278607	-0.315757	-2.543585	-0.861806	 0.446125
-1.328569	-3.210791	 0.484274	 0.072989	-2.784792	-0.487147	-1.754892	 0.278608	-0.347161	-2.504112	-0.858359	 0.445644
-1.323255	-3.197948	-0.011834	-0.426250	-2.332277	-0.487147	-1.747872	 0.278609	 0.137137	-2.479447	-0.854925	 0.445403
-1.317962	-3.185156	-0.258873	-0.674018	-2.102260	-0.487147	-1.740881	 0.278609	 0.378043	-2.462205	-0.851506	 0.445283
-1.312690	-3.172415	 0.118620	-0.296059	-2.483507	-0.487147	-1.733917	 0.278609	 0.497258	-2.448694	-0.848100	 0.445223
-1.307439	-3.159726	 0.307366	-0.107079	-2.668401	-0.487147	-1.726982	 0.278609	 0.555633	-2.437068	-0.844707	 0.445193
-1.302209	-4.147087	-0.098260	-0.012589	-2.255141	-0.487147	-1.720074	 0.278609	 0.583592	-2.426404	-0.841328	 0.445178
-1.297000	-4.630499	-0.300066	 0.034655	-2.044828	-0.487147	-1.713193	 0.278609	 0.596349	-2.416241	-0.837963	 0.445170
-1.291812	-3.861977	-0.399965	-0.441722	-1.936002	-0.487147	-1.706341	 0.278609	 0.601509	-2.406347	-0.834611	 0.445166
-1.286645	-3.471529	-0.449915	-0.678075	-1.877935	-0.487147	-1.699515	 0.278609	 0.602876	-2.396607	-0.831273	 0.445164
-1.281499	-3.270143	-0.474889	-0.794422	-1.845261	-0.487147	-1.692717	 0.278609	 0.602351	-2.386963	-0.827948	 0.445163
-1.276373	-3.163312	-0.487377	-0.350774	-1.825299	-0.487147	-1.685946	 0.278609	 0.600884	-2.377387	-0.824636	 0.945163
-1.271267	-3.103784	-0.493620	-0.128950	-1.811708	-0.487147	-1.679202	 0.278609	 0.598952	-2.367863	-0.821337	 1.192272
-1.266182	-3.067931	-0.496742	-0.018038	-2.301316	-0.487147	-1.672486	 0.278609	 0.596792	-2.358385	-0.818052	 0.812948
-1.261117	-3.043941	-0.498303	 0.037418	-2.540538	-0.487147	-1.665796	 0.278609	 0.594523	-2.348947	-0.814780	 0.623286
-0.756073	-3.025905	-0.499084	-0.434854	-2.654589	-0.487147	-1.659133	 0.278609	 0.092204	-2.839550	-0.811521	 0.528455
-0.503551	-3.010872	-0.499474	-0.669176	-2.706078	-0.487147	-1.652496	 0.278609	-0.158956	-3.078191	-0.808275	 0.481040
-0.877289	-3.497364	-0.499669	-0.284530	-2.226307	-0.487147	-1.645886	 0.278609	 0.215465	-3.190878	-0.805042	 0.457332
-1.061657	-3.732642	-0.499767	-0.092207	-1.982929	-0.487147	-1.639302	 0.278609	 0.401495	-3.240614	-0.801821	 0.445478
-1.151349	-3.842345	-0.499815	 0.003955	-1.857760	-0.487147	-1.632745	 0.278609	 0.493335	-3.258901	-0.798614	 0.439551
-1.193712	-3.389293	 0.000160	-0.447965	-1.791711	-0.487147	-1.626214	 0.278609	 0.038085	-3.261491	-0.795420	 0.436588
-1.212422	-3.156894	 0.249148	-0.672125	-1.755235	-0.487147	-1.619709	 0.278609	-0.189540	-3.256257	-0.792238	 0.435106
-1.219315	-3.034846	 0.373642	-0.282412	-1.733559	-0.487147	-1.613231	 0.278609	 0.196647	-2.747138	-0.789069	 0.434365
-1.220308	-2.967996	 0.435888	-0.087556	-1.719298	-0.487147	-1.606778	 0.278609	 0.388575	-2.488103	-0.785913	 0.433995
-1.218363	-2.928769	 0.467012	 0.009873	-1.708757	-0.487147	-1.600351	 0.278609	 0.483378	-2.354127	-0.782769	 0.433810
-1.214957	-2.903376	 0.482574	 0.058587	-1.700090	-0.487147	-1.593949	 0.278609	 0.529623	-2.282699	-0.779638	 0.433717
-1.210831	-2.884924	 0.490354	 0.082944	-1.692374	-0.487147	-1.087573	 0.278609	 0.551594	-2.242562	-0.776520	 0.433671
-1.206355	-2.869965	 0.494245	 0.095122	-1.685146	-0.487147	-0.833223	 0.278609	 0.561432	-2.218089	-0.773413	 0.433647
-1.201713	-2.856775	 0.496190	 0.101211	-1.678177	-0.487147	-0.704890	 0.278609	 0.565209	-2.201465	-0.770320	 0.433636
-1.196998	-2.844493	 0.497163	-0.395744	-1.671350	-0.487147	-1.139571	 0.778609	 0.565959	-2.188784	-0.767238	 0.933630
-1.192256	-2.832688	 0.497649	-0.642436	-1.664607	-0.487147	-1.353762	 1.026052	 0.565201	-2.178091	-0.764170	 1.180760
-0.687510	-2.321143	 0.497892	 0.235996	-0.657920	 0.012853	-0.457722	 1.147226	 1.063693	-1.168409	-0.261113	 1.301469
-0.435136	-2.061752	 0.498014	 0.672983	-0.154576	 0.261828	-0.009702	 1.205277	 1.309815	-0.663569	-0.009585	 1.358979
-0.308950	-1.428451	 0.998075	 0.889257	 2.097095	 0.385293	 2.714308	 1.731775	 1.929764	 4.588852	 1.616180	 1.884901
-0.245857	-1.110211	 1.245109	 0.995183	 3.214234	 0.446009	 4.065436	 1.990508	 2.234639	 7.195379	 2.422578	 2.143041
 1.285690	 4.050493	 1.365641	 1.545943	 5.764140	 0.475353	 5.730167	 2.115376	 1.881997	 10.979039	 2.819319	 1.767308
 2.045829	 6.612423	 1.422935	 1.817130	 7.022465	 0.489015	 6.547743	 2.173329	 1.702618	 12.841344	 3.011257	 1.576659
 2.420286	 7.875039	 1.448622	 1.948547	 7.635066	 0.494841	 6.941800	 2.197843	 1.609881	 13.743089	 3.100820	 1.478562
 5.101926	 13.988072	 1.458517	 2.010095	 10.424871	 0.496753	 8.624157	 2.205656	 0.560479	 18.164672	 4.139221	-0.073247
 6.427178	 17.004386	 1.460527	 2.036726	 11.793345	 0.497709	 9.444722	 2.205135	 0.035778	 20.330291	 4.648066	-0.845902
 8.074299	 21.972502	 0.958607	 2.045915	 14.451258	 0.498187	 11.334475	 1.700465	-0.726573	 23.868108	 5.892175	-2.228992
 8.878417	 24.402678	 0.707647	 2.046399	 15.745996	 0.498426	 12.252902	 1.445739	-1.104770	 25.582205	 6.499957	-2.913313
 9.761111	 27.564101	 0.582168	 2.042548	 17.359283	 0.498545	 13.185773	 1.315994	-1.790903	 27.384661	 6.789632	-3.248278
 10.181170	 29.083361	 0.519428	 2.036544	 18.127982	 0.498605	 13.623972	 1.248749	-2.129015	 28.227515	 6.920311	-3.408594
 10.869998	 31.281786	 0.488058	 2.029482	 18.474538	 0.998635	 13.814946	 1.712763	-2.293137	 29.590801	 6.971549	-3.481614
 11.191294	 32.314038	 0.472373	 2.021906	 18.610174	 1.245652	 13.882422	 1.940417	-2.370284	 30.210536	 6.983122	-3.511015
 11.328916	 32.763472	 0.464530	 2.014089	 18.640500	 1.366176	 13.888260	 2.049907	-2.403962	 30.458743	 6.974919	-3.518635
 11.374795	 33.921763	 0.460609	 4.006168	 23.618322	 1.423464	 14.363391	 2.600334	-2.415926	 30.521432	 6.956884	-3.515392
 11.374892	 34.430748	 0.458648	 4.990211	 26.050040	 1.449147	 14.571279	 2.869246	-2.417052	 30.491609	 6.933989	-3.506747
 12.352191	 43.115361	 2.457668	 2.970284	 22.708936	 1.459039	 14.145665	 1.997425	-2.412779	 29.915774	 6.908719	-3.495428
 12.814182	 47.442259	 3.448264	 1.958420	 20.999648	 1.461047	 13.905418	 1.559264	-2.405825	 29.569176	 6.882318	-3.482800
 12.018625	 41.090360	 1.934685	 1.950595	 20.606423	 1.459124	 14.257964	 1.337941	-2.397551	 29.837432	 7.355405	-3.469546
 11.598400	 37.844934	 1.177895	 1.942796	 20.369385	 1.455249	 14.405016	 1.225046	-2.388635	 29.911349	 7.576292	-3.456006
 11.365931	 36.153022	 0.799500	 1.935027	 20.210600	 1.450408	 14.449438	 1.166375	-2.379417	 29.388337	 7.171140	-3.442351
 11.227430	 35.238143	 0.610303	 1.927288	 20.091105	 1.445097	 14.442661	 1.134823	-2.370068	 29.069100	 6.955033	-3.428666
 11.136002	 34.712058	 0.515704	 1.919580	 19.991414	 1.439562	 14.410401	 1.116841	-2.360672	 28.851982	 6.833501	-3.414994
 10.568198	 33.880643	 0.468405	 1.911902	 19.401785	 1.433926	 13.865514	 1.105652	-2.351272	 28.686153	 6.759312	-3.401355
 10.264296	 33.398837	 0.444755	 1.904254	 19.069346	 1.428252	 13.566430	 1.097869	-2.341888	 28.546198	 6.708847	-3.387760
 10.592424	 33.092100	 0.432930	 1.896637	 18.865653	 1.422569	 13.390353	 1.091797	-2.332531	 28.419408	 6.670297	-3.374215
 10.734647	 32.873161	 0.427018	 1.889051	 18.726482	 1.416894	 13.275886	 1.086590	-2.323206	 28.299428	 6.637759	-3.360720
 10.284004	 32.698383	 0.424062	 1.881494	 18.619722	 1.411234	 13.192330	 1.081823	-2.313916	 28.183079	 6.608280	-3.347279
 10.039016	 32.545947	 0.422583	 1.873968	 18.529317	 1.405593	 13.124334	 1.077286	-2.304661	 28.068771	 6.580382	-3.333890
 10.396934	 32.404941	 0.421844	 1.866473	 18.447236	 1.399973	 13.064224	 1.572872	-2.295443	 27.955708	 6.553329	-3.320555
 10.554384	 32.269911	 0.421475	 1.859007	 18.369465	 1.394374	 13.008160	 1.816528	-2.286262	 27.843491	 6.526749	-3.307273
 10.611685	 32.138126	 0.421290	 1.851571	 18.293996	 1.388797	 12.954224	 1.934236	-2.277117	 27.731920	 6.500459	-3.294044
 10.618997	 32.008221	 0.421198	 1.344164	 18.219825	 1.383242	 12.901456	 1.488985	-1.768009	 27.620894	 6.474366	-3.280868
 10.601401	 31.879512	 0.421152	 1.088788	 18.146448	 1.377709	 12.849374	 1.264273	-1.510937	 27.510361	 6.448423	-3.267744
 10.571435	 31.751655	 0.421128	 1.459433	 18.073613	 1.372198	 12.797738	 1.149838	-1.879893	 27.400295	 6.422606	-3.254673
 10.535369	 31.624480	 0.421117	 1.641095	 18.001194	 1.366710	 12.746429	 1.090549	-2.059873	 27.290682	 6.396904	-3.241655
 9.996338	 31.497897	 0.421111	 1.728281	 17.929127	 1.361243	 12.695383	 1.058842	-2.145384	 26.681513	 6.371311	-3.228688
 9.707907	 31.371863	 0.421108	 1.768242	 17.857380	 1.355798	 12.644572	 1.040935	-2.183677	 26.324783	 6.345823	-3.215773
 9.544853	 30.746355	 0.421107	 1.784607	 17.785935	 1.350375	 12.593979	 1.029935	-2.198380	 26.594483	 6.320438	-3.202910
 9.444563	 30.373359	 0.421106	 1.789187	 17.714783	 1.344973	 12.543596	 1.022397	-2.201305	 26.675604	 6.295156	-3.190099
 9.375729	 30.626860	 0.421106	 1.787890	 17.643920	 1.339593	 12.493417	 0.516598	-2.198360	 26.662651	 6.269975	-3.177338
 9.322698	 30.691850	 0.421106	 1.783668	 17.573343	 1.334235	 12.443442	 0.263699	-2.192496	 26.602876	 6.244894	-3.164629
 9.277643	 30.662831	 0.421105	 1.777998	 17.503048	 1.328898	 12.393667	 0.137249	-2.185191	 26.519901	 6.219915	-3.151970
 9.236651	 30.087054	 0.421105	 1.771619	 17.433035	 1.323582	 12.344092	 0.574025	-2.177182	 25.925541	 6.195035	-2.639363
 9.197763	 29.740143	 0.421105	 1.764898	 17.363303	 1.318288	 12.294716	 0.790391	-2.168840	 25.577698	 6.170255	-2.378805
 9.160002	 30.007901	 0.421105	 1.758022	 17.293850	 1.313015	 12.245537	 0.896560	-2.160348	 25.353317	 6.145574	-2.744290
 9.122876	 30.081229	 0.421105	 1.751081	 17.224674	 1.307763	 12.196554	 0.947639	-2.151798	 25.190868	 6.120992	-2.920813
 9.086142	 29.557584	 0.421105	 1.744123	 17.155776	 1.302532	 12.147768	 0.971182	-2.143236	 25.059587	 6.096508	-3.002879
 9.049676	 29.237693	 0.421105	 1.737169	 17.087152	 1.297322	 12.099177	 0.980963	-2.134686	 24.944090	 6.072122	-3.037743
 9.013417	 29.519912	 0.421105	 1.730232	 17.018804	 1.292132	 12.550780	 0.983873	-2.126159	 25.836684	 6.047833	-3.049029
 8.977333	 29.601418	 0.421105	 1.723317	 16.950729	 1.286964	 12.750577	 0.983354	-2.117660	 26.229523	 6.023642	-3.048552
 8.941408	 29.582804	 0.421105	 1.716426	 16.882926	 1.281816	 12.824575	 0.981129	-2.109192	 26.372697	 5.999547	-3.042217
 9.405635	 30.514369	 0.421105	 1.709562	 16.815394	 0.776689	 12.335777	 0.978058	-2.100757	 24.891253	 5.475549	-2.532978
 9.618009	 30.917260	 0.421105	 1.702724	 16.748132	 0.524125	 12.067683	 0.974573	-2.092355	 24.103711	 5.203647	-2.274311
 9.204535	 27.556065	 0.421105	 1.695914	 15.681140	 0.397843	 10.410038	 0.970888	-1.583986	 20.663308	 4.557832	-1.140946
 8.980216	 25.827078	 0.421105	 1.689130	 15.118415	 0.334702	 9.563710	 0.967111	-1.327650	 18.908660	 4.227101	-0.574264
 7.350545	 20.414388	 0.421105	 1.182374	 11.807942	 0.803132	 7.123111	 0.963296	-0.697339	 14.497029	 3.553942	 0.709077
 6.524267	 17.678040	 0.421105	 0.927645	 10.135710	 1.034804	 5.893447	 0.959470	-0.382184	 12.271042	 3.211602	 1.346763
 4.599732	 11.779982	 0.921105	 0.798934	 6.782667	 1.148106	 4.269287	 0.955645	 0.775394	 5.137958	 1.534693	 1.661637
 3.632115	 8.819190	 1.168263	 0.733238	 5.099286	 1.202235	 3.451917	 0.951829	 1.350316	 1.575407	 0.696238	 1.815121
 3.142977	 7.327076	 1.289011	 0.699055	 4.250764	 1.226787	 3.037963	 0.948025	 1.633927	-0.201894	 0.277011	 1.887926
 0.893100	 0.069350	 0.846566	 0.180634	-0.180301	 0.736560	 0.325738	 0.444235	 0.771898	-4.086587	-0.932602	 1.420407
-0.229124	-3.545137	 0.625343	-0.078576	-2.386611	 0.491446	-1.025602	 0.192340	 0.340883	-6.012990	-1.533125	 1.184742
-1.287534	-6.338061	 0.514732	-0.208182	-3.980581	-0.131110	-2.696517	-0.433608	 0.125376	-7.460313	-1.829119	 1.065011
-1.812047	-7.716261	 0.459426	-0.272984	-4.766416	-0.440881	-3.523241	-0.744462	 0.017622	-8.166160	-1.972865	 1.003255
-2.069630	-8.887172	 0.431773	-0.305386	-5.648229	-0.594266	-3.927902	-0.897779	-0.036255	-8.501339	-2.040506	 0.970494
-2.193768	-9.452511	 0.417947	-0.321586	-6.076076	-0.669462	-4.121568	-0.972335	-0.063193	-8.651255	-2.070109	 0.952238
-2.751201	-9.715145	 0.411033	-0.329687	-6.276991	-0.705572	-4.709770	-1.007520	-0.076663	-9.208611	-2.080712	 0.941242
-3.023300	-9.826506	 0.407577	-0.333737	-6.364493	-0.722143	-4.993275	-1.023026	-0.083397	-9.467757	-2.081830	 0.933883
-3.152758	-9.862311	 0.405849	-0.335762	-6.395340	-0.728951	-5.124474	-1.028703	-0.086764	-9.577876	-2.078224	 0.928351
-2.710923	-9.360418	 0.404984	-0.836775	-6.397911	-0.730883	-4.679563	-1.029472	-0.088448	-9.613560	-2.072271	 0.923739
-2.485468	-9.091754	 0.404552	-1.084605	-6.386396	-0.730384	-4.448637	-1.027796	-0.089290	-9.612103	-2.065162	 0.919595
-2.868220	-9.439776	 0.404336	-1.205856	-6.367888	-0.728675	-4.324739	-1.024906	-0.589711	-9.592154	-2.557492	 0.915692
-3.053094	-9.594211	 0.404228	-1.263827	-6.345936	-0.726366	-4.254389	-1.021417	-0.837741	-9.563034	-2.797557	 0.911917
-2.639055	-9.651931	 0.404174	-1.290169	-6.322312	-0.723764	-4.210845	-1.017637	-0.959585	-9.529407	-2.411514	 0.908213
-2.427586	-9.661372	 0.404147	-1.300707	-6.297902	-0.721020	-4.180739	-1.013719	-1.018344	-9.493602	-2.214442	 0.904552
-2.817419	-9.646751	 0.404134	-0.803353	-6.273150	-0.718212	-4.157385	-1.509740	-0.545569	-8.956784	-2.111871	 0.900920
-3.005921	-9.620176	 0.404127	-0.554676	-6.248278	-0.715377	-4.137439	-1.753739	-0.309181	-8.671534	-2.056567	 0.897309
-3.093783	-9.587702	 0.404124	-0.430338	-6.223395	-0.712534	-4.119232	-1.871744	-0.190988	-8.512137	-2.024912	 0.893717
-3.131351	-9.552354	 0.404122	-0.368169	-6.198556	-0.709693	-4.601926	-0.926766	-0.131891	-8.415733	-2.005099	 0.890140
-3.143797	-9.515646	 0.404121	-0.337084	-6.173789	-0.706859	-4.833104	-0.454277	-0.102342	-8.350893	-1.991221	 0.886579
-3.143707	-9.478334	-0.095879	-0.821542	-6.149108	-0.704034	-4.938564	-0.218033	-0.087568	-8.301900	-1.980328	 0.883032
-3.137375	-9.440796	-0.344688	-1.061159	-6.124518	-0.701219	-4.981206	-0.099911	-0.080181	-8.260898	-1.970942	 0.879500
-3.127947	-9.403221	-0.467905	-1.178366	-6.100024	-0.698415	-4.992479	-0.540850	-0.076488	-8.223957	-1.962326	 0.875981
-3.116996	-9.365702	-0.528331	-1.234378	-6.075625	-0.695622	-4.988109	-0.759356	-0.074641	-8.189113	-1.954111	 0.872477
-3.105308	-9.328286	-0.057367	-1.259803	-6.051324	-0.692839	-4.475956	-0.866653	-0.073717	-8.155382	-1.946111	 0.868988
-3.093277	-9.290996	 0.178115	-1.269945	-6.027119	-0.690068	-4.211952	-0.918354	-0.073256	-8.122274	-1.938235	 0.865512
-3.081099	-9.253844	 0.295856	-1.272456	-6.003011	-0.687308	-4.072054	-0.942264	-0.073025	-8.089541	-1.930437	 0.862050
-3.068873	-9.716834	-0.145273	-0.771162	-5.978999	-0.684559	-4.494241	-0.952287	-0.072909	-8.057061	-1.922692	 0.858601
-3.056646	-9.927970	-0.364665	-0.520515	-5.955083	-0.681820	-4.695501	-0.955373	-0.072852	-8.024772	-1.914990	 0.855167
-3.044444	-9.513259	-0.473193	-0.895191	-5.931262	-0.679093	-4.286338	-0.955000	-0.072823	-8.492642	-1.907324	 0.851746
-3.032278	-9.287707	-0.526294	-1.079990	-5.907537	-0.676377	-4.074002	-0.952904	-0.072808	-8.708656	-1.899692	 0.848339
-3.020155	-9.156807	-0.051685	-1.169859	-5.883907	-0.673671	-3.960110	-0.949954	-0.072801	-8.298814	-1.892092	 0.844946
-3.008077	-9.073305	 0.185619	-1.212275	-5.860372	-0.670977	-3.895472	-0.946585	-0.072798	-8.078115	-1.884523	 0.841566
-2.996047	-9.513574	-0.195729	-1.230973	-5.836930	-0.668293	-3.855492	-0.943014	-0.072796	-7.952051	-1.876984	 0.838200
-2.984063	-9.713801	-0.385248	-1.237823	-5.813582	-0.665620	-3.827870	-0.939350	-0.072795	-7.873367	-1.869476	 0.834847
-2.972127	-9.794086	-0.478859	-1.238758	-5.790328	-0.662957	-3.806459	-0.935647	-0.072794	-7.818435	-1.861998	 0.831508
-2.960239	-9.314480	-0.024519	-0.736747	-5.767167	-0.660305	-3.788183	-0.931931	-0.072794	-7.775442	-1.854550	 0.828182
-2.948398	-9.057008	 0.202651	-0.485741	-5.744098	-0.657664	-3.771506	-0.928217	-0.072794	-7.738481	-1.847132	 0.824869
-2.936605	-8.910672	-0.183764	-0.360238	-5.721122	-0.655033	-3.755657	-0.424511	-0.072794	-7.704598	-1.839743	 0.821569
-2.924858	-8.819976	-0.375831	-0.297486	-5.698237	-0.652413	-3.740253	-0.172658	-0.072794	-7.672314	-1.832384	 0.818283
-2.913159	-8.257169	 0.029271	-0.266111	-5.675444	-0.649804	-3.725102	-0.546731	-0.572794	-7.640893	-1.825055	 0.815010
-2.901506	-7.960377	 0.231822	-0.250423	-5.652742	-0.647204	-3.710106	-0.731926	-0.820648	-7.609963	-1.817755	 0.811750
-2.889900	-7.796654	-0.166902	-0.742579	-5.630131	-0.644616	-3.695218	-0.822689	-0.442439	-8.079340	-1.810484	 0.808503
-2.878341	-7.699526	-0.365133	-0.986188	-5.607611	-0.642037	-3.680413	-0.866244	-0.253334	-8.296931	-1.803242	 0.805269
-2.866827	-7.635758	-0.463122	-1.105532	-5.585180	-0.639469	-3.665680	-0.886202	-0.158781	-8.388697	-1.796029	 0.802048
-2.855360	-7.588729	-0.010994	-1.162755	-5.562840	-1.136911	-3.651011	-0.394369	-0.111505	-8.417620	-1.788845	 0.798840
-2.843938	-7.550132	 0.215070	-1.188926	-5.540588	-1.382363	-3.636404	-0.148452	-0.087867	-8.415188	-1.781689	 0.795644
-2.832563	-7.515810	 0.328102	-0.699582	-5.518426	-1.001834	-3.621857	-0.025493	-0.076048	-7.897146	-1.774563	 0.792462
-2.821232	-7.483686	 0.384618	-0.454909	-5.496352	-0.810327	-3.607369	 0.035986	-0.070138	-7.623367	-1.767464	 0.789292
-2.309948	-7.952721	 0.412876	-0.332573	-5.474367	-0.713335	-3.592939	-0.433275	-0.067184	-7.471779	-1.760394	 0.786135
-2.050708	-8.170395	 0.427005	-0.271405	-5.452469	-0.663607	-3.578567	-0.666100	-0.065706	-7.381344	-1.753353	 0.782990
-2.417505	-7.762456	 0.434069	-0.740821	-5.430660	-0.637515	-3.564253	-0.280715	-0.064968	-7.321545	-1.746339	 0.779858
-2.595335	-7.543777	 0.437601	-0.973109	-5.408937	-0.623246	-3.549996	-0.088022	-0.064598	-7.277122	-1.739354	 0.776739
-2.678704	-7.919788	 0.439367	-0.586842	-5.387301	-0.614894	-3.535796	 0.008324	-0.064413	-7.240445	-1.732397	 0.773632
-2.714864	-8.091201	 0.440250	-0.393708	-5.365752	-0.609505	-3.521652	 0.056498	-0.064321	-7.207699	-1.725467	 0.770537
-2.727442	-8.160383	 0.440692	-0.297141	-5.344289	-0.605602	-3.507566	 0.080584	-0.064275	-7.176976	-1.718565	 0.767455
-2.728251	-8.678515	-0.059087	-0.748858	-5.322912	-0.602447	-3.493535	-0.407373	-0.064252	-7.147322	-1.711691	 0.764385
-2.723197	-8.919187	-0.307859	-0.972315	-5.301620	-0.599671	-3.479561	-0.649560	-0.064240	-7.118260	-1.704844	 0.761328
-2.715234	-8.521204	 0.068868	-0.581652	-5.280414	-0.597089	-3.465643	-0.768871	-0.064235	-7.089550	-1.698025	 0.758283
-2.705838	-8.305966	 0.257232	-0.386321	-5.259292	-0.594609	-3.451780	-0.826749	-0.064232	-7.061074	-1.691233	 0.755249
-2.695747	-7.682165	 0.351414	-0.288655	-5.238255	-0.592185	-3.437973	-0.353920	-0.064230	-7.032770	-1.684468	 0.752228
-2.685330	-7.356148	 0.398505	-0.239822	-5.217302	-0.589793	-3.424221	-0.117505	-0.064230	-7.004610	-1.677730	 0.749219
-2.674772	-7.179079	 0.422050	-0.715406	-5.196433	-0.587423	-3.410525	-0.499297	-0.064229	-6.976576	-1.671019	 0.746223
-2.664164	-7.076541	 0.433823	-0.950815	-5.175647	-0.585067	-3.396882	-0.688431	-0.064229	-6.948663	-1.664335	 0.743238
-2.653554	-7.011324	 0.439709	-1.066148	-5.154944	-0.582724	-3.383295	-0.781243	-0.064229	-6.920864	-1.657678	 0.740265
-2.642962	-6.964823	 0.442652	-1.121451	-5.134325	-0.580392	-3.369762	-0.325901	-0.064229	-6.893179	-1.651047	 0.737304
-2.632402	-6.927736	 0.444124	-1.146749	-5.113787	-0.578070	-3.356283	-0.098230	-0.064229	-6.865605	-1.644443	 0.734354
-2.621878	-6.895411	 0.444860	-1.157054	-5.093332	-0.575757	-3.342858	 0.015606	-0.064229	-6.838142	-1.637865	 0.731417
-2.611393	-6.865522	 0.445228	-1.159872	-5.072959	-0.573454	-3.329486	 0.072523	-0.064229	-6.810790	-1.631313	 0.728491
-2.600949	-7.336907	 0.445412	-0.658955	-5.052667	-0.571160	-3.316168	 0.100982	-0.064229	-6.783546	-1.624788	 0.725577
-2.590546	-7.556983	 0.445504	-0.408497	-5.032456	-0.568875	-3.302904	 0.115212	-0.064229	-6.756412	-1.618289	 0.722675
-2.580184	-7.151466	 0.445550	-0.783268	-5.012326	-0.566600	-3.289692	-0.377674	-0.064229	-6.729386	-1.611816	 0.719784
-2.569864	-6.935216	 0.445573	-0.968337	-4.992277	-0.564333	-3.276533	-0.622375	-0.064229	-6.702469	-1.605369	 0.716905
-2.559584	-6.813653	 0.445584	-1.058565	-4.972308	-0.562076	-3.263427	-0.742992	-0.064229	-6.675659	-1.598947	 0.714038
-2.549346	-7.239488	 0.445590	-0.601382	-4.952419	-0.559828	-3.250373	-0.301573	-0.064229	-6.648956	-1.592551	 0.711182
-2.539149	-7.437074	 0.445593	-0.372790	-4.932609	-0.557588	-3.237372	-0.080863	-0.064229	-6.622361	-1.586181	 0.708337
-2.528992	-7.020598	 0.445594	-0.258494	-4.412879	-0.555358	-3.224422	 0.029491	-0.064229	-6.595871	-1.579836	 0.705503
-2.518876	-6.799152	 0.445595	-0.201346	-4.145227	-0.553137	-3.211525	 0.084669	-0.064229	-6.569488	-1.573517	 0.702681
-2.508801	-6.675273	 0.445595	-0.172772	-4.503646	-0.550924	-3.198679	-0.387743	-0.064229	-6.543210	-1.567223	 0.699871
-2.498765	-6.600231	 0.445595	-0.158485	-4.673132	-0.548720	-3.185884	-0.622228	-0.064229	-6.517037	-1.560954	 0.697071
-1.988770	-6.549660	 0.445595	-0.151342	-4.748189	-0.546525	-3.173140	-0.237757	-0.064229	-6.490969	-1.554710	 0.694283
-1.730815	-6.511376	 0.445595	-0.147770	-4.776071	-0.544339	-3.160448	-0.045522	-0.064229	-6.465005	-1.548491	 0.691506
-1.598892	-6.479288	 0.445595	-0.145984	-4.780405	-0.542162	-3.147806	 0.050596	-0.064229	-6.439145	-1.542298	 0.688740
-2.029996	-6.450349	 0.445595	-0.145091	-4.273002	-0.539993	-3.135215	 0.098655	-0.064229	-6.413388	-1.536128	 0.685985
-2.240626	-6.423037	 0.445596	-0.144644	-4.011769	-0.537833	-3.122674	 0.122684	-0.064229	-6.387735	-1.529984	 0.683241
-2.341039	-6.396590	 0.445596	-0.144421	-4.373652	-0.535682	-3.110183	 0.134699	-0.064229	-5.862184	-1.523864	 0.680508
-2.386362	-6.370626	 0.445596	-0.144310	-4.545122	-0.533539	-3.097742	 0.140706	-0.064229	-5.588735	-1.517768	 0.677786
-2.404161	-6.344954	 0.445596	-0.144254	-4.621424	-0.531405	-3.085351	 0.143710	-0.064229	-5.941380	-1.511697	 0.675075
-2.408216	-6.319480	 0.445596	-0.144226	-4.650179	-0.529279	-3.073010	 0.145212	-0.064229	-6.105115	-1.505651	 0.672374
-2.405419	-6.294155	 0.445596	-0.144212	-4.155199	-0.527162	-3.060718	-0.354037	-0.064229	-6.174444	-1.499628	 1.169685
-2.399215	-6.268955	 0.445596	-0.144205	-3.900389	-0.525054	-3.048475	-0.601955	-0.064229	-6.196621	-1.493629	 1.415006
-2.391327	-6.243867	 0.445596	-0.144202	-3.765692	-0.522953	-3.036281	-0.724215	-0.064229	-6.195272	-1.487655	 1.534346
-2.382617	-6.218886	 0.445596	-0.144200	-3.691082	-0.520862	-3.024136	-0.283651	-0.064229	-5.682210	-1.481704	 1.090709
-2.373513	-6.194007	 0.445596	-0.144199	-3.646544	-0.518778	-3.012040	-0.063370	-0.064229	-5.415340	-1.475777	 0.867596
-2.364233	-6.169230	 0.445596	-0.144198	-4.117071	-0.516703	-2.999991	 0.046771	-0.064229	-5.771609	-1.469874	 0.754751
-2.354883	-6.144552	 0.445596	-0.144198	-4.343159	-0.514636	-2.987991	 0.101842	-0.064229	-5.937487	-1.463995	 0.697044
-2.345517	-6.119974	 0.445596	-0.144198	-4.447065	-0.512578	-3.476039	-0.370623	-0.064229	-6.008220	-1.458139	 0.666912
-2.336161	-6.095493	 0.445596	-0.144198	-4.489916	-0.510527	-3.712135	-0.605169	-0.064229	-6.031428	-1.452306	 0.650573
-2.326830	-6.071111	-0.054404	-0.144198	-4.502276	-0.508485	-3.322287	-0.720763	-0.064229	-6.030923	-1.446497	 0.641134
-2.317529	-6.046827	-0.303296	-0.144198	-4.499427	-0.506451	-3.121498	-0.776887	-0.064229	-6.018610	-1.440711	 0.635152
-2.308263	-6.022640	-0.426637	-0.144198	-4.489009	-0.504426	-3.015262	-0.803283	-0.064229	-6.000440	-1.434948	 0.630902
-2.299031	-5.998549	 0.012792	-0.144198	-3.974843	-0.502408	-2.956326	-0.314822	 0.435771	-5.979391	-1.429208	 0.627524
-2.289836	-5.974555	 0.232507	-0.144198	-3.710838	-0.500398	-2.921063	-0.070591	 0.683900	-5.956950	-1.423492	 0.624587
-2.280677	-5.950657	 0.342364	-0.144198	-4.071942	-0.499393	-2.897660	 0.051524	 0.306100	-5.933860	-1.417798	 0.621875
-2.271554	-5.926854	 0.397293	-0.144198	-4.243628	-0.498891	-2.880210	 0.112582	 0.117200	-5.910494	-1.412126	 0.619281
-2.262468	-5.903147	 0.424757	-0.144198	-3.820641	-0.498640	-2.865759	 0.143111	 0.522750	-5.387036	-1.406478	 0.616750
-2.253419	-5.879534	 0.438490	-0.144198	-3.602352	-0.498514	-2.852831	 0.158375	 0.723668	-5.115580	-1.400852	 0.614256
-2.244405	-5.856016	 0.445356	-0.144198	-3.986439	-0.498451	-2.840688	-0.333993	 0.322278	-4.970164	-1.395249	 0.611786
-2.235427	-5.832592	 0.448789	-0.144198	-4.169741	-0.498420	-2.828959	-0.578524	 0.121583	-4.887807	-1.389668	 0.609332
-2.226486	-5.809261	 0.450505	-0.144198	-4.252687	-0.498404	-2.817460	-0.699143	 0.021236	-4.837017	-1.384109	 0.606891
-2.217580	-5.786024	 0.451364	-0.144198	-4.285488	-0.498396	-2.806098	-0.257814	 0.471062	-5.302050	-1.378573	 0.604462
-2.208709	-5.762880	 0.451793	-0.144198	-4.293252	-0.498393	-2.794828	-0.037149	 0.694134	-5.523032	-1.373058	 0.602044
-2.199874	-5.739829	 0.452007	-0.644198	-4.288532	-0.498391	-2.283626	 0.073184	 0.803835	-5.622035	-1.367566	 0.599635
-2.191075	-5.716869	 0.452115	-0.891910	-4.277605	-0.498390	-2.024480	 0.128350	 0.856858	-5.660094	-1.362096	 0.597236
-2.182311	-5.694002	 0.452168	-0.513486	-3.763607	-0.498389	-2.391376	 0.155933	 0.881550	-5.667728	-1.356647	 0.594847
-2.173581	-5.671226	 0.452195	-0.324274	-3.500110	-0.498389	-2.569308	 0.169725	 0.892084	-5.660194	-1.351221	 0.592468
-2.164887	-5.648541	 0.452208	-0.229669	-3.861887	-0.498389	-2.652779	 0.176620	 0.895545	-5.645121	-1.345816	 0.590098
-2.156228	-5.625947	 0.452215	-0.182366	-4.034329	-0.498389	-2.689043	 0.180068	 0.895478	-5.626325	-1.340433	 0.587737
-2.147603	-5.603443	 0.452218	-0.158714	-4.112136	-0.498389	-2.701723	 0.181792	 0.893654	-5.605712	-1.335071	 0.585386
-2.139012	-5.581029	 0.452220	-0.146888	-4.142660	-0.498389	-2.702635	-0.317346	 0.890958	-5.584235	-1.329731	 0.583045
-2.130456	-5.558705	 0.452221	-0.140976	-4.149576	-0.498389	-2.697684	-0.565282	 0.887833	-5.562371	-1.324412	 0.580713
-2.121934	-5.536470	 0.452221	-0.138019	-4.144720	-0.498389	-2.689823	-0.187623	 0.884502	-5.540358	-1.319114	 0.578390
-2.113447	-5.514324	 0.452222	-0.136541	-4.134013	-0.498389	-2.680528	 0.001206	 0.881074	-5.518315	-1.313838	 0.576076
-2.104993	-5.492267	 0.452222	-0.135802	-4.120413	-0.498389	-2.670539	 0.095620	 0.877604	-5.996301	-1.308582	 0.573772
-2.096573	-5.470298	 0.452222	-0.135432	-4.105399	-0.498389	-2.660223	 0.142828	 0.874121	-6.222345	-1.303348	 0.571477
-2.088187	-5.448417	-0.047778	-0.135248	-3.589711	-0.498389	-2.649765	 0.166431	 0.870638	-5.822471	-1.298135	 0.569191
-2.079834	-5.426623	-0.296683	-0.135155	-3.325719	-0.498389	-2.639257	 0.178233	 0.867163	-5.611688	-1.292942	 0.566914
-2.071514	-5.404917	-0.420044	-0.135109	-3.187600	-0.498389	-2.628746	 0.184134	 0.863698	-5.495495	-1.287770	 0.564647
-2.063228	-5.383297	 0.019363	-0.135086	-3.612441	-0.498389	-2.618254	 0.187085	 0.860244	-5.426640	-1.282619	 0.562388
-2.054976	-5.361764	 0.239066	-0.135074	-3.816787	-0.498389	-2.607792	 0.188560	 0.856804	-5.381497	-1.277489	 0.560138
-1.546756	-5.340317	 0.348917	-0.135069	-3.410918	-0.498389	-3.097367	 0.189297	 0.853378	-4.848253	-1.272379	 0.557898
-1.290569	-5.318956	 0.403843	-0.135066	-3.201974	-0.498389	-3.334980	 0.189666	 0.849964	-4.573001	-1.267289	 0.555666
-1.660406	-5.297680	 0.431306	-0.135064	-3.591515	-0.498389	-2.946642	 0.189851	 0.846565	-4.926779	-1.262220	 0.553444
-1.841265	-5.276489	 0.445037	-0.135063	-3.778324	-0.498389	-2.747356	 0.189943	 0.843178	-5.093107	-1.257171	 0.551230
-1.927650	-5.255383	 0.451903	-0.135063	-3.863798	-0.498389	-2.642617	 0.189989	 0.339806	-5.165752	-1.252142	 0.549025
-1.966814	-5.234362	 0.455336	-0.135063	-3.898636	-0.498389	-2.585172	 0.190012	 0.088119	-5.191598	-1.247134	 0.546829
-1.982384	-5.213424	 0.457052	-0.135063	-3.908189	-0.498389	-2.551394	 0.190023	-0.037724	-5.194086	-1.242145	 0.544642
-1.986173	-5.192570	 0.457911	-0.635063	-3.405129	-0.498389	-2.529469	 0.190029	-0.100645	-4.684937	-1.237177	 0.542463
-1.984088	-5.171800	 0.458340	-0.882793	-3.147796	-0.498389	-2.513492	 0.190032	-0.132106	-4.422011	-1.232228	 0.540293
-1.979082	-5.151113	 0.458554	-0.504397	-3.513348	-0.498389	-2.500508	 0.190034	 0.352163	-4.282230	-1.227299	 0.538132
-1.972630	-5.130508	 0.458662	-0.315198	-3.688366	-0.498389	-2.489042	 0.190034	 0.592625	-4.204054	-1.222390	 0.535979
-1.965472	-5.609986	 0.458715	-0.220599	-3.268148	-0.498389	-2.478353	 0.190035	 0.711190	-4.156714	-1.217500	 0.533836
-1.957976	-5.837547	 0.458742	-0.173300	-3.052344	-0.498389	-2.468073	 0.190035	 0.768813	-4.124826	-1.212630	 0.531700
-1.450327	-5.439196	-0.041245	-0.149650	-3.438768	-0.498389	-2.458018	 0.190035	 0.795972	-4.600696	-1.207780	 0.529573
-1.194618	-5.229940	-0.290155	-0.137825	-3.624330	-0.498389	-2.448094	 0.190035	 0.807905	-4.828478	-1.202949	 0.527455
-1.064885	-5.115270	-0.413533	-0.131913	-3.709491	-0.498389	-2.438256	 0.190035	 0.812231	-4.932256	-1.198137	 0.525345
-1.498148	-5.047934	-0.474147	-0.128957	-3.744483	-0.498389	-2.428480	 0.190035	 0.812762	-4.974073	-1.193344	 0.523244
-1.710917	-5.004304	-0.503385	-0.127479	-3.754419	-0.498389	-2.418755	 0.190035	 0.811400	-4.984950	-1.188571	 0.521151
-1.813454	-4.972568	-0.016939	-0.126739	-3.251859	-0.498389	-2.409074	 0.190035	 0.809099	-4.480397	-1.183817	 0.519066
-1.860891	-4.946819	 0.226284	-0.126370	-2.995080	-0.498389	-2.399435	 0.190035	 0.806335	-4.220168	-1.179082	 0.516990
-1.880792	-4.924102	 0.347896	-0.126185	-2.861214	-0.498389	-2.389836	 0.190035	 0.803346	-4.582134	-1.174365	 0.514922
-1.886942	-4.902941	 0.408701	-0.126093	-2.788826	-0.498389	-2.380276	 0.190035	 0.800251	-4.753229	-1.169668	 0.512862
-1.886230	-4.882596	-0.060896	-0.126047	-2.747200	-0.498389	-2.370754	 0.190035	 0.797109	-4.328928	-1.164989	 0.510811
-1.882104	-4.862700	-0.294633	-0.126023	-2.720975	-0.498389	-2.361271	 0.190035	 0.793950	-4.108968	-1.160329	 0.508768
-1.876284	-4.843066	-0.410445	-0.126012	-2.702473	-0.498389	-2.351826	 0.190035	 0.790789	-3.991210	-1.155688	 0.506733
-1.869634	-4.823602	 0.032701	-0.626006	-3.187855	-0.498389	-2.342419	-0.309965	 0.787633	-4.424584	-1.151065	 0.504706
-1.862582	-4.804262	 0.254274	-0.873751	-3.423199	-0.498389	-2.333049	-0.558345	 0.784487	-4.631555	-1.146461	 0.502687
-1.855346	-4.785022	 0.365061	-0.495381	-3.033554	-0.498389	-2.323717	-0.180922	 0.781350	-4.725364	-1.141875	 1.000676
-1.848031	-4.765870	 0.420454	-0.306196	-2.833443	-0.498389	-2.314422	 0.007790	 0.778226	-4.762630	-1.137307	 1.246673
-1.840692	-5.746801	-0.051849	-0.211603	-2.728122	-0.498389	-2.305164	 0.102146	 0.775114	-4.771663	-1.132758	 0.866687
-1.833356	-6.223811	-0.286952	-0.164307	-2.670215	-0.498389	-2.295943	 0.149324	 0.772013	-4.766618	-1.128227	 0.676693
-1.826036	-5.448915	-0.403460	-0.140659	-2.636037	-0.498389	-2.286760	-0.327087	 0.768925	-4.754572	-1.123714	 0.581697
-1.818739	-5.052118	-0.460674	-0.128834	-2.613745	-0.498389	-2.277613	-0.563686	 0.765850	-4.739065	-1.119219	 0.534198
-1.811467	-4.844409	-0.488245	-0.122922	-2.597415	-0.498389	-2.268502	-0.680384	 0.762786	-4.721864	-1.114743	 0.510449
-1.304223	-4.731282	-0.000999	-0.619966	-3.084089	-0.498389	-2.259428	-0.237140	 0.759735	-4.703854	-1.110284	 0.998575
-1.049007	-4.665481	 0.242624	-0.866254	-3.320284	-0.498389	-2.250390	-0.015517	 0.756696	-4.685477	-1.105842	 1.239664
-1.419811	-4.623382	 0.364436	-0.487173	-2.931268	-0.498389	-2.241389	-0.404706	 0.753669	-4.666955	-1.101419	 0.857247
-1.601632	-4.593170	 0.425341	-0.297633	-2.731676	-0.498389	-2.232423	-0.597713	 0.750655	-4.648397	-1.097013	 0.666039
-2.188976	-4.568937	 0.455794	-0.202862	-2.626816	-0.498389	-2.223494	-0.192634	 0.747652	-4.629858	-1.092625	 0.570434
-2.477095	-4.547732	 0.471021	-0.155477	-2.569342	-0.498389	-2.214600	 0.009905	 0.744662	-4.611366	-1.088255	 0.522632
-2.115624	-4.528076	-0.021366	-0.131785	-3.035581	-0.498389	-2.205741	-0.388826	 0.741683	-4.592934	-1.083902	 0.498731
-1.931380	-4.509232	-0.266532	-0.119938	-3.261697	-0.498389	-2.196918	-0.586616	 0.738716	-4.574569	-1.079566	 0.486781
-1.835764	-4.490828	 0.111909	-0.114015	-3.367779	-0.498389	-1.688131	-0.683942	 0.735761	-4.556274	-1.075248	 0.480805
-1.784476	-4.472682	 0.301129	-0.111054	-3.413873	-0.498389	-1.431378	-0.231043	 0.732818	-4.038051	-1.070947	 0.477818
-1.755365	-4.454700	 0.395739	-0.109573	-3.430000	-0.498389	-1.300653	-0.004593	 0.729887	-3.771900	-1.066663	 0.476324
-1.237358	-4.436835	-0.056956	-0.108833	-2.931171	-0.498389	-1.732950	 0.108632	 0.726967	-3.631812	-1.062396	 0.475577
-0.976915	-4.419065	-0.282284	-0.108462	-2.676892	-0.498389	-1.944768	 0.165244	 0.724060	-3.554785	-1.058147	 0.475204
-1.345261	-4.401377	-0.393933	-0.108277	-2.544907	-0.498389	-2.046364	-0.306450	 0.721163	-3.509316	-1.053914	 0.475017
-1.526006	-4.383766	-0.448746	-0.108185	-2.474089	-0.498389	-2.092866	-0.540740	 0.718279	-3.479654	-1.049699	 0.474924
-1.612966	-4.366228	-0.475146	-0.108138	-2.433873	-0.498389	-2.111838	-0.156335	 0.215406	-3.957923	-1.045500	 0.974877
-1.653046	-4.348762	-0.487342	-0.108115	-2.408978	-0.498389	-2.117063	 0.035867	-0.036031	-4.188185	-1.041318	 1.221904
-1.669699	-4.331366	-0.493441	-0.108104	-2.391762	-0.498389	-2.115431	 0.131968	 0.338251	-4.294479	-1.037153	 0.842480
-1.674653	-4.314040	-0.496490	-0.108098	-2.378405	-0.498389	-2.110387	 0.180019	 0.523967	-4.338825	-1.033004	 0.652767
-1.673771	-4.296784	-0.498015	-0.108095	-2.366996	-0.498389	-2.103654	 0.204044	 0.615405	-4.352231	-1.028872	 0.557911
-1.669984	-4.279597	 0.001223	-0.108094	-2.356581	-0.498389	-2.096094	-0.283943	 0.659711	-4.350203	-1.024756	 0.510483
-1.664758	-4.262478	 0.249841	-0.108093	-2.346681	-0.498389	-2.088137	-0.526393	 0.680455	-4.340493	-1.020657	 0.486769
-1.658827	-4.245428	 0.374150	-0.108093	-2.337057	-0.498389	-2.079998	-0.146080	 0.689425	-4.326976	-0.516575	 0.474912
-1.652555	-4.228446	 0.436305	-0.108092	-2.327591	-0.498389	-2.071785	 0.044076	 0.692514	-4.311591	-0.264534	 0.468984
-1.646126	-4.211533	 0.467382	-0.108092	-2.318221	-0.498389	-2.063551	 0.139154	 0.192667	-3.795306	-0.638513	 0.466019
-1.639633	-4.194686	 0.482920	-0.108092	-2.308919	-0.498389	-2.055324	 0.186693	-0.057257	-3.530605	-0.823478	 0.464537
-1.633120	-4.177908	-0.009310	-0.108092	-2.299668	-0.498389	-2.047116	 0.210463	 0.317781	-3.391723	-0.413943	 0.463796
-1.626610	-4.161196	-0.254423	-0.108092	-2.290462	-0.498389	-2.038934	 0.222348	 0.503915	-3.315776	-0.209176	 0.463426
-1.620115	-4.144551	-0.376979	-0.108092	-2.281296	-0.498389	-2.030782	 0.228290	 0.595601	-3.271323	-0.106792	 0.463240
-1.613640	-4.127973	 0.061743	-0.108092	-2.272169	-0.498389	-2.022660	 0.231261	 0.640070	-3.242643	-0.555600	 0.463148
-1.607188	-4.111461	 0.280103	-0.108092	-2.263080	-0.498389	-2.014570	 0.232747	 0.660935	-3.221875	-0.777996	 0.463101
-1.600761	-4.095015	 0.389283	-0.108092	-2.254027	-0.498389	-2.006513	 0.233490	 0.670004	-3.205089	-0.887192	 0.463078
-1.594359	-4.078635	 0.443873	-0.108092	-2.245011	-0.498389	-1.998487	 0.233861	 0.673181	-3.190319	-0.939798	 0.463067
-1.587981	-4.062321	 0.471168	-0.108092	-2.736031	-0.498389	-1.490493	-0.265953	 0.673416	-3.176583	-0.464116	 0.463061
-1.581630	-4.046072	 0.484816	-0.108092	-2.975086	-0.498389	-1.234531	-0.514329	 0.672187	-3.163389	-0.226275	 0.463058
-1.575303	-4.029887	 0.491640	-0.108092	-2.588186	-0.498389	-1.604593	-0.136991	 0.670230	-3.150492	-0.607355	 0.963057
-1.569002	-4.013768	 0.495051	-0.108092	-2.390333	-0.498389	-1.785674	 0.051677	 0.667915	-3.137768	-0.795917	 1.210130
-1.562726	-3.997713	 0.496757	-0.108092	-2.287022	-0.498389	-1.872282	 0.146012	 0.665426	-3.125156	-0.888230	 1.330752
-1.556475	-3.981722	-0.002390	-0.108092	-2.730999	-0.498389	-1.911668	 0.193179	 0.662856	-3.112625	-0.932425	 0.888160
-1.550249	-3.965795	-0.250960	-0.108092	-2.946637	-0.498389	-1.927458	 0.216763	 0.660251	-3.100159	-0.952569	 0.666864
-1.544048	-3.949932	 0.124755	-0.108092	-2.548132	-0.498389	-1.931467	 0.228554	 0.657632	-3.087751	-0.960696	 0.556217
-1.537872	-3.934132	 0.311611	-0.108092	-2.344580	-0.498389	-1.929601	 0.234450	 0.655013	-3.075396	-0.962822	 0.500893
-1.531721	-3.918395	 0.405039	-0.608092	-2.238522	-0.498389	-1.924812	 0.237398	 0.652399	-3.063093	-0.961955	 0.473231
-1.525594	-3.902722	 0.451753	-0.855876	-2.181228	-0.498389	-1.918578	 0.238872	 0.649792	-3.050840	-0.959599	 0.459400
-1.519491	-4.887111	-0.024889	-0.477561	-2.148333	-0.498389	-1.911636	 0.239609	 0.647195	-3.038636	-0.956507	 0.452484
-1.513413	-5.367563	-0.262208	-0.288403	-2.127655	-0.498389	-1.904356	 0.239978	 0.644606	-3.026481	-0.953054	 0.449026
-1.507360	-5.596092	-0.380867	-0.193824	-2.113102	-0.498389	-1.896921	 0.240162	 0.642028	-3.014375	-0.949428	 0.447298
-1.501330	-4.698708	 0.059803	-0.146535	-2.101628	-0.498389	-1.889425	 0.240254	 0.639460	-3.002317	-0.945724	 0.446433
-1.495325	-4.242413	 0.279138	-0.122890	-2.091711	-0.498389	-1.881913	 0.240300	 0.636903	-2.990308	-0.941987	 0.446001
-1.489344	-4.006693	 0.388805	-0.611068	-2.082589	-0.498389	-1.874408	 0.240323	 0.634355	-2.978347	-0.938243	 0.945785
-1.483386	-3.881292	 0.443638	-0.852958	-2.073881	-0.498389	-1.866922	 0.240335	 0.631818	-2.966433	-0.934501	 1.192786
-1.477453	-3.811079	-0.028945	-0.471713	-2.065397	-0.498389	-1.859460	 0.240341	 0.629290	-3.454568	-0.930769	 0.813406
-1.471543	-3.768491	-0.264234	-0.281091	-2.057041	-0.498389	-1.852025	 0.240343	 0.626773	-3.690749	-0.927049	 0.623717
-1.465657	-3.739745	 0.118122	-0.685780	-2.048765	-0.498389	-1.344619	 0.240345	 0.624266	-4.300986	-0.923342	 0.528872
-1.459794	-3.717950	 0.308299	-0.885943	-2.040547	-0.498389	-1.089241	 0.240346	 0.621769	-4.596282	-0.919650	 0.481450
-1.453955	-3.699660	 0.403388	-0.983853	-2.032373	-0.498389	-0.959884	 0.240346	 0.619282	-4.734147	-0.915972	 0.457738
-1.448139	-3.683153	-0.049068	-0.530644	-2.024237	-0.498389	-1.393545	 0.240346	 0.116805	-3.793336	-0.912308	 0.445883
-1.442347	-3.667566	-0.274293	-0.304040	-2.016137	-0.498389	-1.606721	 0.240346	-0.134434	-3.317225	-0.908659	 0.439955
-1.436577	-3.652468	-0.386905	-0.190738	-2.008071	-0.498389	-2.209669	 0.240346	 0.239947	-3.573487	-0.905024	 0.436991
-1.430831	-3.637645	-0.443212	-0.134087	-2.000038	-0.498389	-2.505518	 0.240346	 0.425909	-3.693959	-0.901404	 0.435509
-1.425108	-3.622987	 0.028635	-0.105761	-1.992038	-0.498389	-2.147839	 0.240346	 0.517666	-3.246566	-0.897798	 0.434768
-1.419407	-3.608442	 0.263558	-0.091598	-1.984069	-0.498389	-1.965420	 0.240346	 0.562326	-3.017271	-0.894207	 0.434398
-1.413730	-3.593981	 0.381019	-0.084517	-1.976133	-0.498389	-1.870644	 0.240346	 0.583442	-2.897048	-0.890630	 0.434212
