-1.894458	-1.653829	-0.475730	-0.596160	-4.217663	-0.944808	-2.705953	-0.495647	 0.280628	-1.848904	-1.953089	-0.499850
-2.265725	-1.647214	-0.475730	-0.593776	-4.200793	-0.941034	-2.320124	-0.495647	 0.280628	-1.938188	-1.475794	-0.499850
-2.446085	-1.640625	-0.475730	-0.591401	-4.183989	-0.937273	-2.123340	-0.495647	 0.280628	-1.978775	-1.235150	-0.499850
-2.031012	-1.634062	-0.475730	-0.589035	-4.167254	-0.433525	-2.021095	 0.004353	 0.280628	-1.995030	-1.112838	-0.499850
-1.820244	-1.627526	-0.475730	-0.586679	-4.150584	-0.181651	-1.966135	 0.253344	 0.280628	-1.999135	-1.049702	-0.499850
-1.711640	-1.621016	-0.475730	-0.584332	-4.133982	-0.055715	-1.934833	 0.376835	 0.280628	-1.997181	-1.016160	-0.499850
-1.654133	-1.614532	-0.475730	-0.581995	-4.117446	-0.492746	-1.915375	-0.062420	 0.280628	-1.492213	-1.497424	-0.499850
-1.622186	-1.608074	-0.475730	-0.579667	-4.100976	-0.709402	-1.901854	-0.281044	 0.280628	-1.237755	-1.734099	-0.499850
-1.603032	-1.601642	-0.475730	-0.577348	-4.084573	-0.815878	-1.891317	-0.390357	 0.280628	-1.108559	-1.848495	-0.499850
-2.090287	-1.595235	-0.475730	-0.575039	-4.068234	-0.867272	-1.882286	-0.445013	 0.280628	-1.042003	-1.401767	-0.499850
-1.828759	-1.588854	-0.475730	-0.572739	-4.051961	-0.891131	-2.374025	 0.027659	 0.280628	-1.006773	-1.176493	-0.499850
-1.694861	-1.582499	-0.475730	-0.570448	-4.035753	-0.901231	-2.614163	 0.262995	 0.280628	-0.987216	-1.061953	-0.499850
-1.624790	-1.576169	-0.475730	-0.568166	-4.019610	-0.904458	-2.728523	 0.380662	 0.280628	-0.975502	-1.002789	-0.499850
-1.586645	-1.569864	-0.475730	-0.565893	-4.003532	-0.904256	-2.280017	-0.060504	 0.280628	-1.467717	-0.971319	-0.499850
-1.564476	-1.563585	-0.475730	-0.563630	-3.987518	-0.902347	-2.052101	-0.280084	 0.280628	-1.709905	-0.953705	-0.499850
-1.550306	-1.557330	-0.475730	-0.561375	-3.971568	-0.899592	-1.934495	-0.389873	 0.280628	-1.827094	-0.943025	-0.499850
-2.040150	-1.551101	-0.475730	-0.559130	-3.955682	-0.896420	-1.872058	-0.444768	 0.280628	-1.881801	-0.935821	-0.499850
-2.280011	-1.544896	-0.475730	-0.556893	-3.939859	-0.893048	-1.837220	-0.472216	 0.280628	-1.905281	-0.930362	-0.499850
-1.894902	-1.538717	-0.475730	-0.554666	-3.924099	-0.889583	-1.816197	 0.014060	 0.280628	-1.913163	-0.925782	-0.499850
-1.699328	-1.532562	-0.475730	-0.552447	-3.908403	-0.886078	-1.802095	 0.256198	 0.280628	-1.913263	-0.921650	-0.499850
-1.598533	-1.526432	-0.475730	-0.550237	-3.392769	-0.382560	-1.791468	 0.377267	 0.280628	-1.409485	-0.917749	-0.499850
-1.545141	-1.520326	-0.475730	-0.548036	-3.129198	-0.130801	-1.782592	 0.437801	 0.280628	-1.155785	-0.913971	-0.499850
-1.515461	-1.014245	-0.475730	-0.545844	-2.991681	-0.004922	-1.774607	 0.468068	 0.780628	-1.027131	-0.910261	-0.499850
-1.497649	-0.760188	-0.475730	-0.543661	-2.917215	 0.058018	-1.767082	 0.483202	 1.028067	-0.961007	-0.906593	-0.499850
-1.485784	-1.132147	-0.475730	-0.541486	-3.374296	 0.089488	-1.759800	-0.009231	 0.649235	-0.926156	-0.902953	-0.499850
-1.476903	-1.315118	-0.475730	-0.539320	-3.595174	 0.105223	-1.752653	-0.254445	 0.459820	-0.906947	-0.899335	-0.499850
-1.469527	-1.403608	-0.475730	-0.537163	-3.697981	 0.113090	-1.745589	-0.377051	 0.365112	-0.895567	-0.895734	-0.499850
-1.462915	-1.444868	 0.024270	-0.035014	-3.241782	 0.117024	-1.238580	 0.061645	 0.817758	-0.888109	-0.892150	 0.000150
-1.456696	-1.462527	 0.273222	 0.216060	-3.008112	 0.118991	-0.983613	 0.279993	 1.041540	-0.882619	-0.888580	 0.249150
-1.450685	-1.468395	-0.103347	-0.158403	-3.385728	-0.380026	-1.354672	-0.110833	 0.650900	-0.878119	-0.885025	-0.126350
-1.444791	-1.468381	-0.291631	-0.344568	-3.567009	-0.627776	-1.536750	-0.305243	 0.455581	-0.874122	-0.881485	-0.313097
-1.438966	-1.465437	-0.385773	-0.436590	-3.150153	-0.749900	-1.624351	-0.402448	 0.357921	-0.870383	-0.877959	-0.406470
-1.433187	-1.461040	-0.432844	-0.481543	-2.936259	-0.809218	-1.664728	-0.451050	 0.309091	-0.866781	-0.874447	-0.453157
-1.927443	-1.455928	-0.456380	-0.502967	-3.323867	-0.837140	-1.681506	-0.475352	 0.284676	-0.863253	-0.870949	-0.476500
-2.169727	-1.450471	-0.468148	-0.512630	-3.510248	-0.849371	-1.686498	-0.487502	 0.272468	-0.859770	-0.867465	-0.488172
-2.286045	-1.444852	-0.474032	-0.516417	-3.596045	-0.853763	-1.685612	-0.493577	 0.266365	-0.856316	-0.863996	-0.494007
-1.839400	-1.439164	-0.476973	-0.517270	-3.131580	-0.354243	-1.681799	 0.003385	 0.263313	-0.852883	-0.860540	-0.496925
-1.613292	-1.433453	-0.478444	-0.516660	-2.894013	-0.104483	-1.676536	 0.250865	 0.261787	-0.849467	-0.857097	-0.498384
-1.497463	-1.427743	-0.479180	-0.515323	-3.269917	 0.020397	-1.670563	 0.374606	 0.261024	-0.846068	-1.353669	-0.499114
-1.436785	-1.422043	-0.479548	-0.513627	-3.450577	 0.082837	-1.664247	 0.436476	 0.260642	-0.842682	-1.598254	-0.499478
-1.403694	-1.416361	-0.979732	-0.511755	-3.533645	 0.114057	-1.657773	 0.467411	 0.260452	-0.839311	-1.216861	-0.499661
-1.384408	-1.410698	-1.226864	-0.509799	-3.567945	 0.129667	-1.651233	 0.482878	 0.260356	-0.835954	-1.024494	-0.499752
-1.372034	-1.405057	-0.847482	-0.507805	-3.577891	 0.137472	-1.644674	-0.009388	 0.260309	-0.832610	-0.926646	-0.499798
-1.363128	-1.399437	-0.657791	-0.505797	-3.575688	 0.141375	-1.638118	-0.254518	 0.260285	-0.829279	-0.876064	-0.499820
-1.355967	-1.393840	-0.562945	-0.503785	-3.567440	 0.143326	-1.631577	-0.377083	 0.260273	-0.825962	-0.849123	-0.499832
-1.349688	-1.388265	-0.515522	-0.501776	-3.056197	 0.144302	-2.125057	 0.061635	 0.260267	-0.822658	-0.834007	-0.499837
-1.343862	-1.382712	-0.491811	-0.500771	-2.795486	 0.144790	-2.366559	 0.279993	 0.260264	-0.819368	-0.824812	-0.499840
-1.338273	-0.877181	 0.020045	-0.500269	-2.660061	 0.145033	-1.482094	 0.389172	 0.760262	-0.316090	-0.818583	 0.000158
-1.332813	-0.624415	 0.274909	-0.500018	-2.587299	 0.145155	-1.038667	 0.443762	 1.007741	-0.064451	-0.813844	 0.249157
-0.827429	 0.501967	 0.901281	 0.000108	-0.045889	 1.145216	 1.184237	 1.471056	 1.628970	 5.061368	 0.690144	 0.373657
-0.574736	 1.061902	 1.211412	 0.249170	 1.219825	 1.640956	 2.288875	 1.979707	 1.935084	 7.603903	 1.437750	 0.435906
 0.551610	 5.338626	 1.363434	 0.873702	 4.347711	 1.884553	 4.334407	 1.729056	 1.583659	 10.854878	 1.807182	-0.032969
 1.111427	 7.457757	 1.436415	 1.182971	 5.896702	 2.002095	 5.344413	 1.600773	 1.405482	 12.452154	 1.987545	-0.266403
 1.387993	 8.498169	 1.469886	 1.334621	 6.656307	 2.056627	 5.836708	 1.533687	 1.313938	 13.222693	 2.073390	-0.383120
 3.522947	 13.999297	 1.483615	 1.407473	 10.521277	 1.579670	 7.070197	 0.997211	 0.265722	 17.079976	 2.611994	-0.941478
 4.579108	 16.710861	 1.487485	 1.440939	 12.424990	 1.338986	 7.670334	 0.728972	-0.256821	 18.966743	 2.874995	-1.217658
 10.095918	 30.527798	 3.486437	 3.954723	 16.348189	 2.716448	 11.953861	 0.594853	 0.483466	 29.368419	 9.000220	 0.147240
 12.823098	 37.411106	 4.474942	 5.198678	 18.269246	 3.396991	 14.063151	 0.527794	 0.851162	 34.489717	 12.032581	 0.826665
 15.655587	 43.827701	 4.958268	 6.307770	 27.189394	 4.729107	 16.085450	 1.994264	 1.532572	 38.471144	 14.018632	 2.663365
 17.034856	 47.012437	 5.189048	 6.847482	 31.577248	 5.383043	 17.060384	 2.720578	 1.868850	 40.438297	 14.979648	 3.572715
 18.187662	 50.581339	 5.293598	 7.102564	 34.699245	 5.697937	 18.011781	 3.576841	 2.032578	 41.898406	 14.428275	 2.518426
 18.725384	 52.342417	 5.335077	 7.215390	 36.184602	 5.843358	 18.449553	 3.996106	 2.110049	 42.605088	 14.124834	 1.988353
 18.955718	 53.199676	 5.345063	 7.257146	 36.851940	 5.904092	 18.630664	 4.196908	 2.144410	 42.935150	 13.945471	 1.720400
 19.032514	 54.605120	 5.339346	 7.263427	 37.610570	 5.922528	 18.683596	 3.788513	 1.657233	 44.076995	 15.328258	 2.583519
 19.032693	 55.283948	 5.325820	 7.252027	 37.913147	 5.919865	 18.672589	 3.577556	 1.411304	 44.624024	 15.986229	 3.008185
 19.494717	 57.599565	 5.308433	 7.231847	 38.988004	 6.406699	 19.129763	 3.965344	 1.286009	 45.373740	 15.781926	 3.713652
 19.685815	 58.732470	 5.289157	 7.207333	 39.445307	 6.636329	 19.319175	 4.150532	 1.221040	 45.723696	 15.648619	 4.057548
 19.241610	 56.774120	 5.268979	 7.180710	 39.094153	 6.237412	 18.874865	 3.734454	 0.686244	 44.373871	 9.550935	 0.720692
 18.981913	 55.773085	 5.248393	 7.153091	 38.841090	 6.026276	 18.615848	 3.519779	 0.418845	 43.677099	 6.495187	-0.942503
 18.814620	 55.250796	 5.227644	 7.125030	 38.137383	 5.909078	 18.449626	 3.905831	 1.285146	 43.306940	 10.960433	 1.731111
 18.693679	 54.965904	 5.206856	 7.096806	 37.710661	 5.838895	 18.329948	 4.090273	 1.713994	 43.098115	 13.162206	 3.059108
 18.596063	 54.799807	 5.186090	 7.068557	 37.422733	 5.792267	 18.233689	 4.173945	 1.924132	 42.970050	 14.232364	 3.714333
 18.510258	 54.693201	 5.165376	 7.040351	 37.204499	 6.257461	 18.149284	 4.207265	 1.524932	 42.882460	 14.736838	 4.033206
 18.430507	 54.616435	 5.144730	 7.012224	 37.021410	 6.476613	 18.070952	 4.215444	 1.323081	 42.815203	 14.958592	 4.183938
 18.353929	 54.054683	 5.124158	 6.984193	 36.856188	 6.072797	 17.995801	 4.211087	 1.719913	 42.758205	 15.039108	 4.250635
 18.279086	 53.750531	 5.103666	 6.956265	 36.700196	 5.859551	 17.922384	 4.200494	 1.914095	 42.706430	 15.049127	 4.275349
 17.705256	 54.075273	 5.083253	 6.928444	 36.549111	 5.741636	 17.849978	 3.686819	 1.506970	 42.157360	 13.524019	 2.279106
 17.384078	 54.214273	 5.062921	 6.900732	 36.400773	 5.671431	 17.778219	 3.423634	 1.301208	 41.859455	 12.737466	 1.280984
 17.189363	 53.760497	 5.542670	 6.873130	 36.254099	 5.625126	 17.706927	 3.285721	 1.196136	 41.687226	 12.320289	 0.781923
 17.058017	 53.510203	 5.770499	 6.845638	 36.108547	 5.590815	 17.636010	 3.210469	 1.141418	 41.577705	 12.087893	 0.532393
 16.958490	 53.361743	 5.872417	 6.818256	 35.963845	 5.562547	 17.565421	 3.166573	 1.111885	 41.499633	 11.947985	 0.407628
 16.875009	 53.264295	 5.911428	 6.790983	 35.819855	 5.537345	 17.495137	 3.138379	 1.094954	 41.437377	 11.854414	 0.345245
 16.799685	 53.192444	 5.919032	 6.763819	 35.676509	 5.513719	 17.425145	 3.118062	 1.084333	 41.383124	 11.784107	 0.314054
 16.728574	 53.133485	 5.410981	 6.736764	 35.533770	 5.490926	 17.355439	 3.101708	 1.076874	 41.332963	 11.725526	 0.298458
 16.659704	 53.081287	 5.147149	 6.709817	 35.391618	 5.468593	 17.286015	 3.087360	 1.071006	 41.285163	 11.672902	 0.290660
 16.592087	 53.032559	 5.505467	 6.682978	 35.250043	 5.446535	 17.216869	 3.074040	 1.065942	 41.238635	 11.623349	 0.286761
 16.525230	 52.985435	 5.672898	 6.656246	 35.109039	 5.424656	 17.148001	 3.061259	 1.061288	 41.192611	 11.575425	 0.284812
 16.458885	 52.939204	 5.744933	 6.629621	 34.968600	 5.402911	 17.079409	 3.048771	 1.056848	 41.146930	 11.528408	 0.783837
 16.392927	 52.895511	 5.769317	 6.603102	 34.828725	 5.381277	 17.011091	 3.036455	 1.052523	 41.103512	 11.481937	 1.030784
 16.327294	 52.853170	 5.769921	 6.576690	 34.689409	 5.359740	 16.943046	 3.024248	 1.048264	 41.061309	 11.435830	 1.151702
 16.261954	 52.811587	 5.758682	 6.550383	 34.550652	 5.338295	 16.875274	 3.012121	 1.044047	 41.019794	 11.389998	 0.709616
 16.196891	 52.762522	 5.741568	 6.524182	 34.412449	 5.316939	 16.807773	 3.000057	 1.039859	 40.917080	 11.344393	 0.488573
 16.132096	 52.709829	 5.721562	 6.498085	 34.274799	 5.295670	 16.740542	 2.988049	 1.035693	 40.784094	 11.298993	 0.378051
 16.067564	 52.655435	 5.700156	 6.472093	 34.137700	 5.274487	 16.673580	 2.976093	 1.031547	 40.636299	 11.253786	 0.322790
 16.003292	 52.600303	 5.678095	 6.446204	 34.001149	 5.253388	 16.606885	 2.964187	 1.027419	 40.481425	 11.208765	 0.795160
 15.939278	 52.547212	 5.655753	 6.420419	 33.865144	 5.232375	 16.540458	 2.952329	 1.023309	 40.323334	 11.163927	 1.028810
 16.375520	 52.495244	 5.633315	 6.394738	 33.729684	 5.211445	 16.474296	 2.940520	 1.019215	 40.163959	 11.119270	 0.643110
 16.560018	 52.441458	 5.610874	 6.369159	 33.594765	 5.190599	 16.408399	 2.928757	 1.015138	 40.004262	 11.074792	 0.450260
 16.618777	 52.386875	 5.588477	 6.343682	 33.460386	 5.169837	 16.342765	 2.917042	 1.011078	 39.844724	 11.030493	 0.353835
 16.114802	 52.332004	 5.066146	 5.818307	 33.326544	 5.149157	 16.277394	 2.905374	 1.007033	 39.685585	 10.986371	 0.305622
 15.831593	 52.277699	 4.795893	 5.545034	 33.193238	 5.128561	 16.212285	 2.893752	 1.003005	 39.526962	 10.942425	 0.281516
 15.158892	 42.723785	 2.151715	 5.897854	 32.560465	 3.108047	 13.147435	 2.882177	 0.498993	 31.368915	 7.898655	-0.230537
 14.793569	 37.880488	 0.829626	 6.061763	 32.180223	 2.095614	 11.594846	 2.870649	 0.246987	 27.243469	 6.367061	-0.485079
 14.582051	 36.892765	 1.168582	 3.131266	 23.926503	 1.587232	 8.798466	 1.359166	-1.379016	 23.134510	 3.591592	-1.610870
 14.447551	 36.327094	 1.335045	 1.666017	 19.768296	 1.330883	 7.388273	 0.603425	-2.186007	 21.041979	 2.202226	-2.168292
 8.851674	 29.472735	 0.415273	 0.433393	 14.657973	 0.700559	 5.671219	 0.225554	-2.083517	 17.457815	 1.005917	-1.441552
 6.047225	 26.000319	-0.043604	-0.181321	 12.083716	 0.385398	 4.804785	 0.036619	-2.028310	 15.637986	 0.407763	-1.076752
 4.638514	 24.219056	-0.272037	-0.487086	 10.777569	 0.227817	 4.363690	-0.057849	-1.996760	 14.700435	 0.108686	-0.892929
 2.927700	 19.283548	-0.385253	-0.638382	 6.105553	 0.149026	 3.135298	-0.605083	-1.477055	 9.704134	-0.540853	-0.799599
 2.069858	 16.787098	-0.441861	-0.712451	 3.766677	 0.109631	 2.517288	-0.876395	-1.215287	 7.196567	-0.863242	-0.751521
 0.638514	 12.010292	 0.029835	-1.247913	-0.405616	 0.089933	-0.295515	-0.509756	-1.082497	 0.933406	-2.022065	-0.726075
-0.075573	 9.607422	 0.264680	-1.512077	-2.482607	 0.080085	-1.695700	-0.326436	-1.014202	-2.187515	-2.595114	-0.711951
-2.431037	 2.891578	-0.617897	-1.640606	-6.011983	-0.424840	-3.389601	-0.734776	-0.978163	-4.237359	-3.375303	-0.703494
-3.599196	-0.458696	-1.056185	-1.701333	-7.757589	-0.675442	-4.226385	-0.936660	-0.958259	-5.249706	-3.757086	-0.697875
-4.673741	-2.626215	-1.272340	-1.728172	-9.111385	-0.798892	-5.134650	-1.535325	-1.446430	-5.743356	-3.939700	-1.193681
-5.199517	-3.700387	-1.377441	-1.738081	-9.767353	-0.858772	-5.576697	-1.830389	-1.686647	-5.977706	-4.022762	-1.438205
-5.450954	-4.227923	-1.427026	-1.739540	-10.074490	-0.886874	-5.785683	-1.973671	-1.802901	-6.082458	-4.056082	-1.557101
-5.565268	-4.982181	-1.948865	-2.236788	-10.707295	-1.399096	-5.878186	-2.541077	-1.357190	-6.622459	-4.064563	-1.613198
-5.611066	-5.347837	-2.204843	-2.479943	-11.001018	-1.651384	-5.912497	-2.818564	-1.132512	-6.878135	-4.060657	-1.637907
-5.622651	-5.519238	-2.327911	-2.596075	-11.125289	-1.773720	-5.917758	-2.451115	-1.018357	-6.991705	-4.050591	-1.646937
-5.617175	-5.593557	-2.384543	-2.648716	-11.164926	-1.831097	-5.908543	-2.263223	-0.959471	-7.034279	-4.037477	-1.648139
-5.603213	-5.619381	-2.407976	-2.669634	-11.162335	-1.856008	-5.892137	-2.165127	-0.928227	-7.041413	-4.022871	-1.145442
-5.585054	-5.621002	-2.414830	-2.674712	-11.138721	-1.864702	-5.872182	-2.111944	-0.910811	-7.030883	-4.007551	-0.892808
-5.564841	-5.610568	-2.413414	-2.671891	-11.104683	-1.865302	-5.850501	-2.081236	-0.900316	-7.011577	-3.991907	-1.265211
-5.543645	-5.594150	-2.407882	-2.665143	-11.065523	-1.861870	-5.828002	-2.061780	-0.893289	-6.987939	-3.976133	-1.448137
-5.522002	-5.574786	-2.400311	-2.656452	-11.023890	-1.856437	-5.805142	-2.047968	-0.888003	-6.962192	-3.960325	-1.536338
-5.500180	-5.553993	-2.391740	-2.646811	-10.981109	-1.850019	-5.782147	-2.036993	-0.883594	-6.935445	-3.944532	-1.577189
-5.478312	-5.532530	-2.382688	-2.636716	-10.937842	-1.843122	-5.759131	-2.027454	-0.879632	-6.908255	-3.928778	-1.594379
-5.456465	-5.510777	-2.373415	-2.626415	-10.894419	-1.836002	-5.736151	-2.018649	-0.875899	-6.880897	-3.913075	-1.099750
-5.434673	-5.488922	-2.364050	-2.616033	-10.851006	-1.828784	-5.713235	-2.010226	-0.872289	-6.853512	-3.897428	-1.351226
-5.412951	-5.467060	-2.354658	-2.605630	-10.807684	-1.821531	-5.690396	-2.002011	-0.868746	-6.826166	-3.881842	-1.473758
-5.391307	-5.445239	-2.345272	-2.595238	-10.764495	-1.814277	-5.667642	-1.493916	-0.865244	-6.798896	-3.866316	-1.031832
-5.369746	-5.423482	-2.335907	-2.584873	-10.721457	-1.807035	-5.644975	-1.237897	-0.861770	-6.771718	-3.850851	-0.809689
-5.348269	-5.401800	-2.326571	-2.574541	-10.678582	-1.799815	-5.622397	-1.607924	-0.858316	-6.244640	-3.835448	-0.697442
-5.326877	-5.380198	-2.317269	-2.564247	-10.635872	-1.792620	-5.599908	-1.788981	-0.854879	-5.969665	-3.820107	-0.640149
-5.305570	-5.358680	-2.308002	-2.553992	-10.593331	-1.785451	-5.577509	-1.875570	-0.851458	-5.820789	-3.804826	-0.610336
-5.284348	-5.337247	-1.798771	-2.043777	-10.050959	-1.778310	-5.555199	-1.914940	-0.348052	-5.735007	-3.789607	-0.594269
-5.263211	-5.315899	-1.541576	-1.785602	-9.760756	-1.771198	-5.532978	-1.930716	-0.096348	-5.680817	-3.774449	-0.585079
-5.242158	-5.294636	-1.410410	-1.653460	-10.096713	-1.764113	-5.010846	-1.434712	 0.029503	-5.642469	-3.759351	-0.579332
-5.221189	-5.273457	-1.342269	-1.584346	-10.243827	-1.757057	-4.740803	-1.184832	 0.092429	-5.612087	-3.744313	-0.575311
-4.700305	-4.752364	-1.305650	-1.546759	-9.796602	-1.750029	-5.096840	-1.058022	-0.376108	-5.585732	-3.729336	-0.572158
-4.431504	-4.483354	-1.284802	-1.524947	-9.554290	-1.743029	-5.263952	-0.992755	-0.608687	-5.561436	-3.714419	-0.569444
-4.288778	-4.340421	-1.271851	-1.511035	-9.414511	-1.236056	-4.836647	-0.458266	-0.223294	-5.038214	-3.199561	-0.566953
-4.209122	-4.260559	-1.262857	-1.501084	-9.326071	-0.981112	-4.614175	-0.191022	-0.030598	-4.767573	-2.936763	-0.564579
-4.161036	-4.212267	-1.255852	-1.493127	-9.263376	-0.852188	-4.494156	-0.057399	 0.065751	-4.623259	-2.800016	-0.562267
-5.128767	-5.179793	-1.749852	-2.486178	-10.213628	-1.786279	-5.425398	-1.490588	-0.886075	-6.042143	-3.726316	-1.559992
-5.600439	-5.651261	-1.992365	-2.975745	-10.666425	-2.247884	-5.878306	-2.201335	-1.358312	-6.736664	-4.180161	-2.053739
-5.824131	-5.874750	-2.109151	-3.213598	-10.870586	-2.473267	-6.092097	-2.550885	-1.590770	-7.069062	-4.397815	-2.295517
-5.923882	-5.974298	-2.163093	-3.325621	-10.950517	-2.580562	-6.186381	-2.719858	-1.703352	-7.220458	-4.497411	-2.411332
-5.961709	-6.011924	-2.185629	-3.374758	-10.968421	-2.628833	-6.720962	-2.798568	-1.756011	-7.281412	-4.538015	-2.464185
-5.968624	-6.018638	-2.192481	-3.392478	-10.955401	-2.647615	-6.973741	-2.832168	-1.778724	-7.297204	-4.549160	-2.485577
-5.960131	-6.009944	-2.191508	-3.394518	-10.927006	-2.651673	-6.585678	-2.843236	-1.786477	-7.290475	-4.545612	-1.991259
-5.943981	-5.993595	-2.186641	-3.388745	-10.891011	-2.648390	-6.379251	-2.843062	-1.786765	-7.272542	-4.534754	-1.741106
-5.924050	-5.973466	-2.179844	-3.379092	-10.851304	-2.641459	-6.263691	-2.837289	-1.783335	-7.249067	-4.520277	-1.613048
-5.902276	-5.951494	-2.172099	-3.367527	-10.809827	-2.632724	-6.193616	-2.828739	-1.778060	-7.222878	-4.504027	-1.546049
-5.879629	-5.928650	-2.163898	-3.355032	-10.767552	-2.623109	-6.146331	-2.818824	-1.771877	-7.195390	-4.486926	-1.509591
-5.856591	-5.905416	-2.155486	-3.342100	-10.724963	-2.613074	-6.110490	-3.308249	-1.765255	-7.167310	-4.469436	-1.988416
-5.833405	-5.882035	-2.146986	-3.328976	-10.682305	-2.602851	-6.080421	-3.545366	-1.758426	-7.138992	-4.451787	-2.222894
-5.810191	-5.858627	-2.638459	-3.315782	-10.639696	-2.592554	-6.053285	-3.156359	-1.751508	-7.610612	-4.434095	-2.335219
-5.787010	-5.835252	-2.877935	-3.302580	-10.597197	-2.582241	-6.027665	-2.956321	-1.744560	-7.830257	-4.416415	-2.386486
-5.763892	-5.811941	-2.491439	-3.289400	-10.554839	-2.571940	-6.002851	-2.850790	-1.737611	-7.423980	-4.398778	-1.907244
-5.740852	-5.788708	-2.293981	-3.276257	-10.512634	-2.561667	-5.978488	-2.792533	-1.730675	-7.206806	-4.381198	-1.664767
-5.717896	-5.765561	-2.191059	-3.263160	-10.470591	-2.551427	-5.954398	-2.757937	-1.723760	-7.084239	-4.363680	-1.540684
-5.695028	-6.242503	-2.135421	-3.250111	-10.428713	-2.541225	-5.930492	-3.235192	-2.216868	-6.509033	-4.346229	-1.475809
-5.672250	-6.467534	-2.103443	-3.237113	-10.387000	-2.531062	-5.906726	-3.466394	-2.458003	-6.209562	-4.328846	-1.440550
-5.649562	-6.566665	-2.083311	-3.224165	-10.345453	-2.520939	-5.883078	-3.074600	-2.073172	-6.548006	-4.311531	-1.920109
-5.626964	-6.602899	-2.069119	-3.211269	-10.304071	-2.510855	-5.859534	-2.873338	-1.877379	-6.703456	-4.294285	-2.155090
-5.604456	-6.107738	-2.057913	-3.198424	-10.262855	-2.500812	-5.836091	-2.767362	-1.776120	-6.767463	-4.277109	-1.767800
-5.582039	-5.848932	-2.048216	-3.185631	-10.221804	-2.490809	-5.812744	-2.709052	-1.722141	-6.785803	-4.260000	-1.571394
-5.559711	-5.708349	-2.039291	-3.172888	-10.180917	-2.480846	-5.789491	-2.674595	-1.691815	-6.281365	-4.242960	-1.470441
-5.537472	-5.626922	-2.030768	-3.160197	-10.140193	-2.470923	-5.766333	-2.652087	-1.673329	-6.017592	-4.225988	-1.417226
-5.515322	-5.575117	-2.022461	-3.147556	-10.099633	-2.461039	-5.743267	-2.635573	-1.660776	-5.874198	-4.209085	-1.387890
-5.493261	-5.538168	-2.014280	-3.134966	-10.059234	-2.451195	-5.720294	-2.122078	-1.651203	-6.291039	-4.192248	-1.370505
-5.471288	-5.508691	-2.006177	-3.122426	-10.018997	-2.441390	-5.697412	-1.862114	-1.643134	-6.486044	-4.175479	-1.359106
-5.449403	-5.482994	-1.998130	-3.109936	-9.978921	-2.431624	-5.674623	-2.728927	-1.635829	-6.570185	-4.158777	-1.350711
-5.427605	-5.459231	-1.990126	-3.097496	-9.939005	-2.421898	-5.651924	-3.155142	-1.628919	-6.598946	-4.142142	-1.343829
-5.405894	-5.436479	-1.982159	-3.085106	-9.899249	-2.412210	-5.629316	-2.861087	-1.622220	-6.100072	-4.125574	-1.337715
-5.384271	-5.414275	-1.974228	-3.072766	-9.859652	-2.402562	-5.606799	-2.708926	-1.615640	-5.839432	-4.109071	-1.331994
-5.362734	-5.392389	-1.966330	-3.060475	-9.820214	-2.392951	-5.584372	-2.627731	-1.609132	-5.697954	-4.092635	-1.326481
-5.341283	-5.370705	-1.958464	-3.048233	-9.780933	-2.383379	-5.562034	-2.582041	-1.602672	-5.616103	-4.076264	-1.321083
-5.319918	-5.349165	-1.950629	-3.036040	-9.741809	-2.373846	-5.539786	-2.554123	-1.596250	-5.564108	-4.059959	-1.315752
-5.298638	-5.327740	-1.942827	-3.023896	-9.702842	-2.364351	-5.517627	-3.035112	-1.589859	-6.027087	-4.043720	-1.310466
-5.277444	-5.306415	-1.935055	-3.011800	-9.664031	-2.354893	-5.495557	-3.268574	-1.583497	-6.245596	-4.027545	-1.305213
-5.256334	-5.285182	-1.927315	-2.999753	-9.625374	-2.345474	-5.473574	-2.878301	-1.577162	-5.841922	-4.011435	-1.299986
-5.235308	-5.264038	-1.919606	-2.987754	-9.586873	-2.336092	-5.451680	-2.678188	-1.570852	-5.629209	-3.995389	-1.294783
-5.214367	-5.242980	-1.911927	-2.975803	-9.548525	-2.326747	-5.429873	-2.573176	-1.564568	-6.012020	-3.979407	-1.289602
-5.193510	-5.222007	-1.904280	-2.963900	-9.510331	-2.317440	-5.408154	-2.515733	-1.558310	-6.190635	-3.963490	-1.284443
-5.172736	-5.201118	-1.896662	-2.952044	-8.972290	-2.308171	-5.386521	-2.482096	-1.552077	-5.767204	-3.947636	-1.779305
-5.152045	-5.180314	-1.889076	-2.940236	-8.686401	-2.298938	-5.364975	-2.460380	-1.545868	-5.544801	-3.931845	-2.022188
-5.131437	-5.159592	-1.881519	-2.928475	-9.026655	-1.789742	-5.343515	-2.444644	-1.539685	-5.422955	-3.916118	-1.639099
-5.110911	-5.138954	-1.873993	-2.916761	-9.178049	-1.532583	-5.322141	-2.431919	-1.533526	-5.351430	-3.900453	-1.445043
-5.090467	-5.118398	-1.866497	-2.905094	-9.235086	-1.401453	-5.300853	-2.420718	-1.527392	-5.305107	-3.884851	-1.345512
-5.070105	-5.097924	-2.359031	-2.893474	-9.245021	-1.833347	-5.279649	-2.410298	-1.521282	-5.271428	-3.869312	-1.293255
-5.049825	-5.077533	-2.599595	-2.881900	-9.231479	-2.044764	-5.258531	-2.400289	-1.515197	-5.244114	-3.853835	-1.264645
-5.029626	-5.057223	-2.214197	-2.870372	-9.206271	-2.145960	-5.237497	-2.390503	-1.509136	-5.220023	-3.838419	-1.247867
-5.009507	-5.036994	-2.017840	-2.858891	-9.175306	-2.192063	-5.216547	-2.380849	-1.503100	-5.197585	-3.823066	-1.237017
-4.989469	-5.016846	-1.916019	-2.847455	-8.641534	-2.210639	-5.195680	-2.371280	-1.497088	-5.676016	-3.807773	-1.229139
-4.969511	-4.996778	-1.861480	-2.836065	-8.358433	-2.215468	-5.174898	-2.361772	-1.491099	-5.902923	-3.792542	-1.222757
-4.949633	-4.976791	-1.830596	-2.824721	-8.700732	-2.213442	-5.154198	-2.352313	-1.485135	-5.504116	-3.777372	-1.217134
-4.929835	-4.956884	-1.811555	-2.813422	-8.853795	-2.208006	-5.133581	-2.342898	-1.479194	-5.294503	-3.762263	-1.211899
-4.910115	-4.937056	-1.798450	-2.802168	-8.912313	-2.200883	-5.113047	-2.333524	-1.473277	-5.179526	-3.747214	-1.206869
-4.890475	-4.917308	-1.788326	-2.790960	-8.923630	-2.192934	-5.092595	-2.324188	-1.467384	-5.111908	-3.732225	-1.201949
-4.870913	-4.897639	-1.779708	-2.779796	-8.911419	-2.184590	-5.072224	-2.314891	-1.461515	-5.068011	-3.717296	-1.197096
-4.851429	-4.878048	-1.771857	-2.768677	-8.887515	-2.176065	-5.051935	-2.305631	-1.955669	-5.536014	-3.702427	-1.192285
-4.832024	-4.858536	-1.764403	-2.757602	-8.857836	-2.167468	-5.031728	-2.296408	-2.197846	-5.758008	-3.687617	-1.187504
-4.812695	-4.839102	-2.257162	-2.746572	-8.825340	-2.158851	-5.511601	-2.287222	-1.814055	-5.857045	-3.672867	-1.182748
-4.793445	-4.819746	-2.498042	-2.735585	-8.791506	-2.150242	-5.739554	-2.278073	-1.619298	-5.894651	-3.658175	-1.178014
-4.774271	-4.800467	-2.613004	-2.724643	-8.757074	-2.141655	-5.341596	-2.268961	-1.519071	-5.401589	-3.643542	-1.173301
-4.755174	-4.781265	-2.665029	-2.713744	-8.722412	-2.133095	-5.132730	-2.259885	-1.466120	-5.145242	-3.628968	-1.168607
-4.736153	-4.762140	-2.685608	-2.702890	-8.687706	-2.124566	-5.018449	-2.250846	-1.436818	-5.007290	-3.614452	-1.163932
-4.717208	-4.743091	-2.190485	-2.692078	-8.153047	-2.116069	-4.951500	-2.241842	-1.419352	-4.928575	-3.599995	-1.659276
-4.698340	-4.724119	-1.939532	-2.681310	-7.870481	-2.107606	-4.908257	-2.232875	-1.407815	-4.879518	-3.585595	-1.902639
-4.679546	-4.705222	-1.810679	-2.670584	-7.714022	-2.099176	-4.876905	-2.223943	-1.399254	-4.845329	-3.571252	-1.520029
-4.660828	-4.686402	-1.742889	-2.659902	-7.620677	-2.090779	-4.851538	-2.215048	-1.392192	-4.818612	-3.556967	-1.326448
-4.642185	-4.667656	-1.705643	-2.649262	-8.058950	-2.082416	-4.829202	-2.206187	-1.385891	-5.295670	-3.542739	-1.227393
-4.623616	-4.648985	-1.683684	-2.638665	-8.261092	-2.074087	-4.808420	-2.197363	-1.379981	-5.522653	-3.528568	-1.175608
-4.605122	-4.630389	-2.169381	-2.628111	-7.845237	-1.565790	-4.788454	-2.188573	-1.374278	-5.124646	-3.514454	-1.147468
-4.586701	-4.611868	-2.406919	-2.617598	-7.622450	-1.309527	-4.768934	-2.179819	-1.368690	-4.916189	-3.500396	-1.131159
-4.568354	-4.593420	-2.520399	-2.607128	-7.496258	-1.179289	-4.749675	-2.171100	-1.363169	-4.802545	-3.486395	-1.120775
-4.550081	-4.575047	-2.071871	-2.596699	-7.918421	-1.612072	-4.730585	-2.162415	-1.357694	-4.736345	-3.472449	-1.113363
-4.531881	-4.556746	-1.844361	-2.586313	-8.112822	-1.824374	-4.711617	-2.153766	-1.352251	-4.693905	-3.458559	-1.107444
-4.513753	-4.538519	-1.727372	-2.575967	-8.193408	-1.426451	-4.692748	-2.145151	-1.346837	-5.163382	-3.444725	-1.102282
-4.495698	-4.520365	-1.665657	-2.565663	-8.217153	-1.225433	-4.673965	-2.136570	-1.341446	-5.386854	-3.430946	-1.097507
-4.477715	-4.502284	-1.631591	-2.555401	-8.212543	-1.622875	-4.655264	-2.128024	-1.336079	-4.987370	-3.417222	-1.092934
-4.459804	-4.484275	-1.611363	-2.545179	-8.193823	-1.817555	-4.636640	-2.119512	-1.330734	-4.778452	-3.403554	-1.088470
-4.441965	-4.466338	-1.598067	-2.534998	-8.168112	-1.910871	-4.618092	-2.611034	-1.325411	-5.164854	-3.389939	-1.084071
-4.424197	-4.448472	-1.588250	-2.524859	-8.138972	-1.953520	-4.599619	-2.850589	-1.320109	-5.346953	-3.376380	-1.079712
-4.406501	-4.430678	-1.580184	-2.514759	-8.108183	-1.970853	-4.581220	-2.964187	-1.314829	-5.426944	-3.362874	-1.075381
-4.388874	-3.912956	-1.573007	-2.504700	-8.076633	-1.975543	-4.562895	-2.514830	-1.309569	-4.955925	-3.349423	-1.071074
-4.371319	-3.647304	-1.566287	-2.494681	-8.044768	-1.973927	-4.544643	-2.286021	-1.304331	-4.711446	-3.336025	-1.066787
-4.353834	-4.507715	-1.559807	-2.484703	-8.012810	-1.969175	-4.526464	-1.667502	-1.299114	-4.580273	-3.322681	-1.062518
-4.336418	-4.927184	-1.553461	-2.474764	-7.980869	-1.962870	-4.508359	-1.356144	-1.293917	-4.505788	-3.309390	-1.058268
-4.319073	-4.626225	-1.547194	-2.464865	-7.949001	-1.955804	-4.490325	-1.698376	-1.288741	-4.459683	-3.296152	-1.054034
-4.301796	-4.467095	-1.540978	-2.455005	-7.917232	-1.948374	-4.472364	-1.865411	-1.283587	-4.427803	-3.282968	-1.049818
-4.284589	-3.878914	-1.534801	-2.445185	-7.885577	-1.940777	-4.454474	-1.944863	-1.278452	-4.403072	-3.269836	-1.045618
-4.267451	-3.578242	-1.528655	-2.435404	-7.854042	-1.933112	-4.436656	-1.980541	-1.273338	-4.381949	-3.256757	-1.041436
-4.250381	-3.421351	-1.522537	-2.425663	-7.822629	-1.925428	-4.418910	-1.994347	-1.268245	-4.362666	-3.243730	-1.037270
-4.233380	-3.336377	-1.516445	-2.415960	-7.291340	-1.917751	-4.401234	-1.997234	-1.263172	-4.344338	-3.230755	-1.533121
-4.216446	-3.287387	-1.510379	-2.406296	-7.012176	-1.910093	-4.383629	-1.994677	-1.258119	-4.326522	-3.217832	-1.776989
-4.199580	-3.256415	-1.504337	-2.396671	-7.359127	-2.402458	-4.366095	-1.489414	-1.253087	-4.308996	-3.204960	-1.394881
-4.182782	-3.234478	-1.498319	-2.387084	-7.517191	-2.642852	-4.348630	-1.234815	-1.248075	-4.291651	-3.192140	-1.201801
-4.166051	-3.717085	-1.492326	-2.377536	-7.580873	-2.257282	-4.331236	-1.605555	-1.243082	-4.274429	-3.179372	-1.103244
-4.149387	-3.949989	-1.486356	-2.368026	-7.597424	-2.060753	-4.313911	-1.786972	-1.238110	-4.257304	-3.166654	-1.051956
-4.132789	-4.058075	-1.480411	-2.358554	-7.590472	-1.958761	-4.296655	-1.873744	-1.233157	-4.240261	-3.153988	-1.024311
-4.116258	-4.103786	-1.474489	-2.349120	-7.571829	-1.904051	-4.279469	-1.913209	-1.228225	-4.223293	-3.141372	-1.008495
-4.099793	-4.118342	-1.468591	-2.339723	-7.547401	-1.872997	-4.262351	-1.929036	-1.223312	-4.206397	-3.128806	-0.998601
-4.083394	-3.617354	-1.462717	-2.330364	-7.020141	-1.853787	-4.245301	-1.433060	-1.218419	-4.189569	-3.116291	-0.991677
-4.067060	-3.360628	-1.456866	-2.321043	-6.743525	-1.840512	-4.228320	-1.183197	-1.213545	-4.172810	-3.103826	-0.986246
-4.050792	-4.226057	-1.451039	-2.311759	-7.092284	-1.830220	-4.211407	-1.556400	-1.208691	-4.656119	-3.091411	-0.981568
-4.034589	-4.648588	-1.445234	-2.302512	-7.251781	-1.821435	-4.194561	-1.739141	-1.203856	-4.887494	-3.079045	-0.977276
-4.018450	-4.349712	-1.439454	-2.293302	-7.316707	-1.813416	-4.177783	-1.826669	-1.199041	-4.492944	-3.066729	-0.973184
-4.002377	-4.192172	-1.433696	-2.284128	-7.334406	-1.805797	-4.161072	-1.866604	-1.194244	-4.287472	-3.054462	-0.969199
-3.986367	-3.605333	-1.427961	-2.274992	-6.828552	-1.798390	-4.144428	-1.382758	-1.189467	-4.176572	-3.042244	-0.965277
-3.970422	-3.305876	-1.422249	-2.265892	-6.562979	-1.791105	-4.127850	-1.139038	-1.184710	-4.112991	-3.030075	-0.961393
-3.954540	-3.150135	-1.416560	-2.256828	-6.417598	-1.783895	-4.111338	-1.015387	-1.179971	-4.073101	-3.017955	-0.957536
-3.938722	-3.566275	-1.410894	-2.247801	-6.832363	-1.776737	-4.094893	-1.451778	-1.175251	-4.545090	-3.005883	-0.953700
-3.922967	-3.766381	-1.405250	-2.238810	-7.025252	-1.769618	-4.078514	-1.666197	-1.170550	-4.771050	-2.993859	-0.949882
-3.907275	-3.358501	-1.399629	-2.229855	-7.107259	-1.762534	-4.062199	-2.269645	-1.165868	-4.874037	-2.981884	-0.946081
-3.891646	-3.148659	-1.394031	-2.220935	-7.133885	-1.755481	-4.045951	-2.565623	-1.161204	-4.915576	-2.969956	-0.942296
-3.876079	-3.037861	-1.388455	-2.212051	-7.132876	-1.748458	-4.029767	-1.707889	-1.156559	-4.426431	-2.958077	-0.938527
-3.860575	-2.976608	-1.382901	-2.203203	-7.118109	-1.741463	-4.013648	-1.277322	-1.151933	-4.173984	-2.946244	-0.934772
-3.845133	-3.440150	-1.377369	-2.194390	-6.596518	-1.734497	-3.997593	-1.560345	-1.147325	-4.039917	-2.934459	-0.931033
-3.829752	-3.664114	-1.371860	-2.185613	-6.323573	-1.727559	-3.981603	-1.698169	-1.142736	-3.965072	-2.922722	-0.927309
-3.814433	-3.768320	-1.366372	-2.176870	-6.174999	-1.720648	-3.965676	-1.763410	-1.138165	-3.919869	-2.911031	-0.923600
-3.799175	-3.312678	-1.360907	-2.168163	-6.588659	-1.713766	-3.949814	-1.792373	-1.133613	-3.889519	-2.899387	-0.919905
-3.783979	-3.079143	-1.355463	-2.159490	-6.781485	-1.706911	-3.934014	-1.803211	-1.129078	-3.866625	-2.887789	-0.916226
-3.768843	-3.456684	-1.350041	-2.150852	-6.863949	-1.700083	-3.918278	-1.805003	-1.124562	-4.347491	-2.876238	-0.912561
-3.753767	-3.637786	-1.344641	-2.142249	-6.891288	-1.693283	-3.902605	-1.802285	-1.120064	-4.578267	-2.864733	-0.908910
-3.738752	-3.220700	-1.839263	-2.133680	-6.891120	-1.686510	-3.886995	-1.297326	-1.115583	-4.684037	-2.853274	-0.905275
-3.723797	-3.006549	-2.081906	-2.125145	-6.877255	-1.679763	-3.871447	-1.043263	-1.111121	-4.727342	-2.841861	-0.901654
-3.708902	-3.893889	-1.698578	-2.116645	-6.856595	-1.673044	-3.855961	-1.414652	-1.106676	-4.239453	-2.830493	-0.898047
-3.694067	-4.327996	-1.504284	-2.108178	-6.832593	-1.666352	-3.840537	-1.596775	-1.102250	-3.988006	-2.819171	-0.894455
-3.679290	-3.535526	-1.904516	-2.099745	-6.306975	-1.659687	-3.825175	-1.184279	-1.097841	-3.854809	-2.807895	-0.890877
-3.664573	-3.133805	-2.100023	-2.091346	-6.032604	-1.653048	-3.809874	-0.976487	-1.093449	-3.780768	-2.796663	-0.887314
-3.649915	-2.927480	-2.193186	-2.082981	-5.883901	-1.646436	-3.794635	-0.871054	-1.089076	-3.736333	-2.785477	-0.883764
-3.635315	-2.818875	-1.735194	-2.074649	-5.798080	-1.639850	-3.779456	-1.316806	-1.084719	-3.706732	-2.774335	-1.380229
-3.620774	-2.759152	-1.503644	-2.066350	-5.743744	-1.633291	-3.764339	-1.536157	-1.080380	-3.684578	-2.763237	-1.624708
-3.606291	-3.223892	-1.385325	-2.058085	-6.205198	-1.626758	-3.749281	-1.642321	-1.076059	-3.666175	-2.752184	-1.243210
-3.591866	-3.448884	-1.323631	-2.049853	-6.422591	-1.620251	-3.734284	-1.691907	-1.071755	-3.649679	-2.741176	-1.050737
-3.577498	-4.054033	-1.290261	-2.041653	-6.018008	-1.613770	-3.719347	-1.713216	-1.067468	-3.634164	-2.730211	-0.952784
-3.563188	-4.347289	-1.271061	-2.033487	-5.804490	-1.607314	-3.704470	-1.720402	-1.063198	-3.619169	-2.719290	-0.902098
-3.548935	-3.484636	-1.258958	-2.025353	-5.686548	-1.600885	-3.689652	-1.720540	-1.058945	-3.604464	-2.708413	-0.875052
-3.534740	-3.048065	-1.250413	-2.017251	-5.616441	-1.594482	-3.674893	-1.717167	-1.054709	-3.589931	-2.697579	-0.859833
-3.520601	-2.824557	-1.243656	-2.009182	-5.570294	-1.588104	-3.660194	-1.712053	-1.050490	-3.575514	-2.686789	-0.850534
-3.506518	-2.707601	-1.237804	-2.001146	-5.536173	-1.581751	-3.645553	-1.206082	-1.046288	-4.061184	-2.676042	-0.844202
-3.492492	-2.643941	-1.232414	-1.993141	-5.508108	-1.575424	-3.630971	-0.951697	-1.042103	-4.294925	-2.665338	-0.839361
-3.478522	-2.606951	-1.227265	-1.985168	-5.983115	-1.069123	-3.616447	-1.323109	-1.037935	-4.402738	-2.654676	-0.835271
-3.464608	-2.583316	-1.222247	-1.977228	-6.207703	-0.814846	-3.601981	-1.505427	-1.033783	-4.447623	-2.644058	-0.831563
-3.450750	-2.566379	-1.217303	-1.969319	-6.307132	-1.186587	-3.587573	-1.593210	-0.529648	-4.461081	-2.633481	-0.828054
-3.436947	-2.552812	-1.212406	-1.961442	-6.344033	-1.369340	-3.573223	-1.633739	-0.277580	-4.458861	-2.622947	-0.824650
-3.423199	-2.540950	-1.207543	-1.953596	-6.349722	-1.457613	-3.558930	-1.650656	-0.651547	-3.948837	-2.612456	-0.821306
-3.409506	-2.529960	-1.202706	-1.945781	-6.339856	-1.498658	-3.544694	-1.655779	-0.836479	-3.686948	-2.602006	-0.817998
-3.395868	-3.019428	-1.197892	-1.937998	-5.822263	-1.516100	-3.530515	-1.655018	-0.926902	-3.549153	-2.591598	-0.814714
-3.382285	-3.257144	-1.193098	-1.930246	-5.552857	-1.521755	-3.516393	-1.651330	-0.970079	-3.473433	-2.581231	-0.811450
-3.368756	-3.369012	-1.188325	-1.922525	-5.407587	-1.521527	-3.502328	-1.646190	-0.989641	-3.428778	-2.570906	-0.808201
-3.355281	-2.917984	-1.183571	-1.914835	-5.324427	-1.018371	-3.488318	-1.640338	-0.997403	-3.399682	-2.560623	-0.804967
-3.341859	-2.687537	-1.178837	-1.907176	-5.272365	-0.765762	-3.474365	-1.634143	-0.999274	-3.378393	-2.550380	-0.801746
-3.328492	-2.567399	-1.174121	-1.899547	-5.735893	-1.138431	-3.460468	-1.627790	-0.998208	-3.361034	-2.540179	-0.798539
-3.315178	-2.502435	-1.169425	-1.891949	-5.955258	-1.321744	-3.446626	-1.621370	-0.995680	-3.345667	-2.530018	-0.795345
-3.301917	-2.465078	-1.164747	-1.884381	-5.552592	-1.410390	-3.432839	-1.614931	-0.992430	-3.331323	-2.519898	-0.792163
-3.288710	-2.441544	-1.160088	-1.876844	-5.340959	-1.451715	-3.419108	-1.608494	-0.988826	-3.317517	-2.509818	-0.788994
-3.275555	-2.924942	-1.155448	-1.869336	-5.724883	-1.469392	-3.405431	-1.102071	-0.985054	-3.804007	-2.499779	-0.785838
-3.262453	-3.159823	-1.150826	-1.861859	-5.904628	-1.475256	-3.391810	-0.847669	-0.981205	-4.038671	-2.489780	-0.782695
-3.249403	-3.270475	-1.146223	-1.854411	-5.982332	-1.475225	-3.378242	-0.719281	-0.977326	-4.147456	-2.479821	-0.779564
-3.236405	-3.319038	-1.141638	-1.846994	-5.509064	-1.472260	-3.364729	-1.153905	-0.973440	-3.693336	-2.469902	-0.776446
-3.223460	-3.336585	-1.137071	-1.839606	-5.262358	-1.467839	-3.351271	-1.368040	-0.969558	-3.459798	-2.460022	-0.773340
-3.210566	-2.838650	-1.132523	-1.832247	-5.628974	-1.462701	-3.337865	-1.471943	-0.965685	-3.336576	-2.450182	-0.770247
-3.197723	-2.585001	-1.127993	-1.824918	-5.800290	-1.457217	-3.324514	-1.520743	-0.961825	-3.268538	-2.440381	-0.767166
-3.184933	-2.453514	-1.623481	-1.817619	-5.874006	-1.451572	-3.311216	-1.542004	-0.957979	-3.228118	-2.430620	-0.764097
-3.172193	-2.383126	-1.866987	-1.810348	-5.898968	-1.445857	-3.297971	-1.549508	-0.954148	-3.201533	-2.420897	-0.761041
-3.159504	-2.843307	-1.984519	-1.803107	-5.399601	-1.440120	-3.284779	-1.050146	-0.950332	-3.681891	-2.411214	-0.757997
-3.146866	-3.066790	-2.039081	-1.795894	-5.140117	-1.434382	-3.271640	-0.799363	-0.946531	-3.913745	-2.401569	-0.754965
-3.134279	-3.171951	-2.062175	-1.788711	-5.000614	-1.428656	-3.258554	-0.672875	-0.942745	-4.021381	-2.391962	-0.751945
-3.121741	-3.217978	-1.569551	-1.781556	-5.421140	-1.422947	-3.245519	-1.108538	-0.938974	-3.566941	-2.382395	-0.748937
-3.109254	-3.234463	-1.321085	-1.774430	-5.619720	-1.417258	-3.232537	-1.323281	-0.935218	-3.333496	-2.372865	-0.745941
-3.096817	-2.736204	-1.694707	-1.767332	-5.707373	-1.411591	-3.219607	-0.927577	-0.931477	-3.210573	-2.363374	-0.742958
-3.084430	-2.482598	-1.877381	-1.760263	-5.739610	-1.405945	-3.206729	-0.728661	-0.927751	-3.142936	-2.353920	-0.739986
-3.072092	-2.851337	-1.464599	-1.753222	-5.244184	-1.400322	-3.193902	-1.128143	-0.924040	-3.102968	-2.344504	-0.737026
-3.059804	-3.029267	-1.256103	-1.746209	-4.986974	-1.394720	-3.181126	-1.324829	-0.920344	-3.076857	-2.335126	-0.734078
-3.047565	-3.611817	-1.149761	-1.739224	-5.348909	-1.389142	-3.168402	-1.420129	-0.416663	-3.557700	-2.325786	-0.731141
-3.035375	-3.894704	-1.094502	-1.732267	-5.518455	-1.383585	-3.155728	-1.464748	-0.164822	-3.790045	-2.316483	-0.728217
-3.023233	-4.027792	-1.064795	-1.725338	-5.591852	-1.378051	-3.143105	-1.484039	-0.038902	-3.898172	-2.307217	-0.725304
-3.011140	-3.086014	-1.047871	-1.718437	-5.117220	-1.372539	-3.130533	-1.490678	-0.475942	-3.444224	-2.297988	-0.722403
-2.999096	-2.610837	-1.037347	-1.711563	-4.870619	-1.367048	-3.118011	-1.491003	-0.692635	-3.211269	-2.288796	-0.719513
-2.987099	-2.368977	-1.530031	-1.704717	-4.738071	-1.361580	-3.105539	-0.988182	-0.799164	-3.088835	-2.279641	-0.716635
-2.975151	-2.243792	-1.772328	-1.697898	-4.662585	-1.356134	-3.093116	-0.736772	-0.850617	-3.021685	-2.270522	-0.713769
-2.963250	-2.176963	-1.389447	-1.691106	-4.615668	-1.350709	-3.080744	-1.111067	-0.874539	-2.982201	-2.261440	-1.210913
-2.951397	-2.139328	-1.195994	-1.684342	-4.583072	-1.345307	-3.068421	-1.295244	-0.884703	-2.956573	-2.252394	-1.456070
-2.939592	-2.116307	-1.097262	-1.677604	-5.057673	-1.339925	-3.056147	-0.884373	-0.887995	-3.437898	-2.243385	-1.075246
-2.927833	-2.100610	-1.045899	-1.670894	-5.283909	-1.334566	-3.043923	-0.678938	-0.887859	-3.670721	-2.234411	-0.883445
-2.916122	-2.088592	-1.018228	-1.664210	-5.386007	-1.329227	-3.031747	-0.576220	-0.886015	-3.779326	-2.225474	-0.786161
-2.904457	-2.078430	-1.002412	-1.657554	-5.426080	-1.323910	-3.019620	-1.024862	-0.383325	-3.325853	-2.216572	-0.736141
-2.892840	-2.069212	-0.992530	-1.650923	-5.435184	-1.318615	-3.007541	-1.246235	-0.131980	-3.093371	-2.207705	-0.709759
-2.881268	-2.060483	-0.985625	-1.644320	-4.928847	-0.813340	-2.995511	-0.853987	-0.506308	-3.471409	-2.198875	-0.695201
-2.869743	-2.052015	-0.980214	-1.637742	-4.666834	-0.560703	-2.983529	-0.657863	-0.691710	-3.652729	-2.190079	-0.686561
-2.858264	-2.043694	-0.975559	-1.631191	-5.027018	-0.934385	-2.971595	-0.559801	-0.782657	-3.235720	-2.181319	-0.680885
-2.846831	-2.035463	-0.971290	-1.624667	-5.196335	-1.118609	-2.959709	-0.510769	-0.826383	-3.021579	-2.172594	-0.676697
