-1.027345	-4.653344	-0.499131	-0.499379	-3.604007	-0.499597	-2.794963	-0.250105	 0.532233	-4.285415	-0.985197	 0.864192
-1.025340	-4.645261	-0.499131	-0.499379	-3.568179	-0.499597	-2.789934	-0.374645	 1.003989	-4.277141	-0.983324	 0.862721
-1.023338	-4.637192	-0.499131	-0.499379	-3.546492	-0.499597	-2.784914	-0.436915	 1.238373	-4.268882	-0.981454	 0.861253
-1.021339	-4.629137	-0.499131	-0.499379	-3.531883	-0.499597	-2.779903	 0.031950	 0.854074	-4.260640	-0.979588	 0.859788
-1.019344	-4.621096	-0.499131	-0.499379	-3.520822	-0.499597	-2.774901	 0.265935	 0.661925	-4.252414	-0.977725	 0.858325
-1.017353	-4.613069	-0.499131	-0.499379	-3.511543	-0.499597	-2.769908	 0.382928	 0.565850	-4.244203	-0.975866	 0.856864
-1.015366	-4.605056	-0.499131	-0.499379	-3.503163	-0.499597	-2.764925	-0.058576	 0.517813	-4.736009	-0.974010	 0.855406
-1.013383	-4.597057	-0.499131	-0.499379	-3.495240	-0.499597	-2.759950	-0.278881	 0.493794	-4.976865	-0.972158	 0.853950
-1.011403	-4.589072	-0.499131	-0.499379	-3.487554	-0.499597	-2.754984	 0.110966	 0.481785	-4.592255	-0.970310	 0.852497
-1.009428	-4.581101	-0.499131	-0.499379	-3.479994	-0.499597	-2.750027	 0.305443	 0.475780	-4.395889	-0.968464	 0.851046
-1.007456	-4.573143	-0.499131	-0.499379	-3.972505	-0.499597	-2.745079	 0.402681	 0.472778	-4.293651	-0.966623	 0.849598
-1.005488	-4.565199	-0.499131	-0.499379	-4.213992	-0.499597	-2.740140	 0.451300	 0.471277	-4.238486	-0.964785	 0.848152
-1.503524	-4.557270	-0.499131	-0.499379	-3.829976	-0.499597	-2.735209	 0.475609	 0.470526	-4.206865	-0.962950	 0.846709
-1.750587	-4.549353	-0.499131	-0.499379	-3.634288	-0.499597	-2.730288	 0.487764	 0.470151	-4.187024	-0.961119	 0.845268
-1.872168	-4.541451	-0.499131	-0.499379	-3.532771	-0.499597	-2.725375	 0.493842	 0.469963	-4.173081	-0.959292	 0.843830
-1.431011	-4.533562	-0.499131	-0.499379	-3.478348	-0.499597	-2.720472	 0.496880	 0.469869	-4.162094	-0.957468	 0.342394
-1.209466	-4.525688	-0.499131	-0.499379	-3.447479	-0.499597	-2.715577	 0.498400	 0.469823	-4.152593	-0.955647	 0.091676
-1.097728	-4.517826	-0.499131	-0.499379	-3.428395	-0.499597	-2.710691	 0.499159	 0.469799	-4.143843	-0.953830	 0.466317
-1.040897	-4.509979	-0.499131	-0.499379	-3.415212	-0.499597	-2.705813	 0.499539	 0.469787	-4.135476	-0.952016	 0.652922
-1.011520	-4.502145	-0.499131	-0.499379	-3.404987	-0.499597	-2.700945	-0.000271	 0.469782	-4.127308	-0.950206	 0.245510
-0.995872	-4.494324	-0.499131	-0.499379	-3.396248	-0.499597	-2.696085	-0.249729	 0.469779	-4.119247	-0.948399	 0.041804
-0.987091	-4.486518	-0.499131	-0.499379	-3.388261	-0.499597	-2.691234	 0.125541	 0.469777	-4.111248	-0.946596	 0.439951
-0.981745	-4.478725	-0.499131	-0.499379	-3.380657	-0.499597	-2.686392	 0.312730	 0.469776	-4.103288	-0.944796	 0.638312
-0.978118	-4.470945	-0.499131	-0.499379	-3.373252	-0.499597	-2.681558	 0.406324	 0.469776	-4.095354	-0.942999	 0.736780
-0.975353	-4.463179	-0.499131	-0.499379	-3.365955	-0.499597	-2.676733	 0.453121	 0.469776	-4.087441	-0.941206	 0.785303
-0.973021	-4.455426	-0.499131	-0.499379	-3.358719	-0.499597	-2.671917	 0.476519	 0.469776	-4.079546	-0.939416	 0.808856
-0.970906	-4.447687	-0.499131	-0.499379	-3.851521	-0.499597	-2.667109	-0.011782	 0.469776	-4.571668	-0.937630	 0.319924
-0.968903	-4.439961	-0.499131	-0.499379	-4.093282	-0.499597	-2.662311	-0.255485	 0.469776	-4.812840	-0.935847	 0.075458
-0.966957	-4.432249	-0.499131	-0.499379	-4.209532	-0.499597	-2.657520	-0.377337	 0.469776	-4.928547	-0.934067	 0.453225
-0.965042	-4.424550	-0.499131	-0.499379	-4.263037	-0.499597	-2.652739	-0.438263	 0.469776	-4.981531	-0.932291	 0.641401
-0.963143	-4.416864	-0.499131	-0.499379	-4.285179	-0.499597	-2.647966	-0.468726	 0.469776	-4.503163	-0.930518	 0.234783
-0.961255	-4.409192	-0.499131	-0.499379	-4.291650	-0.499597	-2.643201	-0.483958	 0.469776	-4.260093	-0.928749	 0.031475
-1.459374	-4.401533	-0.499131	-0.499379	-4.290294	-0.499597	-2.638445	 0.008427	 0.469776	-4.134681	-0.926983	-0.070180
-1.706522	-4.393888	-0.499131	-0.499379	-4.285035	-0.499597	-2.633698	 0.254172	 0.469776	-4.068104	-0.925220	-0.121007
-1.828188	-4.386255	-0.499131	-0.499379	-4.277835	-0.499597	-2.628959	 0.377044	 0.469776	-4.030952	-0.923461	-0.146421
-1.387116	-4.378636	-0.499131	-0.499379	-3.769673	-0.499597	-2.624229	-0.061520	 0.469776	-4.008521	-0.921705	 0.340873
-1.165657	-4.371031	-0.499131	-0.499379	-3.512109	-0.499597	-2.619507	-0.280355	 0.469776	-3.993457	-0.919952	 0.583815
-1.054005	-4.363438	-0.499131	-0.499379	-3.879850	-0.499597	-2.614794	 0.110227	 0.469776	-3.982085	-0.918203	 0.204582
-0.997258	-4.355859	-0.499131	-0.499379	-4.059184	-0.499597	-2.610089	 0.305071	 0.469776	-3.972565	-0.916457	 0.014966
-0.967967	-4.348292	-0.499131	-0.499379	-3.644324	-0.499597	-2.605393	-0.097507	 0.469776	-4.463980	-0.914715	 0.420158
-0.952404	-4.340739	-0.499131	-0.499379	-3.433445	-0.499597	-2.600705	-0.298349	 0.469776	-4.704903	-0.912975	 0.622051
-0.943708	-4.333199	-0.499131	-0.499379	-3.324563	-0.499597	-2.596026	 0.101230	 0.469776	-4.320590	-0.911239	 0.222297
-0.938446	-4.325672	-0.499131	-0.499379	-3.266688	-0.499597	-2.591355	 0.300572	 0.469776	-4.124633	-0.909506	 0.022420
-0.934904	-4.318159	-0.499131	-0.499379	-3.234323	-0.499597	-2.586692	 0.400243	 0.469776	-4.022863	-0.907777	-0.077518
-0.932224	-4.310658	-0.499131	-0.499379	-2.714720	-0.499597	-2.582038	 0.450078	 0.469776	-3.968192	-0.906051	 0.372512
-0.929976	-4.303170	-0.499131	-0.499379	-2.452575	-0.499597	-2.577392	 0.474996	 0.469776	-3.937078	-0.904328	 0.596828
-0.927945	-4.295696	 0.000869	-0.499379	-1.819162	 0.000403	-1.572755	 0.487455	 0.969776	-2.917751	-0.402608	 0.708287
-0.926026	-4.288234	 0.250391	-0.499379	-1.501189	 0.249928	-1.069925	 0.493684	 1.218288	-2.406254	-0.151749	 0.763319
-0.424164	-2.780785	 0.875152	 0.500621	 2.159061	 0.874691	 3.182000	 0.996799	 1.341060	 4.351323	 1.473681	 0.790139
-0.173233	-2.025955	 1.186101	 0.999087	 3.982970	 1.185649	 5.301275	 1.247017	 1.400964	 7.719387	 2.283450	 0.802853
 0.952233	 2.352564	 0.840146	 1.246789	 7.388723	 1.339708	 6.854236	 1.370788	 1.429438	 10.892716	 2.685393	 0.808517
 1.512936	 4.535978	 0.667169	 1.369112	 9.080070	 1.415320	 7.623154	 1.431339	 1.442199	 12.465801	 2.883429	 0.810656
 1.791263	 5.621849	 0.580681	 1.428748	 9.914238	 1.451711	 8.000062	 1.460281	 1.447107	 13.238791	 2.979518	 0.811034
 3.428405	 11.658959	 0.037437	 1.457045	 13.319842	 1.468494	 10.680981	 0.973423	 0.448091	 18.111759	 3.524638	-0.189468
 4.242029	 14.662144	-0.233703	 1.469675	 15.004780	 1.475477	 12.009419	 0.729993	-0.050859	 20.526054	 3.793329	-0.688706
 5.143903	 19.648394	 0.131209	 1.474474	 18.829423	 1.477561	 14.161638	 0.608278	-0.799777	 24.211055	 4.423812	-1.437314
 5.588935	 22.120124	 0.313665	 1.475361	 20.717548	 1.477199	 15.223072	 0.547421	-1.172669	 26.026625	 4.734248	-1.809758
 5.805559	 25.834631	 0.404893	 1.474296	 23.137466	 1.475617	 16.739138	 0.516992	-1.857551	 28.407532	 4.884670	-1.994124
 5.907989	 27.666220	 0.450507	 1.472256	 24.320127	 1.473427	 17.480748	 0.501778	-2.197419	 29.568262	 4.955094	-2.084453
 6.953334	 29.556396	-0.026686	 0.969734	 25.384219	 1.470935	 17.835160	 0.494171	-2.364784	 30.618962	 4.985528	-2.127767
 7.468194	 30.474172	-0.264801	 0.718472	 25.888015	 1.468296	 17.996001	 0.490367	-2.445905	 31.113739	 4.995976	-2.147577
 7.717828	 30.905795	-0.383379	 0.592842	 26.111725	 1.465586	 18.060087	 0.488466	-2.483907	 31.330613	 4.996440	-2.155638
 7.334863	 32.094390	-0.442189	 1.030026	 26.695452	 1.462843	 18.575825	 0.487515	-2.500356	 31.408594	 5.491921	-2.157827
 7.136591	 32.659781	-0.471116	 1.247119	 26.958178	 1.460085	 18.816519	 0.487039	-2.506033	 31.417189	 5.733969	-2.157084
 7.030679	 32.913620	-0.485102	 1.354168	 27.060467	 1.457324	 18.419721	 0.486801	-2.506330	 31.391148	 5.849311	-2.154878
 6.970959	 33.011733	-0.492095	 1.406198	 27.082600	 1.454563	 18.205107	 0.486683	-2.503941	 31.347848	 5.901311	-2.151943
 6.934350	 32.532033	-0.495592	 1.430723	 27.064716	 1.451804	 18.081616	 0.486623	-2.500215	 31.295977	 5.921651	-2.148647
 6.909308	 32.264346	-0.497340	 1.441497	 27.026885	 1.449050	 18.003714	 0.486593	-2.495825	 31.239879	 5.926172	-2.145174
 6.890064	 32.102712	 0.001786	 1.445399	 26.979144	 0.946301	 17.948637	 0.486579	-2.991108	 31.181726	 5.922794	-2.141615
 6.873732	 31.994154	 0.250871	 1.445869	 26.926508	 0.694926	 17.905000	 0.486571	-3.235222	 31.122603	 5.915477	-2.138016
 6.858868	 31.912182	 0.375413	 1.444625	 26.871486	 0.569238	 17.867113	 0.486567	-3.353757	 31.063053	 5.906201	-2.134401
 6.844752	 31.843552	-0.062315	 1.442527	 26.815333	 1.006395	 17.832129	 0.486566	-3.409510	 31.003348	 5.895956	-2.130780
 6.831023	 31.781639	-0.280703	 1.440006	 26.758676	 1.223603	 17.798627	 0.486565	-3.433880	 30.943623	 5.885238	-2.127160
 6.817500	 31.723134	-0.389896	 1.437275	 26.701827	 1.330840	 17.765893	 0.486564	-2.942564	 30.383945	 5.374294	-2.123543
 6.804094	 31.666380	-0.444493	 1.434443	 26.644943	 1.383094	 17.733573	 0.486564	-2.694426	 30.075315	 5.114198	-2.119931
 6.790758	 31.610550	 0.028209	 1.431564	 26.588103	 1.407858	 17.701488	 0.486564	-2.567880	 30.392263	 5.479535	-2.116324
 6.777471	 31.555229	 0.264081	 1.428663	 26.531346	 1.418881	 17.669549	 0.486564	-2.502137	 30.521091	 5.656646	-2.112723
 6.764222	 31.500211	-0.117982	 1.425755	 25.974690	 1.423036	 17.637712	 0.486564	-2.466799	 30.055916	 5.739655	-2.109128
 6.751003	 31.445391	-0.308537	 1.422846	 25.669213	 1.423759	 17.605955	 0.486564	-2.446670	 29.794762	 5.775624	-2.105539
 6.737814	 31.390718	-0.403814	 1.419940	 25.489384	 1.422768	 17.574266	 0.486564	-2.434149	 29.635674	 5.788083	-2.101956
 6.724651	 31.336166	 0.048547	 1.417038	 25.872437	 1.420924	 17.542639	 0.486564	-2.425438	 29.527674	 5.788798	-2.098380
 6.711515	 31.281721	 0.274250	 1.414142	 26.035920	 1.418655	 17.511072	 0.486564	-2.418636	 29.445272	 5.783650	-2.094809
 6.698405	 31.227378	-0.112899	 1.411250	 26.089679	 1.416177	 17.479563	 0.486564	-2.412794	 29.375725	 5.275583	-2.091244
 6.685321	 31.173132	-0.305996	 1.408365	 26.088634	 1.413596	 17.448112	 0.486564	-2.407437	 29.312660	 5.017016	-2.087685
 6.672263	 31.118982	-0.402545	 1.405485	 26.060249	 1.410966	 17.416718	 0.486564	-2.402328	 29.252890	 4.883209	-2.084133
 6.659230	 31.064927	-0.450819	 1.402611	 26.018251	 1.408315	 17.385380	 0.486564	-2.397347	 29.194822	 4.811790	-2.080586
 6.646222	 31.010966	-0.474956	 1.399743	 25.969508	 1.405656	 17.854098	 0.486564	-2.392435	 29.637661	 4.771573	-2.077046
 6.633240	 30.957099	-0.487025	 1.396881	 25.917451	 1.402995	 18.071974	 0.486564	-2.387563	 29.830040	 4.746967	-2.073511
 6.620283	 30.903325	-0.493059	 1.394025	 25.863795	 1.400335	 18.164457	 0.486564	-2.382715	 29.897247	 4.730173	-2.069983
 6.607352	 30.849646	-0.496076	 1.391174	 25.809401	 1.397679	 17.694274	 0.486564	-2.377884	 29.401923	 5.217296	-2.066460
 6.594446	 30.796059	-0.497585	 1.388330	 25.754694	 1.395027	 17.443687	 0.486564	-2.373067	 29.126355	 5.455433	-2.062944
 7.081565	 30.742565	 0.001661	 1.385491	 25.699892	 1.392380	 17.302926	 0.486564	-2.368262	 28.960719	 5.569089	-2.059433
 7.317732	 30.689165	 0.250806	 1.382658	 25.645099	 1.389738	 17.217106	 0.486564	-2.363467	 28.850103	 5.620514	-2.055929
 7.428438	 30.635857	-0.124622	 0.879830	 25.590370	 1.387100	 17.158783	 0.486564	-1.858683	 28.767050	 5.640833	-2.052430
 7.476428	 30.582642	-0.311858	 0.628417	 25.535732	 1.384468	 17.114238	 0.486564	-1.604920	 28.697832	 5.645611	-2.048938
 6.993075	 30.529519	-0.405476	 1.002710	 25.481196	 1.381840	 17.076609	 0.486564	-1.976671	 28.635586	 5.142627	-2.045451
 6.745040	 30.476488	-0.452286	 1.188449	 25.426771	 1.379217	 17.042465	 0.486564	-2.160170	 28.576879	 4.886725	-2.041970
 6.614677	 30.423550	-0.475690	 1.279913	 25.372458	 1.376600	 17.010092	 0.486564	-2.249548	 28.519994	 4.754370	-2.038495
 6.543163	 30.370704	-0.487392	 1.324243	 25.318260	 1.373987	 16.978632	 0.486564	-1.791869	 27.964074	 4.683799	-2.035026
 6.501085	 30.317949	-0.493244	 1.345009	 25.264177	 1.371379	 16.947655	 0.486564	-1.561679	 27.659654	 4.644127	-2.031563
 6.473738	 28.265286	-0.496169	 0.853995	 23.710209	 1.368777	 15.416948	 0.486564	-1.945237	 23.981036	 4.619913	-1.528106
 6.453769	 27.216188	-0.497632	 0.608489	 22.909560	 1.366179	 14.639101	 0.486564	-2.134659	 22.122127	 4.603437	-1.275506
 5.937501	 21.668913	 0.001637	 0.985735	 17.985621	 1.363586	 12.237708	 0.486564	-1.227018	 16.673111	 3.590838	-0.648335
 5.674072	 18.881274	 0.250793	 1.172965	 15.509701	 1.360998	 11.028162	 0.486564	-0.773197	 13.937768	 3.082087	-0.334750
 4.537073	 12.973477	 0.375371	 0.765189	 11.257819	 1.358415	 8.914556	 0.986564	-0.046287	 10.059281	 2.825265	 0.322042
 3.965253	 10.013441	 0.437660	 0.561302	 9.124396	 1.355837	 7.851635	 1.235236	 0.316480	 8.114071	 2.694412	 0.649606
 3.676029	 8.527298	 0.468805	 0.459358	 8.050217	 1.353263	 7.314066	 1.358246	 0.497175	 7.135511	 2.626548	 0.812556
 2.528109	 3.778111	 0.484377	 0.408386	 3.505677	 1.350695	 3.039186	 0.918429	 0.586837	 0.140287	 1.090184	 0.893201
 1.952801	 1.404360	 0.492163	 0.382900	 1.234516	 1.348132	 0.902857	 0.698520	 0.630983	-3.350708	 0.322001	 0.932695
 0.663802	-2.781673	-0.003944	-0.129843	-2.399957	 0.345573	-1.664197	 0.088565	 0.152373	-5.589600	-0.562090	 0.451615
 0.019913	-4.868638	-0.251520	-0.385558	-4.210748	-0.155083	-2.943918	-0.215946	-0.086932	-6.701489	-1.002760	 0.211075
-0.801422	-5.906079	-0.375308	-0.512760	-5.109712	-0.404789	-3.579978	-0.367737	-0.206584	-7.249890	-1.221723	 0.090805
-1.210505	-6.418769	-0.437202	-0.575706	-5.552777	-0.529020	-3.894216	-0.443168	-0.266411	-7.516562	-1.329835	 0.030670
-0.913465	-7.169094	-0.468149	-0.606526	-6.267905	-0.590516	-4.047548	-0.480421	 0.203676	-7.142385	-0.882524	 0.500603
-0.764342	-7.537379	-0.483623	-0.621285	-6.618010	-0.620646	-4.120435	-0.498585	 0.438038	-6.948762	-0.658868	 0.734743
-0.689181	-7.714655	-0.491360	-0.628014	-6.785620	-0.635093	-4.153106	-0.507205	 0.554538	-6.845429	-0.547040	 0.850989
-0.651000	-7.296439	-0.495228	-0.630729	-6.861999	-0.641700	-4.165676	-0.011054	 0.112109	-7.287254	-0.991126	 0.908289
-0.631311	-7.081357	-0.497162	-0.631439	-6.892777	-0.644388	-4.168202	 0.237021	-0.109106	-7.500705	-1.211805	 0.936117
-0.620869	-6.967852	-0.498129	-0.631148	-6.900772	-0.645118	-4.165713	-0.138942	 0.280287	-7.599984	-1.320782	 0.949211
-0.615052	-6.905147	-0.498613	-0.630358	-6.897390	-0.644870	-4.160723	-0.326463	 0.474306	-7.642190	-1.373912	 0.954939
-0.611549	-7.367852	 0.501145	-0.629319	-6.888335	-0.644135	-4.154489	-0.419764	 1.070639	-4.155875	-1.399119	 0.456986
-0.609203	-7.592403	 0.999592	-0.628157	-6.876460	-0.643156	-4.147641	-0.465957	 1.367118	-2.412071	-1.410369	 0.208010
 0.892563	-6.697890	 0.247386	-0.626935	-6.863191	-0.642058	-4.140491	-0.488596	 1.013674	-5.039524	-1.414643	 0.583521
 1.641107	-6.245593	-0.128236	-0.625684	-6.849240	-0.640900	-4.133198	-0.499458	 0.836284	-6.345849	-1.415430	 0.770461
 2.013045	-6.014413	-0.315565	-0.624420	-6.834964	-0.639714	-4.125839	-0.504434	 0.746922	-6.991624	-1.414477	 0.863116
 0.196685	-6.393800	-0.408750	-0.623151	-6.820541	-0.638516	-4.118455	-0.506467	 0.701575	-7.307138	-1.412657	 0.908631
-0.709913	-6.577611	-0.454864	-0.621881	-6.806060	-0.637311	-4.111064	-0.507029	 0.678238	-7.457537	-1.410406	 0.930576
-0.661634	-6.663644	-0.477442	-0.620611	-6.791565	-0.636106	-4.103677	-0.506856	 0.665906	-8.025391	-1.407941	 0.440739
-0.636895	-6.700798	-0.488255	-0.619343	-6.777079	-0.634900	-4.096298	-0.506318	 0.659079	-8.301023	-1.405373	 0.195820
-1.123927	-6.713523	-0.493661	-0.618077	-6.762613	-0.633696	-4.088930	-0.505596	 0.655005	-7.430559	-1.402755	 0.573360
-1.365870	-6.714044	-0.496364	-0.616814	-6.748173	-0.632494	-4.081574	-0.504785	 0.652309	-6.988994	-1.400114	 0.761321
-0.985272	-6.708473	-0.497715	-0.615553	-6.733760	-0.631294	-4.074231	-0.003929	 0.650304	-6.761891	-1.397466	 0.854494
-0.794382	-6.699866	-0.498391	-0.614294	-6.719377	-0.630096	-4.066901	 0.246499	 0.648645	-6.642030	-1.394815	 0.900274
-0.698347	-7.189751	-0.498729	-0.613038	-6.705024	-0.628900	-4.059583	-0.128287	 0.647161	-6.575804	-1.392166	 0.922360
-0.649742	-7.428023	-0.498898	-0.611784	-6.690702	-0.627706	-4.052279	-0.315231	 0.645765	-6.536406	-1.389521	 0.932599
-0.624852	-7.540501	-0.498982	-0.610533	-6.676409	-0.626515	-4.044988	-0.408254	 0.644415	-6.510435	-1.386879	 0.936916
-0.611821	-7.090094	-0.499024	-0.609285	-6.662147	-0.625326	-4.037710	-0.454318	 0.643090	-6.991190	-1.384243	 0.938274
-0.604721	-6.859123	-0.499046	-0.608039	-6.647916	-0.624139	-4.030445	-0.476903	 0.641777	-7.224354	-1.381611	 0.938153
-1.100587	-7.237881	-0.499056	-0.606796	-6.633715	-0.622955	-4.023193	-0.488195	 0.640473	-6.833737	-1.378984	 0.937295
-1.346961	-7.420645	-0.499061	-0.605555	-6.619544	-0.621772	-4.015954	-0.493841	 0.639174	-6.632208	-1.376361	 0.936069
-0.968592	-7.005423	-0.499064	-0.604317	-6.105404	-0.620592	-4.008728	 0.003335	 0.637879	-7.025235	-1.373744	 0.934660
-0.778831	-6.792089	-0.499065	-0.603081	-5.842362	-0.619414	-4.001515	 0.251477	 0.636587	-7.214588	-1.371132	 0.933162
-1.183375	-6.679708	-0.499066	-0.601848	-6.204881	-0.618239	-3.994315	-0.124453	 0.635298	-7.302116	-1.368525	 0.931620
-1.384096	-6.617814	-0.499066	-0.600617	-6.379127	-0.617065	-3.987129	-0.311970	 0.634012	-7.338747	-1.365923	 0.930058
-1.482909	-6.581173	-0.499066	-0.599389	-6.459250	-0.615894	-3.979955	-0.405729	 0.632728	-7.349942	-1.363325	 0.928487
-1.030771	-6.557168	-0.499067	-0.598163	-6.492327	-0.614725	-3.972793	 0.047391	 0.631447	-7.348433	-1.360733	 0.926913
-0.804136	-6.539492	-0.499067	-0.596940	-6.501895	-0.613559	-3.965645	 0.273505	 0.630169	-7.340586	-1.358146	 0.925338
-0.690255	-6.524989	-0.499067	-0.595720	-6.499725	-0.612394	-3.958510	-0.113439	 0.628894	-6.829583	-1.355563	 0.923765
-0.632752	-6.512084	-0.499067	-0.594501	-6.491700	-0.611232	-3.951387	-0.306463	 0.627621	-6.567982	-1.352985	 0.922194
-0.603438	-6.499986	-0.499067	-0.593286	-6.480762	-0.610072	-3.944278	 0.097024	 0.626350	-6.431094	-1.350413	 0.920625
-0.588221	-6.488303	-0.499067	-0.592073	-6.468383	-0.608914	-3.937181	 0.298321	 0.625082	-6.356573	-1.347845	 0.919058
-0.580052	-6.476836	-0.499067	-0.590862	-5.955298	-0.607758	-3.930097	 0.398969	 0.123817	-6.313248	-1.345282	 0.917494
-0.575410	-6.465487	-0.499067	-0.589654	-5.692943	-0.606605	-3.923025	 0.449293	-0.126816	-6.285533	-1.342724	 0.915933
-0.572531	-6.454207	-0.499067	-0.588448	-5.555965	-0.605454	-3.915967	 0.474456	-0.252132	-6.265634	-1.340171	 0.914375
-0.570535	-6.442972	-0.499067	-0.587245	-5.981688	-0.604304	-3.908921	 0.487037	 0.185210	-6.249655	-0.837622	 0.912819
-0.568982	-6.431768	-0.499067	-0.586044	-6.187705	-0.603158	-3.901888	 0.493327	 0.403251	-6.235648	-0.586348	 0.911265
-0.567651	-6.420590	-0.499067	-0.584846	-5.783885	-0.602013	-3.894867	 0.496472	 0.511642	-6.222638	-0.960711	 0.909715
-0.566433	-6.409434	-0.499067	-0.583650	-5.576229	-0.600870	-3.887859	 0.498045	 0.565211	-6.210138	-1.146623	 0.908167
-0.565271	-6.398299	-0.499067	-0.582456	-5.466667	-0.599730	-3.880864	-0.001169	 0.591368	-6.197905	-1.238312	 0.906621
-0.564140	-6.387184	-0.499067	-0.581265	-5.406164	-0.598592	-3.873881	-0.250329	 0.603822	-6.185817	-1.282892	 0.905078
-0.563024	-6.376089	-0.499067	-0.580077	-5.370203	-0.597455	-3.866911	 0.125092	 0.609426	-6.173813	-0.803920	 0.903538
-0.561917	-6.365013	-0.499067	-0.578891	-5.346525	-0.596322	-3.859953	 0.312354	 0.611605	-6.161863	-0.564434	 0.902001
-0.560816	-6.353957	-0.499067	-0.577707	-5.329000	-0.595190	-3.853008	 0.405986	 0.612073	-6.149950	-0.444691	 0.900466
-0.559719	-6.342920	-0.499067	-0.576526	-5.314565	-0.594060	-3.846075	 0.452802	 0.611687	-6.138069	-0.884820	 0.898933
-0.558625	-6.331902	-0.499067	-0.575347	-5.301686	-0.592933	-3.839155	 0.476210	 0.610876	-6.126214	-1.103624	 0.897404
-0.557534	-6.320904	-0.499067	-0.574170	-5.789598	-0.591807	-3.832247	-0.012086	 0.609853	-6.114383	-1.211769	 0.895877
-0.556444	-6.309924	-0.499067	-0.572996	-6.026849	-0.590684	-3.825352	-0.255788	 0.608725	-6.102577	-1.264587	 0.894352
-1.055357	-6.298964	-0.499067	-0.571825	-5.638784	-0.589563	-3.818469	 0.122362	 0.607546	-6.090794	-1.289743	 0.892830
-1.303296	-6.288022	-0.499067	-0.570655	-5.439143	-0.588444	-3.811599	 0.310990	 0.606343	-6.079034	-1.301071	 0.891311
-1.425750	-6.277100	-0.499067	-0.569488	-5.333727	-0.587327	-3.804741	-0.094697	 0.605129	-6.067296	-1.305487	 0.889794
-1.485465	-6.266196	-0.499067	-0.568324	-5.275434	-0.586213	-3.797895	-0.297093	 0.603911	-6.055582	-1.306450	 0.888280
-1.513814	-6.255312	-0.499067	-0.567162	-5.240716	-0.585100	-3.791061	-0.398291	 0.602691	-6.043890	-1.305688	 0.886768
-1.526482	-6.244446	-0.499067	-0.566002	-5.217796	-0.583990	-3.784240	-0.448890	 0.601473	-6.032220	-1.304067	 0.885259
-1.531312	-6.233599	-0.499067	-0.564845	-5.200787	-0.582881	-3.777431	-0.474189	 0.600256	-6.020574	-1.302018	 0.883753
-1.532228	-6.222771	-0.499067	-0.563690	-5.186746	-0.581775	-3.770634	 0.013161	 0.599042	-6.008949	-1.299757	 0.882249
-1.531188	-6.211962	-0.499067	-0.562537	-5.174201	-0.580671	-3.763850	 0.256389	 0.597829	-5.997347	-1.297393	 0.880748
-1.029173	-6.201172	-0.499067	-0.561387	-5.162415	-0.579569	-3.757078	 0.378003	 0.596619	-5.985768	-0.794980	 0.879249
-0.777651	-6.190400	-0.499067	-0.560239	-5.151021	-0.578469	-3.750318	 0.438810	 0.595412	-5.974211	-0.543773	 0.877753
-1.151377	-6.179647	-0.499067	-0.559093	-5.139834	-0.577371	-3.743570	-0.030787	 0.594207	-5.962676	-0.418170	 0.876259
-1.336750	-6.168913	-0.499067	-0.557950	-5.128763	-0.576275	-3.736834	-0.265138	 0.593004	-5.951163	-0.355369	 0.874768
-1.427950	-6.158198	-0.499067	-0.556809	-5.117762	-0.575181	-3.730110	-0.382313	 0.591804	-5.939673	-0.323968	 0.873279
-0.972066	-6.147501	-0.499067	-0.555671	-5.106806	-0.574090	-3.723399	-0.440901	 0.590606	-5.928205	-0.308267	 0.871793
-0.743620	-6.136822	-0.499067	-0.554534	-5.095886	-0.573000	-3.716700	-0.470195	 0.589410	-5.916759	-0.300417	 0.870310
-0.628894	-6.126163	-0.499067	-0.553400	-5.584994	-0.571913	-3.710012	 0.015158	 0.588217	-6.405335	-0.796492	 0.868829
-0.571029	-6.115521	-0.499067	-0.552269	-5.823061	-0.570827	-3.703337	 0.257387	 0.587026	-6.642968	-1.043301	 0.867350
-0.541595	-6.104898	-0.499067	-0.551139	-5.435621	-0.569744	-3.696673	 0.378502	 0.585838	-6.255142	-1.165478	 0.865874
-0.526378	-6.094294	-0.499067	-0.550013	-5.236508	-0.568662	-3.690022	 0.439059	 0.584652	-6.055564	-1.225343	 0.864401
-0.518270	-6.083708	-0.499067	-0.548888	-5.131572	-0.567583	-3.683383	 0.469338	 1.083469	-5.950123	-1.254053	 0.862930
-0.513718	-6.073141	-0.499067	-0.547765	-5.073735	-0.566506	-3.676755	 0.484477	 1.331276	-5.891759	-1.267189	 0.861461
-0.510944	-6.062591	-0.499067	-0.546645	-5.039459	-0.565431	-3.670140	 0.492047	 1.453581	-5.856946	-1.272539	 0.859995
-1.009061	-6.052061	-0.499067	-0.545528	-5.016975	-0.564358	-3.663536	 0.495832	 1.013139	-5.833919	-0.774000	 0.858532
-1.256648	-6.041548	-0.499067	-0.544412	-5.000398	-0.563286	-3.656944	 0.497724	 0.792338	-5.816796	-0.524730	 0.857071
-1.378972	-6.031054	-0.499067	-0.543299	-4.986787	-0.562217	-3.650364	 0.498671	 0.681359	-5.802635	-0.900095	 0.855613
-1.438668	-6.020578	-0.499067	-0.542188	-4.974670	-0.561150	-3.643796	 0.499144	 0.625292	-5.789967	-1.086565	 0.854157
-1.467052	-6.010120	-0.499067	-0.541079	-4.963310	-0.560085	-3.637240	-0.000620	 0.596683	-5.778055	-1.178589	 0.852703
-1.479784	-5.999680	-0.499067	-0.539973	-4.952342	-0.559022	-3.630696	-0.250055	 0.581803	-5.766533	-1.223394	 0.851252
-1.484692	-5.989258	-0.499067	-0.538869	-5.441580	-0.557961	-3.624163	 0.125228	 0.573789	-5.755216	-0.744590	 0.849803
-1.485692	-5.978855	-0.499067	-0.537767	-5.679864	-0.556902	-3.617642	 0.312422	 0.569210	-5.744012	-0.505188	 0.848357
-1.484739	-5.968469	-0.499067	-0.536667	-5.792685	-0.555845	-3.611133	 0.406019	 0.566349	-5.732876	-0.385487	 0.846914
-1.482814	-5.958102	-0.499067	-0.535570	-5.342788	-0.554790	-3.604636	 0.452818	 0.564348	-5.721784	-0.825637	 0.845473
-1.480405	-5.947753	-0.499067	-0.534475	-5.112613	-0.553738	-3.598150	 0.476217	 0.562778	-5.710726	-1.044508	 0.844034
-0.977757	-5.937421	-0.499067	-0.533382	-4.992311	-0.552687	-3.591676	-0.012083	 0.561426	-5.699694	-0.652743	 0.842598
-0.726433	-5.927108	-0.499067	-0.532291	-4.926956	-0.551638	-3.585213	-0.255786	 0.560182	-5.688686	-0.456860	 0.841164
-1.100771	-5.916812	-0.499067	-0.531203	-4.889086	-0.550591	-3.578762	 0.122362	 0.558995	-5.677701	-0.358918	 0.839732
-1.286499	-5.906535	-0.499067	-0.530117	-4.864970	-0.549546	-3.572323	 0.310989	 0.557837	-5.666738	-0.309948	 0.838303
-0.877926	-5.896275	-0.499067	-0.529033	-4.847741	-0.548503	-3.565896	 0.405303	 0.556694	-5.655797	-0.785462	 0.836877
-0.673639	-5.886033	-0.499067	-0.527951	-4.833967	-0.547462	-3.559480	 0.452460	 0.555561	-5.644876	-1.022021	 0.835453
-0.571495	-5.875809	-0.499067	-0.526871	-4.821932	-0.546423	-3.553075	 0.476038	 0.554433	-5.633977	-1.139103	 0.834031
-1.020424	-5.865602	-0.499067	-0.525794	-4.810777	-0.545386	-3.546682	-0.012173	 0.553309	-5.623099	-1.196450	 0.832612
-1.243453	-5.855414	-0.499067	-0.524719	-4.800073	-0.544350	-3.540301	-0.255831	 0.552188	-5.612242	-1.223932	 0.831195
-0.853535	-5.845243	-0.499067	-0.523646	-4.789606	-0.543317	-3.533931	 0.122339	 1.051070	-5.601406	-1.236483	 0.829780
-0.658576	-5.835089	-0.499067	-0.522575	-4.779268	-0.542286	-3.527572	 0.310978	 1.298942	-5.590591	-1.241571	 0.828368
-0.561097	-5.824954	-0.499067	-0.521506	-5.269005	-0.541257	-3.521225	 0.405297	 1.421313	-5.579797	-1.242929	 0.826959
-0.512357	-5.814836	-0.499067	-0.520440	-5.507723	-0.540230	-3.514889	 0.452456	 1.480936	-5.569024	-1.242426	 0.825552
-0.487987	-5.804735	-0.499067	-0.519376	-5.620944	-0.539204	-3.508565	 0.476036	 1.509188	-5.558271	-0.740993	 0.824147
-0.475802	-5.794652	-0.499067	-0.518314	-5.671430	-0.538181	-3.502252	 0.487826	 1.521758	-5.547540	-0.490277	 0.822744
-0.469710	-5.784587	-0.499067	-0.517254	-5.690562	-0.537160	-3.495951	 0.493721	 1.526490	-5.536829	-0.364919	 0.821344
-0.466664	-5.774539	-0.499067	-0.516196	-5.194029	-0.536140	-3.489660	 0.496669	 1.027306	-5.526138	-0.302240	 0.819946
-0.465140	-5.764508	-0.499067	-0.515141	-4.940745	-0.535123	-3.483381	 0.498142	 0.777180	-5.515469	-0.270900	 0.818551
-0.964379	-5.754495	-0.499067	-0.514087	-4.809097	-0.534107	-3.477114	 0.498879	 0.651584	-5.504820	-0.255230	 0.817158
-1.212569	-5.744499	-0.499067	-0.513036	-4.738277	-0.533093	-3.470858	 0.499248	 0.588253	-5.494191	-0.247395	 0.815768
-0.835237	-6.234521	-0.499067	-0.511987	-4.697881	-0.532081	-3.464613	 0.499432	 0.556056	-5.983583	-0.743478	 0.814380
-0.646571	-6.473691	-0.499067	-0.510940	-4.672709	-0.531072	-3.458379	 0.499524	 0.539428	-6.222030	-0.990341	 0.812994
-1.052238	-6.087447	-0.499067	-0.509895	-4.655159	-0.530064	-3.452156	-0.000430	 1.030584	-5.835017	-1.112596	 0.811610
-1.253648	-5.889372	-0.499067	-0.508853	-4.641431	-0.529058	-3.445945	-0.249960	 1.274623	-5.636251	-1.172549	 0.810229
-1.352931	-5.785393	-0.499067	-0.507812	-4.629624	-0.528054	-3.439744	-0.374725	 1.395105	-5.531618	-1.201354	 0.808850
-0.901155	-5.728468	-0.499067	-0.506774	-4.618788	-0.527051	-3.433555	-0.437107	 0.953812	-5.474063	-1.214587	 0.807474
-0.675267	-5.695080	-0.499067	-0.505738	-4.608448	-0.526051	-3.427377	-0.468299	 0.732647	-5.440056	-1.220036	 0.806100
-1.062323	-5.673469	-0.499067	-0.504704	-4.598367	-0.525053	-3.421211	 0.016106	 0.621546	-5.417834	-0.721596	 0.804728
-1.254435	-5.657755	-0.499067	-0.503672	-4.588426	-0.524056	-3.415055	 0.257861	 0.565480	-5.401514	-0.472375	 0.803359
-0.849079	-5.644997	-0.499067	-0.502642	-4.578565	-0.523062	-3.408910	 0.378738	 1.036931	-5.388156	-0.847765	 0.801992
-0.646400	-5.633727	-0.499067	-0.501614	-4.568755	-0.522069	-3.402777	 0.439177	 1.271130	-5.376287	-1.034297	 0.800627
-1.045061	-5.623209	-0.499067	-0.500588	-4.558981	-0.521078	-3.396654	 0.469396	 0.886705	-5.365175	-0.626403	 0.799264
-1.242982	-5.613075	-0.499067	-0.500075	-4.549235	-0.520089	-3.390543	 0.484506	 0.693985	-5.354449	-0.422455	 0.797904
-1.340534	-5.603142	-0.499067	-0.499819	-4.539513	-0.519102	-3.384442	 0.492061	 0.597118	-5.343928	-0.320481	 0.796547
-0.887906	-5.593317	-0.499067	-0.499691	-4.529814	-0.518117	-3.378352	 0.495838	 0.548177	-5.333519	-0.269495	 0.795191
-0.661592	-5.583556	-0.499067	-0.499627	-4.520137	-0.517133	-3.372274	 0.497727	 0.523707	-5.323175	-0.244001	 0.793838
-1.048435	-5.573834	-0.499067	-0.499594	-4.510480	-0.516152	-3.366206	 0.498671	 0.511472	-5.312874	-0.731255	 0.792487
-1.240455	-5.564141	-0.499067	-0.499578	-4.500845	-0.515172	-3.360149	 0.499144	 0.505355	-5.302605	-0.973723	 0.791138
-1.335066	-5.554470	-0.499067	-0.499570	-4.491230	-0.514194	-3.354104	 0.499380	 1.002296	-5.292361	-1.093800	 0.789792
-1.380975	-5.544819	-0.499067	-0.499566	-4.481636	-0.513219	-3.348069	 0.499498	 1.249249	-5.282140	-1.152685	 0.788448
-0.902536	-5.535186	-0.499067	-0.499564	-4.472063	-0.512245	-3.342044	 0.499557	 1.371212	-5.271940	-1.180976	 0.787107
-0.663317	-5.525570	-0.499067	-0.499563	-4.462510	-0.511272	-3.336031	 0.499586	 1.430682	-5.261760	-1.193971	 0.785767
-1.043707	-5.515972	-0.499067	-0.499563	-4.452977	-0.510302	-3.330029	 0.499601	 0.958908	-5.251601	-1.199321	 0.784430
-1.232511	-5.506390	-0.499067	-0.499563	-4.443465	-0.509333	-3.324037	 0.499608	 0.723022	-5.241461	-1.200851	 0.783095
-1.325525	-5.496826	-0.499067	-0.499563	-4.433973	-0.508367	-3.318056	 0.499612	 0.605079	-5.231341	-1.200473	 0.781763
-0.870647	-5.487277	-0.499067	-0.499562	-4.424501	-0.507402	-3.312086	 0.499614	 1.046107	-5.221240	-0.699143	 0.780432
-0.643207	-5.477746	-0.499067	-0.499562	-4.415049	-0.506439	-3.306127	 0.499615	 1.265116	-5.211159	-0.448478	 0.779104
-1.029488	-5.468231	-0.499067	-0.499562	-4.405618	-0.505478	-3.300178	 0.499615	 1.373118	-5.201098	-0.323145	 0.777778
-1.221245	-5.458732	-0.499067	-0.499562	-4.396207	-0.504518	-3.294240	 0.499616	 1.425621	-5.191056	-0.260479	 0.776455
-1.315744	-5.449251	-0.499067	-0.499562	-4.386816	-0.503561	-3.288313	 0.499616	 1.450376	-5.181033	-0.229146	 0.775134
-1.361616	-5.439785	-0.499067	-0.499562	-4.377445	-0.502605	-3.282396	 0.499616	 1.461260	-5.171029	-0.213479	 0.773814
-0.883177	-5.430336	-0.499067	-0.499562	-4.368094	-0.501651	-3.276490	 0.499616	 0.965213	-5.161045	-0.705646	 0.772498
-0.643958	-5.420903	-0.499067	-0.499562	-4.358763	-0.500699	-3.270595	 0.499616	 0.717189	-5.151081	-0.950590	 0.771183
-0.524349	-5.411487	-0.499067	-0.499562	-4.349452	-0.500223	-3.264710	 0.499616	 0.593177	-5.141135	-1.071926	 0.769871
-0.964544	-5.402087	-0.499067	-0.499562	-4.340161	-0.499985	-3.258836	-0.000384	 1.031171	-5.131209	-0.631459	 0.768561
-1.183269	-5.392704	-0.499067	-0.499562	-4.330889	-0.499866	-3.252972	-0.249937	 1.248681	-5.121302	-0.411226	 0.767253
-0.791263	-5.383336	-0.499067	-0.499562	-4.321638	-0.499807	-3.247119	 0.125286	 1.355952	-5.111413	-0.301109	 0.765947
-0.595260	-5.373985	-0.499067	-0.499562	-4.312406	-0.499777	-3.241277	 0.312451	 1.408107	-5.101545	-0.246051	 0.764644
-0.497258	-5.364651	-0.499067	-0.499562	-4.303194	-0.499762	-3.235445	 0.406033	 1.432706	-5.091695	-0.218522	 0.763343
-0.448257	-5.355332	-0.499067	-0.499562	-4.294002	-0.499755	-3.229623	 0.452824	 1.443531	-5.081864	-0.204757	 0.762044
-0.923757	-5.346030	-0.499067	-0.499562	-4.284829	-0.499751	-3.223812	 0.476220	 1.447471	-5.072052	-0.197875	 0.760747
-1.160140	-5.336744	-0.499067	-0.499562	-4.275676	-0.499749	-3.218012	 0.487918	 1.447972	-5.062259	-0.194434	 0.759452
-1.276968	-5.327474	-0.499067	-0.499562	-4.266542	-0.499748	-3.212222	 0.493767	 1.446757	-5.052485	-0.192713	 0.758160
-1.334020	-5.318220	-0.499067	-0.499562	-4.257428	-0.499748	-3.206442	 0.496691	 0.944686	-5.042730	-0.191853	 0.756870
-1.361188	-5.308982	-0.499067	-0.499562	-4.248334	-0.499747	-3.200673	 0.498153	 0.693651	-5.032993	-0.191423	 0.755582
-1.373416	-5.299760	-0.499067	-0.499562	-4.239259	-0.499747	-3.194914	 0.498885	 1.068133	-5.023276	-0.191208	 0.754296
-1.378177	-5.290554	-0.499067	-0.499562	-4.230203	-0.499747	-3.189165	 0.499250	 1.253914	-5.013577	-0.191100	 0.753013
-0.879206	-5.281364	-0.499067	-0.499562	-4.221166	-0.499747	-3.183427	 0.499433	 0.845348	-5.003897	-0.191046	 0.751731
-0.629721	-5.272190	-0.499067	-0.499562	-4.212149	-0.499747	-3.177699	 0.499524	 0.641065	-4.994236	-0.191020	 0.750452
-0.504979	-5.263033	-0.499067	-0.499562	-4.203151	-0.499747	-3.171982	 0.499570	 0.538923	-4.984593	-0.191006	 0.749175
-0.442607	-5.253891	-0.499067	-0.499562	-4.194173	-0.499747	-3.166274	 0.499593	 0.487852	-4.974969	-0.190999	 0.747900
-0.411422	-5.244764	-0.499067	-0.499562	-4.185213	-0.499747	-3.160577	 0.499604	 0.462317	-4.965363	-0.190996	 0.746627
-0.395829	-5.235654	-0.499067	-0.499562	-4.176273	-0.499747	-3.154891	 0.499610	 0.949549	-4.955776	-0.690994	 0.745357
-0.388032	-5.226560	-0.499067	-0.499562	-4.167352	-0.499747	-3.149214	 0.499613	 1.191711	-4.946208	-0.939861	 0.744088
-0.884134	-5.217481	-0.499067	-0.499562	-4.158449	-0.499747	-3.143548	 0.499614	 0.811341	-4.936658	-0.563164	 0.742822
-1.130837	-5.208418	-0.499067	-0.499562	-4.149566	-0.499747	-3.137892	 0.499615	 0.621156	-4.927126	-0.374816	 0.741558
-0.752843	-5.199371	-0.499067	-0.499562	-4.140702	-0.499747	-3.132246	 0.499615	 1.026063	-4.917613	-0.280642	 0.740296
-0.563846	-5.190340	-0.499067	-0.499562	-4.131857	-0.499747	-3.126610	 0.499615	 1.227069	-4.908118	-0.233555	 0.739036
-0.969348	-5.181324	-0.499067	-0.499562	-4.623031	-0.499747	-3.120984	 0.499616	 1.326126	-4.898642	-0.710011	 0.737779
-1.170756	-5.172324	-0.499067	-0.499562	-4.863155	-0.499747	-3.115369	 0.499616	 1.374212	-4.889184	-0.947111	 0.736523
-1.270120	-5.163339	-0.499067	-0.499562	-4.977766	-0.499747	-3.109763	 0.499616	 1.396816	-4.879744	-1.064535	 0.735270
-0.818464	-5.154370	-0.499067	-0.499562	-4.529633	-0.499747	-3.104168	 0.499616	 1.406681	-4.870322	-0.622124	 0.734019
-0.592636	-5.145417	-0.499067	-0.499562	-4.301207	-0.499747	-3.098583	 0.499616	 1.410180	-4.860919	-0.400918	 0.732770
-0.979722	-5.136479	-0.499067	-0.499562	-4.182644	-0.499747	-3.093007	 0.499616	 0.910499	-4.851533	-0.290315	 0.731523
-1.171930	-5.127557	-0.499067	-0.499562	-4.119022	-0.499747	-3.087442	 0.499616	 0.660658	-4.842166	-0.235014	 0.730278
-1.266702	-5.118651	-0.499067	-0.499562	-4.082879	-0.499747	-3.081887	 0.499616	 1.035738	-4.832817	-0.207363	 0.729035
-1.312758	-5.109759	-0.499067	-0.499562	-4.060485	-0.499747	-3.076342	 0.499616	 1.221850	-4.823486	-0.193538	 0.727795
-1.334459	-5.600884	-0.499067	-0.499562	-4.044975	-0.499747	-3.070807	 0.499616	 1.313481	-4.814173	-0.186625	 0.726556
-1.343985	-5.841155	-0.499067	-0.499562	-4.032917	-0.499747	-3.065281	 0.499616	 1.357874	-4.804878	-0.183168	 0.725320
-1.347427	-5.956008	-0.499067	-0.499562	-4.022593	-0.499747	-3.059766	 0.499616	 1.378651	-4.795601	-0.181440	 0.724086
-1.347828	-5.508163	-0.499067	-0.499562	-4.013145	-0.499747	-3.054261	-0.000384	 1.387624	-4.786342	-0.180576	 0.722853
-1.346712	-5.279845	-0.499067	-0.499562	-4.004145	-0.499747	-3.048765	-0.249937	 1.390697	-4.777100	-0.180144	 0.721623
-0.844839	-5.161299	-0.499067	-0.499562	-3.995378	-0.499747	-3.043280	 0.125286	 1.390822	-4.767877	-0.179928	 0.720395
-0.593903	-5.097646	-0.499067	-0.499562	-3.986737	-0.499747	-3.037804	 0.312451	 1.389477	-4.758671	-0.179820	 0.719169
-0.968435	-5.061447	-0.499067	-0.499562	-3.978167	-0.499747	-3.032338	-0.093967	 1.387400	-4.749483	-0.179766	 0.717946
-1.154390	-5.038984	-0.499067	-0.499562	-3.969642	-0.499747	-3.026882	-0.296729	 1.384959	-4.740313	-0.179739	 0.716724
-0.746058	-5.023395	-0.499067	-0.499562	-3.961149	-0.499747	-3.021436	-0.398110	 1.382340	-4.731161	-0.179726	 0.715504
-0.541892	-5.011251	-0.499067	-0.499562	-3.952680	-0.499747	-3.015999	-0.448800	 1.379633	-4.722026	-0.179719	 0.714287
-0.439809	-5.000838	-0.499067	-0.499562	-3.944234	-0.499747	-3.010573	-0.474145	 1.376887	-4.712909	-0.179716	 0.713071
-0.388767	-4.991296	-0.499067	-0.499562	-3.935806	-0.499747	-3.005156	 0.013182	 1.374123	-4.703809	-0.679714	 0.711858
-0.363247	-4.982199	-0.499067	-0.499562	-3.927398	-0.499747	-2.999749	 0.256399	 1.371353	-4.694727	-0.928591	 0.710646
-0.850486	-4.973331	-0.499067	-0.499562	-3.919008	-0.499747	-2.994351	-0.121993	 0.868582	-4.685663	-0.551911	 0.709437
-1.092799	-4.964586	-0.499067	-0.499562	-3.910636	-0.499747	-2.988964	-0.310742	 0.617197	-4.676616	-0.363570	 0.708230
-1.212652	-4.955909	-0.499067	-0.499562	-3.902282	-0.499747	-2.983586	 0.094884	 0.991505	-4.667586	-0.269400	 0.707025
-1.271277	-4.947274	-0.499067	-0.499562	-3.893946	-0.499747	-2.978217	 0.297249	 1.177276	-4.658574	-0.222315	 0.705821
-1.299291	-4.938667	-0.499067	-0.499562	-3.885628	-0.499747	-2.972859	 0.398432	 1.268782	-4.649580	-0.698772	 0.704620
-1.312001	-4.930081	-0.499067	-0.499562	-3.877328	-0.499747	-2.967510	 0.449024	 1.313159	-4.640602	-0.935884	 0.703421
-1.317063	-4.921514	-0.499067	-0.499562	-3.869045	-0.499747	-2.962170	 0.474319	 1.333973	-4.631643	-1.053324	 0.702224
-0.818302	-4.912964	-0.499067	-0.499562	-3.860780	-0.499747	-2.956840	 0.486967	 1.343009	-4.622700	-0.610931	 0.701029
-0.568922	-4.904429	-0.499067	-0.499562	-3.852533	-0.499747	-2.951520	 0.493291	 1.346158	-4.613775	-0.389735	 0.699836
-0.944232	-4.895910	-0.499067	-0.499562	-3.844303	-0.499747	-2.946210	 0.496453	 1.346368	-4.604866	-0.279137	 0.698646
-1.130598	-4.887405	-0.499067	-0.499562	-3.836091	-0.499747	-2.940909	 0.498034	 1.345109	-4.595975	-0.223838	 0.697457
-1.222495	-4.878915	-0.499067	-0.499562	-3.827896	-0.499747	-2.935617	 0.498824	 1.343120	-4.587102	-0.196188	 0.696270
-1.267160	-4.870441	-0.499067	-0.499562	-3.819719	-0.499747	-2.930335	 0.499220	 1.340768	-4.578245	-0.182363	 0.695085
-1.288211	-4.861980	-0.499067	-0.499562	-3.811560	-0.499747	-2.925062	 0.499417	 1.338237	-4.569406	-0.175451	 0.693902
-1.297458	-4.853535	-0.499067	-0.499562	-3.803418	-0.499747	-2.919799	 0.499516	 1.335620	-4.560583	-0.171995	 0.692721
-1.300805	-4.845104	-0.499067	-0.499562	-3.795293	-0.499747	-2.914546	 0.499566	 1.332963	-4.551778	-0.170267	 0.691543
-0.801205	-4.836688	-0.499067	-0.499562	-3.787186	-0.499747	-2.909302	 0.499590	 1.330287	-4.542989	-0.669403	 0.690366
-0.551405	-4.828287	-0.499067	-0.499562	-3.779095	-0.499747	-2.904067	 0.499603	 1.327606	-4.534218	-0.917860	 0.689191
-0.926505	-4.819900	-0.499067	-0.499562	-3.771023	-0.499747	-2.898842	-0.000391	 1.324924	-4.525463	-0.540979	 0.688018
-1.112784	-4.811528	-0.499067	-0.499562	-3.762967	-0.499747	-2.893626	-0.249941	 1.322245	-4.516726	-0.352539	 0.686847
-0.704654	-4.803170	-0.499067	-0.499562	-3.754929	-0.499747	-2.888420	-0.374716	 1.319570	-4.508005	-0.258319	 0.685679
-0.500590	-4.794827	-0.499067	-0.499562	-3.746908	-0.499747	-2.883223	-0.437104	 1.316900	-4.499301	-0.211209	 0.684512
-0.398557	-4.786498	-0.499067	-0.499562	-3.738904	-0.499747	-2.878035	 0.031703	 1.314235	-4.490614	-0.187654	 0.683347
-0.347541	-4.778184	-0.499067	-0.499562	-3.730917	-0.499747	-2.872856	 0.265659	 1.311575	-4.481943	-0.175876	 0.682184
-0.322033	-4.769884	-0.499067	-0.499562	-3.722947	-0.499747	-2.867687	 0.382637	 1.308920	-4.473290	-0.169988	 0.681023
-0.309279	-4.761599	-0.499067	-0.499562	-3.714994	-0.499747	-2.862528	 0.441126	 0.806270	-4.464653	-0.667043	 0.679864
-0.302902	-4.753328	-0.499067	-0.499562	-3.707058	-0.499747	-2.857377	 0.470370	 0.554946	-4.456033	-0.914464	 0.678707
-0.299713	-4.745071	-0.499067	-0.499562	-3.699139	-0.499747	-2.852236	 0.484992	 0.429283	-4.447429	-0.537070	 0.677552
-0.298119	-4.736829	-0.499067	-0.499562	-3.691237	-0.499747	-2.847104	 0.492304	 0.366452	-4.438842	-0.348373	 0.676399
-0.297322	-4.728601	-0.499067	-0.499562	-3.683352	-0.499747	-2.841981	 0.495959	 0.335036	-4.930272	-0.254024	 0.675248
-0.296923	-4.720387	-0.499067	-0.499562	-3.675484	-0.499747	-2.836868	 0.497787	 0.319329	-5.170753	-0.206850	 0.674099
-0.296724	-4.712187	-0.499067	-0.499562	-3.667632	-0.499747	-2.831763	 0.498701	 0.811475	-4.785769	-0.683263	 0.672952
-0.296625	-4.704002	-0.499067	-0.499562	-3.659798	-0.499747	-2.826668	 0.499158	 1.056228	-4.589029	-0.920367	 0.671807
-0.296575	-4.695831	-0.499067	-0.499562	-3.651980	-0.499747	-2.821582	 0.499386	 1.177289	-4.486419	-1.037818	 0.670664
