-2.173577	 0.192661	 0.899743	 0.493852	 1.414889	 0.489560	 0.164969	 0.759865	 1.397155	-0.269701	-2.860992	 0.894737
-2.164882	 0.192661	 0.896150	 0.496770	 1.424981	 0.492501	-0.335031	 0.268525	 0.954066	-0.269701	-2.849548	 0.891251
-2.156223	 0.192661	 0.892569	 0.498228	 1.427157	 0.493972	-0.583361	 0.022855	 0.731500	-0.269701	-2.838150	 0.887733
-2.147598	 0.192661	 0.889000	-0.001042	 1.425386	 0.494707	-0.205862	 0.400020	 0.619199	-0.269701	-2.826797	 0.884206
-2.139008	 0.192661	 0.885445	-0.249677	 1.421653	 0.495075	-0.017113	 0.587048	 0.562035	-0.269701	-2.815490	 0.880680
-2.130452	 0.192661	 0.881903	 0.126006	 0.916951	 0.995259	 0.077261	 0.679014	 1.032443	-0.269701	-2.804228	 0.877164
-2.121930	 0.192661	 0.878376	 0.312844	 0.664600	 1.242360	 0.124449	 0.723455	 1.264641	-0.269701	-2.793011	 0.873658
-2.113442	 0.192661	 0.874862	 0.906263	 0.038424	 1.362932	 0.148042	 0.744140	 1.377747	-0.269701	-2.781839	 0.870165
-2.104988	 0.192661	 0.871363	 1.199973	-0.273488	 1.420250	 0.159839	 0.752953	 1.431318	-0.269701	-2.770712	 0.866685
-2.096568	 0.192661	 0.867877	 1.343841	-0.428273	 1.445955	 0.165738	 0.755835	 1.455134	-0.269701	-2.759629	 0.863218
-2.088182	 0.192661	 0.864406	 1.412799	 0.495500	 1.455863	 0.668687	 0.755759	 1.464084	-0.269701	-2.748591	 0.859766
-2.079829	 0.192661	 0.860948	 1.444315	 0.954548	 1.457886	 0.917818	 0.754210	 1.465613	-0.269701	-2.737596	 0.856327
-2.071510	 0.192661	 0.857505	 0.957121	 1.181245	 0.955978	 0.540050	 0.251930	 0.963443	-0.269701	-2.726646	 0.852901
-2.063224	 0.192661	 0.854075	 0.713524	 1.291778	 0.705024	 0.351166	 0.000790	 0.712358	-0.269701	-2.715739	 0.849490
-2.054971	 0.192661	 0.850658	 0.591726	 0.844240	 0.579547	 0.756724	 0.375220	 0.586815	-0.269701	-2.704876	 0.846092
-2.046751	 0.192661	 0.847256	 0.530827	 0.620470	 0.516808	 0.957178	 0.560936	 0.524044	-0.269701	-2.694057	 0.842707
-2.038564	 0.192661	 0.843867	 0.500377	 0.508586	 0.485439	 1.055090	 0.652300	 0.492658	-0.269701	-2.683281	 0.839337
-2.030410	 0.192661	 0.840491	 0.485152	 0.452643	 0.469754	 1.101740	 0.696495	 0.476966	-0.269701	-2.672547	 0.835979
-2.022288	 0.192661	 0.837129	 0.477540	 0.424672	 0.461912	 1.122768	 0.717111	 0.469119	-0.269701	-2.661857	 0.832635
-1.514199	 0.192661	 0.833781	 0.973734	 0.910687	 0.457991	 1.130995	 0.725944	 0.965196	-0.269701	-2.151210	 0.829305
-1.258142	 0.192661	 0.830445	 1.218891	 1.150901	 0.456030	 1.132830	 0.728891	 1.210312	-0.269701	-1.892605	 0.825988
-1.628110	 0.192661	 0.827124	 1.338541	 1.268225	 0.955050	 0.631478	 0.728900	 1.329959	-0.269701	-1.760035	 0.822684
-1.809097	 0.192661	 0.823815	 1.395450	 1.324116	 1.201652	 0.380802	 0.727447	 1.386883	-0.269701	-1.690494	 0.819393
-1.395611	 0.692661	 1.320520	 1.421000	 1.849302	 1.822056	 1.255464	 2.725269	 3.912458	 5.230299	 6.847518	 9.316115
-1.186904	 0.940275	 1.565238	 1.430881	 2.107146	 2.127373	 1.688535	 3.714733	 5.162369	 7.958839	 11.085752	 13.528851
-1.080593	 0.561707	 1.183977	 0.932941	 1.731338	 1.775166	 1.400827	 2.700057	 3.274500	 4.301734	 4.674222	 7.099736
-1.025490	 0.372423	 0.991741	 0.683970	 1.540723	 1.596217	 1.254747	 2.189349	 2.327792	 2.471892	 1.471931	 3.883837
-0.995997	 0.277780	 0.894024	 0.559485	 1.442715	 1.503908	 1.179489	 1.930637	 1.851676	 1.555687	-0.125753	 2.274551
-1.479318	 0.230459	 0.843573	 0.497243	 0.891022	 0.954930	 0.639652	 1.297937	 1.110867	 0.596305	-1.421149	 0.968578
-1.717053	 0.206799	 0.816761	 0.466121	 0.615175	 0.680441	 0.369733	 0.980257	 0.740463	 0.116615	-2.063413	 0.315591
-1.832011	-0.305031	 0.301775	-0.049439	 0.477252	 0.543197	 0.234774	 0.320091	 0.555260	-0.123231	-2.379134	-0.010902
-1.885596	-0.559313	 0.044282	-0.306090	 0.408290	 0.474575	 0.167294	-0.009991	 0.462659	-0.243153	-2.531605	-0.174149
-2.408510	-0.684826	-0.084464	-0.933289	-0.126191	-0.059737	 0.133555	-0.175032	 0.416359	-0.803115	-3.102472	-0.755772
-2.664104	-0.745962	-0.148837	-1.243768	-0.392110	-0.325704	 0.116685	-0.257553	 0.393208	-1.080369	-3.380559	-1.043909
-2.786062	-0.774916	-0.181024	-0.895899	-0.523753	-0.457504	-0.391750	-0.298813	-0.118367	-1.216281	-3.512285	-1.185313
-2.841225	-0.787785	-0.197117	-0.720869	-0.588264	-0.522226	-0.644167	-0.319444	-0.372895	-1.281533	-3.570860	-1.253362
-2.863014	-0.792619	-0.205164	-0.632262	-0.619214	-0.553413	-0.768583	-0.329759	-0.498904	-1.311465	-3.592889	-1.284743
-2.868138	-0.793440	-0.209187	-0.586871	-0.633389	-0.567837	-0.829004	-0.334916	-0.560658	-1.823748	-3.596674	-1.297802
-2.864954	-0.792263	-0.211199	-0.563092	-0.639181	-0.573885	-0.857436	-0.337495	-0.590291	-2.075218	-3.591365	-1.301709
-2.857638	-0.790092	-0.212205	-0.550125	-0.640787	-0.575749	-0.869881	-0.838784	-0.603867	-1.696299	-3.581539	-0.801052
-2.848280	-0.787430	-0.212708	-0.542566	-0.640305	-0.575525	-0.874338	-1.086749	-0.609420	-1.504205	-3.569482	-0.550723
-2.837923	-0.784530	-0.212959	-0.537717	-0.638785	-0.074263	-0.374809	-0.708062	-0.610967	-1.405534	-3.556339	-0.425559
-2.827089	-0.781517	-0.213085	-0.534227	-0.636750	 0.176368	-0.125045	-0.518718	-0.610515	-1.353585	-3.542681	-0.362977
-2.816040	-0.778453	-0.213148	-0.531420	-0.634463	-0.198316	-0.000163	-0.424046	-0.609069	-1.325007	-3.528794	-0.331686
-2.804905	-0.775371	-0.213179	-0.528960	-0.632056	-0.384513	 0.062278	-0.376711	-0.607131	-1.308125	-3.514820	-0.316040
-2.793750	-0.772285	-0.213195	-0.526677	-0.629592	-0.476469	 0.093499	-0.353043	-0.604952	-1.297102	-3.500832	-0.308217
-2.782608	-0.769203	-0.213203	-0.024486	-0.127107	-0.021311	 0.109109	-0.341209	-0.102656	-0.789018	-2.986864	-0.304306
-2.771494	-0.766130	-0.213206	 0.226609	 0.124136	 0.206268	 0.116914	-0.335292	 0.148491	-0.534976	-2.724934	-0.302350
-1.760416	 0.736932	 0.286792	 0.352157	 0.749758	 0.320058	 0.620817	 0.167667	 0.774065	 2.092045	-0.089044	 0.198628
-1.253378	 1.483983	 0.535217	 0.414930	 1.059818	 0.376953	 0.870519	 0.417805	 1.084053	 3.396117	 1.223808	 0.447717
 2.001633	 2.853047	 1.157862	 0.946317	 0.712108	 0.905400	 1.493129	 0.541538	 0.736258	 6.538753	 5.375161	 0.570869
 3.618626	 3.529135	 1.465624	 1.209055	 0.538253	 1.166756	 1.800203	 0.602074	 0.562361	 8.090708	 7.431784	 0.631056
 8.916651	 4.858768	 1.615958	 1.837481	 1.951326	 1.794578	 2.949525	 2.131017	 1.975413	 12.347401	 17.441119	 2.659767
 11.537234	 5.511208	 1.687593	 2.146762	 2.651133	 2.103644	 3.515989	 2.888168	 2.675161	 14.442539	 22.390885	 3.664746
 16.319210	 5.825100	 1.719891	 1.796490	 2.994335	 2.253352	 3.791056	 3.259453	 2.518286	 13.957032	 27.311087	 3.157896
 18.667996	 5.969769	 1.732536	 1.618462	 3.159261	 2.323399	 3.920457	 3.437834	 2.435126	 13.687336	 29.706726	 2.899169
 19.800355	 6.029874	 1.735369	 1.526567	 3.235075	 2.353636	 3.977058	 3.519792	 2.388841	 13.525653	 30.840340	 2.764524
 22.324669	 6.047747	 1.233308	 1.477750	 3.266361	 2.363987	 3.997291	 3.553568	 2.361014	 13.418083	 31.843199	 2.691942
 23.537128	 6.044552	 0.980816	 1.450484	 3.275408	 2.364414	 3.999372	 3.563281	 2.342434	 13.337677	 32.278937	 2.650413
 25.093859	 6.030872	 0.853113	 1.434004	 3.273363	 2.359897	 3.992410	 3.560992	 2.328496	 13.270960	 33.431376	 2.624430
 25.818923	 6.011997	 0.787810	 1.422929	 3.265798	 2.352929	 3.980958	 3.552730	 2.316898	 13.211192	 33.938428	 2.606242
 26.128367	 5.990574	 0.753714	 0.914568	 2.255499	 1.844752	 3.967293	 3.541510	 2.306489	 12.655006	 35.123064	 2.591972
 26.230213	 5.967924	 0.735227	 0.660388	 1.747859	 1.587991	 3.952553	 3.528839	 2.296692	 12.352715	 35.642766	 2.579681
 26.228472	 5.944708	 0.724550	 1.033297	 1.991559	 1.456948	 3.937308	 3.515471	 2.287220	 12.677469	 34.330292	 2.568401
 26.175148	 5.921257	 0.717783	 1.216940	 2.108938	 1.388774	 3.921841	 3.501783	 2.277928	 12.813841	 33.608019	 2.557647
 26.096243	 5.897736	 0.712978	 1.305960	 2.163175	 1.352046	 3.906295	 3.487963	 2.268745	 12.856127	 33.181111	 2.547176
 25.004755	 5.874227	 0.709159	 0.847680	 2.685859	 1.331052	 3.890740	 3.474105	 1.759634	 12.851473	 32.402149	 2.536867
 24.411185	 5.850772	 0.705839	 0.618540	 2.940783	 1.317934	 3.875213	 3.460255	 1.502578	 12.823452	 31.949422	 2.526660
 24.566764	 6.327389	 0.702774	 1.003970	 3.061854	 1.808766	 3.859729	 3.446437	 1.871559	 13.283851	 31.660065	 2.516523
 24.595110	 6.552090	 0.699842	 1.193906	 3.116024	 2.049583	 3.844299	 3.432663	 2.051568	 13.486562	 31.452645	 2.506442
 24.560035	 6.650886	 1.196982	 1.286107	 3.136768	 1.665410	 3.828927	 3.418939	 2.137109	 13.060539	 31.286444	 2.496409
 24.493448	 6.686785	 1.442164	 1.329450	 3.140826	 1.470762	 3.813613	 3.405266	 2.175435	 12.822258	 31.141103	 2.486419
 23.911301	 6.691290	 1.061380	 1.348376	 3.136564	 1.370885	 3.798360	 2.891646	 2.190170	 13.177950	 31.006441	 2.476472
 23.573569	 6.680150	 0.869627	 1.355105	 3.128169	 1.318405	 3.783167	 2.630080	 2.193128	 13.328729	 30.877367	 2.466565
 23.358231	 6.661242	 0.772395	 1.355745	 3.117732	 1.289633	 3.768034	 2.494560	 2.190215	 13.377159	 30.751333	 2.456698
 23.204277	 6.638504	 1.222428	 1.353353	 3.106299	 1.272725	 3.752962	 2.922082	 2.184383	 13.374523	 30.127066	 2.946871
 23.081199	 6.613903	 1.444100	 1.349455	 3.094393	 1.261759	 3.737951	 3.129144	 2.177111	 13.346461	 29.755926	 3.185083
 22.973743	 6.588424	 1.551605	 1.344815	 3.082274	 1.253775	 3.222999	 3.226002	 2.169135	 13.305794	 30.011587	 3.297343
 22.874283	 6.562559	 1.602039	 1.339814	 3.070075	 1.247291	 2.960107	 3.267786	 2.160824	 13.258929	 30.078883	 3.346654
 22.779004	 6.536552	 1.123951	 1.334644	 3.057860	 1.241568	 2.823266	 3.282059	 2.152364	 13.209073	 29.552238	 2.864517
 22.685996	 6.510528	 0.883615	 1.329400	 3.045661	 1.236234	 2.749473	 3.282602	 2.143846	 13.157827	 29.230865	 2.618684
 22.594307	 6.484547	 0.762161	 1.324130	 3.033494	 1.731106	 3.207226	 3.276308	 2.135317	 12.605990	 29.012359	 2.491022
 22.503456	 6.458640	 0.700152	 1.318857	 3.021368	 1.974090	 3.428772	 3.266620	 2.126798	 12.305964	 28.845519	 2.422464
 22.413206	 6.432820	 0.667871	 1.313594	 3.009287	 2.091147	 3.532244	 3.255263	 2.118302	 12.131939	 28.704741	 2.383477
 22.323435	 6.407097	 0.650460	 1.308345	 2.997252	 2.145260	 3.576709	 3.243096	 2.109835	 12.521010	 28.577224	 2.359295
 22.234082	 6.381472	 0.640488	 1.303115	 2.985264	 2.167917	 3.591699	 3.230551	 2.101398	 12.689726	 28.456567	 2.342533
 22.145116	 6.355948	 1.134241	 1.297904	 2.973323	 1.674865	 3.591980	 3.217843	 2.092994	 12.748367	 28.339566	 2.329501
 22.056521	 6.330525	 1.377862	 1.292713	 2.961430	 1.425975	 3.584937	 3.205078	 2.084623	 12.752073	 28.224620	 2.318352
 21.968288	 6.305204	 0.996429	 1.287543	 2.949585	 1.299176	 3.574259	 3.192311	 2.076285	 12.728415	 28.110928	 2.308163
 21.880411	 6.279983	 0.804483	 1.282393	 2.937786	 1.233432	 3.561793	 3.179569	 2.067980	 12.691176	 27.998088	 2.298473
 21.792887	 6.254863	 0.707284	 0.777263	 2.926035	 1.198224	 3.548462	 2.666864	 2.059708	 12.647249	 27.885897	 2.289050
 21.705715	 6.229844	 0.657465	 0.524698	 2.914331	 1.178294	 3.534725	 2.406203	 2.051469	 12.600079	 27.774254	 2.279779
 21.618892	 6.204924	 0.631340	 0.398416	 2.902674	 1.166013	 3.520815	 2.271582	 2.043263	 12.551388	 27.663108	 2.270603
 21.032416	 6.180105	 0.617067	 0.835275	 2.891063	 1.157565	 3.506847	 2.699997	 2.035090	 12.502037	 27.552430	 2.761492
 20.698286	 6.155384	 0.608725	 1.051160	 2.879499	 1.151042	 3.492876	 2.907948	 2.026950	 12.452456	 27.442208	 3.000432
 20.490493	 6.130763	 0.603353	 1.156568	 2.867981	 1.145492	 3.478934	 3.005691	 2.018842	 12.402860	 27.332433	 3.113423
 20.346031	 6.106240	 0.599472	 1.206749	 2.856509	 1.140437	 3.465032	 3.048356	 2.010767	 12.353355	 27.223100	 3.163466
 20.733397	 6.081815	 1.096339	 1.229325	 2.845083	 1.135639	 2.951179	 3.063507	 2.002724	 12.303995	 27.114207	 3.182060
 20.884838	 6.057488	 1.341587	 1.238109	 2.833703	 1.130978	 2.689378	 3.064925	 1.994713	 12.254806	 27.005749	 3.184956
 20.918486	 6.033258	 0.961037	 1.240008	 2.822368	 1.126395	 3.053622	 3.059501	 1.486734	 11.705800	 26.397726	 3.180028
 20.893406	 6.009125	 0.769601	 1.238473	 2.811078	 1.121860	 3.228909	 3.050681	 1.230787	 11.408984	 26.042134	 3.171214
 20.839129	 5.985088	 0.672727	 1.235232	 2.799834	 1.117357	 3.309743	 3.040187	 1.100864	 11.238351	 25.812966	 3.160482
 20.270421	 5.961148	 0.623138	 1.231147	 2.788635	 1.612881	 3.343380	 3.028881	 1.533961	 11.630899	 25.647214	 3.148817
 19.946664	 5.937303	 0.597196	 1.226651	 2.777480	 1.856425	 3.353444	 3.017193	 1.746575	 11.803127	 25.513375	 3.136710
 18.745539	 5.913554	 0.583083	 1.221958	 2.766370	 1.473998	 2.851749	 3.005337	 1.848963	 10.865290	 21.395696	 4.124407
 18.109888	 5.889900	 0.574889	 1.217178	 2.755305	 1.280601	 2.596201	 2.993423	 1.896255	 10.376516	 19.302301	 4.608031
 11.257114	 3.866340	 0.069658	 0.712362	 0.744283	 0.181728	 0.963746	 0.981503	-0.083986	 6.612354	 8.721186	 1.339660
 7.821918	 2.850875	-0.182957	 0.459955	-0.258694	-0.365874	 0.148856	-0.022397	-1.069978	 4.724576	 3.434348	-0.290668
 5.095547	 2.339471	-0.309265	 0.333751	-0.757659	-0.637848	-0.257257	-0.522294	-1.058863	 1.775014	-1.705366	-1.101990
 3.727623	 2.080113	-0.372419	 0.270649	-1.004628	-0.772016	-0.458987	-0.770198	-1.051209	 0.302582	-4.261533	-1.503824
 3.038942	 1.946793	-0.403996	 0.239098	-1.125610	-0.837287	-0.558530	-0.892114	-1.045295	-0.431294	-5.525981	-1.700930
-0.310100	-0.123494	-0.419784	-0.276677	-0.683607	-0.868118	-0.606986	-1.951044	-1.540260	-2.295902	-7.644624	-1.795687
-1.977302	-1.154250	-0.427679	-0.532980	-0.462606	-0.881735	-0.629903	-2.474489	-1.783671	-3.219885	-8.684419	-1.839285
-3.803614	-1.665258	-0.431626	-0.659553	-0.852106	-0.386753	-1.140055	-1.730215	-1.401323	-4.173589	-8.684868	-1.857318
-4.705510	-1.916410	-0.433599	-0.721267	-1.044372	-0.139262	-1.391831	-1.356107	-1.208111	-4.640186	-8.667722	-1.862584
-5.645244	-2.037650	-0.434586	-0.250558	-1.138032	-0.515516	-1.514432	-1.667088	-1.609475	-4.863271	-9.141848	-1.861481
-6.101940	-2.093953	-0.435079	-0.015204	-1.182399	-0.701860	-1.572459	-1.818623	-1.806135	-4.964641	-9.359679	-1.857209
-6.817171	-2.617804	-0.435326	-0.397527	-1.202128	-0.793256	-1.598211	-1.890450	-1.900460	-5.005194	-9.949439	-2.351367
-7.159722	-2.873446	-0.435449	-0.587128	-1.209550	-0.837184	-1.607839	-1.922439	-1.943633	-5.015379	-10.223241	-2.592755
-7.315993	-2.995009	-0.435511	-0.680376	-1.210826	-0.857386	-1.609418	-1.934525	-1.961246	-5.010420	-10.339148	-2.707780
-7.379184	-3.049557	-0.935542	-0.725452	-1.709040	-1.865732	-2.106986	-2.436674	-2.466094	-5.497930	-10.376191	-2.759648
-7.395894	-3.070623	-1.182686	-0.746449	-1.953733	-2.364156	-2.350560	-2.681872	-2.712577	-5.729714	-10.373886	-2.779958
-7.389425	-3.074972	-1.303399	-1.255413	-2.071682	-2.107644	-2.467159	-2.298616	-2.329900	-6.333683	-10.351991	-2.784513
-7.371424	-3.070989	-1.360907	-1.506366	-2.126278	-1.975685	-2.520291	-2.103157	-2.134667	-6.621792	-10.320383	-2.781212
-7.347716	-3.062863	-1.386824	-1.628328	-2.149214	-1.406018	-2.541711	-2.501613	-2.533172	-6.252027	-10.284001	-2.774006
-7.321215	-3.052690	-1.396957	-1.685808	-2.156337	-1.119512	-2.547294	-2.695040	-2.726561	-6.055380	-10.245315	-2.764869
-7.293375	-3.041519	-1.399209	-1.711062	-2.155572	-0.974593	-2.044980	-2.285977	-2.317415	-5.945339	-10.205559	-1.754789
-7.264923	-3.029873	-1.397533	-1.720216	-2.150880	-0.900474	-1.790737	-2.077692	-2.109026	-5.878648	-10.165349	-1.248260
-7.236225	-3.018013	-1.393903	-1.721335	-2.144242	-0.861762	-1.660543	-1.969810	-2.001030	-5.833678	-10.124994	-0.993512
-7.207460	-3.006071	-1.389307	-1.718449	-2.136647	-0.840760	-2.092385	-2.412146	-1.943246	-5.799616	-10.084647	-1.864660
-7.178721	-2.994112	-1.384240	-1.713575	-2.128592	-0.828619	-2.303258	-2.627604	-1.910583	-5.771054	-10.044385	-2.294763
-6.650051	-2.982168	-1.378948	-1.207720	-1.620323	-1.320916	-1.903666	-2.229648	-1.890496	-5.745288	-10.004246	-2.004365
-6.373474	-2.970255	-1.373554	-0.953389	-1.363965	-1.563438	-1.700862	-2.027006	-1.876711	-5.720966	-9.964248	-1.855737
-6.722991	-2.958382	-1.368122	-0.824826	-1.233570	-1.681087	-2.096464	-1.922036	-1.866093	-5.197411	-9.924401	-1.778010
-6.883605	-2.946553	-1.362680	-0.759152	-1.166167	-1.736314	-2.289281	-1.865917	-1.857073	-4.926286	-9.884708	-1.735745
-6.949823	-2.934769	-1.357244	-0.724927	-1.130267	-1.260345	-1.880725	-1.834238	-1.348867	-4.781414	-9.345172	-1.711226
-6.968900	-2.923031	-1.351823	-0.706434	-1.110129	-1.020791	-1.673503	-1.814794	-1.093083	-4.699704	-9.057792	-1.695593
-6.464463	-2.911339	-1.346419	-0.695811	-1.597880	-0.899452	-1.566959	-1.801481	-0.963516	-4.649613	-8.896561	-1.684416
-6.200324	-2.899694	-1.341036	-0.689130	-1.837584	-0.837226	-1.510766	-1.791248	-1.397065	-5.115369	-9.298476	-1.675482
-6.056382	-2.888095	-1.335673	-0.684424	-1.953281	-0.804563	-1.479761	-1.782569	-1.610178	-5.337085	-9.480032	-1.667681
-6.472586	-2.876543	-1.330330	-0.680712	-2.006992	-0.786688	-1.961361	-1.774682	-1.713088	-5.436825	-9.551487	-2.160461
-6.666911	-2.865037	-1.325009	-0.677501	-2.029726	-0.776212	-2.197275	-1.767205	-1.760911	-5.475622	-9.567968	-2.401545
-6.750351	-2.853577	-1.319709	-0.674548	-1.536988	-0.769443	-2.310365	-2.259947	-1.781205	-5.483991	-9.557040	-2.516801
-6.778403	-2.842162	-1.314431	-0.671728	-1.288531	-0.764533	-2.362064	-2.500813	-1.787749	-5.477191	-9.532484	-2.569166
-6.778816	-2.830794	-1.309173	-1.168980	-1.662222	-0.760559	-1.883085	-2.115762	-1.787432	-5.462851	-9.501190	-2.590105
-6.765465	-2.819470	-1.303936	-1.414274	-1.844996	-0.757059	-1.640788	-1.919776	-1.783700	-5.444783	-9.466603	-2.595352
-6.745284	-2.808193	-1.298720	-1.033601	-1.432327	-0.753802	-1.516842	-1.818335	-1.778274	-4.924896	-9.430446	-2.092774
-6.721744	-2.796960	-1.293526	-0.841959	-1.223953	-0.750672	-1.452084	-1.764180	-1.772015	-4.656143	-9.393578	-1.838305
-6.696578	-2.785772	-1.288351	-0.744838	-1.117735	-0.747612	-1.416930	-1.733683	-1.765354	-4.512991	-9.356431	-1.707903
-6.670651	-2.774629	-1.283198	-0.694981	-1.562603	-0.744593	-1.896589	-1.715028	-1.758506	-4.932676	-9.319219	-2.139547
-6.644399	-2.763530	-1.278065	-0.668763	-1.781022	-0.741600	-2.131666	-1.702308	-1.751579	-5.131813	-9.282049	-2.350227
-6.618036	-2.752476	-1.272953	-0.654369	-1.386233	-0.738627	-2.244471	-1.692569	-1.744626	-5.220720	-9.244974	-1.950444
-6.591672	-2.741466	-1.267861	-0.645892	-1.186855	-0.735669	-2.296159	-1.684333	-1.737674	-5.254554	-9.208021	-1.747452
-6.565359	-2.730500	-1.262790	-0.640378	-1.585192	-0.732724	-2.317308	-1.676864	-1.730737	-4.760895	-9.171202	-1.642867
-6.539124	-2.719578	-1.257739	-0.636352	-1.780393	-0.729792	-2.323205	-1.669790	-1.723820	-4.505530	-9.134524	-1.587498
-6.012981	-2.708700	-0.752708	-0.633074	-1.874042	-0.726873	-2.321495	-1.662928	-1.216928	-4.869348	-8.597990	-1.556749
-5.738936	-2.697865	-0.500192	-0.630175	-1.916931	-0.723965	-2.316001	-1.656184	-0.962062	-5.040790	-8.313599	-1.538323
-5.590984	-2.687074	-0.373934	-0.627472	-1.934456	-0.721069	-2.308633	-1.649514	-0.833215	-5.116087	-8.155346	-1.526070
-6.006121	-2.676326	-0.810806	-0.624870	-1.439315	-0.718185	-1.800346	-1.642893	-0.767383	-4.643353	-8.560225	-1.516916
-6.200848	-2.665620	-1.026746	-0.622325	-1.189856	-0.715312	-1.543619	-1.636310	-0.733063	-4.398644	-8.744734	-1.509323
-6.285420	-2.654958	-0.632230	-0.619813	-1.563246	-0.712451	-1.412681	-1.629759	-0.714506	-4.267982	-8.319130	-1.502523
-6.314966	-2.644338	-0.434973	-0.617322	-1.746067	-0.709601	-1.344649	-1.623237	-0.703836	-4.194376	-8.090541	-1.496132
-6.317050	-2.633761	-0.336344	-0.614847	-1.333620	-0.706763	-1.308080	-1.616743	-1.197114	-4.149332	-7.960523	-1.489957
-6.305454	-2.623226	-0.287030	-0.612385	-1.125554	-0.703936	-1.287252	-1.610275	-1.440372	-4.118601	-7.879853	-1.483902
-5.787068	-2.612733	-0.262372	-0.609934	-1.519686	-0.701120	-1.274305	-1.603833	-1.058634	-4.095060	-8.323919	-1.477918
-5.517337	-2.602282	-0.250044	-0.607493	-1.712925	-0.698315	-1.265309	-1.597418	-0.866412	-4.075146	-8.528417	-1.471983
-5.371977	-2.591873	-0.243880	-0.605063	-1.805732	-0.695522	-1.258299	-1.591028	-0.768952	-4.057079	-8.613199	-1.466083
-5.288844	-2.581505	-0.240797	-0.602643	-1.348338	-0.692740	-1.252291	-1.084664	-0.718879	-4.039968	-8.638195	-1.460213
-5.236866	-2.571179	-0.239256	-0.600232	-1.117859	-0.689969	-1.246794	-0.830325	-0.692505	-4.023366	-8.633366	-1.454369
-5.200507	-2.060894	-0.238486	-0.597831	-1.000845	-0.687209	-1.241563	-1.202004	-0.677986	-4.007052	-8.113695	-1.448550
-5.171999	-1.802651	-0.238100	-0.595440	-0.940571	-0.684460	-1.236475	-1.384696	-0.669399	-3.990913	-7.838671	-1.442755
-5.147458	-1.670440	-0.237908	-0.593058	-0.908673	-0.681722	-1.231468	-1.472907	-0.663784	-3.974894	-7.686032	-1.436984
-5.124942	-1.601258	-0.237812	-0.590686	-0.890970	-0.678996	-1.226512	-1.513891	-0.659660	-3.958967	-7.594645	-1.431236
-5.103479	-1.563603	-0.737763	-0.588323	-0.880372	-0.676280	-1.221591	-1.031272	-1.156287	-3.943117	-7.533946	-1.425510
-5.082583	-1.541724	-0.985264	-0.585970	-0.873334	-0.673574	-1.216697	-0.788866	-1.401295	-3.927338	-7.488649	-1.419808
-5.062012	-1.527745	-1.106549	-0.583626	-0.868082	-0.670880	-1.211826	-0.666570	-1.520506	-3.911625	-7.451114	-1.414129
-5.041644	-1.517727	-0.664735	-0.581291	-0.863730	-0.668197	-1.206977	-0.604333	-1.076832	-3.895977	-7.417520	-1.408473
-5.021417	-1.509703	-0.443829	-0.578966	-0.859836	-0.665524	-1.202148	-0.572131	-0.853729	-3.880392	-7.385955	-1.402839
-5.501301	-1.502688	-0.333375	-0.576650	-1.356177	-0.662862	-1.197339	-0.554950	-1.240916	-3.864870	-7.355463	-1.397227
-5.729281	-1.496189	-0.278149	-0.574344	-1.600642	-0.660210	-1.192549	-0.545284	-1.431254	-3.849410	-7.325568	-1.391638
-5.831356	-1.489960	-0.750535	-0.572046	-1.219185	-0.657569	-1.187779	-1.039379	-1.023179	-3.834013	-7.296029	-1.386072
-5.870527	-1.483878	-0.984283	-0.569758	-1.026780	-0.654939	-1.183028	-1.283360	-0.817912	-3.818677	-7.266726	-1.380528
-5.878293	-1.977882	-0.598720	-0.567479	-0.928910	-0.652319	-1.178296	-1.402296	-0.714053	-3.803402	-7.737600	-1.375005
-5.870404	-2.219940	-0.405939	-0.565209	-0.878312	-0.649710	-1.173583	-1.458722	-0.660903	-3.788188	-7.956620	-1.369505
-5.854734	-2.336045	-0.309549	-0.562948	-0.851358	-0.647111	-1.168888	-1.483904	-0.633112	-3.773035	-8.049779	-1.364027
-5.835222	-1.889193	-0.761353	-0.560696	-0.836232	-0.644523	-1.164213	-0.993477	-0.618007	-3.757943	-7.580072	-1.358571
-5.813834	-1.662882	-0.984829	-0.558454	-0.827027	-0.641945	-1.159556	-0.747257	-0.609248	-3.742912	-7.330998	-1.353137
-5.791555	-1.546854	-1.594151	-0.556220	-0.820789	-1.139377	-1.154918	-0.623146	-0.603667	-3.727940	-7.192297	-1.347724
-5.768877	-1.485978	-1.894405	-0.553995	-0.816040	-1.384819	-1.150298	-0.561090	-0.599681	-3.713028	-7.108840	-1.342334
-5.246045	-1.452690	-1.040142	-0.551779	-0.812044	-1.004280	-1.145697	-0.530062	-0.596497	-3.698176	-7.053060	-1.336964
-4.975183	-1.433207	-0.613011	-0.549572	-0.808429	-0.812763	-1.141114	-0.514548	-0.593718	-3.683383	-7.011176	-1.331616
-4.830344	-1.420638	-0.399445	-0.547374	-0.805012	-0.715762	-1.136550	-1.006791	-0.591146	-3.668650	-6.976295	-1.326290
-4.748553	-1.411537	-0.292663	-0.545184	-0.801701	-0.666024	-1.132003	-1.249914	-0.588683	-3.653975	-6.944972	-1.320985
-4.698324	-1.404182	-0.239271	-0.543003	-0.798448	-0.639922	-1.127475	-1.368490	-0.586280	-3.639359	-6.915483	-1.315701
-4.663913	-1.397711	-0.212575	-0.540831	-0.795231	-0.625644	-1.122965	-1.424803	-0.583910	-3.624802	-6.886966	-1.310438
-4.637449	-1.391693	-0.199228	-0.538668	-0.792039	-0.617282	-1.118474	-1.449998	-0.581562	-3.610303	-6.858991	-1.305196
-4.614995	-1.385912	-0.192554	-0.536513	-0.788865	-0.611883	-1.114000	-0.959645	-0.579230	-3.595861	-6.831342	-1.299975
-4.594583	-1.380262	-0.189217	-0.534367	-0.785707	-0.607971	-1.109544	-0.714468	-0.576910	-3.581478	-6.803910	-1.294776
-4.575228	-1.374688	-0.187548	-0.532230	-0.782563	-0.604806	-1.605105	-1.091880	-0.574600	-3.567152	-6.776641	-1.289596
-4.556439	-1.369162	-0.186714	-0.530101	-0.779432	-0.602021	-1.848685	-1.277647	-0.572301	-3.552883	-6.749507	-1.284438
-4.537969	-1.363672	-0.186297	-0.527980	-0.776314	-0.599430	-1.466290	-0.867604	-0.570012	-3.538672	-6.722496	-1.279300
-4.519696	-1.358211	-0.186088	-0.525869	-0.773208	-0.596941	-1.272925	-0.662583	-0.567731	-3.524517	-6.695599	-1.274183
-4.501556	-1.352775	-0.185984	-0.523765	-0.770115	-0.594507	-1.174083	-0.560072	-0.565460	-3.510419	-6.668813	-1.269086
-4.483519	-1.347362	-0.185932	-0.521670	-0.767035	-0.592106	-1.122512	-0.508817	-0.563199	-3.496378	-6.642137	-1.264010
-4.465570	-1.341971	-0.185906	-0.519583	-0.763967	-0.589726	-1.094585	-0.483189	-0.560946	-3.482392	-6.615567	-1.258954
-4.947700	-1.336603	-0.185893	-0.517505	-0.760911	-0.587362	-1.078487	-0.470375	-0.558702	-3.468462	-6.589104	-1.253918
-5.177905	-1.331257	-0.185886	-0.515435	-0.757867	-0.585009	-1.068314	-0.463968	-0.556467	-3.454589	-6.562748	-1.248903
-4.782192	-1.325931	-0.185883	-0.513373	-0.754836	-0.582668	-1.061111	-0.460765	-0.554241	-3.440770	-6.536497	-1.243907
-4.575562	-1.320628	-0.185881	-0.511320	-0.751816	-0.580336	-1.055402	-0.459163	-0.552024	-3.427007	-6.510351	-1.238931
-4.463509	-1.315345	-0.685881	-0.509274	-0.748809	-0.578015	-1.050448	-0.458362	-0.549816	-3.413299	-6.484309	-1.233976
-4.398780	-1.310084	-0.933508	-0.507237	-0.745814	-0.575703	-1.045880	-0.457962	-0.547617	-3.399646	-6.458372	-1.229040
-4.357747	-1.304843	-1.054960	-0.505208	-0.742830	-0.573400	-1.041513	-0.457761	-0.545426	-3.386047	-6.432539	-1.224124
-4.828597	-1.299624	-0.613333	-0.503188	-1.239859	-0.571106	-1.037256	-0.957661	-0.543245	-3.372503	-6.406808	-1.219227
-5.053424	-1.294425	-0.392520	-0.501175	-1.484900	-0.568822	-1.033061	-1.204696	-0.541072	-3.359013	-6.381181	-1.214350
-5.155280	-1.289248	-0.282113	-0.500168	-1.103960	-0.566546	-1.028906	-0.825310	-0.538908	-3.345577	-6.355656	-1.209493
-5.195694	-1.284091	-0.226909	-0.499665	-0.912044	-0.564280	-1.024779	-0.635617	-0.536752	-3.332195	-6.330234	-1.204655
-5.205429	-1.278954	-0.199308	-0.499414	-0.814646	-0.562023	-1.020674	-1.040770	-0.534605	-3.318866	-6.304913	-1.199836
-5.199866	-1.273839	-0.185507	-0.499288	-0.764512	-0.559775	-1.016588	-1.240455	-0.532466	-3.305591	-6.279693	-1.195037
-4.686696	-1.268743	-0.178606	-0.499225	-0.238017	-0.557536	-0.512520	-0.837418	-0.530337	-2.792368	-6.254574	-1.190257
-4.421764	-1.263668	-0.175156	-0.499194	 0.025231	-0.555306	-0.260487	-0.635899	-0.528215	-2.531199	-6.229556	-1.185496
-4.280984	-1.258614	-0.173431	-0.499178	 0.156855	-0.553084	-0.134470	-0.535139	-0.526102	-2.396074	-6.204638	-1.180754
-4.702314	-1.253579	-0.172569	-0.499170	-0.777333	-0.550872	-0.571461	-0.984759	-0.523998	-2.823990	-6.179819	-1.176031
-4.902732	-1.248565	-0.172137	-0.499166	-1.241004	-0.548669	-0.787940	-1.206701	-0.521902	-3.031444	-6.155100	-1.171326
-4.992734	-1.243571	-0.171922	-0.499164	-0.969430	-0.546474	-0.894171	-0.814814	-0.519814	-3.128693	-6.130480	-1.166641
-5.027570	-1.238596	-0.171814	-0.499163	-0.832248	-0.544288	-0.945285	-0.618871	-0.517735	-3.170866	-6.105958	-1.161975
-5.034863	-1.233642	-0.171760	-0.499163	-0.762266	-0.542111	-0.968850	-0.520899	-0.515664	-3.185526	-6.081534	-1.157327
-5.028425	-1.228707	-0.171733	-0.499162	-0.725891	-0.539942	-0.978647	-0.471913	-0.513602	-3.186456	-6.057208	-1.152697
-5.015162	-1.223793	-0.171720	-0.499162	-0.706324	-0.537783	-0.981569	-0.947421	-0.511547	-3.180546	-6.032979	-1.148087
-4.998527	-1.218897	-0.171713	-0.499162	-0.695168	-0.535631	-0.981061	-1.182328	-0.509501	-3.171242	-6.008847	-1.143494
-4.980246	-1.214022	-0.171709	-0.499162	-0.688221	-0.533489	-0.978846	-1.296948	-0.507463	-3.160266	-5.984812	-1.138920
-4.961181	-1.209166	-0.671708	-0.499162	-0.683385	-0.531355	-0.975785	-1.351434	-0.505433	-2.648479	-5.960872	-1.134365
-4.941764	-1.204329	-0.919364	-0.499162	-0.679610	-0.529230	-0.972309	-1.375866	-0.503411	-2.388312	-5.937029	-1.129827
-4.922211	-1.199512	-0.540857	-0.499162	-0.676371	-0.527113	-0.968633	-0.885281	-0.501398	-2.253973	-5.913281	-1.125308
-4.902630	-1.194714	-0.351604	-0.499162	-0.673405	-0.525004	-0.964866	-0.639988	-0.500391	-2.182564	-5.889628	-1.120807
-4.383073	-1.189935	-0.256978	 0.000838	-0.670582	-0.022904	-0.961059	-0.517342	-0.499887	-2.142637	-5.866069	-0.616323
-4.115567	-1.185175	-0.209664	 0.249836	-0.667834	 0.228146	-0.957242	-0.456019	-0.499636	-2.118468	-5.842605	-0.364082
-3.974118	-1.180434	-0.186008	-0.125665	-0.665130	-0.146329	-0.953426	-0.925357	-0.499510	-2.602195	-5.819234	-0.737961
-3.895728	-1.175713	-0.174179	-0.312413	-0.662453	-0.332525	-0.949619	-1.157237	-0.499447	-2.837887	-5.795958	-0.922677
-3.848899	-1.171010	-0.168265	-0.405787	-0.659795	-0.424586	-0.945824	-1.270399	-0.499416	-2.949585	-5.772774	-1.012820
-3.817880	-1.166326	-0.165308	-0.452474	-0.657152	-0.469583	-1.442043	-1.324213	-0.499400	-2.499312	-5.749683	-1.055686
-3.794797	-1.161660	-0.163830	-0.475817	-0.654522	-0.491052	-1.686275	-1.348363	-0.499392	-2.270077	-5.726684	-1.074921
-4.275712	-1.157014	-0.163090	-0.987489	-1.151902	-0.500761	-1.304531	-0.857694	-0.499388	-2.651378	-5.703777	-1.082351
-4.506656	-1.152386	-0.162721	-1.240327	-1.397294	-0.504595	-1.111813	-0.612359	-0.499386	-2.835963	-5.680962	-1.083886
-4.612653	-1.147776	-0.162536	-0.863759	-1.016705	-0.505495	-1.013615	-0.489692	-0.499385	-2.922215	-5.658238	-1.082483
-4.656214	-1.143185	-0.162444	-0.675475	-0.825138	-0.504933	-0.962686	-0.428358	-0.499385	-2.959324	-5.635605	-1.079619
-4.168595	-1.138612	-0.662397	-0.581333	-0.728087	-0.503643	-0.935398	-0.397691	-0.499384	-2.971885	-5.613063	-1.076034
-3.917424	-1.134058	-0.910050	-0.534262	-0.678300	-0.501993	-0.919938	-0.382358	-0.499384	-2.972197	-5.590611	-1.072096
-4.284505	-1.129522	-0.531560	-1.010727	-0.652149	-0.500167	-0.910398	-0.874691	-0.499384	-2.966408	-5.568248	-1.067991
-4.458743	-1.125004	-0.342316	-1.245985	-0.637822	-0.499254	-0.903827	-1.118123	-0.499384	-2.957592	-5.545975	-1.063811
-4.536596	-1.120504	-0.247693	-1.360651	-0.629411	-0.498798	-0.898747	-1.237117	-0.499384	-2.947287	-5.523791	-1.059601
-4.566294	-1.116022	-0.200382	-0.915034	-0.623964	-0.498570	-0.894420	-1.293901	-0.499384	-2.936260	-5.501696	-1.055386
-4.571950	-1.111557	-0.176727	-0.692225	-0.620003	-0.498456	-0.890476	-1.319592	-0.499384	-2.924896	-5.479689	-1.051176
-4.565624	-1.107111	-0.164899	-0.580821	-0.616791	-0.498399	-0.886731	-0.829747	-0.499384	-2.913387	-5.457771	-1.046977
-4.553342	-1.102683	-0.158985	-0.525119	-0.613957	-0.498370	-0.883092	-0.584824	-0.499384	-2.901829	-5.435939	-1.042792
-4.538118	-1.098272	-0.156028	-0.997268	-0.611318	-0.498356	-0.879514	-0.962363	-0.499384	-2.890269	-5.414196	-1.038622
-4.521461	-1.093879	-0.154549	-1.230403	-0.608782	-0.498349	-0.875973	-1.148452	-0.499384	-2.878732	-5.392539	-1.034468
-4.504123	-1.089503	-0.153810	-0.844044	-0.606301	-0.498345	-0.872458	-0.738828	-0.499384	-2.867229	-5.370969	-1.030331
-4.486480	-1.085145	-0.153441	-0.650864	-0.603853	-0.498343	-0.868962	-0.534016	-0.499384	-2.855766	-5.349485	-1.026210
-4.468721	-1.080805	-0.153256	-0.554274	-0.601426	-0.498343	-0.865483	-0.431610	-0.499384	-2.844346	-5.328087	-1.022105
-4.450940	-1.076482	-0.153163	-0.505980	-0.599014	-0.498342	-0.862020	-0.380407	-0.499384	-2.832970	-5.306775	-1.018016
-4.433183	-1.072176	-0.153117	-0.481832	-0.596615	-0.498342	-0.858571	-0.354805	-0.499384	-2.821639	-5.285547	-1.013944
-4.415473	-1.067887	-1.153094	-0.469758	-0.594228	-0.498342	-0.855137	-0.342004	-0.499384	-2.810353	-5.264405	-1.009889
-4.397823	-1.063615	-1.648776	-0.463722	-0.591850	-0.498342	-0.851716	-0.335604	-0.499384	-2.799112	-5.243348	-1.005849
-4.380238	-1.059361	-1.392329	-0.460703	-0.589482	-0.498342	-0.848309	-0.332404	-0.499384	-2.287915	-5.222374	-1.001826
-4.362720	-1.055124	-1.261833	-0.459194	-0.587124	-0.498342	-0.844916	-0.330804	-0.499384	-2.028764	-5.201485	-0.997818
-4.345270	-1.050903	-0.694322	-0.458439	-0.584775	-0.498342	-0.841536	-0.830004	-0.499384	-2.395649	-5.180679	-0.993827
-4.327890	-1.046699	-0.410567	-0.458062	-0.582436	-0.498342	-0.838170	-1.076945	-0.499384	-2.573566	-5.159956	-0.989852
-4.310579	-1.042513	-0.268690	-0.457873	-0.580107	-0.498342	-0.834817	-1.197768	-0.499384	-2.657022	-5.139316	-0.985892
-4.293336	-1.038343	-0.197751	-0.457779	-0.577786	-0.498342	-0.831478	-0.755543	-0.499384	-2.693269	-5.118759	-0.981949
-4.276163	-1.034189	-0.162281	-0.457732	-0.575475	-0.498342	-0.828152	-0.534430	-0.499384	-2.705933	-5.098284	-0.978021
-4.259059	-1.030052	-0.144547	-0.457708	-0.573173	-0.498342	-0.824839	-0.923873	-0.499384	-2.706828	-5.077891	-0.974109
-4.242022	-1.025932	-0.135679	-0.457696	-0.570880	-0.498342	-0.821540	-1.115969	-0.499384	-2.701860	-5.057579	-0.970213
-4.225054	-1.021829	-0.131246	-0.457691	-0.568597	-0.498342	-0.818254	-0.709400	-0.499384	-2.693982	-5.037349	-0.966332
-4.208154	-1.017741	-0.129029	-0.457688	-0.566322	-0.498342	-0.814981	-0.506116	-0.499384	-2.684671	-5.017200	-0.962466
-4.191321	-1.013670	-0.127920	-0.457686	-0.564057	-0.998342	-1.311721	-0.904474	-0.499384	-2.674665	-4.997131	-0.958616
-4.174556	-1.009616	-0.127366	-0.457685	-0.561801	-1.245345	-1.556474	-1.101047	-0.499384	-2.664333	-4.977142	-0.954782
-4.157858	-1.005577	-0.127089	-0.457685	-0.559554	-1.365862	-1.675248	-1.196738	-0.499384	-2.653858	-4.957234	-0.950963
-4.141227	-1.001555	-0.626951	-0.457685	-0.557316	-0.923148	-1.231047	-1.241999	-0.499384	-2.643335	-5.437405	-0.947159
-4.124662	-0.997549	-0.874628	-0.457685	-0.555086	-0.701791	-1.007373	-1.262055	-0.499384	-2.632807	-5.665655	-0.943370
-4.108163	-0.993558	-0.496222	-0.957685	-0.552866	-0.591112	-0.893968	-1.269519	-0.499384	-2.622299	-5.267993	-0.939597
-4.091730	-0.989584	-0.307019	-1.204769	-0.550654	-0.535773	-0.835705	-1.270697	-0.499384	-2.611821	-5.059421	-0.935839
-4.075363	-1.485626	-0.712417	-0.825408	-0.548452	-0.508103	-0.805019	-1.268742	-0.999384	-2.601379	-4.945433	-0.932095
-4.059062	-1.729683	-0.912881	-0.635727	-0.546258	-0.494268	-0.788127	-1.265231	-1.246385	-2.590977	-4.878776	-0.928367
-4.042826	-1.347765	-1.010886	-1.040887	-0.544073	-0.487351	-0.778138	-1.260952	-1.366899	-2.580614	-5.335824	-0.924653
-4.026654	-1.154874	-1.057671	-1.240575	-0.541897	-0.483892	-0.771608	-1.256299	-1.424181	-2.570292	-5.552761	-0.920955
-4.010548	-1.056504	-1.078854	-1.337538	-0.539729	-0.482163	-0.766812	-1.251469	-1.449859	-2.560012	-5.649691	-0.917271
-3.994506	-1.505403	-1.087246	-0.883151	-1.037570	-0.481298	-0.762890	-1.246561	-0.959747	-2.549772	-5.186663	-0.913602
-3.978528	-1.725944	-1.089250	-0.655957	-1.283420	-0.480866	-0.759412	-1.241624	-0.714691	-2.539573	-4.945701	-0.909947
-3.962613	-1.332321	-0.588070	-1.042360	-0.903286	-0.480650	-0.756160	-0.736682	-0.592163	-2.529415	-4.815811	-0.906308
-3.946763	-1.133633	-0.337480	-1.232704	-0.712173	-0.480541	-0.753029	-0.484211	-0.530899	-2.519297	-4.741494	-0.902682
-3.930976	-1.532418	-0.712185	-0.825030	-0.615574	-0.480487	-0.749963	-0.857975	-0.500267	-2.509220	-4.695001	-0.899072
-3.915252	-1.727949	-0.897364	-0.621193	-0.566237	-0.480460	-0.746937	-1.042394	-0.484951	-2.499183	-4.662458	-0.895475
-3.899591	-1.321867	-0.987788	-0.519275	-0.540535	-0.480447	-0.743936	-1.132150	-0.477293	-2.489186	-4.636926	-0.891893
-3.883993	-1.116995	-1.030843	-0.468315	-0.526654	-0.480440	-0.740953	-1.174584	-0.473464	-2.479229	-4.614938	-0.888326
-3.868457	-1.012734	-1.050224	-0.442836	-0.518688	-0.480437	-0.737986	-1.193367	-0.471550	-2.469312	-4.594757	-0.884773
-3.852983	-0.958787	-0.557774	-0.430096	-0.513683	-0.480435	-1.235033	-0.700334	-0.470593	-1.959435	-4.575518	-0.881233
-3.837571	-0.930004	-0.311550	-0.423726	-0.510164	-0.480434	-1.480092	-0.453818	-0.470114	-1.701597	-4.556786	-0.877709
-3.822221	-0.913810	-0.188437	-0.420541	-0.507391	-0.480434	-1.099171	-0.330560	-0.469875	-1.569791	-4.538344	-0.874198
-3.806932	-0.903918	-0.126881	-0.418949	-0.504995	-0.480434	-0.907274	-0.268930	-0.469755	-1.501012	-4.520083	-0.870701
-3.791704	-0.897183	-0.096103	-0.418152	-0.502792	-0.480433	-0.809895	-0.238116	-0.469695	-1.963758	-4.501949	-0.867218
-3.776537	-0.892035	-0.080714	-0.417754	-0.500689	-0.480433	-0.759780	-0.222709	-0.469665	-2.190278	-4.483914	-0.863749
-3.761431	-0.887688	-0.073020	-0.417555	-0.499638	-0.480433	-0.733303	-0.215005	-0.469650	-1.798704	-4.465965	-0.860294
-3.746385	-0.883747	-0.069172	-0.417456	-0.499112	-0.480433	-0.718651	-0.211153	-0.469643	-1.600103	-4.448094	-0.856853
-3.731400	-0.880017	-0.067249	-0.417406	-0.498849	-0.480433	-0.709918	-0.209227	-0.469639	-1.498000	-4.430299	-0.853426
-3.216474	-0.876400	-0.066287	-0.417381	 0.001282	 0.019567	-0.704148	-0.708264	-0.469637	-1.444156	-4.412576	-0.850012
-2.953608	-0.872845	-0.065806	-0.417368	 0.250345	 0.268527	-0.699867	-0.955368	-0.469636	-1.414454	-4.394925	-0.846612
-3.316794	-0.869330	-0.065566	-0.417362	-0.125123	-0.108027	-0.696335	-0.576515	-0.469636	-1.396833	-4.377345	-0.343225
-3.491027	-0.865840	-0.065445	-0.417359	-0.311857	-0.296304	-0.693183	-0.387089	-0.469636	-1.385264	-4.359835	-0.091532
-3.570813	-0.862371	-0.065385	-0.417358	-0.405223	-0.390443	-0.690227	-0.292375	-0.469635	-1.876732	-4.342395	 0.034314
-3.603404	-0.858918	-0.065355	-0.417357	-0.451906	-0.437512	-0.687375	-0.245019	-0.469635	-2.117730	-4.325026	 0.097238
-3.612428	-0.855481	-0.565340	-0.417356	-0.475248	-0.961047	-0.684580	-0.721341	-0.469635	-2.233512	-4.307726	-0.371301
-3.609697	-0.852058	-0.813202	-0.417356	-0.486919	-1.219845	-0.681818	-0.957106	-0.469635	-2.286704	-4.290495	-0.603890
-3.601118	-0.848650	-0.935011	-0.417356	-0.492754	-1.346287	-0.679080	-1.072603	-0.469635	-2.308620	-4.273333	-0.718512
-3.589643	-0.845255	-0.493802	-0.417356	-0.495672	-0.906562	-0.676358	-0.627975	-0.469635	-1.814917	-4.256239	-0.774157
-3.576749	-0.841874	-0.273197	-0.417356	-0.497131	-0.686700	-0.673649	-0.405662	-0.469635	-1.565423	-4.239215	-0.800319
-3.063175	-0.838506	-0.662895	-0.417356	-0.497860	-0.576769	-0.670953	-0.294505	-0.469635	-1.438044	-4.222258	-0.811748
-2.801288	-0.835152	-0.855638	-0.417356	-0.498225	-0.521803	-0.668269	-0.238926	-0.469635	-1.371734	-4.205369	-0.815816
-3.165266	-0.831811	-0.449913	-0.417356	-0.498407	-0.494321	-0.665595	-0.211137	-0.469635	-1.335967	-4.188547	-0.816210
-3.340197	-0.828484	-0.247051	-0.417356	-0.498499	-0.480579	-0.662933	-0.197242	-0.469635	-1.315484	-4.171793	-0.814774
-3.420632	-0.825170	-0.145620	 0.082644	-0.498544	-0.473708	-0.660281	-0.190295	-0.469635	-1.302652	-4.155106	-0.312429
-3.453847	-0.821870	-0.094904	 0.331479	-0.498567	-0.470273	-0.657640	-0.186821	-0.469635	-1.293657	-4.138485	-0.061256
-3.463481	-0.818582	-0.069546	 0.454735	-0.498578	-0.468555	-0.655009	-0.185085	-0.469635	-1.286589	-4.121931	 0.064330
-3.461351	-0.815308	-0.056867	 0.015208	-0.498584	-0.467697	-0.152389	-0.184216	-0.469635	-1.280497	-4.105444	 0.127123
-3.453368	-0.812047	-0.050528	-0.204556	-0.498587	-0.467267	 0.098921	-0.183782	-0.469635	-1.274902	-4.089022	 0.158519
-3.442486	-0.808798	-0.047358	-0.314438	-0.498588	-0.467052	-0.275424	-0.683565	-0.469635	-1.769566	-4.072666	 0.174218
-3.430181	-0.805563	-0.045773	-0.369379	-0.498589	-0.466945	-0.461297	-0.931090	-0.469635	-2.012369	-4.056375	 0.182067
-3.417193	-0.802341	-0.544981	-0.396849	-0.498589	-0.466891	-1.052939	-0.552495	-0.469635	-2.129260	-4.040150	-0.314009
-3.403891	-0.799132	-0.792496	-0.410585	-0.498590	-0.466865	-1.345471	-0.363197	-0.469635	-2.183214	-4.023989	-0.560426
-3.390459	-0.795935	-0.414174	-0.417452	-0.498590	-0.466851	-0.988461	-0.268549	-0.469635	-1.705716	-4.007893	-0.682021
-3.376988	-0.792751	-0.225013	-0.420886	-0.498590	-0.466844	-0.808693	-0.221224	-0.469635	-1.464511	-3.991862	-0.741212
-3.363526	-0.789580	-0.630432	-0.422603	-0.498590	-0.466841	-0.717551	-0.197562	-0.469635	-1.841462	-3.975894	-0.769206
-3.350095	-0.786422	-0.831070	-0.423461	-0.498590	-0.466839	-0.670728	-0.185731	-0.469635	-2.025500	-3.959991	-0.781609
-3.336706	-0.783276	-0.429326	-0.423891	-0.498590	-0.466839	-0.646068	-0.179815	-0.469635	-1.613100	-3.944151	-0.786222
-3.323365	-0.780143	-0.228454	-0.424105	-0.498590	-0.466838	-0.632495	-0.176858	-0.469635	-1.404499	-3.928374	-0.786947
-3.310074	-0.777023	-0.128018	-0.424213	-0.498590	-0.466838	-0.624471	-0.175379	-0.469635	-1.797807	-3.912660	-0.785734
-3.296835	-0.773915	-0.077799	-0.424266	-0.498590	-0.466838	-0.619226	-0.174639	-0.469635	-1.990078	-3.897010	-0.783559
