-2.290271	-1.993937	-0.590201	-0.588223	-2.973758	-0.499246	-2.594507	-0.570720	 0.287647	-1.846346	-2.281472	-0.061306
-2.281110	-1.985961	-0.587841	-0.585870	-2.958927	-0.499246	-2.572410	-0.568437	 0.287647	-1.838863	-2.272346	-0.061306
-2.271985	-1.978017	-0.585489	-0.583527	-2.945624	-0.499246	-2.556261	-0.566163	 0.287647	-1.831459	-2.263257	-0.061306
-2.262897	-1.970105	-0.583147	-0.581192	-2.933108	-0.499246	-2.543106	-0.063898	 0.287647	-1.824109	-2.254204	-0.061306
-2.253846	-1.962225	-0.580815	-0.578868	-2.921008	-0.499246	-2.531469	 0.187234	 0.287647	-1.816800	-2.245187	-0.061306
-2.244830	-1.954376	-0.578491	-0.576552	-2.909141	-0.999246	-2.520611	-0.187200	 0.287647	-1.809527	-2.236206	-0.061306
-2.235851	-1.946558	-0.576177	-0.574246	-2.897413	-1.246248	-2.510162	-0.373293	 0.287647	-1.802286	-2.227261	-0.061306
-2.226908	-1.938772	-0.573873	-0.571949	-2.885777	-0.866762	-2.499938	-0.465222	 0.287647	-1.795075	-2.218352	-0.061306
-2.218000	-1.931017	-0.571577	-0.569661	-2.874211	-0.677019	-2.489847	-0.510071	 0.287647	-1.787894	-2.209479	-0.061306
-2.209128	-1.923293	-0.569291	-0.567383	-2.862703	-0.582148	-2.479842	-0.531386	 0.287647	-1.780742	-2.200641	-0.061306
-2.200291	-1.915600	-0.567014	-0.565113	-2.851246	-0.534712	-2.469900	-0.540938	 0.287647	-1.773619	-2.191838	-0.061306
-2.191490	-1.907937	-0.564746	-0.562853	-2.839838	-0.510994	-2.460009	-0.544613	 0.287647	-1.766524	-2.183071	-0.061306
-2.182724	-1.900305	-0.562487	-0.560601	-2.828478	-0.499135	-2.450163	-0.545354	 0.287647	-1.759458	-2.174339	-0.061306
-2.173993	-1.892704	-0.560237	-0.558359	-2.817163	-0.493206	-2.440359	-0.544633	 0.287647	-1.752420	-2.165641	-0.061306
-2.165297	-1.885133	-0.557996	-0.556125	-2.805894	-0.490241	-2.930596	-0.543184	 0.287647	-1.745411	-2.156979	-0.061306
-2.156636	-1.877593	-0.555764	-0.553901	-2.794670	-0.488758	-3.168873	-0.541376	 0.287647	-1.738429	-2.148351	-0.061306
-2.148010	-1.870083	-0.553541	-0.551685	-2.783491	-0.488017	-2.781198	-0.539393	 0.287647	-1.731475	-2.139758	-0.061306
-2.139418	-1.862602	-0.551327	-0.549478	-2.772357	-0.487647	-2.582573	-0.537327	 0.287647	-1.724549	-2.131199	-0.061306
-2.130860	-1.855152	-0.549121	-0.547281	-2.761268	-0.487461	-2.478492	-0.535223	 0.287647	-1.717651	-2.122674	-0.061306
-2.122337	-1.847731	-0.546925	-0.545091	-2.750223	-0.487369	-2.421703	-0.533105	 0.287647	-1.710781	-2.114183	-0.061306
-2.113847	-1.840340	-0.544737	-0.542911	-2.739222	-0.487322	-2.388579	-0.530984	 0.287647	-1.703937	-2.105726	-0.061306
-2.105392	-1.832979	-0.542558	-0.540739	-2.728265	-0.487299	-2.367306	-0.528866	 0.287647	-1.697122	-2.097303	-0.061306
-2.096970	-1.825647	-0.540388	-0.538576	-2.717352	-0.487288	-2.351977	-0.526753	 0.287647	-1.690333	-2.088914	-0.061306
-2.088582	-1.818344	-0.538226	-0.536422	-2.706483	-0.487282	-2.339640	-0.524648	 0.287647	-1.683572	-2.080559	-0.061306
-2.080228	-1.811071	-0.536073	-0.534276	-2.695657	-0.487279	-2.328816	-0.522550	 0.287647	-1.676838	-2.072236	-0.061306
-2.071907	-1.803827	-0.533929	-0.532139	-2.684874	-0.487278	-2.318768	-0.020460	 0.287647	-1.670130	-1.563947	-0.061306
-2.063620	-1.796611	-0.531793	-0.530011	-2.674135	-0.487277	-2.309127	 0.230585	 0.287647	-1.663450	-1.307692	-0.061306
-2.055365	-1.789425	-0.529666	-0.527891	-2.663438	-0.487276	-2.299708	 0.356107	 0.287647	-1.656796	-1.177461	-0.061306
-2.047144	-1.782267	-0.527548	-0.525779	-2.652784	-0.487276	-2.290417	-0.081131	 0.287647	-1.650169	-1.110251	-0.061306
-2.038955	-1.775138	-0.525437	-0.523676	-2.642173	-0.487276	-2.281210	-0.298714	 0.287647	-1.643568	-1.074560	-0.061306
-2.030799	-1.768038	-0.523336	-0.521581	-2.631604	-0.487276	-2.272062	 0.093527	 0.287647	-1.636994	-1.554637	-0.061306
-2.022676	-1.760966	-0.521242	-0.519495	-2.621078	-0.487276	-2.262962	 0.289648	 0.287647	-1.630446	-1.790606	-0.061306
-2.014585	-1.753922	-0.519157	-0.517417	-2.610594	-0.487276	-2.253905	-0.112292	 0.287647	-1.623924	-1.404537	-0.061306
-2.006527	-1.746906	-0.517081	-0.515347	-2.600151	-0.487276	-2.244886	-0.312233	 0.287647	-1.617428	-1.209466	-0.061306
-1.998501	-1.739918	-0.515012	-0.513286	-2.589751	-0.487276	-2.735905	-0.411179	 0.287647	-1.610959	-1.609901	-0.061306
-1.990507	-1.732959	-0.512952	-0.511233	-2.579392	-0.487276	-2.974961	-0.459632	 0.287647	-1.604515	-1.806098	-0.061306
-1.982545	-1.726027	-0.510901	-0.509188	-2.569074	-0.487276	-3.088061	-0.482843	 0.287647	-1.598097	-1.900192	-0.061306
-1.974615	-1.719123	-0.508857	-0.507151	-2.558798	-0.487276	-2.638208	-0.493436	 0.287647	-1.591704	-1.943251	-0.061306
-1.966716	-1.712246	-0.506822	-0.505123	-2.548563	-0.487276	-2.408905	-0.497724	 0.287647	-1.585338	-1.960807	-0.061306
-1.958849	-1.705397	-0.504794	-0.503102	-2.538368	-0.487276	-2.289895	-0.498864	 0.287647	-1.578996	-1.965629	-0.061306
-1.951014	-1.698576	-0.502775	-0.501090	-2.528215	-0.487276	-2.226048	-0.498434	 0.287647	-1.572680	-1.964099	-0.061306
-1.943210	-1.691781	-0.500764	-0.500084	-2.518102	-0.487276	-2.189800	 0.001781	 0.287647	-1.566389	-1.959409	-0.061306
-1.935437	-1.685014	-0.499758	-0.499580	-2.508030	-0.487276	-2.167369	 0.250884	 0.287647	-1.560124	-1.953154	-0.061306
-1.927695	-1.678274	-0.499256	-0.499329	-2.497998	-0.487276	-2.151863	 0.375436	 0.287647	-1.553883	-1.446133	-0.061306
-1.919984	-1.671561	-0.499004	-0.499203	-2.488006	-0.487276	-2.139838	 0.437712	 0.287647	-1.547668	-1.190744	-0.061306
-1.912305	-1.164875	 0.001121	 0.000860	-1.978053	-0.487276	-1.629569	 0.468850	 0.287647	-1.041477	-1.061179	-0.061306
-1.904655	-0.910215	 0.250182	 0.249889	-1.720141	-0.487276	-1.372197	 0.484419	 0.287647	-0.787311	-0.994533	-0.061306
-1.897037	-0.781574	 0.374712	 0.374404	-1.588261	-0.487276	-1.241281	 0.492203	 0.287647	-0.659162	-0.959355	-0.061306
-1.389449	 0.284052	 0.936977	 0.936662	 0.480592	 0.512724	 1.826398	 1.496095	 0.787647	 5.905975	 1.060083	 0.438694
-1.133891	 0.814166	 1.215111	 1.214792	 1.509920	 1.009698	 3.350449	 1.993041	 1.035071	 9.163601	 2.063643	 0.686817
 0.495645	 5.076534	 1.851192	 1.350872	 3.519505	 1.255172	 5.102726	 2.236534	 0.656219	 13.267571	 3.059288	 0.309008
 1.306162	 7.189040	 2.164257	 1.415938	 4.513240	 1.374908	 5.965154	 2.353321	 0.466792	 15.284813	 3.549001	 0.120104
 4.207188	 13.726690	 1.815836	 1.445509	 7.499093	 1.431787	 8.382713	 1.906774	-0.127921	 20.758830	 4.285780	-0.974348
 5.643484	 16.954987	 1.638690	 1.457344	 8.971050	 1.457249	 9.569892	 1.680580	-0.423832	 23.443373	 4.644125	-1.517437
 7.347472	 22.028768	 1.047194	 1.460323	 10.686142	 1.467014	 11.141967	 1.064574	-1.570348	 28.233389	 5.813292	-2.784860
 8.181364	 24.511454	 0.751446	 1.458887	 11.518886	 1.468943	 11.902577	 0.756571	-2.138173	 30.562350	 6.383910	-3.410467
 8.580279	 25.698809	 0.603572	 1.455253	 11.910554	 1.466966	 12.257555	 0.602570	-2.416673	 31.661048	 6.655311	-3.715198
 9.261778	 29.738714	 0.529635	 1.450533	 13.581784	 2.463048	 13.409820	 3.025569	-0.050533	 41.144877	 13.777158	 0.140476
 9.582641	 31.691109	 0.492666	 1.445282	 14.386893	 2.954170	 13.956828	 4.226172	 1.127906	 45.864572	 17.296283	 2.060321
 13.723266	 37.100019	 1.974182	 3.439776	 18.759064	 3.692841	 19.201324	 4.315620	 1.212513	 51.202287	 19.514215	 3.012283
 15.757850	 39.782443	 2.708029	 4.426154	 20.898886	 4.053313	 21.774680	 4.351533	 1.252222	 53.849113	 20.579716	 3.480335
 18.739557	 48.101710	 4.068068	 4.908519	 21.922720	 4.224722	 23.012662	 4.360715	 1.769493	 55.150582	 21.069177	 3.706465
 20.186969	 52.238088	 4.737232	 5.138919	 22.388744	 4.301634	 23.583152	 4.356566	 2.023555	 55.778060	 21.270790	 3.811665
 20.867405	 54.283113	 5.061001	 5.243380	 22.576047	 4.331333	 23.820090	 4.845787	 1.646030	 56.068636	 21.328651	 3.356431
 21.164528	 55.282755	 5.212116	 5.284915	 22.624171	 4.337460	 23.890445	 5.079728	 1.454731	 56.191053	 21.314809	 3.123011
 21.270166	 55.759797	 5.276947	 5.295030	 22.602889	 4.331836	 23.877700	 5.186070	 1.356555	 56.229483	 21.265286	 3.000522
 21.280234	 55.975630	 5.298679	 5.289477	 22.547084	 4.320372	 23.823598	 4.728657	 1.804950	 55.726009	 21.198093	 3.433522
 21.242687	 56.060749	 5.298904	 5.276133	 22.474200	 4.306022	 23.749008	 4.491408	 2.024641	 55.451475	 21.122235	 3.642289
 21.181503	 56.080603	 5.288418	 5.258935	 22.392955	 4.290264	 23.664365	 4.864275	 2.129997	 55.291502	 21.042213	 3.738970
 21.108671	 56.067714	 5.272619	 5.239853	 22.307709	 4.273836	 23.574883	 5.040234	 2.178205	 55.188701	 20.960277	 3.779639
 21.030183	 56.038546	 5.254206	 5.219870	 21.720641	 4.257107	 23.483172	 4.617781	 2.197856	 55.114576	 20.877553	 3.792333
 20.949035	 56.001729	 5.234528	 5.199479	 21.384840	 4.240262	 23.390533	 4.398164	 2.203247	 55.055280	 20.794601	 3.791070
 20.866726	 55.461176	 5.214260	 5.178925	 21.174841	 4.223392	 23.297618	 4.779999	 2.201524	 55.003488	 20.711702	 3.782859
 20.784002	 55.168644	 5.193737	 5.158331	 21.027912	 4.206545	 23.204751	 4.960592	 2.196264	 54.955337	 20.628995	 3.771204
 20.701238	 55.000211	 5.173130	 5.137759	 20.912686	 4.189741	 23.112094	 5.040607	 2.189252	 54.909094	 20.546549	 3.757858
 20.618619	 55.393917	 5.152521	 5.117239	 20.813478	 4.172994	 23.019726	 5.070373	 2.181381	 54.863895	 20.464397	 3.743695
 20.536237	 55.568781	 5.131952	 5.096785	 20.722445	 4.156308	 22.927688	 5.075055	 2.173099	 54.819306	 20.382557	 3.729155
 19.954139	 55.634311	 5.111446	 5.076405	 21.135666	 4.139685	 22.835997	 4.567237	 2.164628	 54.775110	 20.301036	 3.714456
 19.624345	 55.645462	 5.091010	 5.056104	 21.299178	 4.123128	 22.744663	 4.305209	 2.156080	 54.731398	 20.219836	 3.699707
 19.420860	 55.629510	 4.570651	 5.035881	 20.838009	 4.106636	 22.653690	 4.166109	 2.147511	 54.688014	 20.138959	 3.684962
 19.280682	 55.600492	 4.302371	 5.015739	 20.566671	 4.090210	 22.563077	 4.088505	 2.138949	 54.645281	 20.058404	 3.670249
 19.172312	 55.565026	 4.660163	 4.995676	 20.390411	 4.073849	 22.472826	 4.541681	 2.130407	 54.602957	 19.978171	 3.655582
 19.079999	 55.526020	 4.829023	 4.975694	 20.261853	 4.057554	 22.382936	 4.758279	 2.121892	 54.560522	 19.898259	 3.640966
 18.995868	 55.485328	 4.903458	 4.955791	 20.157308	 4.041324	 22.293404	 4.856629	 2.113408	 54.518116	 19.818666	 3.626406
 18.915978	 54.943879	 4.930719	 4.435968	 20.064929	 4.025159	 22.204231	 4.895893	 2.104956	 54.475809	 19.739391	 3.611902
 18.838361	 54.652335	 4.934434	 4.168224	 19.978795	 4.009058	 22.115414	 4.905655	 2.096537	 54.433836	 19.660433	 3.597455
 18.762031	 54.985827	 4.926415	 4.026551	 20.395942	 3.993022	 22.026952	 4.400706	 2.088151	 54.392114	 19.581792	 3.583066
 18.686495	 55.131920	 4.912568	 3.947945	 20.562890	 3.977050	 21.938845	 4.140439	 2.079799	 54.350600	 19.503465	 3.568734
 16.611505	 54.684396	 4.395848	 3.900903	 19.104904	 3.961141	 21.851089	 4.502546	 2.071480	 54.309273	 19.425451	 3.554459
 15.544937	 54.441546	 4.129729	 3.869675	 18.340617	 3.945297	 21.763685	 4.673870	 2.063194	 54.269521	 19.347749	 3.540241
 16.982696	 54.301109	 4.488943	 4.346383	 18.923321	 3.929516	 21.676630	 4.749841	 2.054941	 54.230633	 18.770358	 3.526080
 17.664735	 54.210555	 4.658853	 4.575092	 19.175661	 3.913798	 21.589924	 4.778175	 2.046722	 54.190854	 18.445277	 3.511976
 17.969061	 54.145024	 4.734151	 4.679838	 19.262975	 3.898142	 21.503564	 4.782729	 2.038535	 54.150710	 18.246495	 3.497928
 18.584677	 54.092085	 4.762181	 4.722642	 19.767932	 3.882550	 21.417550	 4.775432	 2.030381	 54.110464	 18.111009	 3.483936
 18.854084	 54.045123	 4.766615	 4.734513	 19.979864	 3.867020	 21.331879	 4.762247	 2.022259	 54.069849	 18.007315	 3.470001
 18.950541	 54.501231	 4.759291	 4.730956	 19.545447	 3.351552	 20.746552	 4.246156	 0.514170	 47.029131	 16.419661	 2.456121
 18.960675	 54.705715	 4.746124	 4.719723	 19.290016	 3.088145	 20.413566	 3.980651	-0.237887	 43.428795	 15.596170	 1.946296
 18.927801	 54.784482	 4.730075	 4.704689	 19.624231	 3.450793	 20.706911	 2.840468	 0.388065	 41.048970	 10.154879	-1.311489
 18.873574	 54.803029	 4.712623	 4.687793	 19.751422	 3.624490	 20.811584	 2.266976	 0.699013	 39.781719	 7.424806	-2.931243
 12.808822	 43.791550	 2.694506	 2.170003	 15.275260	 2.203742	 15.322088	 0.976843	-1.147533	 34.071065	 5.550381	-3.232018
 9.762957	 38.220251	 1.684095	 0.911108	 13.015581	 1.491802	 12.557674	 0.331776	-2.064818	 31.159017	 4.605816	-3.375340
 8.226591	 35.369303	 1.177542	 0.281661	 11.864230	 1.134272	 11.155881	 0.009243	-2.517496	 29.646499	 4.126211	-3.439964
 6.445028	 29.878792	 0.922923	 0.466937	 9.267128	 0.953954	 8.435476	 0.347976	-1.737895	 24.333972	 2.879115	-1.965266
 5.544919	 27.084760	 0.794278	 0.558271	 7.955238	 0.862247	 7.063844	 0.515970	-1.346178	 21.639666	 2.252303	-1.227918
 4.085575	 20.139163	 0.728623	 0.102638	 4.786006	 0.814853	 5.366643	 0.598598	-0.648411	 16.254622	 0.935646	-0.859243
 3.350650	 16.639977	 0.694470	-0.125178	 3.198156	 0.789621	 4.510704	 0.638550	-0.299527	 13.540361	 0.277318	-0.674906
 1.977957	 11.364103	 0.176073	-0.239086	 0.401011	 0.275476	 0.575425	 0.157169	-0.625085	 4.661578	-2.051846	-0.582738
 1.290399	 8.713989	-0.083125	-0.296040	-0.992770	 0.018404	-1.385495	-0.083521	-0.785963	 0.230621	-3.207666	-0.536653
-1.554585	 2.376804	-0.212725	-0.824517	-3.684887	-0.610133	-3.859262	-0.703867	-0.864508	-2.476457	-4.276849	-1.013611
-2.968278	-0.783867	-0.277524	-1.086050	-5.018192	-0.921923	-5.083480	-1.011391	-0.901894	-3.819629	-4.800749	-1.249109
-3.666361	-2.356314	-0.309924	-1.214121	-5.672141	-1.075351	-5.682973	-1.162515	-0.918709	-4.480889	-5.052049	-1.363889
-4.506673	-3.634680	-0.826124	-1.275472	-5.986463	-1.149608	-5.970155	-1.235450	-0.925245	-4.801235	-5.167093	-1.418321
-4.916135	-4.264036	-1.081539	-1.303474	-6.131023	-1.184288	-6.101231	-1.269301	-0.926650	-4.951165	-5.214050	-1.442592
-5.110215	-4.568928	-1.206573	-1.314812	-6.690752	-1.199191	-6.154305	-1.283620	-1.425496	-5.515927	-5.227007	-1.451793
-5.196647	-4.711626	-1.266427	-1.317828	-6.956115	-1.204213	-6.168427	-1.288183	-1.671071	-5.786147	-5.223005	-1.453472
-5.229296	-4.773267	-1.293701	-1.316695	-6.574354	-1.204306	-6.663123	-1.787880	-1.790024	-5.909145	-5.210567	-1.451401
-5.235097	-4.794417	-1.304696	-1.313497	-6.371088	-1.201944	-6.896155	-2.033153	-1.845683	-5.958579	-5.193951	-1.447467
-5.227516	-4.795361	-1.307562	-1.309278	-6.757119	-1.198364	-6.998413	-1.651232	-1.369710	-5.971280	-5.175289	-1.442613
-5.213285	-4.786241	-1.306375	-1.304558	-6.935849	-1.194184	-7.035340	-1.457734	-1.129936	-5.965663	-5.155644	-1.437311
-5.195772	-4.772126	-1.303170	-1.299598	-7.010984	-1.189714	-7.039659	-1.358456	-1.008269	-5.950934	-5.135550	-1.431795
-5.176659	-4.755553	-1.298968	-1.294529	-6.534380	-1.185109	-6.527731	-1.306298	 5.554338	 0.068303	-3.615272	-0.926185
-5.156787	-4.737788	-1.294278	-1.289416	-6.283962	-1.180445	-6.259735	-1.277711	 8.811408	 3.065746	-2.850943	-0.673380
-4.636577	-4.219466	-0.289353	-0.784291	-6.146686	 6.324238	-5.113754	-0.760920	 4.415805	-0.947658	-3.464605	-0.546977
-4.368240	-3.952902	 0.211678	-0.531728	-6.066029	 10.048922	-4.532828	-0.502524	 2.218004	-2.944439	-3.763280	-0.483776
-4.725871	-4.312248	-0.039232	-0.905447	-5.013730	 4.383717	-5.234461	-0.873326	 1.119104	-4.432946	-4.404493	-0.452176
-4.894520	-4.482578	-0.164687	-1.089748	-4.479658	 1.553677	-5.573405	-1.056239	 0.569654	-5.165357	-4.715008	-0.436375
-4.968718	-4.558437	-0.727414	-1.179350	-5.204730	 0.141210	-5.731053	-1.145217	-0.205072	-5.519767	-3.860215	 0.071525
-4.995731	-4.587097	-1.006198	-1.221613	-5.555407	-0.562481	-5.798099	-1.187238	-0.590475	-5.685224	-3.426807	 0.324316
-4.999192	-4.592196	-1.143020	-1.240217	-5.718933	-0.911794	-5.819892	-1.205789	-0.781224	-5.756251	-3.204117	 0.449558
-4.990917	-4.585551	-1.208871	-1.247001	-1.788931	 5.416072	-4.819105	-0.712617	 1.125345	 4.219890	 3.913191	 5.511029
-4.976815	-4.573071	-1.239247	-1.247886	 0.171787	 8.556516	-4.311075	-0.466030	 2.072565	 9.179569	 7.449784	 8.020619
-4.459838	-4.557710	-0.751896	-1.245831	-2.852118	 3.603345	-5.549454	-0.842737	 0.540136	 2.131130	 1.196108	 3.754354
-4.193464	-4.540944	-0.508220	-1.242316	-4.352319	 1.129459	-6.155067	-1.028651	-0.224094	-1.383255	-1.920615	 1.622245
-4.552422	-4.523513	-0.886382	-1.238080	-5.090714	-0.104795	-5.944353	-1.119180	-0.604232	-3.630653	-3.468902	 0.557211
-4.722079	-4.505785	-1.072934	-1.233495	-5.448254	-0.719244	-5.827528	-1.162024	-0.792333	-4.742595	-4.233011	 0.025709
-4.797124	-4.487945	-1.163692	-1.228745	-6.115412	-1.023801	-5.757695	-1.181037	-1.384422	-5.286857	-4.605071	-0.739030
-4.824902	-4.470085	-1.206561	-1.223921	-6.435426	-1.173423	-5.711402	-1.188143	-1.676514	-5.547326	-4.781147	-1.118392
-4.829086	-4.452251	-1.225497	-1.219072	-6.581922	-1.245588	-5.676926	-1.189306	-1.818622	-5.665945	-4.859270	-1.305078
-4.821511	-4.434465	-1.232476	-1.214218	-6.641713	-1.279035	-6.148403	-1.187506	-1.385755	-5.213685	-4.888457	-0.895437
-4.808096	-4.416738	-1.233487	-1.209373	-6.658206	-1.293133	-6.370901	-1.184235	-1.167416	-4.978033	-4.893215	-0.690617
-4.791799	-4.399077	-1.231523	-1.204541	-6.653103	-1.297568	-5.968964	-1.180237	-1.056348	-4.850722	-4.885799	-0.588207
-4.774099	-4.381484	-1.228082	-1.199726	-6.637255	-1.297182	-5.756861	-1.175886	-0.998923	-4.777619	-4.872333	-0.537001
-4.755737	-4.363959	-1.223912	-1.194928	-6.116088	-1.294395	-5.639720	-1.171367	-0.968328	-4.731659	-4.855883	-0.511399
-4.737081	-4.346504	-1.219388	-1.190149	-5.844315	-1.290418	-5.570104	-1.166774	-0.951155	-4.699307	-4.837979	-0.498598
-4.718316	-4.329118	-1.214696	-1.185389	-5.697284	-1.285857	-5.524296	-1.162153	-0.940701	-5.173798	-4.819387	-0.492197
-4.699534	-4.311802	-1.209930	-1.180648	-5.612667	-1.281014	-5.490434	-1.157528	-0.933613	-5.399746	-4.800489	-0.488997
-4.680782	-4.294555	-1.205137	-1.175925	-5.559303	-1.276040	-5.462590	-1.152909	-0.928216	-5.501469	-4.781477	-0.487397
-4.662082	-4.277377	-1.200340	-1.171222	-6.021609	-1.271011	-5.437799	-1.148303	-0.923672	-5.041124	-4.762446	-0.486596
-4.643445	-4.260267	-1.195550	-1.166537	-6.239794	-1.265964	-5.414577	-1.143713	-0.919561	-4.801790	-4.743444	-0.486196
-4.624877	-4.243226	-1.190773	-1.161871	-5.835971	-1.260919	-5.892184	-1.139140	-0.415675	-4.672998	-4.724494	-0.485996
-4.606380	-4.226253	-1.186013	-1.157223	-5.623195	-1.255885	-6.118247	-1.134584	-0.163732	-4.599514	-4.705608	-0.485896
-4.587956	-4.209348	-1.181271	-1.152594	-5.505986	-1.250866	-5.718591	-1.130046	-0.037761	-4.553720	-4.686791	-0.485846
-4.569605	-4.192511	-1.176546	-1.147984	-5.436604	-1.245865	-5.508124	-1.125526	 0.025225	-4.521807	-4.668047	-0.485821
-4.551327	-4.175741	-1.171840	-1.143392	-5.391179	-1.240882	-5.392296	-1.121024	 0.056718	-4.496871	-4.649376	-0.485809
-4.533122	-4.159038	-1.167153	-1.138818	-5.357774	-1.235919	-5.323829	-1.116540	 0.072464	-4.475459	-4.630780	-0.485803
-4.514990	-4.142402	-1.162485	-1.134263	-5.330424	-1.230976	-5.279084	-1.112074	-0.419663	-4.455844	-4.612257	-0.485799
-4.496930	-4.125832	-1.157835	-1.129726	-5.306142	-1.226052	-5.246244	-1.107625	-0.663902	-4.437165	-4.593808	-0.485798
-4.478942	-4.109329	-1.153204	-1.125207	-5.283437	-1.221148	-5.219396	-1.103195	-0.784206	-4.418988	-4.575433	-0.485797
-4.461026	-4.092891	-1.148591	-1.120706	-5.261564	-1.216264	-5.195588	-1.098782	-0.342549	-4.401098	-4.557131	-0.485797
-4.443182	-4.076520	-1.143996	-1.116223	-5.240148	-1.211399	-5.173340	-1.094387	-0.121720	-4.383387	-4.538903	-0.485797
-4.425409	-4.060214	-1.139420	-1.111759	-5.219002	-1.206553	-5.151914	-1.090009	-0.511306	-4.365800	-4.520747	-0.485796
-4.407708	-4.043973	-1.134863	-1.107312	-5.198033	-1.201727	-5.130940	-1.085649	-0.704297	-4.348310	-4.502664	-0.485796
-4.390077	-4.027797	-1.130323	-1.102882	-5.177195	-1.196920	-5.110233	-1.081307	-0.298998	-4.830903	-4.484653	-0.485796
-4.372517	-4.011686	-1.125802	-1.098471	-5.156463	-1.192132	-5.089700	-1.076982	-0.096348	-5.061573	-4.466715	-0.485796
-4.355027	-3.995639	-1.121299	-1.094077	-5.635826	-1.187364	-5.069295	-1.072674	-0.495024	-4.666323	-4.448848	-0.485796
-4.337606	-3.979657	-1.116814	-1.089701	-5.863277	-1.182614	-5.048995	-1.068383	-0.692574	-4.460156	-4.431053	-0.485796
-4.320256	-3.963738	-1.112346	-1.085342	-5.964821	-1.177884	-5.028788	-1.064109	-0.789569	-4.348565	-4.413328	-0.485796
-4.302975	-3.947883	-1.107897	-1.081000	-5.503460	-1.173172	-5.008667	-1.059853	-0.336293	-4.284295	-4.395675	-0.485796
-4.285763	-3.932091	-1.103465	-1.076676	-5.262695	-1.168480	-4.988630	-1.055614	-0.109655	-4.243720	-4.378092	-0.485796
-4.268620	-3.916363	-1.099051	-1.072370	-5.132269	-1.163806	-4.968674	-1.051391	 0.003664	-4.215027	-4.360580	-0.985796
-4.251546	-3.900698	-1.094655	-1.068080	-5.057052	-1.159150	-4.948798	-1.047186	 0.060323	-4.192307	-4.343138	-1.232825
-4.234539	-3.885095	-1.090277	-1.063808	-5.009480	-1.154514	-4.929003	-1.042997	-0.411347	-4.172608	-4.325765	-0.853379
-4.217601	-3.869554	-1.085916	-1.059553	-4.975771	-1.149896	-4.909286	-1.038825	-0.645416	-4.154453	-4.308462	-0.663657
-4.200731	-3.854076	-1.081572	-1.055314	-4.949032	-1.145296	-5.389649	-1.034670	-0.760692	-4.137102	-4.291228	-0.568795
-4.183928	-3.838660	-1.077246	-1.051093	-4.925817	-1.140715	-5.618091	-1.030531	-0.816578	-4.120188	-4.274063	-0.521364
-4.167192	-3.823305	-1.072937	-1.046889	-4.904405	-1.136152	-5.720618	-1.026409	-0.842776	-4.103524	-4.256967	-0.497649
-4.150523	-3.808012	-1.068645	-1.042701	-4.883933	-1.131608	-5.260236	-1.022303	-0.354137	-4.087018	-4.239939	-0.485791
-4.133921	-3.792780	-1.064370	-1.038530	-4.863970	-1.127081	-5.020445	-1.018214	-0.109817	-4.070625	-4.222979	-0.479863
-4.117386	-3.777609	-1.060113	-1.034376	-4.844301	-1.122573	-4.890988	-1.014141	-0.487657	-4.054319	-4.206087	-0.476898
-4.100916	-3.762498	-1.055872	-1.030239	-4.824817	-1.118082	-4.816737	-1.010084	-0.674847	-4.038090	-4.189263	-0.475416
-4.084512	-3.747448	-1.051649	-1.026118	-4.805464	-1.613610	-4.770126	-1.006044	-0.266717	-4.021932	-4.172506	-0.474675
-4.068174	-3.732459	-1.047442	-1.022013	-4.786215	-1.857156	-4.737373	-1.002020	-0.062652	-4.005842	-4.155816	-0.474304
-4.051902	-3.717529	-1.043252	-1.017925	-4.767057	-1.474727	-4.711588	-0.998012	 0.039380	-3.989817	-4.139193	-0.474119
-4.035694	-3.702659	-1.039079	-1.013854	-4.747982	-1.281328	-4.689324	-0.994020	 0.090396	-3.973857	-4.122636	-0.474026
-4.019551	-3.687848	-1.034923	-1.009798	-4.728987	-1.182453	-4.668857	-0.990044	 0.115904	-3.957961	-4.106145	-0.473980
-4.003473	-3.673097	-1.030783	-1.005759	-4.710069	-1.130848	-4.649327	-0.986084	 0.128658	-3.942129	-4.089721	-0.473957
-3.987459	-3.658404	-1.026660	-1.001736	-4.691228	-1.102887	-4.630303	-0.982139	 0.135035	-3.926361	-4.073362	-0.473945
-3.971509	-3.643771	-1.022554	-0.997729	-4.672463	-1.086757	-4.611568	-0.978211	 0.138224	-3.910655	-4.057069	-0.973940
-3.955623	-3.629196	-1.018463	-0.993738	-4.653773	-1.076550	-4.593015	-0.974298	 0.139818	-3.895012	-4.040840	-1.220989
-3.939801	-3.614679	-1.014390	-0.989763	-4.635158	-1.069315	-4.574590	-0.970401	 0.140615	-3.879432	-4.024677	-0.841577
-3.924042	-3.600220	-1.010332	-0.985804	-4.616617	-1.063572	-4.556264	-0.966519	 0.141014	-3.863915	-4.008578	-0.651872
-3.908345	-3.585819	-1.006291	-0.981861	-4.598150	-1.058586	-4.538026	-0.962653	 0.141213	-3.848459	-3.992544	-0.557019
-3.892712	-3.571476	-1.002266	-0.977933	-4.579758	-1.053985	-4.519867	-0.958802	 0.141313	-3.833065	-3.976574	-0.509592
-3.877141	-3.557190	-0.998257	-0.974022	-4.561439	-1.049586	-4.501784	-0.954967	 0.141363	-3.817733	-3.960667	-0.485879
-3.861633	-3.542961	-0.994263	-0.970126	-4.543193	-1.045296	-4.483776	-0.951147	 0.141388	-3.802462	-3.944825	-0.474022
-3.846186	-3.528789	-0.990286	-0.966245	-4.525020	-1.041069	-4.465840	-0.947343	 0.141400	-3.787252	-3.929045	-0.468094
-3.830801	-3.514674	-0.986325	-0.962380	-4.506920	-1.036882	-4.447976	-0.943553	 0.141406	-3.772103	-3.913329	-0.465130
-3.815478	-3.500616	-0.982380	-0.958531	-4.488892	-1.032723	-4.430184	-0.939779	 0.141409	-3.757015	-3.897676	-0.463648
-3.800216	-3.486613	-0.978450	-0.954697	-4.470937	-1.528587	-4.412463	-0.936020	 0.141411	-3.741987	-3.882085	-0.462907
-3.785015	-3.472667	-0.974537	-0.950878	-4.453053	-1.772469	-4.394813	-0.932276	 0.141412	-3.727019	-3.866557	-0.462536
-3.769875	-3.458776	-0.970639	-0.947074	-4.435241	-1.390378	-4.377234	-0.928547	 0.141412	-3.712111	-3.851091	-0.462351
-3.754796	-3.444941	-0.966756	-0.943286	-4.417500	-1.197316	-4.359725	-0.924833	 0.141412	-3.697262	-3.835686	-0.462258
-3.739777	-3.431161	-0.962889	-0.939513	-4.399830	-1.098776	-4.342286	-0.921133	 0.141412	-3.682473	-3.820344	-0.462212
-3.724818	-3.417436	-0.959037	-0.935755	-4.882231	-1.047506	-4.324917	-0.917449	 0.141412	-3.667743	-3.805062	-0.462189
-3.709918	-3.403767	-0.955201	-0.932012	-5.112702	-1.019878	-4.307617	-0.913779	 0.141412	-3.653072	-3.789842	-0.462177
-3.695079	-3.390152	-0.951380	-0.928284	-4.717251	-1.004080	-4.290387	-0.910124	 0.141412	-3.638460	-3.774683	-0.462172
-3.680298	-3.376591	-0.947575	-0.924571	-4.510882	-0.994204	-4.273225	-0.906483	 0.141412	-3.623906	-3.759584	-0.462169
-3.665577	-3.363085	-0.943785	-0.920872	-4.399088	-0.987298	-4.256132	-0.902857	 0.141412	-3.609410	-3.744546	-0.462167
-3.650915	-3.349632	-0.940009	-0.917189	-4.334617	-0.981884	-4.239108	-0.899246	 0.141412	-3.594973	-3.729567	-0.462167
-3.636311	-3.336234	-0.936249	-0.913520	-4.293841	-0.977224	-4.222151	-0.895649	 0.141412	-3.580593	-3.714649	-0.462166
-3.621766	-3.322889	-0.932504	-0.909866	-4.264947	-0.972949	-4.205263	-0.892066	 0.141412	-3.566271	-3.699790	-0.462166
-3.607279	-3.309597	-0.928774	-0.906226	-4.242028	-0.968874	-4.188442	-0.888498	 0.141412	-3.552005	-3.684991	-0.462166
-3.592850	-3.296359	-0.925059	-0.902602	-4.222130	-0.964907	-4.171688	-0.884944	 0.141412	-3.537797	-3.670251	-0.462166
-3.578478	-3.283174	-0.921359	-0.898991	-4.203777	-0.961001	-4.155001	-0.881404	 0.141412	-3.523646	-3.655570	-0.462166
-3.564164	-3.270041	-0.917674	-0.895395	-4.186229	-0.957134	-4.138381	-0.877879	 0.141412	-3.509552	-3.640948	-0.462166
-3.549908	-3.256961	-0.914003	-0.891814	-4.169118	-0.953294	-4.121828	-0.874367	 0.141412	-3.495513	-3.626384	-0.462166
-3.535708	-3.243933	-0.910347	-0.888246	-4.152258	-0.949476	-4.105340	-0.370870	 0.141412	-3.481531	-3.611879	-0.462166
-3.521565	-3.230957	-0.906706	-0.884693	-4.135558	-0.945675	-4.088919	-0.119121	 0.141412	-3.467605	-3.597431	-0.462166
-3.507479	-3.218033	-0.903079	-0.881155	-4.118970	-0.941891	-4.072563	-0.493247	 0.141412	-3.453735	-3.583041	-0.462166
-3.493449	-3.205161	-0.899466	-0.877630	-4.102471	-0.938122	-4.056273	-0.678575	 0.141412	-3.439920	-3.568709	-0.462166
-3.479475	-3.192340	-0.895869	-0.874119	-4.086050	-0.934370	-4.040048	-0.769511	 0.141412	-3.426160	-3.554434	-0.462166
-3.465557	-3.179571	-0.892285	-0.870623	-4.069700	-0.930632	-4.023888	-0.813258	 0.141412	-3.412456	-3.540217	-0.462166
-3.451695	-3.166853	-0.888716	-0.867140	-4.053418	-0.926909	-4.007792	-0.833418	 0.141412	-3.398806	-3.526056	-0.462166
-3.437888	-3.154185	-0.885161	-0.863672	-4.037203	-0.923202	-3.991761	-0.841790	 0.141412	-3.385211	-3.511952	-0.462166
-3.424137	-3.141569	-0.881620	-0.860217	-4.021053	-0.919509	-3.975794	-0.844276	 0.141412	-3.371670	-3.497904	-0.462166
-3.410440	-3.129002	-0.878094	-0.856776	-4.004969	-0.915831	-3.959891	-0.843826	 0.141412	-3.858183	-3.483912	-0.462166
-3.396798	-3.116486	-0.874582	-0.853349	-3.988949	-0.912167	-3.944051	-0.841914	 0.141412	-4.092750	-3.469977	-0.462166
-3.383211	-3.104020	-0.871083	-0.849936	-3.972993	-0.908519	-3.928275	-0.839278	-0.358588	-3.701379	-3.456097	-0.462166
-3.369678	-3.091604	-0.867599	-0.846536	-3.957101	-0.904885	-3.912562	-0.836287	-0.606870	-3.499074	-3.442272	-0.462166
-3.356200	-3.079238	-0.864129	-0.843150	-3.941273	-0.901265	-3.896912	-0.833124	-0.729302	-3.391327	-3.428503	-0.462166
-3.342775	-3.066921	-0.860672	-0.839777	-3.925507	-0.897660	-3.881324	-0.829883	-0.288814	-3.330887	-3.414789	-0.462166
-3.329404	-3.054653	-0.857229	-0.836418	-3.909805	-0.894069	-3.865799	-0.826609	-0.068570	-3.294126	-3.401130	-0.462166
-3.316086	-3.042435	-0.853800	-0.833073	-3.894166	-0.890493	-3.850335	-0.823326	 0.041552	-3.269231	-3.387526	-0.462166
-3.302822	-3.030265	-0.850385	-0.829740	-3.878590	-0.886931	-3.834934	-0.820044	 0.096613	-3.250295	-3.373975	-0.462166
-3.289611	-3.018144	-0.846984	-0.826421	-3.863075	-0.883383	-3.819594	-0.816770	 0.124144	-3.734364	-3.360480	-0.462166
-3.276452	-3.006071	-0.843596	-0.823116	-3.847623	-0.879850	-3.804316	-0.813505	 0.137909	-3.967961	-3.347038	-0.462166
-3.263346	-2.994047	-0.840221	-0.819823	-3.832232	-0.876330	-3.789099	-0.810253	 0.144792	-3.576357	-3.333649	-0.462166
-3.250293	-2.982071	-0.836860	-0.816544	-3.816903	-0.872825	-3.773942	-0.807012	 0.148233	-3.374186	-3.320315	-0.462166
-3.237292	-2.970143	-0.833513	-0.813278	-3.801636	-0.869334	-3.758847	-0.803785	 0.149954	-3.266756	-3.307034	-0.462166
-3.224343	-2.958262	-0.830179	-0.810025	-3.786429	-0.865856	-3.743811	-0.300570	 0.150814	-3.206722	-2.793805	-0.462166
-3.211445	-2.946429	-0.826858	-0.806785	-3.771284	-0.862393	-3.728836	-0.048962	 0.151244	-3.170412	-2.532630	-0.462166
-3.198599	-2.934643	-0.823551	-0.803557	-3.756198	-0.858943	-3.713921	-0.423159	 0.151459	-3.645989	-2.897500	-0.462166
-3.185805	-2.922905	-0.820257	-0.800343	-3.741174	-0.855508	-3.699065	-0.608662	 0.151567	-3.875534	-3.073410	-0.462166
-3.173062	-2.911213	-0.816976	-0.797142	-3.726209	-0.852086	-3.684269	-0.699825	 0.151621	-3.482096	-3.154866	-0.462166
-3.160370	-2.899568	-0.813708	-0.793953	-3.711304	-0.848677	-3.669532	-0.743825	 0.151647	-3.279200	-3.189122	-0.462166
-3.147728	-2.887970	-0.810453	-0.790777	-3.696459	-0.845283	-3.654853	-0.764249	 0.151661	-3.171600	-2.699803	-0.462166
-3.135137	-2.876418	-0.807211	-0.787614	-3.681673	-0.841902	-3.640234	-0.772892	 0.151668	-3.111671	-2.450722	-0.462166
-3.122597	-2.864912	-0.803982	-0.784464	-3.666946	-0.838534	-3.625673	-0.775650	 0.151671	-3.075604	-2.321779	-0.462166
-3.110106	-2.853453	-0.300766	-0.781326	-3.652279	-0.835180	-3.611170	-0.775473	 0.151673	-3.051491	-2.752921	-0.462166
-3.097666	-2.842039	-0.049158	-0.778201	-3.637669	-0.831839	-3.596726	-0.773833	 0.151673	-3.033379	-2.962124	-0.462166
-3.085275	-2.830671	-0.423354	-0.775088	-3.623119	-0.828512	-3.582339	-0.771469	 0.151674	-3.018293	-2.560383	-0.462166
-3.072934	-2.819348	-0.608857	-0.771988	-3.608626	-0.825198	-3.568009	-0.768749	 0.151674	-3.004744	-2.355195	-0.462166
-2.560642	-2.808071	-0.200020	-0.768900	-3.594192	-0.821897	-3.553737	-0.265857	 0.151674	-2.991987	-2.748302	-0.462166
-2.300400	-2.796838	 0.004399	-0.765824	-3.579815	-0.818609	-3.539523	-0.014411	 0.151674	-2.979650	-2.938572	-0.462166
-2.666198	-2.785651	-0.393392	-0.762761	-3.565496	-0.815335	-3.525364	-0.388688	 0.151674	-2.967547	-3.027449	-0.462166
-2.843033	-2.774508	-0.590705	-0.759710	-3.551234	-0.812073	-3.511263	-0.574300	 0.151674	-2.955584	-3.065655	-0.462166
-2.925411	-2.763410	-0.687785	-0.756671	-3.537029	-0.808825	-3.497218	-0.665587	 0.151674	-2.943716	-3.078551	-0.462166
-2.960585	-2.752357	-0.734756	-0.753644	-3.522881	-0.805590	-3.483229	-0.209716	 0.151674	-2.931918	-2.578815	-0.462166
-2.972180	-2.741347	-0.756678	-0.750630	-3.508789	-0.802368	-3.469296	 0.018219	 0.151674	-2.920179	-2.324790	-0.462166
-2.972010	-2.730382	-0.766081	-0.747627	-3.494754	-0.799158	-3.455419	-0.367813	 0.151674	-2.908492	-2.693635	-0.462166
-2.965981	-2.719460	-0.769232	-0.744636	-3.480775	-0.795961	-3.441597	-0.559322	 0.151674	-2.896855	-2.871933	-0.462166
-2.957047	-2.708583	-0.769263	-0.741658	-3.466852	-0.792778	-3.427831	-0.653574	 0.151674	-2.885266	-2.454981	-0.462166
-2.946684	-2.697748	-0.767740	-0.738691	-3.452985	-0.789606	-3.414120	-0.699205	 0.151674	-2.873725	-2.242430	-0.462166
-2.935629	-2.686957	-0.765446	-0.735737	-3.439173	-0.786448	-3.400463	-0.720531	 0.151674	-2.862229	-2.632094	-0.462166
-2.924253	-2.676209	-0.762772	-0.732794	-3.425416	-0.783302	-3.386861	-0.729710	 0.151674	-2.850780	-2.820883	-0.462166
-2.912739	-2.665505	-0.759915	-0.729862	-3.411714	-0.780169	-3.373314	-0.732821	 0.151674	-2.839377	-2.909258	-0.462166
-2.901180	-2.654843	-0.756973	-0.726943	-3.398067	-0.777048	-3.359821	-0.732905	 0.151674	-2.828019	-2.947450	-0.462166
-2.889621	-2.644223	-0.753994	-0.724035	-3.384475	-0.773940	-3.346381	-0.731482	 0.151674	-2.816707	-2.960575	-0.462166
-2.878085	-2.633646	-0.751002	-0.721139	-3.370937	-0.770844	-3.332996	-0.729309	 0.151674	-2.805440	-2.461190	-0.462166
-2.866584	-2.623112	-0.748010	-0.718255	-3.357453	-0.767761	-3.319664	-0.726769	 0.151674	-2.794219	-2.207574	-0.462166
-2.855124	-2.612619	-0.745024	-0.715381	-3.344024	-0.764690	-3.306385	-0.724050	 0.151674	-2.783042	-2.076858	-0.462166
-2.843706	-2.602169	-0.742047	-0.712520	-3.330648	-0.761631	-3.293160	-0.721248	 0.151674	-2.771910	-2.007607	-0.462166
-2.832333	-2.591760	-0.739080	-0.709670	-3.317325	-0.758585	-3.279987	-0.718411	 0.151674	-2.760822	-2.469105	-0.462166
-2.821004	-2.581393	-0.736125	-0.706831	-3.304056	-0.755550	-3.266867	-0.715561	 0.151674	-2.749779	-2.693993	-0.462166
-2.809720	-2.571067	-0.733181	-0.704004	-3.290839	-0.752528	-3.253799	-0.212710	 0.151674	-2.738780	-2.300599	-0.462166
-2.798482	-2.560783	-0.730248	-0.701188	-3.277676	-0.749518	-3.240784	 0.038715	 0.151674	-2.727824	-2.100088	-0.462166
-2.787288	-2.550540	-0.727327	-0.698383	-3.264565	-0.746520	-3.227821	 0.164428	 0.151674	-2.716913	-1.996033	-0.462166
-2.776139	-2.540338	-0.224418	-0.695590	-3.251507	-0.743534	-3.214910	 0.227284	 0.151674	-2.706046	-1.940222	-0.462166
-2.765034	-2.530177	 0.027037	-0.692807	-3.238501	-0.740560	-3.202050	 0.258712	 0.151674	-2.695221	-1.908547	-0.462166
-2.753974	-2.520056	-0.347236	-0.690036	-3.225547	-0.737598	-3.189242	 0.274426	 0.151674	-2.684440	-1.888956	-0.462166
-2.742958	-2.509976	-0.532929	-0.687276	-3.212645	-0.734647	-3.176485	 0.282283	 0.151674	-2.673703	-1.875422	-0.462166
-2.731986	-2.499936	-0.624339	-0.684527	-3.199794	-0.731709	-3.163779	-0.213788	 0.151674	-2.663008	-1.864931	-0.462166
-2.721058	-2.489936	-0.668612	-0.681789	-3.186995	-0.728782	-3.151124	-0.460404	 0.151674	-2.652356	-1.855977	-0.462166
-2.710174	-2.479976	-0.189323	-0.679061	-3.174247	-0.725867	-3.138519	-0.582298	 0.151674	-2.641746	-2.347806	-0.462166
-2.699333	-2.470056	 0.050322	-0.676345	-3.161550	-0.722963	-3.125965	-0.641837	 0.151674	-2.631179	-2.588041	-0.462166
-2.688536	-2.460176	 0.170144	-0.673640	-3.148904	-0.720071	-3.113462	-0.670203	 0.151674	-2.620655	-2.702502	-0.462166
-2.677782	-2.450335	-0.269945	-0.670945	-3.136308	-0.717191	-3.101008	-0.182989	 0.151674	-2.610172	-2.254099	-0.462166
-2.667071	-2.440534	-0.488569	-0.668262	-3.123763	-0.714322	-3.088604	 0.060618	 0.151674	-2.599731	-2.026285	-0.462166
-2.656402	-2.430772	-0.096467	-0.665588	-3.111268	-0.711465	-3.076249	 0.182421	 0.151674	-2.589333	-2.408782	-0.462166
-2.645777	-2.421049	 0.099584	-0.662926	-3.098823	-0.708619	-3.063944	 0.243323	 0.151674	-2.578975	-2.594448	-0.462166
-2.635194	-2.411365	-0.302390	-0.660274	-3.086428	-0.705785	-3.051688	 0.273774	 0.151674	-2.568659	-2.681720	-0.462166
-2.624653	-2.401719	-0.501969	-0.657633	-3.074082	-0.702961	-3.039482	 0.288999	 0.151674	-2.558385	-2.719819	-0.462166
-2.614154	-2.392112	-0.600355	-0.655003	-3.061786	-0.700150	-3.027324	 0.296612	 0.151674	-2.548151	-2.233352	-0.462166
-2.603698	-2.382544	-0.648151	-0.652383	-3.049539	-0.697349	-3.015215	 0.300418	 0.151674	-2.537959	-1.986625	-0.462166
-2.593283	-2.373014	-0.670656	-0.649773	-3.037340	-0.694560	-3.003154	 0.302321	 0.151674	-2.527807	-1.859781	-0.462166
-2.582910	-2.363522	-0.180523	-0.647174	-3.025191	-0.691781	-2.991141	-0.196727	 0.151674	-2.517695	-2.292894	-0.462166
-2.572578	-2.354068	 0.064544	-0.644585	-3.013090	-0.689014	-2.979176	-0.444860	 0.151674	-2.507625	-2.503998	-0.462166
-2.562288	-2.344651	-0.312923	-0.642007	-3.001038	-0.686258	-2.967260	-0.067540	 0.151674	-2.497594	-2.104120	-0.462166
-2.552039	-2.335273	-0.500276	-0.639439	-2.989034	-0.683513	-2.955391	 0.121120	 0.151674	-2.487604	-1.900772	-0.462166
-2.541831	-2.325932	-0.592577	-0.636881	-2.977078	-0.680779	-2.943569	 0.215450	 0.151674	-2.477653	-1.795704	-0.462166
-2.531663	-2.316628	-0.637357	-0.634334	-2.965169	-0.678056	-2.931795	 0.262615	 0.151674	-2.467743	-1.739788	-0.462166
-2.521537	-2.307361	-0.658383	-0.631796	-2.953309	-0.675344	-2.920068	 0.286197	 0.151674	-2.457872	-1.708463	-0.462166
-2.511450	-2.298132	-0.667538	-0.629269	-2.941495	-0.672642	-2.908387	 0.297988	 0.151674	-2.448040	-1.689446	-0.462166
-2.501405	-2.288939	-0.670761	-0.626752	-2.929729	-0.669952	-2.896754	 0.303884	 0.151674	-2.438248	-1.676596	-0.462166
-2.491399	-2.279784	-0.171025	-0.624245	-2.918010	-0.667272	-2.885167	 0.306832	 0.151674	-2.428495	-2.166844	-0.462166
-2.481433	-2.270664	 0.078843	-0.621748	-2.906338	-0.664603	-2.873626	 0.308306	 0.151674	-2.418781	-2.406654	-0.462166
-2.471508	-2.261582	 0.203777	-0.619261	-2.894713	-0.661945	-2.862132	 0.309043	 0.151674	-2.409106	-2.021266	-0.462166
-2.461622	-2.252535	 0.266244	-0.616784	-2.883134	-0.659297	-2.850683	 0.309411	 0.151674	-2.399470	-1.825300	-0.462166
-2.451775	-2.243525	-0.202523	-0.614317	-2.871602	-0.656660	-2.839280	-0.190405	 0.151674	-2.389872	-1.724058	-0.462166
-2.441968	-2.234551	-0.435563	-0.611860	-2.860115	-0.654033	-2.827923	-0.438932	 0.151674	-2.380312	-1.670192	-0.462166
-2.432200	-2.225613	-0.550746	-0.609412	-2.848675	-0.651417	-2.816612	-0.561821	 0.151674	-2.370791	-1.640026	-0.462166
-2.422471	-2.216711	-0.607006	-0.606975	-2.837280	-0.648811	-2.805345	-0.621896	 0.151674	-2.361308	-1.621724	-0.462166
-2.412782	-2.207844	-0.633810	-0.604547	-2.825931	-0.646216	-2.794124	-0.650569	 0.151674	-2.351863	-1.609365	-0.462166
-2.403130	-2.199012	-0.645890	-0.602129	-3.314627	-0.643631	-2.782947	-0.663548	 0.151674	-2.342455	-1.599992	-0.462166
-2.393518	-2.190216	-0.650614	-0.599720	-3.551369	-0.641056	-2.771816	-0.668684	 0.151674	-2.333085	-1.592124	-0.462166
-2.383944	-2.181455	-0.151666	-0.597321	-3.162163	-0.638492	-2.760728	-0.669904	 0.151674	-2.323753	-1.585022	-0.462166
-2.374408	-2.172730	 0.097809	-0.594932	-2.962015	-0.635938	-2.749685	-0.669172	 0.151674	-2.314458	-1.578315	-0.462166
-1.864910	-2.164039	 0.222546	-0.592552	-2.856417	-0.633395	-2.738687	-0.667469	 0.151674	-2.305200	-1.571818	-0.462166
-1.607451	-2.155383	 0.284914	-0.590182	-2.798116	-0.630861	-2.727732	-0.665286	 0.151674	-2.295979	-1.565439	-0.462166
-1.976021	-2.146761	 0.316099	-0.587821	-2.763486	-0.628338	-2.716821	-0.662869	 0.151674	-2.286795	-1.559132	-0.462166
-2.155617	-2.138174	 0.331691	-0.585470	-2.740713	-0.625824	-2.705954	-0.660339	 0.151674	-2.277648	-1.552872	-0.462166
-2.240744	-2.129621	 0.339487	-0.583128	-2.723891	-0.623321	-2.695130	-0.657758	 0.151674	-2.268538	-1.546649	-0.462166
-2.278656	-2.121103	-0.156615	-0.580796	-2.710066	-0.620828	-2.684349	-0.155158	 0.151674	-2.259464	-1.540457	-0.462166
-2.292979	-2.112618	-0.403361	-0.578472	-2.697761	-0.618344	-2.673612	 0.096143	 0.151674	-2.250426	-1.534292	-0.462166
-2.295526	-2.104168	-0.025433	-0.576159	-2.686237	-0.615871	-2.662917	-0.278207	 0.151674	-2.241424	-1.528154	-0.462166
-2.292203	-2.095751	 0.163530	-0.573854	-2.675126	-0.613407	-2.652266	-0.464077	 0.151674	-2.232458	-1.522040	-0.462166
-2.285964	-2.087368	 0.258012	-0.571558	-2.664242	-0.610954	-2.641657	-0.555712	 0.151674	-2.223528	-2.015952	-0.462166
-2.278285	-2.079019	 0.305253	-0.569272	-2.653494	-0.608510	-2.631090	-0.600235	 0.151674	-2.214634	-2.257888	-0.462166
-2.269905	-2.070703	-0.171126	-0.566995	-2.642834	-0.606076	-2.620566	-0.121207	 0.151674	-2.205776	-1.873856	-0.462166
-2.261191	-2.062420	-0.408021	-0.564727	-2.632240	-0.603652	-2.610083	 0.118307	 0.151674	-2.196953	-1.678861	-0.462166
-2.252329	-2.054170	-0.525179	-0.562468	-2.621700	-0.601237	-2.599643	 0.238064	 0.151674	-2.188165	-1.578395	-0.462166
-2.243412	-2.045954	-0.582473	-0.560218	-2.611207	-0.598832	-2.589245	 0.297943	 0.151674	-2.179412	-1.525207	-0.462166
-2.234484	-2.037770	-0.609840	-0.557977	-2.600759	-0.596437	-2.578888	 0.327882	 0.151674	-2.170695	-1.495668	-0.462166
-2.225569	-2.029619	-0.122250	-0.555746	-2.590355	-0.594051	-2.568572	-0.157148	 0.151674	-2.162012	-1.477967	-0.462166
