-2.067644	-2.461487	-0.528799	-0.099166	-2.754654	-0.846876	-3.022420	-0.507407	-0.345615	-2.862133	-1.754457	-0.439828
-2.059374	-2.451641	-0.526684	-0.048008	-2.993635	-0.855197	-3.010353	-0.505377	-0.342654	-2.666115	-1.747440	-0.439828
-2.051136	-2.441835	-0.524577	-0.022429	-3.106661	-0.857630	-2.998323	-0.503355	-0.341173	-2.563165	-1.740450	-0.439828
-2.042932	-2.432067	-0.522479	-0.009640	-2.656734	-0.857126	-2.986335	-0.501342	-0.340433	-2.506770	-1.733488	-0.439828
-2.034760	-2.422339	-0.520389	-0.003245	-2.427357	-0.855161	-2.974393	-0.500335	-0.340063	-2.473671	-1.726554	-0.439828
-2.026621	-2.412650	-0.518307	-0.000048	-2.308273	-0.352472	-2.962497	-0.499832	-0.339878	-2.452241	-1.719648	-0.439828
-2.018514	-2.402999	-0.516234	 0.001551	-2.244352	-0.101128	-2.950647	-0.499580	-0.339785	-2.436664	-1.712769	-0.439828
-2.010440	-2.393387	-0.514169	-0.497650	-2.208031	-0.475455	-2.938845	-0.499454	-0.339739	-2.424034	-1.705918	-0.439828
-2.002399	-2.383814	-0.512112	-0.745256	-2.185527	-0.660920	-2.927090	-0.499392	-0.339716	-2.412896	-1.699094	-0.439828
-1.994389	-2.374278	-0.510064	-0.867074	-2.169949	-0.751959	-2.915382	-0.499360	-0.339704	-2.402523	-1.692298	-0.439828
-1.986411	-2.364781	-0.508024	-0.926005	-2.157851	-0.795793	-2.903720	-0.499344	-0.339699	-2.392552	-1.685529	-0.439828
-1.978466	-2.355322	-0.505992	-0.953501	-2.147511	-0.816030	-2.892105	-0.499337	-0.339696	-2.382802	-1.678787	-0.439828
-1.970552	-2.345901	-0.503968	-0.465286	-2.138066	-0.824477	-2.880537	-0.499333	-0.339694	-2.373181	-1.672072	-0.439828
-1.962670	-2.336517	-0.501952	-0.221179	-2.129087	-0.827034	-2.869015	-0.499331	-0.339694	-2.363643	-1.665383	-0.439828
-1.954819	-2.327171	-0.500944	-0.599126	-2.620357	-0.826653	-2.857539	-0.499330	-0.339693	-2.354166	-1.658722	-0.439828
-1.947000	-2.317862	-0.500440	-0.786145	-2.859769	-0.824810	-2.846109	-0.499329	-0.339693	-2.344738	-1.652087	-0.439828
-1.939212	-2.308591	-0.500188	-0.377708	-2.473276	-0.822243	-2.834724	-0.499329	-0.339693	-2.335353	-1.645479	-0.439828
-1.931455	-2.299357	-0.500062	-0.173490	-2.275856	-0.819320	-2.823385	-0.499329	-0.339693	-2.326009	-1.638897	-0.439828
-1.923729	-2.290159	-0.499999	-0.071381	-2.172990	-0.316226	-2.812092	-0.499329	-0.339693	-2.316704	-1.632341	-0.439828
-1.916034	-2.280999	-0.499967	-0.020326	-2.117416	-0.064679	-2.800843	-0.499329	-0.339693	-2.307436	-1.625812	-0.439828
-1.908370	-2.271875	-0.499952	 0.005201	-2.085505	 0.061095	-2.789640	-0.499329	-0.339693	-2.298206	-1.619308	-0.439828
-1.900737	-2.262787	-0.499944	 0.017965	-2.065443	 0.123982	-2.278481	-0.499329	-0.339693	-2.289013	-1.612831	-0.439828
-1.893134	-2.253736	-0.499940	 0.024347	-2.051321	 0.155425	-2.019368	-0.499329	-0.339693	-2.279857	-1.606380	-0.439828
-1.885561	-2.244721	-0.499938	-0.472462	-2.540186	-0.328853	-2.386290	-0.499329	-0.339693	-2.270737	-1.599954	-0.439828
-1.878019	-2.235742	-0.499937	-0.718928	-2.778560	-0.569366	-2.564245	-0.499329	-0.339693	-2.261654	-1.593555	-0.439828
-1.870507	-2.226799	-0.499936	-0.340230	-2.391713	-0.188003	-2.147738	-0.499329	 0.160307	-2.252608	-1.587180	-0.439828
-1.863025	-2.217892	-0.499936	-0.150882	-2.194280	 0.002679	-1.936022	-0.499329	 0.408987	-2.243597	-1.580832	-0.439828
-1.855573	-2.209020	-0.499936	-0.556207	-2.591570	-0.401980	-2.326715	-0.499329	 0.032011	-2.234623	-1.574508	-0.439828
-1.848150	-2.200184	-0.499936	-0.756947	-2.784237	-0.602697	-2.516627	-0.499329	-0.156477	-2.225684	-1.568210	-0.439828
-1.840758	-2.191383	-0.499936	-0.855401	-2.874617	-0.701448	-2.606170	-0.499329	-0.250721	-2.216782	-1.561937	-0.439828
-1.833395	-2.182618	-0.499936	-0.402721	-2.413876	-0.749223	-2.645550	-0.499329	-0.297843	-2.207915	-1.555690	-0.439828
-1.826061	-2.173887	-0.499936	-0.176381	-2.179600	-0.771517	-2.659870	-0.499329	-0.321404	-2.199083	-1.549467	-0.439828
-1.818757	-2.165192	-0.499936	-0.063211	-2.058571	-0.781076	-2.661682	-0.499329	-0.333184	-2.190287	-1.543269	-0.439828
-1.811482	-2.156531	-0.499936	-0.006625	-1.994182	-0.784274	-2.657261	-0.499329	-0.339075	-2.181525	-1.537096	-0.439828
-1.804236	-2.147905	-0.499936	 0.021667	-1.958128	-0.284299	-2.149745	-0.499329	-0.842020	-2.172799	-1.530948	-0.439828
-1.797019	-2.139313	-0.499936	 0.035813	-1.936256	-0.034311	-1.892702	-0.499329	-1.090802	-2.164108	-1.524824	-0.439828
-1.789831	-2.130756	-0.499936	-0.457114	-1.921492	-0.409317	-2.260909	-0.499329	-0.712514	-2.155452	-1.518724	-0.439828
-1.782672	-2.122233	-0.499936	-0.701677	-1.910296	-0.595251	-2.439755	-0.499329	-0.523370	-2.146830	-1.512650	-0.439828
-1.775541	-2.113744	-0.499936	-0.822066	-1.900900	-0.686656	-2.523940	-0.499329	-0.428799	-2.138243	-1.506599	-0.439828
-1.768439	-2.105289	-0.499936	-0.380376	-1.892419	-0.730802	-2.560817	-0.499329	-0.381513	-2.129690	-1.500573	-0.439828
-1.761365	-2.096868	-0.499936	-0.159531	-1.884411	-0.751325	-2.574060	-0.499329	-0.357870	-2.121171	-1.494570	-0.439828
-1.754319	-2.088481	-0.499936	-0.049108	-1.876654	-0.760043	-2.575507	-0.499329	-0.346048	-1.612686	-1.488592	-0.439828
-1.747302	-2.080127	-0.499936	 0.006103	-1.869037	-0.762865	-2.571076	-0.499329	-0.340137	-1.356235	-1.482638	-0.439828
-1.740313	-2.071806	-0.499936	 0.033709	-1.861506	-0.262744	-2.063728	-0.499329	-0.337182	-1.725810	-1.476707	-0.439828
-1.733352	-2.063519	-0.499936	 0.047512	-1.854033	-0.012684	-1.806941	-0.499329	-0.335704	-1.906407	-1.470800	-0.439828
-1.726418	-1.555265	-0.499936	 0.054413	-1.346603	 0.112346	-1.675447	-0.499329	 0.165035	-1.492532	-1.464917	 0.060172
-1.719513	-1.299044	-0.499936	 0.057864	-1.091210	 0.174861	-1.606612	-0.499329	 0.414072	-1.283436	-1.459057	 0.309052
-1.712635	-1.168848	-0.499936	 0.059589	-0.961842	 0.206119	-1.569119	-0.499329	 0.537265	-1.176740	-1.453221	 0.432375
-1.705784	-1.101672	-0.499936	 0.060452	-0.895492	 0.221748	-1.047309	 0.000671	 0.597541	-0.621252	-0.947408	 0.492926
-1.698961	-1.066016	-0.499936	 0.060883	-0.860660	 0.229562	-0.785353	 0.249670	 0.626363	-0.343508	-0.694502	 0.522094
-1.192165	-0.046127	 0.500064	 1.061099	 2.158408	 1.233469	 2.846671	 1.374169	 1.139463	 5.295364	 0.931951	 1.035576
-0.937396	 0.461871	 0.997064	 1.557084	 3.657588	 1.730948	 4.649726	 1.931422	 1.392709	 8.092932	 1.740061	 1.289219
 0.691353	 5.213929	 1.742576	 1.800971	 6.896864	 1.975231	 6.538348	 2.205070	 1.016039	 12.469935	 2.639020	 0.912954
 1.501088	 7.570027	 2.110356	 1.918824	 8.496229	 2.092933	 7.465805	 2.336937	 0.826426	 14.624742	 3.081423	 0.723749
 4.401333	 14.228223	 1.789289	 1.973677	 12.775721	 2.147363	 9.912747	 1.897933	-0.269654	 20.168587	 3.295577	-1.371923
 5.836853	 17.515549	 1.625820	 1.997047	 14.881356	 2.170174	 11.111499	 1.675513	-0.814963	 22.889084	 3.395635	-2.412824
 6.540068	 19.117605	 1.541160	 2.004691	 15.900200	 2.177194	 11.686254	 1.561397	-1.084897	 24.198114	 3.438672	-2.926367
 7.377189	 23.377195	 0.995917	 1.504488	 18.375784	 2.176335	 13.449110	 1.501445	-1.717154	 27.301614	 4.453227	-3.676258
 7.779321	 25.451716	 0.723296	 1.252378	 19.571873	 2.171555	 14.300114	 1.468585	-2.028584	 28.792554	 4.949569	-4.042352
 8.464024	 29.433924	 0.586985	 1.124323	 21.628382	 2.164831	 15.695313	 1.449284	-2.179619	 30.977457	 5.686849	-4.216582
 8.788078	 31.358195	 0.518830	 1.058303	 22.609266	 2.157153	 16.358732	 1.436774	-2.250475	 32.003584	 6.042640	-4.294915
 15.431881	 43.753766	 2.984752	 4.023308	 31.552528	 2.649015	 17.156397	 3.927670	 0.218740	 42.450588	 13.207739	-0.325335
 18.709631	 49.925706	 4.206812	 5.491834	 35.943168	 2.888665	 17.519322	 5.160281	 1.447971	 47.648244	 16.749542	 1.652166
 20.804531	 54.485933	 4.806984	 6.712176	 39.557820	 5.502233	 23.665020	 5.763801	 2.057232	 51.221330	 18.979862	 2.633658
 21.806182	 56.742042	 5.096256	 7.306482	 41.341140	 6.792785	 26.678247	 6.052826	 2.356530	 52.983867	 20.052601	 3.117173
 22.261392	 57.846186	 5.230121	 7.587834	 42.208891	 7.421895	 28.125478	 6.184655	 2.500867	 53.841226	 20.546720	 3.351729
 22.443564	 59.374445	 5.286325	 7.712771	 43.118952	 7.220347	 28.789948	 6.237936	 2.567745	 53.746092	 20.751698	 3.461835
 22.489399	 60.115078	 5.303742	 7.759565	 43.550487	 7.105536	 29.063274	 6.251995	 2.595915	 53.675029	 20.812273	 3.509744
 22.467245	 59.961992	 5.801809	 7.267348	 43.242852	 7.534149	 29.141264	 6.246492	 2.604752	 53.616095	 20.800815	 3.526583
 22.411278	 59.861918	 6.038242	 7.007690	 43.065503	 7.732530	 29.121820	 6.231258	 2.603943	 53.563096	 20.753508	 3.527916
 22.338584	 59.788444	 6.143909	 6.864365	 42.953392	 7.815859	 29.053894	 6.211209	 2.598332	 53.513161	 20.688441	 3.521524
 22.257706	 59.728364	 6.184244	 6.779260	 42.873993	 7.841725	 28.961958	 6.188803	 2.590342	 53.464850	 20.614661	 3.511297
 21.672913	 59.675074	 6.191962	 6.723320	 35.311044	 7.338922	 27.358251	 6.165266	 2.581182	 53.417444	 20.536690	 2.499182
 21.338340	 59.623438	 6.183422	 6.682015	 31.474073	 7.073849	 26.504888	 6.141215	 2.571458	 53.368751	 20.456786	 1.990150
 21.129046	 59.572730	 6.166802	 6.648081	 29.500314	 6.927695	 26.026903	 6.116955	 2.561472	 53.319513	 20.376081	 1.732672
 21.482559	 59.522584	 6.146191	 4.117885	 32.958381	 4.841055	 21.236813	 4.592639	 2.551376	 53.270104	 19.795138	 1.100983
 21.615644	 59.473069	 6.123635	 2.849612	 34.614582	 3.792226	 18.808875	 3.824345	 2.541246	 53.220956	 19.466237	 0.785138
 18.138689	 55.923967	 5.600155	 5.212313	 37.870140	 4.262324	 19.062144	 2.934086	 0.031118	 43.672038	 13.263513	 2.127215
 16.370888	 54.130300	 5.328261	 6.378513	 39.478804	 4.487909	 19.150147	 2.484868	-1.218987	 38.829333	 10.148029	 2.791316
 12.957781	 45.714427	 2.682202	 3.946524	 32.264096	 3.591274	 17.655673	 1.756189	-1.839102	 35.840007	 8.076222	-0.883545
 11.232138	 41.431894	 1.359172	 2.727501	 28.606644	 3.137568	 16.876113	 1.389794	-2.144241	 34.279642	 7.028309	-2.711859
 10.350304	 39.216328	 0.697657	 2.114972	 26.728019	 2.405346	 16.454140	 1.204549	-2.791912	 33.434022	 6.492392	-4.116935
 9.890450	 38.034544	 0.366900	 1.805702	 25.739008	 2.035890	 16.211089	 1.109888	-3.108868	 32.946034	 6.212521	-4.808429
 9.641662	 37.369946	 0.201521	 1.648075	 25.195002	 1.847828	 16.057628	 1.060528	-3.260494	 32.637125	 6.060720	-5.143176
 8.998482	 36.964237	 0.118832	 1.566280	 24.873698	 2.250478	 15.949089	 1.033825	-2.829483	 32.418014	 5.973002	-4.799594
 8.660181	 36.688265	 0.077487	 1.522414	 24.663940	 2.446497	 15.863138	 1.018459	-2.609181	 32.244060	 5.917372	-4.618891
 8.474387	 35.977455	 0.056815	 1.497524	 24.510153	 2.539221	 15.788608	 1.008770	-2.494252	 32.092943	 5.877833	-4.519663
 8.364913	 35.551516	 0.046478	 1.482133	 24.384547	 2.580320	 15.719915	 1.001928	-2.432029	 31.953501	 5.846388	-4.461208
 8.293665	 35.268296	 0.041310	 1.471505	 23.773226	 2.595626	 15.654267	 0.996516	-2.396177	 31.320152	 5.319035	-4.923175
 8.241596	 35.056715	 0.038726	 1.463269	 23.421242	 2.598057	 15.590265	 0.991828	-2.373531	 30.942104	 5.045775	-5.143389
 8.199183	 34.881235	 0.037434	 1.456240	 23.199111	 2.594072	 15.527211	 0.987510	-2.357506	 30.691951	 4.899600	-4.742768
 8.161663	 34.724083	 0.036788	 1.449828	 23.042092	 2.586899	 15.464756	 0.983384	-2.344811	 30.505992	 4.817006	-4.533773
 8.126654	 34.576373	 0.036465	 1.443735	 22.917812	 2.578153	 15.402724	 0.979363	-2.333799	 30.352372	 4.766240	-4.420627
 8.092967	 34.433661	 0.036304	 1.437813	 22.810085	 2.568641	 15.341027	 0.975402	-2.323647	 30.215164	 4.731426	-4.355438
 8.060004	 34.293723	 0.036223	 1.431988	 22.710817	 2.558767	 15.279620	 0.971478	-2.313945	 30.086405	 4.704626	-4.314264
 8.027469	 33.655447	 0.036183	 0.926224	 22.615960	 2.048732	 14.718479	 0.467581	-2.304485	 29.962110	 4.681870	-4.785130
 7.995212	 33.270274	 0.036162	 0.673341	 22.523489	 1.790637	 14.409595	 0.215633	-2.295165	 29.840286	 4.661174	-5.010051
 7.963157	 33.011917	 0.036152	 1.046900	 22.432392	 2.158525	 14.726951	 0.589659	-2.285933	 29.719938	 4.641545	-4.612042
 7.931267	 32.817232	 0.036147	 1.230839	 22.342160	 2.337416	 14.855540	 0.774744	-2.276764	 29.600564	 4.622487	-4.404609
 7.899524	 32.654644	 0.036145	 1.319978	 22.252541	 1.921829	 14.389867	 0.865367	-2.267644	 29.481915	 4.603751	-4.292498
 7.867917	 32.508366	 0.036144	 1.361730	 22.163405	 1.711023	 14.129182	 0.908767	-2.258567	 29.363864	 4.585213	-4.228082
 7.836440	 31.870503	-0.463857	 0.879799	 22.074689	 2.102619	 13.471102	 0.428562	-2.249530	 27.746347	 4.566810	-4.187547
 7.805092	 31.489106	-0.711930	 0.638833	 21.986359	 2.293429	 13.116436	 0.188460	-2.240530	 26.885331	 4.548512	-4.158985
 7.773871	 31.236192	-0.834046	 0.518351	 21.898398	 2.383866	 12.913580	 0.068409	-2.231567	 26.402774	 4.530303	-4.136444
 7.242775	 30.047769	-0.393192	 0.458109	 20.310796	 2.424135	 12.286730	 0.508383	-2.222640	 24.609655	 3.512174	-3.116945
 6.963803	 29.395838	-0.172765	 0.427988	 19.479549	 2.439341	 11.949986	 0.726474	-2.213750	 23.667463	 2.998121	-2.603001
 6.310948	 24.512385	-0.062551	 0.412928	 16.026629	 1.942035	 9.758387	 0.833630	-1.704894	 19.650916	 2.236127	-1.341850
 5.973204	 22.031401	-0.007444	 0.405398	 14.275021	 1.690493	 8.647454	 0.885326	-1.448075	 17.611374	 1.852181	-0.711275
 4.293061	 16.251808	 0.520109	 0.401633	 9.874171	 1.561843	 6.576914	 0.909301	-0.317283	 12.560459	 1.157272	 0.104012
 3.447764	 13.341067	 0.781790	 0.399750	 7.662799	 1.494652	 5.532632	 0.919421	 0.246487	 10.019983	 0.809818	 0.509817
 1.519910	 7.864836	 0.910544	 0.398809	 2.546210	 0.958202	 1.501514	-0.077378	-0.473249	 1.734785	-1.363910	 0.210889
 0.555984	 5.121943	 0.972842	 0.398338	-0.006944	 0.689977	-0.508986	-0.573629	-0.830731	-2.394712	-2.443698	 0.061424
 0.074020	 3.745739	 1.001921	 0.398103	-1.278400	 0.555864	-1.509197	-0.819614	-1.007096	-4.446413	-2.976545	-0.013308
-1.666962	-1.947103	 0.014399	-0.102015	-3.409029	-0.011192	-3.504283	-0.940476	-1.092911	-5.959267	-3.235950	-0.050674
-2.530636	-4.778243	-0.477416	-0.350869	-4.463264	-0.293564	-4.490828	-0.998784	-1.133461	-6.700750	-3.358662	-0.069357
-3.455685	-6.178595	-0.721385	-0.474097	-5.479346	-0.433598	-4.973146	-1.025824	-1.151389	-7.056606	-3.413055	-0.078698
-3.909448	-6.863613	-0.841439	-0.534516	-5.974397	-0.502467	-5.203393	-1.037238	-1.158013	-7.219710	-3.433317	-0.083369
-4.127603	-7.191025	-0.899543	-0.563536	-6.708983	-0.535760	-5.807650	-1.540848	-1.158997	-7.786496	-3.436540	-0.085704
-4.227989	-7.339694	-0.926680	-0.576861	-7.061389	-0.551268	-6.096955	-1.788564	-1.157168	-8.053183	-3.431272	-0.086872
-4.269526	-7.899051	-0.938341	-1.082343	-7.222764	-0.557888	-6.228834	-1.408350	-1.153943	-8.169886	-3.421787	-0.587456
-4.281672	-8.161813	-0.942271	-1.331908	-7.288684	-0.560069	-6.282053	-1.216186	-1.150030	-8.211665	-3.410219	-0.835572
-4.279157	-8.276345	-0.942344	-1.453528	-7.306934	-0.560035	-6.295991	-1.118056	-1.145780	-8.216047	-3.397638	-0.957462
-4.269346	-7.816830	-0.940495	-1.511188	-7.301409	-1.058898	-6.290341	-1.066951	-1.141373	-8.201798	-3.384577	-0.516249
-4.255922	-7.572357	-0.937694	-1.536880	-7.284055	-1.305214	-6.274946	-1.039367	-1.136895	-8.178298	-3.371304	-0.295642
-4.240725	-7.435465	-0.934423	-1.546600	-7.260844	-0.925269	-6.254730	-1.023552	-1.132391	-7.650238	-3.357951	-0.185339
-4.224675	-7.352422	-0.930926	-1.548348	-7.234764	-0.734206	-6.232153	-1.013629	-1.127884	-7.371964	-3.344586	-0.130187
-4.208233	-7.796361	-0.927322	-1.546122	-7.207306	-1.137588	-6.208445	-1.006659	-1.123383	-7.718639	-3.331240	-0.102611
-4.191628	-8.001851	-0.923673	-1.541921	-7.179218	-1.336197	-6.184221	-1.001176	-1.118895	-7.875847	-3.317932	-0.088823
-4.174976	-7.588181	-0.920008	-1.536745	-7.150871	-1.432432	-6.159790	-0.996442	-1.114422	-7.938384	-3.304669	-0.081930
-4.158333	-7.366997	-0.916343	-1.531094	-7.122453	-1.477492	-6.135303	-0.992092	-1.109966	-7.953651	-3.291454	-0.078483
-4.141729	-7.242113	-0.912685	-1.525218	-7.094056	-1.496977	-6.110838	-0.987942	-1.105527	-7.945347	-3.278290	-0.076759
-4.125176	-7.165437	-0.909038	-1.519241	-7.065726	-1.503687	-6.086433	-0.983899	-1.101105	-7.925320	-3.265178	-0.575897
-4.108682	-7.112921	-0.905404	-1.513226	-7.037486	-1.504021	-6.062106	-0.979918	-1.096701	-7.899497	-3.252118	-0.823316
-4.092251	-7.572542	-0.901783	-1.507204	-7.009348	-1.501179	-6.037868	-0.975975	-1.092314	-7.370837	-3.239110	-0.944884
-4.075884	-7.786289	-0.898177	-1.501191	-6.981316	-1.496762	-6.013721	-0.972060	-1.087945	-7.092823	-3.226154	-1.003536
-4.059581	-7.377162	-0.894584	-1.495194	-6.953394	-1.491568	-5.989668	-0.968166	-1.083593	-7.440187	-3.213249	-0.530737
-4.043343	-7.158662	-0.891006	-1.489217	-6.925581	-1.485999	-5.965711	-0.964290	-1.079259	-7.598293	-3.200396	-0.294337
-4.027170	-7.035532	-0.887442	-1.483262	-6.897880	-1.480253	-5.941849	-0.960432	-0.574942	-7.161834	-3.187594	-0.176138
-4.011062	-6.960142	-0.883892	-1.477330	-6.870289	-1.474431	-5.918082	-0.956589	-0.322783	-6.930153	-3.174844	-0.117038
-3.995017	-6.908678	-0.880357	-1.471421	-6.842808	-1.468583	-5.894409	-0.952763	-0.196704	-6.800916	-3.162145	-0.087488
-3.979037	-6.869231	-0.876835	-1.465535	-6.815437	-1.462734	-5.870832	-0.948951	-0.633664	-6.722954	-3.149496	-0.572713
-3.963121	-6.835848	-0.873328	-1.459673	-6.788175	-1.456895	-5.847349	-0.945156	-0.850003	-6.670683	-3.136898	-0.813210
-3.947269	-6.805552	-0.869835	-1.453835	-6.761022	-1.451074	-6.323959	-0.941375	-0.456040	-6.631311	-3.124351	-0.431350
-3.931480	-6.776853	-0.866355	-1.448019	-6.733978	-1.445273	-6.548663	-0.937609	-0.259058	-6.598441	-3.111853	-0.240421
-3.915754	-6.749008	-0.862890	-1.442227	-6.707042	-1.439493	-6.147469	-0.933859	-0.660568	-7.068875	-3.099406	-0.144956
-3.900091	-6.721642	-0.859438	-1.436458	-6.680214	-1.433736	-5.935379	-0.930124	-0.859198	-7.289013	-3.087008	-0.097224
-3.884490	-7.194571	-0.856000	-1.430713	-6.653493	-1.428001	-5.817887	-0.926403	-0.456398	-6.884064	-3.074660	-0.573358
-3.868952	-7.415701	-0.852576	-1.424990	-6.626879	-1.422290	-5.747741	-0.922697	-0.254997	-6.668631	-3.062361	-0.809325
-3.853477	-7.510992	-0.849166	-1.419290	-6.600372	-1.416600	-5.701312	-0.919007	-0.154297	-6.548008	-3.050112	-0.925219
-3.838063	-7.043425	-0.845769	-1.413613	-6.573970	-1.410934	-5.666788	-0.915331	-0.103947	-6.474842	-3.037912	-0.481083
-3.822711	-6.796490	-0.842386	-1.407958	-6.547674	-1.405290	-5.638262	-0.911669	-0.078772	-6.425456	-3.025760	-0.259016
-3.807420	-6.659923	-0.839017	-1.402326	-6.521484	-1.399669	-5.612779	-1.408023	-0.566185	-6.388010	-3.013657	-0.147982
-3.792190	-6.578593	-0.835661	-1.396717	-6.495398	-1.394071	-5.588863	-1.652391	-0.807784	-6.356587	-3.001602	-0.092465
-3.777021	-6.524933	-0.832318	-1.391130	-6.469416	-1.388494	-5.565775	-1.270781	-0.426484	-6.328224	-2.989596	-0.064706
-3.761913	-6.485161	-0.828989	-1.385566	-6.443538	-1.382940	-5.543146	-1.078198	-0.235835	-6.301443	-2.977637	-0.050827
-3.746865	-6.452384	-0.825673	-1.380023	-6.417764	-1.377409	-5.520790	-0.980135	-0.640510	-6.775504	-2.965727	-0.043887
-3.731878	-6.423156	-0.822370	-1.374503	-6.392093	-1.371899	-5.498615	-0.929339	-0.840757	-6.998035	-2.953864	-0.040418
-3.716951	-6.395755	-0.819081	-1.369005	-6.366525	-1.366411	-5.476575	-0.902185	-0.938799	-7.094859	-2.942049	-0.038683
-3.702083	-6.369317	-0.815804	-1.363529	-6.341059	-1.360946	-5.454646	-0.886857	-0.485746	-6.628888	-2.930280	-0.037815
-3.687274	-6.343412	-0.812541	-1.358075	-6.315695	-1.355502	-5.432816	-0.877450	-0.259220	-6.383576	-2.918559	-0.037381
-3.672525	-6.317825	-0.809291	-1.352643	-6.290432	-1.350080	-5.911079	-0.871011	-0.145956	-6.248644	-2.906885	-0.037165
-3.657835	-6.292447	-0.806054	-1.347232	-6.265270	-1.344680	-6.137432	-0.866062	-0.089325	-6.168951	-2.895257	-0.037056
-3.643204	-6.267224	-0.802830	-0.841843	-6.240209	-1.339301	-5.737881	-0.861865	-0.061009	-6.616925	-2.883676	-0.037002
-3.628631	-6.242128	-0.799618	-0.589149	-6.215248	-1.333944	-5.527428	-0.858052	-0.046851	-6.826783	-2.872142	-0.036975
-3.614117	-6.217146	-0.796420	-0.962802	-6.190387	-1.328608	-5.411568	-0.854436	-0.039772	-6.417638	-2.860653	-0.036961
-3.599660	-6.192271	-0.793234	-1.146955	-6.165626	-1.323293	-5.343047	-0.850927	-0.036233	-6.201049	-2.849211	-0.036955
-3.585261	-6.167499	-0.790061	-1.236370	-6.140963	-0.818000	-5.298237	-0.847478	-0.034463	-6.080786	-2.837814	-0.036951
-3.570920	-6.142827	-0.786901	-1.278425	-6.116399	-0.565354	-5.265325	-0.844065	-0.033578	-6.008733	-2.826462	-0.036949
-3.556637	-6.118255	-0.783753	-1.296812	-6.091934	-0.439030	-5.238405	-0.840677	-0.033135	-5.960833	-2.815157	-0.036949
-3.542410	-6.093781	-0.780618	-1.303375	-6.067566	-0.375869	-5.214521	-0.837309	-0.532914	-6.425057	-2.803896	-0.036948
-3.528240	-6.069406	-0.777496	-1.304037	-6.043296	-0.344288	-5.192198	-0.833956	-0.780738	-6.643391	-2.792680	-0.036948
-3.514128	-6.045128	-0.774386	-1.301758	-6.019122	-0.828497	-5.170697	-0.830619	-0.402593	-6.738834	-2.781510	-0.036948
-3.500071	-6.020948	-0.771288	-1.298020	-5.995046	-1.067977	-5.149648	-0.827296	-0.213521	-6.772887	-2.770384	-0.036948
-3.486071	-5.996864	-0.768203	-1.293562	-5.971066	-1.185102	-5.128867	-0.823987	-0.118984	-6.776300	-2.759302	-0.036948
-3.472126	-5.972877	-0.765130	-1.288755	-5.947181	-1.241060	-5.108260	-0.820690	-0.071716	-6.764447	-2.748265	-0.036948
-3.458238	-5.948985	-0.762070	-1.283784	-5.923393	-1.266445	-5.087781	-0.817408	-0.048082	-6.745015	-2.737272	-0.036948
-3.444405	-5.925189	-0.759022	-1.278741	-5.899699	-1.276553	-5.067407	-0.814138	-0.036265	-6.721848	-2.726323	-0.036948
-3.430627	-5.901488	-0.755986	-1.273672	-5.876100	-1.279034	-5.047126	-0.810881	-0.030357	-6.696867	-2.715417	-0.036948
-3.416905	-5.877882	-0.752962	-1.268600	-5.852596	-1.277712	-5.026931	-0.807638	-0.027402	-6.171033	-2.704556	-0.036948
-3.403237	-5.854371	-0.749950	-1.263537	-5.829186	-1.274498	-5.006821	-0.804407	-0.025925	-5.896826	-2.693738	-0.036948
-3.389624	-5.830953	-0.746950	-1.258488	-5.805869	-1.270348	-4.986792	-0.801190	-0.025187	-6.248477	-2.682963	-0.036948
-3.376066	-5.807630	-0.743962	-1.253457	-5.782645	-1.265741	-4.966844	-0.797985	-0.024817	-6.411102	-2.672231	-0.036948
-3.362562	-5.784399	-0.740986	-1.248445	-5.759515	-1.260915	-4.946976	-0.794793	-0.024633	-6.479267	-2.661542	-0.036948
-3.349111	-5.761261	-0.738022	-1.243452	-5.736477	-1.255990	-4.927188	-0.791614	-0.024540	-6.500255	-2.650896	-0.036948
-3.335715	-5.738216	-0.735070	-1.238478	-5.713531	-1.251025	-4.907480	-0.788447	-0.024494	-5.997706	-2.640292	-0.036948
-3.322372	-5.715263	-0.732130	-1.233525	-5.690677	-1.246051	-4.887850	-0.785293	-0.024471	-5.735441	-2.629731	-0.036948
-3.309082	-5.692402	-0.729201	-1.228591	-5.667914	-1.241082	-4.868298	-0.782152	-0.024460	-5.593363	-2.619212	-0.036948
-3.295846	-5.669633	-0.726285	-0.723676	-5.645242	-0.736125	-4.848825	-0.779024	-0.024454	-5.511421	-2.608735	-0.036948
-3.282663	-5.646954	-0.723379	-0.471219	-5.622661	-0.483646	-4.829430	-0.775908	-0.024451	-5.459591	-2.598300	-0.036948
-3.269532	-5.624366	-0.720486	-0.844991	-5.600171	-0.857407	-4.810112	-0.772804	-0.024449	-5.922861	-2.587907	-0.036948
-3.256454	-5.601869	-0.717604	-1.029439	-5.577770	-1.041825	-4.790871	-0.769713	-0.024449	-6.141723	-2.577555	-0.036948
-3.243428	-5.579462	-0.714734	-1.119235	-5.555459	-1.131582	-4.771708	-0.766634	-0.024448	-5.738433	-2.567245	-0.036948
-3.230454	-5.557144	-0.711875	-1.161715	-5.533237	-1.174017	-4.752621	-0.763567	-0.024448	-5.526118	-2.556976	-0.036948
-3.217533	-5.534915	-0.709027	-1.180547	-5.511104	-1.192802	-4.733611	-0.760513	-0.024448	-5.409333	-2.546748	-0.036948
-3.204663	-5.512775	-0.706191	-1.187564	-5.489060	-1.199771	-4.714676	-0.757471	-0.024448	-5.340355	-2.536561	-0.036948
-3.191844	-5.490724	-0.703366	-1.188683	-5.467104	-1.200843	-4.695818	-0.754441	-0.024448	-5.295323	-2.526415	-0.036948
-3.179076	-5.468761	-0.700553	-1.186863	-5.445235	-1.198974	-4.677034	-0.751423	-0.024448	-5.262307	-2.516309	-0.536948
-3.166360	-5.446886	-0.697751	-1.183583	-5.423454	-1.195646	-4.658326	-0.748418	-0.024448	-5.235340	-2.506244	-0.784874
-3.153695	-5.425099	-0.694960	-1.179583	-5.401760	-0.691597	-4.639693	-0.745424	-0.024448	-5.711440	-2.496219	-0.406771
-3.141080	-5.403398	-0.692180	-1.175231	-5.380153	-0.439573	-4.621134	-0.742442	-0.024448	-5.937115	-2.486234	-0.217720
-3.128516	-5.381785	-0.689411	-1.170714	-5.358633	-0.813561	-4.602650	-0.739473	-0.024448	-5.537627	-2.476289	-0.123194
-3.116002	-5.360258	-0.686653	-1.166123	-5.337198	-0.998179	-4.584239	-0.736515	-0.024448	-5.327606	-2.466384	-0.075932
-3.103538	-5.338817	-0.683907	-1.161504	-5.315849	-1.088123	-4.565902	-0.733569	-0.024448	-5.212361	-2.456519	-0.052300
-3.091123	-5.317461	-0.681171	-1.156881	-5.294586	-1.130739	-4.547638	-0.730634	-0.024448	-5.144544	-2.446693	-0.040484
-3.078759	-5.296192	-0.678447	-1.152265	-5.273408	-1.149700	-4.529448	-0.727712	-0.024448	-5.100482	-2.436906	-0.034577
-3.066444	-5.275007	-0.675733	-0.647662	-4.752314	-1.156843	-4.511330	-1.224801	-0.024448	-5.568338	-2.427158	-0.031623
-3.054178	-5.253907	-0.673030	-0.395360	-4.483305	-1.158087	-4.493285	-1.469902	-0.024448	-5.790194	-2.417450	-0.030146
-3.041961	-5.232891	-0.670338	-0.769209	-4.340372	-1.156390	-4.475312	-1.089022	-0.024448	-5.389098	-2.407780	-0.529407
-3.029794	-5.211960	-0.667656	-0.953848	-4.260510	-1.153232	-4.457410	-0.897166	-0.024448	-5.178574	-2.398149	-0.776981
-3.017674	-5.191112	-0.664986	-0.543890	-4.712218	-1.149353	-4.439581	-0.799827	-0.024448	-5.063376	-2.388556	-0.898718
-3.005604	-5.170347	-0.662326	-0.338911	-4.927744	-1.145123	-4.421822	-0.749753	-0.024448	-4.995880	-2.379002	-0.957546
-2.993581	-5.149666	-0.659676	-0.236421	-5.025221	-1.140726	-4.404135	-0.723317	-0.024448	-4.952276	-2.369486	-0.484927
-2.981607	-5.129067	-0.657038	-0.185177	-5.063714	-1.136255	-4.386519	-0.708705	-0.024448	-4.920656	-2.360008	-0.248618
-2.969681	-5.108551	-0.654410	-0.159554	-5.072756	-1.131755	-4.368972	-0.700010	-0.024448	-4.895068	-2.350568	-0.130463
-2.957802	-5.088117	-0.651792	-0.146743	-5.067113	-1.127251	-4.351497	-0.694281	-0.024448	-4.872535	-2.341166	-0.071386
-2.945971	-5.067764	-0.649185	-0.140338	-5.054169	-1.122754	-4.334091	-0.690039	-0.024448	-4.851569	-2.331801	-0.041847
-2.934187	-5.047493	-0.646588	-0.637135	-5.037614	-1.118269	-4.316754	-1.186546	-0.024448	-4.831424	-2.322474	-0.027078
-2.922450	-5.027303	-0.644002	-0.883266	-5.019295	-1.113798	-4.299487	-1.431434	-0.024448	-4.811730	-2.313184	-0.019693
-2.910760	-5.007194	-0.641426	-1.004072	-5.000133	-0.609345	-4.282289	-1.050525	-0.024448	-4.792298	-2.303931	-0.016001
-2.899117	-4.987165	-0.638860	-1.062226	-4.980590	-0.357118	-4.265160	-0.858731	-0.024448	-4.773037	-2.294715	-0.014155
-2.887521	-4.967217	-0.636305	-1.089062	-4.960897	-0.731004	-4.248099	-0.761500	-0.024448	-4.753898	-2.285536	-0.013232
-2.875971	-4.947348	-0.633759	-1.100248	-4.941168	-0.915738	-4.231107	-0.711557	-0.024448	-4.734860	-2.276394	-0.012770
-2.864467	-4.927558	-0.631224	-1.103618	-4.921460	-1.005904	-4.214183	-0.685261	-0.024448	-4.715909	-2.267289	-0.012539
-2.853009	-4.907848	-0.628699	-1.103089	-4.401803	-1.048794	-4.197326	-0.670796	-0.024448	-4.697039	-2.258220	-0.012424
-2.841597	-4.888217	-0.626185	-1.100620	-4.134210	-1.068056	-4.180537	-0.662250	-0.024448	-4.678248	-2.249187	-0.012366
-2.830230	-4.868664	-0.623680	-0.597189	-3.992680	-1.075513	-4.163814	-0.656670	-0.024448	-4.659534	-2.240190	-0.012337
-2.818909	-4.849189	-0.621185	-0.345473	-3.914213	-1.077075	-4.147159	-0.652578	-0.024448	-4.640895	-2.231229	-0.012323
-2.807634	-4.829792	-0.618700	-0.719615	-3.867308	-1.075699	-4.130571	-0.649235	-0.024448	-4.622331	-2.222304	-0.012316
-2.796403	-4.810473	-0.616226	-0.904499	-3.836215	-1.072862	-4.114048	-0.646272	-0.024448	-4.603842	-2.213415	-0.012312
-2.785218	-4.791231	-0.613761	-0.994762	-3.813058	-1.069304	-4.097592	-0.643503	-0.024448	-4.585426	-2.204561	-0.012310
-2.774077	-4.772066	-0.611306	-1.037723	-3.793900	-1.065393	-4.081202	-0.640838	-0.024448	-4.567084	-2.195743	-0.012309
-2.762981	-4.752978	-0.608860	-1.057043	-3.776771	-1.061315	-4.064877	-0.638229	-0.024448	-4.548816	-2.186960	-0.012309
-2.751929	-4.733966	-0.606425	-1.064550	-3.760688	-1.057161	-4.048617	-0.635653	-0.024448	-4.530621	-2.178212	-0.012309
-2.740921	-4.715030	-0.603999	-1.066159	-3.745157	-1.052978	-4.032423	-0.633099	-0.024448	-4.512498	-2.169499	-0.012309
-2.729957	-4.696170	-0.601583	-0.564828	-3.729932	-1.048789	-4.016293	-0.630561	-0.024448	-4.494448	-2.160821	-0.012309
-2.719037	-4.677386	-0.599177	-0.314163	-3.714890	-1.044606	-4.000228	-0.628036	-0.024448	-4.476471	-2.152178	-0.012309
-2.708161	-4.658676	-0.596780	-0.688830	-4.199969	-1.040433	-3.984227	-0.625522	-0.024448	-4.958565	-2.143569	-0.012309
-2.697329	-4.640041	-0.594393	-0.874037	-4.433139	-1.036274	-3.968290	-0.623019	-0.024448	-5.188730	-2.134995	-0.012309
-2.686539	-4.621481	-0.592016	-0.964522	-4.040391	-1.032130	-3.952417	-0.620527	-0.024448	-4.792975	-2.126455	-0.012309
-2.675793	-4.602995	-0.589647	-1.007654	-3.836722	-1.028002	-3.936607	-0.618044	-0.024448	-4.586304	-2.117949	-0.012309
-2.665090	-4.584583	-0.587289	-1.027119	-3.727621	-1.023891	-3.920861	-0.615572	-0.024448	-4.474208	-2.109478	-0.012309
-2.654430	-4.566245	-0.584940	-1.034758	-3.665834	-1.019795	-3.905178	-0.613110	-0.024448	-4.409436	-2.101040	-0.012309
-2.643812	-4.547980	-0.582600	-1.036493	-3.627732	-1.015716	-3.889557	-0.610657	-0.024448	-4.368361	-2.092636	-0.012309
-2.633237	-4.529788	-0.580270	-0.535284	-4.101502	-1.011654	-3.873999	-0.608215	-0.024448	-4.339169	-2.084265	-0.012309
-2.622704	-4.511669	-0.577949	-0.284679	-4.329236	-1.007607	-3.858503	-0.605782	-0.024448	-4.315953	-2.075928	-0.012309
-2.612213	-4.493622	-0.575637	-0.659377	-3.933990	-1.003577	-3.843069	-0.603359	-0.024448	-4.295759	-2.067624	-0.012309
-2.601764	-4.475648	-0.573334	-0.844657	-3.729289	-0.999562	-3.827696	-0.600945	-0.024448	-4.277112	-2.059354	-0.012309
-2.591357	-4.457745	-0.571041	-0.935238	-3.619889	-0.995564	-3.812386	-0.598542	-0.024448	-4.259271	-2.051116	-0.012309
-2.580992	-4.439914	-0.568757	-0.978477	-3.558168	-0.991582	-3.797136	-0.596147	-0.024448	-4.241867	-2.042912	-0.012309
-2.570668	-4.422155	-0.566482	-0.998052	-3.520315	-0.987615	-3.781947	-0.593763	-0.024448	-4.224717	-2.034740	-0.012309
-2.560385	-4.404466	-0.564216	-1.005805	-3.494423	-0.983665	-3.766820	-0.591388	-0.024448	-4.207726	-2.026601	-0.012309
-2.550143	-4.386848	-0.561959	-1.007654	-3.474541	-0.979730	-3.751752	-0.589022	-0.024448	-4.190850	-2.018495	-0.012309
-2.539943	-5.369301	-0.559711	-0.506560	-3.457690	-0.975811	-3.736745	-0.586666	-0.024448	-4.174063	-2.010421	-0.012309
-2.529783	-5.847823	-0.557472	-0.256013	-3.442383	-0.971908	-3.721798	-0.584319	-0.024448	-4.157356	-2.002379	-0.012309
-2.519664	-5.074432	-0.555242	-0.630739	-3.427875	-0.968020	-3.706911	-0.581982	-0.024448	-4.140721	-1.994370	-0.012309
-2.509585	-4.679134	-0.553021	-0.816091	-3.413795	-0.964148	-3.692084	-0.579654	-0.024448	-4.124155	-1.986392	-0.012309
-2.499547	-4.472918	-0.550809	-0.906765	-3.399955	-0.960292	-3.677315	-0.577336	-0.024448	-4.107657	-1.978447	-0.012309
-2.489549	-4.361276	-0.548606	-0.950106	-3.386263	-0.956451	-3.662606	-0.575026	-0.024448	-4.091226	-1.970533	-0.012309
-2.479590	-4.296956	-0.546412	-0.969790	-3.372672	-0.952625	-3.647956	-0.572726	-0.024448	-4.074860	-1.962651	-0.012309
-2.469672	-4.256331	-0.544226	-0.977653	-3.359158	-0.948814	-3.633364	-0.570435	-0.024448	-4.058561	-1.954800	-0.012309
-2.459793	-4.227587	-0.542049	-0.979614	-3.345710	-0.945019	-3.618830	-0.568154	-0.024448	-4.042326	-1.946981	-0.012309
-2.449954	-4.204817	-0.539881	-0.978631	-3.832321	-0.941239	-3.604355	-0.565881	-0.024448	-4.026157	-1.939193	-0.012309
-2.440154	-4.185068	-0.537721	-0.976184	-4.066989	-0.937474	-3.589937	-0.563617	-0.024448	-4.010052	-1.931436	-0.012309
-2.430394	-4.166863	-0.535570	-0.473013	-3.675719	-0.933724	-3.575578	-0.561363	-0.524448	-3.994012	-1.923710	-0.012309
-2.420672	-4.149463	-0.533428	-0.221428	-3.473516	-0.929989	-3.561275	-0.559117	-0.772399	-3.978036	-1.916016	-0.012309
-2.410990	-4.132499	-0.531294	-0.095635	-3.865871	-0.926269	-3.547030	-0.556881	-0.394334	-3.962124	-1.908352	-0.012309
-2.401346	-4.115786	-0.529169	-0.032739	-4.053533	-0.922564	-3.532842	-0.554653	-0.205301	-3.946275	-1.900718	-0.012309
-2.391740	-4.099231	-0.527053	-0.501291	-4.138881	-0.918874	-3.518711	-0.552435	-0.110785	-3.930490	-1.893115	-0.012309
-2.382173	-4.082788	-0.524944	-0.733627	-4.173107	-0.915198	-3.504636	-0.550225	-0.063527	-3.914768	-1.885543	-0.012309
-2.372645	-4.066434	-0.522845	-0.847863	-4.181805	-0.911538	-3.490617	-0.548024	-0.039898	-3.899109	-1.878001	-0.012309
-2.363154	-4.050157	-0.520753	-0.903057	-3.677773	-0.907892	-3.476655	-0.545832	-0.028083	-3.883513	-1.870489	-0.012309
-2.353701	-4.033951	-0.518670	-0.928737	-3.419410	-0.904260	-3.462748	-0.543649	-0.022176	-3.867979	-1.863007	-0.012309
-2.344287	-4.017812	-0.516596	-0.439669	-3.283906	-0.900643	-3.448897	-0.541474	-0.019222	-3.852507	-1.855555	-0.012309
-2.334909	-4.001740	-0.514529	-0.195135	-3.209857	-0.897040	-3.435102	-0.539308	-0.017746	-3.837097	-1.848132	-0.012309
-2.325570	-3.985732	-0.512471	-0.572867	-3.666561	-0.893452	-3.421361	-0.537151	-0.017007	-4.321748	-1.840740	-0.012309
-2.316267	-3.969789	-0.510421	-0.759833	-3.886667	-0.889878	-3.407676	-0.535002	-0.016638	-4.554461	-1.833377	-0.012309
-2.307002	-3.953909	-0.508379	-0.351422	-3.488506	-0.886319	-3.394045	-0.532862	-0.016453	-4.161244	-1.826043	-0.012309
-2.297774	-3.938094	-0.506346	-0.147216	-3.283245	-0.882774	-3.380469	-0.530731	-0.016361	-3.957099	-1.818739	-0.012309
-2.288583	-3.922341	-0.504321	-0.045113	-3.174458	-0.879243	-3.366947	-0.528608	-0.016315	-3.847520	-1.811464	-0.012309
-2.279429	-3.906652	-0.502303	-0.494062	-3.113934	-0.875726	-3.353479	-0.526494	-0.016292	-3.785255	-1.804218	-0.012309
-2.270311	-3.891025	-0.500294	-0.716650	-3.077564	-0.872223	-3.340065	-0.524388	-0.016280	-3.746677	-1.797002	-0.012309
-2.261230	-3.875461	-0.499289	-0.826066	-3.053297	-0.868734	-3.326705	-0.522290	-0.016275	-3.719971	-1.789814	-0.012309
-2.252185	-3.859959	-0.498787	-0.878903	-3.035106	-0.865259	-3.313398	-0.520201	-0.016272	-3.699232	-1.782654	-0.012309
-2.243176	-3.844519	-0.498536	-0.403458	-3.019976	-0.861798	-3.300145	-0.518120	-0.016270	-3.681505	-1.775524	-0.012309
-2.234204	-3.829141	-0.498410	-0.165735	-3.006402	-0.858351	-3.286944	-0.516048	-0.016270	-3.665314	-1.768422	-0.012309
-2.225267	-3.813825	-0.498348	-0.546874	-2.993629	-0.354917	-3.273796	-0.513983	-0.016269	-3.649921	-1.761348	-0.012309
-2.216366	-3.798569	-0.498316	-0.735587	-2.981281	-0.103200	-3.260701	-0.511928	-0.016269	-3.634955	-1.754303	-0.012309
-2.207500	-3.783375	-0.498301	-0.828095	-2.969169	 0.022658	-3.247658	-0.509880	-0.016269	-3.620232	-1.747285	-0.012309
-2.198670	-3.768242	-0.498293	-0.872508	-2.957199	-0.414413	-3.234668	-0.507840	-0.016269	-3.605659	-1.740296	-0.012309
-2.189876	-3.753169	-0.498289	-0.892881	-2.945323	-0.631245	-3.221729	-0.505809	-0.016269	-3.591191	-1.733335	-0.012309
-2.181116	-3.738156	-0.498287	-0.901241	-2.933519	-0.237965	-3.208842	-0.503786	-0.016269	-3.576803	-1.726402	-0.012309
-2.172392	-3.723203	-0.498286	-0.903601	-2.921773	-0.041325	-3.196007	-0.501771	-0.016269	-3.562485	-1.719496	-0.012309
-2.163702	-4.708311	-0.498285	-0.902970	-2.910080	 0.056994	-3.183223	-0.500763	-0.016269	-3.548229	-1.712618	-0.012309
-2.155047	-5.189477	-0.498285	-0.900849	-2.898437	 0.106154	-3.170490	-0.500259	-0.016269	-3.534033	-1.705768	-0.012309
-2.146427	-4.418719	-0.498285	-0.897992	-2.886841	-0.369266	-3.157808	-1.000007	-0.016269	-3.519896	-1.698944	-0.012309
-2.137841	-4.026045	-0.498285	-0.894772	-2.875293	-0.605286	-3.145177	-1.246882	-0.016269	-3.505815	-1.692149	-0.012309
-2.129290	-3.822440	-0.498285	-0.891380	-2.863792	-0.721614	-3.132596	-1.367332	-0.016269	-3.491792	-1.685380	-0.012309
-2.120773	-3.713401	-0.498285	-0.887907	-2.852337	-0.778102	-3.120066	-0.924581	-0.016269	-3.477824	-1.678639	-0.012309
-2.112290	-3.651672	-0.498285	-0.884402	-2.840927	-0.804677	-3.107585	-0.703206	-0.016269	-3.463913	-1.671924	-0.012309
-2.103841	-3.613628	-0.498285	-0.880888	-2.829563	-0.816302	-3.095155	-0.592518	-0.016269	-3.450057	-1.665236	-0.012309
-2.095425	-3.587455	-0.498285	-0.877376	-2.818245	-0.820458	-3.082774	-0.537174	-0.016269	-3.436257	-1.658575	-0.012309
-2.087044	-3.567245	-0.498285	-0.873873	-2.806972	-0.820887	-3.570443	-0.509502	-0.016269	-3.422512	-1.651941	-0.012309
-2.078695	-3.550047	-0.498285	-0.870380	-2.795744	-0.819459	-3.806162	-0.495666	-0.016269	-3.408822	-1.645333	-0.012309
-2.070381	-3.534382	-0.498285	-0.866900	-2.784561	-0.317109	-3.415937	-0.488748	-0.016269	-3.395187	-1.638752	-0.012309
-2.062099	-3.519512	-0.498285	-0.863433	-2.773423	-0.065934	-3.214773	-0.485289	-0.016269	-3.381606	-1.632197	-0.012309
-2.053851	-3.505067	-0.498285	-0.859980	-2.762329	 0.059654	-3.108164	-0.483560	-0.016269	-3.368080	-1.625668	-0.012309
-2.045635	-3.490864	-0.498285	-0.856540	-2.751280	-0.377553	-3.048856	-0.482695	-0.016269	-3.354607	-1.619166	-0.012309
-2.037453	-3.476809	-0.498285	-0.853114	-2.740275	-0.594526	-3.013223	-0.482263	-0.016269	-3.341189	-1.612689	-0.012309
-2.029303	-3.462856	-0.498285	-0.349701	-2.729314	-0.701390	-2.989452	-0.482046	-0.016269	-3.327824	-1.606238	-0.012309
-2.021186	-3.448982	-0.498285	-0.097995	-2.718396	-0.753205	-2.971635	-0.481938	-0.016269	-3.314513	-1.599813	-0.012309
-2.013101	-3.435174	-0.498285	 0.027858	-2.707523	-0.777503	-2.956818	-0.481884	-0.016269	-3.301255	-1.593414	-0.012309
-2.005049	-3.421428	-0.498285	 0.090784	-2.696693	-0.788048	-2.943526	-0.481857	-0.016269	-3.288050	-1.587040	-0.012309
-1.997028	-3.407739	-0.498285	 0.122248	-2.685906	-0.791724	-2.931020	-0.481844	-0.016269	-3.274897	-1.580692	-0.012309
-1.989040	-3.394107	-0.498285	 0.137979	-2.675162	-0.791971	-2.918929	-0.481837	-0.016269	-3.261798	-1.574369	-0.012309
-1.981084	-3.380530	-0.498285	 0.145845	-2.664462	-0.790510	-2.907071	-0.481834	-0.016269	-3.248751	-1.568072	-0.012309
-1.973160	-3.367007	-0.498285	-0.350222	-2.653804	-0.288201	-2.895351	-0.481832	-0.016269	-3.235756	-1.561800	-0.012309
-1.965267	-3.353539	-0.498285	-0.596563	-2.643189	-0.037047	-2.883724	-0.481831	-0.016269	-3.222813	-1.555552	-0.012309
-1.957406	-3.340125	-0.498285	-0.718048	-2.632616	-0.411470	-2.872166	-0.481831	-0.016269	-3.209921	-1.549330	-0.012309
-1.949576	-3.326764	-0.498285	-0.777111	-2.622085	-0.597109	-2.860666	-0.481830	-0.016269	-3.197082	-1.543133	-0.012309
-1.941778	-3.313457	-0.498285	-0.304970	-2.611597	-0.688364	-2.849217	-0.481830	-0.016269	-3.184293	-1.536960	-0.012309
-1.934011	-3.300203	-0.498285	-0.068900	-2.601151	-0.732432	-2.837818	-0.481830	-0.016269	-3.171556	-1.530812	-0.012309
-1.926275	-3.287003	-0.498285	-0.450865	-2.590746	-0.752912	-2.826465	-0.481830	-0.016269	-3.158870	-1.524689	-0.012309
-1.918570	-3.273855	-0.498285	-0.640181	-2.580383	-0.761606	-2.815158	-0.481830	-0.016269	-3.146235	-1.518590	-0.012309
-1.910896	-3.260759	-0.498285	-0.233181	-2.570062	-0.764412	-2.803897	-0.481830	-0.016269	-3.133650	-1.512516	-0.012309
-1.903252	-3.247716	-0.498285	-0.029680	-2.559781	-0.764281	-2.792682	-0.481830	-0.016269	-3.121115	-1.506466	-0.012309
-1.895639	-3.234725	-0.498285	 0.072070	-2.549542	-0.762687	-2.781511	-0.481830	-0.016269	-3.108631	-1.500440	-0.012309
-1.888056	-3.221786	-0.498285	-0.377055	-2.539344	-0.760368	-2.770385	-0.481830	-0.016269	-3.096196	-1.494438	-0.012309
-1.880504	-3.208899	-0.498285	-0.599965	-2.529187	-0.757692	-2.759303	-0.481830	-0.016269	-3.083811	-1.488461	-0.012309
-1.872982	-3.196064	-0.498285	-0.709775	-2.519070	-0.754844	-2.748266	-0.481830	-0.016269	-3.071476	-1.482507	-0.012309
-1.865490	-3.183279	-0.498285	-0.763040	-2.508994	-0.751917	-2.737273	-0.481830	-0.016269	-3.059190	-1.476577	-0.012309
-1.858028	-3.170546	-0.498285	-0.288040	-2.498958	-0.748955	-2.726324	-0.481830	-0.016269	-3.046953	-1.470670	-0.012309
-1.850596	-3.157864	-0.498285	-0.050540	-2.488962	-0.745982	-2.715418	-0.481830	-0.016269	-3.034766	-1.464788	-0.012309
-1.843194	-3.145233	-0.498285	-0.431790	-2.479006	-0.743009	-2.704557	-0.481830	-0.016269	-3.022626	-1.458929	-0.012309
-1.835821	-3.132652	-0.498285	-0.620789	-2.469090	-0.740043	-2.693739	-0.481830	-0.016269	-3.010536	-1.453093	-0.012309
-1.828478	-3.120121	-0.498285	-0.713669	-2.459214	-0.737085	-2.682964	-0.481830	-0.016269	-2.998494	-1.447281	-0.012309
-1.821164	-3.607641	-0.498285	-0.758496	-2.949377	-0.234139	-2.672232	-0.481830	-0.016269	-2.986500	-1.441491	-0.012309
-1.813879	-3.843210	-0.498285	-0.779303	-3.187579	 0.017335	-2.661543	-0.481830	-0.016269	-2.974554	-1.435725	-0.012309
