-1.454198	-3.916915	-0.498804	-0.610517	-2.481865	 0.374949	-0.761387	 0.496077	 0.540669	-2.599960	-1.105597	 0.571395
-1.448381	-3.908691	-0.498804	-0.608075	-2.479383	 0.436834	-1.008853	 0.497547	 0.787116	-2.534505	-1.101175	 0.382085
-1.442588	-3.396778	-0.498804	-0.605644	-2.473188	 0.467776	-1.130073	 0.498282	 0.408272	-2.496840	-1.096770	 0.287429
-1.436817	-3.135052	-0.498804	-0.603221	-2.465156	 0.483248	-1.188181	 0.498650	 0.218850	-2.473089	-1.092383	 0.240102
-1.431070	-3.498442	-0.498804	-0.100809	-2.456226	 0.490983	-1.214742	 0.498834	 0.124139	-2.956315	-1.088014	 0.216438
-1.425346	-3.672413	-0.498804	 0.150398	-2.446867	 0.494851	-1.225540	 0.498926	 0.076784	-3.191048	-1.083662	 0.204606
-1.419644	-3.751706	-0.498804	 0.276001	-2.437312	 0.496785	-1.228466	 0.498972	 0.053106	-3.301564	-1.079327	 0.198690
-1.413966	-3.283691	-0.498804	-0.161197	-2.427679	 0.497752	-1.227467	-0.001005	 0.041267	-2.849997	-1.075010	 0.195732
-1.408310	-3.044052	-0.498804	-0.378600	-2.418026	 0.498235	-1.224514	-0.249992	 0.035348	-2.619417	-1.070710	 0.194253
-1.902677	-2.918623	-0.498804	-0.486109	-2.408383	-0.001523	-0.720594	-0.374485	 0.532388	-2.999350	-1.066427	 0.193514
-2.145066	-2.850323	-0.498804	-0.538676	-2.398764	-0.250400	-0.468635	-0.436732	 0.778849	-3.182557	-1.062161	 0.193144
-1.761486	-2.810608	-0.498804	-0.563778	-2.389177	 0.125162	-0.342655	-0.467855	 0.400029	-3.267429	-1.057913	 0.192959
-1.566940	-2.785209	-0.498804	-0.575150	-2.379624	 0.311942	-0.279665	-0.483417	 0.210619	-3.303161	-1.053681	 0.192867
-1.466922	-3.266990	-0.498804	-0.079664	-2.370107	 0.405331	-0.248170	 0.008802	 0.115914	-2.814349	-1.049466	 0.192821
-1.414179	-3.500383	-0.498804	 0.168080	-2.360627	 0.452026	-0.232422	 0.253910	 0.068562	-2.565292	-1.045268	 0.192797
-1.385085	-3.609612	-0.498804	 0.291951	-2.351185	 0.475374	-0.224549	 0.376464	 0.044886	-2.436131	-1.041087	 0.192786
-1.367826	-3.656789	-0.498804	 0.353887	-2.341781	-0.012953	-0.720612	 0.437741	 0.033047	-2.866936	-0.536923	 0.192780
-1.356495	-3.672969	-0.498804	 0.384855	-2.332414	-0.256113	-0.966210	 0.468379	 0.027128	-3.075744	-0.284841	 0.192777
-1.348140	-3.673681	-0.498804	 0.400339	-2.323084	-0.377694	-0.586585	 0.483698	 0.024169	-2.673578	-0.658800	 0.192776
-1.341282	-3.666689	-0.498804	 0.408081	-2.313792	-0.438484	-0.396773	 0.491358	 0.022689	-2.467953	-0.843714	 0.192775
-1.335185	-3.655873	-0.498804	-0.088048	-2.304537	-0.468879	-0.301867	-0.004812	 0.021949	-2.860615	-0.934113	 0.192775
-1.329478	-3.643175	-0.498804	-0.334944	-2.295319	-0.484076	-0.254414	-0.251896	 0.021579	-3.050440	-0.977264	 0.192775
-1.323977	-3.629565	-0.498804	-0.457229	-1.786137	-0.491675	-0.730688	-0.375437	 0.521394	-3.138872	-0.996799	 0.192774
-1.318589	-3.615528	-0.498804	-0.517212	-1.528993	-0.495475	-0.966410	-0.437208	 0.769259	-3.176633	-1.004533	 0.192774
-1.313269	-3.601306	-0.498804	-0.546049	-1.397877	-0.497374	-1.081867	-0.468093	 0.891158	-3.189085	-1.006376	 0.192774
-1.307993	-3.587022	-0.498804	-0.559318	-1.829785	-0.498324	-1.137201	 0.016464	 0.450081	-2.688908	-1.005281	 0.192774
-1.302750	-3.572734	-0.498804	-0.564807	-2.041216	-0.498799	-1.162483	 0.257741	 0.229542	-2.434442	-1.002725	 0.192774
-1.297533	-3.058473	-0.498804	-0.566411	-1.642426	-0.499036	-0.672749	-0.121621	 0.619273	-2.802849	-0.999447	 0.192774
-1.292340	-2.796254	-0.498804	-0.566077	-1.440544	-0.499155	-0.427881	-0.310300	 0.812120	-2.980710	-0.995815	 0.192774
-1.287169	-3.160076	-0.498804	-0.564779	-1.837126	-0.499215	-0.305448	-0.404639	 0.406534	-2.563323	-0.992015	 0.192774
-1.282020	-3.334940	-0.498804	-0.563002	-2.030949	-0.499244	-0.244231	-0.451809	 0.203741	-2.350338	-0.988139	 0.192774
-1.276891	-3.415352	-0.498804	-0.560992	-2.123411	-0.499259	-0.713623	 0.024606	 0.102344	-2.739571	-0.984232	 0.192774
-1.271784	-3.448567	-0.498804	-0.558869	-2.165211	-0.499266	-0.945952	 0.261812	 0.051646	-2.927929	-0.980318	 0.192774
-1.266696	-3.458210	-0.498804	-0.556693	-2.181696	-0.499270	-1.059761	 0.380414	 0.026297	-3.015876	-0.976408	 0.192774
-1.261630	-3.456096	-0.498804	-0.554497	-2.185543	-0.499272	-1.114318	 0.439716	 0.013622	-3.053642	-0.972508	 0.192774
-1.256583	-3.448131	-0.498804	-0.552294	-2.183087	-0.499273	-1.139258	 0.469366	 0.007285	-3.066342	-0.968621	 0.192774
-1.251557	-3.437269	-0.498804	-0.550092	-2.177498	-0.499273	-1.149400	 0.484192	 0.004116	-2.566534	-0.964748	 0.192774
-1.246551	-3.424985	-0.498804	-0.547896	-2.170360	-0.499274	-1.152152	 0.491604	 0.002532	-2.312496	-0.960890	 0.192774
-1.241564	-2.912017	-0.498804	-0.545706	-1.662464	 0.000726	-0.651218	 0.495311	 0.501740	-2.181361	-0.957047	 0.192774
-1.236598	-2.650735	-0.498804	-0.543524	-1.406207	 0.249725	-0.400751	 0.497164	 0.749342	-2.111693	-0.953219	 0.192774
-1.231652	-2.515315	-0.498804	-0.541351	-1.275779	 0.374224	-0.275518	 0.498090	 0.371149	-2.072774	-0.949406	 0.192774
-1.226725	-2.442846	-0.498804	-0.539185	-1.208274	 0.436474	-0.212901	 0.498554	 0.182053	-2.049248	-0.945608	 0.192774
-1.221818	-2.401870	 0.001196	-0.037029	-1.172240	 0.467598	-0.181593	-0.001215	 0.587504	-2.033433	-0.441826	 0.192774
-1.216931	-2.376660	 0.250194	 0.214050	-1.151950	 0.483161	-0.165939	-0.250097	 0.788244	-2.021490	-0.189935	 0.192774
-1.212063	-2.359353	 0.374693	 0.339589	-1.139542	 0.490942	-0.158112	-0.374538	 0.886636	-2.011500	-0.063989	 0.192774
-1.207215	-2.346015	 0.436942	 0.402358	-1.131084	 0.494833	-0.154198	 0.063242	 0.933862	-2.002501	-0.001016	 0.692774
-1.202386	-2.334680	 0.468067	 0.433743	-1.124610	 0.496778	-0.152241	 0.281129	 0.955513	-1.994015	 0.030470	 0.940389
-1.197577	-1.324367	 0.983629	 0.949435	 1.380864	 0.497751	 0.848737	 0.890073	 1.464384	 0.014199	 0.546213	 1.561820
-1.192786	-0.819210	 1.238412	 1.204351	 2.625828	 0.498237	 1.345527	 1.191547	 1.714873	 1.014261	 0.801961	 1.868169
 0.311985	 4.933369	 1.362817	 1.828891	 5.240568	 0.498480	 2.590237	 1.339298	 1.836187	 4.510264	 1.927720	 2.016995
 1.060737	 7.788286	 1.422045	 2.136254	 6.532228	 0.498602	 3.204922	 1.410199	 1.892929	 6.242252	 2.484492	 2.087076
 2.931494	 12.194458	 1.448696	 1.785048	 8.662410	 0.498662	 3.504626	 1.442688	 0.417401	 12.092298	 3.756795	 0.617802
 3.857268	 14.364343	 1.459071	 1.606577	 9.705916	 0.498693	 3.646869	 1.455982	-0.318247	 14.981436	 4.382889	-0.115132
 4.310589	 15.416217	 1.461320	 1.514486	 10.206170	 0.498708	 3.710412	 1.459690	-0.683963	 16.390264	 4.685918	-0.479903
 7.027722	 20.909218	 0.959517	 1.465595	 11.934884	 0.498716	 4.234636	 0.958617	-1.364722	 20.059080	 5.827454	-1.660599
 8.366798	 23.602914	 0.708616	 1.438317	 12.771914	 0.498719	 4.487230	 0.708081	-1.701011	 21.846032	 6.384285	-2.245264
 9.516925	 27.897169	 0.583165	 1.421855	 14.163211	 0.498721	 4.604047	 0.582813	-1.865080	 24.192242	 6.648818	-2.531937
 10.070654	 29.979913	 0.520440	 1.410814	 14.827750	 0.498722	 4.653014	 0.520179	-1.943057	 25.312270	 6.767257	-2.669636
 10.826270	 31.957160	 0.489077	 1.902493	 15.629036	 0.998723	 4.668094	 0.488862	-1.978003	 26.319420	 7.312706	-2.732871
 11.180914	 32.877915	 0.473396	 2.143545	 15.996817	 1.245726	 4.666267	 0.473203	-1.991450	 26.768342	 7.569714	-2.758897
 11.335165	 34.270695	 0.465555	 2.259301	 17.647979	 0.866241	 4.656025	 0.465374	-0.494164	 30.938368	 10.182564	-3.266339
 11.389312	 34.895758	 0.461635	 2.312430	 18.434962	 0.676499	 4.641612	 0.461459	 0.252473	 32.953164	 11.463399	-3.512513
 11.393498	 35.137248	 0.459675	 2.334263	 18.790009	 0.581628	 4.625152	 0.459502	 0.623793	 33.890626	 12.078327	-3.628083
 12.372796	 35.687235	-0.041306	 2.340467	 17.429243	 1.534193	 6.107704	 0.958523	-1.192537	 30.289701	 10.860405	-3.678380
 12.835741	 35.889755	-0.290711	 2.338876	 16.716723	 2.005502	 6.833800	 1.205119	-2.094684	 28.435861	 10.232159	-3.696072
 12.540616	 36.418830	 0.085666	 2.333406	 20.828454	 2.736202	 8.181728	 2.325513	-0.039764	 34.955777	 14.898828	 0.302510
 12.368562	 36.609471	 0.273855	 2.326015	 22.834440	 3.094619	 8.836632	 2.878819	 0.983665	 38.191978	 17.193032	 2.293199
 13.258142	 45.631192	 0.367950	 4.317682	 24.787751	 3.266921	 7.145102	 3.148607	 1.491366	 39.786416	 17.801159	 2.279976
 13.674637	 50.123789	 0.414997	 5.300897	 25.710925	 3.346194	 6.288429	 3.276665	 1.741218	 40.565372	 18.068404	 2.268830
 17.854702	 52.351898	 2.938520	 6.279936	 26.119244	 3.378979	 7.849229	 3.833884	 1.862162	 40.436660	 18.665356	 3.258742
 19.900665	 53.439716	 4.189358	 6.754938	 26.270348	 3.388548	 8.610809	 4.103711	 1.918668	 40.291688	 18.925307	 3.745201
 20.879753	 53.957494	 4.803897	 6.977979	 26.293057	 3.386537	 8.972855	 4.229878	 1.942970	 40.138909	 19.016912	 3.979967
 20.825580	 54.190356	 4.600329	 7.075097	 26.251780	 3.378762	 9.135207	 3.784249	 1.951187	 39.982547	 19.024497	 4.088921
 20.756950	 54.281410	 4.489752	 7.109312	 26.178721	 3.368132	 9.197789	 3.554758	 1.951377	 39.824713	 18.990226	 4.135002
 20.681259	 54.301662	 4.925705	 6.612132	 25.589980	 3.356103	 9.210559	 1.933361	-0.052432	 35.666463	 17.935178	 4.149680
 20.602202	 54.287758	 5.132958	 6.351312	 25.245607	 3.343400	 9.198497	 1.122663	-1.050223	 33.524321	 17.373894	 4.148691
 20.021627	 53.756873	 5.225904	 6.708722	 25.523618	 3.330387	 9.174093	 2.717314	 0.454977	 36.390486	 18.059627	 4.139900
 19.692458	 53.466249	 5.261739	 6.873294	 25.611020	 3.317246	 9.143592	 3.506015	 1.203657	 37.745055	 18.365002	 4.127243
 20.489146	 53.295855	 5.269062	 6.941504	 25.603324	 3.304067	 9.110115	 3.391777	 1.574092	 35.844140	 16.980349	 4.112685
 20.844919	 53.186951	 5.262170	 6.961590	 25.548285	 3.290896	 9.075223	 3.328102	 1.755420	 34.825797	 16.256832	 4.097210
 20.980404	 53.108885	 5.248214	 6.957670	 25.469779	 3.277755	 9.039697	 3.289736	 1.842211	 34.249010	 15.864006	 4.081309
 15.505915	 44.046334	 2.730767	 4.441802	 19.879744	 1.764655	 6.503925	 1.764051	-0.618251	 28.893272	 11.136651	 0.565228
 12.748607	 39.445090	 1.472044	 3.180016	 17.056147	 1.008105	 5.228103	 1.001208	-1.842325	 26.168328	 8.760155	-1.186911
 11.349971	 37.074781	 0.842682	 2.545287	 15.615883	 0.629830	 4.582288	 1.119786	-2.448230	 24.758969	 7.559139	-2.557103
 10.630750	 35.820217	 0.528001	 2.224101	 14.867400	 0.440693	 4.251507	 1.176599	-2.745073	 24.007591	 6.945915	-3.234344
 9.751316	 34.623804	 0.370661	 2.059702	 14.464920	 0.346124	 4.078275	 0.702538	-2.387411	 23.585389	 6.626638	-3.565141
 9.293856	 33.958743	 0.291991	 1.973712	 14.235556	 0.298839	 3.983849	 0.465508	-2.204521	 23.327962	 6.454385	-3.722748
 9.547453	 33.559625	 0.252656	 1.926942	 14.092861	 0.275197	 3.928857	 0.346993	-2.109032	 23.153107	 5.855694	-3.793791
 9.654649	 33.293745	 0.232988	 1.899796	 13.993613	 0.263376	 3.893614	 0.287735	-2.057261	 23.019723	 5.545834	-3.821582
 9.688724	 33.094749	 0.223154	 1.882478	 13.916201	 0.257466	 3.868275	 0.258106	-2.027364	 22.907259	 5.380432	-3.827779
 9.186315	 32.929460	 0.218238	 1.870089	 13.849817	 0.254510	 3.847920	 0.243292	-2.508421	 22.805437	 5.287302	-3.823210
 8.917743	 32.781287	 0.215779	 1.860179	 13.789058	 0.253033	 3.830087	 0.235885	-2.742971	 22.709118	 5.230348	-3.813288
 8.766159	 32.141934	 0.214550	 1.851523	 13.731222	 0.252294	 3.813546	 0.232181	-2.854290	 22.115734	 5.191524	-3.300720
 8.673138	 31.759252	 0.213935	 1.843510	 13.674957	 0.251925	 3.797682	 0.230329	-2.904019	 21.775997	 5.161807	-3.038860
 8.609467	 32.005158	 0.213628	 1.835832	 13.619588	 0.251740	 3.782186	 0.229404	-2.422976	 21.563256	 5.136684	-2.902376
 8.560540	 32.063609	 0.213474	 1.828337	 13.564774	 0.251647	 3.766905	 0.228941	-2.178570	 21.414184	 5.113900	-2.828602
 8.519053	 31.528591	 0.213397	 1.820948	 13.510348	 0.751601	 3.751761	 0.228709	-2.052499	 21.297118	 5.092325	-3.286206
 8.481355	 31.199094	 0.213359	 1.813626	 13.456223	 0.999075	 3.736716	 0.228593	-1.985611	 21.196225	 5.071396	-3.507520
 8.445618	 30.972607	 0.213340	 1.806352	 13.402356	 1.120319	 3.721750	 0.228536	-1.948329	 21.103588	 5.050831	-3.610719
 8.410930	 30.797871	 0.213330	 1.799117	 13.348726	 0.678458	 3.706853	 0.228507	-1.925866	 21.015247	 5.030488	-3.654891
 8.376834	 30.649257	 0.213325	 1.791916	 13.295320	 0.457527	 3.692021	 0.228492	-1.910828	 20.929223	 5.010296	-3.669579
 8.843100	 31.013948	 0.213323	 1.784746	 13.242134	 0.347062	 3.677250	 0.228485	-1.899517	 19.844525	 4.990220	-2.669554
 9.057614	 31.133537	 0.213322	 1.777606	 13.189162	 0.291829	 3.662540	 0.228481	-1.890085	 19.264656	 4.970241	-2.166203
 8.146327	 28.630825	 0.713321	 1.770495	 12.636405	 0.264213	 3.647890	 0.228479	-1.381608	 17.437352	 4.450352	-1.411201
 7.676214	 27.327212	 0.960894	 1.763413	 12.335858	 0.250405	 3.633298	 0.228479	-1.125623	 16.492480	 4.182546	-1.032388
 6.926745	 22.123359	 0.582264	 1.756359	 9.661514	 0.243501	 3.118764	 0.228478	-0.495892	 11.988949	 3.040814	 0.158325
 6.539655	 19.487593	 0.392949	 1.749333	 8.310368	 0.240048	 2.856289	 0.228478	-0.181026	 9.722212	 2.466149	 0.750984
 6.333806	 18.136007	 0.298291	 1.742336	 7.620877	 0.238322	 2.719864	 0.228478	-0.023593	 8.573933	 2.175034	 1.044626
 4.718625	 12.926645	 0.250962	 1.235367	 5.262268	 0.237459	 2.146485	 0.728478	 0.555124	 4.984942	 1.025709	 1.188771
 3.904828	 10.306529	 0.227298	 0.980425	 4.077157	 0.237028	 1.856649	 0.976021	 0.842214	 3.187655	 0.451046	 1.258177
 1.491747	 2.981099	 0.215466	 0.351504	-0.021183	 0.236812	 0.208597	 0.597345	 0.483501	-2.713770	-0.836285	 0.790225
 0.287049	-0.672928	 0.209550	 0.037043	-2.062114	 0.236704	-0.612550	 0.408007	 0.304144	-5.647252	-1.475704	 0.556249
-1.813464	-4.491287	 0.206592	-0.120188	-3.574374	-0.263350	-1.020256	-0.186662	 0.214466	-7.596831	-2.291183	 0.439261
-2.855893	-6.383848	 0.205113	-0.198803	-4.320330	-0.511850	-1.221253	-0.482433	 0.169627	-8.552528	-2.692709	 0.380767
-3.369311	-7.813575	 0.204373	-0.738111	-5.183176	-0.134579	-1.818907	-0.628763	-0.352793	-8.511360	-2.887284	 0.351520
-3.618254	-8.509952	 0.204003	-1.005210	-5.602506	 0.054056	-2.112901	-0.700377	-0.612252	-8.473836	-2.978407	 0.336897
-3.734991	-8.839728	 0.203818	-1.136214	-5.800128	 0.148374	-2.255084	-0.734641	-0.740239	-8.938201	-3.017830	 0.329585
-3.785657	-8.986277	 0.203726	-1.199182	-5.886943	 0.195533	-2.321381	-0.750235	-0.802495	-9.151578	-3.031427	 0.325929
-3.803317	-9.041286	 0.203680	-1.228142	-5.918404	 0.219112	-2.349754	-0.756500	-0.831894	-9.239537	-3.032135	 0.324101
-3.804505	-9.050598	-0.296343	-1.240108	-5.922234	-0.269098	-2.359185	-0.758107	-0.844871	-8.764861	-3.026424	 0.323187
-3.797487	-9.037134	-0.544762	-1.243586	-5.912297	-0.511689	-2.359163	-0.757391	-0.849644	-8.510943	-3.017527	 0.322730
-3.786398	-9.012355	-0.667385	-1.242832	-6.395524	-0.631475	-2.354433	-0.755520	-0.850321	-8.367470	-3.507061	 0.322502
-3.773302	-8.981990	-0.727117	-1.239970	-6.623380	-0.689866	-2.347369	-0.753077	-0.848958	-8.279286	-3.743835	 0.322388
-3.759234	-8.948904	-0.255409	-1.236065	-6.723605	-0.717565	-2.339157	-0.750354	-0.846581	-8.718811	-3.354260	 0.322330
-3.744710	-8.914530	-0.019555	-1.231648	-6.760070	-0.729924	-2.330388	-0.747497	-0.843704	-8.920257	-3.153544	 0.322302
-3.729987	-8.879582	 0.098372	-1.226985	-6.264710	-0.234619	-2.321361	-0.744580	-0.840584	-9.002737	-3.047280	 0.322288
-3.715195	-8.844419	 0.157336	-1.222209	-6.005491	 0.013034	-2.312223	-0.741638	-0.837349	-9.025806	-2.988266	 0.322280
-3.700399	-8.809219	 0.186817	-1.217386	-5.864389	 0.136860	-2.303047	-0.738689	-0.834064	-9.019243	-2.952900	 0.322277
-3.685629	-8.774071	-0.298442	-1.212550	-6.282391	-0.301227	-2.793872	-0.735744	-0.830759	-8.497936	-2.929383	 0.322275
-3.670903	-8.739019	-0.539504	-1.207716	-6.477992	-0.518792	-3.032715	-0.732805	-0.827452	-8.221330	-2.911812	 0.322274
-3.656227	-8.704085	-0.658474	-1.202893	-6.562445	-0.626102	-2.645593	-0.729876	-0.824150	-8.067137	-2.897238	 0.322274
-3.641606	-8.669280	-0.716404	-1.198086	-6.591377	-0.678290	-2.447515	-0.726958	-0.820858	-7.974214	-2.884186	 0.322274
-3.627042	-8.634608	-0.743820	-1.193296	-6.592603	-0.702923	-2.343978	-0.724051	-0.317576	-8.411991	-2.871917	 0.322273
-3.612534	-8.600073	-0.755986	-1.188524	-6.580028	-0.713784	-2.287728	-0.721155	-0.065936	-8.613179	-2.860064	 0.322273
-3.598085	-8.565674	-0.260533	-1.183770	-6.560606	-0.717765	-2.255140	-0.718270	 0.059885	-8.196145	-2.848441	 0.322273
-3.583693	-8.531412	-0.012806	-1.179035	-6.537812	-0.718313	-2.234401	-0.715397	 0.122795	-7.972069	-2.836956	 0.322273
-3.569358	-8.497287	 0.111057	-1.174319	-6.513386	-0.717149	-2.219604	-0.712536	 0.154250	-7.844536	-2.825562	 0.322273
-3.555081	-8.463298	-0.327011	-1.169622	-6.488194	-0.715135	-2.707796	-0.709685	 0.169978	-8.265335	-2.814237	 0.322273
-3.540860	-8.429445	-0.544515	-1.164944	-6.462673	-0.712701	-2.945500	-0.706847	 0.177841	-8.458362	-2.802969	 0.322273
-3.526697	-8.395727	-0.151743	-1.160284	-6.437038	-0.710064	-2.557986	-0.704019	 0.181773	-8.037573	-2.791751	 0.322273
-3.512590	-8.362144	 0.044643	-1.155643	-6.411397	-0.707331	-2.359888	-0.701203	 0.183739	-7.811945	-2.780581	 0.322273
-3.498540	-8.328695	 0.142836	-1.151020	-5.885805	-0.704555	-2.256515	-0.698398	 0.184722	-7.683958	-2.769457	 0.322273
-3.484546	-8.295381	 0.191933	-1.146416	-5.612289	-0.701763	-2.200522	-0.695605	 0.185214	-7.604853	-2.758379	 0.322273
-3.470607	-8.262199	-0.283519	-1.141830	-5.464854	-0.698970	-2.168237	-0.692822	 0.185459	-7.550249	-2.747345	 0.322273
-3.456725	-8.229150	-0.519727	-1.137263	-5.380501	-0.696180	-2.147822	-0.690051	 0.185582	-7.507955	-2.736355	 0.322273
-3.442898	-8.196234	-0.636319	-1.132714	-5.327732	-0.693399	-2.133360	-0.687291	 0.185644	-7.471877	-2.725410	 0.322273
-3.429127	-8.163449	-0.193109	-1.128183	-5.790798	-0.690627	-2.121891	-0.684542	 0.185674	-7.438967	-2.714508	 0.322273
-3.415410	-8.130795	 0.028496	-1.123670	-6.009823	-0.687865	-2.111936	-0.681804	 0.185690	-7.407699	-2.703650	 0.322273
-3.401748	-8.098272	-0.360702	-1.119176	-5.606878	-0.685114	-2.102755	-0.679076	 0.185698	-7.377313	-2.692836	 0.322273
-3.388141	-8.065879	-0.553801	-1.114699	-5.394998	-0.682374	-2.093977	-0.676360	 0.185701	-7.347426	-2.682064	 0.322273
-3.374589	-8.033615	-0.648857	-1.110240	-5.278691	-0.679645	-2.085417	-1.173655	 0.185703	-7.317847	-2.671336	 0.322273
-3.361090	-8.001481	-0.694897	-1.105799	-5.210213	-0.676926	-2.076984	-1.418960	 0.185704	-7.288481	-2.660651	 0.322273
-3.347646	-7.969475	-0.216435	-1.101376	-5.165691	-0.674218	-2.068630	-1.038284	 0.185705	-7.259280	-2.650008	 0.322273
-3.334256	-7.937597	 0.022796	-1.096971	-5.133187	-0.671522	-2.060333	-0.846631	 0.185705	-7.230219	-2.639408	 0.322273
-3.320919	-7.905846	 0.142412	-1.092583	-5.106734	-0.668836	-2.052080	-0.749495	 0.185705	-7.201287	-2.628850	 0.322273
-3.307635	-7.874223	-0.297781	-1.088212	-5.083347	-0.666160	-2.043866	-1.199622	 0.185705	-7.172476	-2.618335	 0.322273
-3.294404	-7.842726	-0.516401	-1.083859	-5.061533	-0.663496	-2.035687	-1.421386	 0.185705	-7.143783	-2.607862	 0.322273
-3.281227	-7.811355	-0.624241	-1.079524	-5.540547	-0.660842	-2.027543	-1.028981	 0.185705	-7.115206	-2.597430	 0.322273
-3.268102	-7.780110	-0.676697	-1.075206	-5.768015	-0.658198	-2.019432	-0.831506	 0.185705	-7.086745	-2.587040	 0.322273
-3.255029	-7.748989	-0.701466	-1.070905	-5.869758	-0.655565	-2.011354	-0.731500	 0.185705	-7.058397	-2.576692	 0.322273
-3.242009	-7.717993	-0.712399	-1.066621	-5.908686	-0.652943	-2.003309	-0.680234	 0.185705	-7.030163	-2.566385	 0.322273
-3.229041	-7.687121	-0.716418	-1.062355	-5.416255	-0.650331	-1.995295	-0.653344	-0.314295	-7.002043	-2.556120	 0.322273
-3.216125	-7.656373	-0.716987	-1.058106	-5.160192	-0.647730	-1.987314	-0.638645	-0.562666	-6.974034	-2.545895	 0.322273
-3.203261	-7.625748	-0.715836	-1.053873	-5.022352	-0.645139	-1.979365	-0.630048	-0.685230	-6.946138	-2.535712	 0.322273
-3.190448	-7.595245	-0.713832	-1.049658	-4.943663	-0.642559	-1.971447	-0.624507	-0.244896	-6.918354	-2.525569	 0.322273
-3.177686	-7.564864	-0.711406	-1.045459	-4.894589	-0.639988	-1.963562	-0.620498	-0.024729	-6.890680	-2.515467	 0.322273
-3.164975	-7.534604	-0.708775	-1.041277	-4.860361	-0.637428	-1.955707	-0.617261	 0.085354	-6.863118	-2.505405	 0.322273
-3.152315	-7.504466	-0.706047	-1.037112	-4.833594	-0.634879	-1.947885	-0.614414	 0.140396	-6.835665	-2.495383	 0.322273
-3.139706	-7.474448	-0.703276	-1.032964	-4.810597	-0.632339	-1.940093	-0.611768	 0.167917	-6.808322	-2.485402	 0.322273
-3.127147	-7.444550	-0.700490	-1.028832	-4.789524	-0.629810	-1.932333	-0.609226	 0.181677	-6.781089	-2.475460	 0.322273
-3.114638	-7.414772	-0.697702	-1.024716	-4.769450	-0.127291	-1.924603	-0.606742	 0.188558	-6.753965	-2.465558	 0.322273
-3.102180	-7.385113	-0.694918	-1.020618	-4.749915	 0.123969	-1.916905	-0.604291	 0.191998	-6.726949	-2.455696	 0.322273
-3.089771	-7.355572	-0.692141	-1.016535	-4.730686	 0.249599	-1.909237	-0.601862	 0.193718	-6.700041	-2.445873	 0.322273
-3.077412	-7.326150	-0.689374	-1.012469	-4.711649	-0.187586	-1.901600	-0.599449	 0.194578	-6.673241	-2.436090	 0.322273
-3.065102	-7.296845	-0.686618	-1.008419	-4.692745	-0.404929	-1.893994	-0.597048	 0.195008	-6.646548	-2.426345	 0.322273
-3.052842	-7.267658	-0.683872	-1.004385	-4.673945	-1.012356	-1.886418	-0.594659	 0.195223	-6.619962	-2.416640	 0.322273
-3.040631	-7.238587	-0.681136	-1.000368	-4.655235	-1.312830	-1.878872	-0.592279	 0.195330	-6.593482	-2.406973	 0.322273
-3.028468	-7.209633	-0.678412	-0.996366	-4.636607	-0.959840	-1.871357	-0.589910	 0.195384	-6.567108	-2.397346	 0.322273
-3.016354	-7.180794	-0.675698	-0.992381	-4.618057	-0.782132	-1.863871	-0.587550	 0.195411	-6.540840	-2.387756	 0.322273
-3.004289	-7.152071	-0.672996	-0.988411	-4.599583	-0.692069	-1.856416	-0.585200	 0.195424	-6.514676	-2.378205	 0.322273
-2.992272	-7.123463	-0.670304	-0.984458	-4.581184	-0.645833	-1.848990	-0.582859	 0.195431	-6.488618	-2.368692	 0.322273
-2.980303	-7.094969	-0.667622	-0.980520	-4.562859	-0.621516	-1.841594	-0.580527	 0.195434	-6.462663	-2.359218	 0.322273
-2.968381	-7.066589	-0.664952	-0.976598	-4.544607	-0.608163	-1.834228	-0.578205	 0.195436	-6.436812	-2.349781	 0.322273
-2.956508	-7.038323	-0.662292	-0.972691	-4.526429	-0.600297	-1.826891	-0.575892	 0.195437	-6.411065	-2.340382	 0.322273
-2.944682	-7.010170	-0.159643	-0.968801	-4.508323	-0.595179	-1.819583	-0.573589	 0.195437	-6.385421	-2.331020	 0.322273
-2.932903	-6.982129	 0.091682	-0.964926	-4.490289	-0.591440	-1.812305	-0.571295	 0.195438	-6.359879	-2.321696	 0.322273
-2.921171	-6.954200	-0.282656	-0.961066	-4.472328	-0.588395	-1.805056	-0.569009	 0.195438	-6.334440	-2.312409	 0.322273
-2.909487	-6.926384	-0.468511	-0.957222	-4.454439	-0.585702	-1.797836	-0.566733	 0.195438	-6.309102	-2.303160	 0.322273
-2.897849	-6.898678	-0.560130	-0.953393	-4.436621	-0.083190	-1.790644	-0.564466	 0.195438	-6.283866	-2.293947	 0.322273
-2.886257	-6.871083	-0.604635	-0.949579	-4.418875	 0.168067	-1.783482	-0.562209	 0.195438	-6.258730	-2.284771	 0.322273
-2.874712	-6.843599	-0.625590	-0.945781	-4.401199	 0.293695	-1.776348	-0.559960	 0.195438	-6.233695	-2.275632	 0.322273
-2.863214	-6.816225	-0.634774	-0.941998	-4.383594	-0.143491	-1.769242	-0.057720	 0.195438	-6.208760	-2.266530	 0.322273
-2.851761	-6.788960	-0.638079	-0.938230	-4.366060	-0.360923	-1.762165	 0.193400	 0.195438	-6.183925	-2.257463	 0.322273
-2.840354	-6.761804	-0.638448	-0.934477	-4.348596	-0.468482	-1.755117	 0.318960	 0.195438	-6.159190	-2.248434	 0.322273
-2.828992	-6.734757	-0.637355	-0.930739	-4.331201	-0.521109	-1.748096	 0.381740	 0.195438	-6.134553	-2.239440	 0.322273
-2.817676	-6.707818	-0.635536	-0.927016	-4.313877	-0.546276	-1.741104	-0.086870	 0.195438	-6.110015	-2.230482	 0.322273
-2.806406	-6.680986	-0.633359	-0.923308	-4.296621	-0.557716	-1.734139	-0.320064	 0.195438	-6.085575	-2.221560	 0.322273
-2.795180	-6.654262	-0.631008	-0.919615	-4.279435	-0.562298	-1.727203	-0.435555	 0.195438	-6.061232	-2.212674	 0.322273
-2.783999	-6.627645	-0.628575	-0.915936	-4.262317	-0.563455	-1.720294	-0.492198	 0.195438	-6.036987	-2.203823	 0.322273
-2.772863	-6.601135	-0.126107	-0.912272	-4.245268	-0.062904	-1.713413	-0.519422	 0.195438	-6.012839	-2.195008	 0.322273
-2.761772	-6.574730	 0.125128	-0.908623	-4.228287	 0.187371	-1.706559	-0.531940	 0.195438	-5.988788	-2.186228	 0.322273
-2.750725	-6.548431	 0.250745	-0.904989	-4.211373	 0.312509	-1.699733	-0.537111	 0.195438	-5.964833	-2.177483	 0.322273
-2.739722	-6.522238	 0.313553	-0.901369	-4.194528	-0.124922	-1.692934	-0.538611	 0.195438	-5.940974	-2.168773	 0.322273
-2.728763	-6.496149	 0.344958	-0.897763	-4.177750	-0.342513	-1.686162	-0.538281	 0.195438	-5.917210	-2.160098	 0.322273
-2.717848	-6.470164	-0.139340	-0.894172	-4.161039	 0.049812	-1.679418	-0.037041	 0.195438	-5.893541	-2.151458	 0.322273
-2.706976	-6.444283	-0.380242	-0.890596	-4.144395	 0.245974	-1.672700	 0.213580	 0.195438	-5.869967	-2.142852	 0.322273
-2.696149	-6.418506	-0.499450	-0.887033	-4.127817	-0.155945	-1.166009	-0.161110	 0.195438	-5.846487	-2.134280	 0.322273
-2.685364	-6.392832	-0.557817	-0.883485	-4.111306	-0.355788	-0.911345	-0.347383	 0.195438	-5.823101	-2.125743	 0.322273
-2.674623	-6.367261	-0.585768	-0.879951	-4.094861	-0.454599	-1.282700	-0.439453	 0.195438	-5.799808	-2.117240	 0.322273
-2.663924	-6.341792	-0.598517	-0.876431	-4.078481	-0.502898	-1.465069	-0.484424	 0.195438	-5.776609	-2.108771	 0.322273
-2.653268	-6.316425	-0.603668	-0.872926	-4.062167	-0.525944	-1.552959	-0.505851	 0.195438	-5.753503	-2.100336	 0.322273
-2.642655	-6.291159	-0.605026	-0.869434	-4.045919	-0.536370	-1.593622	-0.515510	 0.195438	-5.730489	-2.091935	 0.322273
-2.632085	-6.265994	-0.604493	-0.865956	-4.029735	-0.540489	-1.610685	-0.519289	 0.195438	-5.707567	-2.083567	 0.322273
-2.621556	-6.240930	-0.603018	-0.862492	-4.013616	-0.541459	-1.615961	-0.520133	 0.195438	-5.684737	-2.075233	 0.322273
-2.611070	-6.215967	-0.601077	-0.859042	-3.997561	-0.540860	-1.615356	-0.519512	 0.195438	-5.661998	-2.066932	 0.322273
-2.600626	-6.191103	-0.598909	-0.855606	-3.981571	-0.039479	-1.611825	-0.018165	 0.195438	-5.639350	-2.058664	 0.322273
-2.590223	-6.166338	-0.596631	-0.852184	-3.965645	 0.211211	-1.606842	 0.232509	 0.195438	-5.616792	-2.050429	 0.322273
-2.579862	-6.141673	-0.594303	-0.848775	-3.949782	-0.163444	-1.601147	-0.142154	-0.304562	-5.594325	-2.042228	 0.322273
-2.569543	-6.117106	-0.591956	-0.845380	-3.933983	-0.349695	-1.595109	-0.328452	-0.552953	-5.571948	-2.034059	 0.322273
-2.559265	-6.092638	-0.589603	-0.841998	-3.918247	-0.441749	-1.588912	-0.420571	-0.675546	-5.549660	-2.025923	 0.322273
-2.549028	-6.068267	-0.587252	-0.838630	-3.902574	-0.486708	-1.582648	-0.465605	-0.235246	-5.527461	-2.017819	 0.322273
-2.538832	-6.043994	-0.584906	-0.835276	-3.886964	-0.508125	-1.576363	-0.487101	-0.015096	-5.505351	-2.009748	 0.322273
-2.528676	-6.019818	-0.082569	-0.831935	-3.871416	-0.017774	-1.570080	 0.003168	 0.094979	-5.483330	-2.001709	 0.322273
-2.518562	-5.995739	 0.168600	-0.828607	-3.855930	 0.227402	-1.563811	 0.248303	 0.150016	-5.461397	-1.993702	 0.322273
-2.508487	-5.971756	-0.205815	-0.825293	-3.840507	-0.150010	-1.557562	-0.129130	 0.177535	-5.439551	-1.985727	 0.322273
-2.498453	-5.947869	-0.391862	-0.821991	-3.825145	-0.337662	-1.551334	-0.316833	 0.191295	-5.417793	-1.977784	 0.322273
-2.488460	-5.924078	-0.483730	-0.818704	-3.809844	-0.430437	-1.545130	-0.409676	 0.198174	-5.396122	-1.969873	 0.322273
-2.478506	-5.900381	-0.528513	-0.815429	-3.794605	-0.475778	-1.538951	-0.455092	 0.201614	-5.374537	-1.961993	 0.322273
-2.468592	-5.876780	-0.549758	-0.812167	-3.779426	-0.497406	-1.532795	-0.476799	 0.203334	-5.353039	-1.954146	 0.322273
-2.458717	-5.853273	-0.559238	-0.808918	-3.764309	-0.007182	-1.526664	-0.487653	 0.204194	-5.331627	-1.946329	 0.322273
-2.448882	-5.829860	-0.562841	-0.805683	-3.749251	 0.237930	-1.520558	-0.493079	 0.204624	-5.310300	-1.938544	 0.322273
-2.439087	-5.806540	-0.563509	-0.802460	-3.734254	-0.139514	-1.514475	-0.495793	 0.204839	-5.289059	-1.930789	 0.322273
-2.429331	-5.783314	-0.562715	-0.799250	-3.719317	-0.327202	-1.508418	-0.497150	 0.204946	-5.267903	-1.923066	 0.322273
-2.419613	-5.760181	-0.061194	-0.796053	-3.704440	-0.420017	-1.502384	-0.497828	 0.205000	-5.746831	-1.915374	 0.322273
-2.409935	-5.737140	 0.189566	-0.792869	-3.689622	-0.465398	-1.496374	-0.498167	 0.205027	-5.973844	-1.907713	 0.322273
-2.400295	-5.714191	-0.185054	-0.789697	-3.674864	-0.487067	-1.490389	 0.001663	 0.205040	-5.574949	-1.900082	 0.322273
-2.390694	-5.691335	-0.371244	-0.786539	-3.660164	-0.496884	-1.484427	 0.250576	 0.205047	-5.365149	-1.892481	 0.322273
-2.381131	-5.668569	-0.463225	-0.783392	-3.645524	-0.500780	-1.478490	 0.375032	 0.205051	-5.249938	-1.884911	 0.322273
-2.371607	-5.645895	-0.508104	-0.780259	-3.630942	-0.501718	-0.972576	 0.437260	 0.205052	-5.182064	-1.877372	 0.322273
-2.362120	-5.623311	-0.529438	-0.777138	-3.616418	-0.501182	-0.719619	 0.468374	 0.205053	-5.137898	-1.869862	 0.322273
-2.352672	-5.600818	-0.539004	-0.774029	-4.101952	-0.499912	-1.093140	-0.016069	 0.205053	-5.105627	-1.862383	 0.322273
-2.343261	-5.578415	-0.542689	-0.770933	-4.335544	-0.499277	-1.276968	-0.257290	 0.205054	-5.079346	-1.854933	 0.322273
-2.333888	-5.556101	-0.543439	-0.767849	-3.943202	-0.498960	-1.365960	-0.377900	 0.205054	-5.056099	-1.847514	 0.322273
-2.324552	-5.533877	-0.542726	-0.764778	-3.739929	-0.498801	-1.407546	-0.438205	 0.205054	-5.034409	-1.840124	 0.322273
-2.315254	-5.511741	-0.541285	-0.261719	-3.631220	-0.498722	-1.425441	 0.031642	 0.205054	-5.013539	-1.832763	 0.322273
-2.305993	-5.489694	-0.539485	-0.010189	-3.569820	-0.498682	-1.431501	 0.265563	 0.205054	-4.993119	-1.825432	 0.322273
-2.296769	-5.467736	-0.537510	 0.115575	-3.532103	-0.498663	-1.431657	 0.382524	 0.205054	-4.972963	-1.818130	 0.322273
-2.287582	-5.445865	-0.535451	-0.321542	-3.506256	-0.498653	-1.428871	-0.058996	 0.205054	-4.952980	-1.810858	 0.322273
-2.278432	-5.424081	-0.533355	-0.538584	-3.486371	-0.498648	-1.424626	-0.278755	 0.205054	-4.933122	-1.803614	 0.322273
-2.269318	-5.402385	-0.531244	-0.645593	-3.969496	-0.498645	-1.419662	 0.111365	 0.205054	-4.413367	-1.796400	 0.322273
-2.260241	-5.380775	-0.529131	-0.697593	-4.202153	-0.498644	-1.414351	 0.305423	 0.205054	-4.145702	-1.789214	 0.322273
-2.251200	-5.359252	-0.527020	-0.222093	-3.809612	-0.498643	-1.408877	 0.402451	 0.205054	-4.504113	-1.782057	 0.322273
-2.242195	-5.337815	-0.524915	 0.015656	-3.606508	-0.498643	-1.403334	 0.450966	 0.205054	-4.673594	-1.774929	 0.322273
-2.233226	-5.316464	-0.522817	-0.365469	-3.498149	-0.498643	-1.397766	-0.024777	 0.205054	-5.248648	-1.767829	 0.322273
-2.224293	-5.295198	-0.520726	-0.554538	-3.437189	-0.498643	-1.392198	-0.261648	 0.205054	-5.524528	-1.760758	 0.322273
-2.215396	-5.274017	-0.518643	-0.647586	-3.399957	-0.498643	-1.386641	-0.380083	 0.205054	-5.650867	-1.753715	 0.322273
-2.206535	-5.252921	-0.516569	-0.692628	-3.374616	-0.498643	-1.381100	-0.439300	 0.205054	-5.202482	-1.746700	 0.322273
-2.197708	-5.231910	-0.514503	-0.713674	-3.355247	-0.498643	-1.375579	-0.468909	 0.205054	-4.968781	-1.739713	 0.322273
-2.188918	-5.210982	-0.512445	-0.222727	-3.338890	 0.001357	-1.370078	 0.016287	 0.205054	-4.842461	-1.732755	 0.322273
-2.180162	-5.190138	-0.510395	 0.022746	-3.324067	 0.250355	-1.364598	 0.257881	 0.205054	-4.769868	-1.725824	 0.322273
-2.171441	-5.169377	-0.508354	-0.354518	-3.310037	 0.374853	-1.359140	-0.121321	 0.205054	-4.724178	-1.718920	 0.322273
-2.162756	-5.148700	-0.506320	-0.541686	-3.296430	 0.437102	-1.353704	-0.309921	 0.205054	-4.691975	-1.712045	 0.322273
-2.154104	-5.128105	-0.504295	-0.633812	-3.283061	-0.031773	-1.348289	 0.095778	 0.205054	-5.166554	-1.705196	 0.322273
-2.145488	-5.107593	-0.502278	-0.678423	-3.269837	-0.265209	-1.342896	 0.297625	 0.205054	-5.392562	-1.698376	 0.322273
-2.136906	-5.087162	-0.500269	-0.699283	-3.256711	-0.381927	-1.337524	 0.398549	 0.205054	-5.494328	-1.691582	 0.322273
-2.128359	-5.066814	-0.499264	-0.708272	-3.243662	-0.440287	-1.332174	 0.449011	 0.205054	-5.034019	-1.684816	 0.322273
-2.119845	-5.046546	-0.498762	-0.711333	-3.230676	-0.469466	-1.326846	 0.474241	 0.205054	-4.794718	-1.678077	 0.322273
-2.111366	-5.026360	-0.498511	-0.711434	-3.217747	-0.484056	-1.321538	 0.486857	 0.205054	-4.665956	-1.671364	 0.322273
-2.102920	-5.006255	-0.498385	-0.710062	-3.204873	-0.491351	-1.316252	 0.493165	 0.205054	-4.592501	-1.664679	 0.322273
-2.094509	-4.986230	 0.001678	-0.707958	-3.192052	-0.494998	-0.810987	-0.003681	 0.205054	-4.046735	-1.658020	 0.322273
-2.086131	-4.966285	 0.250706	-0.705495	-3.179283	-0.496822	-0.558355	-0.251104	 0.205054	-3.766850	-1.651388	 0.322273
-2.077786	-4.946420	-0.124780	-0.702857	-3.166566	-0.497734	-0.932038	 0.125185	 0.205054	-4.119934	-1.644782	 0.322273
-2.069475	-4.926634	-0.311523	-0.700137	-3.153900	-0.498190	-1.116269	 0.312327	 0.205054	-4.287529	-1.638203	 0.322273
-2.061197	-4.906928	-0.404894	-0.697383	-3.141284	-0.498418	-1.205783	 0.405898	 0.205054	-4.362417	-1.631650	 0.322273
-2.052952	-4.887300	-0.451580	-0.694616	-3.128719	-0.498532	-1.247950	-0.047317	 0.205054	-4.390986	-1.625124	 0.322273
-2.044740	-4.867751	-0.474923	-0.691849	-3.116204	-0.498589	-1.266453	-0.272923	 0.205054	-4.396432	-1.618623	 0.322273
-2.036561	-4.848280	 0.013406	-0.689088	-3.103739	-0.498617	-1.273134	-0.385726	 0.205054	-4.390351	-1.612149	 0.322273
-2.028415	-4.828887	 0.256567	-0.686334	-3.091324	-0.498631	-1.273915	-0.442128	 0.205054	-4.378542	-1.605700	 0.322273
-2.020301	-4.809571	-0.121853	-0.683590	-3.078959	 0.001362	-0.771757	-0.470329	 0.205054	-4.363904	-1.599277	 0.322273
-2.012220	-4.790333	-0.310062	-0.680857	-3.066643	 0.250355	-0.520677	-0.484429	 0.205054	-4.347886	-1.592880	 0.322273
-2.004171	-4.771171	-0.404167	-0.678134	-3.054376	-0.125148	-0.895137	 0.008521	 0.205054	-3.831214	-1.586509	 0.322273
-1.996155	-4.752087	-0.451219	-0.675421	-3.042159	-0.311898	-1.079828	 0.253993	 0.205054	-3.566248	-1.580163	 0.322273
-1.988170	-4.733078	-0.474745	-0.672720	-3.529990	 0.094727	-0.669645	 0.376729	 0.205054	-3.927163	-1.573842	 0.322273
-1.980217	-4.714146	-0.486508	-0.670029	-3.765870	 0.297036	-0.464553	 0.438097	 0.205054	-4.099044	-1.567547	 0.322273
-1.972297	-4.695289	-0.492390	-0.667349	-3.875807	 0.398191	-0.362007	 0.468781	 0.205054	-4.176443	-1.561277	 0.322273
-1.964407	-4.676508	-0.495330	-0.664679	-3.422803	-0.051231	-0.810734	-0.015877	 0.205054	-4.206635	-1.555031	 0.322273
-1.956550	-4.657802	-0.496801	-0.662021	-3.190362	-0.274941	-1.032579	-0.257205	 0.205054	-4.213257	-1.548811	 0.322273
-1.948724	-4.639171	-0.497536	-0.659373	-3.068226	-0.386796	-1.140992	 0.122131	 0.205054	-4.208128	-1.542616	 0.322273
-1.940929	-4.620614	-0.497904	-0.656735	-3.001265	-0.442724	-1.192700	 0.310796	 0.205054	-4.197158	-1.536446	 0.322273
-1.933165	-4.602132	-0.498087	-0.654108	-2.961917	-0.470687	-1.216065	-0.094871	 0.205054	-3.683301	-1.530300	 0.322273
-1.925432	-4.583723	-0.498179	-0.651492	-2.936397	-0.484669	-1.225269	-0.296704	 0.205054	-3.420033	-1.524179	 0.322273
-1.917731	-4.565388	-0.498225	-0.648886	-2.917815	-0.491660	-1.227402	-0.397620	 0.205054	-3.782086	-1.518082	 0.322273
-1.910060	-4.547127	-0.498248	-0.646290	-2.902726	-0.495156	-1.226009	-0.448079	 0.205054	-3.954824	-1.512010	 0.322273
-1.902419	-4.528938	-0.498260	-0.643705	-2.889406	-0.496903	-1.222864	-0.473308	 0.205054	-4.032938	-1.505962	 0.322273
-1.894810	-4.510823	-0.498265	-0.641130	-2.876994	-0.497777	-1.218852	-0.485922	 0.205054	-4.063772	-1.499938	 0.322273
-1.887230	-4.492779	-0.498268	-0.638566	-2.865059	-0.498214	-1.214416	-0.492229	 0.205054	-4.071001	-1.493938	 0.322273
-1.879682	-4.474808	-0.498270	-0.636012	-2.853385	-0.498433	-0.709778	-0.495383	 0.205054	-3.566458	-1.487962	 0.322273
-1.872163	-4.456909	-0.498271	-0.633467	-2.841865	-0.498542	-0.457459	-0.496960	 0.205054	-3.308063	-1.482010	 0.322273
-1.864674	-4.439081	-0.498271	-0.630934	-2.830444	-0.498597	-0.831300	-0.497748	 0.205054	-3.672766	-1.476082	 0.322273
-1.857215	-4.421325	-0.498271	-0.628410	-2.819095	-0.498624	-1.015810	-0.498143	 0.205054	-3.847043	-1.470178	 0.322273
-1.849787	-4.403640	-0.498271	-0.625896	-2.807806	-0.498638	-1.105664	 0.001660	 0.205054	-3.426139	-1.464297	 0.322273
-1.842387	-4.386025	-0.498271	-0.623393	-2.796568	-0.498644	-1.148200	 0.250559	 0.205054	-3.209676	-1.458440	 0.322273
-1.835018	-4.368481	-0.498271	-0.620899	-2.785378	-0.498648	-1.167087	 0.375008	 0.205054	-3.095458	-1.452606	 0.322273
-1.827678	-4.351007	-0.498271	-0.618415	-2.774235	-0.498650	-0.674158	 0.437233	 0.205054	-3.532387	-1.446796	 0.322273
-1.820367	-4.333603	-0.498271	-0.615942	-2.763137	-0.498650	-0.427694	 0.468345	 0.205054	-3.742913	-1.441009	 0.322273
-1.813086	-4.316269	-0.498271	-0.113478	-2.752084	-0.498651	-0.804461	 0.483901	 0.205054	-3.340269	-1.435245	 0.322273
-1.805833	-4.299004	-0.498271	 0.137754	-2.741076	-0.498651	-0.990483	 0.491679	 0.205054	-3.133071	-1.429504	 0.322273
-1.798610	-4.281808	-0.498271	-0.236630	-2.730111	 0.001349	-1.081141	 0.495568	 0.205054	-3.523621	-1.423786	 0.322273
-1.791416	-4.264680	-0.498271	-0.422600	-2.719191	 0.250346	-1.124126	 0.497513	 0.205054	-3.711067	-1.418091	 0.322273
-1.784250	-4.247622	-0.498271	-0.514368	-2.708314	-0.125155	-1.143284	-0.001515	 0.205054	-3.296994	-1.412418	 0.322273
-1.777113	-4.230631	-0.498271	-0.559040	-2.697481	-0.311905	-1.150539	-0.250028	 0.205054	-3.084191	-1.406769	 0.322273
-1.770004	-4.213709	-0.498271	-0.580168	-2.686691	-0.405279	-1.151850	-0.374284	 0.205054	-2.972047	-1.401141	 0.322273
-1.762924	-4.196854	-0.498271	-0.589530	-2.675944	-0.451967	-0.650200	 0.063588	 0.205054	-2.910255	-1.395537	 0.322273
-1.755873	-4.180066	-0.498271	-0.593013	-2.665240	-0.475310	-0.399374	 0.281521	 0.205054	-2.873662	-1.389955	 0.322273
-1.748849	-4.163346	-0.498271	-0.593561	-2.654579	 0.013018	-0.773962	 0.390487	 0.205054	-2.849691	-1.384395	 0.322273
-1.741854	-4.146693	-0.498271	-0.592647	-2.643961	 0.256179	-0.958958	 0.444970	 0.205054	-2.832055	-1.378857	 0.322273
-1.734886	-4.130106	-0.498271	-0.591007	-2.633385	-0.122240	-0.549169	-0.027788	 0.205054	-2.817608	-1.373342	 0.322273
-1.727947	-4.113586	-0.498271	-0.589008	-2.622852	-0.310448	-0.344274	-0.263166	 0.205054	-2.804778	-1.367849	 0.322273
-1.721035	-4.097131	-0.498271	-0.086834	-2.612360	-0.404553	-0.741827	 0.119145	 0.205054	-3.292779	-1.362377	 0.322273
-1.714151	-4.080743	-0.498271	 0.164252	-2.601911	-0.451605	-0.938324	 0.309298	 0.205054	-3.529218	-1.356928	 0.322273
-1.707294	-4.064420	-0.498271	 0.289796	-2.591503	-0.475131	-1.034303	 0.404374	 0.205054	-3.639906	-1.351500	 0.322273
-1.700465	-4.048162	-0.498271	-0.147433	-2.581137	-0.486894	-1.080032	-0.048088	 0.205054	-3.687749	-1.346094	 0.322273
-1.693663	-4.031969	-0.498271	-0.364877	-2.570813	-0.492775	-1.100645	-0.273318	 0.205054	-3.704199	-1.340710	 0.322273
-1.686889	-4.015842	-0.498271	 0.027565	-2.560529	 0.004284	-0.608709	 0.114067	 0.705054	-3.204983	-1.335347	 0.322273
-1.680141	-3.999778	-0.498271	 0.223786	-2.550287	 0.251811	-0.362741	 0.306757	 0.952644	-2.949963	-1.330005	 0.322273
-1.673421	-3.983779	-0.498271	 0.321896	-2.540086	-0.124426	-0.239757	-0.096898	 0.574038	-2.817064	-1.324685	 0.322273
-1.666727	-3.967844	-0.498271	 0.370952	-2.529926	-0.311543	-0.178265	-0.297725	 0.384736	-2.745245	-1.319387	 0.322273
-1.660060	-3.951973	-0.498271	-0.104521	-2.519806	-0.405101	-0.647519	 0.101862	 0.290084	-3.203990	-1.314109	 0.322273
-1.653420	-3.936165	-0.498271	-0.341097	-2.509727	-0.451880	-0.879913	 0.300652	 0.242758	-3.426036	-1.308853	 0.322273
-1.646806	-3.920420	-0.498271	-0.458230	-2.499688	-0.475270	-0.993885	 0.400048	 0.219096	-3.529763	-1.303617	 0.322273
-1.640219	-3.904738	-0.498271	-0.515645	-2.489689	-0.486965	-1.048655	-0.050255	 0.207264	-3.574360	-1.298403	 0.322273
-1.633658	-3.889119	-0.498271	-0.543207	-2.479730	-0.492812	-1.073833	-0.274405	 0.201348	-3.589420	-1.293209	 0.322273
-1.627123	-3.873563	-0.498271	-0.555846	-2.469811	-0.495736	-0.584225	 0.113520	 0.198391	-3.089741	-1.288036	 0.322273
-1.620615	-3.858069	-0.498271	-0.561029	-2.459932	-0.497198	-0.339420	 0.306480	 0.196912	-2.834722	-1.282884	 0.322273
-1.614132	-3.342636	-0.498271	-0.562488	-2.450093	 0.002071	-0.217018	-0.097040	 0.696172	-2.702053	-1.277753	 0.322273
-1.607676	-3.079266	-0.498271	-0.562089	-2.440292	 0.250703	-0.155817	-0.297799	 0.943412	-2.630579	-1.272642	 0.322273
-1.601245	-3.441949	-0.498271	-0.560767	-2.430531	-0.124981	-0.625216	 0.101821	 0.564650	-3.089724	-1.267551	 0.322273
