-3.132194	-2.441951	-1.263266	-1.193644	-4.599455	-1.046415	-2.481611	-1.082565	-0.578395	-2.806641	-2.490287	-1.080337
-3.119665	-2.432183	-1.258213	-1.188820	-4.581057	-1.042226	-2.354436	-1.078189	-0.570221	-2.699757	-2.480326	-1.076016
-3.107186	-2.422454	-1.253180	-1.684040	-5.062733	-1.038055	-2.786394	-1.073853	-0.565011	-2.641129	-2.470404	-1.071712
-3.094757	-2.412765	-1.248167	-1.927291	-5.292482	-1.033902	-2.995936	-1.069546	-0.561286	-2.606650	-2.460523	-1.067425
-3.082378	-2.403114	-1.243175	-1.544576	-4.896312	-1.029766	-2.594297	-1.065262	-0.558308	-2.584267	-2.450681	-1.063155
-3.070049	-2.393501	-1.238202	-1.350895	-4.689226	-1.025647	-2.389091	-1.060999	-0.555708	-2.567951	-2.440878	-1.058903
-3.057769	-2.383927	-1.733249	-1.251739	-4.576720	-1.521544	-2.782121	-1.556753	-0.553303	-3.054690	-2.431114	-1.054667
-3.045538	-2.374391	-1.976316	-1.199857	-4.511538	-1.765458	-2.972285	-1.800525	-0.550998	-3.290977	-2.421390	-1.050448
-3.033355	-2.364894	-1.593411	-1.671619	-4.970054	-1.383396	-3.061043	-1.418323	-0.548748	-3.902065	-2.411704	-1.046247
-3.021222	-2.355434	-1.399537	-1.903214	-5.188455	-1.190363	-3.099122	-1.225149	-0.546530	-4.198583	-2.402057	-1.042062
-3.009137	-2.346013	-1.300189	-2.014742	-5.286842	-1.091851	-3.111887	-1.126499	-0.544333	-4.337852	-2.392449	-1.037893
-2.997101	-2.336628	-1.248113	-1.566253	-5.325265	-1.040609	-3.112020	-1.075118	-0.542149	-3.398532	-2.382879	-1.033742
-2.985112	-2.327282	-1.219683	-1.339773	-5.333749	-1.013009	-3.105863	-1.047380	-0.539978	-2.923954	-2.373348	-1.029607
-2.973172	-2.317973	-1.203086	-1.224307	-4.827306	-0.997238	-2.596584	-1.031471	-0.537817	-2.681766	-2.363855	-1.025488
-2.961279	-2.308701	-1.192414	-1.164356	-4.565444	-0.987390	-2.337771	-1.021486	-0.535665	-2.555793	-2.354399	-1.021386
-2.949434	-2.299466	-1.184715	-1.132171	-4.925905	-0.980511	-2.704206	-1.014471	-1.033522	-2.987947	-2.344982	-1.017301
-2.937636	-2.290268	-1.178511	-1.113879	-5.095563	-0.975124	-2.881282	-1.008948	-1.279387	-3.197183	-2.335602	-1.013232
-2.925886	-2.281107	-1.173065	-1.102542	-4.669861	-0.970491	-2.463704	-1.004180	-0.899270	-2.794989	-2.326259	-1.009179
-2.914182	-2.271983	-1.168006	-1.094691	-4.448522	-0.966243	-2.250822	-0.999797	-0.708173	-2.589106	-2.316954	-1.005142
-2.902525	-2.262895	-1.163151	-1.088592	-4.329398	-0.962195	-2.140305	-0.995614	-0.611590	-2.481398	-2.307686	-1.001121
-2.890915	-2.753843	-1.158407	-1.583377	-4.261416	-0.958254	-2.580988	-0.991540	-0.562269	-2.422797	-2.298456	-0.997117
-2.879352	-2.992828	-1.153727	-1.826614	-4.219038	-0.954375	-2.795285	-0.987528	-0.536582	-2.388768	-2.289262	-0.993128
-2.867834	-2.605857	-1.149090	-1.444092	-4.189495	-0.950535	-2.396415	-0.983555	-0.522717	-2.367044	-2.280105	-0.989156
-2.856363	-2.407933	-1.144482	-1.250708	-4.166404	-0.946721	-2.192985	-0.979610	-0.514767	-2.351491	-2.270984	-0.985199
-2.844937	-2.304551	-1.139898	-1.151902	-4.146572	-1.442929	-2.587290	-0.975686	-1.009778	-2.339043	-2.261900	-0.981259
-2.833558	-2.248458	-1.135336	-1.100392	-4.128403	-1.687154	-2.778480	-0.971780	-1.254274	-2.328166	-2.252853	-0.977334
-2.822223	-2.216027	-1.130793	-1.072540	-4.111097	-1.305404	-2.868136	-0.967891	-0.873524	-2.318093	-2.243841	-0.973424
-2.810935	-2.195444	-1.126269	-1.056524	-4.094257	-1.112682	-2.907048	-0.964019	-0.683150	-2.308440	-2.234866	-0.969530
-2.799691	-2.180803	-1.121764	-1.546435	-4.077682	-1.014481	-2.920612	-0.960163	-0.587962	-2.299016	-2.225927	-0.965652
-2.788492	-2.169150	-1.117276	-1.787318	-4.061273	-0.963548	-2.921526	-0.956322	-0.540369	-2.289725	-2.217023	-0.961790
-2.777338	-2.159009	-1.112807	-1.903703	-4.044978	-0.936256	-2.916138	-0.952497	-0.516572	-2.280518	-2.208155	-0.957943
-2.766229	-2.149640	-1.108356	-1.457855	-4.028773	-0.920792	-2.407622	-0.948687	-0.504673	-2.271373	-2.199322	-0.954111
-2.755164	-2.140675	-1.103922	-1.232908	-4.012646	-0.911250	-2.149566	-0.944892	-0.498724	-2.262275	-2.190525	-0.950294
-2.744143	-2.131929	-1.099507	-1.118418	-3.996589	-0.904675	-2.016755	-0.941112	-0.495750	-2.253220	-2.181763	-0.946493
-2.733167	-2.123310	-1.095109	-1.059165	-3.980600	-0.899591	-1.946582	-0.937348	-0.494262	-2.244204	-2.173036	-0.942707
-2.722234	-2.114771	-1.090728	-1.027539	-3.964676	-0.895260	-1.907742	-0.933598	-0.493519	-2.735226	-2.164344	-0.938936
-2.711345	-2.106289	-1.086365	-1.009734	-3.948816	-0.891313	-1.884585	-0.929864	-0.493147	-2.974284	-2.155686	-0.935181
-2.700500	-2.097853	-1.082020	-0.998847	-3.933021	-0.887565	-2.369283	-0.926144	-0.492961	-2.587387	-1.647063	-0.931440
-2.689698	-2.089455	-1.077692	-0.991428	-3.917288	-0.883923	-2.605924	-0.922440	-0.492868	-2.389537	-1.390475	-0.927714
-2.678939	-2.081095	-1.073381	-0.985751	-3.901619	-0.880342	-2.718560	-0.918750	-0.492821	-2.286229	-1.259913	-0.924003
-2.668223	-2.072769	-1.069088	-0.980952	-3.386013	-0.876797	-2.269215	-0.415075	-0.492798	-1.730209	-1.192374	-0.420307
-2.657550	-2.064477	-1.064811	-0.976600	-3.122468	-0.873279	-2.040903	-0.163238	-0.492787	-1.449851	-1.156354	-0.168459
-2.146920	-1.556219	-1.060552	-0.472480	-2.984979	-0.369780	-1.423122	 0.462681	 0.007219	-1.307332	-0.636104	-0.042535
-1.888332	-1.299994	-1.056310	-0.220420	-2.910539	-0.118030	-1.112621	 0.773463	 0.256208	-1.233744	-0.375978	 0.020427
-1.755779	-1.169794	-1.052084	-0.594389	-2.867646	-0.492156	-0.955766	 0.426686	 0.379692	-1.194629	-0.745916	 0.051908
-1.686256	-1.102615	-1.047876	-0.779438	-2.840551	-0.677486	-0.875740	 0.253297	 0.440427	-1.172761	-0.928653	 0.067648
-1.648261	-1.066954	-1.043685	-0.370033	-2.321376	-0.268425	-0.834136	 0.166603	 0.469793	-0.659525	-1.017799	 0.075518
-1.626043	-1.047061	-1.039510	-0.165330	-2.058184	-0.063895	-0.811749	 0.123256	 0.484475	-0.402907	-1.060158	 0.079454
-1.611726	-1.035061	-1.035352	-0.062979	-1.922999	 0.038370	-0.798977	 0.101582	 0.491817	-0.274598	-1.079132	 0.081421
-0.601373	-0.027014	-0.031210	 0.488196	 0.148170	 1.089503	 1.208982	 1.090745	 1.495487	 3.789557	 0.413577	 0.582405
-0.096196	 0.475047	 0.468914	 0.761705	 1.179316	 1.610788	 2.206527	 1.581167	 1.992324	 5.805927	 1.156119	 0.830730
 1.156392	 5.224124	 1.217039	 1.396390	 4.690467	 1.867166	 4.198891	 1.322235	 1.735765	 9.798467	 2.023593	 0.452734
 1.777868	 7.578715	 1.587171	 1.709669	 6.429640	 1.991108	 5.182691	 1.190642	 1.604526	 11.767155	 2.451547	 0.263737
 3.583808	 14.236145	 0.768322	 1.862264	 10.282889	 1.548849	 5.662258	 1.122728	 0.035961	 16.224027	 2.659766	-0.830762
 4.475998	 17.523072	 0.358898	 1.934531	 12.181241	 1.325506	 5.889758	 1.086661	-0.745257	 18.411102	 2.758139	-1.374161
 6.411356	 23.124916	 0.654185	 1.966651	 15.602258	 1.211631	 6.991273	 1.066526	-0.632813	 24.963443	 4.801612	-1.642025
 7.362342	 25.868384	 0.799930	 1.978713	 17.274720	 1.152497	 7.525845	 1.054366	-0.575550	 28.176581	 5.809659	-1.772138
 7.821209	 27.182895	 0.870911	 1.980763	 18.073056	 1.120744	 7.777011	 1.046202	-0.545882	 29.720371	 6.300047	-1.833390
 8.534082	 29.283155	 0.904518	 1.977822	 26.434482	 3.102689	 11.886537	 2.540043	 0.469984	 34.429738	 10.531660	 1.139774
 8.872024	 30.270518	 0.919445	 1.972402	 30.545603	 4.083493	 13.909308	 3.278896	 0.974946	 36.706143	 12.617940	 2.618130
 14.022576	 42.201684	 3.425040	 4.465758	 34.031850	 5.063766	 15.388829	 3.640287	 1.224467	 38.766381	 14.131671	 3.349115
 16.559505	 48.138445	 4.665976	 5.698518	 35.699937	 5.541814	 16.094853	 3.812979	 1.346279	 39.714846	 14.857246	 3.706447
 18.289777	 51.078119	 5.274631	 6.801035	 36.959245	 5.768799	 16.414263	 3.891354	 1.404249	 40.607752	 15.688868	 3.876986
 19.114873	 52.523805	 5.567191	 7.336487	 37.512461	 5.870300	 16.540501	 3.922602	 1.430310	 41.030054	 16.071638	 3.954160
 19.487541	 54.222593	 5.701752	 7.588469	 38.212938	 5.909106	 16.570287	 3.430318	 1.940427	 41.217151	 15.730114	 3.484684
 19.634154	 55.048230	 5.757360	 7.698779	 38.485350	 5.916614	 16.551979	 3.178300	 2.190585	 41.286941	 15.528575	 3.243916
 19.667900	 55.437385	 5.773538	 7.738316	 38.544040	 5.908519	 16.509758	 3.046439	 2.310782	 41.298173	 15.397152	 3.117526
 19.645369	 55.608394	 5.770047	 7.742528	 38.496180	 5.892671	 16.455713	 3.474679	 1.866019	 41.280221	 15.800908	 3.548348
 19.594858	 55.670024	 5.756769	 7.729141	 38.395353	 5.872994	 16.395886	 3.680993	 1.640795	 41.247370	 15.970377	 3.755801
 19.530514	 55.677060	 6.238643	 7.707016	 38.268351	 5.851448	 16.833301	 4.276376	 1.525352	 41.207166	 16.022832	 3.351601
 19.459409	 55.656495	 6.466139	 7.680584	 38.128567	 5.829016	 17.017467	 4.564323	 1.464810	 41.162981	 16.016909	 3.143606
 19.885080	 55.622225	 6.566499	 8.152059	 37.982697	 5.806186	 17.075147	 4.698593	 1.931731	 40.616901	 14.981926	 2.533738
 20.057294	 55.576085	 6.603346	 8.370550	 37.834089	 5.783205	 17.069721	 4.756062	 2.160394	 40.263719	 14.436540	 2.224956
 20.102942	 56.024126	 6.608489	 8.462617	 37.684414	 5.760194	 17.032880	 4.275169	 1.769948	 40.507307	 14.136065	 2.566732
 20.085469	 56.219373	 6.597833	 8.491542	 37.534507	 5.737214	 16.980467	 4.027134	 1.571965	 40.547600	 13.958156	 2.731803
 19.972185	 56.294278	 7.056958	 8.470701	 37.735452	 6.191453	 16.856652	 3.822243	 1.416620	 40.375204	 13.755933	 1.841146
 19.900164	 56.268636	 7.280702	 8.444665	 37.834614	 6.416695	 16.791191	 3.778087	 1.387090	 40.238993	 13.685739	 1.355698
 19.824497	 55.727318	 7.377566	 8.914809	 37.808328	 6.516032	 16.725008	 4.248541	 1.869611	 40.090683	 13.623411	 1.611234
 19.747165	 55.427549	 7.411049	 9.131112	 37.719621	 6.552470	 16.658599	 4.474330	 2.106166	 39.936642	 13.565125	 1.735269
 19.669160	 55.748671	 7.412901	 8.720568	 37.600005	 6.557511	 16.592211	 4.077825	 1.719759	 39.780057	 13.508968	 1.793567
 19.590975	 55.880899	 7.398998	 8.498676	 37.465237	 6.546906	 16.525965	 3.872209	 1.523888	 39.622517	 13.453984	 1.819013
 19.512857	 55.918795	 7.377276	 8.371177	 37.323191	 6.528531	 16.459922	 4.262068	 1.423297	 39.464818	 13.399694	 1.828047
 19.434929	 55.909455	 7.351704	 8.290940	 37.177806	 6.506324	 16.394113	 4.447694	 1.370356	 39.307354	 13.345858	 1.828889
 19.357250	 55.876610	 7.324265	 8.234400	 37.031049	 6.482252	 16.328552	 4.531240	 1.341251	 39.150322	 13.292356	 1.825651
 19.279852	 55.832125	 7.295953	 8.189774	 36.883902	 5.957299	 16.263245	 4.563784	 1.324074	 38.993819	 13.239127	 1.820388
 19.202748	 55.782115	 7.267261	 8.151171	 36.736855	 5.683958	 16.198196	 4.570863	 1.312872	 38.837893	 13.186141	 1.814125
 19.125945	 55.729453	 6.738438	 7.615644	 36.590152	 6.036467	 16.133405	 4.065247	 1.304667	 38.182566	 13.133382	 2.307379
 19.049445	 55.675939	 6.461607	 7.333721	 36.443913	 6.199943	 16.068873	 3.805319	 1.297972	 37.779849	 13.080841	 2.548404
 18.973249	 55.122109	 6.310822	 7.178655	 36.298198	 6.268954	 16.004598	 4.168265	 1.792042	 38.503735	 14.528514	 3.663338
 18.897357	 54.816591	 6.223110	 7.087075	 36.153036	 6.290784	 15.940580	 4.340675	 2.034504	 38.787223	 15.220398	 4.211248
 18.321768	 55.135345	 6.666983	 8.027295	 36.008439	 6.289073	 16.376817	 4.417854	 1.651182	 38.350826	 14.034515	 2.975685
 17.998481	 55.267258	 6.874697	 8.479469	 35.864413	 6.275643	 16.561310	 4.447453	 1.456985	 38.056799	 13.415877	 2.354423
 17.801487	 55.305859	 6.464390	 8.187693	 35.720959	 5.756404	 16.120065	 4.453299	 1.857361	 37.834259	 14.080963	 3.540326
 17.667782	 55.297551	 6.247128	 8.026013	 35.578077	 5.486310	 15.868085	 4.447304	 2.053033	 37.647766	 14.384014	 4.123825
 17.565860	 55.265898	 6.126437	 7.929445	 35.435766	 5.340831	 15.710862	 4.435423	 2.146372	 37.479597	 14.506165	 4.406160
 17.479972	 54.722684	 6.054081	 7.865494	 34.794024	 5.257700	 15.601144	 4.420636	 2.188562	 36.820890	 13.537985	 2.537950
 17.402240	 54.425252	 6.005939	 7.817916	 34.404848	 5.205786	 15.515302	 4.404431	 2.205196	 36.419212	 13.028754	 1.602506
 17.328724	 54.250815	 5.969952	 6.778587	 34.142228	 5.169521	 14.941522	 3.887552	 1.709069	 36.146338	 12.249100	 1.133449
 17.257456	 54.139069	 5.940091	 6.247443	 33.943160	 5.141122	 14.625896	 3.622371	 1.458579	 35.938154	 11.836334	 0.897593
 17.687450	 54.058767	 5.413340	 5.970439	 33.276137	 3.616697	 10.439463	 1.983066	-0.669081	 26.762602	 6.607104	-0.721659
 17.866212	 54.001920	 5.140191	 5.820550	 32.877407	 2.850300	 8.333741	 1.163413	-1.727318	 22.139652	 3.989734	-1.526604
 10.919503	 39.956868	 2.493883	 3.234264	 22.113085	 1.462934	 6.268423	 0.753587	-1.750866	 17.293143	 2.178303	-1.424412
 7.438203	 32.882518	 1.170729	 1.939825	 16.708227	 0.769250	 5.227358	 0.548674	-1.759091	 14.844996	 1.272588	-1.370673
 5.689639	 29.293727	 0.509151	 1.291315	 13.983191	 0.422409	 4.698453	 0.446217	-1.759668	 13.596128	 0.819731	-1.341169
 4.307475	 22.447921	 0.178363	 0.465774	 8.598156	 0.248988	 3.425662	 0.394989	-1.256437	 8.947000	 0.093302	-0.823793
 3.610542	 18.993814	 0.012969	 0.053004	 5.899213	 0.162278	 2.784960	 0.369375	-1.003315	 6.613840	-0.268646	-0.565106
 1.756249	 14.235681	-0.069728	-0.153381	 3.043341	 0.118923	 1.960321	 0.356568	-0.375253	 1.438699	-1.448359	-0.435762
 0.829102	 11.837660	-0.111077	-0.256574	 1.615405	 0.097245	 1.545730	 0.350164	-0.061222	-1.141399	-2.032959	-0.371090
-1.634471	 4.119770	-0.631751	-0.808170	-3.098564	-0.413594	-1.163828	-0.153037	-0.404207	-4.424005	-2.820024	-0.338754
-2.858062	 0.268021	-0.889784	-1.081249	-5.439922	-0.667164	-2.510860	-0.403326	-0.574205	-6.049895	-3.206343	-0.322586
-3.961694	-2.650686	-1.016504	-1.215079	-7.595039	-0.792108	-3.176660	-1.027163	-0.657716	-7.347488	-3.392316	-0.314502
-4.503379	-4.098901	-1.077578	-1.279297	-8.653098	-0.852746	-3.501876	-1.335779	-0.697988	-7.978994	-3.478147	-0.310460
-4.764132	-4.811914	-1.105838	-1.308719	-9.162704	-0.881238	-3.656829	-1.486799	-0.716648	-8.277527	-3.513934	-0.308439
-4.884458	-5.157370	-1.617699	-1.820753	-9.898163	-1.393665	-4.226682	-1.559033	-1.224508	-8.909641	-4.024728	-0.807429
-4.934612	-5.319093	-1.869371	-2.072105	-10.244625	-1.646066	-4.502016	-1.591887	-1.474973	-9.206614	-4.271054	-1.054311
-4.949719	-5.388993	-1.990965	-2.193134	-10.896674	-1.768469	-4.630128	-2.105065	-1.596754	-9.336094	-4.385182	-1.175149
-4.947343	-5.413025	-2.047536	-2.249020	-11.199601	-1.825890	-4.684667	-2.356417	-1.654208	-9.381902	-4.433248	-1.232976
-4.936266	-5.414167	-2.071614	-2.272353	-10.828060	-1.850833	-4.702459	-1.976878	-1.179511	-9.385951	-4.448318	-1.259309
-4.920876	-5.403907	-2.079461	-2.279428	-10.621376	-1.859553	-4.701914	-1.783914	-0.940753	-9.369196	-4.446926	-1.269903
-4.903371	-5.387990	-2.079211	-2.778393	-10.497204	-1.860177	-5.192239	-1.684250	-1.319971	-9.342113	-4.437339	-1.272640
-4.884846	-5.369287	-2.074927	-3.021321	-10.414373	-1.856767	-5.426036	-1.631248	-1.506181	-9.309942	-4.423691	-1.271457
-4.865851	-5.349235	-2.068644	-2.636256	-10.352294	-1.851355	-5.031615	-1.601591	-1.595901	-8.775300	-3.408046	-1.268325
-4.846660	-5.328550	-2.061378	-2.439221	-10.300674	-1.844957	-4.825130	-1.583619	-1.637390	-8.491498	-2.895439	-1.264229
-4.827409	-5.307592	-2.053637	-2.336220	-10.254366	-1.838082	-4.712650	-1.571501	-1.654777	-8.333182	-2.634370	-1.259661
-4.808168	-5.286540	-2.045674	-1.780252	-10.210796	-1.830981	-4.647210	-1.062324	-1.160126	-7.237674	-2.499088	-0.754866
-4.788969	-5.265483	-2.037618	-1.499820	-10.168676	-1.823783	-4.605327	-0.806629	-0.911469	-6.677636	-2.426720	-0.502469
-4.769830	-5.244465	-2.029530	-1.357165	-10.127363	-1.816551	-4.575258	-0.677679	-0.785815	-7.885382	-2.885827	-0.376270
-4.750759	-5.223510	-2.021444	-1.283409	-10.086535	-1.809316	-4.551133	-0.612107	-0.721668	-8.471068	-3.108691	-0.313171
-4.731761	-5.202627	-2.013374	-1.744111	-10.046029	-1.802095	-4.530017	-1.578228	-0.688279	-8.245798	-3.213460	-0.281621
-4.712836	-5.181822	-2.005328	-1.970053	-10.005765	-1.794894	-4.510441	-2.056200	-0.670275	-8.117122	-3.259208	-0.265847
-4.693985	-5.161097	-1.997311	-2.078632	-9.965702	-1.787719	-4.991671	-1.790117	-0.659969	-8.036807	-3.275472	-0.757959
-4.675210	-5.140454	-1.989323	-2.128547	-9.925819	-1.780570	-5.221340	-1.654028	-0.653516	-7.980736	-3.277020	-1.001515
-4.656509	-5.119893	-1.981367	-2.149147	-9.886106	-1.773448	-5.325273	-1.582948	-0.648996	-7.936852	-3.271238	-1.120803
-4.637884	-5.099414	-1.973442	-2.155108	-9.846557	-1.766355	-4.866381	-1.544384	-0.645447	-7.899123	-3.261815	-0.677967
-4.619332	-5.079016	-1.965548	-2.153766	-9.807168	-1.759290	-4.628120	-1.522090	-0.642388	-7.864537	-3.250599	-0.456549
-4.600855	-5.058700	-1.957686	-2.148790	-9.767938	-1.752253	-4.500210	-1.507943	-0.639580	-8.331583	-3.238513	-0.845840
-4.582451	-5.038466	-1.949856	-2.142015	-9.728866	-1.745244	-4.427510	-1.497883	-0.636903	-8.547509	-3.226016	-1.038015
-4.564122	-5.018312	-1.942056	-2.134357	-9.689950	-1.738263	-4.882450	-1.489877	-1.134296	-8.137945	-3.213341	-0.631642
-4.545865	-4.998239	-1.934288	-2.126274	-9.651190	-1.731310	-5.099246	-1.482910	-1.379729	-7.917707	-3.200602	-0.428456
-4.527682	-4.978246	-1.926551	-2.117997	-9.612585	-1.724385	-4.697012	-1.476475	-0.999195	-7.792192	-3.187857	-0.826863
-4.509571	-4.958333	-1.918845	-2.109638	-9.574135	-1.717487	-4.487305	-1.470317	-0.807691	-7.714102	-3.175134	-1.023616
-4.491533	-4.938499	-1.911169	-2.101257	-9.535838	-1.710617	-4.373896	-1.464310	-0.710706	-7.659785	-3.162448	-1.119551
-4.473567	-4.918745	-1.903525	-2.092880	-9.497695	-1.703775	-4.308671	-1.458390	-0.660986	-8.117415	-3.649805	-0.665088
-4.455672	-4.899070	-1.895911	-2.084523	-9.459704	-1.696960	-4.267572	-1.452524	-0.634904	-8.329080	-3.885210	-0.437857
-4.437850	-4.879474	-1.888327	-2.076192	-9.421865	-1.690172	-4.238569	-1.446699	-0.620645	-7.917831	-3.494671	-0.824241
-4.420098	-4.859956	-1.880774	-2.067891	-9.384178	-1.683411	-4.215648	-1.440904	-0.612303	-7.697194	-3.293193	-1.015012
-4.402418	-4.840516	-1.873251	-2.059621	-9.346641	-1.676678	-4.695803	-1.435136	-0.606924	-7.571922	-3.686271	-1.107986
-4.384808	-4.821154	-1.865758	-2.051383	-9.309255	-1.669971	-4.925528	-1.429394	-0.603031	-7.494393	-3.874651	-1.152071
-4.867269	-4.801870	-1.858295	-2.043178	-9.772018	-1.663291	-5.030080	-1.923675	-1.099887	-7.440794	-3.960715	-1.171721
-5.097800	-4.782662	-1.850861	-2.035006	-9.982929	-1.656638	-5.072087	-2.165980	-1.345121	-7.399221	-3.995653	-1.179163
-5.202409	-4.763532	-1.843458	-2.026866	-10.067998	-1.650011	-5.082862	-2.282316	-1.464558	-7.363719	-4.005061	-1.180511
-5.244099	-4.744477	-1.836084	-2.018758	-9.590226	-1.643411	-5.078062	-2.335687	-1.021108	-7.831311	-4.001736	-1.178821
-5.254373	-4.725500	-1.828740	-2.010683	-9.333115	-1.636838	-5.065516	-2.357594	-0.798228	-8.048510	-3.992077	-1.175622
-4.748980	-5.206598	-1.821425	-2.002641	-9.186407	-1.630290	-5.049137	-1.863788	-1.185637	-8.140577	-3.979283	-1.171678
-4.487797	-5.435771	-1.814139	-1.994630	-9.094974	-1.623769	-5.030882	-1.614146	-1.376195	-8.170146	-3.964952	-1.167370
-4.848752	-5.039028	-1.806883	-2.486651	-9.031251	-2.117274	-5.011729	-1.486595	-1.468341	-8.168531	-3.949886	-1.162890
-5.018810	-4.831372	-1.799655	-2.726705	-8.981454	-2.358805	-4.992167	-1.420102	-1.511293	-8.151389	-3.934483	-1.158333
-5.093461	-5.218296	-1.792456	-2.340798	-9.438692	-1.974370	-4.972441	-1.384148	-1.529660	-8.126550	-3.918944	-1.153747
-5.120451	-5.400548	-1.785287	-2.143935	-9.647519	-1.778972	-4.952673	-1.363475	-1.535748	-8.097927	-3.903367	-1.149156
-5.123650	-5.480509	-1.778145	-2.041609	-9.732220	-1.678106	-4.932923	-1.350453	-1.535708	-8.067477	-3.887803	-1.144571
-5.114997	-5.009368	-1.771033	-1.986568	-9.254937	-1.624519	-4.913222	-1.341267	-1.032617	-7.536178	-3.872277	-1.139999
-5.100457	-4.764721	-1.763949	-1.955184	-8.998740	-1.594583	-4.893584	-1.334010	-0.780012	-7.256519	-3.856800	-1.135442
-4.583015	-4.633357	-1.756893	-2.435644	-8.853156	-1.576486	-4.874017	-1.327727	-0.652655	-7.602735	-3.841379	-1.130902
-4.316164	-4.558672	-1.749865	-2.670042	-8.762949	-1.564321	-4.854525	-1.321944	-0.587926	-7.759946	-3.826017	-1.126379
-4.674639	-5.012361	-1.742866	-2.281433	-8.700500	-1.555134	-4.835109	-1.316419	-1.054515	-7.322717	-3.810714	-1.121874
-4.843810	-5.228273	-1.735894	-2.083342	-8.652000	-1.547449	-4.815769	-1.311035	-1.284767	-7.090331	-3.795472	-1.117386
-4.918370	-5.825341	-1.728951	-2.480526	-8.610543	-1.540526	-4.796507	-1.305732	-1.396863	-6.960422	-3.780290	-1.112917
-4.945664	-6.111030	-1.722035	-2.673363	-8.572676	-1.533998	-4.777321	-1.300480	-1.449893	-6.881807	-3.765169	-1.108465
-4.949365	-6.241081	-1.715147	-2.764049	-8.536673	-1.527679	-4.758212	-1.295263	-1.473403	-6.828893	-3.750109	-1.104031
-4.441310	-5.293365	-1.708286	-2.303682	-8.501670	-1.521477	-4.739179	-1.290074	-1.482163	-6.788884	-3.735109	-1.099615
-4.179415	-4.810815	-1.701453	-2.069812	-8.467235	-1.515345	-4.720222	-1.284910	-1.483562	-6.755382	-3.720168	-1.095217
-4.540633	-4.560884	-1.694647	-1.949206	-8.433152	-1.509261	-4.701341	-1.279769	-1.481291	-7.225187	-3.705287	-1.090836
-4.711438	-4.427296	-1.687869	-1.885245	-8.399312	-1.503212	-4.682536	-1.274649	-1.477198	-7.444699	-3.690466	-1.086473
-4.787076	-4.351915	-1.681117	-1.849622	-8.365662	-1.497194	-4.663806	-1.269550	-0.972205	-7.039127	-3.675704	-1.082127
-4.815170	-4.305671	-1.674393	-1.828183	-8.332172	-1.491202	-4.645151	-1.264471	-0.719709	-6.823074	-3.661002	-1.077798
-4.819530	-4.774030	-1.667695	-1.813850	-8.298830	-1.485236	-4.626570	-1.259413	-0.593460	-6.701833	-3.646358	-1.073487
-4.812063	-4.997725	-1.661024	-1.803084	-8.265628	-1.479294	-4.608064	-1.254376	-0.530336	-6.628052	-3.631772	-1.069193
-4.798720	-5.099130	-1.654380	-1.794116	-8.232562	-1.473377	-4.589631	-1.249358	-0.498774	-6.578053	-3.617245	-1.064916
-4.782478	-4.639431	-1.647763	-1.786062	-8.199630	-1.467483	-4.571273	-1.244361	-0.482993	-6.539997	-3.602776	-1.060657
-4.764824	-4.401222	-1.641172	-1.778479	-8.166831	-1.461613	-4.552988	-1.239383	-0.475103	-6.507965	-3.588365	-1.056414
-4.746503	-4.273792	-1.634607	-1.771146	-8.134163	-1.455766	-4.534776	-1.734426	-0.471157	-6.478997	-3.574012	-1.052188
-4.727886	-4.201784	-1.628069	-1.763952	-8.101626	-1.449943	-4.516637	-1.977488	-0.469185	-6.451614	-3.559716	-1.047980
-4.709159	-4.157520	-1.621556	-1.756841	-8.069220	-1.444143	-4.498570	-2.094578	-0.968199	-6.925073	-3.545477	-1.043788
-4.690414	-4.127162	-1.615070	-1.749786	-8.036943	-1.438367	-4.480576	-2.148700	-1.214771	-7.147006	-3.531295	-1.039613
-4.671699	-4.103789	-1.608610	-2.242773	-8.004795	-1.432613	-4.462654	-1.671355	-0.835134	-6.743234	-3.517170	-1.035454
-4.653035	-4.083942	-1.602175	-2.483796	-7.972776	-1.426883	-4.444803	-1.430295	-0.645316	-6.528670	-3.503101	-1.031312
-4.634435	-4.065890	-1.595767	-2.598857	-7.940885	-1.421175	-4.427024	-1.307386	-0.550407	-6.408759	-3.489088	-1.027187
-4.615903	-4.048769	-1.589384	-2.150960	-7.909121	-1.415491	-4.409316	-1.243563	-1.002953	-6.336226	-3.475132	-0.523078
-4.597442	-4.032145	-1.583026	-1.923605	-7.877485	-1.409829	-4.391678	-1.209291	-1.226314	-6.287432	-3.461232	-0.271024
-4.079054	-4.015802	-1.576694	-2.306535	-7.845975	-1.404189	-3.874112	-1.189806	-0.835096	-6.250558	-3.447387	-0.644997
-3.812738	-3.999631	-1.570387	-2.492621	-7.814591	-1.398573	-3.608615	-1.177722	-0.639487	-6.219694	-3.433597	-0.829945
-4.172487	-3.983579	-1.564106	-2.080307	-7.783333	-1.392978	-3.469181	-1.169349	-0.541682	-6.191884	-2.919863	-0.920390
-4.343298	-3.967618	-1.557849	-1.870814	-7.752199	-1.387406	-3.392804	-1.162841	-0.492780	-6.165651	-2.658183	-0.963590
-3.919675	-3.951734	-1.551618	-1.762745	-7.721190	-1.381857	-3.847983	-0.657274	-0.468328	-6.140255	-2.522551	-0.983177
-3.700871	-3.935920	-1.545411	-1.705401	-7.690306	-1.376329	-4.066966	-0.404491	-0.456103	-6.115328	-2.449960	-0.990965
-3.584505	-3.920173	-1.539230	-1.673433	-7.659544	-1.370824	-4.167886	-0.278099	-0.449990	-6.090683	-2.408910	-0.992861
-3.519386	-3.904491	-1.533073	-1.654166	-7.628906	-1.365341	-4.209808	-0.714903	-0.446934	-6.066229	-2.883650	-0.991820
-3.479918	-3.888872	-1.526941	-1.641262	-7.598391	-1.359879	-4.222265	-0.931002	-0.445406	-6.041918	-3.114303	-0.989318
-3.453303	-3.873316	-1.520833	-1.631554	-7.567997	-1.354440	-3.720025	-1.036757	-0.444641	-6.017728	-3.222939	-0.986093
-3.433142	-3.857823	-1.514749	-1.623456	-7.537725	-1.349022	-3.462469	-1.087349	-0.444259	-5.993645	-3.270594	-0.982515
-3.916235	-3.842391	-1.508690	-1.616176	-7.507574	-1.343626	-3.327281	-1.110370	-0.444068	-5.969665	-3.287785	-0.978768
-4.148983	-3.827022	-1.502656	-1.609319	-7.477544	-1.338252	-3.253303	-1.119613	-0.443973	-5.945783	-3.289771	-0.974944
-4.256594	-3.811714	-1.496645	-1.602685	-7.447634	-1.332899	-3.709955	-1.121977	-0.443925	-5.921999	-3.284180	-0.971090
-4.301671	-3.796467	-1.490658	-1.596176	-7.417843	-1.327567	-3.929948	-1.120911	-0.443901	-5.898310	-3.274828	-0.967229
-4.315516	-3.781281	-1.484696	-1.589742	-7.388172	-1.322257	-4.031645	-1.118137	-0.443889	-5.874717	-3.263621	-0.963371
-4.313780	-3.766156	-1.478757	-1.583359	-7.358619	-1.316968	-4.074227	-1.114520	-0.443883	-5.851217	-3.251512	-0.959524
-4.304287	-3.751091	-1.472842	-1.577013	-7.329185	-1.311700	-4.087284	-1.110490	-0.443880	-5.827813	-3.238979	-0.955688
-3.790952	-3.736087	-1.466951	-1.570699	-7.299868	-1.306453	-4.085612	-1.106262	-0.443879	-5.804501	-3.226260	-0.951867
-3.527729	-3.721142	-1.461083	-1.564413	-7.270668	-1.301227	-4.076608	-1.101944	-0.443878	-5.781283	-3.213473	-0.948060
-3.889588	-3.706258	-1.455239	-2.058154	-7.241586	-1.296022	-3.563971	-1.097589	-0.443878	-6.258158	-3.200678	-0.944268
-4.062015	-3.691433	-1.449418	-2.299920	-7.212619	-1.290838	-3.301549	-1.093226	-0.443877	-6.483125	-3.187905	-0.940492
-4.139760	-3.676667	-1.443620	-1.915720	-7.183769	-1.285675	-3.164260	-1.088866	-0.443877	-6.082193	-3.175168	-0.936730
-4.170197	-3.661960	-1.437845	-1.720557	-7.155034	-1.280532	-3.089562	-1.084517	-0.443877	-5.870364	-3.162475	-0.932983
-4.177014	-3.647313	-1.432094	-1.619925	-7.126414	-1.275410	-3.046183	-1.080183	-0.443877	-5.753133	-3.149829	-0.929251
-4.172055	-3.632723	-1.426366	-1.566570	-7.097908	-1.270308	-3.018488	-1.075863	-0.443877	-5.683245	-3.137231	-0.425534
-4.161241	-3.618192	-1.420660	-1.536866	-7.069516	-1.265227	-2.998659	-1.071561	-0.443877	-5.637075	-3.124683	-0.173675
-3.647534	-4.603720	-1.414978	-1.519000	-7.041238	-1.260166	-2.982787	-1.067275	-0.443877	-5.602808	-3.112185	-0.547746
-3.384412	-5.085305	-1.409318	-1.507065	-7.013073	-1.255126	-2.968917	-1.063006	-0.443877	-5.574537	-3.099736	-0.732938
-3.746609	-5.314964	-1.403680	-1.498107	-6.985021	-1.750105	-3.456072	-1.058754	-0.443877	-5.549309	-3.087338	-0.823697
-3.919490	-5.418704	-1.398066	-1.490650	-6.957081	-1.993105	-3.691763	-1.054519	-0.443877	-5.525647	-3.074988	-0.867248
-3.997745	-4.459529	-1.392473	-1.483955	-6.929253	-1.610132	-3.801753	-1.050301	-0.443877	-5.502812	-3.062688	-0.887202
-4.028721	-3.972941	-1.386904	-1.477653	-6.901536	-1.416192	-3.848925	-1.046100	-0.443877	-5.480435	-3.050438	-0.895365
-4.036090	-3.722674	-1.381356	-1.471559	-6.873930	-1.316777	-3.864719	-1.041916	-0.443877	-5.458330	-3.038236	-0.897639
-4.031687	-3.590596	-1.375830	-1.465581	-6.846434	-1.264635	-3.864855	-1.037748	-0.443877	-5.936405	-3.026083	-0.896976
-4.021431	-3.517640	-1.370327	-1.459673	-6.819048	-1.236139	-3.857193	-1.033597	-0.443877	-6.162614	-3.013979	-0.894852
-4.008281	-3.974272	-1.364846	-1.453811	-6.791772	-1.219475	-3.845663	-1.529463	-0.443877	-5.762940	-3.001923	-0.892005
-3.993715	-4.193727	-1.359386	-1.447985	-6.764605	-1.208738	-3.832229	-1.773345	-0.443877	-5.552377	-2.989915	-0.888803
-3.978474	-4.294628	-1.353949	-1.442187	-6.737546	-1.700974	-3.817875	-1.891251	-0.943877	-5.436412	-2.977955	-0.885431
-3.962927	-4.336287	-1.348533	-1.436415	-6.710596	-1.942705	-3.803091	-1.946186	-1.190990	-5.367788	-2.966044	-0.881980
-3.947259	-4.348361	-1.343139	-1.430668	-7.183754	-1.559202	-3.788122	-1.969652	-1.311669	-5.322878	-2.954179	-0.878498
-3.931562	-4.345677	-1.337766	-1.424945	-7.405019	-1.365099	-3.773091	-1.977398	-1.369145	-5.289867	-2.942363	-0.875007
-3.915881	-3.835649	-1.332415	-1.919245	-7.000399	-1.265705	-3.758060	-1.477301	-1.395029	-5.762848	-2.930593	-0.871519
-3.900241	-3.573984	-1.327086	-2.161568	-6.784897	-1.213676	-3.743058	-1.225298	-1.405129	-5.986867	-2.918871	-0.868038
-3.884651	-3.436526	-1.321777	-2.277921	-6.664008	-1.185338	-3.728101	-1.097350	-1.407349	-6.086454	-2.907195	-0.864569
-3.869118	-3.861200	-1.316490	-1.831310	-6.590477	-1.168855	-3.713196	-1.031437	-0.905640	-5.623876	-2.895567	-0.861112
-3.853645	-4.064964	-1.311224	-1.605234	-6.540677	-1.158308	-3.698347	-0.996550	-0.654785	-5.382264	-2.883984	-0.857668
-3.838232	-3.658309	-1.305979	-1.989438	-7.002796	-1.150740	-3.683556	-0.977183	-1.029358	-5.751177	-2.872448	-0.854238
-3.822879	-3.448479	-1.300755	-2.176793	-7.218925	-1.144669	-3.668823	-0.965583	-1.213836	-5.923393	-2.860959	-0.850821
-3.807588	-3.837086	-1.295552	-1.765742	-6.812120	-1.139357	-3.654148	-0.957876	-1.303279	-5.997310	-2.849515	-0.847418
-3.792358	-4.022938	-1.290370	-1.557507	-6.595906	-1.134432	-3.639532	-0.952122	-1.345215	-6.022126	-2.838117	-0.844028
-3.777189	-3.607447	-1.285209	-1.950691	-6.475040	-1.629711	-3.624973	-0.947352	-0.863409	-5.522440	-2.826764	-0.840652
-3.762080	-3.393317	-1.280068	-2.142596	-6.401899	-1.873101	-3.610474	-0.943082	-0.622505	-5.262552	-2.815457	-0.837290
-3.747032	-3.279894	-1.274948	-2.233879	-6.352671	-1.990562	-3.596032	-0.939069	-0.502054	-5.122602	-2.804195	-0.833941
-3.732044	-3.216849	-1.269848	-2.274870	-6.315450	-2.045077	-3.581648	-0.935193	-0.941828	-5.542662	-2.792979	-0.830605
-3.717116	-3.179020	-1.264768	-2.290734	-6.284283	-2.068135	-3.567321	-0.931392	-1.158952	-5.740767	-2.781807	-0.827282
-3.702247	-3.153822	-1.759709	-2.294053	-6.256193	-1.575482	-3.553052	-1.427636	-1.264762	-5.327941	-2.770679	-0.823973
-3.687438	-3.134966	-2.002671	-2.291117	-6.229692	-1.326990	-3.538840	-1.671911	-1.314925	-5.111698	-2.759597	-0.820677
-3.672688	-3.119306	-1.619660	-2.285073	-6.704035	-1.700587	-3.524684	-1.290216	-0.837277	-5.493786	-2.748558	-0.817395
-3.657998	-3.105269	-1.425681	-2.277493	-6.926850	-1.883237	-3.510586	-1.097551	-0.598453	-5.673078	-2.737564	-0.814125
-3.643366	-3.592068	-1.326229	-1.769163	-6.523958	-1.970430	-3.496543	-0.999409	-0.979041	-5.751019	-2.726614	-0.810869
-3.628792	-3.827309	-1.274049	-1.512477	-6.310270	-2.009911	-3.482557	-0.948535	-1.166616	-5.778332	-2.715707	-0.807625
-3.614277	-3.936805	-1.245515	-1.381622	-6.191233	-2.025553	-3.468627	-0.921303	-1.257695	-5.780377	-2.704845	-0.804395
-3.599820	-3.483460	-1.228814	-1.813693	-6.119570	-2.029292	-3.454752	-0.905899	-1.300537	-5.769835	-2.694025	-0.801177
-3.585421	-3.250728	-1.218039	-2.025237	-6.071642	-2.027095	-3.440933	-0.896416	-1.319271	-5.753045	-2.683249	-0.797972
-3.571079	-3.628325	-1.210238	-2.126535	-6.035631	-1.521947	-3.427170	-1.389901	-1.325962	-5.233178	-2.672516	-0.794780
-3.556795	-3.809112	-1.203932	-2.172729	-6.005627	-1.267339	-3.413461	-1.632876	-1.326642	-4.963817	-2.661826	-0.791601
-3.542567	-3.891526	-1.198384	-2.191388	-5.978673	-1.638010	-3.399807	-1.750612	-1.324328	-5.319748	-2.651179	-0.788435
-3.528397	-3.924785	-1.193224	-2.196297	-5.953293	-1.819328	-3.386208	-1.805743	-1.320526	-5.486362	-2.640574	-0.785281
-3.514284	-3.433498	-1.188268	-2.194349	-6.428747	-1.405985	-3.372663	-1.329587	-1.315992	-5.558363	-2.630012	-0.782140
-3.500226	-3.181971	-1.183423	-2.188991	-6.652665	-1.197329	-3.359172	-1.089802	-1.311102	-5.583103	-2.619492	-0.779012
-3.486225	-3.050346	-1.178644	-2.181944	-6.750871	-1.091023	-3.345736	-0.968210	-1.306045	-5.584258	-2.609014	-0.775895
-3.472281	-3.478696	-1.173906	-2.174071	-6.786276	-1.035901	-3.332353	-0.905720	-1.300914	-5.573664	-2.598578	-0.772792
-3.458391	-3.685057	-1.169199	-2.165802	-6.790335	-1.006379	-3.319023	-0.872789	-1.295757	-5.557241	-2.588183	-0.769701
-3.444558	-3.780455	-1.164517	-2.157353	-6.278776	-0.989664	-3.305747	-1.354644	-1.290598	-5.537948	-2.577831	-0.766622
-3.430780	-3.820402	-1.159856	-2.148830	-6.011462	-0.979360	-3.292524	-1.591898	-1.285447	-5.517264	-2.567519	-0.763555
-3.417057	-3.332655	-1.155215	-2.140288	-5.866317	-1.472270	-3.279354	-1.706867	-1.280311	-4.995929	-2.557249	-0.760501
-3.403388	-3.083091	-1.150593	-2.131754	-5.782302	-1.714795	-3.266237	-1.760708	-1.275193	-4.726312	-2.547020	-0.757459
-3.389775	-3.452643	-1.145991	-2.123240	-6.228898	-1.832143	-3.253172	-1.283999	-1.270093	-5.082590	-2.536832	-0.754429
-3.376216	-3.629774	-1.141407	-2.114754	-6.438845	-1.886918	-3.240159	-1.044030	-1.265014	-5.249852	-2.526685	-0.751412
-3.362711	-3.710726	-1.136841	-2.106298	-6.530521	-1.910422	-3.227198	-0.922438	-1.259954	-5.322648	-2.516578	-0.748406
-3.349260	-3.743618	-1.132293	-2.097874	-6.063114	-1.918306	-3.214290	-0.860040	-0.754914	-5.348255	-2.506512	-0.745412
-3.335863	-3.752512	-1.127764	-2.089484	-5.818220	-1.918396	-3.201432	-0.827245	-0.502395	-5.350311	-2.496486	-0.742431
-3.322519	-3.249435	-1.123253	-1.581126	-6.184626	-1.414603	-3.188627	-0.809259	-0.876135	-4.840635	-2.486500	-0.739461
-3.309229	-2.992405	-1.118760	-1.324802	-6.354727	-1.160886	-3.175872	-0.798684	-1.060505	-4.577134	-2.476554	-0.736503
-3.295992	-2.858418	-1.114285	-1.694503	-5.926727	-1.032213	-3.163169	-0.791820	-0.650200	-4.936757	-2.466647	-0.733557
-3.282809	-2.785976	-1.109828	-1.875225	-5.701730	-0.966069	-3.150516	-0.786818	-0.445048	-5.105975	-2.456781	-0.730623
-3.269677	-2.744328	-1.105389	-1.961474	-5.578278	-1.431197	-3.137914	-0.782753	-0.842472	-5.180034	-2.446954	-0.727700
-3.256599	-2.718099	-1.100967	-2.000503	-5.505643	-1.659969	-3.125362	-0.779164	-1.038704	-5.206556	-2.437166	-0.724790
-3.243572	-2.699601	-1.096563	-2.015939	-5.458459	-1.770577	-3.112861	-0.775818	-1.134350	-5.209350	-2.427417	-0.721890
-3.230598	-2.684989	-1.092177	-2.019594	-5.924044	-1.822119	-3.100409	-1.272600	-1.179713	-4.700323	-2.417708	-0.719003
-3.217675	-2.672343	-1.087808	-2.017375	-6.144058	-1.844142	-3.088008	-1.517452	-1.199945	-4.437427	-2.408037	-0.716127
-3.204805	-2.660700	-1.083457	-1.512235	-6.241336	-1.351422	-3.075656	-1.636354	-1.207620	-4.797630	-2.398405	-0.713262
-3.191986	-2.649581	-1.079123	-1.257651	-6.277299	-1.103344	-3.063353	-1.692294	-1.209027	-4.967415	-2.388811	-0.710409
-3.179218	-3.138744	-1.074807	-1.628353	-5.782653	-0.977595	-3.051100	-1.216767	-1.207310	-5.042034	-2.379256	-0.707568
-3.166501	-3.376070	-1.070507	-1.809705	-5.524754	-0.913016	-3.038895	-0.977522	-1.204040	-5.069110	-2.369739	-0.704737
-3.153835	-3.487506	-1.066225	-1.896400	-5.385271	-0.879030	-3.026740	-0.856422	-1.200003	-4.572455	-2.360260	-0.701918
-3.141219	-3.536026	-1.061961	-1.935781	-5.305038	-0.860347	-3.014633	-0.794402	-1.195593	-4.315977	-2.350819	-0.699111
-3.128655	-3.553117	-1.057713	-1.951521	-5.254472	-0.849322	-3.002574	-0.761927	-1.191006	-4.179618	-2.341415	-0.696314
-3.116140	-3.554522	-1.053482	-1.955456	-5.218781	-0.842133	-2.990564	-1.244231	-1.186339	-4.603353	-2.332050	-0.693529
-3.103675	-3.548113	-1.049268	-1.953505	-5.190569	-0.836869	-2.978602	-1.481929	-1.181643	-4.805166	-2.322722	-0.690755
-3.091261	-3.037825	-1.545071	-1.948627	-5.166139	-1.332573	-2.966687	-1.097340	-0.676940	-4.396058	-2.313431	-0.687992
-3.078896	-2.777626	-1.788891	-1.942300	-5.143640	-1.576769	-2.954821	-0.903619	-0.424589	-4.183530	-2.304177	-0.685240
-3.066580	-2.642491	-1.406735	-1.435265	-5.122149	-1.695225	-2.943001	-1.305339	-0.798414	-4.069325	-2.294960	-0.682499
-3.054314	-2.569910	-1.213608	-1.179890	-5.101201	-1.750826	-2.931229	-1.502785	-0.982982	-4.004311	-2.285780	-0.679769
-3.042096	-3.028624	-1.115004	-1.550354	-5.080567	-1.775013	-2.919504	-1.598107	-1.072930	-4.463926	-2.276637	-0.677050
-3.029928	-3.251006	-1.063669	-1.731745	-5.060130	-1.783509	-2.907826	-1.642382	-1.115579	-4.683887	-2.267531	-0.674342
-3.017808	-3.355251	-1.035976	-1.818614	-5.039833	-1.784172	-2.896195	-1.661146	-1.134587	-4.784059	-2.258461	-0.671644
-3.005737	-2.900454	-1.520114	-1.858237	-5.519645	-1.780934	-2.884610	-1.667168	-0.641784	-4.324377	-2.249427	-0.668958
-2.993714	-2.668164	-1.758174	-1.874253	-5.747552	-1.775760	-2.873072	-1.666833	-0.395382	-4.086806	-2.240429	-0.666282
-2.981739	-2.547148	-1.373212	-1.878480	-5.349554	-1.769632	-2.861579	-1.663332	-0.272181	-4.460323	-2.231467	-0.663617
-2.969812	-2.481787	-1.178754	-1.876829	-5.140653	-1.763041	-2.850133	-1.658262	-0.210581	-4.637413	-2.222542	-0.660962
-2.957933	-2.444274	-1.579556	-1.872253	-5.026338	-1.756232	-2.838733	-1.152421	-0.179780	-4.716329	-2.213651	-0.658319
-2.946101	-2.420704	-1.775997	-1.866229	-4.959357	-1.749329	-2.827378	-0.898207	-0.164380	-4.746197	-2.204797	-0.655685
-2.934317	-2.404125	-1.370272	-1.859497	-5.416082	-1.242393	-2.816068	-0.769812	-0.156680	-4.751579	-2.195978	-0.653063
-2.922580	-2.391060	-1.165481	-1.852425	-5.632698	-0.987453	-2.804804	-0.704331	-0.152830	-4.744756	-2.187194	-0.650450
-2.910889	-2.379772	-1.061164	-1.845199	-5.729308	-0.858519	-2.793585	-0.670314	-0.150905	-4.731868	-2.178445	-0.647848
-2.899246	-2.369391	-1.007092	-1.837910	-5.265961	-1.292592	-2.782410	-1.152032	-0.149943	-4.715986	-2.169731	-0.645257
-2.887649	-2.359482	-0.978150	-1.830604	-5.024682	-1.506176	-2.771281	-1.389624	-0.149462	-4.698645	-2.161052	-0.642676
-2.876098	-2.849828	-0.961780	-1.823304	-4.894476	-1.609528	-2.760196	-1.505165	-0.149221	-4.680612	-2.152408	-0.640105
-2.864594	-3.088321	-0.951705	-1.816023	-4.819844	-1.657778	-2.749155	-1.559695	-0.149101	-4.662271	-2.143798	-0.637545
-2.853135	-2.700914	-0.944783	-1.808764	-4.773038	-1.678491	-2.738158	-1.083731	-0.149040	-5.143812	-2.135223	-0.634995
-2.841723	-2.502584	-0.939447	-1.801532	-4.740183	-1.685450	-2.727206	-0.844533	-0.149010	-5.373332	-2.126682	-0.632455
-2.830356	-2.398810	-0.934911	-1.794327	-5.214340	-1.685544	-2.716297	-0.723724	-0.648995	-4.476886	-2.118176	-0.629925
-2.819035	-2.342333	-0.930782	-1.787151	-5.440042	-1.682220	-2.705432	-0.662113	-0.896690	-4.021502	-2.109703	-0.627405
-2.807758	-2.309523	-0.926864	-1.780002	-5.541561	-1.677200	-2.694610	-0.630107	-1.018248	-3.786678	-2.101264	-0.624896
-2.796527	-2.288564	-1.423059	-1.772883	-5.081035	-1.171346	-2.683831	-0.612908	-1.076748	-4.162162	-2.092859	-0.622396
-2.785341	-2.273550	-1.667319	-1.765791	-4.841531	-0.917087	-2.673096	-0.603117	-1.103727	-4.340829	-2.084488	-0.619906
-2.774200	-2.761525	-1.285625	-1.758728	-4.712575	-0.788633	-2.662404	-0.597035	-1.114956	-4.421124	-2.076150	-0.617427
-2.763103	-2.999014	-1.092970	-1.751693	-4.638929	-0.723085	-2.651754	-0.592812	-1.118317	-4.452268	-2.067845	-0.614957
-2.752051	-2.611286	-0.994842	-1.744686	-4.592976	-1.188996	-2.641147	-1.089523	-1.117755	-4.458873	-2.059574	-0.612497
-2.741043	-2.412974	-0.943985	-1.737708	-4.560905	-1.418642	-2.630582	-1.334706	-1.115239	-4.453245	-2.051335	-0.610047
-2.730078	-2.309389	-0.916770	-1.730757	-4.535812	-1.530168	-2.620060	-0.954138	-1.111756	-4.441536	-2.043130	-0.607607
-2.719158	-2.253185	-0.901383	-1.723834	-4.514244	-1.582648	-2.609580	-0.762707	-1.107798	-4.426821	-2.034957	-0.605177
-2.708281	-2.220689	-0.891918	-1.716939	-4.494475	-1.605617	-2.599142	-0.665849	-1.103611	-4.410640	-2.026818	-0.602756
-2.697448	-2.200065	-0.885420	-1.710071	-4.475641	-1.113845	-2.588745	-1.116281	-1.099319	-4.393760	-2.018710	-0.600345
-2.686659	-2.185394	-0.880414	-1.703230	-4.457310	-0.866715	-2.578390	-1.338364	-1.094983	-4.376567	-2.010635	-0.597944
-2.675912	-2.173717	-0.876160	-1.696418	-4.439267	-0.741910	-2.568076	-0.946285	-0.590633	-3.859251	-2.002593	-0.595552
-2.665208	-2.163554	-0.872289	-1.689632	-4.421403	-0.678274	-2.557804	-0.749137	-0.338459	-3.593910	-1.994583	-0.593170
-2.654547	-2.154166	-1.368617	-1.182873	-4.403664	-0.645227	-2.547573	-1.149459	-0.712371	-3.954582	-1.986604	-0.590797
-2.643929	-2.145182	-1.613051	-0.928142	-4.386022	-0.627478	-2.537383	-1.346520	-0.897155	-4.126287	-1.978658	-0.588434
-2.633353	-2.136418	-1.231553	-1.299429	-4.368465	-1.117385	-2.527233	-0.941964	-0.487383	-3.703544	-1.970743	-0.586080
-2.622820	-2.127781	-1.039103	-1.481732	-4.350984	-1.359124	-2.517124	-0.738611	-0.282497	-3.485611	-1.962860	-0.583736
-2.612329	-2.119224	-0.941186	-1.569555	-4.333577	-1.476791	-2.507056	-0.635864	-0.180054	-3.370109	-1.955009	-0.581401
-2.601879	-2.610724	-1.390540	-1.610151	-4.316241	-1.532436	-2.497027	-1.083424	-0.628832	-3.805849	-1.947189	-0.579075
-2.591472	-2.850270	-1.611538	-1.627148	-4.298975	-1.557082	-2.487039	-1.304142	-0.851066	-4.015235	-1.939400	-0.576759
-2.581106	-2.463863	-1.218371	-1.632358	-4.281779	-1.566242	-2.477091	-1.411452	-0.960037	-3.611479	-1.931642	-0.574452
-2.570782	-2.266504	-1.020138	-1.631688	-4.264652	-1.567671	-2.467183	-1.462069	-1.012384	-3.403186	-1.923916	-0.572154
