-2.109986	-2.429413	-0.550635	-0.735505	-2.929081	-0.591355	-0.845197	-0.111408	 0.471799	-3.209387	-1.556851	-0.016142
-2.156233	-2.419693	-0.355468	-0.545590	-2.911139	-0.536016	-0.835956	-0.305501	 0.477682	-3.196550	-1.550624	-0.257360
-2.174952	-2.410013	-0.257884	-0.450633	-2.896381	-1.008346	-0.829683	-0.402548	 0.480624	-3.183763	-1.544421	-0.377969
-2.179924	-2.400372	-0.209092	-0.403154	-2.883239	-1.241550	-0.824899	-0.451071	 0.482095	-3.171028	-1.538244	-0.438274
-2.178040	-2.390770	-0.684696	-0.379415	-3.370928	-0.855202	-0.820867	-0.475333	 0.482830	-3.158344	-1.532091	 0.031574
-2.172746	-2.381207	-0.920178	-0.367545	-3.607055	-0.662028	-0.817218	-0.487464	 0.483198	-3.145711	-1.525962	 0.265495
-1.665764	-2.371682	-0.535607	-0.861610	-3.717433	-0.565441	-0.813766	 0.006471	 0.483382	-3.133128	-1.519858	 0.382456
-1.409956	-2.362195	-0.343322	-1.105931	-3.764965	-0.517148	-0.810419	 0.252437	 0.483474	-3.120595	-1.513779	 0.440936
-1.279743	-2.352746	-0.247179	-1.225392	-3.781107	-0.493001	-0.807132	 0.375421	 0.483520	-3.108113	-1.507724	 0.470176
-1.712338	-2.343335	-0.199108	-0.782432	-3.281583	-0.480928	-0.803880	 0.436912	 0.483543	-3.095681	-1.501693	 0.484796
-1.924345	-2.333962	-0.175072	-0.560952	-3.026257	-0.474891	-0.800653	 0.467658	 0.483554	-3.083298	-1.495686	 0.492106
-2.026076	-2.324626	-0.163054	-0.450212	-3.393052	-0.471873	-0.797445	-0.016969	 0.483560	-3.070965	-1.489704	 0.495761
-2.072686	-2.315328	-0.157046	-0.394842	-3.568930	-0.470364	-0.794252	-0.258279	 0.483563	-3.058681	-1.483745	 0.497589
-2.091753	-2.306066	-0.154041	-0.367157	-3.149380	-0.469609	-0.791074	 0.121065	 0.483565	-3.046446	-1.477810	-0.001497
-2.097064	-2.296842	-0.152539	-0.353315	-2.934145	-0.469232	-0.787909	 0.309737	 0.483565	-3.034260	-1.471898	-0.250039
-2.095515	-2.787655	-0.651788	-0.346393	-2.821089	-0.469043	-0.784757	 0.404073	 0.483566	-3.022123	-1.466011	 0.125690
-2.090553	-3.026504	-0.899110	-0.342933	-2.759146	-0.468949	-0.781618	 0.451241	 0.483566	-3.010035	-1.460147	 0.312551
-2.083900	-3.139398	-1.020478	-0.341203	-2.722779	-0.468902	-0.778491	 0.474825	 0.483566	-2.997995	-1.454306	 0.405982
-1.576420	-2.689340	-0.578879	-0.340337	-2.699223	-0.468878	-0.775377	 0.486617	 0.483566	-2.986003	-1.448489	 0.452698
-1.320541	-2.459833	-0.358079	-0.339905	-2.682094	-0.468866	-0.772275	 0.492513	 0.483566	-2.974059	-1.442695	 0.476055
-1.690473	-2.340619	-0.247679	-0.339689	-3.168199	-0.468860	-0.769186	 0.495461	 0.483566	-2.962162	-1.436924	 0.487734
-1.871318	-2.276569	-0.192479	-0.339580	-3.403944	-0.468858	-0.766110	 0.496935	 0.483566	-2.950314	-1.431177	 0.493574
-1.457636	-2.240119	-0.164879	-0.339526	-3.014536	-0.468856	-0.763045	 0.497672	 0.983566	-2.438513	-0.925452	 0.996493
-1.248707	-2.217486	-0.151079	-0.339499	-2.814582	-0.468855	-0.759993	 0.498040	 1.230599	-2.178758	-0.672590	 1.244954
-1.142163	-2.201780	 0.355821	 0.160514	-2.209376	 0.031145	-0.256953	 0.998224	 4.351160	 6.454957	 5.453842	 10.866198
-1.086820	-2.189555	 0.607545	 0.409200	-1.903565	 0.280083	-0.005433	 1.245320	 5.896497	 10.741637	 8.493897	 15.635845
-1.057085	-2.179088	 0.731689	 0.532227	-1.747463	 0.403494	 0.120327	 1.365882	 6.654282	 12.854920	 9.990856	 17.979857
-1.040163	-2.169517	 0.292049	 0.092430	-2.166230	 0.464146	 0.183207	 0.923191	 4.018350	 5.381625	 4.716360	 9.111216
-1.029656	-2.160412	 0.072229	-0.127468	-2.370443	 0.493422	 0.214647	 0.701845	 2.697620	 1.649161	 2.080229	 4.676895
-1.022364	-2.151557	-0.037681	 0.262582	-1.967401	 0.507014	 0.230367	 0.591172	 2.034501	-0.712904	 0.763275	 2.459735
-1.016688	-2.142844	-0.092636	 0.456302	-1.762751	 0.512770	 0.238227	 0.535836	 1.700198	-1.887787	 0.105905	 1.351155
-1.011828	-2.134219	-0.120113	 0.051862	-2.157309	 0.514610	 0.242157	 0.508168	 1.530315	-2.469103	-0.221677	 0.796865
-1.007384	-2.125655	-0.133852	-0.150358	-2.349485	 0.514497	 0.244122	 0.494334	 1.442653	-2.753660	-0.384369	 0.519719
-1.003156	-2.117139	-0.140721	 0.248532	-1.940490	 0.513412	-0.254896	 0.487417	 1.396112	-2.389862	-0.464621	 0.381147
-0.999044	-2.108664	-0.144156	 0.446683	-1.732929	 0.511845	-0.502896	 0.483958	 1.370142	-2.203911	-0.503658	 0.311861
-0.994998	-2.100226	-0.145873	 0.544468	-1.626098	 0.510041	-0.625395	 0.482229	 1.354469	-2.106900	-0.522090	 0.277218
-1.490994	-2.091824	-0.646732	 0.092076	-2.069644	 0.508122	-0.185149	 0.481364	 1.343955	-2.554374	-0.530226	 0.259896
-1.735017	-2.083455	-0.894866	-0.134120	-2.286390	 0.506151	 0.034975	 0.480932	 1.336031	-2.772108	-0.533217	 0.251235
-1.853071	-2.075121	-0.516647	-0.247218	-2.389757	 0.004157	-0.354964	 0.480716	 0.829412	-2.374995	-0.533640	 0.246905
-1.908155	-2.066820	-0.327538	-0.303767	-2.436455	-0.246840	-0.548443	 0.480608	 0.576103	-2.172482	-0.532783	 0.244740
-1.431771	-2.058553	-0.232983	-0.332041	-2.454837	-0.372339	-0.143699	 0.480554	 0.449449	-2.567286	-0.531291	 0.243657
-1.191668	-2.050319	-0.185706	-0.346178	-2.459082	-0.435088	 0.058673	 0.480527	 0.386122	-2.758764	-0.529485	 0.243116
-1.069714	-2.042118	-0.162067	-0.353247	-1.956277	-0.466463	 0.159859	 0.980513	 0.354458	-2.348603	-0.527527	 0.242845
-1.006841	-2.033949	-0.150248	-0.356781	-1.701968	-0.482150	 0.210452	 1.227545	 0.338626	-2.139645	-0.525497	 0.242710
-0.973517	-2.025813	-0.144338	-0.358548	-1.571918	-0.489994	 0.235749	 1.348112	 0.330710	-2.031305	-0.523435	 0.242642
-0.954974	-1.517710	 0.358617	 0.140568	-1.504010	 0.006084	 0.248397	 1.405458	 0.826752	-1.473289	-0.521361	 0.242608
-0.943830	-1.261639	 0.608371	 0.388847	-1.467183	 0.253119	 0.254721	 1.431206	 1.072128	-1.192450	-0.519286	 0.242591
-0.936393	-0.131593	 0.731532	 0.511712	 1.054091	 0.375636	 1.257883	 1.441166	 1.192180	 3.449792	 0.982787	 0.742583
-0.930816	 0.431434	 0.791403	 0.571875	 2.307577	 0.436895	 1.754942	 1.443243	 1.249582	 5.754730	 1.728853	 0.990094
 0.573823	 5.710958	 1.319636	 1.100693	 4.927198	 0.467524	 2.498967	 1.441391	 0.775669	 8.391079	 2.096936	 0.611374
 1.321985	 8.328739	 1.580057	 1.361843	 6.221915	 0.482839	 2.864494	 1.437586	 0.538713	 9.687199	 2.276048	 0.422014
 1.691926	 9.615737	 1.706586	 1.489172	 6.854240	 0.490496	 3.040798	 1.432816	 0.420234	 10.313292	 2.360693	 0.327334
 3.872773	 14.737430	 1.766185	 1.549603	 10.655430	 0.494324	 3.622515	 1.427575	-0.139005	 16.104460	 6.898126	 0.779994
 4.951089	 17.258558	 1.792332	 1.576599	 12.527111	 0.496239	 3.904965	 1.422110	-0.417228	 18.956252	 9.143970	 1.003858
 10.478188	 30.479563	 3.301769	 3.586890	 21.934154	 1.997196	 6.537816	 1.916544	 0.945052	 26.838533	 9.244113	 1.613335
 13.209727	 37.067988	 4.046865	 4.580840	 26.574993	 2.740678	 7.835899	 2.158939	 1.621577	 30.710231	 9.275496	 1.913628
 16.043614	 42.840210	 4.409829	 5.566666	 30.332981	 3.105451	 8.966673	 3.275334	 1.955243	 34.076916	 13.272574	 2.559347
 17.422803	 45.700419	 4.581766	 6.046474	 32.143793	 3.280897	 9.511865	 3.824748	 2.117498	 35.685372	 15.236573	 2.875796
 19.074793	 48.604725	 4.658227	 5.773326	 33.481290	 3.361707	 9.264347	 3.590707	 0.194066	 29.915012	 10.684172	 2.527636
 19.859335	 50.036456	 4.686988	 5.625751	 34.080401	 3.395227	 9.122555	 3.466973	-0.764191	 26.981543	 8.395708	 2.349197
 20.210318	 51.731981	 5.191937	 6.041007	 35.310597	 3.905130	 9.533697	 3.898419	 0.760126	 31.966712	 11.739261	 1.755636
 20.344687	 52.553666	 5.433017	 6.235723	 35.852614	 4.151251	 9.719378	 4.105483	 1.517715	 34.385393	 13.380872	 1.456531
 20.370913	 52.938535	 5.542210	 6.320220	 36.050833	 4.265517	 9.792409	 4.200390	 1.891959	 35.521125	 14.171633	 1.304664
 20.343232	 53.105100	 5.585503	 6.349659	 35.577444	 3.813890	 9.809193	 4.239252	 2.074548	 36.015678	 16.037088	 1.226425
 20.288760	 53.162435	 5.595892	 6.351620	 35.270542	 3.581353	 9.797933	 4.250127	 2.161329	 36.189933	 16.934011	 1.185009
 20.221056	 51.165259	 4.089874	 6.339894	 35.047164	 2.458386	 9.272730	 3.747043	 2.200223	 31.704333	 16.346810	 1.662014
 20.146897	 50.144021	 3.331697	 6.321374	 34.865827	 1.894232	 8.992633	 3.489013	 2.215192	 29.407095	 16.021691	 1.896238
 20.069672	 51.610844	 4.447462	 4.799509	 32.705789	 1.609495	 6.335160	 1.853536	-0.281784	 25.204256	 10.327738	-1.490910
 19.991075	 52.327783	 4.994218	 4.032021	 31.564679	 1.464477	 4.999068	 1.035797	-1.524715	 23.060834	 7.471494	-3.174729
 14.411951	 52.169846	 2.756514	 2.641748	 25.933277	 2.889329	 4.323696	 0.626928	-0.640644	 25.447288	 8.534142	-3.006921
 11.604724	 52.074554	 1.636624	 1.944108	 23.076972	 3.593126	 3.978713	 0.422493	-0.198609	 26.584848	 9.046272	-2.917338
 10.183515	 52.010649	 1.075646	 1.592795	 21.608378	 3.936431	 3.798955	 0.320276	 0.022408	 27.098183	 9.283220	-2.866892
 9.955386	 42.962502	 3.294127	 3.414656	 26.333802	 3.599524	 6.201837	 2.269167	 1.132917	 31.299627	 13.382654	 0.663964
 9.821867	 38.370600	 4.392343	 4.315113	 28.634395	 3.424546	 7.386068	 3.235177	 1.683684	 33.329348	 15.397407	 2.421003
 14.735731	 45.007092	 4.930469	 5.254911	 31.222822	 3.330557	 8.461044	 3.709779	 1.954599	 27.773489	 16.369959	 2.291166
 17.153363	 48.302424	 5.188596	 5.712420	 32.449413	 3.277090	 8.979459	 3.938712	 2.085606	 24.951125	 16.821550	 2.221925
 18.323038	 45.427267	 2.806765	 2.928835	 25.995356	 3.243909	 6.219671	 2.044843	 1.146676	 29.995685	 14.012799	-0.817001
 18.868889	 43.964519	 1.615850	 1.537043	 22.729245	 3.220897	 4.832858	 1.097908	 0.677211	 32.447885	 12.586015	-2.328752
 19.102986	 47.708076	 3.520392	 3.841146	 28.057263	 3.702995	 7.132559	 2.624441	 1.442478	 33.604185	 14.850305	 0.923053
 19.181360	 49.554343	 4.461814	 4.980908	 30.654502	 3.935674	 8.263545	 3.379405	 1.820696	 34.112814	 15.948221	 2.540606
 19.182027	 50.452065	 4.921718	 5.538547	 31.886618	 4.043677	 8.810249	 3.748619	 2.005408	 34.297885	 16.463086	 3.341067
 19.143996	 50.875618	 5.140907	 5.805174	 32.936438	 4.089375	 8.564887	 3.924990	 2.093383	 34.321455	 16.686563	 3.733014
 19.086768	 51.062187	 5.239781	 5.926344	 33.393376	 4.103954	 8.425567	 4.004973	 2.133008	 34.264550	 16.764482	 3.920737
 19.020095	 51.130364	 4.778541	 5.474834	 33.054144	 4.103006	 8.839334	 3.536794	 2.148475	 32.667682	 13.769756	 0.006382
 18.948852	 51.143083	 4.539286	 5.239033	 32.819098	 4.094328	 9.027712	 3.296568	 2.151881	 31.807107	 12.250843	-1.942980
 13.375475	 42.128158	 2.411059	 3.111125	 25.636408	 2.081818	 6.103468	 1.670342	-0.350727	 25.314926	 7.969923	-3.409876
 10.573182	 37.554469	 1.346945	 2.045205	 22.008155	 1.075563	 4.634988	 0.857229	-1.596324	 22.031190	 5.822085	-4.133570
 9.156494	 35.201663	 0.814888	 1.510287	 20.157268	 0.572435	 3.894415	 0.950672	-2.213439	 20.351827	 4.740817	-4.485703
 8.432671	 33.959562	 0.548860	 1.240877	 19.195212	 0.320871	 3.517821	 0.995306	-2.516335	 19.474801	 4.192864	-4.652094
 8.055341	 33.273077	 0.415846	 1.104229	 18.677718	 0.195089	 3.323241	 1.015543	-2.662145	 18.999092	 3.911598	-4.725652
 7.851320	 32.864661	 0.349338	 1.033970	 18.882651	 0.632199	 3.219694	 0.523590	-2.729434	 19.224191	 3.763704	-4.252833
 7.734015	 32.595541	 0.316085	 0.996913	 18.946942	 0.848614	 3.161688	 0.277613	-2.757485	 19.297842	 3.682526	-4.008863
 13.160129	 41.396328	 2.799458	 3.476464	 25.441065	 2.454692	 5.626478	 2.154625	-0.265939	 26.295924	 10.134734	 0.120651
 15.836014	 45.772303	 4.030579	 4.704328	 28.624256	 3.249610	 6.842690	 3.085067	 0.975383	 29.728377	 13.327664	 2.176908
 17.136932	 47.935970	 2.635616	 3.306396	 23.652237	 2.138979	 4.934679	 2.042258	-0.908390	 24.378282	 10.891088	 0.196571
 17.750516	 49.005398	 1.935653	 2.603613	 21.128866	 1.581607	 3.974619	 1.518854	-1.844692	 21.665178	 9.655891	-0.790031
 18.020579	 50.027757	 3.583201	 4.248419	 23.329970	 1.300873	 4.988561	 2.755161	-2.307281	 27.270722	 10.021451	-1.779778
 18.119030	 50.520085	 4.396513	 5.059036	 24.379460	 1.158466	 5.483526	 3.365332	-2.533036	 30.007742	 10.183457	-2.269113
 18.131820	 50.747472	 4.792749	 5.452605	 24.853347	 1.085230	 5.719052	 3.662466	-2.640396	 31.310762	 10.243769	-2.508263
 17.101926	 40.342465	 2.480489	 3.637698	 25.539636	 1.046588	 4.324906	 1.803114	-2.188580	 24.397044	 6.753317	-1.622344
 16.554835	 35.080087	 1.324359	 2.726598	 25.830329	 1.025251	 3.621971	 0.873438	-1.959199	 20.905219	 5.001565	-1.177911
 10.749274	 29.389262	 0.746295	 1.267417	 18.923433	 0.512575	 2.764666	 0.408600	-1.841048	 15.624479	 3.119189	-0.954228
 7.836606	 26.496453	 0.457262	 0.537827	 15.445952	 0.256237	 2.332199	 0.176181	-1.778527	 12.963422	 2.175528	-0.840925
 5.870424	 21.002841	 0.312746	 0.173032	 9.183275	 0.128068	 2.112165	 0.059972	-0.743835	 7.612289	 1.201234	-0.282818
 4.879525	 18.225016	 0.240488	-0.009366	 6.046095	 0.063983	 1.998365	 0.001867	-0.226489	 4.932200	 0.714086	-0.003765
 2.876298	 13.805210	 0.204359	-0.100564	 3.471687	 0.031941	 1.437695	 0.472814	 0.032184	 0.587651	-0.529487	 0.135762
 1.872938	 11.576536	 0.186294	-0.146164	 2.182689	 0.015920	 1.155606	 0.706401	 0.161521	-1.577109	-1.147728	 0.205525
-1.130481	 3.443503	-0.322738	-0.668964	-2.463598	 0.007909	 0.012815	-0.178686	-0.273811	-5.152006	-2.453316	-0.259593
-2.623922	-0.613634	-0.575591	-0.927980	-4.772521	 0.003904	-0.556321	-0.619102	-0.490058	-6.922000	-3.098593	-0.490703
-3.362409	-2.632862	-0.700360	-1.055114	-5.912820	 0.001901	-0.838638	-0.837191	-0.596769	-7.789614	-3.413743	-0.604814
-3.723450	-4.133171	-1.261095	-1.116317	-7.468863	-0.499100	-1.477555	-0.944125	-0.648718	-8.706106	-3.563861	-0.660432
-3.895801	-4.872059	-1.537818	-1.144563	-8.228835	-0.747601	-1.792780	-0.995490	-0.673291	-9.145107	-3.631491	-0.686809
-3.973841	-5.730281	-1.172551	-1.156340	-8.590843	-0.869859	-1.946177	-1.019078	-0.684182	-9.345439	-3.657909	-0.698571
-4.004757	-6.146215	-0.988303	-1.159893	-8.753942	-0.929003	-2.018676	-1.028787	-0.688237	-9.426514	-3.663748	-0.703031
-4.012144	-6.341057	-0.894570	-1.659342	-8.817657	-0.956600	-2.550743	-1.031565	-0.688880	-9.448036	-3.659329	-0.703847
-4.007798	-6.425407	-0.846103	-1.904749	-8.831752	-0.968429	-2.810611	-1.030885	-0.687823	-9.439858	-3.649810	-0.702845
-3.997618	-6.454562	-0.820273	-2.023153	-8.821108	-0.972384	-2.934404	-1.028485	-0.685920	-9.416905	-3.637769	-0.700940
-3.984553	-6.456172	-0.805770	-2.078071	-8.798165	-0.972408	-2.990184	-1.025232	-0.683601	-9.386641	-3.624498	-0.698590
-3.970078	-6.444062	-0.796936	-2.101264	-8.769143	-0.970475	-3.011982	-1.021562	-0.681079	-9.352796	-3.610640	-0.696022
-4.454929	-6.425143	-1.290942	-2.108612	-8.737151	-0.967572	-3.016814	-1.017691	-0.678461	-9.317236	-3.596517	-0.693352
-4.687475	-6.402871	-1.534376	-2.108054	-8.703745	-0.964191	-3.013186	-1.013728	-0.675800	-9.280892	-3.582291	-0.690635
-4.793908	-6.378973	-1.152537	-1.603560	-8.669702	-0.960579	-3.005353	-1.009727	-0.673123	-9.244232	-3.568042	-0.687901
-4.837324	-6.354315	-0.960076	-1.349115	-8.635409	-0.956859	-2.995442	-1.005715	-0.670444	-9.207486	-3.553809	-0.685163
-4.349270	-6.329326	-1.362310	-1.719703	-8.601060	-0.953093	-2.484515	-1.001706	-0.667769	-9.170772	-3.539614	-0.682430
-4.097521	-6.304223	-1.559899	-1.900816	-8.566752	-0.949311	-2.225105	-0.997706	-0.665101	-9.134147	-3.525466	-0.679703
-3.963955	-6.279113	-1.155178	-1.487209	-9.032533	-0.945529	-2.091468	-0.993718	-0.662442	-9.097639	-3.511369	-0.676986
-3.889511	-6.254050	-0.951316	-1.278259	-9.246427	-0.941754	-2.020734	-0.989745	-0.659793	-9.061263	-3.497326	-0.674279
-3.844659	-6.229061	-0.847891	-1.171645	-9.334454	-0.937991	-1.981467	-0.985787	-0.657155	-9.025025	-3.483338	-0.671583
-3.814633	-6.204158	-1.294689	-1.616207	-8.859622	-0.934241	-2.457949	-0.981844	-0.654526	-8.988928	-3.469405	-0.668897
-3.792051	-6.179348	-1.514605	-1.834367	-8.605436	-0.930505	-2.690321	-0.977917	-0.651908	-8.952975	-3.455528	-0.666221
-4.273221	-6.154634	-1.121094	-1.939342	-8.461641	-0.926784	-2.300662	-0.974005	-0.649301	-8.917164	-3.441706	-0.663556
-4.504298	-6.130017	-0.922883	-1.987741	-8.373108	-0.923077	-2.102010	-0.970109	-0.646704	-8.881495	-3.427939	-0.660902
-4.110365	-6.105498	-0.822329	-2.007868	-8.312272	-0.919384	-2.498878	-0.966229	-0.644117	-8.845970	-3.414227	-0.658258
-3.905966	-6.081076	-0.770608	-2.013876	-8.265351	-0.915707	-2.691520	-0.962364	-0.641540	-8.810586	-3.400570	-0.655625
-3.796363	-6.056752	-0.743310	-2.012840	-8.225454	-0.912044	-2.282073	-0.958515	-0.638974	-8.275344	-3.386968	-0.653003
-3.734188	-6.032525	-0.728229	-2.008298	-8.189134	-0.908396	-2.073604	-0.954681	-0.636418	-7.992242	-3.373420	-0.650391
-3.695757	-6.008395	-0.719262	-2.002020	-8.154669	-0.904762	-1.965639	-0.950862	-0.633873	-7.835273	-3.359927	-0.647789
-3.669226	-5.984362	-0.713358	-1.994889	-8.121195	-0.901143	-1.907941	-0.947058	-0.631337	-8.241432	-3.346487	-0.645198
-3.648676	-5.960424	-0.708991	-1.987348	-8.088283	-0.897539	-1.875392	-0.943270	-0.628812	-8.427216	-3.333101	-0.642617
-4.131144	-5.936583	-1.205398	-1.979618	-8.055717	-0.893949	-1.855432	-0.939497	-0.126296	-8.002883	-3.319769	-0.640047
-4.363151	-5.912836	-1.450198	-1.971810	-8.023387	-0.890373	-1.841781	-0.935739	 0.124961	-7.775559	-3.306490	-0.637487
-3.969964	-5.889185	-1.069208	-1.963977	-7.991240	-0.886811	-1.831299	-0.931996	 0.250590	-7.646800	-3.293264	-0.634937
-3.766217	-5.865628	-0.877337	-1.956149	-7.959248	-0.883264	-1.822416	-0.928268	 0.313404	-7.567385	-3.280091	-0.632397
-3.657219	-5.842166	-0.780030	-1.448338	-7.927398	-0.879731	-1.814348	-0.924555	 0.344812	-7.512701	-3.266970	-0.629868
-3.595623	-5.818797	-0.730011	-1.192551	-7.895682	-0.876212	-1.806701	-0.920857	 0.360515	-7.470443	-3.253902	-0.627348
-3.557757	-5.795522	-0.703642	-1.062785	-7.864096	-0.872707	-1.799280	-0.917173	 0.368367	-7.434458	-3.240887	-0.624839
-3.531785	-5.772340	-0.689103	-0.996035	-7.832638	-0.869216	-1.791985	-1.413505	 0.372293	-7.401668	-3.227923	-0.622339
-3.511787	-5.749251	-0.680484	-0.960802	-7.801306	-0.865740	-1.784769	-1.657851	 0.374256	-7.370536	-3.215011	-0.619850
-3.494804	-5.726254	-0.674831	-0.941334	-7.770101	-0.862277	-1.777605	-1.276219	 0.375237	-7.840291	-3.202151	-0.617371
-3.479357	-5.703349	-0.670666	-0.929757	-7.739020	-0.858828	-1.770483	-1.083614	 0.375728	-8.058548	-3.189343	-0.614901
-3.964706	-5.680535	-0.667250	-0.922131	-7.708064	-0.855392	-1.763395	-0.485530	-0.124027	-7.651123	-3.176585	-0.612441
-4.198480	-5.657813	-0.664215	-0.916490	-7.677232	-0.851971	-1.756338	-0.186488	-0.372656	-7.432923	-3.163879	-0.609992
-3.806503	-5.135182	-0.661375	-0.911847	-7.646523	-0.848563	-1.749311	-0.036967	 0.004271	-7.809394	-3.151224	-0.607552
-3.603685	-4.864641	-0.658638	-0.907712	-7.615936	-0.845169	-1.742313	 0.037794	 0.192735	-7.981258	-3.138619	-0.605122
-3.495474	-4.720182	-0.655958	-0.903837	-7.585473	-0.841788	-1.735344	 0.075174	 0.286967	-8.050883	-3.126064	-0.602701
-3.934595	-5.138802	-0.653311	-0.900099	-7.555131	-0.838421	-1.728402	-0.406136	 0.334083	-8.069455	-3.113560	-0.600290
-4.145407	-5.336996	-0.650686	-0.896438	-7.524910	-0.835067	-1.721488	-0.645016	 0.357641	-8.062565	-3.101106	-0.597889
-3.742101	-5.425023	-0.648078	-0.892821	-7.494811	-0.831727	-1.714602	-0.262688	 0.369420	-7.543008	-3.088701	-0.595497
-3.533771	-5.458011	-0.645482	-0.889235	-7.464831	-0.828400	-1.707744	-0.071524	 0.375310	-7.269183	-3.076346	-0.593116
-3.422954	-4.963523	-0.642899	-1.385670	-7.434972	-0.825086	-1.700913	 0.024058	 0.378254	-7.118280	-3.064041	-0.590743
-3.360922	-4.707340	-0.640327	-1.630124	-7.405232	-0.821786	-1.694109	 0.071849	 0.379727	-7.028893	-3.051785	-0.588380
-3.323308	-5.070347	-0.637765	-1.248601	-7.375611	-0.818499	-1.687333	 0.095744	 0.380463	-7.470321	-3.039578	-0.086027
-3.297930	-5.240984	-0.635214	-1.056106	-7.346109	-0.815225	-1.680583	 0.107692	 0.380831	-7.675212	-3.027419	 0.165150
-3.278695	-5.315479	-0.632673	-0.958131	-7.316724	-0.811964	-1.673861	 0.113666	 0.381015	-7.761897	-3.015310	 0.290739
-3.762559	-5.341946	-0.630142	-0.907423	-7.287457	-0.808716	-1.667166	 0.116653	 0.381107	-7.289542	-3.003249	 0.353533
-3.995998	-5.344443	-0.627622	-0.880356	-7.258308	-0.805481	-1.660497	 0.118146	 0.381153	-7.039730	-2.991236	 0.384930
-3.604259	-5.334998	-0.625111	-0.865116	-7.229274	-0.802259	-1.653855	-0.381107	 0.381176	-7.401245	-2.979271	 0.400628
-3.401964	-5.319624	-0.622611	-0.855796	-7.200357	-0.799050	-1.647240	-0.628973	 0.381188	-7.566476	-2.967354	 0.408478
-3.294418	-4.801329	-0.620120	-0.849443	-7.671556	-1.295854	-1.640651	-0.251152	 0.381193	-7.133629	-2.955484	 0.412402
-3.234271	-4.533615	-0.617640	-0.844581	-7.890870	-1.540671	-1.634088	-0.062242	 0.381196	-6.903803	-2.943662	 0.414365
-3.197849	-4.391226	-0.615169	-0.840470	-6.984306	-1.159508	-1.627552	 0.032213	 0.381198	-6.775543	-2.431888	 0.415346
-3.173315	-4.311534	-0.612709	-0.836742	-6.518869	-0.967370	-1.621041	 0.079441	 0.381198	-6.698118	-2.172160	 0.415836
-3.154751	-4.263224	-0.610258	-0.833212	-6.274044	-0.869750	-1.614557	 0.103055	 0.381199	-6.646164	-2.038471	 0.416082
-3.639196	-4.230640	-0.607817	-1.329787	-6.639572	-0.819396	-1.608099	 0.114862	 0.381199	-6.606999	-2.467817	 0.416204
-3.873171	-4.205951	-0.605385	-1.574422	-6.808327	-0.792681	-1.601667	 0.120765	 0.381199	-6.574280	-2.676696	 0.416266
-3.981945	-4.685244	-0.602964	-1.193102	-6.878749	-0.777792	-1.595260	-0.376283	 0.381199	-6.544838	-2.275364	 0.416296
-4.028150	-4.914562	-0.600552	-1.000818	-6.900063	-0.768821	-1.588879	-0.623061	 0.381199	-6.517086	-2.070950	 0.416312
-3.543104	-4.518933	-0.598150	-0.903059	-6.896876	-0.762816	-1.582523	-0.244710	 0.381199	-6.490231	-2.465010	 0.416319
-3.294465	-4.312872	-0.595757	-0.852569	-6.881496	-0.758300	-1.576193	-0.055534	 0.381199	-6.463877	-2.656322	 0.416323
-3.164054	-4.201628	-0.593374	-0.825720	-6.860073	-0.754535	-1.569889	 0.039054	 0.381199	-6.437825	-2.246283	 0.416325
-3.092781	-4.137825	-0.591001	-0.810697	-6.835685	-0.751150	-1.563609	 0.086347	 0.381199	-6.411976	-2.037591	 0.416326
-3.051101	-4.097775	-0.588637	-0.801595	-6.809868	-0.747962	-1.557355	 0.109994	 0.381199	-6.386279	-1.929587	 0.416326
-3.524243	-4.569635	-0.586282	-0.795458	-6.783392	-0.744879	-1.551125	 0.121818	 0.381199	-6.360709	-2.371942	 0.416327
-3.752819	-4.795482	-0.583937	-0.790812	-6.756639	-0.741854	-1.544921	 0.127730	 0.381199	-6.335254	-2.587491	 0.416327
-3.859144	-4.898363	-0.581601	-0.786916	-6.729804	-0.738863	-1.538741	-0.369315	 0.381199	-6.309907	-2.689659	-0.083673
-3.904376	-4.939801	-0.579275	-0.783402	-6.702980	-0.735897	-1.532586	-0.616104	 0.381199	-6.284664	-2.735159	-0.332506
-3.419092	-4.450557	-0.576958	-0.780085	-6.676216	-0.732947	-1.526456	-0.237773	 0.381199	-6.759524	-2.752348	-0.455759
-3.170583	-4.198013	-0.574650	-0.776873	-6.649535	-0.730013	-1.520350	-0.048607	 0.381199	-6.982485	-2.755404	-0.516228
-3.540484	-4.563850	-0.572351	-0.773720	-6.622948	-0.727091	-1.514268	 0.045976	-0.118801	-6.579555	-2.751415	-0.045309
-3.717614	-4.736909	-0.570062	-0.770602	-6.596462	-0.724182	-1.508211	 0.093267	-0.367563	-6.365736	-2.743925	 0.190150
-3.798389	-4.813619	-0.567782	-0.767509	-6.570080	-0.721285	-1.502179	 0.116913	-0.490712	-6.246523	-2.734707	 0.307880
-3.331019	-4.842193	-0.565511	-0.764433	-6.543801	-0.718400	-1.496170	 0.128735	-0.051058	-6.174662	-2.724648	 0.366745
-3.091606	-4.846738	-0.563248	-0.761372	-6.517626	-0.715526	-1.490185	 0.134647	 0.168768	-6.126526	-2.714189	 0.396177
-3.466195	-4.339308	-0.560995	-0.758325	-6.491556	-0.712664	-1.484224	-0.362397	 0.278682	-6.590301	-2.703552	-0.089106
-3.645808	-4.077930	-0.558751	-0.755291	-6.465590	-0.709813	-1.478288	-0.609201	 0.333638	-6.808080	-2.692847	-0.330599
-3.727964	-4.439607	-0.556516	-1.252270	-6.439728	-0.706974	-1.472374	-0.730890	 0.361117	-6.902918	-2.682131	-0.450202
-3.761422	-4.610844	-0.554290	-1.497260	-6.413969	-0.704146	-1.466485	-0.790030	 0.374856	-6.936342	-2.671430	-0.508863
-3.270561	-4.186897	-0.552073	-1.116271	-6.388313	-0.701329	-1.460619	-0.317901	 0.381725	-6.439114	-2.160758	-0.537059
-3.019571	-3.967399	-0.549865	-0.924306	-6.362760	-0.698524	-1.454776	-0.081837	 0.385160	-6.178616	-1.902122	-0.550027
-2.888539	-3.850153	-0.547666	-0.826859	-6.337309	-0.695730	-1.448957	 0.036195	 0.386878	-6.036531	-1.769517	-0.555384
-3.317508	-3.784065	-0.545475	-0.776677	-6.311960	-0.692947	-1.443162	 0.095211	 0.387736	-5.953700	-2.199940	-0.556942
-3.524499	-3.743585	-0.543293	-0.750132	-6.286712	-0.690175	-1.437389	 0.124719	 0.388166	-5.900542	-2.409891	-0.556603
-3.620532	-4.215938	-0.541120	-0.735413	-5.761565	-0.687415	-1.431639	-0.360527	 0.388380	-5.862269	-2.509627	-0.555322
-3.661115	-4.442739	-0.538955	-0.726612	-5.488519	-0.684665	-1.425913	-0.601458	 0.388488	-5.831484	-2.554276	-0.553573
-3.674004	-4.546800	-0.536799	-1.220776	-5.841565	-0.681926	-1.420209	-0.720239	 0.388541	-6.304490	-2.571403	-0.051595
-3.673074	-4.589528	-0.534652	-1.464428	-6.005698	-0.679199	-1.414528	-0.777952	 0.388568	-6.527439	-2.574789	 0.199395
-3.665265	-4.601628	-0.532514	-1.082838	-6.075426	-0.676482	-1.408870	-0.305137	 0.388582	-6.125412	-2.571326	-0.175111
-3.654045	-4.598451	-0.530384	-0.890640	-6.097999	-0.673776	-1.403235	-0.068729	 0.388588	-5.912952	-2.564459	-0.361264
-3.641150	-4.587672	-1.028262	-1.293145	-6.597044	-0.671081	-1.397622	-0.450525	 0.388592	-5.795321	-2.555910	 0.046754
-3.627446	-4.573128	-1.274149	-1.491005	-6.832375	-0.668396	-1.392031	-0.639759	 0.388593	-5.725150	-2.546541	 0.250763
-3.613366	-4.556739	-1.394052	-1.586558	-6.935905	-0.665723	-1.386463	-0.732717	 0.388594	-5.678754	-2.536782	 0.352767
-3.599128	-4.539464	-1.450976	-1.130970	-6.473591	-0.663060	-1.380917	-0.277546	 0.388595	-5.644292	-2.526849	 0.403769
-3.584839	-4.521782	-1.476422	-0.901826	-6.230411	-0.660408	-1.375394	-0.049960	 0.388595	-5.615841	-2.516848	 0.429271
-3.570553	-4.503933	-1.486142	-0.785908	-6.096847	-0.657766	-1.369892	-0.436167	 0.388595	-5.590441	-2.506834	-0.057979
-3.556298	-4.486036	-1.488010	-0.726609	-6.018138	-0.655135	-1.364412	-0.627625	 0.388595	-5.566611	-2.496833	-0.300513
-3.542086	-4.468152	-1.485964	-0.695625	-5.966905	-0.652514	-1.358955	-0.721716	 0.388595	-6.043610	-2.486859	-0.420694
-3.527925	-4.450309	-1.481973	-0.678804	-5.929457	-0.649904	-1.353519	-0.767130	 0.388595	-6.269068	-2.476919	-0.479703
-3.513816	-4.432522	-1.477022	-1.169069	-5.898949	-0.647305	-1.348105	-0.788212	-0.111405	-5.868809	-2.467014	-0.508130
-3.499763	-4.414800	-1.471602	-1.410883	-5.871958	-0.644716	-1.342712	-0.797135	-0.360182	-5.657742	-2.457148	-0.521270
-3.485764	-4.397144	-1.465960	-1.528485	-5.846773	-0.642137	-1.337342	-0.799984	-0.483353	-5.541315	-2.447320	-0.526772
-2.971822	-4.379557	-0.960218	-1.583993	-5.822537	-0.639568	-1.331992	-0.299803	-0.543725	-5.472252	-2.437531	-0.528458
-2.709935	-4.362040	-0.707347	-1.608469	-5.798823	-0.637010	-1.326664	-0.049712	-0.572703	-5.426914	-2.427781	-0.528241
-3.074095	-4.344592	-0.580912	-1.617440	-5.775415	-0.634462	-1.321358	-0.424667	-0.085989	-5.393481	-2.418070	-0.027076
-3.249299	-4.327214	-0.517694	-1.618673	-5.752207	-0.631924	-1.316072	-0.610545	 0.157368	-5.366045	-2.408398	 0.223506
-3.330052	-4.309906	-0.486085	-1.116050	-5.729146	-0.629396	-1.310808	-0.701891	 0.279047	-5.341650	-2.398765	-0.151202
-3.363606	-4.292666	-0.470281	-0.863512	-5.706202	-0.626879	-1.305565	-0.745978	 0.339886	-5.318818	-2.389170	-0.337505
-3.373589	-4.275495	-0.462378	-0.736021	-5.683364	-0.624371	-1.300342	-0.766441	 0.370306	-5.296810	-2.379613	-0.429609
-3.371814	-4.258393	-0.458427	-0.671058	-5.660624	-0.621874	-1.295141	-0.775099	 0.385516	-5.275256	-2.370094	-0.474617
-3.364186	-4.241360	-0.456452	-0.637364	-5.637978	-0.619386	-1.289961	-0.777860	 0.393121	-5.253972	-2.360614	-0.496082
-2.853659	-4.224394	-0.955464	-0.619310	-5.615425	-0.616909	-1.284801	-0.277680	 0.396923	-5.232864	-2.351172	-0.505779
-2.593709	-4.207497	-1.202061	-0.609081	-5.592962	-0.614441	-1.279661	-0.027589	 0.398824	-5.211887	-2.341767	-0.509597
-2.959067	-4.190667	-0.822462	-0.602768	-5.570590	-0.611983	-1.774543	-0.402544	 0.399775	-5.191017	-2.332400	-0.510479
-3.135097	-4.173904	-0.632663	-0.598419	-5.548308	-0.609535	-2.017445	-0.588467	 0.400250	-5.170241	-2.323070	-0.509897
-3.216489	-3.657209	-0.537763	-1.095056	-5.526114	-0.607097	-1.634375	-0.179879	 0.400488	-5.649554	-2.313778	-0.508588
-3.250590	-3.392580	-0.490313	-1.340192	-5.504010	-0.604669	-1.440337	 0.024415	 0.400607	-5.876953	-2.304523	-0.506919
-2.761071	-3.754009	-0.466588	-1.459589	-5.481994	-0.602250	-1.340826	-0.373438	 0.400666	-5.978444	-2.295305	-0.505074
-2.511768	-3.926493	-0.454726	-1.516129	-5.460066	-0.599841	-1.288588	-0.570822	 0.400696	-6.017030	-2.286123	-0.503145
-2.382592	-4.004537	-0.448795	-1.541254	-5.438225	-0.597442	-1.259996	-0.667978	 0.400711	-6.024211	-2.276979	-0.501178
-2.813497	-4.035394	-0.945829	-1.050684	-5.416472	-0.595052	-1.743237	-0.215025	 0.400718	-5.515739	-2.267871	-0.500194
-3.022461	-4.042690	-1.191461	-0.804278	-5.394807	-0.592672	-1.980405	 0.011451	 0.400722	-5.251489	-2.258800	-0.499702
-2.620480	-3.538238	-1.311402	-0.679960	-5.373227	-0.590301	-1.594553	-0.375311	-0.099276	-5.109389	-2.249764	-0.499456
-2.415052	-3.279945	-1.368510	-0.616689	-5.351734	-0.587940	-1.399210	-0.567168	-0.348077	-5.028404	-2.240765	-0.499334
-2.807919	-3.644755	-1.394213	-0.583947	-5.330328	-0.585588	-1.299131	-0.661578	 0.028717	-4.978017	-2.231802	-0.499272
-2.997951	-3.819140	-1.404225	-0.566474	-5.309006	-0.583246	-1.246693	-0.707271	 0.217114	-4.942969	-2.222875	-0.499241
-3.086591	-3.898346	-1.406402	-0.556639	-5.287770	-0.580913	-1.218086	-0.728612	 0.311312	-4.915628	-2.213984	-0.499226
-3.124561	-3.929994	-1.404673	-0.550628	-5.266619	-0.578589	-1.201403	-0.737783	 0.358411	-4.892182	-2.205128	-0.499218
-3.137220	-3.937895	-1.401003	-0.546533	-5.245553	-0.576275	-1.190693	-0.740874	 0.381961	-4.870721	-2.196307	-0.499214
-3.137250	-3.933953	-1.396374	-0.543401	-5.224570	-0.573970	-1.182977	-0.740932	 0.393735	-5.850292	-2.187522	-0.499213
-3.130991	-3.924123	-1.391275	-0.540755	-5.203672	-0.571674	-1.176769	-0.739478	 0.399623	-6.326418	-2.178772	-0.499212
-3.121612	-3.411379	-1.385954	-1.038355	-5.182857	-0.569387	-1.171324	-0.737276	 0.402567	-5.550875	-2.170057	-0.499211
-3.110698	-3.149210	-1.380532	-1.284083	-5.162126	-0.567110	-1.166270	-0.734704	 0.404038	-5.153554	-2.161376	-0.499211
-3.099041	-3.512351	-1.375070	-1.403888	-5.141478	-0.564841	-1.161420	-0.731954	 0.404774	-5.445380	-2.152731	-0.499211
-3.087038	-3.686171	-1.369601	-1.460743	-5.120912	-0.562582	-1.156682	-0.729121	 0.405142	-5.579819	-2.144120	-0.499211
-3.074886	-3.765360	-1.364137	-0.986135	-5.100428	-0.560331	-1.152009	-0.726252	 0.405326	-5.135610	-2.135544	-0.499211
-3.062685	-3.797266	-1.358688	-0.747808	-5.080026	-0.558090	-1.147378	-0.723370	 0.405418	-4.904123	-2.127001	-0.499211
-3.050484	-3.805561	-1.353258	-0.627626	-5.059706	-0.555858	-1.142777	-0.720489	 0.405464	-4.779034	-2.118493	-0.499211
-3.038306	-3.802080	-1.347846	-0.566519	-5.039467	-0.553634	-1.138200	-0.717613	 0.405487	-5.207182	-2.110019	-0.499211
-3.026165	-3.792743	-1.342456	-0.534956	-5.019309	-0.551420	-1.133644	-0.714745	 0.405499	-5.409985	-2.101579	-0.499211
-3.014067	-3.780507	-1.337087	-1.018167	-4.999232	-0.549214	-1.129108	-0.211888	 0.405505	-5.000161	-2.093173	-0.499211
-3.002013	-3.766853	-1.331739	-1.256770	-4.979235	-0.547017	-1.124591	 0.039541	 0.405507	-4.786068	-2.084800	-0.499211
-2.990007	-3.752520	-1.326412	-1.373080	-4.959318	-0.544829	-1.120092	-0.334744	-0.094491	-4.669878	-2.076461	-0.499211
-2.978048	-3.737876	-1.321106	-1.428257	-4.939481	-0.542650	-1.115612	-0.520469	-0.343301	-4.602675	-2.068155	-0.499211
-2.966136	-3.223108	-1.315822	-1.452878	-4.919723	-0.540479	-1.111149	-0.611919	 0.033478	-4.560003	-2.059883	 0.000789
-2.954272	-2.960308	-1.310558	-1.462234	-4.900044	-0.538317	-1.106705	-0.656237	 0.221867	-4.529632	-2.051643	 0.249788
-2.942455	-3.323512	-1.305316	-0.963969	-4.880444	-0.536164	-1.102278	-0.176995	 0.316062	-4.505448	-2.043437	 0.374287
-2.930685	-3.497741	-1.300095	-0.714836	-4.860922	-0.534019	-1.097869	 0.062626	 0.363159	-4.484394	-2.035263	 0.436537
-2.918962	-3.577512	-1.294895	-0.590270	-4.841479	-0.531883	-1.093477	 0.182436	 0.386708	-4.464940	-2.027122	 0.467661
-2.907286	-3.610082	-0.789715	-0.527987	-4.822113	-0.529756	-1.089103	 0.242341	 0.398482	-4.446322	-2.019013	-0.016776
-2.895657	-3.619082	-0.537125	-0.496845	-4.802824	-0.527637	-1.084747	 0.272294	 0.404370	-4.428158	-2.010937	-0.257993
-2.884074	-3.616326	-0.410830	-0.481274	-4.783613	-0.525526	-1.080408	 0.287270	 0.407313	-4.410256	-2.002893	-0.378601
-2.872538	-3.107721	-0.847683	-0.473489	-4.764478	-1.023424	-1.076086	-0.205242	 0.408785	-4.392520	-1.994882	-0.438905
-2.861048	-2.848220	-1.063540	-0.469596	-4.745421	-1.269330	-1.071782	-0.450102	 0.409521	-4.374902	-1.986902	-0.469057
-2.849604	-3.213292	-1.168910	-0.967650	-4.226439	-0.889253	-1.067495	-0.571142	 0.409889	-4.857379	-1.978955	-0.484133
-2.838205	-3.388672	-1.219046	-1.213745	-3.959533	-0.698196	-1.063225	-0.630278	 0.410073	-5.087938	-1.971039	-0.491671
-2.826853	-3.469233	-1.241576	-0.833873	-4.318695	-0.601653	-1.058972	-0.158467	 0.410165	-4.692580	-1.963155	 0.004560
-2.815545	-3.502414	-1.250313	-0.643937	-4.488920	-0.552372	-1.054736	 0.077438	 0.410211	-4.486307	-1.955302	 0.251674
-2.804283	-3.511934	-1.252163	-0.548969	-4.564715	-0.526725	-1.050517	 0.195391	 0.410234	-4.374610	-1.947481	 0.375231
-2.793066	-3.509651	-1.250580	-0.501485	-4.593331	-0.512899	-1.046315	-0.245633	 0.410245	-4.310236	-1.939691	 0.437009
-2.781894	-3.501494	-1.247291	-0.477743	-4.598395	-0.505986	-1.042130	-0.464771	 0.410251	-4.269557	-1.931932	 0.467899
-2.770766	-3.490430	-0.743158	-0.465872	-4.591720	-0.502530	-1.037961	-0.072973	 0.410254	-4.240760	-1.424205	-0.016657
-2.759683	-3.477938	-0.491092	-0.459937	-4.579213	-0.500802	-1.033809	 0.122927	 0.410255	-4.217937	-1.168508	-0.257932
-2.748644	-2.964762	-0.365058	-0.456969	-4.063825	-0.499938	-1.029674	 0.220876	-0.089744	-4.198136	-1.538834	 0.121430
-2.737650	-2.703270	-0.302042	-0.455485	-3.799035	-0.499505	-1.025556	 0.269851	-0.338564	-4.179878	-1.720178	 0.310110
-2.726699	-2.567641	-0.770533	-0.954743	-4.159571	-0.499289	-1.521453	 0.294339	 0.038201	-4.162426	-1.807048	 0.404450
-2.715792	-2.494963	-1.002301	-1.201464	-4.330799	-0.499181	-1.765368	 0.306582	 0.226583	-4.145411	-1.846694	 0.451620
-2.704929	-2.453779	-1.115717	-1.321928	-4.407409	-0.499127	-1.883306	 0.312704	 0.320774	-4.128646	-1.862745	 0.475205
-2.694109	-2.428362	-1.169967	-0.879276	-4.436746	-0.499100	-1.438273	 0.315765	 0.367870	-4.112040	-1.867013	-0.013003
-2.683333	-2.410847	-1.194643	-0.657949	-4.442482	-0.499087	-1.213770	 0.317296	 0.391417	-4.095546	-1.865404	-0.256104
-2.172600	-2.397303	-1.204543	-0.547286	-3.936454	-0.999080	-1.099540	 0.318061	 0.403191	-4.079141	-1.860872	-0.377655
-1.913909	-2.385764	-1.207063	-0.491955	-3.676579	-1.246079	-1.040454	 0.318443	 0.409078	-4.062813	-1.854894	-0.438430
-2.281254	-2.875246	-1.205905	-0.464289	-3.539808	-0.866592	-1.008948	 0.318635	 0.412022	-4.046556	-1.848207	 0.031182
-2.459629	-3.113257	-1.202916	-0.450456	-3.464616	-0.676848	-0.991241	 0.318730	 0.413493	-4.030367	-1.841180	 0.264987
-2.043540	-2.725560	-0.699022	-0.443539	-3.920242	-0.581977	-0.980440	-0.181222	 0.414229	-4.014244	-1.833998	-0.118111
-1.832241	-2.527036	-0.447074	-0.440081	-4.139303	-0.534541	-0.973100	-0.429836	 0.414597	-3.998186	-1.826754	-0.308657
-1.723349	-2.423117	-0.321101	-0.438352	-4.240117	-0.510823	-0.967499	-0.552785	 0.414781	-3.982193	-1.819493	-0.403931
-2.165675	-2.366519	-0.258114	-0.437488	-4.281842	-0.498964	-0.962774	-0.112909	 0.414873	-3.966264	-1.312238	-0.451567
-2.381621	-2.333600	-0.226621	-0.437055	-4.294057	-0.493034	-0.958496	 0.107029	 0.414919	-3.950399	-1.057000	-0.475386
-2.484400	-2.812539	-0.710874	-0.436839	-4.291552	-0.490070	-0.954448	-0.283002	 0.414942	-3.934597	-1.427778	 0.012705
-2.530614	-3.045426	-0.950610	-0.436731	-4.281722	-0.488587	-0.950524	-0.476671	 0.414954	-3.918859	-1.609570	 0.255749
-2.548568	-2.655313	-0.568098	-0.436677	-4.268263	-0.487846	-1.446668	-0.572165	 0.414959	-3.903183	-1.696883	 0.377271
-2.552412	-2.455726	-0.376842	-0.436650	-4.253023	-0.487475	-1.690855	-0.618577	 0.414962	-3.887571	-1.736971	 0.438032
-2.549221	-2.351420	-0.781214	-0.436637	-4.236928	-0.487290	-1.309078	-0.640453	 0.414964	-3.872020	-1.753461	-0.031588
-2.542534	-2.294773	-0.981028	-0.436630	-4.220439	-0.487197	-1.116335	-0.650066	 0.414964	-3.856532	-1.758166	-0.265395
-2.534119	-2.261973	-1.078574	-0.436626	-4.203787	-0.487151	-1.018116	-0.653553	 0.414965	-3.841106	-1.756993	-0.382299
-2.524859	-2.241115	-0.624995	-0.436625	-4.187086	-0.487128	-0.967167	-0.653983	 0.414965	-3.825742	-1.752894	-0.440750
-2.515199	-2.226245	-0.398205	-0.436624	-4.170395	-0.487116	-0.939860	-0.652889	 0.414965	-3.810439	-1.747348	-0.469976
-2.505357	-2.214388	-0.284810	-0.436623	-3.653742	-0.487111	-0.924382	-0.151038	 0.414965	-3.795197	-1.741091	 0.015411
-2.495446	-2.204054	-0.228113	-0.436623	-3.389141	-0.487108	-0.914825	 0.099887	 0.414965	-3.780016	-1.734493	 0.257103
-2.485519	-2.694499	-0.199764	-0.436623	-3.750592	-0.487106	-0.908235	 0.225350	 0.414965	-3.764896	-1.727738	 0.377949
-2.475604	-2.933352	-0.185590	-0.436623	-3.923093	-0.487106	-0.903138	 0.288081	 0.414965	-3.749836	-1.720918	 0.438372
-2.465715	-2.546434	-0.178502	-0.436623	-3.501153	-0.487105	-0.898793	 0.319447	 0.414965	-3.734837	-1.714081	 0.468583
-2.455859	-2.348656	-0.174959	-0.436623	-3.284024	-0.487105	-0.894831	 0.335130	 0.414965	-3.719898	-1.707247	 0.483689
-2.446039	-2.245466	-0.173187	-0.436623	-3.169326	-0.487105	-0.891069	 0.342971	 0.414965	-3.705018	-1.700430	 0.491242
-2.436257	-2.189586	-0.172301	-0.436623	-3.105867	-0.487105	-0.887413	 0.346892	 0.414965	-3.690198	-1.693634	 0.495018
-2.426513	-2.157378	-0.171858	-0.436623	-3.068053	-0.487105	-0.883818	 0.348852	 0.414965	-3.675437	-1.686862	 0.496906
-2.416807	-2.137024	-0.171637	-0.436623	-3.543086	-0.487105	-0.880259	 0.349832	 0.414965	-3.660736	-1.180116	 0.497850
-2.407140	-2.122614	-0.171526	-0.436623	-3.772566	-0.487105	-0.876727	 0.350322	 0.414965	-3.646093	-0.925396	 0.498322
-2.397512	-2.611192	-0.671471	-0.436623	-3.379302	-0.487105	-0.873214	 0.350568	 0.414965	-3.631508	-1.296695	 0.498559
-2.387922	-2.849282	-0.919100	-0.436623	-3.176698	-0.487105	-0.869719	 0.350690	 0.414965	-3.616982	-1.479008	 0.498677
-2.378370	-2.462152	-0.540581	-0.436623	-3.569448	-0.487105	-0.866238	-0.149249	 0.414965	-3.602514	-1.566842	 0.498736
-2.368856	-2.264437	-0.351322	-0.436623	-3.757898	-0.487105	-0.862773	-0.397920	 0.414965	-3.588104	-1.607450	 0.498765
-2.359381	-2.161446	-0.256692	-0.436623	-3.844231	-0.487105	-0.859321	-0.520962	 0.414965	-3.573752	-1.624458	 0.498780
-2.349943	-2.105834	-0.709377	-0.436623	-3.879536	-0.487105	-0.855884	-0.581195	 0.414965	-3.559457	-1.629679	 0.498787
-2.340544	-2.073927	-0.933396	-0.436623	-3.889359	-0.487105	-0.852460	-0.610029	 0.414965	-3.545219	-1.629019	 0.498791
-2.331182	-2.053890	-0.543090	-0.436623	-3.386472	-0.487105	-0.849050	-0.123168	-0.085035	-3.531038	-1.625433	 0.498793
-2.321857	-2.039803	-0.347938	-0.436623	-3.129261	-0.487105	-0.845654	 0.120262	-0.333865	-3.516914	-1.620396	 0.498794
-1.812569	-2.028709	-0.250361	-0.936623	-3.494912	-0.487105	-0.842271	 0.241978	 0.042886	-3.502846	-1.614647	 0.498794
-1.555319	-2.019126	-0.201573	-1.183750	-3.670016	-0.487105	-0.838902	 0.302835	 0.231261	-3.488835	-1.608555	 0.498794
-1.924098	-2.010316	-0.177179	-1.304451	-3.749878	-0.487105	-0.835547	 0.333264	 0.325449	-3.474880	-1.102303	 0.498794
-2.103901	-2.001908	-0.164982	-1.361952	-3.782149	-0.487105	-0.832204	 0.348478	 0.372542	-3.460980	-0.847986	 0.498794
-2.189236	-1.993717	-0.158883	-1.387863	-3.790656	-0.487105	-0.828876	 0.356086	 0.396089	-3.447136	-0.719640	 0.498795
-2.227354	-1.985650	-0.155834	-0.897991	-3.287311	-0.487105	-0.825560	-0.140111	 0.407863	-3.433348	-1.154284	 0.498795
-2.241882	-1.977661	-0.154309	-0.653055	-3.030071	-0.487105	-0.822258	-0.386936	 0.413749	-3.419614	-1.368428	 0.498795
-2.244633	-1.969728	-0.653547	-1.030587	-2.895905	-0.487105	-1.318969	-0.009082	 0.416693	-3.405936	-0.972335	-0.001205
-2.241514	-1.961837	-0.900860	-1.216537	-2.823299	-0.487105	-1.563693	 0.179846	 0.418164	-3.392312	-0.773136	-0.250203
-1.735478	-1.953984	-0.522221	-0.806707	-2.781494	-0.487105	-1.182438	-0.225691	 0.418900	-3.378743	-1.172389	 0.125298
