-2.194574	-1.268398	-0.499649	-0.765094	-1.613008	-0.551947	-2.879935	-0.502801	 0.264224	-1.133387	-2.178708	-0.407397
-2.185795	-1.208149	-0.499649	-0.575504	-1.606556	-0.549739	-2.680915	-0.446020	 0.264224	-1.072213	-2.169993	-0.407397
-2.177052	-1.675729	-0.499649	-0.480709	-1.600130	-0.547541	-3.076442	-0.417630	 0.264224	-1.039604	-2.161313	-0.407397
-2.168344	-1.905233	-0.499649	-0.433311	-1.593729	-0.545350	-3.267261	-0.403435	 0.264224	-1.021285	-2.152668	-0.407397
-2.659671	-1.515715	-0.499649	-0.409613	-1.087354	-0.543169	-2.855754	-0.396337	 0.264224	-1.510120	-2.144057	-0.407397
-2.899032	-1.318703	-0.499649	-0.397763	-0.833005	-0.540996	-2.645113	-0.392788	 0.264224	-1.750539	-2.135481	-0.407397
-3.012436	-1.217954	-0.499649	-0.391839	-0.704673	-0.538832	-2.534923	-0.391014	 0.264224	-1.866767	-2.126939	-0.407397
-2.562886	-1.165346	-0.499649	-0.388876	-1.139354	-0.036677	-2.474979	-0.390127	 0.264224	-1.920915	-2.118431	-0.407397
-2.333884	-1.136816	-0.499649	-0.387395	-1.353547	 0.214401	-2.440176	-0.389683	 0.264224	-1.944039	-2.109957	-0.407397
-2.215174	-1.120334	-0.499649	-0.386654	-1.457507	-0.160060	-2.417964	-0.389461	 0.264224	-1.451667	-2.101517	-0.407397
-2.151626	-1.109886	-0.499649	-0.386284	-1.506365	-0.346222	-2.402067	-0.389350	 0.264224	-1.203562	-2.093111	-0.407397
-2.115675	-1.102462	-0.499649	-0.386099	-1.527683	 0.061762	-2.389346	-0.389295	 0.264224	-1.077598	-2.084739	-0.407397
-2.093541	-1.096561	-0.499649	-0.386006	-1.535244	 0.265754	-2.378232	-0.389267	 0.264224	-1.012714	-2.076400	-0.407397
-2.078331	-1.091429	-0.499649	-0.385960	-1.535939	-0.132250	-2.367941	-0.389253	 0.264224	-0.978375	-2.068094	-0.407397
-2.066599	-1.086690	-0.499649	-0.385937	-1.533213	-0.330192	-2.358080	-0.389246	 0.264224	-0.959318	-2.059822	-0.407397
-2.056624	-1.082157	-0.499649	-0.385925	-1.528790	-0.428106	-2.348453	-0.389243	 0.264224	-0.947909	-2.051583	-0.407397
-2.047543	-1.577735	-0.499649	-0.885920	-1.523529	-0.476011	-2.338962	-0.389241	 0.264224	-1.440332	-2.043376	-0.407397
-2.038926	-1.821377	-0.499649	-1.133145	-1.517862	-0.498916	-2.329558	-0.389240	 0.264224	-1.682677	-2.035203	-0.407397
-2.030556	-1.939069	-0.499649	-0.753997	-1.012004	-0.509325	-2.320215	-0.389240	 0.264224	-1.800000	-2.027062	-0.407397
-2.022327	-1.993801	-0.499649	-0.564423	-0.758063	-0.513490	-2.310922	-0.389240	 0.264224	-1.854827	-2.018954	-0.407397
-2.014185	-1.517070	-0.999649	-0.469636	-1.130084	-0.514537	-2.301672	-0.389240	 0.264224	-1.878421	-2.010878	-0.407397
-2.006101	-1.276623	-1.246650	-0.422242	-1.313091	-0.514029	-2.292463	-0.389239	 0.264224	-1.886414	-2.002835	-0.407397
-1.998063	-1.654328	-0.867163	-0.398546	-1.401602	-0.512748	-2.283291	-0.389239	 0.264224	-1.886622	-1.994823	-0.407397
-1.990064	-1.839116	-0.677419	-0.386697	-1.442877	-0.511085	-2.274157	-0.389239	 0.264224	-1.882952	-1.986844	-0.407397
-1.982101	-1.927462	-0.582547	-0.380773	-1.460546	-0.509234	-2.265060	-0.389239	 0.264224	-1.877358	-1.978897	-0.407397
-1.974171	-1.467604	-0.535112	-0.877811	-0.966424	-0.507294	-2.256000	-0.389239	 0.264224	-1.870818	-1.970981	-0.407397
-1.966273	-1.235659	-0.511394	-1.123580	-0.719363	-0.505314	-2.246976	-0.389239	 0.264224	-1.863819	-1.963097	-0.407397
-1.958408	-1.617679	-0.499535	-0.743726	-1.095833	-0.503317	-2.237988	-0.389239	 0.264224	-1.856606	-1.955245	-0.407397
-1.950574	-1.804690	-0.493605	-0.553799	-1.281123	-0.501316	-2.229036	-0.389239	 0.264224	-1.849301	-1.947424	-0.407397
-1.942772	-1.894212	-0.490640	-0.458835	-1.370835	-0.500315	-2.220120	-0.389239	 0.264224	-1.841965	-1.939634	-0.407397
-1.935000	-1.935006	-0.489158	-0.411354	-1.412770	-0.499815	-2.211239	-0.389239	 0.264224	-1.834627	-1.931875	-0.407397
-1.927260	-1.951451	-0.488417	-0.387613	-1.430829	-0.499564	-2.202394	-0.389239	 0.264224	-1.827304	-1.924148	-0.407397
-1.919551	-1.955738	-0.488046	-0.375742	-1.436960	-0.499439	-2.193585	-0.389239	 0.264224	-1.820002	-1.916451	-0.407397
-1.911873	-1.453961	-0.487861	-0.369807	-1.437139	 0.000623	-2.184810	-0.389239	 0.264224	-1.312726	-1.908785	-0.407397
-1.904226	-1.201168	-0.487768	-0.366840	-1.434354	 0.249653	-2.176071	-0.389239	 0.264224	-1.057477	-1.901150	-0.407397
-1.896609	-1.072875	-0.487722	-0.365356	-1.430099	 0.374168	-2.167367	-0.389239	 0.264224	-0.928248	-1.893546	-0.407397
-1.889022	-1.006839	-0.487699	-0.364614	-1.425119	-0.063575	-2.158697	-0.389239	 0.264224	-0.862035	-1.885972	-0.407397
-1.881466	-0.971940	-0.487687	-0.364243	-1.419789	-0.281443	-2.150063	-0.389239	 0.264224	-0.827337	-1.878428	-0.407397
-1.873940	-1.452616	-0.487681	-0.364057	-1.414295	 0.109622	-2.141462	-0.389239	 0.264224	-1.308403	-1.870914	-0.407397
-1.866445	-1.689088	-0.487679	-0.363965	-1.408731	 0.304154	-2.132896	-0.389239	 0.264224	-1.545357	-1.863430	-0.407397
-1.858979	-1.303472	-0.487677	-0.363918	-0.903142	 0.401420	-2.124365	-0.389239	 0.264224	-1.160269	-1.855977	-0.407397
-1.851543	-1.108829	-0.487676	-0.363895	-0.650348	 0.450053	-2.115867	-0.389239	 0.264224	-0.966175	-1.848553	-0.407397
-1.844137	-1.009679	-0.487676	-0.363884	-0.523951	 0.474369	-1.607404	-0.389239	 0.264224	-0.867584	-1.841158	-0.407397
-1.836760	-0.958283	-0.487676	-0.363878	-0.460752	 0.486527	-1.350974	-0.389239	 0.264224	-0.816750	-1.833794	-0.407397
-1.829413	-0.930771	-0.487676	-0.363875	-0.429153	 0.492606	-1.220570	-0.389239	 0.264224	-0.789802	-1.826459	-0.407397
-1.822095	-0.915208	-0.487676	-0.363873	-0.413353	 0.495646	-1.153188	-0.389239	 0.764224	-0.774802	-1.819153	 0.092603
-1.814807	-0.905628	-0.487676	-0.363873	-0.405453	 0.497166	-1.117325	-0.389239	 1.011696	-0.765782	-1.811876	 0.341418
-1.807548	-0.899046	-0.487676	-0.363872	-0.401504	 0.497926	-0.597231	 0.110761	 1.132913	 0.740241	-0.804629	 0.464645
-1.800318	-0.893970	-0.487676	-0.363872	-0.399529	 0.498305	-0.337184	 0.359539	 1.191013	 1.488760	-0.301005	 0.525083
-0.293116	 4.110346	 0.012324	 0.136128	 1.101459	 0.498495	 1.792840	 0.482712	 1.717565	 6.858545	 1.450807	 0.554131
 0.458056	 6.594275	 0.261300	 0.384856	 1.846748	 0.498590	 2.850006	 0.543086	 1.976353	 9.518981	 2.320308	 0.567488
 2.331224	 10.318083	 0.384767	 0.507952	 2.214208	 0.998638	 4.370774	 0.572067	 1.101277	 17.324840	 3.748678	 0.073005
 3.259399	 12.151903	 0.445484	 0.568239	 2.392775	 1.245664	 5.119376	 0.585355	 0.663739	 21.177508	 4.452510	-0.174236
 3.715111	 13.040842	 0.474830	 0.597125	 2.476916	 1.366192	 5.481940	 0.590801	 0.444970	 23.053782	 4.794113	-0.297857
 5.934626	 18.457451	-0.011505	 0.610316	 2.513864	 1.423483	 9.151534	 1.592332	 1.835585	 35.442059	 11.454643	 2.140333
 7.028075	 21.118008	-0.254673	 0.615664	 2.527236	 1.449166	 10.960688	 2.087910	 2.524440	 41.620594	 14.748677	 3.350271
 13.058556	 32.400729	 1.623743	 2.117097	 4.528841	 2.459058	 12.339726	 2.830532	 1.862441	 44.694320	 17.859609	 3.446119
 16.035619	 38.026247	 2.555947	 2.860576	 5.516583	 2.957067	 13.001807	 3.194696	 1.529041	 46.215340	 19.373134	 3.486959
 18.486125	 43.323227	 2.515073	 3.225107	 5.997445	 3.199161	 13.305520	 3.369661	 1.859950	 51.460071	 20.588123	 3.500324
 19.669505	 45.955400	 2.489687	 3.400193	 6.224920	 3.313325	 13.430158	 3.450054	 2.021022	 54.066120	 21.152012	 3.499979
 20.719489	 48.255236	 2.972066	 3.480586	 6.325752	 3.363552	 13.465367	 3.483190	 2.097194	 56.352893	 21.890524	 3.492807
 21.200942	 49.388368	 3.206346	 3.513660	 6.363315	 3.381838	 13.455971	 3.492725	 2.130934	 57.479494	 22.214522	 3.482250
 21.398304	 49.938215	 3.316605	 3.523104	 6.369295	 3.384181	 13.424379	 3.490488	 2.143474	 58.026075	 22.331444	 3.470028
 21.953793	 51.196486	 3.364881	 3.520761	 6.359534	 3.378579	 13.381798	 3.482393	 2.145432	 59.282714	 22.845008	 2.957001
 22.186519	 51.808836	 3.382192	 3.512552	 6.341954	 3.369033	 13.333829	 3.471397	 2.142116	 59.894248	 23.055073	 2.695600
 22.258044	 52.098293	 3.384049	 3.501440	 6.320516	 3.357540	 13.283273	 3.458978	 2.136181	 59.183297	 22.613576	 2.560031
 22.249147	 52.226570	 3.378206	 3.488902	 6.297198	 3.345102	 13.231529	 3.445876	 2.128953	 58.811370	 22.348482	 2.487398
 22.200218	 52.274323	 3.368539	 3.475681	 6.272992	 3.332218	 13.179298	 3.932459	 2.121095	 58.609021	 22.171769	 2.946251
 22.131451	 52.281480	 3.356988	 3.462146	 6.248391	 3.319137	 13.126928	 4.166912	 2.112940	 58.491126	 22.039422	 3.168868
 22.052942	 52.268405	 3.344522	 3.948481	 6.223643	 3.305984	 13.074594	 3.775336	 2.104653	 58.415526	 21.929435	 2.773393
 21.969739	 52.245481	 3.331625	 4.182778	 6.198871	 3.292822	 13.022382	 3.572781	 2.096316	 58.361339	 21.830802	 2.570900
 21.884364	 52.217698	 3.318539	 4.291093	 6.174137	 3.279682	 12.970336	 3.464763	 2.087972	 58.317924	 21.738022	 2.464917
 21.798079	 52.187550	 3.305385	 3.836452	 6.149471	 3.266579	 12.918477	 3.404040	 2.079641	 58.279961	 21.648341	 2.407207
 21.711513	 52.156486	 3.292223	 3.602368	 6.124889	 3.253520	 12.866814	 3.366992	 2.071333	 58.244989	 21.560383	 2.373653
 21.624980	 51.625027	 3.279084	 3.978589	 6.100397	 3.240510	 12.815352	 3.341808	 2.063052	 58.211576	 21.473459	 2.352196
 21.538636	 51.343235	 3.265983	 4.157990	 6.075999	 3.227550	 12.764093	 3.322583	 2.054803	 58.178807	 21.387224	 2.336806
 21.452560	 51.686340	 3.252927	 4.239016	 6.051697	 3.214640	 12.713038	 3.806364	 2.046585	 58.146424	 21.301505	 2.324468
 21.366789	 51.841757	 3.239919	 4.270888	 6.027491	 3.201782	 12.662187	 4.039674	 2.038399	 58.114097	 21.216214	 2.313675
 21.281341	 51.403396	 3.226961	 4.278219	 6.003382	 3.188976	 12.611538	 4.147783	 2.030246	 58.081863	 21.131306	 2.803673
 21.196226	 51.168009	 3.214054	 4.273313	 5.979368	 3.176220	 12.561092	 4.193326	 2.022125	 58.049541	 21.046760	 3.042084
 21.111446	 51.034175	 3.201198	 4.262324	 5.955451	 3.163515	 12.510848	 4.207619	 2.014037	 58.017238	 20.962562	 3.154729
 21.027002	 50.951181	 3.188394	 4.248326	 5.931629	 3.150861	 12.460804	 3.706322	 2.005980	 57.985010	 20.878706	 3.204517
 20.942896	 50.893872	 3.175640	 4.232859	 5.907903	 3.138257	 12.410961	 3.449264	 1.997957	 57.953084	 20.795189	 3.222902
 20.859125	 50.849468	 3.162938	 3.716690	 5.884271	 3.125704	 12.361317	 3.314350	 1.989965	 57.421372	 20.212007	 3.225612
 20.775688	 50.811980	 3.150286	 3.452205	 5.860734	 3.113202	 12.311872	 3.240534	 1.982005	 57.140230	 19.881158	 3.220510
 20.692586	 50.778012	 2.637685	 3.813587	 5.837291	 3.100749	 12.262625	 3.697293	 1.974077	 56.984434	 20.176633	 3.211529
 20.609816	 50.745463	 2.377134	 3.985928	 5.813942	 3.088346	 12.213574	 3.917364	 1.966181	 56.890972	 20.283426	 3.200633
 20.527376	 50.713687	 2.742626	 3.563782	 5.790686	 3.075992	 12.164720	 3.519125	 1.958316	 56.828739	 20.296043	 3.188805
 20.445267	 50.682560	 2.919155	 3.346426	 5.767523	 3.063688	 12.116061	 3.313764	 1.950483	 56.782383	 20.261733	 3.176538
 20.363486	 50.651817	 3.001228	 3.231490	 5.744453	 3.051434	 12.067597	 3.204866	 1.942681	 56.744027	 20.204124	 3.164075
 19.782032	 50.621328	 3.036099	 3.667788	 5.721476	 3.039228	 12.019326	 3.144225	 1.934910	 56.709730	 20.135026	 2.651541
 19.452904	 50.591225	 3.047392	 3.877729	 5.698590	 3.027071	 11.971249	 3.107738	 1.927170	 56.677724	 20.060345	 2.390996
 19.750092	 50.561376	 3.046921	 3.974525	 5.675795	 2.514963	 11.923364	 2.583352	 1.919462	 56.646923	 19.983034	 2.756462
 19.858592	 50.531713	 3.040592	 4.014780	 5.653092	 2.254903	 11.875671	 2.317041	 1.911784	 56.616784	 19.904566	 2.932952
 19.372907	 50.502201	 3.031360	 4.026797	 5.630480	 2.620883	 11.828168	 3.179784	 1.904137	 56.587034	 19.825681	 3.014977
 19.092291	 50.472424	 3.020699	 4.024728	 5.607958	 2.797900	 11.780855	 3.603070	 1.896520	 56.557138	 19.746744	 3.049796
 18.914359	 50.442574	 3.009349	 4.015648	 6.085526	 2.880458	 11.733732	 3.806661	 1.888934	 56.527229	 19.667940	 3.061037
 18.787920	 50.412548	 2.997678	 4.003095	 6.311184	 2.915811	 11.686797	 3.900435	 1.881378	 56.497173	 19.589360	 3.060512
 18.687378	 50.382494	 2.985870	 3.988838	 6.410939	 2.927586	 11.640050	 3.939334	 1.873853	 56.467104	 19.511048	 3.054130
 18.599933	 50.352486	 2.974018	 3.973760	 5.947795	 2.927594	 11.593490	 3.450827	 1.866357	 56.437089	 19.433027	 2.544843
 18.519186	 50.323161	 2.962168	 3.958304	 5.705254	 2.921743	 11.547116	 3.200649	 1.858892	 56.407760	 19.355306	 2.286129
 17.941935	 48.294235	 2.450342	 2.942690	 6.073058	 2.912986	 11.000927	 3.069659	 1.851456	 53.378832	 17.777891	 3.152717
 17.618581	 47.266566	 2.190552	 2.431029	 6.244078	 2.902799	 10.706923	 2.998287	 1.844051	 51.851162	 16.956782	 3.577972
 15.922313	 44.239577	 2.056796	 2.171359	 3.816758	 1.891920	 6.539096	 1.456747	-0.163326	 39.574173	 9.513956	 0.782593
 15.045727	 42.716505	 1.986071	 2.037701	 2.600320	 1.384718	 4.450439	 0.685977	-1.162672	 33.381084	 5.788401	-0.611070
 9.579096	 30.945430	 0.946878	 0.967064	 1.989332	 0.629363	 3.401388	-0.199408	-0.658022	 24.730164	 2.921498	-0.303893
 6.837555	 25.021544	 0.427282	 0.431746	 1.681082	 0.251685	 2.872157	-0.639931	-0.405696	 20.372545	 1.488046	-0.150304
 5.458593	 22.021406	 0.167484	 0.164086	 1.524211	 0.062846	 2.602856	-0.858032	-0.279534	 18.161706	 0.771321	-0.073510
 3.260952	 16.483294	-0.462415	-0.469743	 0.943041	-0.031574	 1.463538	-0.964930	-0.216452	 12.524385	-0.587042	-0.035112
 2.160005	 13.692348	-0.775180	-0.784451	 0.652456	-0.078783	 0.893879	-1.016235	-0.184912	 9.691950	-1.262333	-0.015914
-0.892586	 6.275072	-0.929387	-0.939606	-0.492836	-0.102388	-1.390950	-1.039753	-0.669141	 3.262013	-3.596103	-0.506315
-2.410992	 2.568718	-1.004323	-1.014995	-1.062206	-0.114191	-2.526013	-1.049385	-0.908949	 0.053381	-4.751128	-0.749521
-4.162335	-0.282183	-1.039632	-1.050508	-1.843628	-0.120092	-3.086223	-1.052083	-1.026556	-2.044625	-5.316829	-0.869139
-5.026180	-1.701368	-1.055137	-1.066093	-2.229089	-0.123043	-3.359034	-1.051323	-1.083071	-3.085342	-5.587914	-0.926971
-5.446322	-2.904719	-1.060748	-1.071722	-2.416590	-0.124518	-3.988177	-1.048841	-1.109049	-3.597449	-5.711738	-1.453917
-5.644660	-3.498178	-1.061421	-1.072381	-2.505133	-0.125255	-4.293513	-1.045508	-1.119768	-3.845283	-5.761979	-1.713428
-5.732144	-3.786725	-1.059634	-1.070565	-2.544217	-0.125624	-4.436984	-1.041757	-1.122867	-3.961014	-5.775476	-1.839238
-5.764246	-3.922848	-1.056624	-1.067520	-2.558592	-0.625809	-4.499558	-1.537805	-1.122164	-4.510726	-5.770646	-1.898213
-5.768704	-3.982791	-1.053012	-1.063868	-2.560634	-0.873649	-4.521721	-1.781762	-1.119570	-4.775461	-5.756699	-1.923786
-5.759387	-4.004677	-1.049107	-1.059922	-2.556529	-0.995326	-5.023715	-1.399688	-1.616039	-4.397748	-5.738240	-1.932674
-5.743229	-4.007567	-1.045064	-1.055836	-2.549372	-1.053931	-5.263660	-1.206617	-1.860048	-4.200852	-5.717571	-1.933235
-5.723695	-4.000991	-1.040961	-1.051690	-2.540709	-1.081008	-4.872626	-1.108054	-1.477845	-4.094396	-5.695843	-1.929647
-5.702520	-3.989714	-1.036835	-1.047522	-2.531314	-1.092330	-4.668145	-1.056753	-1.284552	-4.033192	-5.673631	-1.924002
-5.680570	-3.976119	-1.032707	-1.043352	-2.521572	-1.095784	-4.556978	-1.029092	-1.185723	-3.994646	-5.651222	-1.917342
-5.658277	-3.961396	-1.028586	-1.039188	-2.511678	-1.095313	-4.492502	-1.013259	-1.134135	-3.967461	-5.628760	-1.910191
-5.635859	-3.946142	-1.024477	-1.035036	-2.501727	-1.092887	-4.451408	-1.003347	-1.106175	-3.945987	-5.606316	-1.902809
-5.613423	-3.930653	-1.020381	-1.030898	-2.491768	-1.089494	-4.422041	-0.996404	-1.090039	-4.427402	-5.583926	-1.895328
-5.591023	-3.915078	-1.016301	-1.026776	-2.481825	-1.085625	-4.398572	-0.990954	-1.079824	-4.658291	-5.561608	-1.887811
-5.568686	-3.899491	-1.012236	-1.022669	-2.471909	-1.081527	-4.378087	-0.986258	-1.072576	-4.263958	-5.539371	-1.880292
-5.546425	-3.883930	-1.008187	-1.018579	-2.462028	-1.077323	-4.359130	-0.981947	-1.066822	-4.059052	-5.517218	-1.872787
-5.524246	-3.868413	-1.004155	-1.514505	-2.452183	-1.073074	-4.340970	-0.977836	-1.061823	-4.448890	-5.495151	-1.365304
-5.502152	-3.852949	-1.000138	-1.758447	-2.442376	-1.068813	-4.323245	-0.973833	-1.057210	-4.634132	-5.473172	-1.109847
-5.480145	-3.837541	-0.996138	-1.376413	-2.432607	-1.064553	-4.305772	-1.469892	-1.052798	-4.717115	-5.451280	-0.980410
-5.458226	-3.822194	-0.992153	-1.183407	-2.422877	-1.060302	-4.288458	-1.713989	-1.048495	-4.749005	-5.429475	-0.913989
-5.436393	-3.806906	-0.988185	-1.084924	-2.413185	-1.056065	-4.271259	-1.832122	-1.044255	-4.755389	-5.407757	-0.879084
-5.414648	-3.791679	-0.984232	-1.033709	-2.403533	-1.051842	-4.254152	-1.387288	-1.040056	-4.249057	-5.386126	-1.359943
-5.392989	-3.776512	-0.980295	-1.006137	-2.393919	-1.047636	-4.237124	-1.162986	-1.035884	-3.988406	-5.364582	-1.596690
-5.371417	-3.761407	-0.976374	-0.990393	-2.384343	-1.043446	-4.720170	-1.048958	-1.031735	-3.850625	-5.343123	-1.711397
-5.349932	-3.746361	-0.972468	-0.980573	-2.374806	-1.039272	-4.951286	-0.990073	-1.027605	-3.774309	-5.321751	-1.765099
-5.328532	-3.731376	-0.968578	-0.973721	-2.365306	-1.035115	-4.556479	-0.958769	-1.023493	-3.728755	-5.300464	-1.288312
-5.307218	-3.716450	-0.964704	-0.968361	-2.355845	-1.030975	-4.350753	-0.941262	-1.019398	-3.698611	-5.279262	-1.048295
-5.285989	-3.701584	-0.960845	-0.963755	-2.346422	-1.026851	-4.239599	-0.930661	-1.015320	-3.676202	-5.258145	-0.926670
-5.264845	-3.686778	-0.957002	-0.959534	-2.337036	-1.022744	-4.175766	-0.923520	-1.011259	-3.657690	-5.237112	-0.864248
-5.243786	-3.672031	-0.953174	-0.955512	-2.327688	-1.018653	-4.135625	-1.418117	-1.007214	-3.641156	-5.216164	-0.831433
-5.222810	-3.657343	-0.949361	-0.951599	-2.318377	-1.014578	-4.107364	-1.661590	-1.003185	-3.625640	-5.195299	-0.813428
-5.201919	-3.642713	-0.945564	-0.947747	-2.309104	-1.010520	-4.085075	-1.779517	-0.999172	-3.610661	-5.174518	-0.802835
-5.181112	-3.628143	-0.941782	-0.943933	-2.299867	-1.006478	-4.065805	-1.334685	-0.995175	-3.595981	-5.153820	-1.295954
-5.160387	-3.613630	-0.938014	-0.940146	-2.290668	-1.002452	-4.048077	-1.110489	-0.991195	-3.581478	-5.133205	-1.538935
-5.639746	-3.599175	-0.934262	-1.436379	-2.281505	-0.998442	-4.031152	-0.996619	-0.987230	-3.567092	-5.112672	-1.156862
-5.867187	-3.584779	-0.930525	-1.680631	-2.272379	-0.994448	-4.014661	-0.937918	-0.983281	-3.552794	-5.092221	-0.964276
-5.468718	-3.570440	-0.926803	-1.298907	-2.263290	-0.990471	-3.998420	-0.906809	-0.979348	-3.538568	-5.071852	-0.866440
-5.259343	-3.556158	-0.923096	-1.106211	-2.254236	-0.986509	-3.982334	-0.889504	-0.975430	-3.524407	-5.051565	-0.815984
-5.144556	-3.541933	-0.919404	-1.008035	-2.245220	-0.982563	-3.966359	-0.879106	-0.971529	-3.510305	-5.031359	-0.789225
-5.077102	-3.527766	-0.915726	-0.957128	-2.236239	-0.978632	-3.950471	-0.872170	-0.967643	-3.496262	-5.011233	-0.774321
-5.033356	-3.513654	-0.912063	-0.929862	-2.227294	-0.974718	-3.934658	-0.866972	-0.963772	-3.482276	-4.991188	-0.765350
-5.001504	-3.499600	-0.908415	-0.914424	-2.218385	-0.970819	-3.918913	-0.862649	-0.959917	-3.468347	-4.971224	-0.759352
-4.975639	-3.485601	-0.904781	-0.904907	-2.209511	-0.966936	-3.903235	-0.858771	-0.956077	-3.454473	-4.951339	-0.754846
-4.952807	-3.471659	-0.901162	-0.898357	-2.200673	-0.963068	-3.887620	-0.855122	-0.952253	-3.440655	-4.931533	-1.251092
-4.931531	-3.457772	-0.897557	-0.893299	-2.191870	-0.959216	-3.872069	-0.851595	-0.948444	-3.426892	-4.911807	-1.495721
-4.911072	-3.443941	-0.893967	-1.388993	-1.683103	-0.955379	-3.856581	-0.848135	-0.944650	-3.413185	-4.892160	-1.114554
-4.891062	-3.430166	-0.890391	-1.633071	-1.426370	-0.951557	-3.841154	-0.844716	-0.940872	-3.399532	-4.872591	-0.922504
-4.871314	-3.416445	-0.886830	-1.251356	-1.795665	-0.947751	-3.825789	-1.341324	-0.937108	-3.385934	-4.853101	-0.825019
-4.851737	-3.402779	-0.883282	-1.058759	-1.975982	-0.943960	-3.810486	-1.585952	-0.933360	-3.372390	-4.833689	-0.774821
-4.832285	-3.389168	-0.879749	-0.960728	-2.061828	-0.940184	-3.795244	-1.704604	-0.929626	-3.358900	-4.814354	-0.748272
-4.812933	-3.375611	-0.876230	-0.909987	-2.100456	-0.936424	-3.780063	-1.760284	-0.925908	-3.345465	-4.795096	-0.733555
-4.793669	-3.362109	-0.872725	-0.882898	-2.115492	-0.932678	-3.764943	-1.784492	-0.922204	-3.332083	-4.775916	-0.724758
-4.774489	-4.348660	-0.869234	-0.867642	-2.118748	-0.928947	-3.749883	-1.292979	-0.918515	-3.318755	-4.756812	-0.718928
-4.755388	-4.831266	-0.865758	-0.858310	-2.116133	-0.925231	-3.734884	-1.045619	-0.914841	-3.305480	-4.737785	-0.714587
-4.736365	-4.061941	-0.862295	-0.851945	-2.110598	-0.921530	-3.719944	-0.920343	-0.411182	-3.292258	-4.718834	-0.710996
-4.717419	-3.670693	-0.858845	-0.847072	-2.103620	-0.917844	-3.705064	-0.856115	-0.159352	-3.279089	-4.699959	-0.707785
-4.698549	-3.468510	-0.855410	-0.842951	-2.095938	-0.914173	-3.690244	-0.822417	-0.533437	-3.265972	-4.681159	-0.704771
-4.679755	-3.360886	-0.851988	-0.839213	-2.087921	-0.910516	-3.675483	-0.803990	-0.718665	-3.252908	-4.662434	-0.701860
-4.661036	-3.300568	-0.848580	-0.835673	-2.079752	-0.906874	-3.660781	-0.793206	-0.809471	-3.239897	-4.643784	-0.699007
-4.642391	-3.263928	-0.845186	-0.832238	-2.071525	-0.903247	-3.646138	-0.786249	-0.853073	-3.226937	-4.625209	-0.696188
-4.623822	-3.239153	-0.841805	-0.828864	-2.063284	-0.899634	-3.631554	-0.781212	-0.873081	-3.214030	-4.606708	-0.693392
-4.605326	-3.220337	-0.838438	-0.825525	-2.055054	-0.896035	-3.617027	-0.777141	-0.881299	-3.201173	-4.588282	-0.690613
-4.586905	-3.204526	-0.835084	-0.822212	-2.046845	-0.892451	-3.602559	-0.773559	-0.883629	-3.188369	-4.569928	-0.687847
-4.568558	-3.190243	-0.831744	-0.818917	-2.038664	-0.888881	-4.088149	-0.770229	-0.383022	-3.175615	-4.551649	-0.685095
-4.550283	-3.176750	-0.828417	-0.815639	-2.030512	-0.885326	-4.321796	-0.767030	-0.132718	-3.162913	-4.533442	-0.682353
-4.532082	-3.163677	-0.825103	-0.812375	-2.022391	-0.881784	-3.929509	-0.763902	-0.007567	-3.150261	-4.515308	-0.679624
-4.513954	-3.150839	-0.821803	-0.809124	-2.014303	-0.878257	-3.726291	-0.760817	 0.055009	-3.137660	-4.497247	-0.676905
-4.495898	-3.138144	-0.818516	-0.805887	-2.006246	-0.874744	-3.617636	-0.757759	 0.086297	-3.125109	-4.479258	-0.674197
-4.477914	-2.625546	-0.815242	-0.802664	-1.998221	-0.871245	-3.556290	-0.754721	-0.398059	-3.112609	-4.461341	-0.671500
-4.460003	-2.365021	-0.811981	-0.799453	-1.990228	-0.867760	-3.518628	-0.751698	-0.638472	-3.100159	-4.443496	-0.668814
-4.442163	-2.230549	-0.808733	-0.796255	-1.982267	-0.864289	-3.492835	-0.748689	-0.756921	-3.587758	-4.425722	-0.666139
-4.424394	-2.159121	-0.805498	-0.793070	-1.974338	-0.860832	-3.473004	-0.745694	-0.814394	-3.823407	-4.408019	-0.663475
-4.406697	-2.619232	-0.802276	-0.789898	-1.966441	-0.857389	-3.456182	-0.742711	-0.341388	-3.433113	-4.390387	-0.660821
-4.389070	-2.843128	-0.799067	-0.786738	-1.958575	-0.853959	-3.440893	-0.739739	-0.104884	-3.231881	-4.372825	-0.658177
-4.371513	-2.948943	-0.795870	-0.783591	-1.950741	-0.850543	-3.426397	-0.736780	-0.486632	-3.125203	-4.355334	-0.655545
-4.354027	-2.995740	-0.792687	-0.780457	-1.942938	-0.847141	-3.412325	-0.733833	-0.675770	-3.065827	-4.337913	-0.652922
-4.336611	-3.013054	-0.789516	-0.777335	-1.935166	-0.843753	-3.398492	-0.730898	-0.768609	-3.030127	-4.320561	-0.650311
-4.319265	-3.015650	-0.786358	-0.774226	-1.927425	-0.840378	-3.384807	-0.727974	-0.813305	-3.006287	-4.303279	-0.647710
-4.301988	-3.010912	-0.783213	-0.771129	-1.919716	-0.837016	-3.371222	-0.725062	-0.833937	-2.988403	-4.286066	-0.645119
-4.284780	-3.002530	-0.780080	-0.768044	-1.912037	-0.833668	-3.357714	-0.722162	-0.342544	-2.973520	-4.268921	-0.642538
-4.267641	-2.992351	-0.776960	-0.764972	-1.904389	-0.830333	-3.344272	-0.719273	-0.096848	-2.960161	-4.251846	-0.639968
-4.250570	-2.981297	-0.773852	-0.761912	-1.396771	-0.827012	-3.330889	-0.716396	-0.474000	-2.947588	-4.234838	-0.637408
-4.233568	-2.969830	-0.770756	-0.758865	-1.141184	-0.823704	-3.317563	-0.713531	-0.660873	-2.935431	-4.217899	-0.634859
-4.216634	-2.958179	-0.767673	-0.755829	-1.011619	-0.820409	-3.304291	-0.710677	-0.252615	-2.923506	-4.201027	-0.632319
-4.199767	-2.946461	-0.764603	-0.752806	-0.945073	-0.817127	-3.291073	-0.707834	-0.048485	-2.911721	-4.184223	-0.629790
-4.182968	-2.934733	-0.761544	-0.749795	-0.910043	-0.813859	-3.277908	-0.705003	 0.053580	-2.900028	-4.167486	-0.627271
-4.166236	-2.923022	-0.758498	-0.746795	-1.390777	-0.810604	-3.264797	-1.202183	-0.395388	-2.888405	-4.150816	-0.624762
-4.149571	-2.911344	-0.755464	-0.743808	-1.627402	-0.807361	-3.251737	-1.447374	-0.618183	-2.876840	-4.134213	-0.622263
-4.132973	-2.899706	-0.752442	-0.740833	-1.741986	-0.804132	-3.238730	-1.566584	-0.227899	-2.865327	-4.117676	-0.619774
-4.116441	-2.888111	-0.749432	-0.737870	-1.795565	-0.800915	-3.225775	-1.622818	-0.032757	-2.853863	-4.101206	-0.617294
-4.099975	-2.876560	-0.746435	-0.734918	-1.818656	-0.797711	-3.212872	-1.147577	 0.064814	-2.842446	-4.084801	-0.614825
-4.083575	-2.865055	-0.743449	-0.731979	-1.826518	-0.794521	-3.200021	-0.908611	 0.113600	-2.831075	-4.068462	-0.612366
-4.067241	-2.853595	-0.740475	-0.729051	-1.326780	-0.791343	-3.687221	-0.787789	 0.137993	-2.819751	-4.052188	-0.609917
-4.050972	-2.842181	-0.737513	-0.726134	-1.075257	-0.788177	-3.922472	-0.726045	 0.150189	-2.808471	-4.035979	-0.607477
-4.034768	-2.830812	-0.734563	-0.723230	-0.947848	-0.785024	-4.031782	-0.693844	 0.156287	-2.797237	-4.019835	-0.605047
-4.018629	-2.819489	-0.731625	-0.720337	-1.382503	-0.781884	-3.578155	-0.676420	 0.159336	-2.786048	-4.003756	-0.602627
-4.002555	-2.808211	-0.728698	-0.717456	-1.596196	-0.778757	-3.345092	-0.666390	 0.160861	-2.774904	-3.987741	-0.600216
-4.486544	-2.796978	-0.725784	-1.214586	-1.699423	-0.775642	-3.222337	-0.660062	 0.161623	-2.763805	-3.971790	-0.597815
-4.718598	-2.785791	-0.722881	-1.459727	-1.747431	-0.772539	-3.154760	-0.655591	 0.162004	-2.752749	-3.955903	-0.595424
-4.324724	-2.774647	-0.719989	-1.078889	-1.767844	-0.769449	-3.114797	-0.652053	 0.162195	-2.741738	-3.940079	-0.593042
-4.119925	-2.763549	-0.717109	-0.887073	-1.774474	-0.766371	-3.088666	-0.648987	 0.162290	-2.730771	-3.924319	-0.590670
-4.009695	-2.752495	-0.714241	-0.789775	-1.774227	-0.763306	-3.069475	-0.646162	 0.162338	-2.719848	-3.908621	-0.588308
-3.946781	-2.741485	-0.711384	-0.739741	-1.770555	-0.760253	-3.053780	-0.643463	 0.162362	-2.708969	-3.892987	-0.585954
-3.907557	-2.730519	-0.708538	-0.713344	-1.765186	-0.757212	-3.039855	-0.640832	 0.162374	-2.698133	-3.877415	-0.583611
-3.880208	-2.719597	-0.705704	-0.698772	-1.758981	-0.754183	-3.026842	-0.638240	 0.162380	-2.687341	-3.861905	-0.581276
-3.858828	-2.708718	-0.702881	-0.690118	-1.752374	-0.751166	-3.014307	-0.635673	 0.162383	-2.676591	-3.846458	-0.578951
-3.840463	-2.697883	-0.700070	-0.684427	-1.745578	-0.748161	-3.002036	-0.633123	 0.162384	-2.665885	-3.831072	-0.576635
-3.823636	-2.687092	-0.697269	-0.680225	-1.738703	-0.745169	-2.989921	-0.630587	 0.162385	-2.655221	-3.815747	-0.574329
-3.807609	-2.676343	-0.694480	-0.676771	-1.731802	-0.742188	-2.977908	-0.628063	 0.162385	-2.644600	-3.800484	-0.572031
-3.792012	-2.665638	-0.691702	-0.673698	-1.724901	-0.739219	-2.965970	-0.625550	 0.162385	-2.634022	-3.785283	-0.569743
-3.776661	-2.654976	-0.688936	-0.670820	-1.718015	-0.736262	-2.954092	-0.623047	-0.337615	-2.623486	-3.770141	-0.567464
-3.761463	-2.644356	-0.686180	-0.668045	-1.711150	-0.733317	-2.942269	-0.620555	-0.585939	-2.612992	-3.755061	-0.565194
-4.246371	-2.133778	-0.683435	-0.665327	-1.704308	-0.730384	-2.930497	-0.618072	-0.708433	-2.602540	-3.740041	-0.562934
-4.479363	-1.875243	-0.680701	-0.662643	-1.697493	-0.727463	-2.918773	-0.615600	-0.768018	-2.592130	-3.725080	-0.560682
-4.586434	-1.742742	-0.677979	-0.659981	-1.690704	-0.724553	-2.907097	-0.613137	-0.796156	-2.581761	-3.710180	-0.558439
-4.130583	-2.173271	-1.175267	-0.657336	-1.683941	-0.721654	-2.895469	-0.610685	-0.308576	-2.571434	-3.695339	-0.556205
-3.895307	-2.383328	-1.420566	-0.654703	-1.677206	-0.718768	-2.883887	-0.608242	-0.064786	-2.561149	-3.680558	-0.553981
-3.770350	-2.483170	-1.039883	-0.652083	-1.670497	-0.715893	-2.872351	-0.605809	 0.057109	-2.550904	-3.665836	-0.551765
-3.700580	-2.527925	-0.848224	-0.649474	-1.663815	-0.713029	-2.860861	-0.603386	 0.118057	-2.540700	-3.651172	-0.549558
-3.658434	-2.045157	-0.751081	-0.646876	-1.657160	-0.710177	-2.849418	-1.100972	 0.148531	-2.530538	-3.636568	-0.547359
-3.630128	-1.800648	-0.701202	-0.644288	-1.650531	-0.707336	-2.838020	-1.346568	 0.163767	-2.520415	-3.622022	-0.545170
-3.608771	-2.175281	-0.674959	-0.641711	-1.643929	-0.704507	-2.826668	-1.466182	 0.171386	-2.510334	-3.607533	-0.542989
-3.590918	-2.357498	-0.660541	-0.639144	-1.637353	-0.701689	-2.815361	-1.522817	 0.175195	-2.500292	-3.593103	-0.540817
-3.574846	-2.443527	-0.652039	-0.636587	-1.630804	-0.698882	-2.804100	-1.547976	 0.177100	-2.490291	-3.578731	-0.538654
-3.559692	-1.981482	-0.646501	-0.634041	-1.624281	-0.696087	-2.792884	-1.057409	 0.178052	-2.480330	-3.564416	-1.036499
-3.545026	-1.747421	-0.642450	-0.631505	-1.617784	-0.693302	-2.781712	-0.810992	 0.178528	-2.470409	-3.550158	-1.282353
-3.530632	-2.127364	-0.639148	-1.128979	-1.611313	-0.690529	-2.770585	-1.186654	 0.178766	-2.460527	-3.535958	-0.902224
-3.516403	-2.312321	-0.636225	-1.374463	-1.604867	-0.687767	-2.759503	-1.371361	 0.178885	-2.450685	-3.521814	-0.711115
-3.502284	-2.399804	-0.633497	-1.493965	-1.598448	-0.685016	-2.748465	-0.960602	 0.178945	-2.440882	-3.507727	-0.614521
-3.488248	-2.438572	-0.630872	-1.550489	-1.592054	-0.682276	-2.737471	-0.754123	 0.178975	-2.431119	-3.493696	-0.565188
-3.474281	-1.953001	-0.628303	-1.075537	-1.585686	-0.679547	-2.726521	-0.649788	 0.178989	-2.421394	-3.479721	-0.539489
-3.460378	-1.707280	-0.625766	-0.836860	-1.579343	-0.676829	-2.715615	-0.596530	 0.178997	-2.411709	-3.465802	-0.525613
-3.446533	-3.081497	-0.623252	-1.216325	-1.573026	-0.674121	-2.704753	-0.568814	 0.179001	-2.402062	-3.451939	-0.517651
-3.432745	-3.759694	-0.620753	-1.402866	-1.566734	-0.671425	-2.693934	-0.553874	 0.179002	-2.392454	-3.438131	-0.512650
-3.419013	-4.089917	-0.618267	-1.492958	-1.560467	-0.668739	-2.683158	-0.545326	 0.179003	-2.382884	-3.424379	-0.509135
-3.405337	-3.246188	-0.615793	-1.034838	-1.554225	-0.666064	-2.672425	-0.539979	 0.179004	-2.373352	-3.410681	-0.506366
-3.391715	-2.819518	-0.613329	-0.804624	-1.548008	-0.663400	-2.661736	-0.536236	 0.179004	-2.363859	-3.397038	-0.503974
-3.378148	-2.601398	-0.610875	-0.688368	-1.541816	-0.660746	-2.651089	-0.533299	 0.179004	-2.354403	-3.383450	-0.501775
-3.364636	-2.487571	-0.608432	-0.629096	-1.535649	-0.658103	-2.640484	-0.530770	 0.179004	-2.344986	-3.369916	-0.500676
-3.351177	-2.425910	-0.605998	-0.598321	-1.029506	-0.655471	-2.629922	-0.528449	 0.179004	-2.335606	-3.356437	-0.500126
-3.337772	-2.390351	-0.603574	-0.581798	-0.775388	-0.652849	-2.619403	-0.526236	 0.179004	-2.326263	-3.343011	-0.499851
-3.324421	-2.367862	-0.601159	-0.572406	-1.147286	-0.650238	-2.608925	-0.524082	 0.179004	-2.316958	-3.329639	-0.999714
-3.311123	-2.351927	-0.598755	-0.566584	-1.330197	-0.647637	-2.598489	-0.521961	 0.179004	-2.307691	-3.316320	-1.246646
-3.297879	-2.339288	-0.596360	-0.562551	-1.418627	-0.645046	-2.588095	-0.519861	 0.179004	-2.298460	-3.303055	-1.367125
-3.284687	-2.328314	-0.593974	-1.059418	-1.459827	-0.642466	-2.577743	-0.517775	 0.179004	-2.289266	-3.289843	-0.924389
-3.271549	-2.318193	-0.591598	-1.304739	-1.477425	-0.639896	-2.567432	-0.515701	 0.179004	-2.280109	-3.276683	-0.703021
-3.258463	-2.308516	-0.589232	-0.924299	-1.483234	-0.137337	-2.557162	-0.513637	 0.179004	-1.770988	-3.263577	-0.592337
-3.245429	-2.299080	-0.586875	-0.732991	-1.483161	 0.113943	-2.546934	-0.511581	 0.179004	-1.513904	-3.250522	-0.536995
-3.232447	-2.289783	-0.584528	-0.636254	-0.980158	-0.260417	-2.536746	-0.509535	 0.179004	-1.882849	-3.237520	-0.509324
-3.219517	-2.280573	-0.582189	-0.586807	-0.728656	-0.446327	-2.526599	-0.507496	 0.179004	-2.062817	-3.224570	-0.495489
-3.206639	-2.271426	-0.579861	-0.561008	-0.602906	-0.538018	-2.516492	-0.505466	 0.179004	-2.148316	-3.211672	-0.488571
-3.193813	-2.262328	-0.577541	-0.547038	-0.540030	-0.582604	-2.506427	-0.503444	 0.179004	-2.186598	-3.198825	-0.485112
-3.181037	-2.253272	-0.575231	-0.538987	-0.508592	-0.603643	-2.496401	-0.501430	 0.179004	-2.201289	-3.186030	-0.483383
-3.168313	-2.244256	-0.572930	-0.533900	-0.992874	-0.612913	-2.486415	-0.500423	 0.179004	-2.204203	-3.173286	-0.482518
-3.155640	-2.235277	-0.570638	-0.530299	-1.232060	-0.616303	-2.476470	-0.499920	 0.179004	-2.201245	-3.160593	-0.482086
-3.143017	-1.726335	-0.568356	-0.527445	-0.848711	-0.616759	-2.466564	-0.499668	-0.320996	-2.195370	-3.147950	-0.481870
-3.130445	-1.469429	-0.566082	-0.524968	-0.657036	-0.615753	-2.456697	-0.499542	-0.569354	-2.188053	-3.135359	-0.481761
-3.117923	-1.338552	-0.563818	-0.522685	-1.061199	-0.114020	-2.446871	-0.499480	-0.191897	-2.180033	-3.122817	-0.481707
-3.105452	-1.270697	-0.561563	-0.520503	-1.260349	 0.136846	-2.437083	-0.499448	-0.003169	-2.171680	-3.110326	-0.481680
-3.593030	-1.234364	-0.559317	-0.518375	-1.357005	-0.237720	-2.427335	-0.499432	 0.091195	-1.663176	-3.097885	-0.481667
-3.828658	-1.213802	-0.557079	-0.516279	-1.402426	-0.423779	-2.417625	-0.499424	 0.138377	-1.406615	-3.085493	-0.481660
-3.938343	-1.201134	-0.554851	-0.514202	-1.422241	-0.515589	-2.407955	-0.499421	 0.161968	-1.276034	-3.073151	-0.481657
-3.485090	-1.192423	-0.552632	-0.512140	-1.429264	-0.560279	-2.398323	-0.499419	 0.173764	-1.708453	-3.060858	-0.481655
-3.252399	-1.185701	-0.550421	-0.510088	-1.429903	-0.581414	-2.388730	-0.499418	 0.179661	-1.920380	-3.048615	-0.481654
-3.130015	-1.179981	-0.548219	-0.508047	-1.427362	-0.590777	-2.379175	-0.999417	-0.317390	-2.022080	-3.036421	-0.481654
-3.062807	-1.174773	-0.546027	-0.506014	-1.423241	-0.594258	-2.369658	-1.246418	-0.564286	-2.068682	-3.024275	-0.481654
-3.023212	-1.669830	-0.543842	-0.503989	-1.418343	-0.594803	-2.360180	-0.866932	-0.186112	-2.087752	-3.012178	-0.481653
-2.997448	-1.913028	-0.541667	-0.501973	-1.413067	-0.593884	-2.350739	-0.677188	 0.002975	-2.093074	-3.000129	-0.481653
-2.978622	-2.030315	-0.539500	-0.500965	-0.907613	-0.592239	-2.341336	-0.582317	 0.097518	-1.591538	-2.988128	-0.481653
-2.963289	-2.084663	-0.537342	-0.500461	-0.654886	-0.590236	-2.331971	-0.534881	 0.144790	-1.338590	-2.976176	-0.481653
-2.949727	-2.107560	-0.535193	-0.500209	-0.528523	-0.588057	-2.322643	-0.511163	 0.168426	-1.209944	-2.964271	-0.481653
-2.937074	-1.614747	-0.533052	-0.500083	-0.965341	-0.585796	-2.313352	-0.499304	 0.180244	-1.143459	-2.952414	-0.481653
-2.924898	-1.366096	-0.530920	-0.500020	-1.180946	-0.583499	-2.304099	-0.493375	 0.186153	-1.108063	-2.940605	-0.481653
-2.912985	-1.239536	-0.528796	-0.499988	-1.285955	-0.581188	-2.294882	-0.490410	 0.189107	-1.588219	-2.928842	-0.481653
-2.901226	-1.174030	-0.526681	-0.499973	-1.335678	-0.578874	-2.285703	-0.488928	 0.190584	-1.824160	-2.917127	-0.481653
-2.889568	-1.639060	-0.524574	-0.499965	-1.357769	-0.576565	-2.276560	-0.488186	 0.191323	-1.938011	-2.905458	-0.481653
-2.877983	-1.867367	-0.522476	-0.499961	-1.366054	-0.574261	-2.267454	-0.487816	 0.191692	-1.990833	-2.893836	-0.481653
-2.866458	-1.477329	-0.520386	-0.499959	-0.867448	-0.571966	-2.258384	-0.487631	 0.191877	-2.013156	-2.882261	-0.481653
-2.854985	-1.280136	-0.518305	-0.499958	-0.618145	-0.569678	-2.249350	-0.487538	 0.191969	-2.020247	-2.870732	-0.481653
-2.843562	-1.179373	-0.516232	-0.499957	-0.493494	-0.567400	-2.240353	-0.487492	 0.192015	-2.019737	-2.859249	-0.481653
-2.832186	-1.626834	-1.014167	-0.499957	-0.931168	-0.565131	-2.231392	-0.487468	-0.307961	-2.015444	-2.847812	-0.481653
-2.820857	-1.846417	-1.260110	-0.499957	-1.147268	-0.562870	-2.222466	-0.487457	-0.556334	-2.009276	-2.836421	-0.481653
-2.809573	-1.452076	-0.880069	-0.499957	-1.252591	-0.060619	-2.213576	-0.487451	-0.178911	-2.002185	-2.825075	-0.481653
-2.798334	-1.252790	-0.689049	-0.499957	-1.302536	 0.190507	-2.204722	-0.487448	 0.009801	-1.994649	-2.813775	-0.481653
-2.787141	-1.151040	-0.593539	-0.499957	-1.324804	-0.183930	-2.195903	-0.487447	 0.104156	-1.986907	-2.802520	-0.481653
-2.775992	-1.098066	-0.545784	-0.499957	-1.333244	-0.370032	-2.187119	-0.487446	 0.151334	-1.979078	-2.791310	-0.481653
-2.764888	-1.069489	-0.521906	-0.499957	-1.334780	-0.461971	-2.178371	-0.487446	 0.174923	-1.971221	-2.780144	-0.481653
-2.753829	-1.053119	-0.509968	-0.499957	-1.332876	-0.506832	-2.169657	-0.487445	 0.186718	-1.963366	-2.769024	-0.481653
-2.742813	-1.042860	-0.503998	-0.499957	-1.329262	-0.528160	-2.160979	-0.487445	 0.192615	-1.955527	-2.757948	-0.481653
-2.731842	-1.035666	-0.501014	-0.499957	-1.324804	-0.537724	-1.652335	-0.487445	 0.195564	-1.947712	-2.746916	-0.481653
-2.720915	-1.030011	-0.499521	-0.499957	-1.319934	-0.541412	-1.395726	-0.487445	 0.197038	-1.939925	-2.735928	-0.481653
-2.710031	-1.025136	-0.498775	-0.499957	-0.814869	-0.542166	-1.765143	-0.487445	 0.197775	-1.932167	-2.724985	-0.481653
-2.699191	-1.020657	-0.498402	-0.499957	-0.562336	-0.541457	-1.945582	-0.487445	 0.198144	-1.924439	-2.714085	-0.481653
-3.188394	-1.016386	-0.498215	-0.499957	-0.936070	-0.540021	-2.031550	-0.487445	 0.198328	-1.916742	-2.703228	-0.481653
-3.425640	-1.012226	-0.498122	-0.499957	-1.120317	-0.538226	-2.070299	-0.487445	 0.198420	-1.909075	-2.692415	-0.481653
-3.036938	-1.508129	-0.498076	-0.499957	-0.709832	-0.536255	-2.085455	-0.487445	 0.198466	-1.901439	-2.681646	-0.981653
-2.837290	-1.752073	-0.498052	-0.499957	-0.504589	-0.534201	-2.088832	-0.487445	 0.198489	-1.893834	-2.670919	-1.228690
-2.732191	-1.870053	-0.498041	-0.499957	-0.401967	-0.532110	-2.086336	-0.487445	 0.198501	-1.886258	-2.660235	-1.349257
-2.674387	-1.925067	-0.498035	-0.499957	-0.350657	-0.530004	-2.080920	-0.487445	 0.198506	-1.878713	-2.649595	-1.406601
-2.640252	-1.948614	-0.498032	-0.499957	-0.325001	-0.527896	-2.074061	-0.487445	 0.198509	-1.871198	-2.638996	-1.432345
-2.617972	-1.456443	-0.498030	-0.499957	-0.312174	-0.525790	-2.066497	-0.487445	 0.198511	-1.363714	-2.628440	-0.942301
-2.601641	-1.208429	-0.498030	-0.499957	-0.305760	-0.523690	-2.058598	-0.487445	 0.198512	-1.108259	-2.617926	-0.697278
-2.588305	-1.582501	-0.498029	-0.499957	-0.802553	-0.521596	-2.050546	-0.487445	 0.198512	-1.478826	-2.607455	-0.574767
-2.576487	-1.765624	-0.498029	-0.499957	-1.048351	-0.519511	-2.042436	-0.487445	 0.198512	-1.660410	-2.597025	-0.513512
-2.565448	-1.353288	-0.498029	-0.999957	-1.168661	-0.517433	-2.034312	-0.487445	 0.198512	-1.247519	-2.586637	-0.482884
-2.554820	-1.145238	-0.498029	-1.246957	-1.226239	-0.515363	-2.026197	-0.487445	 0.198512	-1.039404	-2.576290	-0.467570
-2.544418	-1.039339	-0.498029	-1.367469	-1.252460	-0.513302	-2.018104	-0.487445	 0.198512	-0.933684	-2.565985	-0.459913
-2.534149	-1.484522	-0.498029	-0.924749	-0.763013	-0.511249	-2.010037	-0.487445	 0.198512	-1.379168	-2.555721	-0.456085
-2.523967	-1.703255	-0.498029	-0.703389	-0.518290	-0.509204	-2.002000	-0.487445	 0.198512	-1.598260	-2.545498	-0.454171
-2.513848	-1.808777	-0.498029	-0.592709	-0.395928	-0.507167	-1.993994	-0.487445	 0.198512	-1.204172	-2.535316	-0.453213
-2.503781	-1.857709	-0.498029	-0.537369	-0.334747	-0.505138	-1.986018	-0.487445	 0.198512	-1.005508	-2.525175	-0.452735
-2.493760	-1.378362	-0.498029	-1.009699	-0.804157	-0.503118	-1.478075	-0.487445	 0.198512	-1.404562	-2.515074	-0.452496
-2.483782	-1.136891	-0.498029	-1.242900	-1.036314	-0.501105	-1.222162	-0.487445	 0.198512	-1.600482	-2.505014	-0.452376
-2.473846	-1.014364	-0.498029	-0.856549	-1.149856	-0.500099	-1.592274	-0.487445	 0.198512	-1.694849	-2.494994	-0.452316
-2.463950	-0.951317	-0.498029	-0.663373	-1.204100	-0.499596	-1.773405	-0.487445	 0.198512	-1.738454	-2.485014	-0.452286
-2.454093	-0.918017	-0.498029	-0.566785	-1.228706	-0.499345	-1.860061	-0.487445	 0.198512	-1.756692	-2.475074	-0.452271
-2.444277	-1.399598	-0.498029	-0.518491	-1.238502	-0.499219	-1.899496	-0.487445	 0.198512	-1.762262	-2.465174	-0.452264
-2.434500	-1.636625	-0.498029	-0.494344	-1.240903	-0.499156	-1.915336	-0.487445	 0.198512	-1.761511	-2.455313	-0.452260
-2.424762	-1.251392	-0.498029	-0.482270	-0.739617	-0.499124	-1.919393	-0.487445	-0.301488	-1.757614	-2.445492	-0.452258
-2.415062	-1.057043	-0.498029	-0.476234	-0.488974	-0.499109	-1.917575	-0.487445	-0.549885	-1.752158	-2.435710	-0.452257
-2.405402	-0.958143	-0.498029	-0.473215	-0.863653	-0.499101	-1.912834	-0.487445	-0.172487	-1.245936	-2.425967	-0.452257
-2.395781	-0.906975	-0.498029	-0.471706	-1.048516	-0.499097	-1.906648	-0.487445	 0.016212	-0.991346	-2.416263	-0.452257
-2.386197	-1.379679	-0.498029	-0.970951	-1.138480	-0.499095	-1.899753	-0.487445	 0.110562	-1.362578	-2.406598	-0.452256
