-1.269567	-3.691187	-0.429311	 0.214313	-2.821053	-0.499353	-2.006857	-0.487265	 0.265344	-3.591737	-1.059529	 0.499029
-1.264488	-3.676422	-0.429311	-0.184568	-2.809769	-0.499352	-1.881642	-0.487265	-0.117756	-3.577371	-1.055291	 0.499029
-1.259430	-3.661716	-0.429311	-0.382841	-2.798530	-0.499351	-1.815521	-0.487265	-0.308304	-3.563061	-1.051070	 0.499029
-1.254393	-3.647069	-0.429311	-0.480816	-2.787336	-0.499351	-1.778962	-0.487265	-0.403578	-3.548809	-1.046866	 0.499029
-1.249375	-3.632481	-0.429311	-0.528645	-2.776186	-0.499351	-1.757198	 0.012735	 0.048785	-3.534614	-1.042678	-0.000971
-1.244378	-3.617951	-0.429311	-0.551407	-2.765081	-0.499351	-1.742845	 0.261710	 0.273964	-3.520475	-1.038508	-0.249969
-1.239400	-3.603479	-0.429311	-0.561640	-2.754021	-0.499351	-1.732212	-0.114824	 0.386553	-3.506393	-1.034354	 0.125531
-1.234442	-3.589066	-0.429311	-0.565612	-2.743005	-0.499351	-1.723452	-0.303091	 0.442848	-3.492368	-1.030216	 0.312280
-1.229505	-4.074709	-0.429311	-0.566459	-2.732033	-0.499351	-1.715642	-0.397225	 0.470996	-3.478398	-1.026095	 0.405654
-1.224587	-4.308410	-0.429311	-0.565748	-2.721105	-0.499351	-1.708322	-0.444292	 0.485069	-3.464485	-1.021991	 0.452341
-1.219688	-3.916177	-0.429311	-0.564263	-2.710220	-0.499351	-1.701260	-0.967825	 0.492106	-3.450627	-1.017903	 0.475685
-1.214810	-3.713012	-0.429311	-0.562394	-2.699380	-0.499351	-1.694340	-1.226609	 0.495625	-3.436824	-1.013831	 0.487357
-1.209950	-3.604410	-0.429311	-0.560339	-2.688582	-0.499351	-1.687506	-1.353030	 0.497384	-3.423077	-1.009776	 0.493192
-1.205111	-3.543117	-0.429311	-0.558195	-2.677828	-0.499351	-1.680727	-0.913282	 0.498263	-3.409385	-1.005737	 0.496110
-1.200290	-3.505507	-0.429311	-0.556011	-2.667116	-0.499351	-1.673990	-0.693408	 0.498703	-3.395747	-1.001714	 0.497569
-1.195489	-3.479767	-0.429311	-0.553811	-2.656448	-0.499351	-1.667287	-0.583471	-0.001077	-3.382164	-0.997707	 0.498299
-1.190707	-3.459988	-0.429311	-0.551608	-2.645822	-0.499351	-1.660614	-0.528502	-0.249965	-3.368635	-0.993716	 0.498664
-1.185944	-3.443219	-0.429311	-0.049407	-2.635239	-0.499351	-1.653970	-0.501018	 0.125591	-3.355161	-0.989741	 0.498846
-1.181200	-3.427981	-0.429311	 0.201693	-2.624698	-0.499351	-1.647353	-0.487276	 0.312366	-3.341740	-0.985782	 0.498937
-1.176476	-3.413536	-0.429311	 0.327243	-2.614199	-0.499351	-2.140763	-0.480405	 0.405754	-3.328373	-0.481839	 0.498983
-1.171770	-3.399516	-0.429311	 0.390018	-2.603742	-0.499351	-2.382200	-0.476969	 0.452448	-3.315060	-0.229868	 0.499006
-1.167083	-3.385735	-0.429311	 0.421405	-2.593327	-0.499351	-2.497671	-0.475251	 0.475795	-3.301799	-0.103882	 0.499017
-1.162414	-3.372100	-0.429311	-0.062901	-2.582954	-0.499351	-2.050180	-0.474393	 0.487468	-3.288592	-0.540889	 0.499023
-1.157765	-3.358566	-0.429311	-0.303960	-2.572622	-0.499351	-1.823230	-0.473963	 0.493305	-3.275438	-0.757437	 0.499025
-1.153134	-3.345109	-0.429311	 0.076601	-2.562332	-0.499351	-1.706562	-0.473748	 0.496224	-3.262336	-0.863763	 0.499027
-1.148521	-3.331717	-0.429311	 0.266881	-2.552082	-0.499351	-1.645048	-0.473641	 0.497683	-3.249287	-0.914986	 0.499028
-1.143927	-3.318385	-0.429311	-0.137978	-2.541874	-0.499351	-1.611124	-0.473587	-0.001588	-3.236290	-0.938664	 0.499028
-1.139351	-3.305108	-0.429311	-0.339323	-2.531707	-0.499351	-1.591008	-0.473561	-0.250221	-3.223344	-0.948579	 0.499028
-1.134794	-3.291886	-0.429311	-0.438913	-2.521580	-0.499351	-2.077808	-0.473547	-0.374538	-2.710451	-0.951620	 0.499028
-1.130255	-3.278718	-0.429311	-0.487632	-2.511493	-0.499351	-2.316078	-0.473540	-0.436696	-2.449609	-0.951231	 0.499028
-1.125734	-3.265603	-0.429311	-0.510918	-2.501447	-0.499351	-2.430105	-0.473537	-0.467776	-2.314811	-0.949134	 0.499028
-1.121231	-3.252540	-0.429311	-0.521493	-2.491442	-0.499351	-2.482030	-0.473535	 0.016685	-2.743052	-0.946192	 0.499028
-1.116746	-3.239530	-0.429311	-0.525716	-2.481476	-0.499351	-2.502925	-0.473535	 0.257913	-2.950829	-0.942835	 0.499028
-1.112279	-3.226572	-0.429311	-0.526768	-2.471550	-0.499351	-2.508324	-0.473534	 0.378527	-2.548401	-0.939277	 0.499028
-1.107830	-3.213666	-0.429311	-0.526238	-2.461664	-0.499351	-2.505997	-0.473534	 0.438834	-2.342895	-0.935626	 0.499028
-1.103398	-3.200811	-0.429311	-0.524922	-2.451817	-0.499351	-2.499826	-0.473534	 0.468987	-2.235867	-0.931937	 0.499028
-1.098985	-3.188008	-0.429311	-0.523217	-2.442010	-0.499351	-2.491753	-0.473534	 0.484064	-2.178096	-0.928236	 0.499028
-1.094589	-3.175256	-0.429311	-0.521321	-2.432242	-0.499351	-1.982749	-0.473534	 0.491602	-2.644969	-0.924537	 0.499028
-1.090210	-3.162555	-0.429311	-0.519334	-2.422513	-0.499351	-1.725300	-0.473534	 0.495372	-2.872182	-0.920845	 0.499028
-1.085850	-3.149904	-0.429311	-0.517306	-2.412823	-0.499351	-1.593639	-0.473534	 0.497256	-2.979590	-0.917165	 0.499028
-1.081506	-3.137305	-0.429311	-0.515262	-2.403172	-0.499351	-1.524885	-0.473534	 0.498198	-3.027120	-0.913498	 0.499028
-1.077180	-3.124756	-0.429311	-0.513213	-2.393559	-0.499351	-1.487596	-0.473534	 0.498670	-3.044736	-0.909845	 0.499028
-1.072871	-3.112257	-0.429311	-0.011166	-1.883985	-0.499351	-1.466050	 0.026466	 0.498905	-2.547419	-0.406206	 0.999028
-1.068580	-3.099807	-0.429311	 0.239857	-1.626449	-0.499351	-1.452389	 0.275413	 0.499023	-2.294660	-0.154387	 1.246030
-1.064306	-3.087408	-0.429311	 0.365369	-1.494943	-0.499351	-0.942681	 0.398838	 0.499082	-2.164197	-0.028477	 0.866545
-1.060048	-3.075059	-0.429311	 0.428125	-1.426463	-0.499351	-0.687826	 0.459506	 0.499111	-2.094898	 0.034478	 0.676803
-1.055808	-2.562758	-0.429311	 0.459502	-0.889507	 0.000649	-0.560399	 0.488800	 0.499126	-1.556197	 0.565955	 1.081931
-1.051585	-2.302507	-0.429311	 0.475191	-0.621029	 0.249648	-0.496686	 0.502410	 0.499133	-1.284812	 0.829499	 1.281522
-1.047379	-2.168297	-0.429311	 0.483036	-0.486790	 0.374147	-0.464829	 0.508184	 0.499137	-1.147092	 0.959085	 1.378355
-0.543189	-1.597124	 0.570689	 0.986958	 1.580329	 0.936397	 2.551099	 2.010042	 1.999139	 3.423786	 2.021701	 1.923821
-0.291094	-1.309486	 1.067548	 1.235937	 2.606594	 1.214524	 4.047930	 2.753948	 2.742142	 5.693236	 2.546840	 2.191615
 1.334953	 3.336377	 1.812849	 1.857457	 5.612461	 1.850603	 5.785255	 3.118905	 2.606673	 9.812036	 3.303265	 1.820593
 2.142055	 5.643344	 2.180382	 2.163259	 7.098157	 2.163669	 6.638873	 3.294416	 2.533996	 11.843574	 3.673359	 1.632184
 4.539707	 11.780927	 1.859054	 2.311222	 10.823838	 2.315248	 8.550696	 2.375231	 0.992735	 17.331593	 3.850319	 0.535091
 5.724659	 14.813882	 1.695314	 2.380285	 12.657579	 2.386104	 9.485683	 1.912727	 0.223201	 20.029963	 3.930744	-0.012331
 7.303315	 20.294665	 0.610381	 1.909918	 15.545467	 1.916618	 11.432335	 1.678574	-0.660473	 23.333691	 4.462934	-1.784923
 8.074880	 22.983506	 0.067914	 1.671855	 16.952545	 1.678981	 12.378904	 1.558609	-1.099222	 24.932281	 4.719039	-2.664104
 8.442969	 24.276582	-0.203319	 1.549956	 17.619364	 1.557280	 12.825537	 1.495749	-1.315520	 25.678514	 4.837141	-3.096607
 9.109391	 27.371980	 0.161064	 1.486151	 19.916201	 1.993558	 14.022309	 1.461454	-1.920606	 27.498781	 5.386282	-2.805801
 9.423051	 28.858745	 0.342205	 1.451403	 21.020194	 2.206838	 14.590257	 1.441451	-2.218097	 28.350276	 5.648982	-2.655368
 10.060407	 31.041436	 0.431729	 1.431196	 22.527942	 1.808637	 15.343914	 0.928607	-2.361812	 29.217620	 5.768508	-3.575142
 10.357690	 32.066333	 0.475448	 1.418271	 23.233744	 1.606716	 15.688548	 0.672185	-2.428658	 29.591122	 5.816495	-4.026039
 10.485022	 33.512600	 0.496269	 1.908997	 32.038767	 4.502946	 21.328798	 3.043974	 0.042910	 40.217944	 12.328760	-0.242533
 10.527462	 34.165815	 0.505646	 2.149561	 36.359590	 5.936262	 24.094986	 4.219037	 1.273665	 45.503353	 15.547210	 1.642138
 16.527543	 44.922785	 3.009304	 5.265063	 38.938641	 6.638181	 25.424357	 4.795781	 1.884034	 47.118167	 12.118904	-0.422581
 19.482528	 50.282473	 4.250107	 6.806053	 40.209370	 6.974461	 26.035535	 5.073407	 2.184229	 47.906777	 10.387369	-1.449965
 20.915146	 52.943595	 4.859527	 7.559853	 40.826013	 7.127979	 26.287831	 5.201519	 2.329358	 48.282361	 9.504291	-1.958703
 16.086759	 44.255510	 2.653299	 4.920126	 33.615687	 5.190175	 21.360898	 3.254915	-0.103026	 39.951506	 8.545509	-2.208137
 13.650049	 39.840332	 1.550185	 3.595702	 29.957714	 4.214768	 18.864564	 2.278996	-1.314148	 35.722837	 8.050944	-2.327938
 12.409267	 37.561893	 1.498628	 2.928947	 27.576128	 3.220586	 17.583660	 1.788431	-1.414658	 33.545515	 7.288549	-2.382944
 11.766539	 36.352107	 1.469955	 2.591046	 26.334946	 2.719042	 16.910603	 1.540553	-1.461883	 32.394117	 6.894300	-2.405571
 10.422928	 34.176929	 0.952736	 1.917589	 25.664167	 2.463836	 16.541599	 0.914028	-1.982477	 31.755933	 7.184175	-2.412028
 9.732963	 33.025337	 0.694127	 1.578372	 25.278791	 2.331815	 16.324752	 0.600766	-2.237768	 31.374605	 7.314164	-2.410419
 10.369895	 33.885793	 1.064822	 1.906285	 25.536316	 2.761405	 20.684113	 1.944135	 0.139573	 31.121955	 7.364270	-2.404797
 10.666347	 34.246528	 1.247299	 2.065773	 25.613491	 2.969818	 22.813706	 2.609244	 1.323209	 30.933891	 7.374495	-2.397188
 10.292648	 32.857682	 0.835678	 1.641067	 24.100697	 2.567668	 18.828617	 1.935250	-0.589986	 29.278367	 6.364838	-2.888604
 10.085960	 32.100321	 0.629867	 1.426281	 23.299124	 2.362262	 16.806385	 1.595731	-1.541578	 28.395360	 5.849299	-3.127552
 9.962858	 31.658954	 0.526962	 1.316465	 22.853343	 2.255245	 15.765700	 1.423458	-2.012387	 27.898831	 5.580862	-3.240293
 9.381627	 31.375836	 0.475509	 1.259144	 22.585637	 2.197440	 14.715908	 0.834820	-2.242825	 27.595763	 5.436018	-3.789958
 9.073411	 31.172091	 0.449783	 1.228079	 22.407148	 2.164259	 14.163680	 0.540501	-2.353098	 27.389643	 5.353014	-4.056111
 8.901773	 31.008282	-0.063080	 1.210153	 22.273447	 1.643406	 13.860343	 0.393341	-2.403307	 27.732216	 5.300972	-3.680543
 8.798493	 30.864689	-0.318360	 1.198806	 22.162316	 1.380734	 13.681560	 0.319761	-2.423505	 27.847353	 5.264453	-3.486149
 8.729463	 30.731450	 0.055147	 1.190757	 22.062649	 1.747162	 13.565163	 0.782971	-2.428717	 27.348996	 5.235738	-3.382368
 8.677627	 30.603634	 0.241901	 1.184367	 21.968889	 1.926149	 13.480067	 1.012084	-2.426454	 27.046117	 5.210966	-3.323921
 8.634457	 29.978774	-0.164722	 1.178816	 21.878259	 2.011432	 13.410729	 1.124158	-2.420475	 26.841191	 5.188208	-2.788166
 8.595690	 29.607637	-0.366891	 1.173694	 21.789369	 2.049880	 13.349378	 1.177723	-2.412656	 26.685455	 5.166498	-2.515784
 8.559193	 29.363595	-0.466837	 1.168796	 21.701522	 2.064928	 13.292126	 1.202042	-2.403937	 26.554528	 5.145354	-2.375106
 8.523898	 29.683335	-0.015677	 1.164020	 21.114372	 2.068292	 13.237030	 1.211749	-2.894787	 26.436217	 5.124533	-3.300298
 8.489274	 29.783199	 0.209903	 1.159313	 20.779742	 2.065830	 13.183118	 1.214160	-3.133441	 26.324426	 5.103915	-3.754443
 8.455053	 29.273365	 0.322693	 1.154650	 21.071537	 2.060473	 13.129904	 0.712932	-2.746024	 26.216105	 5.083440	-2.973099
 8.421100	 28.960920	 0.379088	 1.150019	 21.174708	 2.053684	 13.077144	 0.462318	-2.547598	 26.109729	 5.063076	-2.578043
 8.387350	 28.747401	 0.407286	 1.145412	 21.183738	 2.046195	 13.024714	 0.337011	-2.443687	 26.004534	 5.042809	-2.376149
 8.353767	 28.583574	 0.421385	 1.140827	 21.145867	 2.038374	 12.972555	 0.274358	-2.387051	 25.900138	 5.022630	-2.270854
 8.320336	 28.444821	 0.428434	 1.136262	 21.084716	 1.530402	 12.920635	 0.743031	-2.354073	 25.796348	 5.002536	-2.213875
 8.287046	 28.318832	 0.431959	 1.131717	 21.012093	 1.274371	 12.868937	 0.974944	-2.332942	 25.693069	 4.982524	-2.181072
 8.253894	 28.199452	 0.433721	 1.127189	 20.933903	 1.144319	 12.817454	 1.088487	-2.317752	 25.590249	 4.962593	-2.160374
 8.720876	 28.083602	 0.934602	 1.122680	 20.853096	 1.077265	 12.766181	 1.142855	-2.305552	 25.487864	 4.442742	-3.145745
 8.935992	 27.969741	 1.182172	 1.118190	 20.771148	 1.041717	 12.715114	 1.167644	-2.294866	 25.385901	 4.174971	-3.630169
 8.525247	 27.857099	 0.803097	 1.613717	 20.688796	 1.021931	 12.664253	 1.177654	-2.284954	 25.784352	 4.033271	-3.364151
 8.303646	 27.745289	 0.613560	 1.857262	 20.606407	 1.010033	 12.613595	 1.180283	-2.275448	 25.931211	 3.954637	-3.224946
 7.676681	 26.634118	 0.518791	 0.974833	 20.024164	 1.502088	 12.063141	 1.179232	-1.766163	 23.952485	 3.907569	-2.149172
 7.349099	 26.027486	 0.471407	 0.533618	 19.694159	 1.744128	 11.764888	 1.176350	-1.509007	 22.919174	 3.876314	-1.609139
 7.171266	 23.673328	 0.447715	 0.813011	 17.490428	 1.861175	 10.592828	 0.672562	-1.377925	 19.358747	 3.352996	-0.836983
 7.068362	 22.453611	 0.435869	 0.950523	 16.357989	 1.915742	 9.987957	 0.420668	-1.309891	 17.546937	 3.085678	-0.450906
 7.002979	 21.801285	 0.429946	 1.017102	 15.761319	 1.939085	 9.666755	 0.294721	-1.273390	 16.609562	 2.946382	-0.257867
 6.456412	 17.932823	 0.926984	 1.048225	 11.932654	 1.446832	 6.987463	 0.231748	-0.252666	 11.609530	 2.371120	 0.838652
 6.171309	 15.970464	 1.172655	 1.061627	 10.002114	 1.198796	 5.639201	 0.200261	 0.256160	 9.096295	 2.079897	 1.383042
 4.516985	 10.961268	 1.292654	 0.566179	 6.520701	 1.072876	 4.456488	 0.684518	 1.009043	 3.326511	 0.930708	 1.651381
 3.684098	 8.444766	 1.349828	 0.318454	 4.773915	 1.008023	 3.858584	 0.924309	 1.381961	 0.446506	 0.356114	 1.781712
 0.761952	 0.674659	 1.375601	 3.694592	 9.894469	 10.973710	 9.553110	 8.041876	 9.064910	 5.511370	 7.068817	 8.843053
-0.694801	-3.196204	 1.385685	 5.368519	 12.424715	 15.914674	 12.369878	 11.570340	 12.872889	 8.022650	 10.397605	 12.341915
-1.418874	-5.617502	 0.387936	 2.691398	 3.159928	 7.343445	 4.247889	 5.804375	 6.743517	 0.257222	 5.534546	 8.059664
-1.776625	-6.812073	-0.109720	 1.352838	-1.460255	 3.060286	 0.194642	 2.921393	 3.677602	-3.610476	 3.101674	 5.910984
-1.951231	-7.393345	-0.357332	 0.683557	-3.758186	 0.921153	-1.824264	 1.479901	 2.143422	-5.529368	 1.883900	 4.829119
-2.034283	-7.668032	-0.479929	 0.348917	-4.895039	-0.145978	-2.826030	 0.759156	 1.375113	-6.473918	 1.273681	 4.280692
-2.071574	-7.789490	-0.540022	 0.181597	-5.451402	-0.677118	-3.319258	 0.398783	 0.989745	-6.931356	 0.967245	 3.999015
-2.086002	-7.834397	-0.568869	 0.097937	-5.717568	-0.940271	-3.558247	 0.218596	 0.795852	-7.145297	 0.812705	 3.850741
-2.089015	-7.841092	-0.582096	 0.056107	-5.838683	-1.069440	-3.670147	 0.128503	 0.697702	-7.237549	 0.734119	 3.769199
-2.086337	-8.328744	-0.587520	 0.035192	-5.887322	-1.131628	-4.218533	-0.416543	 0.647428	-7.269016	-0.306486	 2.221053
-2.080831	-8.554937	-0.589045	 0.024735	-5.899769	-1.160334	-4.483192	-0.687144	 0.621096	-7.270148	-0.824093	 1.445634
-2.073928	-8.150471	-0.088627	 0.019506	-6.394168	-1.172309	-4.606026	-0.820528	 0.606741	-7.756172	-1.080214	 1.056584
-2.066342	-7.932746	 0.161582	 0.016891	-6.627590	-1.175928	-4.657985	-0.885313	 0.598378	-7.982699	-1.205602	 0.860724
-2.058431	-7.808454	 0.286687	 0.015584	-6.730580	-1.175378	-4.674545	-0.915805	 0.593017	-8.079544	-1.265633	 0.761464
-1.550375	-7.730939	-0.150761	 0.014931	-6.268407	-1.172754	-4.673442	-0.929158	 0.089161	-7.611614	-1.292998	 0.710510
-1.294262	-7.676875	-0.368308	 0.014604	-6.025708	-1.169101	-4.663546	-0.933950	-0.162767	-7.363362	-1.304040	 0.683714
-1.664129	-8.134597	-0.475910	 0.014440	-6.392793	-1.164944	-4.649291	-0.934468	-0.288731	-7.225005	-1.306930	 1.169002
-1.844995	-8.346274	-0.528544	 0.014359	-6.562815	-1.160544	-4.632894	-0.932857	-0.351713	-7.141654	-1.305756	 1.408337
-1.931376	-8.434996	-0.553699	-0.485682	-6.634361	-1.156032	-4.615462	-0.930189	 0.116796	-7.585862	-1.302560	 1.024710
-1.970531	-8.462310	-0.565119	-0.733731	-6.656722	-1.151473	-4.597550	-0.927000	 0.349880	-7.791905	-1.298363	 0.831614
-1.986089	-7.958988	-0.569675	-0.355792	-6.654544	-1.146899	-4.579434	-1.423558	-0.034744	-7.378931	-1.293676	 0.733789
-1.989865	-7.692415	-0.570805	-0.166822	-6.640151	-1.142328	-4.561254	-1.667997	-0.227056	-7.158512	-1.288755	 0.683604
-1.987766	-7.544277	-0.570226	-0.072338	-6.619702	-1.137767	-4.543078	-1.786391	-0.323212	-7.034427	-1.283726	 0.657245
-1.982745	-7.955416	-0.568798	-0.025095	-6.096280	-1.133220	-4.524940	-1.341779	 0.128710	-7.458563	-1.278655	 1.142804
-1.976279	-8.144252	-0.566948	-0.001474	-5.823423	-1.128689	-4.506857	-1.117679	 0.353510	-7.654866	-1.273572	 1.382327
-1.969106	-8.222004	-0.564894	 0.010336	-6.175893	-1.124175	-4.488839	-1.003841	-0.035247	-7.737315	-1.268493	 1.498844
-1.961596	-8.244281	-0.562741	 0.016242	-6.339072	-1.119679	-4.470887	-0.945143	-0.229625	-7.762900	-1.263427	 1.553872
-1.953933	-8.238886	-0.560543	 0.019194	-6.407656	-1.115200	-4.453006	-0.914020	-0.326814	-7.260116	-1.258377	 1.078168
-1.946209	-8.219721	-0.558327	 0.020671	-6.428996	-1.110740	-4.435195	-0.896693	-0.375409	-6.995209	-1.253346	 0.839112
-1.938470	-7.693738	-0.556107	 0.021409	-6.426765	-1.106297	-4.417455	-0.886271	 0.100294	-7.349295	-1.248333	 1.218383
-1.930739	-7.416411	-0.553890	 0.021778	-6.412801	-1.101872	-4.399785	-0.879308	 0.336993	-7.510931	-1.243341	 1.404824
-1.923027	-7.263469	-0.551677	 0.021963	-6.393021	-1.097464	-4.382186	-0.874082	 0.454196	-7.576404	-1.238368	 1.494861
-1.915341	-7.672777	-0.549472	 0.022055	-5.870385	-1.093074	-4.364658	-0.869732	 0.511654	-7.093856	-1.233414	 1.036710
-1.907682	-7.861267	-0.547275	 0.022101	-5.598371	-1.088702	-4.347199	-0.865825	 0.539245	-6.839360	-1.228481	 0.806478
-1.900053	-7.939412	-0.545087	 0.022124	-5.951711	-1.084347	-4.329810	-0.862149	 0.051907	-7.198942	-1.223567	 0.690209
-1.892453	-7.962450	-0.542907	 0.022136	-6.115772	-1.080010	-4.312491	-0.858593	-0.191762	-7.363616	-1.218672	 0.630927
-1.884884	-7.957998	-0.540735	 0.022141	-6.185242	-1.075690	-4.295241	-0.855105	 0.186403	-7.430897	-1.213798	 1.100142
-1.877345	-7.939865	-0.538572	 0.022144	-6.207468	-1.071387	-4.278060	-0.851658	 0.374357	-7.449541	-1.208943	 1.331611
-1.869835	-7.414955	-0.536418	 0.022146	-5.706121	-1.067101	-4.260948	-0.848238	 0.467209	-7.443926	-1.204107	 1.444220
-1.862356	-7.138719	-0.534272	 0.022146	-5.445038	-1.062833	-4.243904	-0.844839	 0.512515	-7.426242	-1.199290	 1.497410
-1.854907	-6.986877	-0.532135	 0.022147	-5.304129	-1.058582	-4.226928	-0.841456	 0.534052	-7.402583	-1.194493	 1.520904
-1.847487	-6.897286	-0.530007	 0.022147	-5.723348	-1.054347	-4.210021	-0.838088	 0.543710	-6.875996	-1.189715	 1.029563
-1.840097	-6.838875	-0.527887	 0.022147	-5.920672	-1.050130	-4.193181	-0.834735	 0.547432	-6.600004	-1.184956	 0.782815
-1.832737	-6.796108	-0.525775	 0.022147	-6.007098	-1.045929	-4.176408	-0.831396	 0.548190	-6.449359	-1.180217	 1.158369
-1.825406	-6.761218	-0.523672	 0.022147	-6.038124	-1.041746	-4.159702	-0.828070	 0.547472	-6.361440	-1.175496	 1.343079
-1.818104	-6.730321	-0.521577	 0.022147	-5.541499	-1.037579	-4.143064	-0.824758	 0.546019	-6.304933	-1.170794	 0.932378
-1.810832	-6.701473	-0.519491	 0.022147	-5.283097	-1.033428	-4.126491	-0.821459	 0.544203	-6.264183	-1.166111	 0.725984
-1.803588	-7.173704	-0.517413	 0.022147	-5.643846	-1.029295	-4.109985	-0.818173	 0.542211	-6.231361	-1.161446	 0.621748
-1.796374	-7.394527	-0.515343	 0.022147	-5.812212	-1.025178	-4.093545	-0.814900	 0.540134	-6.202553	-1.156800	 0.568595
-1.789188	-7.489709	-0.513282	 0.022147	-5.884433	-1.021077	-4.077171	-0.811640	 0.538020	-6.175801	-1.152173	 0.540987
-1.782032	-7.522129	-0.511229	 0.022147	-5.908631	-1.016993	-4.060862	-0.808394	 0.535891	-6.150127	-1.147564	 0.526157
-1.774904	-7.523231	-0.509184	 0.022147	-5.908864	-1.012925	-4.044619	-0.805160	 0.533759	-6.125041	-1.142974	 0.517719
-1.767804	-7.508733	-0.507147	 0.022147	-5.397162	-1.008873	-4.028441	-0.801940	 0.531629	-6.100298	-1.138402	 1.012481
-1.760733	-7.486495	-0.505119	 0.022147	-5.131541	-1.004837	-4.012327	-0.798732	 0.529506	-6.075776	-1.133849	 1.256848
-1.753690	-7.460448	-0.503098	 0.022147	-5.488998	-1.000818	-3.996277	-0.795537	 0.527389	-6.051412	-1.129313	 0.876029
-1.746675	-7.432555	-0.501086	 0.022147	-5.656034	-0.996815	-3.980292	-0.792355	 0.525280	-6.027176	-1.124796	 0.685620
-1.739688	-7.403800	-0.500079	 0.022147	-5.727905	-0.992828	-3.964371	-0.789185	 0.523179	-6.503052	-1.120297	 1.090415
-1.732730	-7.374672	-0.499576	 0.022147	-5.752242	-0.988856	-3.948514	-0.786029	 0.521087	-6.727033	-1.115816	 1.289822
-1.725799	-7.345417	-0.499325	 0.022147	-5.752857	-0.984901	-3.932720	-0.782885	 0.519003	-6.825121	-1.111352	 1.386547
-1.718896	-7.316157	-0.499199	 0.022147	-5.241657	-0.980961	-3.916989	-0.779753	 0.516927	-6.360318	-1.106907	 0.931943
-1.712020	-7.286953	-0.499136	 0.022147	-4.976597	-0.977037	-3.901321	-0.776634	 0.514859	-6.116126	-1.102479	 0.704641
-1.705172	-6.757836	-0.499105	 0.022147	-4.834643	-0.973129	-3.885716	-0.773527	 0.012800	-5.982286	-1.098069	 1.090990
-1.698351	-6.480820	-0.499089	 0.022147	-4.754281	-0.969237	-3.870173	-0.770433	-0.238230	-5.903669	-1.093677	 1.281210
-1.691558	-6.329904	-0.499081	 0.022147	-5.204752	-0.965360	-3.854692	-0.767352	 0.136255	-5.852711	-1.089302	 0.873377
-1.684792	-6.242089	-0.499077	 0.022147	-5.418677	-0.961498	-3.839273	-0.764282	 0.322476	-5.815628	-1.084945	 0.669461
-1.678052	-6.185872	-0.499075	 0.022147	-5.014375	-0.957652	-3.823916	-0.761225	 0.414569	-6.285529	-1.080605	 0.567502
-1.671340	-6.145505	-0.499074	 0.022147	-4.803003	-0.953822	-3.808620	-0.758180	 0.459603	-6.506969	-1.076283	 0.516523
-1.664655	-6.613110	-0.499074	 0.022147	-4.688134	-0.950006	-3.793386	-0.255147	 0.481110	-6.104232	-1.071978	 0.991034
-1.657996	-6.832752	-0.499074	 0.022147	-4.621553	-0.946206	-3.778212	-0.003631	 0.490858	-5.891461	-1.067690	 1.225358
-1.651364	-6.928468	-0.499073	 0.022147	-4.579153	-0.942422	-3.763100	 0.122127	 0.494731	-5.773718	-1.063419	 1.339601
-1.644759	-6.962278	-0.499073	 0.022147	-4.548879	-0.938652	-3.748047	-0.314994	 0.496668	-5.703534	-1.059166	 1.393814
-1.638180	-6.965190	-0.499073	 0.022147	-4.524705	-0.934897	-3.733055	-0.532050	 0.497636	-5.657176	-1.054929	 1.418025
-1.631627	-6.452710	-0.499073	 0.022147	-5.003617	-0.931158	-3.718123	-0.639080	 0.498120	-6.122775	-1.050709	 1.427246
-1.625100	-6.184590	-0.499073	 0.022147	-5.232108	-0.927433	-3.703250	-0.691103	 0.498362	-6.342398	-1.046506	 1.428983
-1.618600	-6.038697	-0.499073	 0.022147	-5.335432	-0.923723	-3.688437	-0.715628	 0.498483	-5.939085	-1.042320	 1.426991
-1.612126	-5.953965	-0.499073	 0.022147	-5.376217	-0.920028	-3.673684	-0.726410	 0.498544	-5.726357	-1.038151	 1.423144
-1.605677	-5.899860	-0.499073	 0.022147	-4.885775	-0.916348	-3.658989	-0.730327	 0.498574	-5.608966	-1.033998	 1.418383
-1.599254	-5.861116	-0.499073	 0.022147	-4.631763	-0.912683	-3.644353	-0.730817	 0.498589	-5.539287	-1.029862	 1.413175
-1.592857	-5.830100	-0.499073	 0.022147	-4.496002	-0.909032	-3.629775	-0.729599	 0.498597	-5.493509	-1.025743	 1.407755
-1.586486	-5.802993	-0.499073	 0.022147	-4.419401	-0.905396	-3.615256	-0.727533	 0.498601	-5.459724	-1.021640	 0.902240
-1.580140	-5.777888	-0.499073	 0.022147	-4.372415	-0.901774	-3.600795	-0.725050	 0.498602	-5.431980	-1.017553	 0.649483
-2.073820	-5.753830	-0.499073	 0.022147	-4.840271	-0.898167	-3.586392	-0.722363	 0.498603	-5.407299	-1.013483	 1.023104
-2.315524	-5.730342	-0.499073	 0.022147	-5.063583	-0.894575	-3.572047	-0.719580	 0.498604	-5.384194	-1.009429	 1.207121
-2.431262	-5.707184	-0.499073	 0.022147	-5.164665	-0.890996	-3.057758	-0.716755	 0.498604	-5.361919	-1.005392	 1.296347
-2.484037	-5.684236	-0.499073	 0.022147	-5.204674	-0.887432	-2.795527	-0.713914	 0.498604	-5.340102	-1.001370	 1.338189
-2.005351	-6.161440	-0.499073	 0.022147	-4.714190	-0.883883	-3.159345	-0.711072	 0.498604	-5.818557	-0.997365	 0.856350
-1.762955	-6.386765	-0.499073	 0.022147	-4.460500	-0.880347	-3.334208	-0.708234	 0.498604	-6.045191	-0.993375	 0.615431
-1.638715	-6.486203	-0.499073	 0.022147	-4.325242	-0.876826	-3.414621	-0.705405	 0.498604	-6.145964	-0.989402	 0.494971
-1.573567	-6.022751	-0.499073	 0.022147	-4.249232	-0.873318	-3.447838	-0.702585	 0.498604	-5.683857	-0.985444	 0.934741
-1.537975	-5.779906	-0.499073	 0.022147	-4.202881	-0.869825	-3.457484	-0.699775	 0.498604	-5.442360	-0.981502	 1.151877
-1.517175	-5.647410	-0.499073	 0.022147	-4.171393	-0.866346	-3.455372	-0.696977	 0.498604	-5.311210	-0.977576	 1.257707
-1.503782	-5.570132	-0.499073	 0.022147	-4.147369	-0.862881	-3.447410	-0.694189	 0.498604	-5.235274	-0.973666	 1.307895
-1.494105	-5.520507	-0.999073	 0.022147	-4.127110	-0.859429	-3.436550	-0.691412	 0.498604	-5.186988	-0.969771	 0.830273
-1.486297	-5.484753	-1.246075	 0.022147	-4.108767	-0.855991	-3.424269	-0.688647	 0.498604	-5.152567	-0.965892	 0.591462
-1.979437	-5.455978	-0.866590	 0.022147	-4.091414	-0.852567	-3.411304	-0.685892	 0.498604	-5.625121	-0.962029	 0.972056
-2.221061	-5.430736	-0.676847	 0.022147	-4.074590	-0.849157	-3.398025	-0.683149	 0.498604	-5.849202	-0.958180	 1.159648
-2.336948	-5.407304	-0.581976	 0.022147	-4.058062	-0.845760	-3.384616	-0.680416	 0.498604	-5.949096	-0.954348	 1.250750
-2.389986	-5.384820	-0.534540	-0.477853	-4.041715	-0.842377	-3.371169	-0.677694	 0.498604	-5.486945	-0.950530	 1.293617
-2.411619	-5.362854	-0.510823	-0.725897	-4.025491	-0.839008	-3.357731	-0.674984	 0.498604	-5.245820	-0.946728	 1.312377
-1.917569	-5.341189	-0.498964	-0.347971	-4.009361	-0.835652	-3.344323	-0.672284	 0.498604	-5.115249	-0.942941	 1.319095
-1.667697	-5.319717	-0.493034	-0.159009	-3.993309	-0.832309	-3.330957	-0.669595	 0.498604	-5.039993	-0.939170	 1.319803
-1.539925	-5.298385	-0.490069	-0.064527	-3.977328	-0.828980	-2.817639	-0.666916	 0.498604	-4.992436	-0.935413	 1.317515
-1.473215	-5.277165	-0.488587	-0.017286	-3.961416	-0.825664	-2.556371	-0.664249	 0.498604	-4.958768	-0.931671	 1.313741
-1.437047	-5.256043	-0.487846	 0.006334	-3.945568	-0.822361	-2.921147	-0.661592	 0.498604	-4.932083	-0.927945	 1.309234
-1.416161	-5.235012	-0.487475	 0.018144	-3.929785	-0.819072	-3.096963	-0.658945	 0.498604	-4.908930	-0.924233	 1.304371
-1.402927	-5.214068	-0.487290	 0.024049	-3.914065	-0.815796	-3.178325	-0.656309	 0.498604	-4.887582	-0.920536	 1.299341
-1.893531	-5.193210	-0.487197	-0.472998	-3.898409	-0.812532	-3.212487	-0.653684	 0.498604	-4.867176	-0.916854	 1.294237
-2.134065	-5.172437	-0.487151	-0.719582	-3.882815	-0.809282	-3.223075	-0.651069	 0.498604	-4.847279	-0.913186	 1.289107
-1.749583	-5.151746	-0.987128	-0.340941	-3.867284	-0.806045	-3.221902	-0.648465	 0.498604	-4.827676	-0.909534	 1.283974
-1.554611	-5.131139	-1.234142	-0.151621	-3.851815	-0.802821	-3.214873	-0.645871	 0.498604	-4.808258	-0.905895	 1.278849
-1.454406	-5.110615	-0.854687	-0.056961	-3.836407	-0.799610	-3.204944	-0.643288	 0.498604	-4.788972	-0.902272	 1.273740
-1.401595	-5.090172	-0.664959	-0.009631	-3.821062	-0.796411	-3.193589	-0.640715	 0.498604	-4.769789	-0.898663	 1.268648
-1.372492	-5.069811	-0.570095	 0.014034	-3.805777	-0.793226	-3.181547	-0.638152	 0.498604	-5.250696	-0.895068	 0.763575
-1.355254	-5.049532	-0.522664	 0.025867	-3.790554	-0.790053	-3.169187	-0.635599	 0.498604	-5.479687	-0.891488	 0.511038
-1.343959	-5.029334	-0.498948	 0.031783	-3.775392	-0.786893	-3.156693	-0.633057	 0.498604	-5.582765	-0.887922	 0.384770
-1.335646	-5.009217	-0.487090	 0.034741	-3.760291	-0.783745	-3.144158	-0.630525	 0.498604	-5.122932	-0.884370	 0.821636
-1.328835	-4.989180	-0.481161	 0.036220	-3.745249	-0.780610	-3.131627	-0.628002	 0.498604	-4.883690	-0.880833	 1.037552
-1.322785	-4.969223	-0.478196	 0.036960	-4.230268	-0.777488	-3.119123	-1.125490	 0.498604	-4.754779	-0.877309	 1.143003
-1.317127	-4.949346	-0.476714	 0.037329	-4.463347	-0.774378	-3.106658	-1.370988	 0.498604	-4.681073	-0.873800	 1.193231
-1.311675	-4.929549	-0.475973	 0.037514	-4.070494	-0.771280	-3.094237	-0.990505	 0.498604	-4.635004	-0.870305	 1.215859
-1.306336	-4.909831	-0.475602	 0.037607	-3.866712	-0.768195	-3.081863	-0.799042	 0.498604	-4.602793	-0.866824	 1.224695
-1.301065	-4.890191	-0.475417	 0.037653	-4.257495	-0.765122	-3.069537	-0.702096	 0.498604	-4.577545	-0.863356	 1.226647
-1.295838	-4.870631	-0.475324	 0.037676	-4.443590	-0.762062	-3.057260	-0.652413	 0.498604	-4.555817	-0.859903	 1.225165
-1.290643	-4.851148	-0.475278	 0.037688	-4.527378	-0.759013	-3.045031	-0.626366	 0.498604	-4.535885	-0.856463	 1.221977
-1.785475	-5.331743	-0.475255	 0.037693	-4.060050	-0.755977	-3.032851	-0.612142	 0.498604	-4.516887	-0.853037	 0.717945
-2.028330	-5.560416	-0.475243	 0.037696	-3.819200	-0.752954	-3.020720	-0.603834	 0.498604	-4.498392	-0.849625	 0.465930
-1.645215	-5.663175	-0.475237	 0.037698	-4.191619	-0.749942	-2.508637	-0.098489	 0.498604	-4.480185	-0.846227	 0.839922
-1.451134	-5.703022	-0.475235	 0.037698	-4.368700	-0.746942	-2.248603	 0.154184	 0.498604	-4.462157	-0.842842	 1.024490
-1.351579	-5.211460	-0.475233	 0.037699	-3.948149	-0.743954	-2.114608	-0.219480	 0.498604	-4.444255	-0.839471	 1.114356
-1.299297	-4.956239	-0.475232	 0.037699	-3.730818	-0.740978	-2.043650	-0.405125	 0.498604	-4.426452	-0.836113	 1.156880
-1.270663	-5.319227	-0.475232	 0.037699	-4.115126	-0.738014	-2.504225	 0.003233	 0.498604	-4.408732	-0.832768	 1.175744
-1.253861	-5.489356	-0.475232	 0.037699	-4.298281	-0.735062	-2.728583	 0.207413	 0.498604	-4.391091	-0.829437	 1.182786
-1.242986	-5.563102	-0.475232	 0.037699	-4.380896	-0.732122	-2.834856	 0.309502	 0.498604	-4.373523	-0.826119	 1.183928
-1.235085	-5.088701	-0.475232	 0.037699	-3.913276	-0.729194	-2.882111	-0.139453	 0.498604	-4.356027	-0.822815	 1.182129
-1.228679	-4.842272	-0.475232	 0.037699	-3.672575	-0.726277	-2.899879	-0.362754	 0.498604	-4.338602	-0.819524	 1.178868
-1.223032	-4.709866	-0.475232	 0.037699	-3.545361	-0.723372	-2.402928	-0.473232	 0.498604	-4.321248	-0.816246	 1.174887
-1.217774	-4.634508	-0.475232	 0.037699	-3.474917	-0.720478	-2.150641	-0.527304	 0.498604	-4.303962	-0.812981	 1.170554
-1.712720	-4.587710	-0.475232	 0.037699	-3.432886	-0.717596	-2.020700	-0.553177	 0.498604	-4.786746	-0.809729	 0.666056
-1.955777	-4.555230	-0.475232	 0.037699	-3.405089	-0.714726	-1.951948	-0.564955	 0.498604	-5.017599	-0.806490	 0.413806
-2.072908	-4.529944	-0.475232	 0.037699	-3.384436	-0.711867	-2.413806	-0.569691	 0.498604	-4.622529	-0.803264	 0.787682
-2.127094	-4.508292	-0.475232	 0.037699	-3.367382	-0.709020	-2.638984	-0.570910	 0.498604	-4.416539	-0.800051	 0.972296
-2.149824	-4.488493	-0.475232	 0.037699	-3.352154	-0.706184	-2.745844	-0.570375	 0.498604	-4.305123	-0.796851	 1.062290
-1.656844	-4.469655	-0.475232	 0.037699	-3.337867	-0.703359	-2.293569	-0.068968	 0.498604	-4.241027	-0.793663	 1.104982
-1.408026	-4.451335	-0.475232	 0.037699	-3.324076	-0.700545	-2.063749	 0.181735	 0.498604	-4.200626	-0.790488	 1.124033
-1.281299	-4.933309	-0.475232	-0.462301	-3.310560	-0.697743	-1.945171	 0.307087	 0.498604	-4.172104	-0.787327	 1.131272
-1.215626	-5.163466	-0.475232	-0.710376	-3.297207	-0.694952	-1.882229	 0.369763	 0.498604	-4.149557	-0.784177	 1.132614
-1.180490	-4.767757	-0.475232	-0.332497	-3.283964	-0.692172	-1.847119	-0.098899	 0.498604	-4.130029	-0.781041	 1.131018
-1.160631	-4.561158	-0.475232	-0.143557	-3.270800	-0.689404	-1.825940	-0.332095	 0.498604	-4.112044	-0.777916	 1.127961
-1.148420	-4.449149	-0.475232	-0.049088	-3.257703	-0.686646	-2.311741	-0.447562	 0.498604	-4.094863	-0.774805	 1.124182
-1.140042	-4.384471	-0.475232	-0.001853	-3.244666	-0.683899	-2.549047	-0.504170	 0.498604	-4.078117	-0.771705	 1.120052
-1.133590	-4.343492	-0.475232	 0.021765	-3.231684	-0.681164	-2.662127	-0.531352	 0.498604	-4.061622	-0.768619	 1.115755
-1.128110	-4.314398	-0.475232	 0.033573	-3.218755	-0.678439	-2.713116	-0.543826	 0.498604	-4.045284	-0.765544	 1.111384
-1.123124	-4.291280	-0.475232	 0.039478	-3.205879	-0.675725	-2.733083	-0.548951	 0.498604	-4.029057	-0.762482	 1.106984
-1.118395	-4.271185	-0.475232	 0.042430	-3.693055	-0.673023	-2.237560	-0.550405	 0.498604	-4.012918	-0.759432	 0.602579
-1.113803	-4.252635	-0.475232	 0.043906	-3.928283	-0.670330	-1.986315	-0.550028	 0.498604	-3.996855	-0.756394	 0.350377
-1.609289	-4.234892	-0.475232	 0.044644	-3.537570	-0.667649	-2.357222	-0.048740	 0.498604	-3.980862	-0.753369	 0.724276
-1.852822	-4.217586	-0.475232	 0.045013	-3.335919	-0.664979	-2.537219	 0.201903	 0.498604	-3.964935	-0.750355	 0.909029
-1.470396	-4.200532	-0.475232	 0.045198	-3.228826	-0.662319	-2.121783	-0.672775	 0.498604	-3.949074	-0.747354	 0.999218
-1.277007	-4.183639	-0.475232	 0.045290	-3.169035	-0.659669	-1.910653	-1.107019	 0.498604	-3.933277	-0.744364	 1.042133
-1.178145	-4.166858	-0.475232	 0.045336	-3.132922	-0.657031	-1.801688	-1.321058	 0.498604	-3.917544	-0.741387	 1.061421
-1.126556	-4.150168	-0.475232	 0.045359	-3.108671	-0.654403	-1.743821	-0.425008	 0.498604	-3.901873	-0.738421	 1.068903
-1.098611	-4.133556	-0.475232	 0.045371	-3.090377	-0.651785	-1.711515	 0.023017	 0.498604	-3.886266	-0.735468	 1.070492
-1.082498	-4.117016	-0.475232	 0.045376	-3.575086	-0.649178	-1.692004	-0.252970	 0.498604	-3.870721	-0.732526	 1.069142
-1.072308	-4.100545	-0.475232	 0.045379	-3.809321	-0.646581	-1.678903	-0.389906	 0.498604	-3.855238	-0.729596	 1.066331
-1.065089	-4.084141	-0.975232	 0.045381	-3.418351	-0.643995	-1.669021	-0.457320	 0.498604	-3.839817	-0.726677	 1.062799
-1.059364	-4.067804	-1.222281	 0.045381	-3.216812	-0.641419	-1.660762	-0.489978	 0.498604	-3.824457	-0.723771	 1.058914
-1.054394	-4.051533	-0.842867	 0.045382	-3.110011	-0.638853	-1.653327	-0.505261	 0.498604	-4.309160	-0.720876	 1.054862
-1.049810	-4.035326	-0.653160	 0.045382	-3.050605	-0.636298	-1.646318	-0.511862	 0.498604	-4.541923	-0.717992	 1.050734
-1.045428	-4.019185	-0.558307	 0.045382	-3.014919	-0.633753	-1.639535	-0.514125	 0.498604	-4.648755	-0.715120	 1.046577
-1.041154	-4.003108	-0.510880	 0.045382	-3.491118	-0.631218	-1.632878	-0.514224	 0.498604	-4.192660	-0.712260	 1.042414
-1.036944	-3.987096	-0.487167	 0.045382	-3.721282	-0.628693	-1.626297	-0.513245	 0.498604	-3.957140	-0.709411	 1.038255
-1.532773	-3.971147	-0.475310	 0.045382	-3.328462	-0.626178	-1.619767	-0.511731	 0.498604	-3.831936	-0.706573	 1.034108
-1.776631	-3.955263	-0.469382	 0.045382	-3.126180	-0.623673	-1.613276	-0.509953	 0.498604	-3.761921	-0.703747	 1.029975
-1.394519	-3.939442	-0.466418	 0.045382	-3.019192	-0.621178	-1.606816	-0.508048	 0.498604	-3.719529	-0.700932	 1.025856
-1.201438	-3.923684	-0.464935	 0.045382	-2.959873	-0.618694	-1.600386	-0.506084	 0.498604	-3.690979	-0.698128	 1.021753
-1.102880	-3.907989	-0.464194	 0.045382	-2.924412	-0.616219	-2.093983	-0.504093	 0.498604	-3.669379	-0.695335	 1.017667
-1.051593	-3.892357	-0.463824	 0.045382	-2.900904	-0.613754	-2.335606	-0.502093	 0.498604	-3.651284	-0.692554	 1.013596
-1.023949	-3.876788	-0.463639	 0.045382	-2.883395	-0.611299	-2.451263	-0.000093	 0.498604	-3.634970	-0.689784	 1.009542
-1.008134	-3.861281	-0.463546	 0.045382	-2.868909	-0.608854	-2.503958	 0.249903	 0.498604	-3.619576	-0.687025	 1.005504
-0.998242	-3.845835	-0.463500	 0.045382	-2.855957	-0.606418	-2.525192	 0.374901	 0.498604	-3.604670	-0.684277	 1.001482
-0.991320	-3.830452	-0.463477	 0.045382	-2.843795	-0.603993	-2.030716	-0.062600	 0.498604	-3.590038	-0.681540	 0.997476
-0.985889	-3.815130	-0.463465	 0.045382	-2.832051	-0.601577	-1.780406	-0.280350	 0.498604	-3.575571	-0.678813	 0.993486
-0.981213	-3.799870	-0.463459	 0.045382	-2.820538	-0.599171	-2.152191	-0.389226	 0.498604	-3.561215	-0.676098	 0.989512
-0.976922	-3.784670	-0.463456	 0.045382	-2.809164	-0.596774	-2.333035	-0.443663	 0.498604	-3.546943	-0.673394	 0.985554
-1.472832	-3.769532	-0.463455	 0.045382	-2.797881	-0.594387	-2.418429	-0.470882	 0.498604	-3.532742	-0.670700	 0.981612
-1.716849	-3.754454	-0.463454	 0.045382	-2.786667	-0.592009	-2.456119	-0.484491	 0.498604	-3.518605	-0.668017	 0.977685
-1.834936	-3.739436	-0.463454	 0.045382	-2.775508	-0.589641	-2.469976	 0.008704	 0.498604	-3.504527	-0.665345	 0.973775
-1.890073	-3.724478	-0.463454	 0.045382	-2.764401	-0.587283	-2.471937	 0.254298	 0.498604	-3.490507	-0.662684	 0.969879
-1.913751	-3.709580	-0.463453	 0.045382	-2.753340	-0.584933	-2.467970	 0.377095	 0.498604	-3.476544	-0.660033	 0.966000
-1.421715	-3.694742	-0.463453	 0.045382	-2.742325	-0.582594	-2.461058	-0.061507	 0.498604	-3.462638	-0.657393	 0.962136
-1.173838	-3.679963	-0.463453	 0.045382	-2.731355	-0.580263	-2.452694	-0.279807	 0.498604	-3.448787	-0.654763	 0.958287
-1.048048	-3.665243	-0.463453	 0.045382	-2.720429	-0.577942	-2.443623	-0.388958	 0.498604	-3.434992	-0.652144	 0.954454
-0.983308	-3.650582	-0.463453	 0.045382	-2.709548	-0.575631	-2.434219	-0.443533	 0.498604	-3.421252	-0.649536	 0.950636
-0.949101	-3.635980	-0.463453	 0.045382	-3.198709	-0.573328	-1.924667	-0.470820	 0.498604	-3.407567	-0.646938	 0.946834
-0.930168	-3.621436	-0.463453	 0.045382	-3.435914	-0.571035	-1.667061	-0.484464	 0.498604	-3.393936	-0.644350	 0.943047
-1.418878	-3.606950	-0.463453	 0.045382	-3.047171	-0.568751	-2.035439	-0.491286	 0.498604	-3.880361	-0.641773	 0.439274
-1.659419	-3.592522	-0.463453	 0.045382	-2.847482	-0.566476	-2.214820	-0.494697	 0.498604	-4.114839	-0.639205	 0.187388
-1.775889	-3.578152	-0.463453	 0.045382	-2.742342	-0.564210	-2.299722	-0.496402	 0.498604	-4.223380	-0.636649	 0.061445
-1.830339	-3.563839	-0.463453	 0.045382	-2.684498	-0.561953	-2.337404	-0.497255	 0.498604	-3.768986	-0.634102	 0.498474
-1.853795	-3.549584	-0.463453	 0.045382	-2.650322	-0.559705	-2.351495	-0.497681	 0.498604	-3.535160	-0.631566	 0.715117
-1.361768	-3.535386	-0.463453	 0.045382	-2.628002	-0.557466	-1.853809	-0.497895	 0.498604	-3.411645	-0.629039	 0.821575
-1.114015	-3.521244	-0.463453	 0.045382	-2.611631	-0.555236	-1.602254	-0.498001	 0.498604	-3.343311	-0.626523	 0.872948
-0.988406	-3.507159	-0.463453	 0.045382	-2.598255	-0.553015	-1.973775	-0.498055	 0.498604	-3.802594	-0.624017	 0.896786
-0.923876	-3.493131	-0.463453	 0.045382	-2.586397	-0.550803	-2.154845	-0.498081	 0.498604	-4.023711	-0.621521	 0.906864
-1.389893	-3.479158	-0.463453	-0.454618	-2.575319	-0.548600	-2.240708	-0.498095	 0.498604	-3.625781	-0.619035	 0.910069
-1.619189	-3.465241	-0.463453	-0.702709	-2.564651	-0.546406	-2.278987	-0.498101	 0.498604	-3.420359	-0.616559	 0.909844
-1.730140	-3.451380	-0.463453	-0.824852	-2.554209	-0.544220	-2.293491	-0.498104	 0.498604	-3.311219	-0.614093	 0.907913
-1.781934	-3.437575	-0.463453	-0.884030	-2.543901	-0.542043	-1.796128	-0.498106	 0.498604	-3.250245	-0.611636	 0.905136
-1.804163	-3.423825	-0.463453	-0.911733	-2.533680	-0.539875	-1.544848	-0.498107	 0.498604	-3.213379	-0.609190	 0.901942
-1.811625	-3.410129	-0.463453	-0.423705	-2.523522	-0.537716	-1.416621	-0.498107	 0.498604	-3.188593	-0.606753	 0.898548
-1.811717	-3.396489	-0.463453	-0.179691	-2.513417	-0.535565	-1.349931	-0.498108	 0.498604	-3.169873	-0.604326	 0.895060
-1.308140	-3.382903	-0.463453	-0.057685	-2.503357	-0.533422	-1.314020	 0.001892	 0.498604	-3.654210	-0.601909	 0.891533
-1.054742	-3.369371	-0.463453	 0.003319	-2.493341	-0.531289	-1.293508	 0.250888	 0.498604	-3.888102	-0.599501	 0.887994
-0.926441	-3.355894	-0.463453	 0.033821	-2.483366	-0.529164	-1.780706	-0.124613	 0.498604	-3.996803	-0.597103	 0.884455
-0.860694	-3.342470	-0.463453	 0.049071	-2.473432	-0.527047	-2.019769	-0.311364	 0.498604	-4.042943	-0.594715	 0.880924
-0.826230	-3.329100	-0.463453	 0.056697	-2.463538	-0.524939	-2.134783	-0.404740	 0.498604	-4.057835	-0.592336	 0.877404
-0.807415	-3.315784	-0.463453	 0.060510	-2.453684	-0.522839	-1.687790	-0.451427	 0.498604	-3.557135	-0.589966	 0.873896
-0.796430	-3.302521	-0.463453	 0.062416	-2.443869	-0.520748	-1.461812	-0.474771	 0.498604	-3.300673	-0.587606	 0.870401
-0.789367	-3.289311	-0.463453	 0.063369	-2.434093	-0.518665	-1.346352	-0.486443	 0.498604	-3.166353	-0.585256	 0.866920
-0.784271	-3.276153	-0.463453	 0.063846	-2.424357	-0.516590	-1.286159	-0.492279	 0.498604	-3.093129	-0.582915	 0.863453
-1.280164	-3.263049	-0.463453	 0.064084	-2.414659	-0.514524	-1.253611	-0.495197	 0.498604	-3.050477	-0.580583	 0.859999
-1.524559	-3.249997	-0.463453	 0.064203	-2.405001	-0.512466	-1.234895	-0.496656	 0.498604	-3.023136	-0.578261	 0.856559
-1.143218	-3.236997	-0.463453	-0.435737	-2.395381	-0.510416	-1.723105	-0.497385	 0.498604	-3.003473	-0.575948	 0.853133
-0.951024	-3.224049	-0.463453	-0.683836	-2.385799	-0.508374	-1.962787	-0.497750	 0.498604	-2.987675	-0.573644	 0.849720
-0.853410	-3.211152	-0.463453	-0.806022	-2.376256	-0.506340	-2.078223	-0.497933	 0.498604	-2.973832	-0.571350	 0.846321
-1.303091	-3.198308	-0.463453	-0.365258	-2.366751	-0.504315	-1.631554	-0.498024	 0.498604	-2.960990	-0.569064	 0.842936
