-1.516456	-4.347025	-0.171418	-0.861310	-3.905930	-0.648411	-2.973429	-0.799034	-0.104658	-3.561194	-1.110741	 0.433188
-1.513319	-4.393226	-0.360081	-0.665316	-3.906399	-0.647083	-2.968352	-0.799290	-0.106156	-3.553192	-1.163319	 0.433188
-1.510188	-3.911931	 0.046127	-0.567319	-3.903205	-0.645810	-2.963284	-0.298755	-0.106904	-3.545254	-1.188427	 0.433188
-1.507062	-3.667887	 0.249231	-0.518320	-3.898185	-0.644567	-2.958224	-0.048488	-0.107278	-3.537356	-1.199803	 0.433188
-1.503943	-3.542474	-0.149217	-0.493821	-3.392258	-0.643340	-2.953173	 0.076646	-0.107465	-3.529488	-1.204315	 0.433188
-1.500830	-3.476385	-0.347903	-0.481571	-3.136762	-0.642121	-2.948130	 0.139213	-0.107559	-3.521642	-1.205397	 0.433188
-1.497723	-3.439963	-0.446709	-0.475446	-3.006485	-0.640908	-2.943096	 0.170496	-0.107606	-3.513817	-1.204767	 0.433188
-1.494623	-3.918383	 0.004424	-0.472384	-3.438822	-0.639699	-2.938071	 0.186138	-0.107629	-3.506010	-1.203283	 0.433188
-1.491529	-4.153239	 0.229991	-0.470853	-3.651593	-0.638494	-2.933054	 0.193959	-0.107641	-3.498222	-1.201373	 0.433188
-1.488441	-3.766322	 0.342774	-0.970087	-3.754587	-0.637290	-2.928046	-0.302131	-0.107647	-3.490451	-1.199254	 0.433188
-1.485360	-3.569518	 0.399165	-1.218208	-3.802699	-0.636090	-2.923047	-0.549513	-0.107650	-3.482698	-1.197032	 0.433188
-1.482285	-3.467776	-0.072639	-0.840775	-3.823375	-0.634892	-2.918056	-0.172543	-0.107651	-3.474962	-1.194761	 0.433188
-1.479217	-3.413573	-0.308006	-0.652059	-3.830340	-0.633696	-2.913073	 0.015942	-0.107652	-3.467243	-1.192468	 0.433188
-1.476154	-3.883144	 0.074844	-0.557701	-3.830454	-0.632502	-2.908099	-0.389816	-0.107652	-3.459542	-1.190165	 0.433188
-1.473099	-4.113621	 0.266269	-0.510522	-3.827150	-0.631310	-2.903134	-0.592034	-0.107652	-3.451857	-1.187861	 0.433188
-1.470049	-4.224557	 0.361982	-0.486932	-3.822142	-0.630121	-2.898177	-0.692485	-0.107653	-3.444190	-1.185557	 0.433188
-1.467006	-4.275733	-0.090162	-0.475138	-3.816288	-0.628934	-3.393228	-0.742052	-0.107653	-3.436539	-1.183256	 0.433188
-1.463969	-4.297037	-0.315701	-0.469240	-3.810016	-0.627750	-3.637434	-0.766179	-0.107653	-3.428906	-1.180959	 0.433188
-1.460939	-3.803413	 0.072061	-0.966292	-3.303543	-0.626567	-3.256223	-0.277586	-0.107653	-3.421289	-1.178666	 0.433188
-1.457914	-3.553324	 0.265942	-1.213327	-3.047851	-0.625387	-3.063163	-0.033290	-0.107653	-3.413690	-1.176378	 0.433188
-1.454896	-3.925008	-0.137117	-0.835358	-3.417555	-0.624209	-2.964183	 0.088858	-0.107653	-2.906107	-1.174093	 0.433188
-1.451884	-4.106597	-0.338116	-0.646373	-3.599083	-0.623033	-2.912247	 0.149932	-0.107653	-2.649652	-1.171813	 0.433188
-1.448879	-4.193145	-0.438086	-0.551881	-3.186529	-0.621859	-2.883837	-0.319531	-0.107653	-3.018767	-1.169538	 0.433188
-1.445880	-4.232181	-0.487543	-0.504635	-2.977817	-0.620688	-2.867194	-0.553608	-0.107653	-3.199561	-1.167267	 0.433188
-1.442886	-4.247470	-0.511743	-0.481012	-2.871031	-0.619519	-2.856439	-0.669993	-0.107653	-3.286204	-1.165000	 0.433188
-1.439900	-4.250894	-0.523317	-0.469200	-3.315212	-0.618352	-2.848632	-0.727532	-0.107653	-3.325780	-1.162737	 0.433188
-1.436919	-4.248394	-0.528578	-0.463294	-3.534004	-0.617187	-2.842303	-0.755651	-0.107653	-3.341830	-1.160479	 0.433188
-1.433944	-4.742940	-0.530685	-0.460342	-3.640106	-0.616025	-2.836717	-0.769060	-0.107653	-2.846126	-1.158226	 0.433188
-1.430976	-4.985027	-0.531215	-0.458865	-3.689869	-0.614864	-2.831507	-0.775115	-0.107653	-2.595663	-1.155976	 0.433188
-1.428014	-4.100895	-1.030957	-0.458127	-3.211469	-0.113706	-2.826490	-0.777495	-0.107653	-2.467827	-1.153732	 0.433188
-1.425057	-3.655644	-1.279324	-0.457758	-2.969870	 0.136873	-2.821572	-0.778037	-0.107653	-2.401310	-1.151491	 0.433188
-1.422107	-3.429839	-0.402007	-0.457573	-2.846676	-0.237837	-2.816708	-0.277663	 0.392347	-2.865459	-1.149255	-0.066812
-1.419163	-3.313765	 0.036651	-0.457481	-2.782689	-0.424616	-2.811876	-0.027475	 0.641424	-3.093835	-1.147023	-0.316206
-1.416226	-3.252561	 0.255980	-0.457435	-2.748309	-0.517429	-2.807063	 0.097619	 0.765040	-3.204334	-1.144796	-0.440300
-1.413294	-3.718800	 0.365645	-0.457412	-2.728738	-0.563261	-2.802264	 0.160165	 0.325929	-3.255902	-0.642572	-0.001743
-1.410368	-3.947775	 0.420477	-0.457400	-2.716574	-0.585603	-2.797477	 0.191439	 0.106373	-3.278012	-0.391461	 0.217535
-1.407449	-3.558127	-0.052107	-0.457394	-2.708119	-0.596202	-2.792699	 0.207076	-0.003405	-2.785402	-0.765905	 0.327174
-1.404535	-3.360166	-0.287883	-0.457392	-2.701522	-0.600929	-2.787929	 0.214894	-0.058294	-2.536551	-0.952020	 0.381993
-1.401628	-3.258055	 0.094743	-0.457390	-2.695859	-0.602723	-2.783169	 0.218803	 0.414262	-2.909584	-1.043972	 0.409403
-1.398726	-3.203874	 0.286056	-0.457389	-2.690666	-0.603050	-2.778416	 0.220758	 0.649621	-3.092455	-1.088845	 0.423108
-1.395831	-3.173665	 0.381713	-0.457389	-2.685713	-1.102646	-2.773672	 0.221735	 0.266385	-3.180253	-0.610181	 0.429960
-1.392941	-3.155448	 0.429541	-0.457389	-2.680884	-1.350934	-2.768936	 0.222224	 0.074767	-3.220523	-0.370849	 0.433387
-1.390057	-3.143233	 0.453455	-0.457389	-2.676120	-1.473572	-2.764208	 0.222468	-0.021042	-3.237036	-0.251183	 0.435100
-1.387180	-3.134026	 0.465412	-0.457389	-2.671394	-1.033388	-2.759488	 0.222590	 0.431054	-3.241679	-0.691350	 0.435956
-1.384308	-3.126328	 0.471391	-0.457389	-2.666691	-0.812737	-2.754777	 0.222651	 0.656187	-3.240395	-0.910335	 0.436384
-1.381443	-3.119391	 0.474380	-0.457389	-2.162003	-0.201854	-2.250073	 0.222682	 0.767842	-2.736156	-0.518731	 0.436599
-1.378583	-3.112841	 0.475875	-0.457389	-1.908205	 0.103587	-1.996231	 0.222697	 0.822759	-2.481557	-0.322929	 0.436706
-0.875729	-2.606490	 0.476622	 0.042611	-0.779853	 0.756308	-1.367822	 0.722705	 1.349309	-1.851785	-0.225028	 0.936759
-0.624302	-2.351236	 0.476996	 0.292059	-0.215678	 1.081341	-1.052987	 0.971694	 1.610642	-1.535541	-0.176077	 1.185251
 0.001411	-0.221533	 1.477183	 1.416231	 3.566410	 1.742534	 3.105061	 2.095176	 1.739372	 3.623935	 1.348398	 1.807966
 0.313619	 0.841429	 1.974842	 1.975730	 5.451005	 2.070866	 5.177884	 2.654246	 1.801803	 6.193918	 2.107846	 2.116727
 0.469075	 1.371024	 2.221243	 2.252899	 6.386864	 2.232772	 6.208106	 2.931115	 1.831088	 7.469176	 2.484786	 2.268517
 1.546157	 5.633940	 2.342019	 2.388907	 8.348367	 2.311470	 7.217037	 2.566887	 1.343806	 11.597093	 2.670478	 1.341827
 2.081982	 7.755599	 2.399988	 2.454339	 9.320071	 2.348568	 7.714479	 2.382946	 1.099278	 13.643587	 2.760550	 0.878482
 3.847185	 13.806648	 1.926558	 2.484490	 13.796890	 2.364870	 10.456190	 2.289151	-0.023871	 18.149409	 3.302818	-0.353190
 4.723978	 16.812511	 1.688415	 2.497005	 16.019262	 2.370778	 11.815777	 2.240431	-0.584258	 20.377158	 3.570219	-0.967334
 5.656577	 20.795820	 1.567919	 2.500707	 18.614439	 2.871494	 13.484323	 1.714253	-1.363267	 22.465927	 3.700193	-1.772717
 6.116056	 22.762939	 1.506249	 2.500008	 19.893414	 3.118675	 14.305659	 1.450178	-1.750554	 23.483041	 3.761461	-2.172654
 8.338990	 28.722013	 2.473995	 4.997113	 31.014319	 3.739096	 17.703412	 2.317157	-0.941984	 28.464387	 5.788383	-1.369875
 9.439525	 31.667211	 2.954487	 6.238035	 36.537794	 4.045201	 19.384274	 2.748004	-0.537700	 30.917915	 6.794255	-0.967880
 9.978883	 33.105538	 3.191358	 6.850880	 39.262617	 4.194155	 20.206721	 2.960790	-0.335557	 32.107616	 7.289618	-0.766278
 10.737675	 35.290499	 2.806426	 5.149703	 35.588179	 4.264541	 21.099991	 2.564549	-0.734486	 32.665486	 7.529740	-0.664874
 11.105171	 36.345874	 2.611581	 4.295603	 33.722952	 4.295651	 21.527849	 2.364630	-0.932777	 32.907522	 7.642257	-0.613570
 11.277045	 37.336528	 2.511784	 3.865049	 33.262380	 4.307132	 26.223034	 4.262874	 1.469248	 39.991724	 12.690985	 2.412682
 11.351131	 37.793907	 2.459517	 3.646274	 33.003306	 4.308804	 28.544230	 5.206884	 2.666253	 43.520455	 15.198124	 3.919999
 15.376349	 45.984722	 3.931018	 5.533397	 39.345032	 6.305581	 29.678477	 5.673785	 1.760757	 45.271475	 15.934502	 4.667861
 17.368876	 50.069571	 4.661461	 6.469402	 42.505337	 7.296150	 30.219295	 5.902141	 1.307124	 46.136427	 16.286504	 5.036007
 15.345100	 44.601458	 3.521386	 6.429865	 39.574951	 7.283629	 23.463442	 3.511232	-0.420576	 36.058365	 9.946349	 1.214308
 14.319423	 41.828654	 2.949009	 6.403589	 38.077598	 7.270521	 20.071252	 2.314847	-1.282202	 30.990480	 6.772770	-0.693756
 13.792825	 40.403581	 2.660485	 6.383957	 37.296818	 7.257131	 18.360917	 1.715727	-1.710797	 28.427748	 5.182486	-1.645009
 10.515795	 35.152451	 2.013894	 4.367660	 31.374381	 5.243614	 17.491535	 1.415241	-1.922879	 27.117655	 4.383856	-2.117863
 8.869787	 32.497279	 1.689255	 3.357118	 28.390825	 4.233813	 17.042652	 1.264072	-2.026711	 26.433946	 3.981060	-2.351523
 7.539307	 31.140145	 1.025594	 2.849457	 26.876749	 3.725876	 16.804044	 1.187565	-2.076421	 26.063493	 3.776187	-2.465591
 6.867640	 30.432089	 0.693764	 2.593243	 26.097452	 3.468877	 16.670598	 1.148389	-2.099076	 25.849732	 3.670283	-2.519870
 6.525393	 30.048630	 0.527849	 2.462755	 25.685584	 3.337352	 16.589756	 1.127881	-2.108207	 25.714379	 3.613870	-2.544260
 6.347870	 29.827528	 0.444892	 2.395137	 25.457469	 3.268571	 16.535241	 1.116708	-2.110581	 25.618294	 3.582210	-2.553712
 6.252722	 29.687663	 0.903413	 2.358958	 25.321270	 3.231166	 16.493913	 1.110204	-2.109581	 25.541906	 3.562932	-2.555700
 6.198774	 29.588474	 1.131336	 2.338503	 25.231067	 3.209456	 16.459203	 1.106037	-2.106899	 25.475430	 3.549852	-2.553962
 6.165440	 29.509681	 1.243962	 2.325915	 25.163902	 3.195598	 16.427825	 1.103038	-2.103380	 25.413972	 3.539878	-2.550367
 6.142426	 29.441143	 0.798942	 2.317266	 25.608294	 3.185673	 16.398138	 1.100627	-2.099447	 25.355086	 3.531463	-2.545850
 6.124585	 29.377792	 0.576432	 2.310590	 25.807625	 3.177719	 16.369320	 1.098509	-2.095311	 25.297548	 3.523835	-2.540877
 6.109344	 29.317091	 0.965177	 2.304907	 25.384467	 3.170757	 16.340961	 1.096541	-2.091079	 25.240748	 3.516607	-2.535681
 6.095416	 29.257772	 1.158220	 2.299724	 25.150981	 3.164296	 16.312854	 1.094649	-2.086803	 25.184377	 3.509585	-2.530381
 6.082157	 29.699203	 0.753413	 2.294796	 25.012370	 2.658091	 16.284898	 1.092796	-2.082509	 25.128285	 3.502674	-2.525034
 6.069246	 29.890074	 0.551010	 2.290000	 24.921234	 2.402962	 16.257041	 1.090964	-2.078211	 25.072393	 3.495823	-2.519669
 6.056522	 29.955726	 0.949809	 2.285275	 25.353875	 2.273375	 16.229256	 1.089145	-2.073916	 24.516663	 3.489010	-2.514301
 6.043904	 29.958826	 1.147883	 2.280591	 25.547565	 2.206562	 16.201532	 1.087333	-2.069626	 24.212186	 3.482223	-2.508938
 6.031352	 29.930710	 1.245598	 2.275931	 25.621819	 2.171140	 16.173862	 1.085526	-2.065343	 24.033396	 3.475454	-2.503582
 6.018847	 29.387044	 0.793136	 2.271288	 25.136394	 2.651418	 16.146242	 1.083723	-2.061068	 24.417507	 3.468702	-2.498235
 6.006377	 29.086653	 0.566905	 2.266659	 24.872047	 2.888607	 16.118671	 1.081924	-2.056802	 24.582018	 3.461965	-2.492900
 5.993938	 28.907954	 0.453789	 2.262041	 25.218278	 3.004258	 16.091148	 1.080129	-2.052545	 24.636789	 3.455241	-2.487575
 5.981528	 28.790159	 0.397231	 2.257433	 25.368957	 3.059145	 16.063673	 1.078336	-2.048296	 24.636752	 3.448530	-2.482261
 5.969144	 28.702872	 0.868953	 2.252836	 24.921900	 3.083655	 16.036244	 1.076546	-2.044056	 24.609371	 3.441833	-2.476959
 5.956787	 28.630895	 1.103496	 2.248247	 24.676892	 3.092983	 16.008862	 1.074760	-2.039824	 24.568379	 3.435149	-2.471668
 5.944455	 28.566629	 0.719453	 2.243669	 25.032946	 3.094725	 15.981527	 1.072976	-2.035602	 24.520643	 3.428478	-2.466388
 5.932150	 28.506275	 0.527432	 2.239099	 25.188691	 3.092680	 15.954239	 1.071196	-2.031388	 24.469595	 3.421820	-2.461119
 5.919869	 28.447933	 0.431421	 2.234539	 25.244321	 3.088746	 15.926997	 1.069418	-2.027183	 24.416951	 3.415175	-2.455862
 5.907615	 28.390652	 0.383416	 2.229989	 25.249932	 2.583874	 15.899802	 1.067643	-2.022986	 24.363570	 3.908543	-2.450616
 5.895385	 28.333958	 0.359413	 2.225447	 25.230572	 2.329480	 15.872654	 1.065872	-2.018798	 24.309880	 4.150953	-2.445381
 6.383181	 28.277612	 0.347412	 2.220915	 24.698767	 2.200329	 15.845551	 1.064103	-2.014619	 24.256095	 3.767892	-2.440157
 6.619967	 28.221496	 0.341411	 2.216392	 24.411654	 2.133802	 15.818495	 1.062337	-2.010449	 24.202323	 3.573074	-2.434944
 6.231263	 32.165551	 0.338411	 2.211879	 24.246926	 2.598592	 14.791486	 1.060574	-2.006287	 23.148618	 3.472386	-1.929743
 6.030864	 34.101825	 0.336911	 2.207374	 24.143427	 2.828101	 14.266229	 1.058814	-2.002134	 22.597226	 3.418767	-1.675621
 5.924629	 30.034279	 0.836161	 2.202879	 23.070579	 2.939977	 13.991870	 1.057057	-1.997989	 20.797045	 3.388691	-1.547041
 5.865490	 27.974795	 1.084474	 2.198393	 22.514850	 2.993040	 13.842979	 1.055303	-1.993853	 19.875857	 3.370391	-1.481236
 5.329910	 22.919394	 1.207321	 2.193915	 18.717713	 2.516702	 11.256843	 1.053551	-1.489726	 16.894211	 3.357987	-0.446822
 5.057158	 20.374005	 1.267438	 2.189448	 16.806050	 2.276612	 9.956372	 1.051803	-1.236642	 15.387937	 3.348536	 0.069757
 4.915830	 19.083658	 1.296192	 2.184989	 15.837147	 2.154649	 9.298746	 1.050057	-1.109082	 14.619382	 3.340568	 0.327421
 4.340224	 13.920867	 1.309268	 1.680539	 11.839647	 2.091753	 7.462556	 1.548315	-0.044286	 10.219722	 2.833349	 0.955627
 4.048524	 11.330799	 1.314506	 1.427116	 9.834014	 2.058394	 6.539658	 1.795745	 0.487056	 8.013428	 2.577480	 1.268039
 2.398786	 6.527111	 1.315829	 1.299210	 5.324328	 1.539807	 2.573413	 0.917765	 0.251673	 1.903831	 0.947292	 0.922557
 1.573141	 4.123560	 1.315197	 1.234064	 3.068769	 1.279552	 0.591480	 0.478775	 0.133981	-1.146296	 0.132860	 0.749200
 0.159546	-0.579918	 0.813589	 0.200301	-0.559723	 0.648464	-1.398299	 0.259280	-0.424865	-3.666699	-0.773693	 0.161906
-0.545954	-2.926426	 0.562785	-0.315732	-2.370294	 0.332920	-2.390296	 0.149533	-0.703269	-4.920029	-1.225339	-0.131741
-1.397409	-4.594459	 0.437383	-0.572901	-3.771910	 0.175149	-3.383407	-0.405341	-0.841456	-5.539838	-1.449533	 0.221435
-1.820809	-5.422274	 0.374682	-0.700641	-4.468178	 0.096263	-3.876226	-0.681981	-0.909535	-5.842901	-1.560005	 0.397410
-2.030186	-5.829994	 0.343332	-0.763667	-4.811779	 0.056820	-4.118906	-0.819506	-0.942563	-5.987607	-1.613619	 0.484785
-2.132556	-6.527677	 0.327657	-0.794338	-5.479056	-0.462902	-4.236522	-0.887474	-0.958067	-6.553149	-1.638807	 0.027861
-2.181428	-6.869365	 0.319819	-0.808834	-5.807300	-0.721837	-4.291613	-0.920665	-0.964811	-6.828014	-1.649786	-0.200601
-2.203555	-7.033069	 0.315900	-0.815243	-5.966037	-0.850381	-4.315447	-0.936469	-0.967178	-6.457558	-1.653662	-0.314832
-2.212316	-7.107795	 0.313941	-0.817612	-6.040030	-0.913731	-4.323660	-0.943581	-0.967357	-6.265569	-1.653991	-0.371947
-1.714397	-7.638046	-0.187039	-0.817961	-6.071661	-0.944486	-4.824068	-0.946349	-0.966446	-6.662830	-1.652549	-0.400505
-1.464178	-7.895084	-0.436853	-0.817302	-6.082120	-0.958945	-5.069726	-0.946945	-0.964991	-6.853619	-1.650225	-0.414784
-1.837812	-7.515532	-0.561085	-0.816141	-6.082003	-0.965257	-5.188017	-1.446456	-0.963266	-6.941190	-1.647463	-0.421923
-2.022340	-7.318690	-0.622528	-0.814731	-6.076606	-0.967498	-5.242633	-1.694598	-0.961408	-6.977169	-1.644485	-0.425493
-2.112320	-7.213217	-0.652578	-0.813197	-6.068580	-0.967706	-5.265418	-1.817056	-0.959486	-6.987369	-1.641402	-0.427278
-2.155031	-7.153443	-0.666932	-0.811604	-6.059248	-0.966898	-5.272296	-1.376676	-0.457534	-6.984698	-1.638270	-0.428170
-2.174111	-7.116532	-0.673440	-0.809983	-6.049272	-0.965584	-5.271227	-1.155709	-0.206558	-6.975608	-1.635116	-0.428616
-2.181381	-7.091067	-0.676026	-1.308349	-6.038984	-0.964019	-5.266194	-1.044450	-0.581070	-6.963326	-1.631954	-0.428839
-2.182751	-7.071339	-0.676652	-1.555692	-6.028549	-0.962330	-5.259186	-0.988046	-0.767337	-6.949465	-1.628792	-0.428951
-2.181175	-7.054493	-0.676300	-1.177528	-6.018050	-0.960580	-4.751197	-0.959071	-0.859483	-6.934832	-1.625632	-0.429007
-2.178131	-7.039101	-0.675460	-0.987632	-6.007528	-0.958803	-4.493581	-0.943812	-0.904571	-6.919829	-1.622477	-0.429035
-2.174358	-7.024451	-0.674377	-1.391872	-6.997004	-0.957013	-4.861156	-0.935412	-0.426132	-6.904659	-1.619327	-0.429049
-2.170225	-7.010185	-0.673174	-1.592163	-7.484733	-0.955218	-5.040480	-0.930443	-0.186913	-6.889423	-1.616183	-0.429056
-2.165916	-6.996125	-0.671912	-1.690483	-7.721601	-0.953422	-5.125685	-0.927190	-0.067303	-6.874170	-1.613045	-0.429059
-2.161524	-6.982182	-0.670623	-1.237822	-6.833050	-0.951628	-5.163839	-1.424798	-0.007498	-6.358926	-1.609912	 0.070939
-2.157096	-6.968311	-0.669320	-1.010692	-6.383558	-0.949837	-5.178475	-1.672006	 0.022404	-6.094814	-1.606786	 0.320329
-2.152653	-6.954490	-0.168013	-1.396329	-6.153604	-0.948048	-5.181359	-1.294018	 0.037355	-6.456282	-1.603666	 0.444415
-2.148209	-6.940707	 0.082641	-1.587333	-6.033428	-0.946263	-5.178375	-1.104263	 0.044831	-6.629444	-1.600551	 0.505851
-2.143767	-6.926957	-0.292032	-1.181024	-5.968150	-0.944480	-5.172465	-1.008628	 0.048569	-6.708470	-1.597443	 0.035963
-2.139332	-6.913237	-0.478714	-0.977081	-5.930331	-0.942701	-5.165099	-0.960052	 0.050437	-6.740445	-1.594341	-0.198981
-2.134905	-6.899545	-0.571401	-0.874322	-5.906250	-0.940926	-4.657013	-0.935008	 0.051372	-6.748911	-1.591245	-0.316453
-2.130486	-6.885882	-0.617092	-0.822157	-5.889047	-0.939153	-4.399427	-0.921731	 0.051839	-6.745639	-1.588155	-0.375189
-2.126076	-6.872245	-0.639287	-0.795290	-5.875293	-0.937384	-4.267098	-0.914339	 0.052073	-6.736514	-1.585071	-0.404557
-2.121675	-6.858636	-0.649734	-0.781074	-5.863271	-0.935618	-4.697404	-0.909890	-0.447810	-6.224481	-1.581992	-0.419241
-2.117283	-6.845054	-0.654309	-0.773186	-5.852125	-0.933856	-4.908179	-0.906914	-0.696771	-5.962120	-1.578920	-0.426583
-2.112900	-6.831499	-0.155950	-0.768462	-6.841426	-0.932097	-5.009196	-0.904676	-0.820273	-6.324609	-1.575854	-0.430254
-2.108527	-6.817971	 0.093230	-0.765322	-7.329204	-0.930341	-5.055342	-0.902809	-0.881046	-6.498426	-1.572794	-0.432090
-2.104162	-7.304469	-0.282180	-0.762977	-6.566233	-0.928589	-5.074060	-0.901127	-0.410459	-6.077925	-1.569739	 0.066992
-2.099806	-7.540004	-0.469239	-0.761029	-6.179654	-0.926839	-5.079071	-0.899540	-0.175165	-5.861391	-1.566691	 0.315929
-2.095459	-7.150073	-1.062124	-0.759283	-5.981280	-0.925094	-5.077236	-0.898002	-0.057518	-5.746855	-1.563648	-0.060206
-2.091121	-6.948414	-1.356940	-0.757638	-5.877018	-0.923351	-5.071985	-0.896488	 0.001306	-5.683331	-1.560612	-0.248274
-2.086792	-6.840904	-1.502726	-0.756046	-5.819821	-0.921612	-5.065034	-0.894989	 0.030718	-5.645328	-1.557581	-0.342308
-2.082473	-6.780482	-1.073999	-0.754481	-5.786165	-0.919876	-5.057240	-0.893498	 0.045423	-5.620099	-1.554556	 0.110676
-2.078162	-6.743618	-0.859002	-0.752933	-5.764289	-0.918143	-5.049032	-0.892013	 0.052776	-5.601270	-1.551538	 0.336565
-2.073860	-6.718545	-0.250871	-0.751393	-5.748311	-0.916414	-4.540625	-0.890531	 0.056453	-5.585656	-1.548525	-0.051091
-2.069566	-6.699381	 0.053195	-0.749860	-5.735291	-0.914687	-4.282979	-0.889052	 0.058291	-5.571663	-1.545517	-0.244919
-2.065282	-6.683184	-0.294772	-0.748331	-5.723759	-0.912964	-4.650719	-0.887577	 0.059210	-5.558494	-1.542516	-0.341833
-2.061007	-6.668485	-0.468124	-0.746806	-5.712980	-0.911245	-4.830305	-0.886104	 0.059670	-5.545751	-1.539520	-0.390290
-2.056740	-6.654547	-0.554170	-0.745285	-5.702586	-0.909528	-4.915820	-0.884633	 0.059900	-5.533234	-1.536531	 0.085482
-2.052483	-6.641003	-0.596564	-0.743767	-5.692393	-0.907815	-4.954308	-0.883165	 0.060014	-5.520844	-1.533547	 0.322768
-2.048234	-6.627669	-0.617134	-0.742252	-5.682310	-0.906105	-4.969290	-0.881699	 0.060072	-5.508531	-1.530569	 0.440813
-2.043994	-6.614453	-0.626792	-0.740741	-5.672291	-0.904398	-4.972525	-0.880236	 0.060101	-5.496271	-1.527596	 0.499238
-2.039763	-6.601308	-0.630996	-0.739232	-5.662311	-0.902694	-4.969895	-0.878775	 0.060115	-5.484050	-1.524630	 0.527856
-2.035540	-6.588213	-0.632474	-0.737727	-5.652361	-0.900994	-4.964339	-0.877317	 0.060122	-5.471862	-1.521669	 0.041570
-2.031326	-6.575155	-0.632590	-0.736224	-5.642434	-0.899297	-4.957328	-0.875861	 0.060126	-5.459705	-1.518714	-0.201573
-2.027121	-6.562129	-0.632026	-1.234725	-5.632528	-0.897603	-4.449596	-0.874408	 0.060128	-5.447576	-1.515765	-0.323145
-2.022925	-6.549131	-0.631124	-1.482210	-5.622640	-0.895912	-4.192364	-0.872956	 0.060128	-5.435475	-1.512821	-0.383930
-2.018737	-6.536161	-0.630054	-1.104192	-5.612770	-1.394224	-4.560389	-0.871508	 0.060129	-5.423401	-1.509883	-0.414323
-2.014558	-6.523217	-0.628901	-0.914443	-5.602918	-1.641598	-4.740194	-0.870061	 0.060129	-5.411354	-1.506951	-0.429520
-2.010388	-6.510298	-0.627708	-0.818831	-5.593083	-1.263506	-4.325896	-0.868618	 0.060129	-5.399334	-1.504025	-0.437118
-2.006226	-6.497406	-0.626496	-0.770288	-5.583266	-1.073626	-4.115407	-0.867176	 0.060129	-5.387341	-1.501104	-0.440917
-2.002073	-6.484539	-0.625275	-0.745282	-5.573466	-0.977854	-4.006829	-0.865737	 0.060129	-5.375374	-1.498189	-0.442816
-1.997929	-6.471698	-0.624052	-0.732046	-5.563683	-0.929137	-4.449212	-0.864300	 0.060129	-5.363434	-1.495279	-0.443766
-1.993793	-6.458882	-0.622829	-0.724695	-5.553917	-0.903949	-4.666227	-0.862866	 0.060129	-5.351521	-1.492376	-0.444241
-1.989665	-6.446092	-0.621606	-1.220290	-5.544169	-0.890527	-4.270566	-0.361434	 0.060129	-5.339634	-1.489477	 0.055521
-1.985546	-6.433327	-0.620386	-1.466340	-5.534437	-0.882991	-4.069427	-0.110718	 0.060129	-5.327773	-1.486585	 0.304810
-1.981436	-6.420587	-1.119167	-1.087621	-5.524723	-0.878398	-3.965555	-0.485360	 0.060129	-5.315939	-1.483698	-0.071138
-1.977334	-6.407873	-1.366968	-0.897540	-5.515026	-0.875278	-3.910322	-0.671968	 0.060129	-5.304131	-1.480817	-0.259112
-1.973241	-6.395183	-1.489283	-1.301779	-5.505346	-0.872897	-3.879415	-0.764559	 0.060129	-5.292349	-1.477941	-0.353099
-1.969156	-6.382519	-1.548857	-1.502162	-5.495682	-0.870886	-3.860675	-0.810143	 0.060129	-5.280594	-1.475071	-0.400092
-1.965080	-6.369880	-1.577063	-1.600619	-5.486036	-0.869063	-3.848025	-0.832226	 0.060129	-5.268864	-1.472206	-0.423589
-1.961012	-6.357266	-1.089590	-1.648118	-5.476407	-1.367334	-4.338426	-0.842558	 0.060129	-5.257161	-1.469347	-0.435337
-1.956953	-6.344677	-0.845262	-1.670141	-5.466794	-1.614713	-4.579504	-0.847016	 0.060129	-5.245483	-1.466494	-0.441212
-1.952901	-6.332112	-0.722507	-1.179429	-5.457199	-1.236648	-4.695927	-0.848539	 0.060129	-5.733832	-1.463646	-0.444149
-1.948859	-6.319573	-0.660541	-0.933372	-5.447620	-1.046808	-4.750030	-0.848595	 0.060129	-5.971096	-1.460804	-0.445617
-1.944824	-6.307059	-0.628969	-1.309643	-5.438058	-0.951080	-4.772981	-0.847919	 0.060129	-5.582833	-1.457967	 0.053648
-1.940798	-6.294569	-0.612597	-1.496062	-5.428513	-0.902411	-4.780361	-0.846878	 0.060129	-5.382932	-1.455135	 0.302691
-1.936781	-6.782104	-0.603825	-1.087559	-5.418985	-0.877272	-4.279964	-0.845655	 0.060129	-5.277225	-1.452310	-0.073377
-1.932771	-7.018673	-0.598854	-0.882615	-5.409473	-0.863900	-4.026539	-0.844343	 0.060129	-5.218628	-1.449489	-0.261411
-1.928770	-7.129775	-0.595786	-0.779454	-5.399978	-0.856413	-3.896605	-0.842988	 0.060129	-5.183599	-1.446674	-0.355428
-1.924778	-6.678156	-0.593669	-0.727184	-5.390500	-0.851870	-3.828422	-0.841612	 0.060129	-5.160366	-1.443865	 0.097563
-1.920793	-6.446181	-0.592030	-0.700362	-5.381038	-0.848800	-3.791120	-0.840227	 0.060129	-5.143044	-1.441061	 0.323471
-1.916817	-6.324041	-0.590630	-1.186266	-5.371593	-0.846469	-3.769265	-0.838838	 0.060129	-5.628691	-1.438263	 0.435838
-1.912849	-6.256830	-0.589351	-1.427514	-5.362165	-0.844508	-3.755137	-0.837449	 0.060129	-5.864723	-1.435470	 0.491436
-1.908889	-6.217096	-0.588134	-1.046440	-5.352753	-1.342734	-4.244880	-0.836061	 0.060129	-5.475964	-1.432682	 0.518651
-1.904938	-6.191112	-0.586949	-0.855225	-5.343357	-1.590113	-4.485709	-0.834674	 0.060129	-5.275934	-1.429900	 0.531675
-1.900994	-6.172016	-0.585781	-0.758941	-5.333978	-1.212072	-4.102089	-0.833289	 0.060129	-5.170282	-1.427123	 0.537605
-1.897059	-6.156376	-0.584623	-0.710125	-5.324616	-1.022266	-3.907104	-0.831906	 0.060129	-5.111831	-1.424351	 0.539990
-1.893132	-6.142476	-1.083470	-0.685043	-5.315270	-0.926579	-4.306442	-0.830526	 0.060129	-5.576993	-1.421585	 0.540603
-1.889213	-6.129458	-1.331340	-0.671830	-5.305940	-0.877953	-4.502094	-0.829148	 0.060129	-5.802863	-1.418825	 0.540331
-1.885302	-6.116892	-1.453723	-0.664553	-5.296627	-0.852859	-4.595909	-0.827772	 0.060129	-5.909103	-1.416069	 0.539619
-1.881399	-6.104566	-1.013366	-0.660245	-5.287330	-0.839532	-4.138813	-0.826398	 0.060129	-5.455542	-1.413319	 0.538687
-1.877504	-6.092370	-0.792625	-0.657423	-5.278050	-0.832091	-3.907121	-0.825027	 0.060129	-5.223206	-1.410575	 0.537647
-1.873618	-6.580252	-0.681693	-0.655346	-5.268785	-0.827593	-3.788138	-0.323657	 0.060129	-5.101496	-1.407835	 0.036553
-1.869739	-6.817195	-0.625666	-0.653642	-5.259537	-0.824569	-3.725513	-0.072973	 0.060129	-5.035109	-1.405101	-0.213993
-1.865869	-6.428681	-0.097093	-1.152126	-5.250306	-0.822284	-3.691074	-0.447631	 0.060129	-4.996398	-1.402373	 0.160733
-1.862006	-6.228444	 0.167194	-1.399688	-5.241090	-0.820369	-3.670733	-0.634277	 0.060129	-4.971536	-1.399649	 0.347525
-1.858152	-6.122357	-0.200663	-1.521791	-5.231891	-1.318640	-3.657445	-0.726919	 0.060129	-4.953611	-1.396931	 0.440350
-1.854305	-6.063356	-0.384033	-1.581169	-5.222707	-1.566065	-3.647691	-0.772560	 0.060129	-4.939167	-1.394219	 0.486193
-1.850466	-6.027911	-0.475160	-1.609187	-5.213540	-1.688069	-3.639707	-0.794702	 0.060129	-4.926476	-1.391511	 0.508546
-1.846636	-6.004255	-0.520168	-1.121529	-5.204389	-1.247366	-4.132615	-0.805095	 0.060129	-4.914673	-1.388809	 0.019156
-1.842813	-5.986505	-0.542116	-0.877055	-5.195254	-1.026255	-4.375120	-0.809615	 0.060129	-4.903326	-1.386112	-0.225540
-1.838998	-5.971720	-0.552536	-1.254174	-5.186135	-0.914941	-3.992430	-0.811199	 0.060129	-4.892220	-1.383420	 0.152113
-1.835191	-5.958430	-0.557193	-1.441072	-5.177032	-0.858527	-3.798004	-0.811317	 0.060129	-4.881245	-1.380733	 0.340373
-1.831392	-5.945898	-0.558970	-1.532863	-5.167945	-0.829565	-4.197714	-0.310703	 0.060129	-4.870349	-1.378052	 0.433939
-1.827601	-5.933757	-0.559307	-1.577105	-5.158874	-0.814330	-4.393644	-0.060395	 0.060129	-4.859504	-1.375376	 0.480158
-1.823818	-6.421823	-0.558926	-1.097574	-5.149819	-0.805960	-3.987690	 0.064758	 0.060129	-4.848696	-1.372705	 0.502705
-1.820042	-6.659015	-0.558187	-0.857180	-5.140780	-0.801023	-3.781656	 0.127335	 0.060129	-4.837920	-1.370039	 0.513418
-1.816275	-6.770782	-0.557270	-0.736355	-5.131757	-0.797805	-3.675586	 0.158623	 0.060129	-4.827170	-1.367379	 0.518215
-1.812515	-6.819852	-0.556264	-0.675315	-5.122749	-0.795448	-3.619504	-0.325732	 0.060129	-4.816446	-1.364723	 0.520054
-1.808763	-6.837585	-0.555216	-0.644170	-5.113758	-0.793522	-3.588420	-0.567238	 0.060129	-4.805747	-1.362073	 0.520417
-1.805018	-6.339664	-0.554148	-1.127973	-5.104782	-0.791814	-3.569841	-0.687320	 0.060129	-4.795072	-1.359428	 0.520042
-1.801282	-6.084919	-0.553070	-1.368234	-5.095822	-0.790216	-3.557520	-0.746691	 0.060129	-4.784420	-1.356788	 0.519299
-1.797553	-5.951774	-0.551989	-0.986726	-5.086877	-0.788674	-4.048333	-0.775708	 0.060129	-4.773793	-1.354153	 0.518374
-1.793832	-5.879441	-0.550908	-0.795356	-5.077948	-0.787161	-4.289864	-0.789548	 0.060129	-4.763189	-1.351523	 0.517359
-1.790118	-5.837524	-0.549827	-0.699056	-5.069035	-0.785665	-3.906761	-1.295802	 0.060129	-4.752609	-1.348899	 0.516300
-1.786413	-5.810827	-0.548747	-0.650292	-5.060138	-0.784179	-3.712201	-1.547433	 0.060129	-4.742052	-1.346279	 0.515220
-1.782715	-5.791752	-0.547669	-0.625298	-5.051256	-0.782698	-3.611918	-1.671756	 0.060129	-4.731519	-1.343665	 0.514131
-1.779024	-5.776498	-1.046593	-0.612189	-5.042390	-0.781222	-3.558778	-1.232428	 0.060129	-4.721009	-1.341055	 0.013038
-1.775341	-5.763167	-1.294537	-0.605025	-5.033539	-0.779750	-3.529216	-1.012105	 0.060129	-4.710523	-1.338451	-0.237508
-1.771666	-5.750808	-0.916994	-0.600834	-5.024704	-0.778281	-3.511447	-0.401287	 0.060129	-5.200059	-1.335852	 0.137219
-1.767999	-5.738947	-0.727692	-0.598131	-5.015885	-0.776814	-3.499579	-0.095878	 0.060129	-5.438509	-1.333258	 0.324035
-1.764339	-5.727346	-0.632512	-0.596173	-5.007081	-0.775351	-3.990668	-0.443173	 0.060129	-5.051429	-1.330668	 0.416898
-1.760686	-5.715886	-0.584395	-0.594589	-4.998292	-0.773890	-4.232386	-0.616165	 0.060129	-4.852708	-1.328084	 0.462785
-1.757042	-5.704508	-0.559809	-0.593193	-4.989519	-0.772433	-4.349426	-0.702006	 0.060129	-4.748179	-1.325505	 0.485185
-1.753404	-5.693181	-0.546990	-0.591893	-4.980761	-0.770978	-4.404132	-0.744273	 0.060129	-4.690757	-1.322931	 0.495843
-1.749775	-5.681893	-0.540056	-0.590641	-4.972018	-0.769525	-4.427678	-0.764754	 0.060129	-4.656901	-1.320362	 0.500631
-1.746152	-5.670634	-0.536065	-0.589415	-4.963291	-0.768076	-4.435652	-0.774343	 0.060129	-4.634838	-1.317798	 0.002485
-1.742538	-5.659400	-0.533547	-0.588203	-4.954580	-0.766629	-4.435844	-0.778487	 0.060129	-4.618683	-1.315239	-0.246588
-1.738930	-5.648191	-0.531766	-1.087000	-4.945883	-0.765185	-3.932154	-0.779909	 0.060129	-4.605494	-1.312685	-0.371124
-1.735331	-5.637005	-0.530355	-1.334783	-4.937202	-0.763744	-3.677381	-0.779972	 0.060129	-4.593800	-1.310135	-0.433392
-1.731738	-6.125842	-0.529130	-0.957063	-4.928536	-0.762305	-3.547073	-0.279356	 0.060129	-4.582863	-1.307591	 0.035473
-1.728154	-6.363711	-0.527999	-0.767614	-4.919885	-0.760869	-3.479002	-0.029049	 0.060129	-4.572317	-1.305052	 0.269368
-1.724576	-5.976109	-1.026916	-0.672300	-4.911249	-1.259436	-3.442054	 0.096105	 0.060129	-4.561978	-1.302518	 0.385777
-1.721006	-5.776775	-1.274875	-0.624056	-4.902629	-1.507063	-3.420673	 0.158682	 0.060129	-4.551753	-1.299988	 0.443446
-1.717443	-5.671585	-1.397359	-0.599347	-4.894024	-1.629225	-3.407081	 0.189971	 0.060129	-4.541597	-1.297464	 0.471745
-1.713888	-5.613479	-0.957108	-0.586408	-4.885433	-1.188656	-3.897387	-0.294385	 0.060129	-5.031486	-1.294944	 0.485360
-1.710340	-5.578925	-0.736475	-0.579354	-4.876858	-0.967667	-4.138795	-0.535917	 0.060129	-5.270299	-1.292429	 0.492168
-1.706800	-5.556158	-0.625651	-1.075245	-4.868298	-0.856469	-3.755759	-0.656037	 0.060129	-4.883586	-1.289919	 0.495572
-1.703266	-5.539296	-0.569734	-1.321590	-4.859753	-0.800168	-3.561361	-0.715454	 0.060129	-4.685236	-1.287414	 0.497274
-1.699740	-5.525397	-0.541270	-0.943166	-4.851223	-0.771317	-3.461288	-0.744519	 0.060129	-4.581077	-1.284914	-0.001875
-1.696222	-5.512991	-0.526535	-0.753379	-4.842708	-0.756192	-3.408382	-0.758410	 0.060129	-4.524026	-1.282419	-0.250915
-1.692710	-5.501341	-0.518664	-1.157912	-4.834208	-0.747932	-3.379064	-0.764714	 0.060129	-4.490539	-1.279928	 0.124565
-1.689206	-5.490081	-0.514227	-1.358587	-4.825723	-0.743105	-3.361545	-0.767227	 0.060129	-4.468846	-1.277443	 0.311772
-1.685709	-5.479026	-0.511508	-1.457337	-4.817252	-0.739996	-3.349931	-0.767844	 0.060129	-4.453060	-1.274962	 0.405375
-1.682220	-5.468084	-0.509648	-1.005128	-4.808797	-0.737748	-3.341274	-0.267516	 0.060129	-4.440239	-1.272486	 0.452176
-1.678738	-5.457210	-0.508220	-0.778460	-4.800356	-0.735931	-3.334100	-0.017351	 0.060129	-4.428911	-1.270015	 0.475577
-1.675262	-5.446380	-0.507007	-0.664564	-4.791931	-0.734331	-3.327673	-0.392269	 0.060129	-4.418341	-1.267549	 0.487277
-1.671794	-5.435584	-0.505904	-0.607056	-4.783520	-0.732841	-3.321624	-0.579091	 0.060129	-4.408161	-1.265087	 0.493127
-1.668334	-5.424814	-1.004857	-0.577742	-4.775123	-0.731407	-3.315768	-0.671867	 0.060129	-4.398186	-1.262630	 0.496053
-1.664880	-5.414068	-1.252856	-0.562526	-4.766742	-0.730003	-3.310015	-0.717620	 0.060129	-4.388325	-1.260178	 0.497515
-1.661434	-5.403346	-0.875381	-0.554361	-4.758375	-0.728614	-3.304317	-0.739864	 0.060129	-4.378532	-1.257731	 0.498246
-1.657994	-5.392645	-0.686644	-0.549723	-4.750023	-0.727235	-3.298652	-0.750353	 0.060129	-4.368783	-1.255289	 0.498612
-1.654562	-5.381965	-0.592275	-0.546848	-4.741685	-0.725862	-3.293009	-0.754966	 0.060129	-4.359067	-1.252851	 0.498795
-1.651137	-5.371307	-0.545091	-0.544857	-4.733363	-0.724493	-3.287380	-0.756643	 0.060129	-4.349379	-1.250418	 0.498886
-1.647719	-5.360671	-0.521498	-0.543309	-4.725054	-0.723127	-3.281764	-0.756852	 0.060129	-4.339715	-1.247990	 0.498932
-1.644308	-5.350055	-0.509702	-0.541983	-4.716761	-0.721765	-3.776159	-0.756328	 0.060129	-4.330074	-1.245566	 0.498955
-1.640904	-5.339460	-0.503804	-0.540770	-4.708482	-0.720405	-4.019711	-0.755439	 0.060129	-4.320455	-1.243147	 0.498966
-1.637507	-5.328887	-0.500855	-0.539614	-4.700217	-0.719048	-3.637847	-0.254368	 0.060129	-4.310858	-1.240733	 0.498972
-1.634117	-5.318334	-0.499381	-0.538487	-4.691967	-0.717693	-3.444135	-0.003833	 0.060129	-4.301283	-1.238324	 0.498975
-1.630735	-5.307802	-0.498643	-0.537377	-4.683732	-0.716342	-3.344504	-0.378565	 0.060129	-4.791728	-1.235919	-0.001024
-1.627359	-5.297291	-0.498275	-0.536276	-4.675510	-0.714992	-3.291918	-0.565307	 0.060129	-5.031085	-1.233519	-0.250488
-1.623990	-5.286801	-0.498090	-0.535180	-4.667304	-0.713645	-3.262860	-0.658053	 0.060129	-5.144910	-1.231123	-0.375220
-1.620628	-5.276332	-0.497998	-0.534088	-4.659112	-0.712301	-3.245570	-0.703803	 0.060129	-4.695981	-1.228732	 0.062414
-1.617273	-5.265883	-0.497952	-0.533000	-4.650934	-0.710959	-3.234169	-0.726057	 0.060129	-4.466801	-1.226346	 0.280697
-1.613925	-5.255456	-0.497929	-0.531914	-4.642770	-1.209620	-3.225717	-0.236562	 0.060129	-4.347504	-1.223965	 0.389838
-1.610584	-5.245048	-0.497918	-0.530831	-4.634621	-1.457342	-3.218744	 0.008185	 0.060129	-4.283159	-1.221588	 0.444409
-1.607250	-5.234662	-0.497912	-0.529749	-4.626486	-1.079596	-3.212516	-0.369442	 0.060129	-4.246302	-1.219216	 0.471694
-1.603923	-5.224296	-0.497909	-0.528670	-4.618365	-0.890063	-3.206664	-0.557635	 0.060129	-4.223198	-1.216848	 0.485337
-1.600603	-5.213950	-0.497908	-0.527594	-4.610259	-0.794636	-3.201006	-0.651113	 0.060129	-4.206981	-1.214485	 0.492158
-1.597289	-5.203625	-0.497907	-0.526519	-4.602167	-0.746264	-3.195448	-0.697234	 0.060129	-4.194218	-1.212126	 0.495569
-1.593983	-5.193320	-0.497907	-0.525447	-4.594089	-0.721421	-3.189946	-0.719677	 0.060129	-4.183193	-1.209772	 0.497274
-1.590683	-5.183036	-0.497906	-1.024377	-4.086025	-0.708343	-3.184477	-0.730284	 0.060129	-4.173047	-1.207423	 0.498127
-1.587390	-5.172772	-0.497906	-1.272291	-3.828853	-0.701150	-3.179028	-0.734972	 0.060129	-4.163350	-1.205078	 0.498553
-1.584104	-5.162529	-0.497906	-0.894700	-4.197133	-0.696899	-3.173594	-0.736702	 0.060129	-4.153889	-1.202738	 0.498767
-1.580825	-5.152306	-0.497906	-0.705378	-4.377266	-0.694122	-3.168172	-0.736955	 0.060129	-4.144555	-1.200402	 0.498873
-1.577552	-5.642103	-0.497906	-0.610191	-4.463333	-0.692082	-3.662761	-0.736469	 0.060129	-4.135296	-1.198071	 0.498926
-1.574287	-5.880930	-0.497906	-0.562074	-4.502373	-0.690412	-3.906507	-0.735616	 0.060129	-4.126084	-1.195745	 0.498953
-1.571028	-5.494284	-0.997906	-1.037491	-4.517908	-0.688928	-3.524836	-1.234580	 0.060129	-4.116905	-1.193422	-0.001034
-1.567776	-5.295904	-1.246435	-1.273660	-4.521697	-0.687539	-3.331317	-1.482623	 0.060129	-4.107754	-1.191105	-0.250492
-1.564530	-4.691666	-0.369230	-0.890207	-4.519619	-0.686198	-3.231879	-1.105209	 0.060129	-4.098626	-1.188792	 0.124779
-1.561291	-4.385500	 0.068873	-0.697964	-4.514616	-0.684883	-3.179485	-0.915898	 0.060129	-4.089521	-1.186483	 0.311880
-1.558059	-4.228378	 0.287426	-0.601328	-4.508157	-0.683581	-3.150619	-0.820639	 0.060129	-4.080436	-1.184179	 0.405431
-1.554834	-4.645786	-0.103794	-0.552496	-4.500976	-0.682288	-3.633521	-0.772408	 0.060129	-4.071372	-1.181879	 0.452206
-1.551615	-4.849477	-0.299404	-0.527567	-4.493442	-0.681000	-3.871457	-0.747692	 0.060129	-4.062328	-1.179584	 0.475594
-1.548403	-4.946319	-0.397209	-0.514591	-4.485738	-0.679716	-3.486917	-0.734734	 0.060129	-4.053305	-1.177293	 0.487288
-1.545198	-4.989747	-0.446112	-0.507592	-4.477956	-0.678434	-3.291998	-0.727656	 0.060129	-4.044301	-1.175007	 0.493135
-1.541999	-5.006477	 0.029437	-0.503582	-4.470142	-0.677156	-3.191895	-0.723519	 0.060129	-4.035318	-1.172725	-0.003942
-1.538807	-5.009868	 0.266715	-0.501578	-4.462319	-0.675880	-3.139203	-0.720853	 0.060129	-4.026354	-1.170448	-0.251945
-1.535622	-5.006600	-0.115141	-1.000576	-4.454498	-0.674607	-3.110223	-0.718925	 0.060129	-4.017411	-1.168175	 0.124054
-1.532443	-5.000012	-0.306069	-1.248548	-4.446685	-0.673336	-3.093102	-0.717366	 0.060129	-4.008487	-1.165906	 0.311519
-1.529271	-4.991774	-0.401533	-1.371010	-4.438882	-0.672068	-3.081915	-0.715992	 0.060129	-3.999583	-1.163642	 0.405251
-1.526105	-4.982720	-0.449265	-0.930720	-4.431093	-0.670802	-3.073700	-0.214712	 0.060129	-3.990699	-1.161383	 0.452118
-1.522946	-4.973269	-0.473131	-0.710575	-4.423316	-0.669538	-3.066976	 0.035928	 0.060129	-3.981835	-1.159127	 0.475551
-1.519793	-4.963629	 0.014936	-0.600503	-4.415552	-0.668277	-3.561001	-0.338752	 0.060129	-3.972991	-1.156876	 0.487267
-1.516647	-4.953903	 0.258476	-0.545466	-4.407802	-0.667018	-3.804551	-0.525500	 0.060129	-3.964166	-1.154630	 0.493126
-1.513507	-4.444145	-0.120248	-0.517948	-4.400065	-0.665762	-3.422871	-0.618284	 0.060129	-3.955360	-1.152387	 0.496055
-1.510374	-4.185370	-0.309609	-0.504189	-4.392342	-0.664508	-3.229434	-0.664085	 0.060129	-3.946574	-1.150149	 0.497519
-1.507247	-5.052095	-0.404290	-0.497310	-4.384632	-0.663256	-3.130123	-0.186397	 0.060129	-3.937808	-1.147916	 0.498252
-1.504127	-5.479597	-0.451631	-0.493870	-4.376936	-0.662007	-3.077881	 0.052447	 0.060129	-3.929061	-1.145687	 0.498618
-1.501014	-5.687499	-0.475301	-0.492150	-4.369254	-0.660760	-3.049176	 0.171869	 0.060129	-3.920334	-1.143462	 0.498801
-1.497906	-4.785613	-0.487136	-0.491290	-4.361585	-0.659515	-3.032245	-0.268420	 0.060129	-3.911626	-1.141241	 0.498892
-1.494806	-4.330825	-0.493054	-0.490860	-4.353929	-0.658273	-3.021206	-0.487976	 0.060129	-3.902937	-1.139025	 0.498938
-0.991711	-4.099593	 0.003988	-0.490645	-4.346287	-0.657033	-3.013116	-0.097167	 0.560129	-3.894268	-1.136813	 0.498961
-0.740164	-3.980146	 0.252016	-0.490538	-4.338658	-0.655795	-3.006505	 0.098237	 0.809032	-3.885618	-1.134605	 0.498972
-1.114390	-4.416601	-0.124461	-0.490484	-4.331042	-0.654560	-3.000639	-0.304060	 0.432388	-3.876987	-1.132402	 0.498978
-1.299963	-4.630022	-0.312207	-0.490457	-4.323440	-0.653327	-2.995149	-0.504623	 0.244067	-3.868375	-1.130203	 0.498981
-1.391211	-4.731938	-0.406081	-0.490444	-4.315852	-0.652096	-2.989852	-0.104320	 0.149906	-3.859783	-1.128008	 0.498982
-1.435301	-4.778109	-0.453017	-0.490437	-4.308276	-0.650868	-2.984655	 0.095832	 0.102825	-3.851209	-1.125817	 0.498983
-1.455815	-4.796418	-0.476486	-0.490434	-4.300714	-0.649642	-2.979513	 0.195908	 0.079285	-3.842655	-1.123631	 0.498983
-1.464544	-4.300805	-0.488220	-0.490432	-4.293165	-0.648418	-2.974403	 0.245946	 0.067515	-3.834119	-1.121449	 0.498984
-1.467383	-4.049231	-0.494087	-0.490431	-4.285630	-0.647197	-2.969312	 0.270965	 0.061630	-3.825603	-1.119271	 0.498984
-1.467281	-4.919684	-0.497020	-0.490431	-4.278108	-0.645978	-2.964237	 0.283475	 0.058687	-3.817105	-1.117098	 0.498984
-1.465711	-5.349178	-0.498487	-0.490430	-4.270598	-0.644761	-2.959172	 0.289729	 0.057216	-3.808626	-1.114928	 0.498984
-1.463411	-4.558203	-0.499220	-0.490430	-4.263102	-0.643546	-2.954118	-0.207143	 0.056480	-3.800167	-1.112763	 0.498984
-1.460749	-4.158985	-0.499587	-0.490430	-4.255620	-0.642334	-2.949073	-0.454995	 0.056113	-3.791726	-1.110602	 0.498984
-1.457908	-3.955654	-0.499770	-0.990430	-4.248150	-0.641124	-2.944038	-0.078338	 0.055929	-3.783303	-1.108445	 0.498984
-1.454982	-3.850272	-0.499862	-1.238913	-4.240694	-0.639917	-2.939011	 0.109990	 0.055837	-3.774900	-1.106293	 0.498984
-1.452016	-3.793874	-0.499908	-1.361639	-4.233250	-0.638711	-2.933992	 0.204155	 0.055791	-3.766515	-1.104144	 0.498984
-1.449033	-3.761974	-0.499931	-1.421491	-4.225820	-0.637508	-2.928982	-0.248763	 0.055768	-3.758148	-1.102000	 0.498984
-1.446045	-3.742331	-0.499942	-1.449909	-4.218402	-0.636307	-2.923981	-0.474640	 0.055756	-3.749801	-1.099860	 0.498984
-1.443057	-4.228823	-0.999948	-0.962612	-3.710998	-0.635109	-2.918988	-0.586997	 0.555750	-3.741471	-1.097724	 0.498984
-1.440073	-4.467401	-1.248477	-0.718964	-3.454484	-0.633912	-2.914004	-0.642595	 0.804655	-3.733161	-1.095592	 0.498984
-1.437093	-4.082030	-0.371271	-0.597140	-3.823421	-0.632718	-2.909029	-0.169815	 0.428017	-3.724868	-1.093465	 0.498984
-1.434119	-3.885684	 0.066835	-0.536228	-4.004210	-0.631526	-2.904062	 0.066575	 0.239697	-3.716595	-1.091341	 0.498984
-1.431150	-3.783858	-0.214609	-0.505772	-3.590931	-0.630337	-2.899103	 0.184770	 0.145538	-3.708339	-1.089222	 0.498984
-1.428188	-3.729300	-0.355330	-0.490544	-3.381503	-0.629149	-2.894153	 0.243868	 0.098458	-3.700102	-1.087107	 0.498984
