-2.070178	-2.573983	-0.520214	-1.314875	-3.339719	-1.287148	-2.717016	-1.055014	-0.486870	-2.754457	-1.351669	-0.400762
-2.061897	-2.538342	-0.518133	-1.309615	-3.326357	-1.282000	-2.706148	-1.075964	-0.486870	-2.743436	-1.346262	-0.400704
-2.053649	-2.515516	-0.516061	-1.304377	-3.313050	-1.276873	-2.695324	-1.084245	-0.486870	-2.732461	-1.340877	-0.900675
-2.045435	-2.499118	-0.513996	-1.299159	-3.299797	-1.271766	-2.684542	-1.086201	-0.486870	-2.721530	-1.335513	-1.147860
-2.037253	-2.485954	-0.511940	-1.293963	-3.786598	-1.266679	-2.673804	-1.085002	-0.486870	-2.710644	-1.330171	-0.768662
-2.029104	-2.474426	-0.509893	-1.288787	-4.021451	-1.261612	-2.663109	-1.082235	-0.486870	-2.699801	-1.324851	-0.579063
-2.020988	-2.963736	-0.507853	-1.283632	-4.130365	-1.256565	-2.652457	-1.078693	-0.486870	-3.189002	-1.319551	-0.484263
-2.012904	-3.201485	-0.505822	-1.278497	-4.176344	-1.251539	-2.641847	-1.074771	-0.486870	-3.426246	-1.314273	-0.436863
-2.004852	-2.813481	-0.503798	-1.273383	-3.690889	-1.246533	-2.631279	-0.570669	-0.486870	-3.037541	-1.309016	-0.413164
-1.996833	-2.614628	-0.501783	-1.268290	-3.441750	-1.241547	-2.620754	-0.318618	-0.486870	-2.837891	-1.303780	-0.401314
-1.988845	-2.510370	-0.500776	-1.263216	-3.310795	-1.236581	-2.610271	-0.192592	-0.486870	-2.732789	-1.298565	-0.395389
-1.980890	-2.453429	-0.500272	-1.258164	-3.738959	-1.231634	-2.599830	-0.629579	-0.486870	-3.174983	-1.293370	-0.892426
-1.972966	-2.420165	-0.500020	-1.253131	-3.944706	-1.226708	-2.589431	-0.845940	-0.486870	-3.388846	-1.288197	-1.138166
-1.965075	-2.898760	-0.499894	-1.248118	-3.539279	-1.221801	-2.579073	-0.951995	-0.486870	-2.988571	-1.283044	-0.758268
-1.957214	-3.131302	-0.499831	-1.243126	-3.330297	-1.216914	-2.568757	-1.002907	-0.486870	-2.783258	-1.277912	-0.568319
-1.949385	-3.240846	-0.499800	-1.238153	-3.719564	-1.212046	-2.558482	-1.026255	-0.486870	-2.675445	-1.272800	-0.973345
-1.941588	-3.288917	-0.499784	-1.233201	-3.905980	-1.207198	-2.548248	-1.035830	-0.486870	-2.616403	-1.267709	-1.173101
-1.933822	-2.806278	-0.499776	-1.228268	-3.491003	-1.202369	-2.538055	-1.038527	-0.486870	-2.581768	-1.262638	-0.770233
-1.926086	-2.560312	-0.499772	-1.223355	-3.277362	-1.197560	-2.527903	-1.037793	-0.486870	-2.559356	-1.257588	-0.568799
-1.918382	-2.432700	-0.499770	-1.218462	-3.164414	-1.192770	-2.517791	-1.035351	-0.486870	-2.543076	-1.252557	-0.468082
-1.910708	-2.364284	-0.499769	-1.213588	-3.101838	-1.187998	-2.507720	-1.032065	-0.486870	-2.529882	-1.247547	-0.917724
-1.903066	-2.325484	-0.499769	-1.208733	-3.064471	-1.183246	-2.497689	-1.028364	-0.486870	-2.518252	-1.242557	-1.139810
-1.895453	-2.801511	-0.499768	-1.203898	-3.039733	-1.178513	-2.487698	-1.024465	-0.486870	-2.507424	-1.237587	-0.748129
-1.887871	-3.032969	-0.499768	-1.199083	-3.021334	-1.173799	-2.477747	-1.020474	-0.486870	-2.497017	-1.232636	-0.552289
-1.880320	-2.642169	-0.499768	-1.194286	-3.506129	-1.169104	-2.467836	-1.016445	-0.486870	-2.486840	-1.227706	-0.454369
-1.872799	-2.442267	-0.499768	-1.189509	-3.740544	-1.164428	-2.457965	-1.012406	-0.486870	-2.476798	-1.222795	-0.405408
-1.865308	-2.337831	-0.499768	-1.184751	-3.349802	-1.159770	-2.448133	-1.008370	-0.486870	-2.466844	-1.217904	-0.380928
-1.857846	-2.281146	-0.499768	-1.180012	-3.148513	-1.155131	-2.438341	-1.004343	-0.486870	-2.456953	-1.213032	-0.368688
-1.850415	-2.248354	-0.499768	-1.175292	-3.041974	-1.150510	-2.428587	-1.000329	-0.486870	-2.447113	-1.208180	-0.362568
-1.843013	-2.227528	-0.499768	-1.170591	-2.982834	-1.145908	-2.418873	-0.496329	-0.486870	-2.437319	-1.203347	-0.359508
-1.835641	-2.212701	-0.499768	-1.165909	-2.947416	-1.141325	-2.409197	-0.244330	-0.486870	-2.427566	-1.198534	-0.357978
-1.828299	-2.200892	-0.499768	-1.161245	-2.923883	-1.136760	-2.399561	-0.118330	-0.486870	-2.417855	-1.193740	-0.357213
-1.820985	-2.190609	-0.499768	-1.156600	-2.906316	-1.132212	-2.389962	-0.555330	-0.486870	-2.408182	-1.188965	-0.356831
-1.813702	-2.181107	-0.499768	-1.151974	-2.891755	-0.627684	-2.380403	-0.771845	-0.486870	-2.398549	-1.184209	-0.356640
-1.806447	-2.172013	-0.499768	-1.147366	-2.878720	-0.375419	-2.370881	-0.878126	-0.486870	-2.388955	-1.179472	-0.356544
-1.799221	-2.163140	-0.499768	-0.642776	-2.866471	-0.749287	-2.361397	-0.429298	-0.486870	-2.379399	-1.174754	-0.356496
-1.792024	-2.154395	-0.499768	-0.390482	-2.854639	-0.933975	-2.351952	-0.204883	-0.486870	-2.369881	-1.170055	-0.356472
-1.784856	-2.145731	-0.499768	-0.264334	-2.843036	-1.024081	-2.342544	-0.092676	-0.486870	-2.360402	-1.165375	-0.356460
-1.777717	-2.137125	-0.499768	-0.701261	-2.831573	-1.066906	-2.333174	-0.536573	-0.486870	-2.850960	-1.160714	-0.856454
-1.770606	-2.128565	-0.499768	-0.917447	-2.820200	-1.086099	-2.323841	-0.756560	-0.486870	-3.089556	-1.156071	-1.103738
-1.763523	-2.120045	-0.499768	-1.023273	-2.808897	-0.593485	-2.314546	-0.364601	-0.486870	-2.702198	-1.151446	-0.724678
-1.756469	-2.111562	-0.499768	-1.073928	-2.797650	-0.347178	-2.305288	-0.168621	-0.486870	-2.503889	-1.146841	-0.535148
-1.749443	-2.103114	-0.499768	-0.597007	-2.786453	-0.224024	-1.796067	-0.070631	 0.013130	-2.400124	-1.142253	-0.440383
-1.742445	-2.094701	-0.499768	-0.358546	-2.775305	-0.162447	-1.538882	-0.021636	 0.262104	-2.343648	-1.137684	-0.393001
-1.735476	-2.086322	-0.499768	-0.239315	-2.264202	-0.131659	-0.907727	 0.502861	 0.385568	-1.810836	-0.633134	-0.369310
-1.728534	-2.077976	-0.499768	-0.179700	-2.005144	-0.116265	-0.592149	 0.763055	 0.446283	-1.541874	-0.380858	-0.357464
-1.721620	-2.069664	-0.499768	-0.149892	-1.872124	-0.108568	-0.434360	 0.891106	 0.475626	-1.404847	-0.254721	-0.351541
-1.214733	-1.061386	 0.000232	 0.365011	-0.302135	 0.395281	 1.144534	 1.453093	 1.489287	 2.666202	 0.808348	 0.151420
-0.959874	-0.557246	 0.249231	 0.620703	 0.480324	 0.645407	 1.928535	 1.730056	 1.991112	 4.688252	 1.336140	 0.401592
 0.668965	 4.194823	 0.873731	 1.246797	 3.869028	 1.268679	 4.815110	 1.864524	 1.237039	 9.185856	 1.596308	 0.025375
 1.478789	 6.552965	 1.182985	 1.556097	 5.548864	 1.576531	 6.242994	 1.927759	 0.860002	 11.407292	 1.722679	-0.162734
 3.379124	 12.214213	 0.834627	 1.707017	 9.874325	 1.726688	 8.441594	 1.455395	-0.328516	 16.490752	 2.282166	-1.256789
 4.318733	 15.009086	 0.660448	 1.778761	 12.008656	 1.798013	 9.519614	 1.217247	-0.919741	 18.989333	 2.556227	-1.799114
 6.278020	 20.870915	 0.573359	 1.310932	 15.047535	 1.829937	 11.037429	 1.096215	-1.212332	 22.195648	 4.187596	 0.434406
 7.241189	 23.748364	 0.529814	 1.075331	 16.530802	 1.842175	 11.771226	 1.033749	-1.355617	 23.748002	 4.991643	 1.545830
 7.706365	 25.133836	 0.508042	 0.955851	 17.236407	 1.844585	 12.113114	 1.000573	-1.424262	 24.473578	 5.382075	 2.096228
 13.422610	 36.773534	 2.997155	 4.394439	 26.553326	 4.342096	 18.259148	 2.982050	 1.044401	 34.285968	 11.065746	 1.366133
 16.242455	 42.568296	 4.230740	 6.098066	 31.140045	 5.577173	 21.283355	 3.962862	 2.271707	 39.167076	 13.874083	 0.999814
 18.114253	 38.940690	 4.336603	 6.434277	 32.361951	 6.181086	 23.246843	 4.943380	 2.378361	 42.582643	 15.744886	 2.815387
 19.010179	 37.056261	 4.380650	 6.588841	 32.905736	 6.469473	 24.178167	 5.421792	 2.426719	 44.260836	 16.645057	 3.713912
 19.918331	 46.043703	 4.893824	 7.152636	 35.610729	 7.100151	 25.093609	 5.649197	 2.445947	 45.070461	 17.060052	 3.653950
 20.330753	 50.510341	 5.139597	 7.419101	 36.886595	 7.400028	 25.499313	 5.751146	 2.450631	 45.448190	 17.232599	 3.616780
 20.495478	 52.716685	 5.751713	 7.536962	 37.948202	 7.534567	 25.650354	 5.790415	 2.448062	 45.610079	 17.284062	 4.091037
 20.536520	 53.792389	 6.045043	 7.580583	 38.400987	 7.586498	 25.674272	 5.798390	 2.441887	 45.663557	 17.275123	 4.319034
 20.515886	 54.302885	 6.179031	 7.587146	 38.549671	 7.597187	 25.634835	 5.790764	 2.433928	 45.662939	 17.236121	 4.423939
 20.464579	 54.030885	 6.233400	 8.075239	 38.046617	 7.087315	 25.563925	 5.775386	 2.425097	 45.635382	 17.182225	 3.967333
 20.398098	 53.868146	 6.248008	 8.302159	 37.720003	 6.819225	 25.477485	 5.756176	 2.415848	 45.594865	 17.121021	 3.732009
 20.324195	 53.760145	 6.242787	 8.398561	 37.481909	 7.172077	 25.383482	 5.735097	 2.406411	 45.547974	 17.056299	 4.107354
 20.246743	 53.679219	 6.227702	 8.429772	 37.288374	 7.333454	 25.285902	 5.713130	 2.396898	 45.497604	 16.989955	 4.286061
 20.167678	 53.611938	 6.207734	 8.428456	 37.117417	 7.399152	 25.186735	 5.190764	 2.887367	 45.445601	 16.922936	 4.366485
 20.087968	 53.551588	 6.185374	 8.410943	 36.958046	 7.417072	 25.086977	 4.920244	 3.125846	 45.392890	 16.855715	 4.397803
 20.008097	 53.494809	 6.161868	 8.385400	 36.804763	 7.411162	 24.987123	 5.275685	 3.238357	 45.339930	 15.288527	 3.904604
 19.928305	 53.440523	 6.137839	 8.355909	 36.654818	 7.393396	 24.887422	 5.442143	 3.287910	 45.287554	 14.477490	 3.651181
 19.848712	 53.387586	 6.113596	 8.324510	 36.506836	 7.369762	 24.787995	 5.514155	 3.306012	 45.235572	 14.044639	 3.517675
 19.769377	 53.335427	 6.089296	 8.292225	 36.360127	 7.343253	 24.688905	 5.538988	 2.808415	 44.683891	 13.300990	 2.944153
 19.690330	 53.284361	 6.065016	 8.259562	 36.214346	 7.315364	 24.590180	 5.540277	 2.554995	 44.383062	 12.904051	 2.652651
 16.611583	 47.233940	 4.040795	 6.226777	 36.069318	 7.286845	 23.991835	 5.529839	 2.423681	 44.707761	 14.180567	 3.502177
 15.045144	 44.185941	 3.024651	 5.201997	 35.924956	 7.258069	 23.645876	 5.513581	 2.353440	 44.847322	 14.787911	 3.918237
 15.234968	 41.639245	 4.012562	 6.181252	 35.781214	 7.229223	 22.926296	 5.494457	 2.313753	 42.394406	 13.060792	 1.617599
 15.299030	 40.287712	 4.496517	 6.656559	 35.638067	 7.200399	 22.522093	 5.473945	 2.289361	 41.088065	 12.174566	 0.468645
 17.300334	 46.534073	 4.728533	 5.379948	 29.995504	 6.171643	 22.775755	 5.452782	 2.772636	 42.855331	 13.708876	 2.395529
 18.262384	 49.635425	 4.834620	 4.733436	 27.125517	 5.646980	 22.856528	 5.431337	 3.007761	 43.717135	 14.445544	 3.350327
 18.704959	 51.164359	 4.877782	 4.402007	 25.642012	 5.374404	 22.851039	 5.409795	 3.118838	 44.126296	 14.783514	 3.819115
 18.887952	 51.907172	 5.389521	 6.228151	 30.351943	 6.227912	 22.802604	 5.388247	 2.667916	 44.309221	 14.922256	 4.044933
 18.941307	 52.253610	 5.633588	 7.125114	 32.636785	 6.640503	 22.732878	 5.366740	 2.438022	 44.375716	 14.961505	 4.149301
 18.929994	 51.901962	 5.743867	 7.057551	 33.709362	 6.332693	 23.152689	 5.345296	 2.318658	 44.384096	 14.951128	 4.192977
 18.886501	 51.701569	 5.787297	 7.009790	 34.176087	 6.166737	 23.315449	 5.323926	 2.254578	 44.363717	 14.916058	 4.206342
 18.327068	 52.076902	 5.297351	 6.971986	 29.840164	 4.071758	 22.349873	 4.802636	 2.218156	 43.829057	 14.868761	 4.204585
 18.011817	 52.243796	 5.042763	 6.939215	 27.621194	 3.020315	 21.824316	 4.533428	 2.195582	 43.540955	 14.815470	 4.195301
 13.318798	 43.306554	 2.905893	 5.909017	 30.960904	 4.990656	 22.018940	 5.390296	 2.679949	 43.876215	 14.759300	 4.182287
 10.955037	 38.769194	 1.835920	 5.384160	 32.562158	 5.961904	 22.071825	 5.806236	 2.915804	 44.018317	 14.701808	 4.167442
 9.755974	 36.432051	 1.299402	 5.112013	 33.294458	 6.433662	 22.054018	 6.001761	 3.027428	 44.063943	 14.643774	 4.151714
 14.139328	 44.195289	 3.529617	 6.466260	 33.592555	 6.655730	 22.001042	 5.587129	 2.576962	 44.061432	 15.085585	 4.135578
 16.293960	 48.052555	 4.633204	 7.127742	 33.673822	 6.753009	 21.930658	 5.369468	 2.347476	 44.035823	 15.275436	 4.119271
 17.334379	 49.956933	 5.173525	 6.942905	 33.646945	 6.787947	 21.851746	 5.250334	 2.728497	 43.998763	 13.839431	 2.102911
 17.817839	 50.883853	 5.432257	 6.836970	 33.566267	 6.791771	 21.768744	 5.180505	 2.912789	 43.954965	 13.096622	 1.094732
 18.022966	 51.322146	 4.550241	 7.270541	 30.458956	 6.780092	 19.683871	 5.135369	 2.498740	 43.907899	 14.200509	 1.590642
 18.089074	 51.520116	 4.101897	 7.471918	 28.850598	 6.760715	 18.606237	 5.102620	 2.287547	 43.863189	 14.721844	 1.834424
 18.585817	 52.598008	 4.870418	 7.057260	 31.991934	 6.737544	 21.032363	 5.076106	 2.177797	 44.319741	 13.952026	 2.452158
 18.796024	 53.112947	 5.243400	 6.836645	 33.492336	 6.712530	 22.198509	 5.052750	 2.118786	 44.524009	 13.540752	 2.754886
 18.863114	 53.346504	 5.418659	 6.713106	 34.172551	 6.686648	 22.734852	 5.031013	 2.085161	 44.602232	 13.308856	 2.900135
 15.358799	 41.439466	 2.495100	 3.638157	 24.942953	 4.160385	 16.456482	 3.010126	 0.064246	 33.617526	 7.666754	-0.033332
 13.582933	 35.426882	 1.033321	 2.099557	 20.296728	 2.893986	 13.296940	 1.997704	-0.942299	 28.079908	 4.841654	-1.494132
 8.671386	 29.361762	 0.302431	 1.329134	 15.942314	 2.257531	 10.196895	 1.489523	-1.441673	 22.266014	 2.925071	-1.218622
 6.208092	 26.282608	-0.063014	 0.942806	 13.741931	 1.936061	 8.632678	 1.233469	-1.687478	 19.326163	 1.964762	-1.078980
 4.468956	 21.196625	 0.254264	 0.748529	 10.118657	 1.772097	 6.336433	 1.103488	-0.806514	 13.323465	 0.982599	-0.507281
 3.593928	 18.621412	 0.411760	 0.650281	 8.294029	 1.686899	 5.180230	 1.036550	-0.366032	 10.307475	 0.491517	-0.221431
 2.150976	 13.301713	 0.489369	 0.100054	 2.868776	 1.141096	 2.094080	 1.001142	-0.645791	 3.284896	-1.254024	-0.578507
 1.428085	 10.625899	 0.527040	-0.175060	 0.161262	 0.867004	 0.552990	 0.981506	-0.783820	-0.218918	-2.120795	-0.755173
 1.065228	 9.272092	 0.544746	-0.312617	-1.187402	 0.728773	-0.215579	 0.969765	-0.850990	-1.963379	-2.548205	-0.841643
-1.617605	 2.079352	-0.447526	-0.881395	-4.856662	-0.341524	-3.097896	-0.038022	-1.382739	-3.828194	-3.255959	-0.883021
-2.950420	-1.506791	-0.940783	-1.162884	-6.674240	-0.873849	-4.527093	-0.539824	-1.644785	-4.749215	-3.601909	-0.901862
-4.108262	-3.789677	-1.184543	-1.300740	-8.066045	-1.137199	-5.229780	-1.288642	-1.271994	-5.698386	-3.766988	-1.409440
-4.676650	-4.918975	-1.303566	-1.366791	-8.743032	-1.266073	-5.569258	-1.658976	-1.083800	-6.159676	-3.841663	-1.659396
-4.450354	-5.971527	-1.360233	-1.396950	-9.562686	-1.327720	-6.227179	-1.840084	-0.987912	-6.377079	-3.871168	-1.280555
-4.328758	-6.483755	-1.385732	-1.409176	-9.951748	-1.355765	-6.542370	-1.926596	-0.938184	-6.472591	-3.878120	-1.089331
-4.759546	-6.725877	-1.395659	-1.912446	-10.125597	-1.367020	-6.686250	-1.965825	-1.411543	-6.507212	-3.873825	-0.991923
-4.964559	-6.833002	-1.397812	-2.159249	-10.191923	-1.369891	-6.744530	-1.981430	-1.644452	-6.511438	-3.863939	-0.941430
-5.056726	-6.872684	-1.396088	-2.277839	-10.204570	-1.368581	-6.760064	-1.985238	-1.757153	-6.500520	-3.851287	-0.914401
-5.092512	-6.878701	-1.392438	-2.332341	-10.190458	-1.365191	-6.754280	-1.983164	-1.809763	-6.482081	-3.837285	-1.399112
-5.100149	-6.867939	-1.387835	-2.354818	-10.163050	-1.360773	-6.737891	-1.978165	-1.832343	-6.459935	-3.822637	-1.637700
-5.093751	-6.848844	-1.382767	-2.361302	-10.129075	-1.355851	-6.716254	-1.971719	-1.839924	-6.435986	-3.807697	-1.753241
-5.080378	-6.825637	-1.377477	-2.359809	-10.091897	-1.350688	-6.692046	-1.964566	-1.840019	-6.411188	-3.792641	-1.807274
-5.063557	-6.800429	-1.372088	-2.354346	-10.053198	-1.345415	-6.666606	-1.957074	-1.336386	-6.386016	-3.777558	-1.830568
-5.045053	-6.774275	-1.366661	-2.346916	-10.013820	-1.340099	-6.640604	-1.949429	-1.082904	-6.360708	-3.762492	-1.838508
-5.025748	-6.747701	-1.361224	-2.338522	-9.974182	-1.834771	-6.614374	-1.941723	-0.954505	-6.335383	-3.747464	-1.338784
-5.006083	-6.720972	-1.355794	-2.329665	-9.934494	-2.077448	-6.588082	-1.934002	-0.888653	-6.310101	-3.732485	-1.087245
-4.986277	-6.694219	-1.350379	-1.820595	-9.894860	-2.194147	-6.561813	-1.926289	-0.854081	-6.284890	-3.717560	-0.959803
-4.966442	-6.667508	-1.344981	-1.563437	-9.855333	-2.247874	-6.535607	-1.918595	-0.835156	-6.259765	-3.702693	-0.894418
-4.946631	-6.640870	-1.339603	-1.432245	-9.815938	-2.270135	-6.509485	-1.910927	-0.824061	-6.234734	-3.687883	-0.860067
-4.926871	-6.614323	-1.334245	-1.864047	-9.776687	-1.776680	-6.483458	-1.903286	-0.816888	-6.209798	-3.673133	-0.841240
-4.907178	-6.587874	-1.328909	-2.075357	-9.737587	-1.527386	-6.457529	-1.895674	-0.811682	-6.184961	-3.658440	-0.830182
-4.887556	-6.561527	-1.323594	-1.676438	-9.698640	-1.400183	-6.431702	-1.888092	-0.807466	-6.160222	-3.643807	-1.323015
-4.868009	-6.535283	-1.318299	-1.474424	-9.659847	-1.334036	-6.405976	-1.880540	-0.803751	-6.135582	-3.629232	-1.565799
-4.848539	-6.509142	-1.313026	-1.870872	-9.621208	-1.798426	-6.380353	-1.873018	-0.800294	-6.111040	-3.614715	-1.183575
-4.829145	-6.483106	-1.307774	-2.064561	-9.582724	-2.026096	-6.354832	-1.865526	-0.796972	-6.086596	-3.600256	-0.990859
-4.809829	-6.457174	-1.302543	-1.656889	-9.544393	-1.635423	-6.329413	-1.858064	-0.793723	-6.062249	-3.585855	-0.892906
-4.790590	-6.431346	-1.297333	-1.450555	-9.506216	-1.437597	-6.304095	-1.850632	-0.790518	-6.038000	-3.571511	-0.842339
-4.771428	-6.405620	-1.292143	-1.344899	-9.468191	-1.336205	-6.278879	-1.843229	-0.787341	-6.013848	-3.557225	-0.815472
-4.752342	-6.379998	-1.286975	-1.789593	-9.430318	-1.283039	-6.253763	-1.835857	-0.784184	-5.989793	-3.542996	-1.300461
-4.733333	-6.354478	-1.281827	-2.007471	-9.392597	-1.253996	-6.228748	-1.828513	-0.781043	-5.965834	-3.528825	-1.539385
-4.714400	-6.329060	-1.276700	-2.111960	-9.355027	-1.237025	-6.203833	-1.821199	-0.777917	-5.941970	-3.514709	-1.155290
-4.695542	-6.303744	-1.271593	-2.159771	-9.317606	-1.226099	-6.179018	-1.813914	-0.774805	-5.918203	-3.500650	-0.961700
-4.676760	-6.278529	-1.266507	-1.679262	-9.280336	-1.218206	-6.154302	-2.306659	-0.771705	-5.894530	-3.486648	-0.863369
-4.658053	-6.253415	-1.261441	-1.436609	-9.243215	-1.211839	-6.129685	-2.547432	-0.768618	-5.870952	-3.472701	-0.812674
-4.639421	-5.728401	-1.256395	-1.312895	-8.706242	-1.206244	-6.105166	-1.662242	-0.765543	-5.347468	-3.458810	-0.785802
-4.620863	-5.455487	-1.251369	-1.248660	-8.421417	-1.201046	-6.080745	-1.218093	-0.762481	-5.076078	-3.444975	-0.770848
-4.602379	-5.308665	-1.246364	-1.214173	-8.262731	-1.196055	-6.056422	-0.994471	-0.759431	-4.930774	-3.431195	-0.761859
-4.583970	-5.224931	-1.241378	-1.194571	-8.167180	-1.191177	-5.532197	-1.381118	-0.256393	-4.848551	-3.417470	-0.755859
-4.565634	-5.172781	-1.236413	-1.182419	-8.103262	-1.186366	-5.260068	-1.570906	-0.004874	-4.797906	-3.403801	-0.751360
-4.047371	-5.636465	-1.231467	-1.174003	-8.055223	-1.181597	-5.614028	-1.162279	 0.120885	-4.763090	-3.390185	-0.747616
-3.781182	-5.856107	-1.226541	-1.167464	-8.015190	-1.176859	-5.779071	-0.956458	 0.183765	-4.736225	-3.376625	-0.744257
-4.141057	-5.953776	-1.221635	-1.161873	-7.979223	-1.172146	-5.349705	-0.852046	-0.284795	-4.713374	-3.363118	-0.741095
-4.311993	-5.990508	-1.216748	-1.156764	-7.945353	-1.167454	-5.125181	-0.798345	-0.517569	-4.692567	-3.349666	-0.738038
-4.388495	-5.496819	-1.211881	-1.151907	-7.912595	-1.162783	-5.003118	-0.770005	-0.132455	-4.672820	-3.336267	-0.735040
-4.417816	-5.239968	-1.207034	-1.147184	-7.880456	-1.158131	-4.932324	-0.754352	 0.060102	-4.653641	-3.322922	-0.732077
-4.423582	-5.101577	-1.202206	-1.142538	-7.848690	-1.153498	-4.887204	-0.745048	 0.156381	-4.634782	-3.309630	-0.729137
-3.917607	-5.022455	-1.197397	-1.137939	-7.817174	-1.148884	-4.854960	-0.738924	 0.204520	-4.616121	-2.796392	-0.726215
-3.657796	-4.973007	-1.192607	-1.133372	-7.785844	-1.144288	-4.829193	-0.734397	 0.228590	-4.597595	-2.535206	-0.723307
-3.521094	-5.438436	-1.187837	-1.128832	-7.754670	-1.139711	-4.806702	-0.730673	-0.259376	-4.579174	-2.400065	-0.720412
-3.445975	-5.659343	-1.183086	-1.124313	-7.723636	-1.135152	-4.785888	-0.727358	-0.501863	-4.560842	-2.327965	-0.717530
-3.901673	-5.258036	-1.178353	-1.119814	-7.692734	-1.130612	-5.265951	-0.724252	-0.121619	-4.542591	-2.287403	-0.714659
-4.120808	-5.047669	-1.173640	-1.115334	-7.661959	-1.126089	-5.494491	-0.721257	 0.068504	-4.524417	-2.262629	-0.711801
-3.721695	-4.932811	-1.168945	-1.110872	-7.631309	-1.121585	-5.097315	-0.718322	-0.336435	-4.506318	-2.745766	-0.708953
-3.515494	-4.865746	-1.164270	-1.106428	-7.600783	-1.117098	-4.889326	-0.715425	-0.537422	-4.488291	-2.980876	-0.706117
-3.405774	-4.822616	-1.159612	-1.102002	-7.570380	-1.112630	-4.775969	-0.712551	-0.636438	-4.470338	-3.092000	-0.703293
-3.844322	-5.291492	-1.154974	-1.097594	-7.540098	-1.108180	-4.709966	-0.709694	-0.684476	-4.452456	-2.641155	-0.700480
-4.055031	-5.514409	-1.150354	-1.093204	-7.509937	-1.103747	-4.667676	-0.706852	-0.707029	-4.434646	-2.411352	-0.697678
-4.151854	-5.114393	-1.145753	-1.088831	-7.479897	-1.099332	-4.637280	-0.704024	-0.216847	-4.416908	-2.792088	-0.694887
-4.191768	-4.904957	-1.141170	-1.084476	-7.449978	-1.094935	-4.612869	-0.701207	 0.028244	-4.399240	-2.976110	-0.692108
-4.203261	-4.790847	-1.136605	-1.080138	-7.420178	-1.590555	-4.591486	-0.698401	-0.349210	-4.381643	-3.061800	-0.689339
-4.200579	-4.724439	-1.132059	-1.075817	-7.390497	-1.834193	-4.571654	-0.695608	-0.536484	-4.364116	-3.098351	-0.686582
-3.690841	-4.681919	-1.127530	-1.071514	-7.360935	-1.451856	-5.052635	-0.692825	-0.628674	-4.346660	-3.110356	-0.683835
-3.429611	-4.651380	-1.123020	-1.067228	-7.331491	-1.258548	-5.282058	-0.690054	-0.673326	-4.329273	-3.110114	-0.681100
-3.292658	-4.626869	-1.118528	-1.062959	-7.302166	-1.159764	-5.385747	-0.687294	-0.694217	-4.311956	-3.103774	-0.678376
-3.717871	-4.605409	-1.114054	-1.058707	-7.272957	-1.608250	-5.426612	-0.684544	-0.703232	-4.794708	-3.094408	-0.675662
-3.922191	-4.585510	-1.109598	-1.054472	-7.243865	-1.828380	-5.436110	-0.681806	-0.706315	-5.025530	-3.083556	-0.672960
-4.016098	-5.066430	-1.105159	-1.050254	-7.214890	-1.434347	-5.429967	-0.679079	-0.706438	-4.630427	-3.071984	-0.670268
-4.054832	-5.295795	-1.100739	-1.046053	-7.186030	-1.235251	-5.416049	-0.676363	-0.705086	-4.424406	-3.060077	-0.667587
-4.066011	-4.899428	-1.096336	-1.041869	-7.657286	-1.133630	-5.398285	-0.673657	-0.203003	-4.312958	-3.048027	-0.664916
-4.063447	-4.692238	-1.091951	-1.037702	-7.876657	-1.080756	-5.378642	-0.670963	 0.048039	-4.248831	-3.035931	-0.662257
-3.554043	-5.579673	-1.087583	-1.033551	-7.470150	-1.052263	-5.358103	-0.668279	-0.326440	-4.208398	-3.023835	-0.659608
-3.293251	-6.010456	-1.083232	-1.029417	-7.252770	-1.035969	-5.337158	-0.665606	-0.512278	-4.179846	-3.011763	-0.656969
-3.156791	-6.212965	-1.078899	-1.025299	-7.130008	-1.025782	-5.316053	-0.662943	-0.603801	-4.157267	-2.999728	-0.654341
-3.082520	-5.801389	-1.074584	-1.021198	-7.054613	-1.018658	-4.794911	-0.660291	-0.148171	-4.137709	-2.987735	-0.651724
-3.039368	-5.584821	-1.070286	-1.017113	-7.002957	-1.013073	-4.525792	-0.657650	 0.079643	-4.119693	-2.975787	-0.649117
-3.511799	-4.965800	-1.066004	-1.013045	-6.963227	-1.008265	-4.382719	-0.655020	 0.193551	-4.602482	-2.963885	-0.646521
-3.740047	-4.647597	-1.061740	-1.008992	-6.929515	-1.003854	-4.302704	-0.652400	 0.250504	-4.833706	-2.952030	-0.643934
-3.846234	-4.479836	-1.057493	-1.004956	-6.898867	-0.999650	-4.254250	-0.649790	 0.278981	-4.439188	-2.440223	-0.641359
-3.891422	-4.387331	-1.053263	-1.000937	-6.869807	-0.995557	-4.221612	-0.647191	 0.293220	-4.233839	-2.180462	-0.638793
-3.406144	-4.332490	-1.049050	-0.996933	-6.841595	-0.991528	-4.696915	-0.644602	 0.300339	-4.123108	-2.046740	-0.136238
-3.157662	-4.296513	-1.044854	-0.992945	-6.813862	-0.987538	-4.924222	-0.642024	 0.303898	-4.059718	-1.976053	 0.115039
-3.027603	-4.270004	-1.040675	-0.988973	-6.786424	-0.983576	-5.027573	-0.639456	 0.305678	-4.020030	-1.936899	 0.240678
-3.456779	-4.248263	-1.036512	-0.985017	-6.759186	-0.979636	-4.568986	-0.636898	 0.306568	-3.992225	-2.413527	-0.196502
-3.663595	-4.228939	-1.032366	-0.981077	-6.732104	-0.975714	-4.331472	-0.634350	 0.307013	-3.970394	-2.646060	-0.413825
-3.259262	-4.210858	-1.028237	-0.977153	-6.705153	-0.971810	-4.204527	-0.631813	-0.192764	-3.951582	-2.756570	-0.521224
-3.051385	-4.193431	-1.024124	-0.973244	-6.678321	-0.967922	-4.132899	-0.629285	-0.441268	-3.934310	-2.806090	-0.573667
-3.441760	-4.176366	-1.020027	-0.969352	-6.651602	-0.964050	-4.588963	-0.626768	-0.564140	-3.917840	-2.825139	-0.598636
-3.629283	-4.159515	-1.015947	-0.965474	-6.624992	-0.960193	-4.806905	-0.624261	-0.624203	-3.901802	-2.828975	-0.609873
-3.715411	-4.642804	-1.011883	-1.461612	-6.598491	-0.956353	-4.905826	-0.621764	-0.652865	-3.886012	-2.825228	-0.614249
-3.750872	-4.874197	-1.007836	-1.705766	-6.572096	-0.952527	-4.945277	-0.619277	-0.665833	-3.870376	-2.817711	-0.615200
-3.761030	-4.979682	-1.003804	-1.823943	-6.545808	-0.948717	-4.955033	-0.616800	-0.670960	-3.854849	-2.808332	-0.614444
-3.758567	-4.522254	-0.999789	-1.379147	-7.019624	-1.444922	-4.949981	-0.614333	-0.672171	-3.839406	-2.798045	-0.612838
-3.749823	-4.285410	-0.995790	-1.154880	-7.241546	-1.689142	-4.937566	-0.611875	-0.671430	-3.824037	-2.787326	-0.610812
-3.737969	-4.658891	-0.991807	-1.540886	-6.837579	-1.307386	-4.921508	-1.109428	-0.669718	-3.808735	-2.776413	-0.608582
-3.724589	-4.835567	-0.987840	-1.730035	-6.622729	-1.114656	-4.903668	-1.354990	-0.667526	-3.793498	-2.765426	-0.606254
-3.710477	-4.913881	-0.983888	-1.820771	-7.002488	-1.016448	-4.884976	-1.474570	-0.665099	-3.778322	-2.754423	-0.603883
-3.696028	-4.943053	-0.979953	-1.862316	-7.177603	-0.965507	-4.865898	-1.531172	-0.662560	-3.763208	-2.743435	-0.601494
-3.681441	-4.947695	-0.976033	-1.879281	-7.250455	-0.938207	-4.846665	-2.056297	-0.659971	-4.248155	-2.732476	-1.099101
-3.666813	-4.940111	-0.972129	-1.883971	-7.272235	-0.922736	-4.827394	-2.313697	-0.657361	-4.481162	-2.721554	-1.344711
-3.652195	-4.926454	-0.968240	-1.882538	-7.268536	-0.913185	-4.808142	-2.437255	-0.654747	-4.588237	-2.710671	-1.464336
-3.637611	-4.909800	-0.964367	-1.878060	-6.752157	-0.906603	-4.788938	-1.993912	-0.652136	-4.132384	-2.699830	-1.020980
-3.623073	-4.891686	-0.960510	-1.872074	-6.481496	-0.901512	-4.769797	-1.769140	-0.649531	-3.897105	-2.689032	-0.798147
-3.608587	-4.872883	-0.956668	-1.865348	-6.833744	-1.397173	-4.750725	-1.653665	-0.646935	-4.272141	-2.678276	-0.685580
-3.594155	-4.853773	-0.952841	-1.858268	-6.995496	-1.641218	-4.731725	-1.592851	-0.644348	-4.450365	-2.667563	-0.628150
-3.579780	-4.834548	-0.949030	-1.851026	-6.562058	-1.759470	-4.712800	-1.059380	-0.641771	-4.530220	-2.656893	-0.598294
-3.565462	-4.815305	-0.945234	-1.843717	-6.333081	-1.814841	-4.693950	-0.791592	-0.639204	-4.560927	-2.646266	-0.582229
-3.551201	-4.796092	-0.941453	-1.836390	-6.206385	-1.338786	-4.675175	-1.156651	-0.636648	-4.067098	-2.635681	-0.573064
-3.536996	-4.776931	-0.937687	-1.829068	-6.130877	-1.099033	-4.656474	-1.336137	-0.634101	-3.813036	-2.625138	-0.567354
-3.522848	-4.757836	-0.933936	-1.821764	-6.081013	-0.977438	-4.637848	-1.422849	-0.631565	-3.678888	-2.614637	-0.563375
-3.508757	-4.738810	-0.930200	-1.814483	-6.044018	-0.914929	-4.619297	-1.463186	-0.629038	-4.104724	-2.604179	-0.560268
-3.494722	-4.719858	-0.926480	-1.807228	-6.013507	-0.881969	-4.600820	-1.480347	-0.626522	-4.308581	-2.593762	-0.557599
-3.480743	-4.700980	-0.922774	-1.300000	-6.486285	-0.863791	-4.582417	-1.485932	-0.624016	-3.901485	-2.583387	-0.555155
-3.466820	-4.682177	-0.919083	-1.044801	-6.708756	-0.853011	-4.564087	-1.485742	-0.621520	-3.690948	-2.573053	-0.552828
-3.452953	-4.663448	-0.915406	-1.415622	-6.306129	-1.345937	-4.545831	-1.482676	-0.619034	-4.078718	-2.562761	-0.550563
-3.439141	-4.644795	-0.911745	-1.597460	-6.093009	-1.588722	-4.527647	-1.478184	-0.616558	-4.263671	-2.552510	-0.548334
-3.425384	-4.626216	-0.908098	-1.684820	-5.974689	-1.206451	-4.509537	-1.472990	-0.614092	-4.347250	-2.542300	-0.546127
-3.411683	-4.607711	-0.904465	-1.724956	-5.903816	-1.013668	-4.491499	-1.467458	-0.611635	-4.380177	-2.532131	-0.543936
-3.398036	-4.589280	-0.900847	-1.741494	-6.356714	-1.415634	-4.473533	-1.461768	-0.609189	-3.887815	-2.522002	-0.541757
-3.384444	-4.570923	-0.897244	-1.746247	-6.569543	-1.612982	-4.455638	-1.456011	-0.606752	-3.634843	-2.511914	-0.539588
-3.370906	-4.552639	-0.893655	-1.745121	-6.662393	-1.708035	-4.437816	-1.450232	-0.604325	-3.501593	-2.501867	-0.537429
-3.357422	-4.534429	-0.890080	-1.241070	-6.195308	-1.751956	-4.420065	-0.944453	-0.601908	-3.428232	-2.491859	-0.535279
-3.343993	-4.516291	-0.886520	-0.987571	-5.950309	-1.770324	-4.402384	-0.691564	-0.599500	-3.384841	-2.481892	-0.533138
-3.330617	-4.498226	-0.882974	-0.859353	-5.816399	-1.275931	-4.384775	-0.565119	-0.597102	-3.356463	-2.471964	-0.531005
-3.317294	-4.480233	-0.879442	-0.793782	-5.738078	-1.027172	-4.367236	-0.501897	-0.594714	-3.335618	-2.462076	-0.528881
-3.304025	-3.962312	-0.875924	-1.259540	-5.687599	-0.901235	-4.349767	-0.970286	-0.092335	-3.318566	-2.452228	-0.526765
-3.290809	-3.696463	-0.872421	-1.488968	-5.651085	-0.836716	-4.332368	-1.201603	 0.158855	-3.303436	-2.442419	-0.524658
-3.277646	-4.056677	-0.868931	-1.100245	-6.121599	-1.302912	-4.315038	-1.314396	-0.215551	-3.289295	-2.432650	-0.522560
-3.264535	-4.227950	-0.865455	-0.904461	-6.343671	-1.532472	-4.297778	-1.367938	-0.401573	-3.275674	-2.422919	-0.520470
-3.251477	-4.304788	-0.861993	-0.805152	-6.441576	-1.643728	-4.280587	-1.391866	-0.493410	-3.262340	-2.413227	-0.518388
-3.238471	-4.334444	-0.858545	-1.254085	-6.477450	-1.695846	-4.763465	-1.900998	-0.538157	-3.249175	-2.403574	-0.516314
-3.225517	-4.340544	-0.855111	-1.475146	-6.482360	-1.718409	-4.994411	-2.150744	-0.559365	-3.236120	-2.393960	-0.514249
-3.212615	-4.334901	-0.851691	-1.582284	-6.471840	-1.226209	-4.599433	-1.770816	-0.568808	-3.223146	-2.384384	-0.512192
-3.199765	-4.323420	-0.848284	-1.632474	-6.453658	-0.978640	-4.393535	-1.578070	-0.572373	-3.210239	-2.374847	-0.510143
-3.186966	-4.309056	-0.844891	-1.654204	-6.431696	-1.353394	-4.282211	-1.478927	-0.573004	-3.197391	-2.365347	-0.508103
-3.174218	-4.293285	-0.841511	-1.661717	-6.407895	-1.537315	-4.218207	-1.426595	-0.572172	-3.184598	-2.355886	-0.506070
-3.161521	-4.276844	-0.838145	-1.662135	-6.383227	-1.625832	-4.177897	-1.397681	-0.570613	-3.171858	-2.346462	-0.504046
-3.148875	-4.260103	-0.834793	-1.159019	-5.858175	-1.166663	-4.149467	-0.880486	-1.068695	-3.659169	-2.337076	-0.502030
-3.136279	-4.243246	-0.831453	-0.906149	-5.584984	-0.935663	-4.127010	-0.621889	-1.314603	-3.894532	-2.327728	-0.500022
-3.123734	-4.226364	-0.828128	-1.278407	-5.437764	-0.818754	-4.107572	-0.492590	-0.934436	-4.003954	-2.318417	-0.499017
-3.111239	-4.209505	-0.824815	-1.461235	-5.353573	-0.758895	-4.089677	-0.427941	-0.743244	-4.050438	-2.309144	-0.498515
-3.098794	-3.692690	-0.821516	-1.549361	-5.300939	-0.727568	-4.072586	-0.395616	-0.646544	-4.065486	-2.299907	-0.498264
-3.086399	-3.427930	-0.818230	-1.590149	-5.264125	-0.710512	-4.055929	-0.379454	-0.597094	-4.064849	-2.290707	-0.498139
-3.074054	-3.789224	-0.814957	-1.607281	-5.235264	-1.200597	-4.039522	-0.871373	-0.571274	-3.556402	-2.281545	-0.998076
-3.061757	-3.961570	-0.811697	-1.612598	-5.210420	-1.442258	-4.023273	-1.114606	-0.557273	-3.296083	-2.272418	-1.245049
-3.049510	-3.539475	-0.808450	-1.612021	-5.187627	-1.059721	-4.007134	-0.733507	-0.549186	-3.159852	-2.263329	-0.865551
-3.037312	-3.322193	-0.805217	-1.608510	-5.165901	-0.867098	-3.991082	-0.542957	-0.544060	-3.085689	-2.254275	-0.675802
-3.025163	-3.207342	-0.801996	-1.603544	-5.144750	-0.769437	-3.975106	-0.447682	-0.540419	-3.042584	-2.245258	-0.580928
-3.013062	-3.643732	-0.798788	-1.097864	-5.623927	-0.719264	-3.959200	-0.900045	-0.537525	-3.515033	-2.236277	-0.533490
-3.001010	-3.853766	-0.795593	-0.843839	-5.851309	-0.692838	-3.943361	-1.123521	-0.535009	-3.743283	-2.227332	-0.509772
-2.989006	-3.950656	-0.792410	-1.215648	-5.952843	-0.678293	-3.927586	-0.732565	-0.532686	-3.849464	-2.218423	-0.497913
-2.977050	-3.991006	-0.789241	-1.398377	-5.991501	-0.669693	-3.911875	-0.537088	-0.530464	-3.894644	-2.209549	-0.491983
-2.965142	-4.003118	-0.786084	-1.486579	-5.998770	-0.664071	-3.896227	-0.939349	-0.528296	-3.909354	-2.200711	-0.489018
-2.953281	-4.001143	-0.782939	-1.527531	-5.990392	-0.659943	-3.880642	-1.137796	-0.526160	-3.908861	-2.191908	-0.487536
-2.941468	-3.992158	-0.779807	-1.544870	-5.474239	-1.156567	-3.865119	-0.734347	-0.524044	-3.400798	-2.183140	-0.486794
-2.929702	-3.979699	-0.776688	-1.550415	-5.206247	-1.401573	-3.849659	-0.532623	-0.521942	-3.140981	-2.174408	-0.486424
-2.917983	-3.965535	-0.773581	-1.550075	-5.062374	-1.520783	-3.834260	-0.431760	-0.519852	-3.005310	-2.165710	-0.486239
-2.906312	-3.950550	-0.770487	-1.546806	-4.980600	-1.577107	-3.818923	-0.881329	-0.517771	-2.931735	-2.157047	-0.486146
-2.894686	-3.935187	-0.767405	-1.542084	-4.929916	-1.602003	-3.803647	-1.103452	-0.515699	-2.889231	-2.148419	-0.486100
-2.883108	-3.919665	-0.764336	-1.536649	-4.894815	-1.111197	-3.788433	-1.211862	-0.513636	-2.862286	-2.139826	-0.986076
-2.871575	-3.904096	-0.761278	-1.530869	-4.867546	-0.864553	-3.773279	-1.263427	-0.511581	-2.843143	-2.131266	-1.233093
-2.860089	-3.888535	-0.758233	-1.524928	-4.844230	-1.239995	-3.758186	-1.286579	-0.509535	-2.827923	-2.122741	-0.853641
-2.848648	-3.873008	-0.755200	-1.518920	-4.822931	-1.424486	-3.743153	-1.295536	-0.507496	-2.814688	-2.114250	-0.663915
-2.837254	-3.857530	-0.752179	-1.512890	-4.802678	-1.513513	-3.728180	-1.297405	-0.505466	-2.802467	-2.105793	-0.569052
-2.825905	-3.842106	-0.749171	-1.506862	-4.782986	-1.554821	-3.713268	-1.295741	-0.503445	-2.790776	-2.097370	-0.521620
-2.814601	-3.826741	-0.746174	-1.500846	-4.763614	-1.572283	-3.698415	-1.292321	-0.501431	-2.779373	-2.088981	-0.497904
-2.803343	-3.811436	-0.743189	-1.494848	-4.744439	-1.577835	-3.683621	-0.788033	-0.500424	-3.268135	-2.080625	-0.486046
-2.792129	-3.796191	-0.740217	-1.488872	-4.725402	-1.577444	-3.668886	-0.535889	-0.499920	-3.505003	-2.072302	-0.480118
-2.780961	-3.781007	-0.737256	-1.482917	-5.206470	-1.574094	-3.654211	-0.909817	-0.499669	-3.615952	-2.064013	-0.477153
-2.769837	-3.765883	-0.734307	-1.476987	-5.435629	-1.569278	-3.639594	-1.094214	-0.499543	-3.663974	-2.055757	-0.475671
-2.758758	-3.750820	-0.731369	-1.471079	-5.038879	-1.563741	-3.625036	-1.183855	-0.499480	-3.180560	-2.047534	-0.974930
-2.747723	-3.735816	-0.728444	-1.465195	-4.831220	-1.557856	-3.610536	-1.226128	-0.499448	-2.933459	-2.039344	-1.221611
-2.736732	-3.720873	-0.725530	-1.459334	-4.718143	-1.051810	-3.596093	-1.244728	-0.499433	-2.804536	-2.031186	-0.842015
-2.725785	-3.705990	-0.722628	-1.453497	-4.652394	-0.797695	-3.581709	-1.251502	-0.499425	-2.734723	-2.023062	-0.652217
-2.714882	-3.691166	-0.719738	-1.447683	-4.610347	-0.669550	-3.567382	-1.252372	-0.499421	-2.694487	-2.014969	-0.557318
-2.704022	-3.676401	-0.716859	-1.441892	-4.580187	-1.104395	-3.553113	-0.750300	-0.499419	-3.169060	-2.006909	-0.509868
-2.693206	-3.661695	-0.713991	-1.436125	-4.556006	-1.318739	-3.538900	-0.499265	-0.499418	-3.399060	-1.998882	-0.486143
-2.682433	-3.647049	-0.711135	-1.430380	-5.034853	-0.922845	-3.524745	-0.873747	-0.499417	-3.006801	-1.990886	-0.474281
-2.671704	-3.632460	-0.708291	-1.424659	-5.263248	-0.723844	-3.510646	-1.058491	-0.499417	-2.805443	-1.982923	-0.468350
-2.661017	-3.117931	-0.705457	-1.418960	-4.866463	-1.123294	-3.496603	-0.648377	-0.499417	-2.699556	-1.974991	-0.965384
-2.650373	-2.855459	-0.702636	-1.413284	-4.659131	-1.319973	-3.482617	-0.443320	-0.499417	-2.641425	-1.967091	-1.210977
-2.639771	-2.719037	-0.699825	-0.907631	-4.546561	-0.915280	-3.468686	-0.340792	-0.499417	-2.607193	-1.959223	-0.830860
-2.629212	-2.645661	-0.697026	-0.654804	-4.481408	-0.711912	-3.454811	-0.289527	-0.499417	-2.584931	-1.951386	-0.640801
-2.618695	-2.603828	-0.694238	-0.528391	-4.439999	-0.609211	-3.440992	-0.263895	-0.499417	-2.568674	-1.943580	-0.545772
-2.608221	-2.577788	-0.691461	-0.965184	-4.410498	-0.556847	-3.427228	-0.251079	-0.499417	-2.555441	-2.435806	-0.998257
-2.597788	-2.559664	-0.688695	-1.180777	-4.386985	-0.529656	-3.413519	-0.244671	-0.499417	-2.543740	-2.676063	-1.221599
-2.587396	-2.545519	-0.685940	-0.785781	-4.366502	-0.515056	-3.399865	-0.741467	-0.499417	-2.532826	-2.290359	-0.830379
-2.577047	-2.533384	-0.683196	-0.588283	-4.347568	-0.506755	-3.386266	-0.987389	-0.499417	-2.522325	-2.093697	-0.634770
-2.566739	-2.522274	-0.680464	-0.989534	-4.329444	-0.502604	-3.372721	-0.607883	-0.499417	-2.512051	-1.991572	-0.536965
-2.556472	-2.511697	-0.677742	-1.187377	-4.311759	-0.500529	-3.359230	-0.418130	-0.499417	-2.501910	-1.936731	-0.488062
-2.546246	-2.501406	-0.675031	-0.783529	-4.294329	-0.999492	-3.345793	-0.823253	-0.499417	-2.491856	-1.905547	-0.463611
-2.536061	-2.491278	-0.672331	-0.581605	-4.277060	-1.245976	-3.332410	-1.023358	-0.499417	-2.481866	-1.886206	-0.451386
-2.525917	-2.481252	-0.669641	-0.480643	-4.259905	-1.366233	-3.319080	-1.120964	-0.499417	-2.471927	-1.872801	-0.445273
-2.515813	-2.471296	-0.666963	-0.430161	-4.242843	-0.923389	-3.305804	-1.167330	-0.499417	-2.462033	-1.862381	-0.442216
-2.505750	-2.461396	-0.664295	-0.404921	-4.225860	-0.701967	-3.292581	-1.188085	-0.499417	-2.452182	-1.853466	-0.440688
-2.495727	-2.451543	-1.161638	-0.392301	-4.208951	-0.591255	-3.279410	-0.696045	 0.000583	-2.442372	-1.845320	-0.439924
-2.485744	-2.441733	-1.406991	-0.385991	-4.192112	-0.535900	-3.266293	-0.450025	 0.249582	-2.432602	-1.837572	-0.439542
-2.475801	-2.931964	-1.026363	-0.382835	-4.175342	-1.008222	-3.253227	-0.827015	-0.125919	-2.422871	-1.830039	-0.439351
-2.465898	-3.170235	-0.834758	-0.381258	-4.158640	-1.241422	-3.240215	-1.013102	-0.312666	-2.413179	-1.822627	-0.439256
-2.456034	-3.282554	-0.737669	-0.380469	-4.142005	-0.855073	-3.227254	-0.603747	-0.406040	-2.403526	-1.815291	-0.939208
-2.446210	-3.331923	-0.687843	-0.380075	-4.125437	-0.661898	-3.214345	-0.399070	-0.452727	-2.393912	-1.808007	-1.186306
-2.436425	-3.349845	-0.661654	-0.379878	-4.108935	-0.565311	-3.201487	-0.296731	-0.476070	-2.384337	-1.800764	-1.306988
-2.426679	-2.852071	-0.647289	-0.879779	-4.092499	-0.517017	-3.188681	-0.245562	-0.487742	-2.374799	-1.793555	-0.864473
-2.416973	-2.598475	-0.638840	-1.126970	-4.076129	-0.492870	-3.175927	-0.219977	-0.493578	-2.365300	-1.786378	-0.643216
-2.407305	-2.466988	-0.633355	-1.247818	-4.059825	-0.980797	-3.163223	-0.207185	-0.496496	-2.355839	-1.779231	-0.532588
-2.397676	-2.396573	-0.629357	-1.305504	-4.043586	-1.221823	-3.150570	-0.200788	-0.497955	-2.346415	-1.772113	-0.477273
-2.388085	-2.856713	-0.626107	-0.831621	-4.027411	-1.339410	-3.137968	-0.697590	-0.498684	-2.337030	-2.265024	-0.449616
-2.378533	-3.080149	-0.623236	-0.594679	-4.011302	-1.395290	-3.125416	-0.943603	-0.499049	-2.327682	-2.505964	-0.435788
-2.369018	-2.685260	-0.620560	-0.976208	-3.995256	-1.420327	-3.112914	-1.064229	-0.499231	-2.318371	-2.120940	-0.428873
-2.359542	-2.483235	-0.617987	-1.164258	-3.979275	-1.429955	-3.100463	-1.122173	-0.499322	-2.309098	-1.924956	-0.425416
-2.350104	-2.377660	-0.615469	-1.255577	-3.963358	-1.431890	-3.088061	-1.148785	-0.499368	-2.299861	-1.823506	-0.423688
-2.340704	-2.320328	-0.612984	-1.298544	-3.947505	-1.429990	-3.075708	-1.159740	-0.499391	-2.790662	-1.769337	-0.422823
-2.331341	-2.287137	-0.610521	-1.317344	-3.931715	-1.426184	-3.063406	-1.162876	-0.499402	-3.029499	-1.738822	-0.422391
-2.322016	-2.766033	-0.608073	-1.324071	-4.415988	-1.421436	-3.051152	-1.162112	-0.499408	-2.642381	-1.720148	-0.422175
-2.312727	-2.998991	-0.605638	-1.324774	-4.648324	-1.416228	-3.038947	-1.159407	-0.499411	-2.444311	-1.707408	-0.422067
-2.303477	-3.109006	-0.603214	-1.322474	-4.754731	-1.410803	-3.026792	-1.155742	-0.499412	-2.340784	-1.697649	-0.422013
-2.294263	-3.157576	-0.600800	-1.318684	-4.798212	-1.405279	-3.014684	-1.151604	-0.499413	-2.284546	-1.689394	-0.421986
-2.285086	-3.175448	-0.598397	-1.314159	-4.310269	-1.399718	-3.002626	-1.147241	-0.499413	-2.751970	-1.681904	-0.421973
-2.275945	-3.177998	-0.596003	-1.309277	-4.058653	-1.394149	-2.990615	-1.142774	-0.499413	-2.979244	-1.674810	-0.421966
-2.266841	-3.172912	-0.593619	-1.304227	-3.925231	-1.388587	-2.978653	-1.138263	-0.499414	-3.086467	-1.667928	-0.421962
-2.257774	-3.164033	-0.591244	-1.299104	-3.850936	-0.883040	-2.966738	-0.633741	-0.499414	-3.133692	-1.661164	-0.421961
-2.248743	-3.153283	-0.588879	-1.293955	-3.806235	-0.630267	-2.954871	-0.381479	-0.499414	-3.150942	-1.654474	-0.421960
-2.239748	-2.641623	-0.586524	-1.288802	-3.776362	-1.003880	-2.943052	-0.755349	-0.499414	-3.153231	-1.647833	-0.421959
-2.230789	-2.381533	-0.584178	-1.283659	-3.753932	-1.187932	-2.931279	-0.940025	-0.499414	-3.148064	-1.641230	-0.421959
-2.221866	-2.247246	-0.581841	-1.278530	-4.235255	-1.277214	-2.919554	-1.030113	-0.499414	-2.639195	-1.634660	-0.921959
