-0.202535	-0.255500	-0.514246	-0.499144	-0.499184	-0.539317	-0.990025	-0.498216	-0.486127	-0.511147	-0.103997	-0.498566
-0.702288	-0.255500	-0.512189	-0.499144	-0.499184	-0.646324	-0.611307	-0.498216	-0.486127	-0.511807	-0.103974	-0.498566
-0.949761	-0.255500	-0.510140	-0.499144	-0.499184	-0.698321	-0.421948	-0.498216	-0.486127	-0.511113	-0.103963	-0.498566
-0.571103	-0.255500	-0.508099	-0.499144	-0.499184	-0.222819	-0.327269	-0.498216	-0.486127	-0.009744	-0.103957	-0.498566
-0.381774	-0.255500	-0.506067	-0.499144	-0.499184	 0.014932	-0.279929	-0.498216	-0.486127	 0.240940	-0.103954	-0.498566
-0.287109	-0.255500	-0.504043	-0.499144	-0.499184	-0.366193	-0.256260	-0.498216	-0.486127	 0.366282	-0.103953	-0.498566
-0.239777	-0.255500	-0.502027	-0.499144	-0.499184	-0.555260	-0.244425	-0.498216	-0.486127	 0.428953	-0.103952	-0.498566
-0.216111	-0.255500	-0.500018	-0.499144	-0.499184	-0.648305	-0.238507	-0.498216	-0.486127	 0.460288	-0.103952	-0.498566
-0.204278	-0.255500	-0.499014	-0.499144	 0.000816	-0.193345	-0.235548	-0.498216	-0.486127	-0.024044	-0.103951	-0.498566
-0.198361	-0.255500	-0.498512	-0.499144	 0.249815	 0.034135	-0.234069	-0.498216	-0.486127	-0.265193	-0.103951	-0.498566
-0.195403	-0.255500	-0.498261	-0.499144	-0.125686	-0.352125	-0.233329	-0.498216	-0.486127	 0.115245	-0.103951	-0.498566
-0.193924	-0.255500	-0.498136	-0.499144	-0.312434	-0.543778	-0.232959	-0.498216	-0.486127	 0.305464	-0.103951	-0.498566
-0.193184	-0.255500	-0.498073	 0.000856	-0.405808	-0.638134	-0.232775	-0.498216	-0.486127	-0.099427	-0.103951	-0.498566
-0.192814	-0.255500	-0.498042	 0.249854	-0.452495	-0.683847	-0.232682	-0.498216	-0.486127	-0.300863	-0.103951	-0.498566
-0.192629	-0.255500	-0.498026	-0.125647	 0.024161	-0.205244	-0.232636	-0.498216	-0.486127	 0.099423	-0.103951	-0.498566
-0.192537	-0.255500	-0.498018	-0.312395	 0.261488	 0.034057	-0.232613	-0.498216	-0.486127	 0.299566	-0.103951	-0.498566
-0.192491	-0.255500	-0.498014	-0.405769	 0.380151	 0.153708	-0.232601	-0.498216	-0.486127	 0.399638	-0.103951	-0.498566
-0.192468	-0.255500	-0.498012	-0.452456	-0.060517	 0.213533	-0.232595	-0.498216	-0.486127	 0.449673	-0.103951	-0.498566
-0.192456	-0.255500	-0.498011	-0.475800	-0.279849	 0.243446	-0.232593	-0.498216	-0.486127	 0.474691	-0.103951	-0.498566
-0.192450	-0.255500	 0.001989	-0.487471	 0.110485	 0.258402	-0.232591	-0.498216	-0.486127	-0.512800	-0.103951	-0.498566
-0.192447	-0.255500	 0.250985	-0.493307	 0.304651	 0.265880	-0.232590	-0.498216	-0.486127	-1.003545	-0.103951	-0.498566
-0.192446	-0.255500	-0.124516	-0.496225	-0.098267	 0.269619	-0.232590	-0.498216	-0.486127	-0.245929	-0.103951	-0.498566
-0.192445	-0.255500	-0.311267	-0.497684	-0.298723	 0.271489	-0.232590	-0.498216	-0.486127	 0.131856	-0.103951	-0.498566
-0.692445	-0.255500	 0.095357	-0.498414	 0.101049	 0.272424	-0.232590	-0.498216	-0.486127	-0.180271	-0.103951	-0.498566
-0.940060	-0.255500	 0.297665	-0.498778	 0.299933	 0.272891	-0.232590	-0.498216	-0.486127	-0.336334	-0.103951	-0.498566
-0.561492	-0.255500	 0.398820	-0.498961	 0.399375	-0.226875	-0.232590	-0.498216	-0.486127	-0.414366	-0.103951	-0.498566
-0.372208	-0.255500	 0.449397	-0.499052	 0.449096	-0.475305	-0.232590	-0.498216	-0.486127	-0.453382	-0.103951	-0.498566
-0.277566	-0.255500	 0.474685	-0.499097	 0.473957	-0.598073	-0.232590	-0.498216	-0.486127	-0.472890	-0.103951	-0.498566
-0.730245	-0.255500	-0.012670	-0.499120	 0.486387	-0.158015	-0.232590	-0.498216	-0.486127	 0.017356	-0.103951	-0.498566
-0.954219	-0.255500	-0.255348	-0.499132	 0.492602	 0.062014	-0.232590	-0.498216	-0.486127	 0.261464	-0.103951	-0.498566
-0.563849	-0.255500	 0.123313	-0.499137	 0.495710	 0.172029	-0.232590	-0.498216	-0.486127	 0.382507	-0.103951	-0.498566
-0.368664	-0.255500	 0.311639	-0.499140	 0.497264	 0.227036	-0.232590	-0.498216	-0.486127	 0.442021	-0.103951	-0.498566
-0.271072	-0.255500	 0.405803	 0.000858	 0.498041	 0.254540	-0.232590	-0.498216	-0.486127	 0.470775	-0.103951	 0.001434
-0.222276	-0.255500	 0.452884	 0.249856	 0.498429	 0.268291	-0.232590	-0.498216	-0.486127	 0.485152	-0.103951	 0.250432
 0.302122	-0.255500	 0.476425	 0.374355	-0.001377	 0.275167	-0.232590	 0.001784	-0.486127	 0.492341	-0.103951	 0.374930
 0.562668	-0.255500	 0.488196	 0.436604	-0.250277	 0.278605	-0.232590	 0.250780	-0.486127	 0.495935	-0.103951	 0.437179
 0.691295	-0.255500	 0.494081	 0.467729	-0.374728	 0.280324	-0.232590	 0.375279	-0.486127	 0.497732	-0.103951	 0.468304
 0.753968	 0.244500	 0.497023	 0.483291	 0.063047	 0.281184	-0.232590	-0.062472	-0.486127	 0.498631	-0.103951	 0.483866
 0.783672	 0.493011	 0.498495	 0.491072	 0.280933	 0.281614	-0.232590	-0.280347	-0.486127	 0.499080	-0.103951	 0.491648
 0.296897	 0.115783	 0.499230	 0.494963	 0.389876	 0.781828	-0.232590	-0.389285	-0.486127	 0.499305	-0.103951	 0.495538
 0.053509	-0.072830	 0.499598	 0.496908	 0.444347	 1.029372	-0.232590	-0.443753	-0.486127	 0.499417	-0.103951	 0.497483
 0.431815	-0.167137	 0.499782	 0.497881	 0.471583	 1.150590	-0.232590	 0.029012	 0.013873	 0.499473	-0.103951	 0.498456
 0.619348	-0.214291	 0.499874	 0.498367	 0.485201	 1.208655	-0.232590	 0.264391	 0.262845	 0.499501	-0.103951	 0.498942
 0.711501	-0.237867	 0.999920	 0.498610	 0.492010	 1.235154	-0.232590	 0.382081	 0.386308	 0.499515	-0.103951	 0.499186
 0.755970	-0.249656	 1.246943	 0.498732	 0.495414	 1.245880	-0.232590	 0.440926	 0.447020	 0.499522	-0.103951	 0.499307
 0.776604	-0.255550	 1.367467	 0.498793	 0.497117	 1.248730	-0.232590	 0.470348	 0.476360	 0.499526	-0.103951	 0.499368
 0.785326	 0.241503	 1.424752	 0.498823	 0.497968	 1.247652	-0.232590	 0.485059	-0.009981	 0.499527	-0.103951	 0.499398
 0.788099	 0.488552	 1.450431	 0.498838	 0.498393	 1.244620	-0.232590	 0.492415	-0.253152	 0.499528	-0.103951	 0.499413
 0.787904	 0.110606	 0.960319	 0.998846	 0.498606	 1.240621	-0.232590	 0.496093	-0.374737	 0.499529	-0.103951	 0.499421
 0.786231	-0.078367	 0.715262	 1.245852	 0.498712	 1.236148	-0.232590	 0.497932	-0.435530	 0.499529	-0.103951	 0.499425
 0.783825	 0.327146	 0.592734	 0.866369	 0.498766	 1.231448	-0.232590	 0.498851	-0.465926	 0.499529	-0.103951	 0.499427
 0.781060	 0.528437	 0.531470	 0.676628	 0.498792	 1.226645	-0.232590	 0.499311	-0.481124	 0.499529	-0.103951	 0.499428
 0.778120	 0.127623	 1.000838	 1.081757	 0.498806	 1.221799	-0.232590	 0.499541	 0.011277	 0.499529	-0.103951	-0.000572
 0.775100	-0.072783	 1.232581	 1.281348	 0.498812	 1.216943	-0.232590	 0.499656	 0.256470	 0.499529	-0.103951	-0.249570
 0.772046	-0.172987	 1.345524	 1.378182	 0.498816	 1.212090	-0.232590	 0.499713	 0.378063	 0.499529	-0.103951	-0.374070
 0.768981	 0.276911	 0.899079	 1.423649	 0.498817	 1.207249	 0.267410	 0.499742	 0.438860	 0.499529	-0.103951	 0.063681
 0.765917	 0.500407	 0.675856	 1.443444	 0.498818	 1.202424	 0.515876	 0.499756	 0.469258	 0.499529	-0.103951	 0.281553
 0.762859	 0.610707	 1.064245	 1.450415	 0.498818	 0.697616	 0.138579	 0.499764	-0.015543	 0.499529	-0.103951	 0.390489
 0.759810	 0.664415	 1.255534	 1.450986	 0.498819	 0.445213	-0.050069	 0.499767	-0.256943	 0.499529	-0.103951	 0.444957
 0.756772	 0.689833	 1.348285	 0.948368	 0.498819	 0.819011	-0.144393	 0.499769	 0.122358	 0.499529	-0.103951	 0.472191
 0.753746	 0.701111	 1.391778	 0.697059	 0.498819	 1.003524	-0.191555	 0.499770	 0.311004	 0.499529	-0.103951	 0.485808
 1.250731	 0.705325	 1.410655	 0.571405	 0.498819	 0.593405	-0.215136	-0.000230	-0.094672	 0.499529	-0.103951	 0.492617
 1.495729	 0.706013	 1.417234	 0.508577	 0.498819	 0.388345	-0.226926	-0.249229	-0.296510	 0.499529	-0.103951	 0.496021
 1.614746	 0.704944	 1.417675	 0.477164	 0.498819	 0.285815	-0.232821	-0.373729	-0.397429	 0.499529	-0.103951	 0.497723
 1.170787	 0.203002	 1.415060	 0.461457	 0.498819	 0.234550	-0.235769	-0.435979	-0.447888	 0.499529	-0.103951	 0.498574
 0.947354	-0.047969	 1.410928	 0.453604	 0.498819	 0.208918	-0.237243	-0.467103	-0.473118	 0.499529	-0.103951	 0.499000
 0.334189	-0.173455	 0.906048	 0.449677	 0.498819	 0.196101	-0.237980	 0.017334	-0.485733	 0.499529	-0.103951	-0.000788
 0.027607	-0.236198	 0.653608	 0.447713	 0.498819	 0.189693	-0.238348	 0.258549	-0.492040	 0.499529	-0.103951	-0.249680
-0.125684	-0.267569	 0.527388	 0.446732	 0.498819	 0.186489	-0.238532	-0.120843	-0.495194	 0.499529	-0.103951	-0.374126
-0.202330	-0.283255	 0.464278	 0.446241	 0.498819	 0.184887	-0.238625	-0.309539	-0.496771	 0.499529	-0.103951	-0.436349
-0.240652	-0.291098	 0.432723	-0.054004	 0.498819	 0.184086	-0.238671	 0.096113	-0.497559	 0.499529	-0.103951	 0.032539
-0.259814	-0.295019	 0.416945	-0.303019	 0.498819	 0.183686	-0.238694	 0.297936	-0.497953	 0.499529	-0.103951	 0.265980
-0.269394	-0.296980	 0.409057	-0.426422	 0.498819	 0.183486	-0.238705	 0.398847	-0.498150	 0.499529	-0.103951	 0.382701
 0.225815	-0.297960	 0.405112	-0.487024	 0.498819	 0.683385	-0.238711	 0.449303	-0.498249	 0.499529	-0.103951	 0.441061
 0.471978	-0.298451	 0.403140	-0.516229	 0.498819	 0.930969	-0.238714	 0.474531	-0.498298	 0.499529	-0.103951	 0.470242
 0.093623	-0.298696	 0.402154	-0.029741	 0.498819	 0.552403	-0.238715	 0.487144	-0.498323	 0.499529	-0.103951	 0.484832
-0.095554	-0.298818	 0.401661	 0.213503	 0.498819	 0.363121	-0.238716	 0.493451	-0.498335	 0.499529	-0.103951	 0.492127
-0.190143	-0.298879	 0.401414	 0.335125	 0.498819	 0.268479	-0.238716	 0.496605	-0.498341	 0.499529	-0.103951	 0.495774
-0.237437	-0.298910	 0.401291	 0.395936	 0.498819	 0.221159	-0.238716	 0.498182	-0.498344	 0.499529	-0.103951	 0.497598
-0.261085	-0.298925	 0.401229	-0.073659	 0.498819	-0.302502	-0.238717	-0.001030	-0.498346	 0.499529	-0.103951	-0.001490
-0.272908	-0.298933	 0.401199	-0.307369	 0.498819	-0.562680	-0.238717	-0.249635	-0.498347	 0.499529	-0.103951	-0.250033
-0.278820	-0.298937	 0.401183	-0.423143	 0.498819	-0.691123	-0.238717	-0.373938	-0.498347	 0.499529	-0.103951	-0.374304
-0.281776	-0.298939	 0.401176	-0.479951	 0.498819	-0.253705	-0.238717	-0.436089	-0.498347	 0.499529	-0.103951	-0.436440
-0.283254	-0.298940	 0.401172	-0.507282	 0.498819	-0.034997	-0.238717	-0.467165	-0.498347	 0.499529	-0.103951	-0.467508
-0.283993	-0.298940	-0.098830	-0.019878	-0.001181	 0.074358	-0.238717	-0.482703	-0.498348	 0.499529	-0.103951	-0.483042
-0.284362	-0.298940	-0.347634	 0.223823	-0.250179	 0.129035	-0.238717	-0.490472	-0.498348	 0.499529	-0.103951	-0.490809
-0.284547	-0.298941	 0.029158	-0.154326	-0.374678	 0.156374	-0.238717	-0.494356	-0.498348	 0.499529	-0.103951	-0.494692
-0.284639	-0.298941	 0.217553	-0.342335	-0.436927	 0.170043	-0.238717	-0.496298	-0.498348	 0.499529	-0.103951	-0.496634
-0.284686	-0.298941	-0.188249	-0.435279	 0.031948	-0.323122	-0.238717	-0.497270	-0.498348	 0.499529	-0.103951	-0.497605
-0.284709	-0.298941	-0.389962	-0.480695	 0.265384	-0.568073	-0.238717	-0.497755	-0.498348	 0.499529	-0.103951	-0.498090
-0.284720	-0.298941	-0.489635	-0.502351	 0.382102	-0.688922	-0.238717	-0.497998	-0.498348	 0.499529	-0.103951	-0.498333
-0.284726	-0.298941	-0.538293	-0.512130	-0.059539	-0.247726	-0.238717	-0.498119	-0.498348	 0.499529	-0.103951	-0.498454
-0.284729	-0.298941	-0.561448	-0.515976	-0.279357	-0.027129	-0.238717	-0.498180	-0.498348	 0.499529	-0.103951	-0.498515
-0.284730	-0.298941	-0.571856	-0.516860	-0.389266	-0.416830	-0.238717	-0.498210	-0.498348	 0.499529	-0.103951	-0.498546
-0.284731	-0.298941	-0.575896	-0.516266	-0.444220	-0.610068	-0.238717	-0.498225	-0.498348	 0.499529	-0.103951	-0.498561
-0.784731	-0.298941	-0.576756	-0.514938	-0.471698	-0.705080	-0.738717	-0.498233	-0.498348	-0.000471	-0.103951	-0.498568
-1.032162	-0.298941	-0.576031	-0.513246	-0.485436	-0.750986	-0.986239	-0.498237	-0.498348	-0.249470	-0.103951	-0.498572
-0.653318	-0.298941	-0.574517	-0.511378	-0.492306	-0.272345	-0.607533	-0.498239	-0.498348	-0.373969	-0.103951	-0.498574
-0.463896	-0.298941	-0.572615	-0.509424	-0.495740	-0.033025	-0.418180	-0.498240	-0.498348	-0.436219	-0.103951	-0.498575
-0.369185	-0.298941	-0.570522	-0.507433	-0.497458	 0.086636	-0.323503	-0.498240	-0.498348	-0.467344	-0.103951	-0.498575
-0.321830	-0.298941	-0.568339	-0.505426	-0.498316	-0.353534	-0.276165	-0.498240	-0.498348	 0.017093	-0.103951	-0.498576
-0.298152	-0.298941	-0.566115	-0.503416	-0.498746	-0.572032	-0.252496	-0.498241	-0.498348	 0.258309	-0.103951	-0.498576
-0.286313	-0.298941	-0.563875	-0.501408	 0.001040	-0.679700	-0.240661	-0.498241	-0.498348	-0.121083	-0.103951	-0.498576
-0.280394	-0.298941	-0.561632	-0.500404	 0.249931	-0.731959	-0.234744	-0.498241	-0.498348	-0.309778	-0.103951	-0.498576
-0.277434	-0.298941	-0.559392	-0.499902	-0.125624	-0.756520	-0.731785	-0.498241	-0.498348	 0.095874	-0.103951	-0.498576
-0.275954	-0.298941	-0.557157	-0.499651	-0.312399	-0.767238	-0.977848	-0.498241	-0.498348	 0.297698	-0.103951	-0.498576
-0.775214	-0.298941	-0.554930	-0.499525	-0.405786	-0.271041	-0.598432	-0.498241	-0.498348	-0.101391	-0.103951	-0.498576
-1.022296	-0.298941	-0.552711	-0.499463	-0.452480	-0.022943	-0.408724	-0.498241	-0.498348	-0.299934	-0.103951	-0.498576
-1.143297	-0.298941	-0.550501	-0.499431	-0.475827	 0.101106	-0.313870	-0.498241	-0.498348	-0.399206	-0.103951	-0.498576
-0.701270	-0.298941	-0.548299	-0.499416	-0.487500	-0.336869	-0.266443	-0.498241	-0.498348	 0.051158	-0.103951	-0.498576
-0.480256	-0.298941	-0.546106	-0.499408	-0.493337	-0.554307	-0.242729	-0.498241	-0.498348	 0.275338	-0.103951	-0.498576
-0.869749	-0.298941	-0.543921	-0.499404	-0.496255	-0.161483	-0.230873	-0.498241	-0.498348	-0.112573	-0.103951	-0.498576
-1.061977	-0.298941	-0.541746	-0.499402	-0.497714	 0.034929	-0.224944	-0.498241	-0.498348	-0.305527	-0.103951	-0.498576
-1.155583	-0.298941	-0.539579	-0.499401	-0.498444	 0.133136	-0.221980	-0.498241	-0.498348	-0.402004	-0.103951	-0.498576
-1.199887	-0.298941	-0.537421	-0.499400	-0.498809	 0.182239	-0.220498	-0.498241	-0.498348	-0.450243	-0.103951	-0.498576
-0.719551	-0.298941	-0.535271	-0.499400	-0.498991	-0.293210	-0.219757	-0.498241	-0.498348	 0.025638	-0.103951	-0.498576
-0.479383	-0.298941	-0.533130	-0.499400	-0.499082	-0.529397	-0.219386	-0.498241	-0.498348	 0.262575	-0.103951	-0.498576
-0.359299	-0.298941	-0.530997	-0.499400	-0.499128	-0.645959	-0.219201	-0.498241	-0.498348	 0.381044	-0.103951	-0.498576
-0.299257	-0.298941	-0.528873	-0.499400	 0.000849	-0.702715	-0.219108	-0.498241	-0.498348	 0.440278	-0.103951	-0.498576
-0.269236	-0.298941	-0.526758	-0.499400	 0.249836	-0.729574	-0.219062	-0.498241	-0.498348	 0.469895	-0.103951	-0.498576
-0.254225	-0.298941	-0.524651	-0.499400	-0.125670	-0.741491	-0.219039	-0.498241	-0.498348	 0.484704	-0.103951	-0.498576
-0.246720	-0.298941	-0.522552	-0.499400	-0.312421	-0.745943	-0.219027	-0.498241	-0.498348	 0.492108	-0.103951	-0.498576
-0.242967	-0.298941	-0.520462	-0.499400	-0.405797	-0.746668	-0.219022	-0.498241	-0.498348	 0.495810	-0.103951	-0.498576
-0.241091	-0.298941	-0.518380	-0.499400	-0.452484	-0.745535	-0.219019	-0.498241	-0.498348	 0.497661	-0.103951	-0.498576
-0.240153	-0.298941	-0.016307	-0.499400	-0.475828	-0.743480	-0.219017	-0.498241	-0.498348	 0.498587	-0.103951	-0.498576
-0.239684	-0.298941	 0.234730	-0.499400	-0.487500	-0.740970	-0.219017	-0.498241	-0.498348	 0.499050	-0.103951	-0.498576
-0.239449	-0.298941	 0.360249	-0.499400	-0.493336	-0.738238	-0.219016	-0.498241	-0.498348	 0.499281	-0.103951	-0.498576
-0.739332	-0.298941	-0.076992	-0.499400	-0.496254	-0.735401	-0.219016	-0.498241	-0.498348	 0.499397	-0.103951	-0.498576
-0.986795	-0.298941	-0.294584	-0.499400	-0.497713	-0.732517	-0.219016	-0.498241	-0.498348	 0.499455	-0.103951	-0.498576
-1.108058	-0.298941	-0.402356	-0.499400	-0.498443	-0.729616	-0.219016	-0.498241	-0.498348	 0.499483	-0.103951	-0.498576
-1.166231	-0.298941	-0.455221	-0.499400	-0.498807	-0.726712	-0.219016	-0.498241	-0.498348	 0.499498	-0.103951	-0.498576
-1.192868	-0.298941	-0.480638	-0.499400	-0.498990	-0.723812	-0.219016	-0.498241	-0.498348	 0.499505	-0.103951	-0.498576
-1.203748	-0.298941	-0.492334	-0.499400	-0.499081	-0.720921	-0.219016	-0.498241	-0.498348	 0.499509	-0.103951	-0.498576
-1.206759	-0.298941	-0.497174	-0.499400	-0.499127	-0.218039	-0.219016	-0.498241	-0.498348	-0.000489	-0.103951	-0.498576
-1.205844	-0.298941	-0.498590	-0.499400	-0.499149	 0.033402	-0.219016	-0.498241	-0.498348	-0.249488	-0.103951	-0.498576
-1.202977	-0.298941	-0.498298	-0.499400	-0.499161	 0.159122	-0.219016	-0.498241	-0.498348	-0.373987	-0.103951	-0.498576
-0.699144	-0.298941	-0.498152	-0.499400	-0.499166	-0.278017	-0.219016	-0.498241	-0.498348	 0.063764	-0.103951	-0.498576
-0.447227	-0.298941	-0.498079	-0.499400	-0.499169	-0.495157	-0.219016	-0.498241	-0.498348	 0.281636	-0.103951	-0.498576
-0.321268	-0.298941	-0.498043	-0.499400	-0.499171	-0.602302	-0.219016	-0.498241	-0.498348	-0.109428	-0.103951	-0.498576
-0.258289	-0.298941	-0.498024	-0.499400	-0.499171	-0.654456	-0.219016	-0.498241	-0.498348	-0.303959	-0.103951	-0.498576
-0.226800	-0.298941	-0.498015	-0.499400	-0.499172	-0.679119	-0.219016	-0.498241	-0.498348	-0.401224	-0.103951	-0.498576
-0.211055	-0.298941	-0.498011	-0.499400	-0.499172	-0.690044	-0.219016	-0.498241	-0.498348	-0.449857	-0.103951	-0.498576
-0.703182	-0.298941	-0.498008	-0.499400	-0.499172	-0.694104	-0.719016	-0.498241	-0.498348	-0.474173	-0.103951	-0.498576
-0.946856	-0.298941	-0.498007	-0.499400	-0.499172	-0.694738	-0.966578	-0.498241	-0.498348	-0.486332	-0.103951	-0.498576
-1.066311	-0.298941	-0.498007	-0.499400	-0.499172	-0.693664	-1.087930	-0.498241	-0.498348	-0.492411	-0.103951	-0.498576
-0.623667	-0.298941	-0.498006	-0.499400	-0.499172	-0.191742	-0.646188	-0.498241	-0.498348	 0.004550	-0.103951	-0.498576
-0.402346	-0.298941	-0.498006	-0.499400	-0.499172	 0.059219	-0.425317	-0.498241	-0.498348	 0.252027	-0.103951	-0.498576
-0.291685	-0.298941	-0.498006	-0.499400	-0.499172	-0.315300	-0.314882	-0.498241	-0.498348	-0.124234	-0.103951	-0.498576
-0.236354	-0.298941	-0.498006	-0.499400	-0.499172	-0.501180	-0.259664	-0.498241	-0.498348	-0.311364	-0.103951	-0.498576
-0.708689	-0.298941	-0.498006	-0.499400	-0.499172	-0.592746	-0.732055	-0.498241	-0.498348	 0.095071	-0.103951	-0.498576
-0.942494	-0.298941	-0.498006	-0.499400	-0.499172	-0.637160	-0.965842	-0.498241	-0.498348	 0.297286	-0.103951	-0.498576
-0.557044	-0.298941	-0.498006	-0.499400	-0.499172	-0.158004	-0.580336	-0.498241	-0.498348	 0.398393	-0.103951	-0.498576
-0.364319	-0.298941	-0.498006	-0.499400	-0.499172	 0.081574	-0.387583	-0.498241	-0.498348	 0.448947	-0.103951	-0.498576
-0.267957	-0.298941	-0.498006	-0.499400	-0.499172	-0.298637	-0.291206	-0.498241	-0.498348	 0.474223	-0.103951	-0.498576
-0.219776	-0.298941	-0.498006	-0.499400	-0.499172	-0.487385	-0.243018	-0.498241	-0.498348	-0.013138	-0.103951	-0.498576
-0.195685	-0.298941	-0.498006	-0.499400	-0.499172	-0.580407	-0.218924	-0.498241	-0.498348	-0.255818	-0.103951	-0.498576
-0.183640	-0.298941	-0.498006	-0.499400	-0.499172	-0.625571	-0.206877	-0.498241	-0.498348	 0.122842	-0.103951	-0.498576
-0.177617	-0.298941	-0.498006	-0.499400	-0.499172	-0.646811	-0.200853	-0.498241	-0.498348	 0.311169	-0.103951	-0.498576
-0.174606	-0.298941	-0.498006	-0.499400	-0.499172	-0.656096	-0.197842	-0.498241	-0.498348	 0.405333	-0.103951	-0.498576
-0.173100	-0.298941	-0.498006	-0.499400	-0.499172	-0.659407	-0.196336	-0.498241	-0.498348	 0.452414	-0.103951	-0.498576
-0.172347	-0.298941	-0.498006	-0.499400	 0.000828	-0.159737	-0.195583	-0.498241	-0.498348	 0.475955	-0.103951	-0.498576
-0.171971	-0.298941	-0.498006	-0.499400	 0.249826	 0.090098	-0.195206	-0.498241	-0.498348	 0.487726	-0.103951	-0.498576
-0.171783	-0.298941	-0.498006	-0.499400	-0.125675	 0.215015	-0.195018	-0.498241	-0.498348	 0.493611	-0.103951	-0.498576
-0.171688	-0.298941	-0.498006	-0.499400	-0.312423	 0.277474	-0.194924	-0.498241	-0.498348	 0.496554	-0.103951	-0.498576
-0.171641	-0.298941	-0.498006	-0.499400	-0.405797	 0.308703	-0.194877	-0.498241	-0.498348	 0.498025	-0.103951	-0.498576
-0.171618	-0.298941	-0.498006	-0.499400	-0.452484	-0.175682	-0.194853	-0.498241	-0.498348	 0.498761	-0.103951	-0.498576
-0.171606	-0.298941	-0.498006	-0.499400	-0.475827	-0.416555	-0.194842	-0.498241	-0.498348	 0.499128	-0.103951	-0.498576
-0.171600	-0.298941	-0.498006	-0.499400	-0.487499	-0.035676	-0.194836	-0.498241	-0.498348	 0.499312	-0.103951	-0.498576
-0.171597	-0.298941	-0.498006	-0.499400	-0.493335	 0.154763	-0.194833	-0.498241	-0.498348	 0.499404	-0.103951	-0.498576
-0.171596	-0.298941	-0.498006	-0.499400	 0.003747	-0.250017	-0.194831	-0.498241	-0.498348	-0.000550	-0.103951	-0.498576
-0.171595	-0.298941	-0.498006	-0.499400	 0.251287	-0.451098	-0.194830	-0.498241	-0.498348	-0.249526	-0.103951	-0.498576
-0.171595	-0.298941	 0.001994	-0.499400	-0.124944	-0.050333	-0.194830	-0.498241	-0.498348	 0.125986	-0.103951	-0.498576
-0.171595	-0.298941	 0.250990	-0.499400	-0.312057	 0.150049	-0.194830	-0.498241	-0.498348	 0.312739	-0.103951	-0.498576
-0.171594	-0.298941	 0.375488	-0.499400	-0.405613	 0.250240	-0.194830	-0.498241	-0.498348	 0.406116	-0.103951	-0.498576
-0.171594	-0.298941	 0.437737	-0.499400	-0.452391	 0.300335	-0.194830	-0.498241	-0.498348	 0.452804	-0.103951	-0.498576
-0.171594	-0.298941	 0.468861	-0.499400	-0.475780	 0.325383	-0.194830	-0.498241	-0.498348	 0.476148	-0.103951	-0.498576
-0.171594	-0.298941	-0.015576	-0.499400	 0.012525	 0.337907	-0.194830	-0.498241	-0.498348	 0.487820	-0.103951	-0.498576
-0.171594	-0.298941	-0.256795	-0.499400	 0.255676	 0.344169	-0.194830	-0.498241	-0.498348	 0.493656	-0.103951	-0.498576
-0.171594	-0.298941	 0.122595	-0.499400	-0.122748	-0.152700	-0.194830	-0.498241	-0.498348	 0.496574	-0.103951	-0.498576
-0.171594	-0.298941	 0.311287	-0.499400	-0.310958	-0.399836	-0.194830	-0.498241	-0.498348	 0.498033	-0.103951	-0.498576
-0.171594	-0.298941	 0.405632	-0.499400	 0.094937	-0.022110	-0.194830	-0.498241	-0.498348	 0.498763	-0.103951	-0.498576
-0.171594	-0.298941	 0.452805	-0.499400	 0.296883	 0.166754	-0.194830	-0.498241	-0.498348	 0.499127	-0.103951	-0.498576
-0.171594	-0.298941	 0.476392	-0.499400	 0.397856	 0.261185	-0.194830	-0.498241	-0.498348	 0.499310	-0.103951	-0.498576
-0.171594	-0.298941	-0.011815	-0.499400	 0.448342	 0.308401	-0.194830	-0.498241	-0.498348	 0.499401	-0.103951	-0.498576
-0.171594	-0.298941	-0.254919	-0.499400	 0.473585	 0.332009	-0.194830	-0.498241	-0.498348	 0.499447	-0.103951	-0.498576
-0.171594	-0.298941	-0.376470	-0.499400	 0.486207	-0.156187	-0.194830	-0.498241	-0.498348	-0.000531	-0.103951	-0.498576
-0.171594	-0.298941	-0.437246	-0.499400	 0.492518	-0.398996	-0.194830	-0.498241	-0.498348	-0.249518	-0.103951	-0.498576
-0.171594	-0.298941	-0.467634	-0.499400	-0.504327	-0.019117	-0.194830	-0.498241	-0.498348	 0.125988	-0.103951	-0.498576
-0.171594	-0.298941	-0.482828	-0.499400	-0.999747	 0.170822	-0.194830	-0.498241	-0.498348	 0.312738	-0.103951	-0.498576
-0.671594	-0.298941	 0.009575	-0.499400	-0.744466	-0.234208	-0.194830	-0.498241	-0.498348	 0.406113	-0.103951	-0.498576
-0.919251	-0.298941	 0.254773	-0.499400	-0.616826	-0.435445	-0.194830	-0.498241	-0.498348	 0.452801	-0.103951	-0.498576
-1.040746	-0.298941	 0.377371	-0.499400	-0.553006	-0.534790	-0.194830	-0.498241	-0.498348	 0.476144	-0.103951	-0.498576
-0.599169	-0.298941	-0.061329	-0.499400	-0.521096	-0.083194	-0.194830	-0.498241	-0.498348	 0.487816	-0.103951	-0.498576
-0.378380	-0.298941	-0.279679	-0.499400	-0.505141	 0.142604	-0.194830	-0.498241	-0.498348	 0.493652	-0.103951	-0.498576
-0.267986	-0.298941	-0.388855	-0.499400	 0.002836	 0.255503	-0.194830	-0.498241	-0.498348	 0.496570	-0.103951	-0.498576
-0.212789	-0.298941	-0.443442	-0.499400	 0.255804	 0.311952	-0.194830	-0.498241	-0.498348	 0.498029	-0.103951	-0.498576
-0.185190	-0.298941	 0.029264	-0.499400	 0.381270	 0.340177	-0.194830	-0.498241	-0.498348	 0.498759	-0.103951	-0.498576
-0.171391	-0.298941	 0.264613	-0.499400	 0.442989	 0.354289	-0.194830	-0.498241	-0.498348	 0.499124	-0.103951	-0.498576
-0.164491	-0.298941	 0.382288	-0.499400	 0.472840	 0.361346	-0.194830	-0.498241	-0.498348	 0.499306	-0.103951	-0.498576
-0.161041	-0.298941	 0.441125	-0.499400	 0.486759	 0.364874	-0.194830	-0.498241	-0.498348	 0.499397	-0.103951	-0.498576
-0.159316	-0.298941	 0.470544	-0.499400	 0.492718	 0.366638	-0.194830	-0.498241	-0.498348	 0.499443	-0.103951	-0.498576
-0.158454	-0.298941	-0.014747	-0.499400	 0.495697	 0.367520	-0.194830	-0.498241	-0.498348	 0.499465	-0.103951	-0.498576
-0.158023	-0.298941	-0.256392	-0.499400	 0.497187	 0.367961	-0.194830	-0.498241	-0.498348	 0.499477	-0.103951	-0.498576
-0.157807	-0.298941	-0.377215	-0.499400	 0.497932	 0.368181	-0.194830	-0.498241	-0.498348	 0.499483	-0.103951	-0.498576
-0.157699	-0.298941	-0.437626	-0.499400	 0.498304	 0.368291	-0.194830	-0.498241	-0.498348	 0.499485	-0.103951	-0.498576
-0.157645	-0.298941	-0.467832	-0.499400	-0.001510	 0.368347	-0.194830	-0.498241	-0.498348	 0.499487	-0.103951	-0.498576
-0.157618	-0.298941	-0.482935	-0.499400	-0.250414	 0.368374	-0.194830	-0.498241	-0.498348	 0.499488	-0.103951	-0.498576
-0.157605	-0.298941	-0.490486	-0.499400	 0.125134	 0.368388	-0.194830	-0.498241	-0.498348	 0.499488	-0.103951	-0.498576
-0.157598	-0.298941	-0.494262	-0.499400	 0.311906	 0.368395	-0.194830	-0.498241	-0.498348	 0.499488	-0.103951	-0.498576
-0.157595	-0.298941	-0.496150	-0.499400	 0.405293	 0.368398	-0.194830	-0.498241	-0.498348	 0.499488	-0.103951	-0.498576
-0.157593	-0.298941	 0.002907	-0.499400	 0.451986	 0.368400	-0.194830	-0.498241	-0.498348	 0.499488	-0.103951	-0.498576
-0.157592	-0.298941	 0.251431	-0.499400	 0.475332	 0.368401	-0.194830	-0.498241	-0.498348	 0.499488	-0.103951	-0.498576
-0.157592	-0.298941	-0.124307	 0.000600	 0.487006	 0.368401	-0.194830	-0.498241	-0.498348	 0.499488	-0.103951	-0.498576
-0.157592	-0.298941	-0.311176	 0.249599	 0.492842	 0.368402	-0.194830	-0.498241	-0.498348	 0.499488	-0.103951	-0.498576
-0.157591	-0.298941	 0.095389	-0.125902	 0.495761	 0.368402	-0.194830	 0.001759	-0.498348	 0.499488	-0.103951	-0.498576
-0.157591	-0.298941	 0.297668	-0.312649	 0.497220	 0.368402	-0.194830	 0.250756	-0.498348	 0.499488	-0.103951	-0.498576
-0.157591	-0.298941	 0.398808	-0.406023	 0.497949	 0.368402	-0.194830	-0.124746	-0.498348	 0.499488	-0.103951	-0.498576
-0.157591	-0.298941	 0.449377	-0.452710	 0.498314	 0.368402	-0.194830	-0.311496	-0.498348	 0.499488	-0.103951	-0.498576
-0.157591	-0.298941	 0.474662	-0.476053	 0.498497	 0.368402	-0.194830	-0.404871	-0.498348	 0.499488	-0.103951	-0.498576
-0.157591	-0.298941	 0.487305	 0.012275	 0.498588	 0.368402	-0.194830	 0.048441	-0.498348	 0.499488	-0.103951	-0.498576
-0.157591	-0.298941	 0.493626	 0.255438	 0.498633	 0.368402	-0.194830	 0.274094	-0.498348	 0.499488	-0.103951	-0.498576
-0.157591	-0.298941	 0.496787	 0.377019	 0.498656	-0.131598	-0.194830	 0.386920	-0.498348	 0.499488	-0.103951	 0.001424
-0.157591	-0.298941	 0.498367	 0.437810	 0.498668	-0.380335	-0.194830	 0.443333	-0.498348	 0.499488	-0.103951	 0.250421
-0.157591	-0.298941	 0.499157	-0.031794	 0.498673	-0.003445	-0.194830	-0.028460	-0.498348	 0.499488	-0.103951	 0.374920
-0.157591	-0.298941	 0.499552	-0.265594	 0.498676	 0.185000	-0.194830	-0.263356	-0.498348	 0.499488	-0.103951	 0.437169
-0.157591	-0.298941	 0.499750	 0.117506	 0.498678	 0.279222	-0.194830	 0.119195	-0.498348	 0.499488	-0.103951	-0.031706
-0.157591	-0.298941	 0.499848	 0.308055	 0.498678	 0.326333	-0.194830	 0.309468	-0.498348	 0.499488	-0.103951	-0.265143
-0.157591	-0.298941	 0.499898	 0.403330	 0.498679	 0.349889	-0.194830	 0.404604	-0.498348	 0.499488	-0.103951	-0.381861
-0.157591	-0.298941	 0.499922	 0.450967	 0.498679	 0.361667	-0.194830	 0.452172	-0.498348	 0.499488	-0.103951	 0.059780
-0.157591	-0.298941	 0.499935	 0.474786	 0.498679	 0.367555	-0.194830	 0.475956	-0.498348	 0.499488	-0.103951	 0.279597
 0.342409	-0.298941	 0.499941	-0.013305	 0.498679	 0.370500	-0.194830	 0.487848	-0.498348	 0.499488	-0.103951	-0.110494
 0.590724	-0.298941	 0.499944	-0.256348	 0.498679	 0.371972	-0.194830	 0.493794	-0.498348	 0.499488	-0.103951	-0.304538
 0.213203	-0.298941	 0.499946	-0.377869	 0.498679	 0.372708	-0.194830	-0.003233	-0.498348	 0.499488	-0.103951	-0.401560
 0.024443	-0.298941	 0.499946	-0.438630	 0.498679	 0.373076	-0.194830	-0.250746	-0.498348	 0.499488	-0.103951	-0.450071
-0.069937	-0.298941	 0.499947	-0.469010	-0.001321	 0.373260	-0.194830	 0.125498	-0.498348	 0.499488	-0.103951	-0.474327
-0.117127	-0.298941	 0.499947	-0.484200	-0.250318	 0.373352	-0.194830	 0.312616	-0.498348	 0.499488	-0.103951	-0.486455
-0.140722	-0.298941	 0.499947	-0.491795	-0.374817	 0.373398	-0.194830	 0.406175	-0.498348	 0.499488	-0.103951	-0.492519
-0.152520	-0.298941	-0.000053	-0.495593	 0.062934	 0.373421	-0.194830	-0.047045	-0.498348	 0.499488	-0.103951	-0.495551
-0.158418	-0.298941	-0.249053	-0.497492	 0.280808	 0.373433	-0.194830	-0.272655	-0.498348	 0.499488	-0.103951	-0.497067
-0.161368	-0.298941	 0.126447	-0.498441	 0.389745	-0.126561	-0.194830	-0.385460	-0.498348	 0.499488	-0.103951	-0.497825
-0.162842	-0.298941	 0.313193	-0.498916	 0.444213	-0.375305	-0.194830	-0.441862	-0.498348	 0.499488	-0.103951	-0.498204
-0.163580	-0.298941	-0.093434	-0.499153	-0.028553	-0.498429	-0.194830	-0.470063	-0.498348	 0.499488	-0.103951	-0.498393
-0.163948	-0.298941	-0.295747	-0.499272	-0.263933	-0.558748	-0.194830	-0.484164	-0.498348	 0.499488	-0.103951	-0.498488
-0.164133	-0.298941	-0.396904	-0.499331	 0.118377	-0.087669	-0.194830	-0.491214	-0.498348	-0.000512	-0.103951	-0.498535
-0.164225	-0.298941	-0.447482	-0.499361	 0.308530	 0.147870	-0.194830	-0.494739	-0.498348	-0.249511	-0.103951	-0.498559
-0.164271	-0.298941	-0.472771	-0.499375	 0.403607	 0.265640	-0.194830	-0.496502	-0.498348	-0.374010	-0.103951	-0.498571
-0.164294	-0.298941	 0.014584	-0.499383	-0.048854	 0.324524	-0.194830	-0.497383	-0.498348	-0.436260	-0.103951	-0.498577
-0.164306	-0.298941	 0.257258	-0.499387	-0.274083	 0.353967	-0.194830	-0.497824	-0.498348	-0.467385	-0.103951	-0.498580
-0.164311	-0.298941	-0.121405	-0.499388	-0.386697	 0.368688	-0.194830	-0.498044	-0.498348	 0.017053	-0.103951	-0.498581
-0.164314	-0.298941	-0.309736	-0.499389	-0.443004	 0.376049	-0.194830	-0.498154	-0.498348	 0.258269	-0.103951	-0.498582
-0.664316	-0.298941	-0.403902	-0.499390	-0.471157	 0.379729	-0.194830	-0.498209	-0.498348	 0.378876	-0.103951	-0.498582
-0.911988	-0.298941	-0.450985	-0.499390	-0.485234	 0.381569	-0.194830	-0.498237	-0.498348	 0.439180	-0.103951	-0.498582
-0.533505	-0.298941	-0.474526	-0.499390	 0.007728	-0.117511	-0.194830	-0.498251	-0.498348	 0.469332	-0.103951	-0.498582
-0.344263	-0.298941	-0.486297	-0.499390	 0.253207	-0.365818	-0.194830	-0.498258	-0.498348	 0.484408	-0.103951	-0.498583
-0.249642	-0.298941	-0.492182	-0.499390	 0.375947	-0.488743	-0.194830	-0.498261	-0.498348	 0.491946	-0.103951	-0.498583
-0.202332	-0.298941	-0.495125	-0.499390	-0.062683	-0.548982	-0.194830	-0.498263	-0.498348	 0.495715	-0.103951	-0.498583
-0.178676	-0.298941	-0.496596	-0.499390	-0.280996	-0.577883	-0.194830	-0.498264	-0.498348	 0.497600	-0.103951	-0.498583
-0.166849	-0.298941	-0.497332	-0.499390	-0.390152	-0.091120	-0.194830	-0.498264	-0.498348	 0.498542	-0.103951	-0.498583
-0.160935	-0.298941	-0.497700	-0.499390	-0.444730	 0.152261	-0.194830	-0.498264	-0.498348	 0.499013	-0.103951	-0.498583
-0.157978	-0.298941	 0.002116	-0.499390	-0.472019	-0.226048	-0.194830	-0.498264	-0.498348	-0.000751	-0.103951	-0.498583
-0.156500	-0.298941	 0.251020	-0.499390	-0.485664	-0.413994	-0.194830	-0.498264	-0.498348	-0.249632	-0.103951	-0.498583
-0.155760	-0.298941	-0.124528	-0.499390	 0.007514	-0.506763	-0.194830	-0.498265	-0.498348	 0.125927	-0.103951	-0.498583
-0.155391	-0.298941	-0.311301	-0.499390	 0.253102	-0.551948	-0.194830	-0.498265	-0.498348	 0.312704	-0.103951	-0.498583
-0.155206	-0.298941	-0.404688	-0.499390	-0.124105	-0.073347	-0.194830	-0.498265	-0.498348	 0.406092	-0.103951	-0.498583
-0.155114	-0.298941	-0.451382	-0.499390	-0.311705	 0.165954	-0.194830	-0.498265	-0.498348	 0.452786	-0.103951	-0.498583
-0.155067	-0.298941	-0.474728	-0.499390	-0.405505	 0.285604	-0.194830	-0.498265	-0.498348	 0.476133	-0.103951	-0.498583
-0.155044	-0.298941	-0.486402	-0.499390	-0.452406	-0.154570	-0.194830	-0.498265	-0.498348	 0.487807	-0.103951	-0.498583
-0.155033	-0.298941	-0.492238	-0.499390	-0.475856	-0.373468	-0.194830	-0.498265	-0.498348	 0.493644	-0.103951	-0.498583
-0.155027	-0.298941	-0.495157	-0.499390	-0.487581	 0.018267	-0.194830	-0.498265	-0.498348	 0.496562	-0.103951	-0.498583
-0.155024	-0.298941	-0.496616	-0.499390	-0.493443	 0.214135	-0.194830	-0.498265	-0.498348	 0.498021	-0.103951	-0.498583
-0.655023	-0.298941	-0.497346	-0.499390	-0.496374	-0.187931	-0.194830	-0.498265	-0.498348	 0.498751	-0.103951	-0.498583
-0.902712	-0.298941	-0.497710	-0.499390	-0.497840	-0.387784	-0.194830	-0.498265	-0.498348	 0.499116	-0.103951	-0.498583
-1.024256	-0.298941	-0.497893	-0.499390	-0.498573	-0.486535	-0.194830	-0.498265	-0.498348	 0.499298	-0.103951	-0.498583
-1.082736	-0.298941	-0.497984	-0.499390	-0.498939	-0.534740	-0.194830	-0.498265	-0.498348	 0.499389	-0.103951	-0.498583
-1.109694	-0.298941	-0.498030	-0.499390	-0.499123	-0.557677	-0.194830	-0.498265	-0.498348	 0.499435	-0.103951	-0.498583
-0.620899	-0.298941	-0.498052	-0.499390	-0.499214	-0.567984	-0.194830	-0.498265	-0.498348	 0.499458	-0.103951	-0.498583
-0.376502	-0.298941	-0.498064	-0.499390	-0.499260	-0.571981	-0.194830	-0.498265	-0.498348	 0.499469	-0.103951	-0.498583
-0.754304	-0.298941	-0.498069	-0.499390	-0.499283	-0.572827	-0.194830	-0.498265	-0.498348	-0.000525	-0.103951	-0.498583
-0.940940	-0.298941	-0.498072	-0.499390	-0.499294	-0.572103	-0.194830	-0.498265	-0.498348	-0.249521	-0.103951	-0.498583
-0.532003	-0.298941	-0.498074	-0.499390	-0.499300	-0.570598	-0.194830	-0.498265	-0.498348	-0.374019	-0.103951	-0.498583
-0.327535	-0.298941	-0.498074	-0.499390	-0.499303	-0.568708	-0.194830	-0.498265	-0.498348	-0.436268	-0.103951	-0.498583
-0.225300	-0.298941	-0.498075	-0.499390	-0.499304	-0.566629	-0.194830	-0.498265	-0.498348	 0.032607	-0.103951	-0.498583
-0.174183	-0.298941	-0.498075	-0.499390	-0.499305	-0.564460	-0.194830	-0.498265	-0.498348	 0.266042	-0.103951	-0.498583
-0.148625	-0.298941	-0.498075	-0.499390	-0.499305	-0.562252	-0.194830	-0.498265	-0.498348	 0.382759	-0.103951	-0.498583
-0.135845	-0.298941	-0.498075	-0.499390	-0.499306	-0.560027	-0.194830	-0.498265	-0.498348	 0.441118	-0.103951	-0.498583
-0.129456	-0.298941	-0.498075	-0.499390	-0.499306	-0.557799	-0.194830	-0.498265	-0.498348	 0.470297	-0.103951	-0.498583
-0.126261	-0.298941	-0.498075	-0.499390	-0.499306	-0.555574	-0.194830	-0.498265	-0.498348	 0.484887	-0.103951	-0.498583
-0.124664	-0.298941	-0.498075	-0.499390	-0.499306	-0.553355	-0.194830	-0.498265	-0.498348	 0.492182	-0.103951	-0.498583
-0.123865	-0.298941	-0.498075	-0.499390	-0.499306	-0.051143	-0.194830	-0.498265	-0.498348	 0.495829	-0.103951	-0.498583
-0.123466	-0.298941	-0.498075	-0.499390	-0.499306	 0.199963	-0.194830	-0.498265	-0.498348	 0.497653	-0.103951	-0.498583
-0.123266	-0.298941	-0.498075	-0.499390	-0.499306	-0.174484	-0.694830	-0.498265	-0.498348	-0.001435	-0.103951	-0.498583
-0.123166	-0.298941	-0.498075	-0.499390	-0.499306	-0.360610	-0.942440	-0.498265	-0.498348	-0.249978	-0.103951	-0.498583
-0.123116	-0.298941	-0.498075	-0.499390	-0.499306	-0.452579	-1.063865	-0.498265	-0.498348	-0.374250	-0.103951	-0.498583
-0.123091	-0.298941	-0.498075	-0.499390	-0.499306	-0.497475	-1.122207	-0.498265	-0.498348	 0.063614	-0.103951	-0.498583
-0.123079	-0.298941	-0.498075	-0.499390	-0.499306	-0.518838	-1.149017	-0.498265	-0.498348	 0.281544	-0.103951	-0.498583
-0.123072	-0.298941	-0.498075	-0.499390	-0.999306	-0.528439	-0.660070	-0.498265	-0.498348	-0.109492	-0.103951	-0.498583
-0.123069	-0.298941	-0.498075	-0.499390	-1.246307	-0.532163	-0.415597	-0.498265	-0.498348	-0.304008	-0.103951	-0.498583
-0.123068	-0.298941	-0.498075	-0.499390	-0.866821	-0.532954	-0.293360	-0.498265	-0.498348	 0.098733	-0.103951	-0.498583
-0.123067	-0.298941	-0.498075	-0.499390	-0.677078	-0.532281	-0.232242	-0.498265	-0.498348	 0.299101	-0.103951	-0.498583
-0.623067	-0.298941	-0.498075	-0.499390	-0.582207	-0.530882	-0.201683	-0.498265	-0.498348	-0.100715	-0.103951	-0.498583
-0.870820	-0.298941	-0.498075	-0.499390	-0.534771	-0.529123	-0.186403	-0.498265	-0.498348	-0.299622	-0.103951	-0.498583
-0.992460	-0.298941	-0.498075	-0.499390	-0.511053	-0.527189	-0.178763	-0.498265	-0.498348	-0.399075	-0.103951	-0.498583
-1.051052	-0.298941	-0.498075	-0.499390	-0.499194	-0.525172	-0.174943	-0.498265	-0.498348	 0.051198	-0.103951	-0.498583
-1.078128	-0.298941	-0.498075	-0.499390	-0.493265	-0.523117	-0.173034	-0.498265	-0.498348	 0.275332	-0.103951	-0.498583
-1.089456	-0.298941	-0.498075	-0.499390	-0.490300	-0.521047	-0.172079	-0.498265	-0.498348	-0.112602	-0.103951	-0.498583
-1.092918	-0.298941	-0.498075	-0.499390	-0.488818	-0.518974	-0.171601	-0.498265	-0.498348	-0.305567	-0.103951	-0.498583
-0.592457	-0.298941	-0.498075	-0.499390	-0.488076	-0.516904	-0.171362	-0.498265	-0.498348	-0.402050	-0.103951	-0.498583
-0.342226	-0.298941	-0.498075	-0.499390	-0.487706	-0.514839	-0.171243	-0.498265	-0.498348	-0.450291	-0.103951	-0.498583
-0.217111	-0.298941	-0.498075	-0.499390	-0.487521	-0.512781	-0.171183	-0.498265	-0.498348	-0.474412	-0.103951	-0.498583
-0.154553	-0.298941	-0.498075	-0.499390	-0.487428	-0.510731	-0.171153	-0.498265	-0.498348	-0.486472	-0.103951	-0.498583
-0.123274	-0.298941	-0.498075	-0.499390	-0.487382	-0.508688	-0.171138	-0.498265	-0.498348	-0.492502	-0.103951	-0.498583
-0.607635	-0.298941	-0.498075	-0.999390	-0.487358	-0.506654	-0.171131	-0.498265	-0.498348	 0.004482	-0.103951	-0.498583
-0.847631	-0.298941	-0.498075	-1.246392	-0.487347	-0.504627	-0.171127	-0.498265	-0.498348	 0.251972	-0.103951	-0.498583
-0.465454	-0.298941	-0.498075	-0.866905	-0.487341	-0.502609	-0.171125	-0.498265	-0.498348	-0.124283	-0.103951	-0.498583
-0.274365	-0.298941	-0.498075	-0.677162	-0.487338	-0.500599	-0.171124	-0.498265	-0.498348	-0.311410	-0.103951	-0.498583
-0.678821	-0.298941	-0.498075	-0.582291	-0.487337	-0.499593	-0.171124	-0.498265	-0.498348	-0.404973	-0.103951	-0.498583
-0.878882	-0.298941	-0.498075	-0.534855	-0.487336	-0.499091	-0.171124	-0.498265	-0.498348	-0.451755	-0.103951	-0.498583
-0.476755	-0.298941	-0.498075	-0.511137	-0.487336	-0.498839	-0.171124	-0.498265	-0.498348	 0.024854	-0.103951	-0.498583
-0.275691	-0.298941	-0.498075	-0.499278	-0.487335	-0.498714	-0.171124	-0.498265	-0.498348	 0.262156	-0.103951	-0.498583
-0.175160	-0.298941	-0.498075	-0.493349	-0.487335	-0.498651	-0.171124	-0.498265	-0.498348	 0.380807	-0.103951	-0.498583
-0.624894	-0.298941	-0.498075	-0.990384	-0.487335	-0.498620	-0.171124	-0.498265	-0.498348	-0.059868	-0.103951	-0.498583
-0.847611	-0.298941	-0.498075	-1.235927	-0.487335	-0.498604	-0.171124	-0.498265	-0.498348	-0.279204	-0.103951	-0.498583
-0.956830	-0.298941	-0.498075	-0.855735	-0.487335	-0.498596	-0.171124	-0.498265	-0.498348	-0.388872	-0.103951	-0.498583
-1.009307	-0.298941	-0.498075	-0.665639	-0.487335	-0.498592	-0.171124	-0.498265	-0.498348	-0.443706	-0.103951	-0.498583
-0.533422	-0.298941	-0.498075	-0.570591	-0.487335	-0.498590	-0.171124	-0.498265	-0.498348	 0.028877	-0.103951	-0.498583
-0.295479	-0.298941	-0.498075	-0.523068	-0.487335	-0.498589	-0.171124	-0.498265	-0.498348	 0.264166	-0.103951	-0.498583
-0.176508	-0.298941	-0.498075	-0.499306	-0.487335	 0.001411	-0.171124	-0.498265	-0.498348	 0.381810	-0.103951	-0.498583
-0.117022	-0.298941	-0.498075	-0.487425	-0.487335	 0.250409	-0.171124	-0.498265	-0.498348	 0.440632	-0.103951	-0.498583
-0.087279	-0.298941	-0.498075	-0.481484	-0.487335	 0.374908	-0.171124	-0.498265	-0.498348	 0.470043	-0.103951	-0.498583
-0.072408	-0.298941	-0.498075	-0.478514	-0.487335	-0.062843	-0.171124	-0.498265	-0.498348	 0.484749	-0.103951	-0.498583
-0.064972	-0.298941	-0.498075	-0.477029	-0.487335	-0.280717	-0.171124	-0.498265	-0.498348	 0.492101	-0.103951	-0.498583
-0.061254	-0.298941	-0.498075	-0.476286	-0.487335	 0.110346	-0.171124	-0.498265	-0.498348	-0.004222	-0.103951	-0.498583
-0.059396	-0.298941	-0.498075	-0.475915	-0.487335	 0.304874	-0.171124	-0.498265	-0.498348	-0.251383	-0.103951	-0.498583
-0.058466	-0.298941	-0.498075	-0.475729	-0.487335	-0.097861	-0.171124	-0.498265	-0.498348	-0.374963	-0.103951	-0.498583
