-1.322953	-3.780728	-0.499007	-0.486174	-2.794710	-0.498377	-1.815595	 0.498905	 0.498000	-4.295169	-0.933305	 0.552153
-0.942661	-3.765605	-0.499007	-0.486174	-3.158745	-0.498377	-1.796393	-0.000851	 0.498000	-4.277988	-0.444460	 0.549944
-0.751390	-3.750543	-0.499007	-0.486174	-3.333716	-0.498377	-1.783238	-0.249729	 0.498000	-4.260876	-0.200038	 0.547744
-1.154634	-3.735541	-0.499007	-0.486174	-3.414185	-0.498377	-2.273120	-0.374167	 0.498000	-4.243833	-0.077827	 0.545553
-1.353141	-3.720598	-0.499007	-0.486174	-3.447430	-0.498377	-2.512535	-0.436386	 0.498000	-4.226857	-0.016722	 0.543371
-0.949291	-3.705716	-0.499007	-0.486174	-2.957091	-0.498377	-2.126738	 0.032504	 0.498000	-3.709950	 0.013831	 0.541198
-0.746275	-3.690893	-0.499007	-0.486174	-2.706988	-0.498377	-1.930358	 0.265946	 0.498000	-3.445110	 0.029107	 0.539033
-0.643680	-3.676130	-0.499007	-0.486174	-2.577023	-0.498377	-1.828700	 0.382667	 0.498000	-3.306330	 0.036745	 0.536877
-0.591301	-3.661425	-0.499007	-0.486174	-3.007146	-0.498377	-2.274417	-0.058972	 0.498000	-3.730604	-0.459435	 0.534729
-0.564033	-3.646779	-0.499007	-0.486174	-3.215333	-0.498377	-2.491835	-0.278790	 0.498000	-3.934432	-0.705615	 0.532590
-0.549326	-3.632192	-0.499007	-0.986174	-2.812580	-0.498377	-2.095126	-0.388700	 0.498000	-3.528069	-0.326801	 0.530460
-0.540903	-3.617663	-0.499007	-1.233202	-2.606383	-0.498377	-1.893375	-0.443654	 0.498000	-3.318644	-0.137394	 0.528338
-0.535627	-3.603193	-0.499007	-0.853755	-2.998485	-0.498377	-2.289116	-0.471132	 0.498000	-3.707713	-0.542690	 0.526225
-0.531928	-3.588780	-0.499007	-0.664032	-3.187754	-0.498377	-2.481616	-0.484870	 0.498000	-3.894054	-0.743443	 0.524120
-1.029022	-3.574425	-0.499007	-0.569170	-3.275635	-0.498377	-2.072518	-0.491740	 0.498000	-3.979064	-0.341930	 0.522023
-1.274517	-3.560127	-0.499007	-0.521739	-3.312848	-0.498377	-1.864643	-0.495174	 0.498000	-4.013441	-0.141174	 0.519935
-0.894224	-3.545887	-0.499007	-0.498024	-2.824755	-0.498377	-1.757391	-0.496892	 0.498000	-4.022534	-0.040796	 0.517855
-0.703050	-3.531703	-0.499007	-0.486166	-2.576035	-0.498377	-1.700465	-0.497750	 0.498000	-4.019017	 0.009393	 0.515784
-0.606439	-3.517576	-0.499007	-0.480237	-2.447020	-0.498377	-1.668715	-0.498180	 0.498000	-4.009227	 0.034487	 0.513721
-0.557114	-3.503506	-0.499007	-0.477273	-2.877877	-0.498377	-1.649566	 0.001606	 0.498000	-3.996334	-0.452965	 0.511666
-0.531436	-3.489492	-0.499007	-0.475791	-3.086688	-0.498377	-1.636731	 0.250496	 0.498000	-3.981920	-0.694811	 0.509619
-0.517585	-3.475534	-0.499007	-0.475050	-2.684502	-0.498377	-1.627065	-0.125059	 0.498000	-3.966778	-0.313860	 0.507581
-0.509653	-3.461632	-0.499007	-0.474679	-2.478845	-0.498377	-1.618998	-0.311836	 0.498000	-3.951304	-0.123385	 0.505550
-0.504683	-3.447785	-0.499007	-0.474494	-2.371470	-0.498377	-2.111742	 0.094776	 0.498000	-3.935695	-0.028147	 0.503528
-0.502198	-3.433994	-0.499007	-0.474401	-2.313254	-0.498377	-2.352906	 0.297079	 0.498000	-3.920051	 0.019471	 0.501514
-0.500955	-3.420258	-0.499007	-0.474355	-2.779636	-0.498377	-1.968299	-0.101769	 0.498000	-3.904420	-0.456719	 0.500507
-0.500334	-3.406577	-0.499007	-0.474332	-3.006335	-0.498377	-1.772828	-0.300192	 0.498000	-3.888826	-0.692949	 0.500004
-0.500024	-3.392951	-0.499007	-0.474320	-3.113218	-0.498377	-1.671938	-0.399404	 0.498000	-3.873283	-0.809205	 0.499752
-0.499868	-3.379379	 0.000993	-0.474314	-2.660220	-0.498377	-2.118351	 0.050991	 0.498000	-3.357796	-0.365482	 0.499626
-0.499791	-3.365862	 0.249991	-0.474311	-2.429306	-0.498377	-2.336428	 0.275185	 0.498000	-3.094368	-0.143621	 0.499563
-0.499752	-3.352398	 0.374490	-0.474310	-2.309453	-0.498377	-2.440358	-0.112718	 0.498000	-2.956992	-0.032690	 0.499532
-0.499732	-3.338989	 0.436740	-0.474309	-2.245147	-0.498377	-2.487234	-0.305668	 0.498000	-2.882665	 0.022775	 0.499516
-0.499723	-3.325633	-0.032136	-0.474309	-2.208632	-0.498377	-2.005604	 0.097857	 0.498000	-2.839885	 0.050508	 0.499508
-0.499718	-3.312330	-0.265571	-0.474309	-2.186030	-0.498377	-1.761741	 0.298617	 0.498000	-2.812901	 0.064374	 0.499504
-0.499715	-2.799081	-0.382289	-0.474309	-2.170403	-0.498377	-1.636773	 0.398996	 0.498000	-2.793837	-0.428693	 0.499502
-0.499714	-2.537884	-0.440648	-0.474309	-2.158279	-0.498377	-1.571266	 0.449186	 0.498000	-2.778755	-0.673383	 0.499501
-0.499714	-2.402733	-0.469827	-0.474309	-2.147925	-0.498377	-1.535501	 0.474281	 0.498000	-2.765687	-0.793891	 0.499501
-0.499713	-2.830622	-0.484417	-0.474309	-2.138473	 0.001623	-1.514619	 0.486829	 0.498000	-2.753648	-0.352317	 0.499500
-0.499713	-3.038049	-0.491712	-0.474309	-2.129489	 0.250620	-1.501190	 0.493103	 0.498000	-2.742145	-0.131530	 0.499500
-0.499713	-2.635272	-0.495359	-0.474309	-2.120756	 0.375118	-1.491501	 0.496239	 0.498000	-2.730932	-0.021136	 0.499500
-0.499713	-2.429419	-0.497183	-0.474309	-2.112165	 0.437367	-1.483692	 0.497808	 0.498000	-2.719886	 0.034061	 0.499500
-0.499713	-2.322045	-0.498095	-0.474309	-2.103663	 0.468492	-1.476836	 0.498592	 0.498000	-2.708946	 0.061659	 0.499500
-0.499713	-2.263928	-0.498551	-0.474309	-2.095221	 0.484054	-1.470468	 0.498984	 0.498000	-2.698079	 0.075458	 0.499500
-0.499713	-2.230459	-0.498779	-0.474309	-2.086827	 0.491835	-1.464356	 0.499180	 0.498000	-2.687272	 0.082358	 0.499500
-0.499713	-2.209330	-0.498893	-0.474309	-2.078473	 0.495726	-1.458383	 0.499278	 0.498000	-2.676515	 0.085808	 0.499500
-0.499713	-2.194389	-0.498950	-0.474309	-2.070156	 0.497671	-1.452492	 0.499327	 0.498000	-2.665805	 0.087533	 0.499500
-0.499713	-2.182560	 0.001022	-0.474309	-1.561873	 0.498644	-1.446653	 0.999352	 0.998000	-2.155140	 0.088395	 0.999500
-0.499713	-2.172304	 0.250005	-0.474309	-1.305625	 0.499130	-1.440852	 1.246365	 1.245004	-1.896518	 0.088826	 1.246501
 0.000287	-1.662851	 0.374497	 0.025691	-0.175402	 0.999373	 0.064918	 1.366885	 1.365522	-0.763932	 0.589042	 1.367015
 0.249286	-1.405818	 0.436743	 0.274640	 0.387800	 1.246496	 0.814662	 1.424171	 1.422809	-0.197639	 0.836971	 1.424296
 0.873786	 1.224996	 1.467866	 1.398067	 5.167499	 1.867069	 5.186405	 2.449850	 1.448492	 5.585508	 1.958766	 1.449974
 1.183039	 2.532691	 1.978430	 1.954738	 7.537454	 2.172381	 7.353161	 2.955739	 1.458386	 8.454344	 2.513502	 1.459861
 1.834681	 6.678858	 1.728734	 2.228050	 10.202616	 2.320082	 9.917498	 2.701760	 0.960396	 14.866116	 3.284734	 0.961866
 2.155530	 8.730291	 1.600927	 2.359704	 11.509462	 2.388996	 11.174704	 2.569875	 0.711401	 18.029446	 3.662238	 0.712868
 2.311001	 9.734444	 1.534078	 2.420548	 12.137252	 2.418538	 11.778442	 2.499057	 0.586903	 19.568725	 3.842910	 0.588369
 2.883804	 15.215044	 1.497719	 2.446007	 17.425617	 2.428412	 15.055547	 1.958791	-0.475345	 26.296149	 3.925199	-0.473880
 3.163292	 17.913952	 1.476617	 2.453794	 20.024372	 2.428473	 16.657435	 1.685821	-1.003395	 29.593814	 3.958329	-1.001933
 3.296151	 22.222181	 1.463154	 1.952764	 23.278503	 2.423646	 18.421860	 1.046510	-1.764356	 34.176863	 4.466911	-1.762899
 3.355722	 24.323234	 1.453524	 1.699346	 24.852503	 2.416395	 19.263699	 0.726855	-2.139787	 36.390868	 4.711251	-2.138335
 3.378677	 27.320912	 1.445821	 2.069745	 27.086650	 2.407952	 20.144408	 0.567027	-2.322471	 38.920661	 4.323510	-3.821025
 3.383351	 28.759114	 1.439093	 2.250064	 28.145082	 2.398931	 20.542713	 0.487114	-2.408803	 40.168303	 4.121767	-4.651362
 3.378912	 30.417821	 1.432865	 2.335363	 29.115891	 2.389640	 20.699983	 0.447157	-2.946979	 40.274939	 4.013056	-5.055568
 3.369944	 31.183021	 1.426897	 2.373171	 29.541122	 2.380235	 20.736903	 0.427178	-3.209097	 40.247494	 3.950892	-5.246751
 3.358738	 31.501724	 1.421071	 2.387253	 29.693805	 2.370790	 20.713816	 0.417189	-3.333213	 40.153331	 3.912032	-5.331467
 3.346440	 31.097435	 1.415328	 2.389491	 29.710454	 2.361345	 20.660891	 0.412194	-3.388356	 40.026131	 3.884856	-5.362992
 3.333622	 30.833904	 1.409637	 2.385827	 29.659324	 2.351919	 20.593212	 0.409697	-3.409041	 39.882733	 3.863553	-5.367966
 3.820572	 30.640998	 1.403984	 2.379230	 29.574542	 2.342521	 20.518322	 0.408448	-3.412524	 39.731556	 3.845217	-5.359707
 4.055432	 30.483649	 1.398361	 2.371187	 29.473172	 2.333155	 20.439990	 0.407824	-3.407434	 39.576806	 3.828395	-5.344875
 3.664281	 30.344322	 1.392763	 2.362439	 29.363743	 1.823825	 20.360100	-0.092488	-3.398084	 39.420588	 3.812361	-4.826798
 3.462160	 30.214248	 1.387191	 2.353357	 29.250520	 1.566531	 20.279595	-0.341459	-3.386631	 39.263949	 3.796751	-4.559143
 3.354579	 30.089043	 1.381641	 1.844128	 29.135634	 1.935265	 20.198945	 0.035237	-3.374155	 38.607416	 3.781384	-4.416732
 3.294294	 29.966513	 1.376114	 1.586844	 29.020150	 2.115025	 20.118383	 0.223585	-3.361193	 38.203247	 3.766168	-4.336978
 3.257684	 29.845560	 1.370609	 1.455542	 28.904598	 2.200315	 20.038026	 0.317759	-3.348016	 37.925565	 3.751059	-4.288586
 3.232937	 29.725634	 0.865127	 1.887243	 28.789244	 2.238389	 19.957932	 0.364846	-3.334757	 37.711428	 3.736032	-4.255910
 3.214147	 29.606460	 0.612385	 2.098456	 28.674219	 2.252873	 19.878130	 0.388389	-3.321485	 37.529364	 3.721076	-4.231126
 3.198361	 29.487898	 0.986015	 2.199443	 28.559589	 2.255580	 19.798632	 0.400161	-3.308233	 37.363638	 3.706186	-4.210321
 3.184103	 29.369878	 1.170110	 2.245335	 28.445383	 2.252417	 19.719445	 0.406047	-3.295016	 37.206379	 3.691359	-4.191539
 3.170634	 29.252365	 1.259449	 2.263699	 28.331618	 2.246337	 19.640571	-0.091010	-3.281845	 37.053652	 3.676592	-4.173803
 3.157586	 29.135338	 1.301421	 2.268317	 28.218300	 2.238816	 19.562010	-0.338363	-3.268722	 36.903486	 3.661885	-4.156623
 3.144772	 29.018789	 1.319721	 2.266080	 28.105431	 2.230594	 19.483763	 0.039133	-3.255649	 36.754897	 3.647237	-4.139754
 3.132102	 28.902709	 1.326194	 2.260434	 27.993011	 2.222037	 19.405828	 0.227880	-3.242627	 36.607389	 3.632648	-4.123073
 3.119527	 28.787096	 0.826766	 2.253101	 27.881040	 2.213332	 19.328205	 0.322254	-3.229657	 36.460716	 3.618117	-4.106521
 3.107026	 28.671947	 0.577051	 2.244943	 27.769517	 2.204571	 19.250893	 0.369441	-3.216739	 36.314751	 3.603645	-4.090064
 3.094587	 28.557258	 0.452194	 2.236391	 27.658439	 2.195798	 19.173889	 0.393034	-3.203872	 36.169431	 3.589230	-4.073689
 3.082203	 28.443029	 0.389766	 2.227659	 27.547805	 2.187038	 19.097194	 0.404831	-3.191057	 36.024723	 3.574873	-4.057386
 3.069871	 28.329257	 0.358551	 2.218855	 27.437614	 2.178301	 19.020805	 0.410729	-3.178292	 35.880609	 3.560574	-4.041153
 3.057590	 28.215940	 0.342944	 2.210033	 27.327864	 2.169594	 18.944722	 0.413679	-3.165579	 35.737079	 3.546331	-4.524987
 3.045359	 28.103076	 0.335141	 2.201220	 27.218552	 2.160918	 18.868943	 0.415153	-3.152917	 35.594126	 3.532146	-4.756886
 3.033177	 27.990664	 0.331239	 2.192428	 27.109678	 2.152276	 18.793467	 0.415890	-3.140305	 35.451748	 3.518018	-4.362858
 3.021044	 27.878701	 0.329288	 2.183665	 27.001239	 2.143667	 18.718293	 0.416259	-3.127744	 35.309940	 3.503945	-4.157906
 3.008960	 27.767186	 0.828313	 2.174934	 26.893234	 2.135093	 18.643420	 0.416443	-3.115233	 34.668700	 3.489930	-4.047524
 2.996924	 27.656117	 1.075170	 2.166236	 26.785662	 2.126553	 18.568846	 0.416536	-3.102772	 34.280025	 3.475970	-3.984459
 2.984937	 27.545493	 1.195955	 2.157572	 26.678519	 2.118047	 18.494571	 0.416582	-3.090361	 34.017905	 3.462066	-3.945084
 2.972997	 27.435311	 0.753714	 2.148942	 26.571805	 1.609575	 18.420593	 0.416605	-3.078000	 34.319333	 3.448218	-3.917585
 2.961105	 27.325570	 0.532593	 2.140346	 26.465518	 1.353136	 18.346910	 0.416616	-3.065688	 34.400806	 3.434425	-3.896055
 2.449260	 27.216268	 0.922033	 2.131785	 26.359656	 1.722724	 18.273523	 0.416622	-3.053425	 34.372577	 3.420687	-3.877541
 2.189463	 27.107402	 1.114130	 2.123258	 26.254217	 1.903333	 18.200429	 0.416625	-3.041211	 34.289774	 3.407005	-3.860566
 2.555705	 26.998973	 1.207566	 2.114765	 26.149200	 1.989470	 18.127627	 0.416626	-3.029046	 34.179959	 3.393377	-4.344391
 2.732983	 26.890977	 1.251682	 2.106306	 26.044603	 2.028387	 18.055116	 0.416627	-3.016930	 34.056911	 3.379803	-4.576647
 2.815801	 26.783413	 1.271148	 1.597881	 25.940425	 2.043711	 17.482896	 0.416627	-2.504862	 31.927519	 3.866284	-2.683158
 2.851413	 26.676279	 1.278300	 1.341489	 25.836663	 2.047255	 17.162964	 0.416628	-2.244843	 30.803227	 4.100819	-1.734834
 2.863444	 26.569574	 1.279305	 1.211123	 25.733316	 2.044925	 16.969312	 0.416628	-2.110864	 30.181723	 4.209415	-1.259099
 2.863709	 23.463296	 1.277247	 1.643779	 22.630383	 2.039675	 15.338935	 0.416628	-1.539920	 25.311851	 3.755078	-0.519664
 2.858114	 21.869443	 1.273668	 1.855953	 21.039862	 2.032981	 14.496329	 0.416628	-1.252510	 22.836031	 3.521307	-0.149947
 2.849611	 16.031965	 1.269338	 1.957905	 14.705702	 2.025582	 10.547719	 0.916628	-0.106875	 15.057400	 2.897847	 0.534911
 2.839678	 13.092837	 1.264643	 2.004761	 11.521879	 2.017845	 8.560216	 1.163794	 0.463865	 11.153528	 2.581568	 0.874901
 2.329051	 8.602966	 1.259776	 1.524085	 7.913292	 1.509957	 6.553319	 1.284556	 0.747165	 5.687092	 2.418898	 1.542466
 2.070101	 6.349804	 1.254832	 1.281661	 6.100389	 1.254009	 5.540777	 1.342126	 0.886755	 2.953874	 2.333051	 1.871829
 0.937004	-0.284970	 0.749861	 0.158370	 0.185362	 0.624039	 1.025450	 0.868112	 0.954497	-3.412735	 0.785633	 1.532108
 0.370455	-3.588518	 0.497375	-0.401345	-2.760692	 0.309054	-1.225234	 0.631105	 0.986323	-6.576481	 0.013447	 1.359862
 0.087181	-5.226508	 0.371132	-0.679281	-4.222305	 0.151561	-2.343624	 0.512601	 1.000200	-8.138873	-0.371128	 1.271364
-0.054456	-6.531773	 0.308011	-0.816334	-5.941744	 0.072815	-3.895895	-0.046651	 0.505111	-9.400667	-0.561904	 1.224750
-0.125275	-7.168732	 0.276450	-0.882954	-6.786141	 0.033442	-4.661134	-0.325065	 0.257566	-10.010239	-0.655787	 1.199086
-0.660684	-7.971600	 0.260670	-0.914365	-7.193079	 0.013755	-5.032901	-0.463065	 0.633794	-10.293785	-1.201229	 1.183907
-0.925997	-8.355485	 0.252779	-0.928179	-7.381347	 0.003912	-5.207975	-0.530863	 0.819887	-10.414404	-1.470457	 1.173981
-1.056270	-8.529949	-0.251166	-0.933202	-7.960343	-0.001010	-5.784746	-0.563565	 0.910922	-10.453643	-1.101591	 1.166689
-1.119034	-8.599772	-0.501628	-0.933837	-8.232761	-0.003471	-6.060408	-0.578723	 0.954436	-10.452277	-0.915693	 1.160725
-1.148052	-8.617345	-0.125355	-0.932286	-8.351960	-0.504701	-6.185567	-0.585114	 0.974197	-10.930692	-0.821284	 1.155433
-1.160207	-8.608861	 0.062781	-0.929648	-8.394618	-0.753305	-6.235526	-0.587127	 0.982089	-11.147081	-0.772626	 1.150487
-1.163940	-8.587418	 0.156850	-0.926476	-8.399072	-0.875602	-6.247934	-0.586955	 0.984055	-11.232549	-0.746849	 1.145722
-1.163471	-8.559565	 0.203884	-1.423043	-8.384492	-0.934755	-6.241617	-0.585695	 0.983067	-11.252647	-1.232519	 1.141058
-1.160910	-8.528575	 0.227401	-1.667487	-8.360462	-0.962344	-6.225988	-0.583897	 0.980608	-11.240150	-1.471917	 1.136454
-1.157313	-8.496085	-0.260841	-1.285885	-8.331774	-0.974159	-6.205753	-0.581833	 0.977422	-10.711446	-1.588193	 1.131888
-1.153208	-8.462913	-0.503463	-1.093276	-8.300824	-0.978094	-6.183264	-0.579642	 0.973881	-10.426729	-1.642923	 1.127350
-1.148856	-8.429467	-0.623282	-0.995170	-8.268809	-0.978098	-6.159698	-0.577391	 0.970170	-10.764087	-1.666892	 1.122835
-1.144392	-8.395952	-0.681706	-0.944323	-8.236328	-0.976143	-6.135643	-0.575116	 0.966381	-10.910562	-1.675495	 1.118342
-1.139880	-8.362470	-0.709437	-0.917112	-8.203680	-0.973218	-6.111392	-0.572832	 0.962562	-10.461686	-1.676428	 1.113867
-1.135353	-8.329071	-0.721828	-0.901727	-8.171014	-0.969814	-6.087093	-0.570550	 0.958734	-10.217222	-1.673540	 1.109411
-1.130828	-8.295780	-0.726556	-0.892262	-8.138404	-0.966180	-6.062817	-0.568272	 0.954911	-10.075045	-1.668755	 1.104973
-1.126313	-8.262609	-0.727457	-1.385764	-8.105888	-0.962437	-6.038603	-0.566001	 0.951097	-9.984091	-1.663034	 1.100553
-1.121812	-8.229565	-0.726451	-1.628756	-8.073483	-0.958649	-6.014466	-0.563738	 0.947296	-9.918827	-1.656859	 1.096151
-1.117326	-8.196650	-0.724497	-1.246509	-8.041198	-0.954845	-5.990418	-0.561483	 0.943508	-9.866488	-1.650471	 1.091766
-1.112858	-8.163865	-0.722074	-1.053657	-8.009038	-0.951041	-5.966461	-0.559238	 0.939735	-9.820691	-1.643988	 1.087399
-1.108407	-8.131210	-0.719424	-0.955509	-7.977004	-0.947244	-5.942597	-0.557001	 0.935976	-9.778242	-1.637472	 1.083049
-1.103974	-8.098686	-0.716665	-0.904720	-7.945097	-0.943459	-5.918828	-0.554773	 0.932232	-9.737546	-1.630952	 1.078717
-1.099558	-8.066292	-0.713858	-0.877618	-7.913317	-0.939687	-5.895153	-0.552554	 0.928503	-9.697804	-1.624443	 1.074402
-1.095160	-8.034026	-0.711033	-0.862366	-7.881664	-0.935929	-5.871573	-0.550344	 0.924789	-9.658617	-1.617952	 1.070105
-1.090779	-8.001890	-0.708203	-0.853046	-7.850138	-0.932186	-5.848086	-0.548142	 0.921090	-9.619785	-1.611484	 1.065824
-1.086416	-7.969883	-0.705378	-0.846698	-7.818737	-0.928458	-5.824694	-0.545950	 0.917406	-10.081207	-1.605040	 1.061561
-1.082070	-7.938003	-0.702560	-0.841844	-7.787463	-0.924744	-5.801395	-0.543766	 0.913736	-10.290833	-1.598621	 1.057315
-1.077742	-7.906251	-0.699752	-0.837743	-7.756313	-0.921045	-5.778190	-0.541591	 0.910081	-9.874645	-1.092227	 1.053085
-1.073431	-7.874626	-0.696954	-0.834025	-7.725287	-0.917361	-5.755077	-0.539425	 0.906441	-9.647634	-0.837858	 1.048873
-1.069137	-7.843128	-0.694166	-0.830505	-7.694386	-0.913691	-5.732057	-0.537267	 0.902815	-9.515287	-1.209507	 1.044677
-1.064861	-7.811755	-0.691390	-0.827091	-7.663609	-0.910037	-5.709129	-0.535118	 0.899204	-9.430348	-1.392169	 1.040499
-1.060601	-7.780508	-0.188624	-0.823737	-7.632954	-0.906397	-5.686292	-0.532977	 0.895607	-9.369187	-1.480350	 1.036337
-1.056359	-7.749386	 0.062758	-0.820419	-7.602423	-0.902771	-5.663547	-0.530845	 0.892025	-9.319991	-1.521304	 1.032191
-1.052134	-7.718389	 0.188450	-0.817126	-7.572013	-0.899160	-5.640893	-0.528722	 0.888457	-9.276851	-1.538656	 1.028063
-1.047925	-7.687515	-0.248705	-0.813852	-7.541725	-0.895563	-5.618329	-0.526607	 0.884903	-9.236814	-1.044220	 1.023950
-1.043733	-7.656765	-0.465910	-0.810594	-7.511558	-0.891981	-5.595856	-0.524501	 0.881363	-9.198402	-0.795903	 1.019855
-1.039558	-7.626138	-0.073147	-0.807350	-7.481512	-0.888413	-5.573472	-0.522403	 0.877838	-9.160876	-1.170649	 1.015775
-1.035400	-7.595633	 0.123235	-0.804120	-7.451586	-0.884859	-5.551179	-0.520313	 0.874326	-9.123866	-1.354931	 1.011712
-1.031259	-7.565251	-0.278574	-0.800903	-7.421779	-0.881320	-5.528974	-0.518232	 0.870829	-9.087187	-0.943994	 1.007665
-1.027134	-7.534990	-0.478118	-0.797699	-7.392092	-0.877795	-5.506858	-0.516159	 0.867346	-9.050747	-0.737459	 1.003635
-1.023025	-7.504850	-0.576534	-0.794508	-7.362524	-0.874284	-5.484831	-0.514094	 0.863876	-9.014498	-0.633130	 0.999620
-1.018933	-7.474831	-0.624393	-0.791330	-7.333074	-0.870786	-5.462891	-0.512038	 0.860421	-8.978417	-0.579908	 0.995622
-1.014857	-7.444931	-0.646977	-0.788165	-7.303741	-0.867303	-5.441040	-0.509990	 0.856979	-8.942492	-0.552243	 0.991639
-1.010798	-7.415152	-0.656931	-0.785012	-7.274526	-0.863834	-5.419275	-0.507950	 0.853551	-8.906717	-1.037362	 0.987673
-1.006755	-7.385491	-0.660573	-0.781872	-7.245428	-0.860379	-5.397598	-0.505918	 0.850137	-8.871087	-1.276876	 0.983722
-1.002728	-7.355949	-0.661066	-0.778745	-7.216447	-0.856937	-5.376008	-0.503894	 0.846737	-8.835601	-0.893601	 0.979787
-0.998717	-7.326525	-0.659990	-0.775630	-7.187581	-0.853509	-5.354504	-0.501879	 0.843350	-8.800258	-0.700942	 0.975868
-0.994722	-7.297219	-0.658134	-1.272527	-7.158831	-0.850095	-5.333086	-0.500871	 0.839976	-8.765057	-0.603596	 0.971964
-0.990743	-7.268030	-0.655893	-1.517437	-7.130195	-0.846695	-5.311754	-0.500367	 0.836616	-8.729996	-0.553911	 0.968076
-0.986780	-7.238958	-0.653465	-1.136367	-7.101674	-0.843308	-5.290507	-0.500115	 0.833270	-8.695076	-1.028060	 0.964204
-0.982833	-7.210002	-0.650950	-0.944322	-7.073268	-0.839935	-5.269345	-0.499989	 0.829937	-8.660296	-1.262130	 0.960347
-0.978902	-7.181162	-0.648395	-0.846794	-7.044975	-0.836575	-5.248267	-0.499926	 0.826617	-8.625655	-1.376172	 0.956506
-0.974986	-7.152438	-0.645826	-0.796532	-7.016795	-0.833229	-4.727274	-0.499895	 0.823311	-8.591152	-0.930213	 0.952680
-0.971086	-7.123828	-0.643255	-0.769909	-6.988728	-0.829896	-4.458365	-0.499879	 0.820017	-8.556787	-0.707234	 0.948869
-0.967202	-7.095333	-0.640688	-0.755110	-6.960773	-0.826576	-4.815532	-0.499871	 0.816737	-8.522560	-0.595744	 0.945074
-0.963333	-7.066951	-0.638128	-0.746230	-6.932930	-0.823270	-4.983769	-0.499867	 0.813470	-8.488470	-0.539999	 0.941293
-0.959479	-7.038683	-0.635577	-0.740316	-6.905198	-0.819977	-5.057584	-0.499865	 0.810216	-8.454516	-1.012127	 0.937528
-0.951819	-6.982487	-0.630504	-0.732214	-6.850067	-0.813430	-5.087330	-0.499864	 0.803748	-8.387015	-0.858813	 0.930043
-0.948012	-6.954557	-0.627982	-0.728919	-6.822666	-0.810177	-5.078699	-0.499863	 0.800533	-8.353467	-0.665608	 0.926323
-0.944220	-6.926738	-0.625470	-0.725820	-6.795376	-0.806936	-5.064244	-0.499863	 0.797331	-8.320053	-0.569006	 0.922618
-0.940443	-6.899031	-0.622968	-0.722825	-6.768194	-0.803708	-5.046916	-0.499863	 0.794141	-8.286773	-1.020705	 0.918927
-0.936681	-6.871435	-0.620476	-0.719888	-6.741122	-0.800493	-5.028193	-0.499863	 0.790965	-8.253626	-1.243610	 0.915251
-0.932934	-6.843950	-0.617995	-0.716986	-6.714157	-0.797291	-5.008813	-0.499863	 0.787801	-8.220611	-0.852129	 0.911590
-0.929203	-6.816574	-0.615523	-0.714106	-6.687300	-0.794102	-4.989144	-0.499863	 0.784650	-8.187729	-0.656389	 0.907944
-0.925486	-6.789307	-0.613060	-0.711244	-6.660551	-0.790926	-4.969371	-0.499863	 0.781511	-8.154978	-0.558518	 0.904312
-0.921784	-6.762150	-0.610608	-0.708396	-6.633909	-0.787762	-4.949585	-0.499863	 0.778385	-8.122358	-0.509583	 0.900695
-0.918097	-6.735102	-0.608166	-0.705561	-6.607373	-0.784611	-4.929832	-0.499863	 0.775271	-8.089869	-0.485116	 0.897092
-0.914424	-6.708161	-0.605733	-0.702738	-6.580944	-0.781473	-4.910136	-0.499863	 0.772170	-8.057509	-0.472882	 0.893504
-0.910767	-6.681329	-0.603310	-0.699927	-6.554620	-0.778347	-4.890507	-0.499863	 0.769082	-8.025279	-0.466765	 0.889930
-0.907124	-6.654603	-0.600897	-0.697127	-6.528402	-0.775233	-4.870950	 0.000137	 0.766005	-7.993178	-0.963707	 0.886370
-0.903495	-6.627985	-0.598493	-0.694338	-6.502288	-0.772132	-4.851469	 0.249137	 0.762941	-7.961205	-1.209256	 0.882825
-0.899881	-6.601473	-0.596099	-0.691561	-5.976279	-0.769044	-4.832065	-0.126364	 0.759890	-7.929361	-0.829121	 0.879293
-0.896282	-6.575067	-0.593715	-0.688795	-5.702374	-0.765968	-4.812737	-0.313110	 0.756850	-7.897643	-0.639054	 0.875776
-0.892696	-6.548767	-0.591340	-0.686040	-6.054564	-0.762904	-4.793487	-0.406483	 0.753823	-7.866053	-0.544020	 0.872273
-0.889126	-6.522572	-0.588975	-0.683295	-6.217846	-0.759852	-4.774313	-0.453170	 0.750807	-7.834588	-0.496503	 0.868784
-0.885569	-6.496481	-0.586619	-0.680562	-6.286725	-0.756813	-4.255216	-0.476513	 0.747804	-7.803250	-0.972745	 0.865309
-0.882027	-6.470495	-0.584272	-0.677840	-6.308453	-0.753786	-3.988195	-0.488185	 0.744813	-7.772037	-1.207968	 0.861848
-0.878499	-6.444613	-0.081935	-0.675129	-6.306656	-0.750770	-4.347242	-0.494020	 0.741834	-7.740949	-0.822693	 0.858400
-0.874985	-6.418835	 0.169233	-0.672428	-6.293149	-0.747767	-4.517353	-0.496938	 0.738866	-7.709985	-0.630055	 0.854967
-0.871485	-6.393160	 0.294817	-0.669738	-6.273835	-0.744776	-4.593034	-0.498397	 0.735911	-7.679145	-0.533736	 0.851547
-0.867999	-6.367587	-0.142390	-0.667059	-5.751670	-0.741797	-4.121537	-0.499127	 0.732967	-7.648429	-0.485577	 0.848141
-0.864527	-6.342117	-0.359835	-0.664391	-5.480128	-0.738830	-3.878488	-0.499491	 0.730035	-7.617835	-0.461497	 0.844748
-0.861069	-6.316748	-0.467403	-0.661734	-5.333940	-0.735875	-3.749693	-0.499674	 0.727115	-7.587363	-0.449458	 0.841369
-0.857624	-6.291481	-0.520037	-0.659087	-5.250470	-0.732931	-3.678053	-0.499765	 0.724207	-7.557014	-0.443438	 0.838004
-0.854194	-6.266315	-0.045209	-0.656450	-5.698401	-0.729999	-4.135021	-0.499811	 0.721310	-7.526786	-0.440428	 0.834652
-0.850777	-6.241250	 0.192206	-0.653825	-5.910074	-0.727079	-4.354321	-0.499833	 0.718425	-7.496679	-0.438923	 0.831313
-0.847374	-6.216285	-0.189087	-0.651209	-6.003667	-0.724171	-3.954823	-0.499845	 0.715551	-7.466692	-0.938170	 0.827988
-0.843985	-6.191420	-0.378593	-0.648604	-6.038269	-0.721274	-3.747964	-0.499851	 0.712689	-7.436825	-1.184919	 0.824676
-0.840609	-6.166654	-0.472210	-0.646010	-6.043425	-0.718389	-3.637452	-0.499853	 0.709838	-7.407078	-1.305430	 0.821377
-0.837246	-6.141988	-0.517886	-0.643426	-6.033905	-0.715516	-3.575142	-0.499855	 0.706999	-7.377450	-1.362834	 0.818091
-0.833897	-6.117420	-0.539597	-0.640852	-6.017096	-0.712654	-3.536962	-0.499856	 0.704171	-7.347940	-1.388695	 0.814819
-0.830562	-6.092950	-0.549330	-0.638289	-5.996692	-0.709803	-3.510874	-0.499856	 0.701354	-7.318548	-0.898797	 0.811560
-0.827239	-6.068578	-0.553079	-0.635736	-5.974537	-0.706964	-3.490860	-0.499856	 0.698549	-7.289274	-0.653848	 0.808314
-0.823930	-6.044304	-0.553839	-0.633193	-5.951554	-0.704136	-3.473912	-0.499856	 0.695754	-7.760117	-1.031373	 0.805080
-0.820635	-6.020127	-0.553110	-0.630660	-5.928206	-0.701319	-3.458524	-0.499856	 0.692971	-7.979076	-1.217318	 0.801860
-0.817352	-5.996046	-0.551641	-0.628137	-5.904722	-0.198514	-3.443943	-0.499856	 0.690199	-7.072160	-0.807484	 0.798653
-0.814083	-5.972062	-0.549806	-0.625625	-5.881218	 0.052888	-3.429795	-0.499856	 0.687439	-6.606371	-0.602567	 0.795458
-0.810826	-5.948174	-0.547793	-0.623122	-5.857750	 0.178590	-3.415889	-0.499856	 0.684689	-6.361196	-0.500108	 0.792276
-0.807583	-5.924381	-0.545695	-0.620630	-5.834348	-0.258560	-3.902132	-0.499856	 0.681950	-6.726376	-0.448879	 0.789107
-0.804353	-5.900683	-0.543558	-0.618147	-5.811025	-0.475743	-4.136477	-0.499856	 0.679222	-6.894783	-0.423264	 0.785951
-0.801135	-5.877081	-0.541407	-0.615675	-5.787788	-0.082949	-3.744908	-0.499856	 0.676505	-6.964860	-0.410457	 0.782807
-0.797931	-5.853572	-0.539253	-0.613212	-5.764640	 0.113449	-3.542416	-0.499856	 0.673799	-6.985829	-0.404053	 0.779676
-0.294739	-5.830158	-0.037102	-0.610759	-5.741583	-0.288353	-3.434491	-0.499856	 0.671104	-6.982300	-0.400852	 0.776557
-0.043143	-5.806837	 0.213974	-0.608316	-5.718618	-0.487873	-3.373875	-0.499856	 0.668420	-6.966578	-0.399251	 0.773451
-0.417345	-5.783610	-0.160489	-0.605883	-5.695744	-0.586259	-3.836940	-0.499856	 0.665746	-6.944815	-0.398450	 0.770357
-0.602863	-5.760476	-0.346650	-0.603459	-5.672961	-0.634082	-4.059873	-0.499856	 0.663083	-6.920087	-0.398050	 0.767275
-0.694045	-5.737434	-0.438665	-0.601045	-5.650269	-0.656630	-4.162774	-0.499856	 0.660431	-6.893933	-0.397850	 0.764206
-0.738066	-5.714484	-0.483611	-0.598641	-5.627668	-0.666546	-4.205693	-0.499856	 0.657789	-6.867120	-0.397750	 0.761149
-0.758512	-5.691626	-0.505027	-0.596247	-5.605158	-0.670151	-4.218655	-0.499856	 0.655158	-6.840033	-0.397700	 0.758105
-0.767177	-5.668860	-0.014682	-0.593862	-5.582737	-0.670605	-3.716673	-0.499856	 0.652537	-6.812864	-0.397675	 0.755072
-0.769958	-5.646184	 0.230491	-0.591486	-5.560406	-0.669491	-3.459253	-0.499856	 0.649927	-6.785707	-0.397662	 0.752052
-0.769803	-5.623599	-0.146923	-0.589120	-5.538165	-0.667597	-3.324139	-0.499856	 0.647327	-6.758612	-0.397656	 0.749044
-0.768186	-5.601105	-0.334581	-0.586764	-5.516012	-0.665318	-3.250204	-0.499856	 0.644738	-6.731602	-0.397653	 0.746048
-0.765845	-5.578701	-0.427366	-0.584417	-5.493948	-0.662853	-3.706884	-0.499856	 0.642159	-6.704687	-0.397651	 0.743064
-0.763147	-5.556386	-0.472718	-0.582079	-5.471972	-0.660300	-3.926897	-0.499856	 0.639591	-6.677874	-0.397651	 0.740091
-0.760277	-5.534160	-0.494358	-0.579751	-5.450084	-0.657707	-4.028609	-0.499856	 0.637032	-6.651166	-0.397650	 0.737131
-0.757328	-5.512024	-0.504146	-0.577432	-4.928284	-0.655101	-4.071205	 0.000144	 0.634484	-6.624563	-0.897650	 0.734182
-0.754344	-5.489976	-0.508012	-0.575122	-4.658571	-0.652493	-4.084275	 0.249143	 0.631946	-6.598065	-1.144855	 0.731246
-0.751350	-5.468016	-0.508921	-0.572822	-4.514936	-0.649889	-3.582616	-0.126357	 0.629418	-6.571673	-0.765673	 0.728321
-0.748356	-5.446144	-0.508356	-0.570530	-4.434377	-0.647293	-3.325624	-0.313103	 0.626901	-6.545387	-0.576082	 0.725407
-0.745368	-5.424359	-0.507058	-0.568248	-4.385389	-0.644705	-3.190991	-0.406476	 0.624393	-6.519205	-0.481286	 0.722506
-0.742389	-5.402662	-0.505398	-0.565975	-4.352223	-0.642127	-3.117562	-0.453163	 0.621895	-6.493129	-0.433889	 0.719616
-0.739421	-5.381051	-0.503560	-0.563711	-4.827001	-0.639559	-3.574759	 0.023494	 0.619408	-6.467156	-0.410190	 0.716737
-0.736464	-5.359527	-0.501638	-0.561456	-5.053787	-0.637001	-3.795293	 0.260822	 0.616930	-6.441288	-0.398340	 0.713870
-0.733519	-5.338089	-0.500676	-0.559211	-5.156619	-0.634453	-3.897529	 0.379486	 0.614463	-6.415522	-0.392416	 0.711015
-0.730585	-5.316736	-0.500196	-0.556974	-5.197516	-0.631915	-3.440647	-0.061182	 0.612005	-5.889860	-0.889453	 0.708171
-0.727662	-5.295469	-0.499956	-0.554746	-5.207487	-0.629387	-3.206239	-0.280512	 0.609557	-5.616301	-1.135199	 0.705338
-0.724752	-5.274287	-0.499835	-0.552527	-5.202038	-0.126870	-3.583091	 0.109823	 0.607118	-5.968836	-0.755310	 0.702517
-0.721853	-5.253190	-0.499775	-0.550317	-5.188921	 0.124389	-3.763597	 0.303990	 0.604690	-6.132460	-0.565366	 0.699707
-0.718966	-5.232178	-0.499745	-0.548116	-5.172010	-0.249982	-3.345962	 0.401073	 0.602271	-6.201680	-0.470393	 0.696908
-0.716090	-5.211249	-0.499730	-0.545923	-5.153245	-0.435918	-3.131288	 0.449615	 0.599862	-6.223749	-0.422907	 0.694120
-0.713225	-5.190404	-0.499723	-0.543739	-5.133593	-0.027643	-3.518118	-0.026114	 0.597463	-6.222291	-0.399164	 0.691344
-0.710372	-5.169642	-0.499719	-0.541564	-5.113539	 0.176495	-3.703723	-0.262975	 0.595073	-6.209121	-0.387293	 0.688578
-0.707531	-5.148964	-0.499717	-0.539398	-5.093325	 0.278564	-3.788746	-0.381405	 0.592693	-6.190144	-0.381357	 0.685824
-0.704701	-5.128368	-0.499716	-0.537241	-4.573072	-0.170402	-3.323511	 0.059379	 0.590322	-6.168313	-0.378389	 0.683081
-0.701882	-5.107854	-0.499716	-0.535092	-4.304840	-0.393646	-3.085176	 0.278771	 0.587960	-6.145104	-0.376905	 0.680349
-0.699074	-5.087423	-0.499715	-0.532951	-4.662651	-0.504034	-3.460315	-0.111533	 0.585609	-6.121256	-0.376163	 0.677627
-0.696278	-5.067073	-0.499715	-0.530819	-4.831515	-0.557999	-3.640214	-0.305681	 0.583266	-6.097138	-0.375792	 0.674917
-0.693493	-5.046805	-0.499715	-0.528696	-4.905947	-0.583758	-3.222523	 0.097245	 0.580933	-6.072932	-0.375607	 0.672217
-0.690719	-5.026618	-0.499715	-0.526581	-4.933202	-0.595418	-3.008068	 0.297708	 0.578609	-6.048732	-0.375514	 0.669528
-0.687956	-5.006511	-0.499715	-0.524475	-4.436908	-0.100034	-2.895253	 0.397939	 0.576295	-6.024583	-0.875468	 0.666850
-0.685204	-4.986485	-0.499715	-0.522377	-4.180880	 0.147657	-2.833281	 0.448055	 0.573990	-6.000507	-1.122694	 0.664183
-0.682464	-4.966539	-0.499715	-0.520288	-4.045017	 0.271503	-2.796752	 0.473112	 0.571694	-5.976517	-1.243567	 0.661526
-0.679734	-5.446673	 0.000285	-0.518206	-4.469266	-0.166574	-3.272968	 0.485641	 0.569407	-5.952616	-0.801274	 0.658880
-0.677015	-5.674886	 0.249284	-0.516134	-4.671604	-0.384403	-3.503577	 0.491906	 0.567129	-5.928809	-0.580128	 0.656244
-0.674307	-5.277187	-0.126216	-0.514069	-4.763025	-0.492113	-3.111413	-0.004962	 0.564861	-5.905095	-0.469555	 0.653619
-0.671609	-5.068578	-0.312963	-0.512013	-4.799027	-0.544768	-2.909893	-0.252392	 0.562601	-5.881475	-0.414269	 0.651005
-0.668923	-4.954554	-0.406336	-0.509965	-4.807358	-0.569901	-2.803716	-0.376107	 0.560351	-5.857950	-0.386625	 0.648401
-0.666247	-4.887861	-0.453023	-0.507925	-4.801892	-0.581277	-2.745232	-0.437965	 0.558110	-5.834518	-0.372804	 0.645807
-0.663582	-4.844872	-0.476366	-0.505893	-4.789566	-0.585780	-2.710617	 0.031106	 0.555877	-5.811180	-0.365893	 0.643224
-0.660928	-4.813773	-0.488038	-0.503870	-4.773849	-0.586851	-2.687957	 0.264642	 0.553654	-5.787936	-0.362437	 0.640651
-0.658284	-4.788659	-0.493874	-0.501854	-4.756474	-0.586211	-2.671297	 0.381409	 0.551439	-5.764784	-0.360710	 0.638088
-0.655651	-4.766575	-0.496792	-0.500846	-4.738308	-0.584719	-2.657657	-0.060207	 0.549233	-5.741725	-0.359846	 0.635536
-0.653029	-4.746043	-0.498251	-0.500343	-4.719785	-0.582807	-2.645550	-0.280011	 0.547036	-5.718758	-0.359414	 0.632994
-0.650416	-4.726327	-0.498980	-0.500091	-4.701121	-0.580689	-2.634229	 0.110086	 0.544848	-5.695883	-0.859198	 0.630462
-0.647815	-4.707055	-0.499345	-0.499965	-4.682424	-0.578473	-2.623323	 0.304135	 0.542669	-5.673099	-1.106372	 0.627940
-1.145224	-4.688044	-0.499527	-0.499902	-4.163748	-0.076213	-2.612645	 0.401159	 0.540498	-5.650407	-0.727252	 0.625428
-1.390643	-4.669200	-0.499618	-0.499870	-3.897120	 0.174917	-2.602102	 0.449671	 0.538336	-5.627805	-0.537692	 0.622927
-1.010080	-4.150478	-0.499664	-0.499854	-4.256545	-0.199517	-2.591647	-0.026073	 0.536183	-5.105294	-0.442912	 0.620435
-0.818540	-3.883853	-0.499687	-0.499847	-4.427025	-0.385587	-2.581257	-0.262941	 0.534038	-4.834873	-0.395522	 0.617953
-0.721516	-3.743306	-0.499698	-0.499843	-4.503070	-0.477478	-2.570921	-0.381375	 0.531902	-4.690533	-0.371827	 0.615481
-0.671755	-4.165827	-0.499704	-0.499841	-4.531935	-0.522285	-2.560631	 0.059408	 0.529774	-5.109271	-0.859979	 0.613019
-0.645630	-4.367911	-0.499707	-0.499840	-4.537245	-0.543555	-2.550386	 0.278799	 0.527655	-5.307584	-1.101359	 0.610567
-0.631329	-4.459813	-0.499708	-0.499839	-4.030816	-0.553060	-2.540183	 0.388494	 0.525545	-5.395729	-0.719364	 0.608125
-0.622944	-4.496660	-0.499709	-0.499839	-3.770552	-0.556687	-2.530022	 0.443342	 0.523442	-5.428833	-0.528366	 0.605693
-0.617523	-4.506017	-0.499709	-0.499839	-3.633400	-0.557380	-3.019901	-0.029234	 0.521349	-5.434462	-0.932867	 0.603270
-0.613588	-4.501665	-0.499709	-0.499839	-3.557831	-0.556611	-3.257821	-0.264518	 0.519263	-5.426396	-1.132443	 0.600857
-0.610401	-4.490494	-0.499709	-0.499839	-3.513082	-0.555114	-2.869790	 0.117839	 0.517186	-5.411526	-0.729567	 0.598453
-0.607593	-4.475950	-0.499709	-0.499839	-3.483771	-0.553259	-2.670811	 0.308018	 0.515117	-5.393298	-0.528129	 0.596059
-0.604980	-4.459755	-0.499709	-0.499839	-3.462206	-0.551228	-3.066378	 0.403107	 0.513057	-4.873434	-0.427410	 0.593675
-0.602468	-4.442771	-0.499709	-0.499839	-3.444543	-0.549114	-3.257237	 0.450652	 0.511005	-4.604795	-0.377050	 0.591301
-0.600012	-4.425427	-0.499709	-0.499839	-3.428857	-0.546964	-3.345771	 0.474424	 0.508961	-4.461803	-0.351871	 0.588935
-0.597590	-4.407939	-0.499709	-0.499839	-3.414188	-0.544798	-3.383169	 0.486310	 0.506925	-4.881669	-0.339281	 0.586580
-0.595188	-4.390414	-0.499709	-0.499839	-3.400055	-0.542631	-3.395027	 0.492253	 0.504897	-5.080999	-0.332986	 0.584233
-0.592801	-4.372905	-0.499709	-0.499839	-3.386216	-0.540466	-2.894142	-0.004775	 0.502878	-5.170104	-0.329838	 0.581896
-0.590427	-4.355440	-0.499709	-0.499839	-3.372552	-0.538307	-2.638913	-0.252286	 0.500866	-5.204137	-0.328265	 0.579569
-0.588064	-4.338032	 0.000291	-0.499839	-3.359002	-0.536155	-2.506531	 0.123959	 0.499860	-5.210678	-0.327478	 0.577250
-0.585711	-4.320687	 0.249290	-0.499839	-3.345536	-0.534011	-2.435592	 0.311081	 0.499358	-5.203514	-0.327084	 0.574941
-0.583368	-4.303407	-0.126210	-0.499839	-3.332139	-0.531875	-2.395393	-0.095358	 0.499106	-5.189539	-0.326888	 0.572642
-0.581034	-4.286195	-0.312957	-0.499839	-3.318803	-0.529748	-2.370583	-0.297574	 0.498980	-5.172200	-0.326789	 0.570351
-0.578710	-4.269051	-0.406330	-0.499839	-3.305524	-0.527629	-2.353487	-0.398682	 0.498917	-5.153222	-0.326740	 0.568070
-0.576395	-4.251976	-0.453017	-0.499839	-3.792300	-0.525519	-2.340266	 0.050764	 0.498886	-4.633464	-0.826715	 0.565797
-0.574090	-4.234968	-0.476360	-0.499839	-4.027130	-0.523417	-2.329001	 0.274486	 0.498870	-4.365357	-1.074050	 0.563534
-0.571793	-4.218028	-0.488032	-0.499839	-3.636021	-0.521323	-2.818733	 0.386348	 0.498862	-4.723109	-0.695074	 0.561280
-0.569506	-4.201156	-0.493868	-0.499839	-3.433977	-0.519238	-3.056983	 0.442278	 0.498859	-4.891824	-0.505586	 0.559035
-0.567228	-4.184351	-0.496786	-0.499839	-3.826491	-0.517161	-2.669517	-0.029756	 0.498857	-4.466060	-0.410842	 0.556799
-0.564959	-4.167614	-0.498245	-0.499839	-4.014310	-0.515092	-2.471220	-0.264770	 0.498856	-4.245097	-0.363471	 0.554572
-0.562699	-4.150944	 0.001026	-0.499839	-4.099815	-0.513032	-2.367525	-0.382277	 0.498855	-4.626568	-0.339785	 0.552353
-0.560448	-4.134340	 0.249660	-0.499839	-4.134197	-0.510980	-2.311150	-0.441030	 0.498855	-4.807287	-0.327942	 0.550144
-0.558207	-4.117802	 0.373978	-0.499839	-4.143051	-0.508936	-2.278453	-0.470407	 0.498855	-4.887671	-0.322020	 0.547943
-0.555974	-4.101331	-0.063864	-0.499839	-3.639174	-0.506900	-2.257613	 0.014905	 0.498855	-4.417926	-0.819059	 0.545752
-0.553750	-4.084926	-0.281781	-0.499839	-3.380965	-0.504872	-2.242720	 0.256560	 0.498855	-4.175158	-1.064947	 0.543569
-0.551535	-3.568586	-0.390740	-0.499839	-3.745615	-0.502853	-2.230817	-0.122612	 0.498855	-4.545909	-0.685269	 0.541394
-0.549329	-3.304312	-0.445219	-0.499839	-3.919719	-0.500842	-2.220428	-0.311195	 0.498855	-4.721451	-0.495430	 0.539229
-0.547131	-3.666095	-0.472459	-0.499839	-3.998584	 0.000164	-2.210814	 0.094514	 0.498855	-4.299428	-0.400510	 0.537072
-0.544943	-3.838930	-0.486078	-0.499839	-4.029861	 0.249665	-2.201604	 0.296368	 0.498855	-4.080662	-0.353051	 0.534924
-0.542763	-3.917324	-0.492888	-0.499839	-4.037378	-0.125585	-2.192614	 0.397295	 0.498855	-4.463555	-0.329321	 0.532784
-0.540592	-3.948530	-0.496293	-0.499839	-4.033046	-0.312208	-2.183752	 0.447758	 0.498855	-4.645308	-0.317456	 0.530653
-0.538430	-3.956174	-0.497996	-0.499839	-4.022823	-0.405520	-2.174972	 0.472990	 0.498855	-4.726531	-0.311523	 0.528530
-0.536276	-3.452068	-0.998847	-0.499839	-3.509686	-0.452176	-2.666249	 0.485606	 0.498855	-4.257527	-0.308557	 0.526416
-0.534131	-3.194119	-1.246273	-0.499839	-3.247125	-0.475504	-2.905572	 0.491914	 0.498855	-4.015448	-0.307074	 0.524310
-0.531994	-3.559272	-0.866999	-0.499839	-3.609875	-0.487168	-2.518944	 0.495068	 0.498855	-3.886862	-0.306332	 0.522213
-0.529866	-3.734000	-0.677362	-0.499839	-3.783305	-0.492999	-2.321366	 0.496645	 0.498855	-3.815052	-0.305962	 0.520124
-0.527747	-3.813546	-0.582543	-0.499839	-3.362106	-0.495915	-2.218329	 0.497433	 0.498855	-3.771661	-0.305776	 0.518044
-0.525636	-3.845533	-0.535134	-0.499839	-3.145625	-0.497373	-2.162580	 0.497827	 0.498855	-3.742508	-0.305684	 0.515972
-0.523533	-3.353772	-0.511429	-0.499839	-3.031526	-0.498102	-2.130492	 0.498024	 0.498855	-4.220506	-0.305637	 0.513908
-0.521439	-3.102167	-0.499577	-0.499839	-2.968642	-0.498467	-2.110251	 0.498123	 0.498855	-4.450107	-0.305614	 0.511852
-0.519353	-2.970663	-0.493651	-0.499839	-2.931388	-0.498649	-2.095950	 0.498172	 0.498855	-4.555548	-0.305602	 0.509805
-0.517276	-2.899233	-0.490688	-0.499839	-3.406973	-0.498740	-2.584637	-0.001803	 0.498855	-4.098947	-0.305597	 0.507765
-0.515207	-2.857863	-0.489206	-0.499839	-3.637000	-0.498786	-2.822833	-0.250787	 0.498855	-3.863362	-0.305594	 0.505734
-0.513146	-3.331544	-0.488465	-0.499839	-3.244280	-0.498809	-2.935810	 0.124721	 0.498855	-4.238314	-0.805592	 0.503711
-0.511094	-3.560775	-0.488095	-0.499839	-3.042217	-0.498820	-2.986200	 0.311474	 0.498855	-4.416563	-1.052980	 0.501697
-0.509049	-3.667810	-0.487910	-0.499839	-3.435505	-0.498826	-3.005322	 0.404851	 0.498855	-4.496498	-0.674074	 0.500689
-0.507013	-3.713778	-0.487817	-0.499839	-3.624491	-0.498829	-3.008834	 0.451539	 0.498855	-4.527313	-0.484620	 0.500185
-0.504985	-3.729242	-0.487771	-0.499839	-3.711357	-0.498830	-2.504566	 0.474884	 0.498855	-4.533604	-0.889894	 0.499934
-0.502965	-3.729485	-0.487748	-0.499839	-3.747194	-0.498831	-2.248431	 0.486556	 0.498855	-4.527670	-1.089940	 0.499808
-0.500953	-3.722147	-0.487736	-0.499839	-3.757546	-0.498831	-2.116379	 0.492392	 0.498855	-4.515659	-1.187383	 0.499745
-0.499947	-3.711048	-0.487730	-0.499839	-3.255187	-0.498831	-2.046384	 0.495310	 0.498855	-4.500646	-0.733535	 0.499713
-0.499444	-3.698099	-0.487727	-0.499839	-2.998501	-0.498831	-2.007434	 0.496769	 0.498855	-4.484169	-0.506611	 0.499697
-0.499193	-3.684254	-0.487726	-0.499839	-2.864675	-0.498831	-1.984022	-0.002502	 0.498855	-4.466995	-0.393149	 0.499690
-0.499067	-3.669991	-0.487725	-0.499839	-2.792300	-0.498831	-1.968395	-0.251133	 0.498855	-4.449508	-0.336418	 0.499686
-0.499004	-3.655548	-0.487725	-0.499839	-2.750673	-0.498831	-2.456676	 0.124551	 0.498855	-4.431900	-0.308053	 0.499684
-0.498973	-3.641044	-0.487725	-0.499839	-2.724441	-0.498831	-2.694926	 0.311392	 0.498855	-4.414268	-0.293870	 0.499683
