-0.499997	-0.499578	 0.381999	 0.037690	-0.257408	-0.499486	 0.037839	 0.268700	 0.241019	-0.499902	-0.499457	-0.499198
-0.499997	-0.499670	 0.397545	 0.226120	-0.257408	-0.499578	 0.037839	 0.315675	 0.241111	-0.499902	-0.499457	-0.499198
-0.499997	-0.499716	 0.405318	 0.320335	-0.257408	-0.499623	 0.037839	 0.339162	 0.241157	-0.499902	-0.499457	-0.499198
-0.499997	-0.499738	 0.409204	 0.367443	-0.257408	-0.499646	 0.037839	 0.350906	 0.241180	-0.499902	-0.499457	-0.499198
-0.499997	-0.499750	 0.411147	 0.390997	-0.257408	-0.499658	 0.037839	 0.356777	 0.241191	-0.499902	-0.499457	-0.499198
-0.499997	-0.499755	-0.087881	-0.097227	-0.257408	-0.499663	 0.037839	 0.359713	 0.241197	-0.499902	-0.499457	-0.499198
-0.499997	-0.499758	-0.336819	-0.340742	-0.257408	-0.499666	 0.037839	 0.361181	 0.241200	-0.499902	-0.499457	-0.499198
-0.499997	-0.499760	 0.039288	 0.038095	-0.257408	-0.499668	 0.037839	 0.361915	 0.241202	 0.000098	-0.499457	-0.499198
-0.499997	-0.499760	 0.227341	 0.227514	-0.257408	-0.499668	 0.037839	 0.362282	 0.241202	 0.249543	-0.499457	-0.499198
-0.499997	-0.499761	-0.178632	 0.322223	-0.257408	-0.499669	 0.037839	 0.362466	 0.241203	-0.125735	-0.499457	-0.499198
-0.499997	-0.499761	-0.381045	 0.369578	-0.257408	-0.499669	 0.037839	 0.362558	 0.241203	-0.312818	-0.499457	-0.499198
-0.499997	 0.000239	-0.481678	 0.393255	-0.257408	 0.000331	 0.037839	-0.137397	 0.241203	-0.406359	-0.499457	-0.499198
-0.499997	 0.249744	-0.531422	 0.405094	-0.257408	 0.249860	 0.037839	-0.386845	 0.241203	-0.453129	-0.499457	-0.499198
-0.499997	 0.374496	-0.555723	 0.411013	-0.257408	 0.374624	 0.037839	-0.511041	 0.241203	-0.476515	-0.499457	-0.499198
-0.499997	-0.063128	-0.567304	 0.413973	-0.257408	-0.062994	 0.037839	-0.072612	 0.241203	-0.488207	-0.499457	-0.499198
-0.499997	-0.281444	-0.572526	 0.415453	-0.257408	-0.281331	 0.037839	 0.146603	 0.241203	-0.494054	-0.499457	-0.499198
-0.499997	-0.390602	-0.074569	 0.416192	-0.257408	-0.390500	-0.462161	-0.243790	 0.241203	-0.496977	-0.499457	-0.499198
-0.499997	-0.445181	 0.174409	 0.416562	-0.257408	-0.445084	-0.711339	-0.438460	 0.241203	-0.498438	-0.499457	-0.499198
-0.499997	-0.472471	-0.701102	 0.416747	-0.257408	-0.472376	-0.335109	-0.035270	 0.241203	 0.000831	-0.499457	-0.499198
-0.499997	-0.486115	-1.137308	 0.416840	-0.257408	-0.486022	-0.146993	 0.166325	 0.241203	 0.249910	-0.499457	-0.499198
-0.499997	-0.492938	-0.353866	 0.416886	-0.257408	-0.492845	-0.052935	 0.267123	 0.241203	-0.125550	-0.499457	-0.499198
-0.499997	-0.496349	 0.037855	 0.416909	-0.257408	-0.496257	-0.005907	 0.317521	 0.241203	-0.312724	-0.499457	-0.499198
-0.499997	-0.498055	 0.233716	 0.416921	-0.257408	-0.497963	 0.017608	 0.342721	 0.241203	-0.406311	-0.499457	-0.499198
-0.499997	-0.498907	 0.331646	 0.416927	-0.257408	-0.498816	 0.029365	 0.355320	 0.241203	-0.453105	-0.499457	-0.499198
-0.499997	-0.499334	 0.380612	 0.416930	-0.257408	-0.499242	 0.035244	 0.361620	 0.241203	-0.476501	-0.499457	-0.499198
-0.999997	-0.499547	 0.405094	-0.083069	-0.257408	-0.499455	 0.038183	-0.135230	 0.241203	-0.488200	-0.499457	-0.499198
-1.248444	-0.499654	 0.417335	-0.332475	-0.257408	-0.499562	 0.039653	-0.383130	 0.241203	-0.494049	-0.499457	-0.499198
-0.871118	-0.499707	 0.423456	 0.043415	-0.257408	-0.499615	 0.040387	-0.006557	 0.241203	 0.003027	-0.499457	-0.499198
-0.682456	-0.499734	 0.426516	 0.231360	-0.257408	-0.499642	 0.040755	 0.181730	 0.241203	 0.251009	-0.499457	-0.499198
-0.588124	-0.499747	-0.071953	-0.174668	-0.257408	-0.499655	 0.040939	 0.275873	-0.258797	-0.125000	-0.499457	-0.499198
-0.540958	-0.499754	-0.320628	-0.377090	-0.257408	-0.499662	 0.041030	 0.322945	-0.508012	-0.312448	-0.499457	-0.499198
-0.517376	-0.499757	-0.444406	-0.477711	-0.257408	-0.499665	 0.041076	 0.346480	-0.631835	-0.406172	-0.499457	-0.499198
-0.505584	 0.000241	-0.505737	-0.027433	-0.257408	-0.499667	 0.041099	-0.141752	-0.192965	-0.453034	-0.499457	-0.499198
-0.499688	 0.249745	-0.535845	 0.197706	-0.257408	-0.499668	 0.041111	-0.385345	 0.026470	-0.476465	-0.499457	-0.499198
-0.496741	-0.125503	-0.550343	 0.310276	-0.257408	 0.000332	 0.041116	-0.006620	 0.136188	 0.011820	-0.499457	-0.499198
-0.495267	-0.312631	-0.557037	 0.366561	-0.257408	 0.249860	 0.041119	 0.182743	 0.191047	 0.255406	-0.499457	-0.499198
-0.494530	 0.093805	-0.559831	 0.394703	-0.257408	 0.374625	 0.041121	-0.222576	 0.218476	-0.622800	-0.499457	-0.499198
-0.494161	 0.296528	-0.560675	 0.408774	-0.257408	 0.437007	 0.041121	-0.424714	 0.232191	-1.060236	-0.499457	-0.499198
-0.493977	 0.397889	-0.060545	 0.415810	-0.257408	 0.468198	 0.041122	-0.025263	 0.239048	-0.277291	-0.499457	-0.499198
-0.493885	 0.448570	 0.189520	 0.419328	-0.257408	 0.483794	 0.041122	 0.174462	 0.242477	 0.113620	-0.499457	-0.499198
-0.493839	 0.473910	 0.314552	 0.421086	-0.257408	 0.491591	 0.041122	 0.274325	 0.244191	 0.308515	-0.499457	-0.499198
-0.493816	 0.486580	 0.377068	 0.421966	 0.242592	 0.495490	 0.041122	 0.324256	 0.245048	 0.405403	-0.499457	-0.499198
-0.493804	 0.492915	 0.408326	 0.422406	 0.491941	 0.497440	 0.041122	 0.349222	 0.245477	 0.453290	-0.499457	-0.499198
-0.493799	 0.496083	 0.423956	 0.422626	 0.615964	 0.498414	 0.541122	 0.361705	 0.245691	-0.023324	 0.000543	 0.000802
-0.493796	 0.497666	 0.431770	 0.422735	 0.677327	 0.498902	 0.790233	 0.367946	 0.245798	-0.261630	 0.250057	 0.250267
-0.493794	 0.498458	 0.435677	 0.422790	 0.707360	 0.499145	 0.913902	 0.371067	 0.245852	-0.380784	 0.374814	-0.125001
-0.493793	 0.498854	 0.437631	 0.422818	 0.721729	 0.499267	 0.974850	 0.372627	 0.245879	-0.440360	 0.437192	-0.312100
 0.006207	 0.499052	 0.438608	 0.922832	 1.228267	 0.999328	 1.004440	 0.873408	 0.745892	 0.029851	 0.468382	 0.094350
 0.255683	 0.499151	 0.439096	 1.171390	 1.480014	 1.247946	 1.018352	 1.122657	 0.994609	 0.264402	 0.483976	 0.297041
 0.379898	 0.499201	 0.439340	 1.294223	 1.604368	 1.370846	 1.024427	 1.246144	 1.117681	 0.381677	 0.491774	 0.398386
 0.441484	 0.999225	 0.939462	 1.854197	 2.165027	 1.930889	 1.526584	 1.306751	 1.177933	 0.440315	 0.495672	 0.449058
 0.471756	 1.247753	 1.188109	 2.131725	 2.442965	 2.208564	 1.775931	 1.335920	 1.206777	 0.469633	 0.497622	 0.474394
 0.486373	 1.870536	 1.811021	 3.268036	 3.579546	 2.845060	 1.398875	 1.849371	 1.219920	 0.984293	 0.498596	 0.487063
 0.493163	 2.179458	 2.120086	 3.831707	 4.143698	 3.160029	 1.209475	 2.104137	 1.225215	 1.239958	 0.499084	 0.493397
 0.996557	 2.331456	 2.272232	 4.109067	 4.421642	 3.314241	 1.613904	 2.229562	 1.226589	 1.366129	 0.499327	 0.496564
 1.246702	 2.404995	 2.345924	 4.243280	 4.556489	 3.388080	 1.814396	 2.290321	 1.226005	 1.427557	 0.499449	 0.498147
 1.370225	 1.939311	 2.380392	 4.305929	 4.619796	 3.421739	 1.912921	 2.318749	 1.224445	 0.956618	 0.499510	 0.498939
 1.430441	 1.705010	 2.395254	 4.332806	 4.647339	 3.435314	 1.960467	 2.331016	 1.222399	 0.721148	 0.499540	 0.499335
 1.459006	 1.586403	 2.400318	 4.341805	 4.657008	 3.438853	 1.982525	 2.335205	 1.220113	 0.603413	 0.499556	 0.499533
 1.471748	 1.525646	 2.400486	 4.341874	 4.657747	 3.437381	 1.991843	 2.335358	 1.217709	 0.544546	 0.499563	 0.499632
 1.476583	 1.493818	 2.398212	 4.337487	 4.654028	 3.433408	 1.994793	 2.333497	 1.215250	 0.515112	 0.499567	 0.499681
 0.977467	 1.976456	 2.394722	 4.330882	 4.648087	 3.428192	 1.494563	 1.830632	 1.212764	 0.500395	 0.499569	 0.499706
 0.727909	 2.215340	 2.390627	 4.323176	 4.641043	 3.422360	 1.243599	 1.578097	 1.210269	 0.493037	 0.499570	 0.499718
 0.603130	 1.832352	 2.386235	 3.814928	 3.633454	 3.416227	 1.117269	 1.450730	 0.707771	 0.489358	 0.499570	 0.499725
 0.540741	 1.639423	 2.381700	 3.557438	 3.127354	 3.409948	 1.053259	 1.385949	 0.456523	 0.487518	 0.499571	 0.499728
 0.509546	 1.541526	 1.877096	 2.925332	 2.872004	 2.403603	 1.020409	 1.352462	 0.330898	 0.486598	 0.499571	 0.499729
 0.493949	 1.491148	 1.623446	 2.606944	 2.742033	 1.899114	 1.003141	 1.334624	 0.268086	 0.486138	 0.499571	 0.499730
 0.486150	 1.464533	 1.495276	 2.445420	 2.674755	 1.645557	 0.993665	 1.324612	 0.236680	 0.485908	 0.499571	 0.499730
 0.482251	 0.949801	 0.929847	 1.862332	 1.638827	 1.517467	 0.488087	 0.818516	 0.220977	-0.014207	 0.499571	 0.499731
 0.480301	 0.692436	 0.647133	 1.569486	 1.120335	 1.452113	 0.235298	 0.565467	 0.213125	-0.263693	 0.499571	 0.499731
 0.479326	 0.563753	 0.505776	 0.921763	 0.860560	 0.918130	 0.608903	 0.438943	 0.209199	 0.112134	 0.499571	 0.499731
 0.478839	 0.499411	 0.435098	 0.597901	 0.730145	 0.651139	 0.794867	 0.375681	 0.207237	 0.300047	 0.499571	 0.499731
-0.021405	 0.467241	 0.399758	 0.435970	 0.664412	 0.517643	 0.387012	 0.344050	 0.206255	-0.105996	 0.499571	-0.000269
-0.270987	 0.451155	 0.382089	 0.355005	 0.631020	 0.450895	 0.183084	 0.328235	 0.205764	-0.308449	 0.499571	-0.249735
-0.395239	 0.443113	 0.373254	 0.314522	 0.113799	 0.417521	 0.081120	 0.320327	 0.205519	-0.409108	-0.000429	-0.374468
-0.456827	 0.439091	 0.368837	 0.294281	-0.144811	 0.400834	 0.030138	 0.316373	 0.205396	-0.458871	-0.249943	-0.436834
-0.487085	 0.437081	 0.366628	 0.284160	-0.274116	 0.392491	 0.004647	 0.314396	 0.205335	-0.483188	-0.374700	-0.468017
-0.501678	 0.436075	 0.365523	 0.279100	-0.338769	 0.388319	-0.008098	 0.313407	 0.205304	-0.494783	-0.437079	-0.483609
-0.508441	 0.435573	 0.364971	 0.276570	-0.371095	 0.386233	-0.014471	 0.312913	 0.205289	-0.500018	-0.468268	-0.491405
-0.511288	 0.435321	-0.135305	 0.275305	-0.387258	 0.385190	-0.017657	 0.312666	 0.205281	-0.502074	-0.483863	-0.495303
-0.512180	 0.435196	-0.384818	 0.274672	-0.395340	 0.384669	-0.019251	 0.312543	 0.205278	-0.502543	-0.491660	-0.497252
-0.512095	 0.435133	-0.008952	-0.225644	-0.399381	 0.384408	-0.020047	 0.312481	 0.205276	-0.502218	-0.495559	-0.498226
-0.511522	 0.435101	 0.178981	-0.475063	-0.401401	 0.384278	-0.020445	 0.312450	 0.205275	-0.501498	-0.497508	-0.498713
-0.510707	-0.064914	-0.227052	-0.599035	-0.402411	 0.384213	-0.020645	 0.312434	 0.205274	-0.500582	-0.498483	-0.498957
-0.509772	-0.314363	-0.429447	-0.660284	-0.402917	 0.384180	-0.020744	 0.312427	 0.205274	-0.500124	-0.498970	-0.499079
-0.508778	 0.061471	-0.530024	-0.690175	-0.903169	-0.115836	-0.020794	 0.312423	 0.205274	-0.499895	-0.499214	-0.499140
-0.507755	 0.249388	-0.579693	-0.704386	-1.152064	-0.365264	-0.020819	 0.312421	 0.205274	-0.499781	-0.499335	-0.499170
-0.506719	 0.343347	-0.603909	-0.710761	-1.275281	-0.489400	-0.020831	 0.312420	 0.205274	-0.499724	-0.499396	-0.499185
-0.505678	 0.390326	-0.115400	-0.213218	-0.835663	-0.050889	-0.020838	 0.312420	 0.205274	-0.499695	-0.499427	-0.499193
-0.504635	 0.413816	 0.128855	 0.035554	-0.615854	 0.168366	-0.020841	 0.312419	 0.205274	-0.499681	-0.499442	-0.499197
-0.503592	 0.425560	-0.249018	 0.159940	-0.505949	 0.277993	-0.020842	 0.312419	 0.205274	-0.499674	-0.499450	-0.499199
-0.502550	 0.431433	-0.437339	 0.222133	-0.450997	 0.332807	-0.020843	 0.312419	 0.205274	-0.499670	-0.499454	-0.499200
-0.501511	 0.434369	-0.030884	 0.253229	-0.423521	-0.139786	-0.020843	 0.312419	 0.205274	-0.499668	 0.000545	-0.499200
-0.500473	 0.435837	 0.172343	 0.268777	-0.409783	-0.375506	-0.020844	 0.312419	 0.205274	-0.499667	 0.250058	-0.499200
-0.499954	-0.063429	 0.273957	 0.276551	-0.402914	-0.492790	-0.020844	 0.312419	 0.205274	-0.499667	 0.374814	-0.499200
-0.499694	-0.312505	 0.324763	 0.280439	-0.399479	-0.550857	-0.020844	 0.312419	 0.205274	-0.499667	 0.437192	-0.499201
-0.499564	-0.436487	 0.350167	 0.282382	-0.397762	-0.579318	-0.020844	 0.312419	 0.205274	-0.499666	 0.468381	-0.499201
-0.499500	 0.002077	 0.362868	 0.283354	-0.396903	-0.092975	-0.020844	 0.312419	 0.205274	-0.499666	-0.016024	-0.499201
-0.499467	 0.221359	 0.369219	 0.283840	-0.396474	 0.150196	-0.020844	 0.312419	 0.205274	-0.499666	-0.257741	-0.499201
-0.499451	 0.331000	 0.372395	 0.284083	-0.396259	 0.271781	-0.020844	 0.312419	 0.205274	-0.499666	-0.378599	-0.499201
-0.499443	 0.385821	 0.373982	 0.284204	-0.396152	 0.332574	-0.020844	 0.312419	 0.205274	-0.499666	-0.439028	-0.499201
-0.499439	-0.086769	-0.125224	 0.284265	-0.396098	 0.362971	-0.020844	 0.312419	 0.205274	-0.499666	-0.469243	-0.499201
-0.499437	-0.322510	-0.374213	 0.284295	-0.396071	 0.378169	-0.020844	 0.312419	 0.205274	-0.499666	-0.484350	-0.499201
-0.499436	 0.060172	 0.001904	 0.284310	-0.396058	 0.385768	-0.520844	 0.312419	 0.205274	-0.499666	-0.491904	-0.499201
-0.499435	 0.251514	 0.189963	 0.284318	-0.396051	 0.389567	-0.769972	 0.312419	 0.205274	-0.499666	-0.495681	-0.499201
-0.499435	 0.347184	 0.283992	 0.284322	-0.396048	 0.391467	-0.893666	 0.312419	 0.205274	-0.499666	-0.497569	-0.499201
-0.499435	 0.395019	 0.331007	 0.284324	-0.396046	 0.392417	-0.454645	 0.312419	 0.205274	-0.499666	 0.001487	-0.499201
-0.499435	 0.418937	 0.354514	 0.284325	-0.396045	 0.392892	-0.235134	 0.312419	 0.205274	-0.499666	 0.250529	-0.499201
 0.000565	 0.430896	 0.366268	 0.284325	-0.396045	 0.393129	-0.125379	 0.312419	 0.205274	-0.499666	 0.375049	-0.499201
 0.250047	 0.436875	 0.372145	 0.284325	-0.396045	 0.393248	-0.070501	 0.312419	 0.205274	-0.499666	 0.437310	-0.499201
-0.125212	 0.439865	 0.375083	-0.215675	-0.396045	-0.106692	-0.043062	 0.312419	 0.205274	-0.499666	-0.031560	-0.499201
-0.312323	 0.441360	 0.376552	-0.464946	-0.396045	-0.356091	-0.029343	 0.312419	 0.205274	-0.499666	-0.265509	-0.499201
-0.405879	-0.057893	 0.377287	-0.088854	-0.396045	 0.019779	-0.022483	 0.312419	 0.205274	 0.000334	-0.382483	-0.499201
-0.452657	-0.306967	 0.377654	 0.099192	-0.396045	 0.207715	-0.019053	 0.312419	 0.205274	 0.249778	-0.440971	-0.499201
-0.476046	-0.430954	 0.377838	 0.193215	-0.396045	 0.301682	-0.017338	 0.312419	 0.205274	 0.374500	-0.470214	-0.499201
-0.487740	 0.007602	 0.377930	 0.240226	-0.396045	-0.151334	-0.016481	 0.312419	 0.205274	 0.436861	-0.484836	-0.499201
-0.493588	 0.226880	 0.377976	 0.263732	-0.396045	-0.377273	-0.016052	 0.312419	 0.205274	 0.468042	-0.492147	-0.499201
 0.003489	 0.336519	 0.377999	 0.275485	-0.396045	 0.010326	-0.515838	 0.312419	 0.205274	-0.016368	 0.004198	-0.499201
 0.251509	 0.391339	 0.378010	 0.281361	-0.396045	 0.204125	-0.764864	 0.312419	 0.205274	-0.258017	 0.251884	-0.499201
-0.124481	 0.418748	 0.378016	-0.215701	-0.396045	 0.301025	-0.888511	 0.312419	 0.205274	-0.378841	-0.124273	-0.499201
-0.311958	 0.432453	 0.378019	-0.463506	-0.396045	 0.349475	-0.949470	 0.312419	 0.205274	-0.439253	-0.311865	-0.499201
-0.405697	 0.439306	-0.121980	-0.086684	-0.396045	-0.126300	-0.479087	 0.312419	 0.205274	-0.469459	-0.405662	-0.499201
-0.452566	 0.442732	-0.371368	 0.101727	-0.396045	-0.363621	-0.243896	 0.312419	 0.205274	-0.484562	-0.452560	-0.499201
-0.476001	 0.444445	-0.495453	 0.195932	-0.396045	-0.481715	-0.126300	 0.312419	 0.205274	-0.492114	-0.476009	-0.499201
-0.487718	 0.445301	-0.056886	 0.243035	-0.396045	-0.040197	-0.067502	 0.312419	 0.205274	-0.495890	-0.487733	-0.499201
-0.493576	 0.445730	 0.162397	 0.266586	-0.396045	 0.180562	-0.038104	 0.312419	 0.205274	-0.497777	-0.493596	-0.499201
-0.496506	 0.445944	 0.272039	-0.221638	-0.396045	 0.290941	-0.023404	 0.312419	 0.205274	 0.001279	-0.496527	 0.000799
-0.497970	 0.446051	 0.326860	-0.465027	-0.396045	 0.346131	-0.016054	 0.312419	 0.205274	 0.250251	-0.497992	 0.250265
-0.498703	 0.446104	 0.354270	-0.086001	-0.396045	 0.373726	-0.012379	 0.312419	 0.205274	-0.125263	-0.498725	 0.374997
-0.499069	 0.446131	 0.367975	 0.103513	-0.396045	 0.387523	-0.010542	 0.312419	 0.205274	-0.312464	-0.499092	 0.437363
-0.499252	-0.053855	-0.125172	 0.198269	-0.396045	 0.394422	-0.009623	 0.312419	 0.205274	-0.406064	-0.499275	-0.031454
-0.499344	-0.303300	-0.371138	 0.245648	-0.396045	 0.397871	-0.009164	 0.312419	 0.205274	-0.452864	-0.499366	-0.265328
-0.499389	-0.427475	-0.493515	 0.269337	-0.396045	 0.399596	-0.008934	 0.312419	 0.205274	-0.476264	-0.499412	-0.382265
-0.499412	-0.489017	-0.554099	 0.281181	-0.396045	 0.400458	-0.008819	 0.312419	 0.205274	-0.487964	-0.499435	-0.440733
-0.499424	-0.519242	-0.583787	 0.287104	-0.396045	 0.400890	-0.008762	 0.312419	 0.205274	-0.493814	-0.499447	-0.469967
-0.499429	-0.033811	-0.598028	 0.290065	-0.396045	 0.401105	-0.008733	 0.312419	 0.205274	-0.496739	-0.499452	-0.484585
-0.499432	 0.208905	-0.604547	 0.291545	-0.396045	 0.401213	-0.008719	 0.312419	 0.205274	-0.498202	-0.499455	-0.491893
-0.499434	-0.169738	-0.107206	 0.292286	-0.396045	 0.401267	-0.008712	 0.312419	 0.205274	-0.498933	-0.499457	-0.495547
-0.499434	-0.358516	 0.141464	 0.292656	-0.396045	 0.401294	-0.008708	 0.312419	 0.205274	-0.499299	-0.499457	-0.497375
-0.499435	-0.452363	 0.265799	 0.292841	-0.396045	-0.098693	-0.008706	 0.312419	 0.205274	-0.499482	-0.499458	-0.498288
-0.499435	-0.498746	 0.327967	 0.292934	-0.396045	-0.348122	-0.008705	 0.312419	 0.205274	-0.499573	-0.499458	-0.498745
-0.499435	-0.521397	 0.359051	 0.292980	-0.396045	-0.472274	-0.008705	 0.312419	 0.205274	-0.499619	-0.499458	-0.498973
-0.499435	-0.532184	-0.125407	 0.293003	-0.396045	-0.033788	-0.008705	-0.187581	 0.205274	-0.499642	-0.499458	-0.499088
-0.499435	-0.537040	-0.367037	 0.293015	-0.396045	 0.185455	-0.008705	-0.437010	 0.205274	-0.499653	-0.499458	-0.499145
-0.499435	-0.038932	-0.487254	 0.293020	-0.396045	 0.295076	-0.008705	-0.061156	 0.205274	-0.499659	-0.499458	-0.499173
-0.499435	 0.210122	-0.546766	 0.293023	-0.396045	 0.349887	-0.008705	 0.126772	 0.205274	-0.499662	-0.499458	-0.499187
-0.499435	-0.165350	-0.575926	 0.293025	-0.396045	 0.377292	-0.008705	 0.220736	 0.205274	-0.499663	-0.499458	-0.499195
-0.499435	-0.352551	-0.589912	 0.293025	-0.396045	 0.390995	-0.008705	 0.267717	 0.205274	-0.499664	-0.499458	-0.499198
-0.499435	-0.445617	-0.596312	-0.206974	-0.396045	 0.397846	-0.008705	 0.291208	-0.294726	-0.499664	-0.499458	-0.499200
-0.499435	-0.491617	-0.598919	-0.456254	-0.396045	 0.401272	-0.008705	 0.302954	-0.543904	-0.499664	-0.499458	-0.499201
-0.499435	-0.514085	-0.599632	-0.580176	-0.396045	 0.402985	-0.008705	 0.308826	-0.667672	-0.499664	-0.499458	-0.499201
-0.499435	-0.024787	-0.099399	-0.141420	-0.396045	 0.403841	-0.008705	 0.311763	-0.228736	-0.499664	-0.499458	-0.499201
-0.499435	 0.219862	 0.150718	 0.077958	-0.396045	 0.404269	-0.008705	 0.313231	-0.009269	-0.499664	-0.499458	-0.499202
-0.499435	-0.157814	 0.275776	-0.312352	-0.396045	 0.404483	-0.508705	-0.186035	 0.100465	-0.499664	-0.499458	-0.499202
-0.499435	-0.346122	 0.338305	-0.506792	-0.396045	 0.404591	-0.757843	-0.435099	 0.155332	-0.499664	-0.499458	-0.499202
-0.499435	-0.439746	 0.369570	-0.103298	-0.396045	 0.404644	-0.381553	-0.559064	 0.182766	-0.499664	-0.499458	-0.499202
-0.499435	-0.486030	 0.385202	 0.098449	-0.396045	 0.404671	-0.193408	-0.620479	 0.196482	-0.499664	-0.499458	-0.499202
-0.499435	-0.508645	 0.393018	 0.199322	-0.396045	-0.095316	-0.099335	-0.150621	 0.203341	-0.499664	-0.499458	-0.499202
-0.499435	-0.519427	 0.396926	 0.249759	-0.396045	-0.344748	-0.052299	 0.084308	 0.206770	-0.499664	-0.499458	-0.499202
-0.499435	-0.524293	 0.398880	 0.274977	-0.396045	-0.468905	-0.028781	 0.201772	 0.208484	-0.499664	-0.499458	-0.499202
-0.499435	-0.526202	-0.600143	-0.212414	-0.396045	-0.530425	-0.517022	 0.260505	 0.209342	-0.499664	-0.499458	-0.499202
-0.499435	-0.526633	-1.098083	-0.455396	-0.396045	-0.560627	-0.760284	 0.289871	 0.209770	-0.499664	-0.499458	-0.499202
-0.499435	-0.026327	-0.345486	-0.076177	-0.396045	-0.575172	-0.381058	 0.304554	 0.209985	-0.499664	-0.499458	-0.499202
-0.499435	 0.223826	 0.030813	 0.113433	-0.396045	-0.581889	-0.191446	 0.311895	 0.210092	-0.499664	-0.499458	-0.499202
-0.499435	-0.151098	-0.281037	 0.208238	-0.396045	-0.584693	-0.096639	 0.315566	 0.210145	-0.499664	-0.499458	-0.499202
-0.499435	-0.338038	-0.436380	 0.255641	-0.396045	-0.585542	-0.049236	 0.317402	 0.210172	-0.499664	-0.499458	-0.499202
-0.499435	 0.069011	-0.013470	 0.279342	-0.396045	-0.085414	-0.025534	-0.181681	 0.210186	-0.499664	-0.499458	-0.499202
-0.499435	 0.272536	 0.197985	 0.291192	-0.396045	 0.164650	-0.013684	-0.430657	 0.210192	-0.499664	-0.499458	-0.499202
-0.499435	 0.374298	 0.303712	 0.297118	-0.396045	 0.289682	-0.007758	-0.554581	 0.210196	-0.499664	-0.499458	-0.499202
-0.499435	 0.425179	 0.356576	 0.300080	-0.396045	 0.352198	-0.004796	-0.115980	 0.210197	-0.499664	-0.499458	-0.499202
-0.499435	 0.450620	 0.383008	 0.301562	-0.396045	 0.383456	-0.003314	 0.103320	 0.210198	-0.499664	-0.499458	-0.499202
-0.499435	-0.036660	-0.103776	 0.302302	-0.396045	-0.100915	-0.002573	 0.212970	 0.210199	-0.499664	-0.499458	-0.499202
-0.499435	-0.279781	-0.346588	 0.302673	-0.396045	-0.342549	-0.002203	 0.267795	 0.210199	-0.499664	-0.499458	-0.499202
-0.499435	-0.400824	-0.467415	 0.302858	-0.396045	-0.462816	-0.002018	-0.204792	 0.210199	-0.499664	-0.499458	-0.499202
-0.499435	-0.460829	-0.527251	 0.302950	-0.396045	-0.522400	-0.001925	-0.440524	 0.210199	-0.499664	-0.499458	-0.499202
-0.499435	-0.490315	-0.556592	 0.302997	-0.396045	-0.051644	-0.001879	-0.057828	 0.210199	-0.499664	-0.499458	-0.499202
-0.499435	-0.504544	-0.570687	 0.303020	-0.396045	 0.183734	-0.001856	 0.133519	 0.210199	-0.499664	-0.499458	-0.499202
-0.499435	-0.511145	-0.577160	 0.303031	-0.396045	 0.301423	-0.001844	 0.229193	 0.210199	-0.499664	-0.499458	-0.499202
-0.499435	-0.513932	-0.079823	 0.303037	-0.396045	-0.139733	-0.001839	 0.277030	 0.210199	-0.499664	-0.499458	-0.499202
-0.499435	-0.514814	 0.168846	 0.303040	-0.396045	-0.359764	-0.001836	 0.300948	 0.210199	-0.499664	-0.499458	-0.499202
-0.499435	-0.514745	-0.206820	 0.303042	-0.396045	 0.030767	-0.001834	 0.312908	 0.210199	-0.499664	-0.499458	-0.499202
-0.499435	-0.514201	-0.394081	 0.303042	-0.396045	 0.226033	-0.001834	 0.318887	 0.210199	-0.499664	-0.499458	-0.499202
-0.499435	-0.013420	 0.012860	-0.196957	-0.396045	-0.176335	-0.001833	-0.178123	 0.210199	-0.499664	-0.499458	-0.499202
-0.499435	 0.236971	 0.216330	-0.446247	-0.396045	-0.376973	-0.001833	-0.426068	 0.210199	-0.499664	-0.499458	-0.499202
-0.499435	-0.137834	 0.318066	-0.070184	-0.396045	-0.476749	-0.001833	-0.549481	 0.210199	-0.499664	-0.499458	-0.499202
-0.499435	-0.324729	 0.368933	 0.117847	-0.396045	-0.526093	-0.001833	-0.610629	 0.210199	-0.499664	-0.499458	-0.499202
-0.499435	-0.417670	 0.394367	-0.288137	-0.396045	-0.050224	-0.001833	-0.140646	 0.210199	-0.499664	-0.499458	-0.499202
-0.499435	-0.463635	 0.407084	-0.490422	-0.396045	 0.187711	-0.001833	 0.094346	 0.210199	-0.499664	-0.499458	-0.499202
-0.499435	-0.486113	 0.413442	-0.590860	-0.396045	 0.306679	-0.001833	 0.211841	 0.210199	-0.499664	-0.499458	-0.499202
-0.499435	-0.496848	-0.083378	-0.640374	-0.396045	 0.366162	-0.001833	 0.270589	 0.210199	-0.499664	-0.499458	-0.499202
-0.499435	-0.501713	-0.331219	-0.664429	-0.396045	 0.395904	-0.001833	 0.299963	 0.210199	-0.499664	-0.499458	-0.499202
-0.499435	-0.503644	-0.454570	-0.175756	-0.396045	-0.089225	-0.001833	-0.185350	 0.210199	-0.499664	-0.499458	-0.499202
-0.499435	-0.504109	-0.515678	 0.068581	-0.396045	-0.331249	-0.001833	-0.427450	 0.210199	-0.499664	-0.499458	-0.499202
-0.499435	-0.003842	-0.045665	 0.190750	-0.396045	 0.048280	-0.001833	-0.047944	 0.210199	 0.000336	-0.499458	-0.499202
-0.499435	 0.246292	 0.189341	 0.251834	-0.396045	 0.238044	-0.001833	 0.141809	 0.210199	 0.249780	-0.499458	-0.499202
-0.499435	 0.371359	 0.306844	 0.282376	-0.396045	 0.332926	-0.001833	 0.236685	 0.210199	 0.374502	-0.499458	-0.499202
-0.499435	 0.433892	 0.365596	 0.297647	-0.396045	 0.380367	-0.001833	 0.284123	 0.210199	 0.436863	-0.499458	-0.499202
-0.499435	 0.465159	 0.394971	 0.305283	-0.396045	 0.404087	-0.001833	 0.307842	 0.210199	 0.468044	-0.499458	-0.499202
-0.499435	-0.019208	 0.409659	 0.309100	-0.396045	-0.084053	-0.001833	 0.319702	 0.210199	-0.016366	-0.499458	-0.499202
-0.499435	-0.260893	 0.417003	 0.311009	-0.396045	-0.327583	-0.001833	 0.325632	 0.210199	-0.258015	-0.499458	-0.499202
-0.499435	-0.381237	-0.079325	-0.188036	-0.396045	 0.051189	-0.001833	 0.328596	 0.210199	-0.378839	-0.499458	-0.499202
-0.499435	-0.440913	-0.326923	-0.436860	-0.396045	 0.240575	-0.001833	 0.330079	 0.210199	-0.439251	-0.499458	-0.499202
-0.499435	-0.470255	-0.950158	-0.560573	-0.396045	-0.164732	-0.001833	 0.330820	 0.210199	-0.469457	-0.499458	-0.499202
-0.499435	-0.484926	-1.260230	-0.621733	-0.396045	-0.366848	-0.001833	 0.331191	 0.210199	-0.484560	-0.499458	-0.499202
-0.499435	-0.492262	-0.913723	-0.151617	-0.396045	 0.032629	-0.001833	 0.331376	 0.210199	-0.492112	-0.499458	-0.499202
-0.499435	-0.495930	-0.739912	 0.083440	-0.396045	 0.232368	-0.001833	 0.331469	 0.210199	-0.495888	-0.499458	-0.499202
-0.499435	-0.497764	-0.652451	 0.200969	-0.396045	 0.332237	-0.001833	 0.331515	 0.210199	-0.497776	-0.499458	-0.499202
-0.499435	-0.498681	-0.108165	 0.259734	-0.396045	 0.382172	-0.001833	 0.331538	-0.289801	-0.498719	-0.499458	-0.499202
-0.499435	-0.499139	 0.163978	 0.289116	-0.396045	 0.407140	-0.001833	 0.331550	-0.538984	-0.499191	-0.499458	-0.499202
-0.499435	-0.499368	 0.300049	 0.303807	-0.396045	-0.080377	-0.001833	 0.331556	-0.162759	-0.499427	-0.499458	-0.499202
-0.499435	-0.499483	 0.368085	 0.311152	-0.396045	-0.323600	-0.001833	 0.331558	 0.025353	-0.499545	-0.499458	-0.499202
-0.499435	-0.499540	-0.097897	 0.314825	-0.396045	 0.055322	-0.001833	 0.331560	 0.119409	-0.499604	-0.499458	-0.499202
-0.499435	-0.499569	-0.330334	 0.316662	-0.396045	 0.244783	-0.001833	 0.331561	 0.166437	-0.499634	-0.499458	-0.499202
-0.499435	-0.499583	-0.446000	 0.317580	-0.396045	-0.160486	-0.001833	 0.331561	 0.189951	-0.499649	-0.499458	-0.499202
-0.499435	-0.499590	-0.503281	 0.318039	-0.396045	-0.362588	-0.001833	 0.331561	 0.201708	-0.499656	-0.499458	-0.499202
-0.499435	-0.499594	-0.531371	 0.318268	-0.396045	-0.463107	-0.001833	 0.331561	 0.207587	-0.499660	-0.499458	-0.499202
-0.499435	-0.499596	-0.544866	 0.318383	-0.396045	-0.012836	-0.001833	 0.331561	 0.210526	-0.499662	-0.499458	-0.499202
-0.499435	-0.499597	-0.551066	 0.318441	-0.396045	 0.212300	-0.001833	 0.331561	 0.211996	-0.499662	-0.499458	-0.499202
-0.499435	-0.499597	-0.553618	 0.318469	-0.396045	-0.175132	-0.501833	 0.331561	 0.212731	-0.499663	-0.499458	-0.499202
-0.499435	-0.499597	-0.554347	 0.318484	-0.396045	-0.368319	-0.750978	 0.331561	 0.213098	-0.499663	-0.499458	-0.499202
-0.499435	-0.499597	-0.054167	-0.181509	-0.396045	-0.464383	-0.374696	 0.331561	 0.213282	-0.499663	-0.499458	-0.499202
-0.499435	-0.499598	 0.195923	-0.430812	-0.396045	-0.511887	-0.186555	 0.331561	 0.213374	-0.499663	-0.499458	-0.499202
-0.499435	-0.499598	 0.320968	-0.054770	-0.396045	-0.035113	-0.092485	 0.331561	 0.213420	-0.499663	-0.499458	-0.499202
-0.499435	-0.499598	 0.383491	 0.133250	-0.396045	 0.203275	-0.045450	 0.331561	 0.213443	-0.499663	-0.499458	-0.499202
-0.499435	-0.499598	 0.414752	 0.227261	-0.396045	 0.322469	-0.021932	 0.331561	 0.213454	-0.499663	-0.499458	-0.499202
-0.499435	-0.499598	 0.430383	 0.274266	-0.396045	-0.117935	-0.010173	-0.168439	 0.213460	-0.499663	-0.499458	-0.499202
-0.499435	-0.499598	 0.438198	 0.297768	-0.396045	-0.337610	-0.004294	-0.417884	 0.213463	-0.499663	-0.499458	-0.499202
-0.499435	-0.499598	 0.442106	 0.309520	-0.396045	-0.446923	-0.501354	-0.542053	 0.213464	-0.499663	-0.499458	-0.499202
-0.499435	-0.499598	 0.444060	 0.315395	-0.396045	-0.501056	-0.749032	-0.603585	 0.213465	-0.499663	-0.499458	-0.499202
-0.499435	-0.499598	-0.054963	-0.181667	-0.396045	-0.527599	-0.372020	-0.133799	 0.213465	-0.499663	-0.499458	-0.499202
-0.499435	-0.499598	-0.303931	-0.429507	-0.396045	-0.540349	-0.183514	 0.101094	 0.213465	-0.499663	-0.499458	-0.499202
-0.499435	-0.499598	-0.427871	-0.052737	-0.396045	-0.546203	-0.089261	 0.218541	 0.213465	-0.499663	-0.499458	-0.499202
-0.499435	-0.499598	-0.489299	 0.135648	-0.396045	-0.548610	-0.042134	 0.277264	 0.213465	-0.499663	-0.499458	-0.499202
-0.499435	-0.499598	-0.019472	 0.229840	-0.396045	-0.049295	-0.018571	-0.193374	-0.286535	-0.499663	-0.499458	-0.499202
-0.499435	-0.499598	 0.215441	 0.276936	-0.396045	 0.200363	-0.006789	-0.428142	-0.535720	-0.499663	-0.499458	-0.499202
-0.499435	-0.499598	 0.332898	 0.300484	-0.396045	 0.325192	-0.000899	-0.544976	-0.659501	-0.499663	-0.499458	-0.499202
-0.499435	-0.499598	 0.391626	 0.312259	-0.396045	-0.112394	 0.002047	-0.102844	-0.220580	-0.499663	-0.499458	-0.499202
-0.499435	-0.499598	 0.420990	 0.318146	-0.396045	-0.330668	 0.003519	 0.118222	-0.001120	-0.499663	-0.499458	-0.499202
-0.499435	-0.499598	-0.064327	-0.178911	-0.396045	-0.439289	-0.495744	 0.228755	 0.108610	-0.499663	-0.499458	-0.499202
-0.499435	-0.499598	-0.306446	-0.426751	-0.396045	-0.493083	-0.744527	 0.284021	 0.163475	-0.499663	-0.499458	-0.499202
-0.499435	-0.499598	-0.426967	-0.549984	-0.396045	-0.019465	-0.368070	 0.311654	-0.309093	-0.499663	-0.499458	-0.499202
-0.499435	-0.499598	-0.486690	-0.610915	-0.396045	 0.217344	-0.179841	 0.325471	-0.544567	-0.499663	-0.499458	-0.499202
-0.499435	-0.499598	-0.516014	-0.140696	-0.396045	-0.164251	-0.085727	 0.332379	-0.161497	-0.499663	-0.499458	-0.499202
-0.499435	-0.499598	-0.530140	 0.094413	-0.396045	-0.354535	-0.038670	 0.335834	 0.030038	-0.499663	-0.499458	-0.499202
-0.499435	-0.499598	-0.536669	 0.211968	-0.396045	-0.449164	-0.015141	 0.337561	 0.125805	-0.499663	-0.499458	-0.499202
-0.499435	-0.499598	-0.539400	 0.270745	-0.396045	 0.004034	-0.003377	 0.338424	 0.173689	-0.499663	-0.499458	-0.499202
-0.499435	-0.499598	-0.540232	 0.300134	-0.396045	 0.230633	 0.002505	 0.338856	 0.197631	-0.499663	-0.499458	-0.499202
-0.499435	 0.000402	-0.540117	 0.314828	-0.396045	-0.156068	 0.005446	 0.339072	 0.209602	-0.499663	-0.499458	-0.499202
-0.499435	 0.249907	-0.539529	 0.322175	-0.396045	-0.348907	 0.006917	 0.339180	 0.215587	-0.499663	-0.499458	-0.499202
-0.499435	-0.125341	-0.538706	 0.325849	-0.396045	-0.444816	 0.007652	 0.339234	 0.218580	-0.499663	-0.499458	-0.499202
-0.499435	-0.312469	-0.537766	 0.327685	-0.396045	-0.492261	 0.008020	 0.339261	 0.220077	-0.499663	-0.499458	-0.499202
-0.499435	-0.406033	-0.036768	 0.328604	-0.396045	-0.015476	 0.008203	 0.339274	 0.220825	-0.499663	-0.499458	-0.499202
-0.499435	-0.452815	 0.213731	 0.329063	-0.396045	 0.222917	 0.008295	 0.339281	 0.221199	-0.499663	-0.499458	-0.499202
-0.499435	-0.476206	 0.338980	 0.329293	-0.396045	 0.342113	 0.008341	 0.339284	 0.221386	-0.499663	-0.499458	-0.499202
-0.499435	-0.487902	-0.098395	 0.329407	-0.396045	-0.098288	 0.008364	 0.339286	 0.221479	-0.499663	-0.499458	-0.499202
-0.499435	-0.493749	-0.316557	 0.329465	-0.396045	-0.317982	 0.008376	 0.339287	 0.221526	-0.499663	-0.499458	-0.499202
-0.499435	-0.496673	-0.425112	-0.170506	-0.396045	 0.072678	 0.008381	 0.339287	 0.221550	-0.499663	-0.499458	-0.499202
-0.499435	-0.498135	-0.478865	-0.419809	-0.396045	 0.268008	 0.008384	 0.339288	 0.221561	-0.499663	-0.499458	-0.499202
-0.499435	-0.498866	-0.505219	-0.043780	-0.396045	-0.134328	 0.008386	 0.339288	 0.221567	-0.499663	-0.499458	-0.499202
-0.499435	-0.499232	-0.517873	 0.144235	-0.396045	-0.334990	 0.008386	 0.339288	 0.221570	-0.499663	-0.499458	-0.499202
-0.499435	 0.000586	-0.023679	 0.238243	-0.396045	 0.065184	 0.008387	 0.339288	 0.221571	-0.499663	-0.499458	-0.499202
-0.499435	 0.249999	 0.223417	 0.285247	-0.396045	 0.265271	 0.008387	 0.339288	 0.221572	-0.499663	-0.499458	-0.499202
-0.499435	 0.374705	 0.346966	 0.308748	-0.396045	 0.365314	 0.008387	 0.339288	 0.221573	-0.499663	-0.499458	-0.499202
-0.499435	-0.062941	 0.408740	 0.320499	-0.396045	-0.084664	 0.008387	-0.160712	 0.221573	 0.000337	-0.499458	-0.499202
-0.499435	-0.281269	 0.439627	 0.326375	-0.396045	-0.309150	 0.008387	-0.410164	 0.221573	 0.249781	-0.499458	-0.499202
-0.499435	-0.390433	 0.455071	 0.329313	-0.396045	-0.420890	 0.008387	-0.034343	 0.221573	-0.125497	-0.499458	-0.499202
-0.499435	-0.445015	 0.462793	 0.330781	-0.396045	-0.476259	 0.008387	 0.153568	 0.221573	-0.312580	-0.499458	-0.499202
-0.499435	 0.027694	 0.466654	 0.331516	-0.396045	-0.003442	 0.008387	 0.247523	 0.221573	-0.406121	-0.499458	-0.499202
-0.499435	 0.263553	 0.468584	 0.331883	-0.396045	 0.232966	 0.008387	 0.294501	 0.221573	-0.452892	-0.499458	-0.499202
-0.499435	 0.381483	 0.469549	-0.167933	-0.396045	 0.351170	 0.008387	-0.182010	 0.221573	 0.023723	-0.499458	-0.499202
-0.499435	 0.440447	 0.470032	-0.417162	-0.396045	 0.410272	 0.008387	-0.419719	 0.221573	 0.261475	-0.499458	-0.499202
-0.499435	 0.469930	 0.470273	-0.541097	-0.396045	 0.439823	 0.008387	-0.538028	 0.221573	 0.380350	-0.499458	-0.499202
-0.499435	-0.015329	 0.470394	-0.602388	-0.396045	-0.045401	 0.008387	-0.596638	 0.221573	-0.060212	-0.499458	-0.499202
-0.499435	-0.257463	 0.470454	-0.632357	-0.396045	-0.287514	 0.008387	-0.625399	 0.221573	-0.279937	-0.499458	-0.499202
-0.499435	 0.121470	 0.470484	-0.146668	-0.396045	 0.091929	 0.008387	-0.139237	 0.221573	-0.389799	-0.499458	-0.499202
-0.499435	 0.310441	 0.470499	 0.096177	-0.396045	 0.281650	 0.008387	 0.103844	 0.221573	-0.444730	-0.499458	-0.499202
-0.499435	-0.095073	-0.029493	 0.217600	-0.396045	-0.123489	 0.008387	 0.225384	 0.221573	-0.472196	-0.499458	-0.499202
-0.499435	-0.297335	-0.278969	 0.278311	-0.396045	-0.325561	 0.008387	 0.286155	 0.221573	-0.485929	-0.499458	-0.499202
-0.499435	-0.398465	 0.096812	 0.308667	-0.396045	-0.426100	 0.008387	 0.316540	 0.221573	-0.492795	-0.499458	-0.499202
-0.499435	-0.449031	 0.284702	 0.323844	-0.396045	-0.475873	 0.008387	 0.331732	 0.221573	-0.496228	-0.499458	-0.499202
-0.499435	-0.474313	 0.378648	 0.331433	-0.396045	-0.500265	 0.008387	 0.339329	 0.221573	-0.497945	-0.499458	-0.499202
-0.499435	-0.486955	-0.074380	 0.335228	-0.396045	-0.511967	 0.008387	 0.343127	 0.221573	-0.498803	-0.499458	-0.499202
-0.499435	-0.493275	-0.300375	 0.337125	-0.396045	-0.517324	 0.008387	 0.345026	 0.221573	-0.499232	-0.499458	-0.499202
-0.499435	-0.496436	-0.412856	 0.338073	-0.396045	-0.519511	 0.008387	 0.345975	 0.221573	-0.499447	-0.499458	-0.499202
-0.499435	-0.498016	-0.468580	 0.338548	-0.396045	-0.520113	 0.008387	 0.346450	 0.221573	-0.499554	-0.499458	-0.499202
-0.499435	-0.498806	 0.004073	 0.338785	-0.396045	-0.019923	 0.008387	 0.346687	 0.221573	-0.499608	-0.499458	-0.499202
-0.499435	-0.499201	 0.240399	 0.338904	-0.396045	 0.230171	 0.008387	 0.346806	 0.221573	-0.499635	-0.499458	-0.499202
-0.499435	 0.000601	 0.358563	 0.338963	-0.396045	 0.355219	 0.008387	 0.346865	 0.221573	 0.000352	-0.499458	-0.499202
-0.499435	 0.250007	 0.417644	 0.338992	-0.396045	 0.417742	 0.008387	 0.346895	 0.221573	 0.249790	-0.499458	-0.499202
-0.499435	 0.374710	 0.447185	 0.339007	-0.396045	 0.449004	 0.008387	 0.346910	 0.221573	 0.374508	-0.499458	-0.499202
-0.499435	 0.437061	-0.038045	 0.339015	-0.396045	-0.035365	 0.008387	 0.346917	 0.221573	-0.063132	-0.499458	-0.499202
-0.499435	 0.468237	-0.280145	 0.339018	-0.396045	-0.277060	 0.008387	 0.346921	 0.221573	-0.281396	-0.499458	-0.499202
-0.499435	-0.016175	-0.400683	 0.339020	-0.396045	-0.397419	-0.491613	-0.153077	 0.221573	-0.390528	-0.499458	-0.499202
-0.499435	-0.257885	-0.460439	 0.339021	-0.396045	-0.457111	-0.740766	-0.402534	 0.221573	-0.445094	-0.499458	-0.499202
-0.499435	-0.378741	 0.010193	 0.339022	-0.396045	 0.013530	-0.364498	-0.026722	 0.221573	-0.472377	-0.499458	-0.499202
-0.499435	-0.439168	 0.245510	 0.339022	-0.396045	 0.248851	-0.176364	 0.161184	 0.221573	-0.486019	-0.499458	-0.499202
-0.499435	-0.469382	 0.363168	 0.339022	-0.396045	-0.133489	-0.082297	 0.255137	 0.221573	-0.492840	-0.499458	-0.499202
-0.499435	-0.484489	 0.421997	 0.339022	-0.396045	-0.324173	-0.035263	 0.302114	 0.221573	-0.496250	-0.499458	-0.499202
-0.499435	-0.492042	 0.451412	 0.339022	-0.396045	-0.419030	-0.011746	 0.325602	 0.221573	-0.497955	-0.499458	-0.499202
-0.499435	 0.004181	-0.033881	 0.339022	-0.396045	 0.034025	 0.000012	-0.162654	 0.221573	-0.498808	-0.499458	-0.499202
-0.499435	 0.251797	-0.276017	 0.339022	-0.396045	 0.260553	 0.005891	-0.406241	 0.221573	-0.499234	-0.499458	-0.499202
-0.499435	-0.124395	 0.103423	-0.160978	-0.396045	 0.373817	 0.008831	-0.527496	 0.221573	-0.499447	-0.499458	-0.499202
-0.499435	-0.311995	 0.293144	-0.410305	-0.396045	 0.430449	 0.010301	-0.587585	 0.221573	-0.499554	-0.499458	-0.499202
-0.499435	-0.405795	-0.111996	-0.034297	-0.396045	 0.458765	 0.011036	-0.617092	 0.221573	-0.499607	-0.499458	-0.499202
-0.499435	-0.452695	-0.314058	 0.153707	-0.396045	 0.472923	 0.011403	-0.631309	 0.221573	-0.499634	-0.499458	-0.499202
-0.499435	-0.476145	-0.414582	 0.247709	-0.396045	-0.019998	 0.011587	-0.637882	 0.221573	-0.499647	-0.499458	-0.499202
-0.499435	-0.487870	-0.464338	 0.294711	-0.396045	-0.265976	 0.011679	-0.640634	 0.221573	-0.499654	-0.499458	-0.499202
-0.499435	-0.493733	-0.488711	 0.318211	-0.396045	-0.388482	 0.011725	-0.641476	 0.221573	-0.499657	-0.499458	-0.499202
-0.499435	-0.496664	-0.500393	 0.329961	-0.396045	-0.449254	 0.011748	-0.141364	 0.221573	-0.499659	-0.499458	-0.499202
-0.499435	-0.498130	-0.505731	 0.335836	-0.396045	-0.479160	 0.011759	 0.108692	 0.221573	-0.499660	-0.499458	-0.499202
-0.499435	-0.498863	-0.507898	-0.161226	-0.396045	 0.006367	 0.011765	 0.233720	 0.221573	-0.499660	-0.499458	-0.499202
-0.499435	-0.499229	-0.508481	-0.409087	-0.396045	 0.249130	 0.011768	 0.296234	 0.221573	-0.499660	-0.499458	-0.499202
-0.499435	-0.499412	-0.508272	-0.032348	-0.396045	 0.370512	 0.011769	 0.327491	 0.221573	-0.499660	-0.499458	-0.499202
-0.499435	-0.499504	-0.507668	 0.156021	-0.396045	 0.431202	 0.011770	 0.343119	 0.221573	-0.499660	-0.499458	-0.499202
-0.499435	 0.000450	-0.006868	-0.249795	-0.396045	-0.038452	 0.011770	 0.350934	 0.221573	-0.499660	-0.499458	-0.499202
-0.499435	 0.249932	 0.243532	-0.452035	-0.396045	-0.272801	 0.011770	 0.354841	 0.221573	-0.499660	-0.499458	-0.499202
-0.499435	-0.125327	-0.131268	-0.052489	-0.396045	-0.389498	 0.011770	 0.356794	 0.221573	-0.499660	-0.499458	-0.499202
-0.499435	-0.312461	-0.318171	 0.147285	-0.396045	-0.447369	 0.011771	 0.357771	 0.221573	-0.499660	-0.499458	-0.499202
-0.499435	-0.406028	-0.411126	 0.247171	-0.396045	-0.475829	 0.011771	 0.358260	 0.221573	-0.499661	-0.499458	-0.499202
-0.499435	-0.452812	 0.042891	 0.297114	-0.396045	-0.489584	 0.011771	 0.358504	 0.221573	-0.499661	-0.499458	-0.499202
-0.499435	-0.476203	 0.269900	 0.322086	-0.396045	-0.495988	 0.011771	 0.358626	 0.221573	-0.499661	-0.499458	-0.499202
-0.499435	-0.487899	 0.383404	 0.334572	-0.396045	-0.498716	 0.011771	-0.141313	 0.221573	-0.499661	-0.499458	-0.499202
-0.499435	-0.493747	 0.440157	 0.340815	-0.396045	-0.499608	 0.011771	-0.390750	 0.221573	-0.499661	-0.499458	-0.499202
-0.499435	-0.496671	-0.531467	 0.343936	-0.396045	-0.499583	 0.011771	-0.014938	 0.221573	-0.499661	-0.499458	-0.499202
-0.499435	-0.498133	-1.015803	 0.345497	-0.396045	-0.499570	 0.011771	 0.172968	 0.221573	-0.499661	-0.499458	-0.499202
-0.499435	-0.498864	-0.756497	 0.346277	-0.396045	-0.499564	 0.011771	-0.233079	 0.221573	-0.499661	-0.499458	-0.499202
-0.499435	-0.499230	-0.626844	 0.346667	-0.396045	-0.499561	 0.011771	-0.435572	 0.221573	-0.499661	-0.499458	-0.499202
-0.499435	-0.499412	-0.562017	 0.346863	-0.396045	-0.499559	 0.011771	-0.536289	 0.221573	-0.499661	-0.499458	-0.499202
-0.499435	-0.499504	-0.029604	 0.346960	-0.396045	-0.499558	 0.011771	-0.086119	 0.221573	-0.499661	-0.499458	-0.499202
-0.499435	-0.499549	 0.236109	 0.347009	-0.396045	-0.499558	 0.011771	 0.138966	 0.221573	-0.499661	-0.499458	-0.499202
-0.499435	-0.499572	 0.368472	 0.347033	-0.396045	-0.499558	 0.011771	 0.251509	 0.221573	-0.499661	-0.499458	-0.499202
-0.499435	-0.499584	 0.434162	 0.347045	-0.396045	-0.499557	 0.011771	 0.307780	 0.221573	-0.499661	-0.499458	-0.499202
-0.499435	-0.499589	-0.032993	 0.347052	-0.396045	-0.499557	 0.011771	-0.164084	 0.221573	-0.499661	-0.499458	-0.499202
-0.499435	-0.499592	-0.266080	 0.347055	-0.396045	-0.499557	 0.011771	-0.399489	 0.221573	-0.499661	-0.499458	-0.499202
-0.499435	-0.499594	 0.117377	 0.347056	-0.396045	-0.499557	 0.011771	-0.016664	 0.221573	-0.499661	-0.499458	-0.499202
-0.499435	-0.499594	 0.308614	 0.347057	-0.396045	-0.499557	 0.011771	 0.174748	 0.221573	-0.499661	-0.499458	-0.499202
