-0.424717	 0.499389	-0.492828	 0.006933	-0.125531	 0.445332	-0.190399	 0.104071	-0.022797	 0.001754	-0.499492	-0.498383
-0.424717	 0.499389	-0.496269	 0.253013	-0.125531	 0.445332	-0.190399	 0.104071	-0.022797	 0.250832	-0.499583	-0.498748
-0.424717	 0.499389	-0.497990	 0.376052	-0.125531	 0.445332	-0.190399	 0.104071	-0.022797	 0.375371	-0.499629	-0.498931
-0.424717	 0.499389	-0.498851	-0.062428	-0.125531	 0.445332	-0.190399	 0.104071	-0.022797	 0.437641	-0.499652	-0.499022
-0.424717	 0.499389	-0.499281	-0.281158	-0.125531	 0.445332	-0.190399	 0.104071	-0.022797	 0.468776	-0.499663	-0.499068
-0.424717	-0.000611	-0.499496	-0.390523	-0.125531	-0.054668	-0.190399	 0.104071	-0.022797	-0.015657	-0.499669	-0.499091
-0.424717	-0.250116	-0.499604	-0.445205	-0.125531	-0.304146	-0.190399	 0.104071	-0.022797	-0.257318	-0.499672	-0.499102
-0.424717	-0.374868	-0.499657	-0.472546	-0.125531	 0.071637	-0.190399	 0.104071	-0.022797	 0.121852	-0.499673	-0.499108
-0.424717	-0.437244	-0.499684	-0.486217	-0.125531	 0.259528	-0.190399	 0.104071	-0.022797	 0.310880	-0.499674	-0.499111
-0.424717	 0.031568	 0.000302	-0.493052	-0.125531	 0.353474	-0.190399	-0.395929	-0.022797	-0.094606	-0.499674	-0.499112
-0.424717	 0.265479	 0.249804	-0.496470	-0.125531	 0.400447	-0.190399	-0.645186	-0.022797	-0.296793	-0.499675	-0.499113
-0.424717	 0.382434	 0.374555	-0.498179	-0.125531	 0.423933	-0.190399	-0.769072	-0.022797	-0.397887	-0.499675	-0.499113
-0.424717	-0.059088	-0.063070	 0.000967	-0.125531	 0.435676	-0.190399	-0.330274	-0.022797	 0.051566	-0.499675	-0.499113
-0.424717	-0.279354	-0.281390	 0.250030	-0.125531	 0.441548	-0.190399	-0.110875	-0.022797	 0.275736	-0.499675	-0.499113
-0.424717	 0.110513	-0.390550	-0.125438	-0.125531	 0.444484	-0.190399	-0.001176	-0.022797	-0.112179	-0.499675	-0.499113
-0.424717	 0.304951	-0.445130	-0.312662	-0.125531	 0.445952	-0.190399	 0.053674	-0.022797	-0.305581	-0.499675	-0.499113
-0.424717	 0.402171	-0.472420	-0.406274	-0.125531	-0.053314	-0.190399	 0.081099	-0.022797	-0.402282	-0.499675	-0.499113
-0.424717	 0.450780	-0.486065	-0.453080	-0.125531	-0.302427	-0.190399	 0.094811	-0.022797	-0.450632	-0.499675	-0.499113
-0.424717	 0.475085	-0.492888	-0.476483	-0.125531	 0.073536	-0.190399	 0.101667	-0.022797	 0.025193	-0.499675	-0.499113
-0.424717	 0.487237	-0.496299	-0.488184	-0.125531	 0.261518	-0.190399	 0.105096	-0.022797	 0.262548	-0.499675	-0.499113
-0.424717	 0.493313	-0.498005	-0.494035	-0.125531	 0.355509	-0.190399	 0.106810	-0.022797	 0.381226	-0.499675	-0.499113
-0.424717	-0.003648	-0.498858	-0.496961	-0.125531	 0.402504	-0.190399	 0.107667	-0.022797	-0.059435	-0.499675	-0.499113
-0.424717	-0.251634	-0.499284	-0.498423	-0.125531	 0.426002	-0.190399	 0.108095	-0.022797	-0.279210	-0.499675	-0.499113
-0.424717	-0.375626	-0.499497	-0.499155	-0.125531	 0.437751	-0.190399	 0.108309	-0.022797	 0.110903	-0.499675	-0.499113
-0.424717	-0.437623	-0.499604	-0.499520	-0.125531	 0.443625	-0.190399	 0.108417	-0.022797	 0.305403	-0.499675	-0.499113
-0.424717	 0.031379	-0.499657	-0.499703	-0.125531	 0.446562	-0.190399	 0.108470	-0.022797	 0.402652	-0.499675	 0.000887
-0.424717	 0.265385	-0.499684	-0.499795	-0.125531	 0.448031	-0.190399	 0.108497	-0.022797	 0.451277	-0.499675	 0.250352
-0.424717	 0.382387	-0.499697	-0.499840	-0.125531	 0.448765	-0.190399	 0.108510	-0.022797	 0.475590	-0.499675	-0.124916
-0.424717	 0.440889	-0.499704	-0.499863	-0.125531	 0.449132	-0.190399	 0.108517	-0.022797	 0.487746	-0.499675	-0.312015
-0.424717	 0.470139	-0.499707	-0.499875	-0.125531	 0.449316	-0.190399	 0.108520	-0.022797	 0.493824	-0.499675	-0.405565
-0.424717	 0.484765	-0.499709	-0.499880	-0.125531	 0.449408	-0.190399	 0.608522	-0.022797	-0.003137	-0.499675	-0.452340
-0.424717	 0.492077	-0.499710	-0.499883	-0.125531	 0.449454	-0.190399	 0.857603	-0.022797	-0.251062	-0.499675	-0.475727
-0.424717	 0.495734	 0.000290	-0.499885	-0.125531	 0.449476	-0.190399	 0.481225	-0.022797	 0.124976	 0.000325	-0.487421
-0.424717	 0.497562	 0.249798	-0.499885	-0.125531	 0.449488	-0.190399	 0.293036	-0.022797	 0.312438	 0.249839	-0.493268
-0.424717	 0.498476	 0.374553	-0.499886	-0.125531	 0.449494	-0.190399	 0.198942	-0.022797	-0.093831	-0.125404	-0.496191
-0.424717	 0.498933	 0.436930	-0.499886	-0.125531	 0.449497	-0.190399	 0.151895	-0.022797	-0.296410	-0.312539	-0.497653
-0.424717	 0.499162	-0.031882	-0.499886	-0.125531	 0.449498	-0.190399	 0.128371	-0.022797	-0.397699	-0.406107	-0.498384
-0.424717	 0.499276	-0.265796	-0.499886	-0.125531	 0.449499	-0.190399	 0.116609	-0.022797	-0.448344	-0.452890	-0.498749
-0.424717	 0.499333	-0.382753	-0.499886	-0.125531	 0.449499	-0.190399	 0.110728	-0.022797	-0.473666	-0.476282	-0.498932
-0.424717	 0.499362	 0.058769	 0.000114	 0.374469	 0.449499	 0.309601	 0.607788	-0.022797	 0.013672	 0.012022	-0.499024
-0.424717	 0.499376	 0.279038	 0.249605	 0.623702	 0.449499	 0.558910	 0.855401	-0.022797	 0.256785	 0.255688	-0.499069
-0.424717	 0.499383	 0.389173	-0.125650	 0.747552	 0.449499	 0.682875	 0.478292	 0.477203	 0.378342	 0.377521	 0.000908
-0.424717	 0.499386	 0.444240	-0.312767	 0.808712	 0.449499	 0.744168	 0.289738	 0.726192	 0.439120	 0.438438	 0.250362
-0.424717	 0.499388	 0.471774	 0.093674	 0.838529	 0.949499	 0.774127	 0.695461	 0.849677	 0.469509	 0.468896	 0.375088
-0.424717	 0.499389	 0.485541	 0.296386	 0.852675	 1.198134	 0.788420	 0.897408	 0.910412	 0.484704	 0.484125	 0.437452
 0.075283	 0.499390	 0.492424	 0.397741	 0.858988	 1.321089	 0.794881	 0.997470	 0.939774	 0.492301	 0.491740	 0.468633
 0.324687	 0.499390	 0.495866	 0.448419	 0.861385	 1.381206	 0.797428	 1.046590	 0.953452	 0.496100	 0.495547	 0.484224
 0.448795	 0.499390	 0.497587	 0.473758	 0.861825	 1.409908	 0.798018	 1.070241	 0.959290	 0.497999	 0.497451	 0.492020
 0.510256	 0.499390	 0.498447	 0.486428	 0.861288	 1.422903	 0.797631	 1.081159	 0.961210	 0.498949	 0.498402	 0.495917
 0.540395	 0.499390	 0.498877	 0.492762	 0.860265	 1.428049	 0.796757	 1.085712	 0.961173	 0.499423	 0.498878	 0.497866
 0.554874	 0.499390	 0.499092	 0.495930	 1.358999	 1.429271	 0.795641	 1.087083	 0.960160	 0.499661	 0.499116	 0.498841
 0.561524	 0.499390	 0.499200	 0.497514	 1.606735	 1.428536	 0.794404	 1.086866	 0.958661	 0.499780	 0.499235	 0.499328
 0.564261	 0.999390	 0.999254	 0.998305	 1.728976	 1.926823	 0.793109	 1.585856	 0.956920	 0.999839	 0.999295	 0.999572
 0.565043	 1.247905	 1.247808	 1.247175	 1.788472	 2.173683	 0.791785	 1.833621	 0.955062	 1.248203	 1.247869	 1.248091
 1.064848	 1.370682	 1.370615	 1.370086	 1.316598	 2.294833	 1.290448	 1.955776	 0.953145	 1.370723	 0.870703	 1.370753
 1.313131	 1.430591	 1.430551	 1.430022	 1.079920	 2.353132	 1.538253	 2.015130	 0.951203	 1.430324	 0.682119	 1.430488
 1.435656	 1.459070	 1.459055	 1.458472	 0.960840	 2.380011	 1.660630	 2.043085	 0.949249	 1.458470	 0.587828	 1.458765
 0.995306	 1.471836	 1.471846	 1.471183	 1.400562	 1.891183	 1.720296	 1.555345	 0.947292	 1.470892	 0.540682	 0.971314
 0.774557	 1.476749	 1.476782	 1.476028	 1.618808	 1.645449	 1.748610	 1.310588	 0.945334	 1.475456	 0.517109	 0.727589
 0.663609	 1.477739	 1.477795	 1.476942	 1.726318	 1.521263	 1.261250	 1.187326	 0.943379	 0.976094	 0.505323	 0.605727
 0.607563	 1.476770	 1.476849	 1.475895	 1.778464	 1.457854	 1.016909	 1.124812	 0.941427	 0.726413	 0.499430	 0.544795
 0.578969	 0.974824	 0.974926	 0.973869	 1.302931	 1.424837	 0.894079	 1.092673	 0.939479	 0.601572	 0.496483	 0.514330
 0.564102	 0.723851	 0.723964	 0.722856	 1.064438	 1.407017	 0.832005	 1.075724	 0.937535	 0.539152	 0.495010	 0.499097
 0.056100	 0.598364	 0.598483	 0.597350	 0.944466	 1.396799	 0.800311	 1.066371	 0.935594	 0.507942	 0.494273	 0.491481
-0.197901	 0.535621	 0.535743	 0.534597	 0.883757	 1.390384	 0.783808	 1.060817	 0.933657	 0.492337	 0.493905	 0.487672
-0.324901	 0.504250	 0.504373	 0.503220	 0.852680	 1.385873	 0.774902	 1.057165	 0.931724	 0.484534	 0.493721	 0.485768
-0.388401	 0.488564	 0.488688	 0.487532	 0.836421	 0.882316	 0.769794	 0.554464	 0.429796	 0.480633	 0.493629	 0.484816
-0.420151	 0.480721	 0.480845	 0.479688	 0.827571	 0.630538	 0.766588	 0.303114	 0.178831	 0.478682	 0.493582	 0.484340
-0.436026	 0.476799	 0.476924	 0.475766	 0.822428	 0.504649	 0.764333	 0.677439	 0.053349	 0.477707	 0.493559	-0.015898
-0.443964	 0.474839	 0.474963	 0.473805	 0.819139	 0.441704	 0.762555	 0.863729	-0.009392	 0.477219	 0.493548	-0.265466
-0.447933	 0.473858	 0.473983	-0.027176	 0.816778	 0.410232	 0.761016	 0.956002	-0.040763	 0.476976	 0.493542	 0.110301
-0.449917	 0.473368	 0.473493	-0.277128	 0.814883	 0.394496	 0.759598	 1.001269	-0.056448	 0.476854	 0.493539	 0.298184
-0.450909	 0.473123	 0.473248	 0.098432	 0.813222	 0.386628	 0.758242	 0.523035	-0.064290	 0.476793	 0.493538	 0.392125
-0.451405	 0.473000	 0.473125	 0.286212	 0.811680	 0.382694	 0.756918	 0.283917	-0.068212	 0.476762	 0.493537	 0.439096
-0.451653	 0.472939	 0.473064	 0.380102	 0.810197	 0.380727	 0.755611	 0.164358	-0.070172	 0.476747	 0.493537	 0.462581
-0.451777	 0.472909	 0.473033	 0.427048	 0.808746	 0.379743	 0.254313	 0.104579	-0.071153	 0.476739	-0.006463	 0.474324
-0.451839	 0.472893	 0.473018	 0.450520	 0.807312	 0.379251	 0.003664	 0.074689	-0.071643	 0.476735	-0.255972	 0.480196
-0.451870	 0.472886	 0.473010	 0.462256	 0.305888	 0.379005	 0.378340	 0.059745	-0.071888	 0.476734	-0.380235	-0.016869
-0.451886	 0.472882	 0.473006	 0.468124	 0.055176	 0.378883	 0.565035	 0.052272	-0.072011	 0.476733	-0.441877	-0.264852
-0.451894	 0.472880	 0.473005	 0.471059	-0.070180	 0.378821	 0.657741	 0.048536	-0.072072	 0.476732	-0.472209	 0.111704
-0.451898	 0.472879	 0.473004	 0.472526	-0.132858	 0.378790	 0.703453	 0.046668	-0.072102	 0.476732	-0.486887	 0.299982
-0.451899	 0.472878	 0.473003	 0.473259	-0.164197	 0.378775	 0.225669	 0.045734	-0.072118	 0.476732	-0.493739	 0.394121
-0.451900	 0.472878	 0.473003	 0.473626	-0.179867	 0.378767	-0.013223	 0.045267	-0.072125	 0.476732	-0.496679	 0.441191
-0.451901	 0.472878	 0.473003	 0.473809	-0.187701	 0.378763	-0.132668	 0.045033	-0.072129	 0.476732	-0.498149	-0.035275
-0.451901	 0.472878	 0.473003	 0.473901	-0.191619	 0.378762	-0.192391	 0.044916	-0.072131	 0.476732	-0.498884	-0.272961
-0.451901	 0.472878	 0.473003	 0.473947	-0.193577	 0.378761	-0.222253	 0.044858	-0.072132	 0.476732	-0.499251	-0.391258
-0.451901	 0.472878	 0.473003	-0.026030	-0.194557	 0.378760	-0.237184	 0.044829	-0.072133	 0.476732	-0.499435	-0.449863
-0.451901	 0.472878	 0.473003	-0.275483	-0.195046	 0.378760	-0.244649	 0.044814	-0.072133	 0.476732	-0.499527	-0.478622
-0.451901	 0.472878	 0.473003	-0.399675	-0.195291	 0.378760	-0.248382	 0.544807	-0.072133	-0.023268	-0.499573	-0.492460
-0.451901	 0.472878	 0.473003	-0.461238	-0.195414	 0.378760	-0.250248	 0.793936	-0.072133	-0.272687	-0.499596	-0.498838
-0.451901	 0.472878	-0.026997	-0.491487	-0.195475	 0.378760	-0.251181	 0.417636	-0.072133	-0.396817	-0.499607	-0.501487
-0.451901	 0.472878	-0.276480	-0.506080	-0.195506	 0.378760	-0.251648	 0.229485	-0.072133	-0.458303	-0.499613	-0.502273
-0.451901	 0.472878	-0.400704	-0.512846	-0.195521	 0.378760	-0.251881	 0.135410	-0.072133	 0.011531	-0.499616	-0.502129
-0.451901	 0.472878	-0.462301	-0.515700	-0.195528	 0.378760	-0.251998	 0.088373	-0.072133	 0.246448	-0.499617	-0.501521
-0.451901	 0.472878	-0.492584	-0.516599	-0.195532	 0.378760	-0.252056	 0.064854	-0.072133	 0.363907	-0.499618	-0.500682
-0.451901	 0.472878	-0.507212	-0.516522	-0.195534	 0.378760	-0.252085	 0.053094	-0.072133	 0.422636	 0.000382	-0.500262
-0.451901	 0.472878	-0.514014	-0.515957	-0.195535	 0.378760	-0.252100	 0.047215	-0.072133	 0.452001	 0.249896	-0.500052
-0.451901	-0.027122	-0.016903	-0.515150	-0.195536	 0.378760	-0.252107	 0.044275	-0.072133	-0.033317	-0.125347	-0.499947
-0.451901	-0.276600	 0.231653	-0.514223	-0.195536	 0.378760	-0.252111	 0.042805	-0.072133	-0.275400	-0.312483	-0.499895
-0.451901	 0.099182	-0.144070	-0.513237	-0.195536	 0.378760	-0.252112	 0.042070	-0.072133	 0.104134	 0.093949	 0.000131
-0.451901	 0.287073	-0.331420	-0.512222	-0.195536	 0.378760	-0.252113	 0.041702	-0.072133	 0.293900	 0.296680	 0.249610
-0.451901	 0.381018	 0.075414	-0.511194	-0.195536	 0.378760	-0.252114	 0.041519	-0.072133	 0.388784	-0.101955	 0.374350
-0.451901	 0.427991	 0.278831	-0.510161	-0.195536	 0.378760	-0.252114	 0.041427	-0.072133	 0.436225	-0.300787	 0.436719
-0.451901	 0.451477	 0.380540	-0.509125	-0.195536	 0.378760	-0.252114	 0.041381	-0.072133	 0.459946	-0.400202	 0.467904
-0.451901	 0.463220	 0.431394	-0.508091	-0.195536	 0.378760	-0.252114	 0.041358	-0.072133	-0.028194	-0.449910	-0.016503
-0.451901	 0.469092	 0.456821	-0.507057	-0.195536	 0.378760	-0.252114	 0.041346	-0.072133	-0.271690	-0.474764	-0.258172
-0.451901	 0.472028	-0.030465	-0.506025	-0.195536	 0.378760	-0.252114	 0.041341	-0.072133	 0.107134	-0.487191	-0.379007
-0.451901	 0.473496	-0.273600	-0.504994	-0.195536	 0.378760	-0.252114	 0.041338	-0.072133	 0.296546	-0.493404	-0.439424
-0.451901	 0.474230	-0.394659	-0.003966	-0.195536	 0.378760	-0.252114	 0.041336	-0.072133	-0.108748	-0.496511	 0.030368
-0.451901	 0.474597	-0.454682	 0.246548	-0.195536	 0.378760	-0.252114	 0.041336	-0.072133	-0.310824	-0.498065	 0.264729
-0.451901	 0.474780	 0.015812	-0.128195	-0.195536	 0.378760	-0.252114	 0.041335	-0.072133	 0.088708	-0.498841	-0.118090
-0.451901	 0.474872	 0.251059	-0.315054	-0.195536	 0.378760	-0.252114	 0.041335	-0.072133	 0.288473	-0.499230	-0.308965
-0.451901	 0.474918	 0.368682	-0.407973	-0.195536	 0.378760	-0.252114	 0.041335	-0.072133	 0.388356	-0.499424	-0.404402
-0.451901	 0.474941	 0.427494	-0.453922	-0.195536	 0.378760	-0.252114	 0.041335	-0.072133	-0.061702	-0.499521	-0.452121
-0.451901	 0.474952	 0.456900	-0.476897	-0.195536	 0.378760	-0.252114	 0.041335	-0.072133	-0.286163	-0.499569	-0.475980
-0.451901	-0.025042	 0.471603	-0.488384	-0.195536	 0.378760	-0.252114	 0.041335	-0.072133	 0.102174	-0.499594	-0.487910
-0.451901	-0.274519	 0.478954	-0.494128	-0.195536	 0.378760	-0.252114	 0.041335	-0.072133	 0.296342	-0.499606	-0.493875
-0.451901	 0.101261	-0.017370	-0.496999	-0.195536	 0.378760	-0.252114	-0.458665	-0.072133	 0.393426	-0.499612	-0.496857
-0.451901	 0.289151	-0.265028	-0.498435	-0.195536	 0.378760	-0.252114	-0.707870	-0.072133	 0.441968	-0.499615	-0.498348
-0.451901	 0.383096	-0.388353	-0.499153	-0.195536	 0.378760	-0.252114	-0.331678	-0.072133	-0.033761	-0.499616	-0.499094
-0.451901	 0.430068	-0.449512	-0.499512	-0.195536	 0.378760	-0.252114	-0.143582	-0.072133	-0.271059	-0.499617	-0.499467
-0.451901	 0.453555	-0.479591	-0.499692	-0.195536	 0.378760	-0.252114	-0.049534	-0.072133	-0.389144	-0.499618	-0.499653
-0.451901	 0.465298	 0.005871	-0.499782	-0.195536	 0.378760	-0.252114	-0.002510	-0.072133	 0.052377	-0.499618	-0.499746
-0.451901	 0.471169	 0.248602	-0.499826	-0.195536	 0.378760	-0.252114	 0.021002	-0.072133	 0.273137	-0.499618	-0.499793
-0.451901	 0.474105	-0.630033	-0.499849	-0.195536	 0.378760	-0.252114	 0.032758	-0.072133	 0.383518	-0.499618	-0.499816
-0.451901	 0.475573	-1.067868	-0.499860	-0.195536	 0.378760	-0.252114	 0.038636	-0.072133	 0.438708	-0.499618	-0.499828
-0.451901	 0.476307	-0.785307	-0.499866	-0.195536	-0.121240	-0.252114	 0.041575	-0.072133	-0.033697	-0.499618	-0.499834
-0.451901	 0.476674	-0.643532	-0.499868	-0.195536	-0.370655	-0.252114	 0.043045	-0.072133	-0.269338	-0.499618	-0.499836
-0.451901	 0.476857	-0.572152	-0.499870	-0.195536	 0.005221	-0.252114	 0.543779	-0.072133	-0.386597	-0.499618	-0.499838
-0.451901	 0.476949	-0.535970	-0.499871	-0.195536	 0.193160	-0.252114	 0.793280	-0.072133	-0.444667	-0.499618	-0.499839
-0.451901	 0.476995	-0.517879	-0.499871	-0.195536	 0.287129	-0.252114	 0.917165	-0.072133	-0.473144	-0.499618	-0.499839
-0.451901	-0.022982	-0.508833	-0.499871	-0.195536	 0.334113	-0.252114	-0.021756	-0.072133	 0.013175	-0.499618	 0.000161
-0.451901	-0.272453	-0.504310	-0.499871	-0.195536	 0.357606	-0.252114	-0.490420	-0.072133	 0.256334	-0.499618	 0.249626
-0.451901	 0.103329	-0.502049	-0.499871	-0.195536	 0.369352	-0.252114	-0.223956	-0.072133	 0.377914	-0.499618	-0.125641
-0.451901	 0.291219	-0.500918	-0.499871	-0.195536	 0.375225	-0.252114	-0.090724	-0.072133	 0.438704	-0.499618	-0.312739
-0.451901	 0.385165	-0.000353	-0.499871	-0.195536	-0.121839	-0.252114	-0.024108	-0.072133	-0.030901	-0.499618	-0.406289
-0.451901	 0.432137	 0.249438	-0.499871	-0.195536	-0.369788	-0.252114	 0.009200	-0.072133	-0.265148	-0.499618	-0.453063
-0.451901	 0.455624	-0.125666	-0.499871	-0.195536	 0.006820	-0.252114	 0.025854	-0.072133	 0.117729	-0.499618	-0.476450
-0.451901	 0.467367	-0.312726	-0.499871	-0.195536	 0.195124	-0.252114	 0.034181	-0.072133	 0.308611	-0.499618	-0.488144
-0.451901	 0.473238	-0.406256	-0.499871	-0.195536	 0.289275	-0.252114	 0.038345	-0.072133	 0.404052	-0.499618	-0.493991
-0.451901	 0.476174	-0.453021	-0.499871	-0.195536	 0.336351	-0.252114	 0.040427	-0.072133	 0.451773	-0.499618	 0.003086
-0.451901	 0.477642	-0.476404	-0.499871	-0.195536	 0.359889	-0.252114	 0.041468	-0.072133	 0.475633	-0.499618	 0.251090
-0.451901	 0.478376	-0.488095	-0.499871	-0.195536	 0.371658	-0.252114	 0.041988	-0.072133	 0.487563	-0.499618	-0.124908
-0.451901	 0.478743	-0.493941	-0.499871	-0.195536	 0.377543	-0.252114	 0.042248	-0.072133	 0.493528	-0.499618	-0.312372
-0.451901	 0.478927	-0.496864	-0.499871	-0.195536	-0.119515	-0.252114	 0.042378	-0.072133	-0.003489	-0.499618	-0.406104
-0.451901	 0.479018	-0.498325	-0.499871	-0.195536	-0.367463	-0.252114	 0.042443	-0.072133	-0.251442	-0.499618	-0.452970
-0.451901	-0.020936	 0.000944	-0.499871	-0.195536	 0.009142	-0.252114	 0.042476	-0.072133	 0.124582	-0.499618	-0.476403
-0.451901	-0.270397	 0.250088	-0.499871	-0.195536	 0.197445	-0.252114	 0.042492	-0.072133	 0.312037	-0.499618	-0.488120
-0.451901	-0.394613	 0.374659	-0.499871	-0.195536	 0.291597	-0.252114	 0.042500	-0.072133	 0.405765	-0.499618	-0.493978
-0.451901	-0.456207	 0.436945	 0.000129	-0.195536	 0.338672	-0.252114	 0.042504	-0.072133	-0.047371	-0.499618	-0.496907
-0.451901	-0.486492	 0.468088	 0.249619	-0.195536	 0.362210	-0.252114	 0.042506	-0.072133	-0.273383	-0.499618	-0.498372
-0.451901	-0.001122	-0.016341	-0.125635	-0.195536	-0.126021	-0.252114	 0.042507	-0.072133	-0.386389	-0.499618	-0.499104
-0.451901	 0.241562	-0.258063	-0.312752	-0.195536	-0.369558	-0.252114	 0.042508	-0.072133	-0.442892	-0.499618	-0.499470
-0.451901	 0.362905	 0.121076	 0.093689	-0.195536	 0.009251	-0.252114	 0.042508	-0.072133	 0.028857	-0.499618	-0.499653
-0.451901	 0.423576	 0.310154	 0.296400	-0.195536	 0.198655	-0.252114	 0.042508	-0.072133	 0.264175	-0.499618	-0.499745
-0.451901	 0.453912	-0.095307	-0.102244	-0.195536	 0.293358	-0.252114	 0.042508	-0.072133	-0.118166	-0.499618	-0.499790
-0.451901	 0.469079	-0.297546	-0.301056	-0.195536	 0.340709	-0.252114	 0.042508	-0.072133	-0.308781	-0.499618	-0.499813
-0.451901	 0.476663	-0.398665	-0.400462	-0.195536	 0.364384	-0.252114	 0.042508	-0.072133	-0.404088	-0.499618	-0.499825
-0.451901	 0.480455	 0.050775	-0.450165	-0.195536	-0.123778	-0.252114	 0.042508	-0.072133	 0.048258	 0.000382	-0.499830
-0.451901	 0.482351	 0.275004	-0.475017	-0.195536	-0.367283	-0.252114	 0.042508	-0.072133	 0.273876	 0.249896	-0.499833
-0.451901	 0.483299	-0.112881	-0.487442	-0.195536	-0.488460	-0.252114	 0.042508	-0.072133	-0.113316	-0.125347	-0.499835
-0.451901	 0.483773	-0.306332	-0.493655	-0.195536	-0.548474	-0.252114	 0.042508	-0.072133	-0.306356	-0.312482	-0.499835
-0.451901	 0.484010	-0.403058	-0.496762	-0.195536	-0.077908	-0.252114	 0.042508	-0.072133	 0.097124	-0.406050	-0.499836
-0.451901	 0.484129	-0.451420	-0.498315	-0.195536	 0.157375	-0.252114	 0.042508	-0.072133	 0.298309	-0.452834	-0.499836
-0.451901	 0.484188	 0.024398	 0.000908	-0.195536	 0.275016	-0.252114	 0.042508	-0.072133	 0.398901	-0.476226	-0.499836
-0.451901	 0.484218	 0.261816	 0.250011	-0.195536	 0.333837	-0.252114	 0.042508	-0.072133	 0.449197	-0.487922	-0.499836
-0.451901	 0.484232	-0.119475	-0.125438	-0.195536	 0.363247	-0.252114	 0.042508	-0.072133	 0.474345	-0.493770	 0.000164
-0.451901	 0.484240	-0.309629	-0.312652	-0.195536	 0.377952	-0.252114	 0.042508	-0.072133	 0.486919	-0.496694	 0.249630
-0.451901	 0.484244	-0.404705	-0.406259	-0.195536	 0.385305	-0.252114	 0.042508	-0.072133	 0.493206	-0.498156	 0.374362
-0.451901	 0.484245	-0.452244	-0.453063	-0.195536	 0.388981	-0.252114	 0.042508	-0.572133	 0.496349	-0.498887	-0.063271
-0.451901	 0.484246	-0.476013	-0.476465	-0.195536	 0.390819	-0.252114	 0.042508	-0.821023	 0.497921	-0.499252	-0.281553
-0.451901	 0.484247	 0.012103	-0.488166	-0.195536	-0.108261	-0.252114	 0.042508	-0.444361	 0.498707	-0.499435	-0.390694
-0.451901	 0.484247	 0.255669	-0.494016	-0.195536	-0.357230	-0.252114	 0.042508	-0.256030	 0.499100	-0.499526	-0.445264
-0.451901	 0.484247	-0.122548	 0.003059	-0.195536	-0.481143	-0.252114	 0.042508	-0.161864	 0.499296	-0.499572	 0.027451
-0.451901	 0.484247	-0.311165	 0.251087	-0.195536	-0.542530	-0.252114	 0.042508	-0.114782	 0.499394	-0.499595	 0.263274
-0.451901	 0.484247	-0.405473	-0.124899	-0.195536	-0.072655	-0.252114	 0.042508	-0.091240	 0.499444	-0.499606	-0.118815
-0.451901	 0.484247	-0.452627	-0.312382	-0.195536	 0.162283	-0.252114	 0.042508	-0.079470	 0.499468	-0.499612	-0.309324
-0.451901	 0.484247	-0.476204	-0.406124	-0.195536	 0.279752	-0.252114	 0.042508	-0.073584	 0.499480	-0.499615	-0.404578
-0.451901	 0.484247	-0.487992	-0.452994	-0.195536	 0.338486	-0.252114	 0.042508	-0.070642	-0.000514	-0.499616	-0.452206
-0.451901	 0.484247	-0.493887	-0.476430	-0.195536	 0.367854	-0.252114	 0.042508	-0.069170	-0.249955	-0.499617	-0.476019
-0.451901	 0.484247	-0.496834	-0.488147	-0.195536	 0.382537	-0.252114	 0.042508	-0.068435	 0.125325	-0.499617	 0.012074
-0.451901	 0.484247	-0.498307	-0.494006	-0.195536	 0.389879	-0.252114	 0.042508	-0.068067	 0.312409	-0.499617	 0.255586
-0.451901	 0.484247	 0.000956	-0.496936	-0.195536	 0.393550	-0.252114	 0.042508	-0.067883	 0.405951	-0.499617	-0.122658
-0.451901	 0.484247	 0.250096	-0.498400	-0.195536	 0.395385	-0.252114	 0.042508	-0.067791	 0.452721	-0.499618	-0.311245
-0.451901	 0.484247	-0.125334	-0.499133	-0.195536	 0.396303	-0.252114	 0.042508	-0.067745	-0.023893	 0.000382	-0.405538
-0.451901	 0.484247	-0.312557	-0.499499	-0.195536	 0.396762	-0.252114	 0.042508	-0.067722	-0.261644	 0.249897	-0.452685
-0.451901	 0.484247	-0.406168	-0.499682	-0.195536	 0.396991	-0.252114	 0.042508	-0.067710	-0.380520	 0.374654	-0.476258
-0.451901	-0.015753	-0.952974	-0.499774	-0.195536	 0.397106	-0.252114	 0.042508	-0.067705	 0.060042	-0.062968	-0.488045
-0.451901	-0.265242	-1.224904	-0.499819	-0.195536	 0.397164	-0.252114	 0.042508	-0.067702	 0.279767	-0.281292	-0.493938
-0.451901	-0.389477	-0.359398	-0.499842	-0.195536	 0.397192	-0.252114	 0.042508	-0.067700	 0.389630	-0.390455	-0.496885
-0.451901	-0.451086	 0.072858	-0.499854	-0.195536	 0.397207	-0.252114	 0.042508	-0.067700	 0.444561	-0.445036	-0.498358
-0.451901	 0.018617	-0.211511	-0.499859	-0.195536	 0.397214	-0.252114	 0.042508	-0.067699	 0.472027	-0.472327	-0.499095
-0.451901	 0.253469	-0.353695	-0.499862	-0.195536	 0.397217	-0.252114	 0.042508	-0.067699	 0.485759	-0.485972	-0.499463
-0.451901	 0.370895	 0.075213	-0.499864	-0.195536	 0.397219	-0.252114	 0.042508	-0.067699	 0.492626	-0.492795	-0.499647
-0.451901	 0.429608	 0.289172	-0.499864	-0.195536	 0.397220	-0.252114	 0.042508	-0.067699	 0.496059	-0.496206	-0.499739
-0.451901	 0.458964	 0.395657	-0.499865	-0.195536	 0.397220	-0.252114	 0.042508	-0.067699	 0.497776	-0.497911	-0.499785
-0.451901	 0.473642	-0.051594	-0.499865	-0.195536	 0.397221	-0.252114	 0.042508	-0.067699	-0.001366	-0.498764	-0.499808
-0.451901	 0.480981	-0.275219	-0.499865	-0.195536	 0.397221	-0.252114	 0.042508	-0.067699	-0.250381	-0.499191	-0.499820
-0.951901	 0.484651	-0.387032	-0.499865	-0.195536	-0.102779	-0.252114	 0.042508	-0.067699	 0.125111	-0.499404	-0.499826
-1.200399	 0.486486	-0.442938	-0.499865	-0.195536	-0.352211	-0.252114	 0.042508	-0.067699	 0.312302	-0.499511	-0.499829
-0.823148	 0.487403	-0.470892	-0.499865	-0.195536	 0.023639	-0.252114	 0.042508	-0.067699	-0.094103	-0.499564	-0.499830
-0.634522	 0.487862	-0.484868	-0.499865	-0.195536	 0.211564	-0.252114	 0.042508	-0.067699	-0.296750	-0.499591	-0.499831
-0.540209	 0.488091	-0.491856	-0.499865	-0.195536	 0.305527	-0.252114	 0.042508	-0.067699	-0.398073	-0.499604	-0.499831
-0.493053	 0.488206	-0.495351	-0.499865	-0.195536	 0.352508	-0.252114	 0.042508	-0.067699	-0.448735	-0.499610	-0.499831
-0.469475	 0.488263	-0.497098	-0.499865	-0.195536	 0.375999	-0.252114	 0.042508	-0.067699	-0.474065	-0.499614	-0.499831
-0.457686	-0.011708	-0.497971	-0.499865	-0.195536	 0.387744	-0.252114	 0.042508	-0.067699	 0.013269	-0.499615	-0.499831
-0.451791	-0.261187	-0.498408	-0.499865	-0.195536	 0.393617	-0.252114	 0.042508	-0.067699	 0.256380	-0.499616	-0.499831
-0.448844	-0.385421	-0.498626	-0.499865	-0.195536	 0.396553	-0.252114	 0.042508	-0.067699	-0.122064	-0.499617	 0.000169
-0.447370	-0.447033	-0.498736	-0.499865	-0.195536	 0.398021	-0.252114	 0.042508	-0.067699	-0.310730	-0.499617	 0.249634
-0.446633	 0.022664	-0.498790	-0.499865	-0.195536	 0.398756	-0.252114	 0.042508	-0.067699	-0.405063	-0.499617	-0.125633
-0.446265	 0.257513	-0.498817	-0.499865	-0.195536	 0.399123	-0.252114	 0.042508	-0.067699	-0.452230	-0.499617	-0.312731
-0.446081	 0.374937	-0.498831	-0.499865	-0.195536	 0.399306	-0.252114	 0.042508	-0.067699	 0.024187	-0.499617	-0.406281
-0.445989	 0.433649	-0.498838	-0.499865	-0.195536	 0.399398	-0.252114	 0.042508	-0.067699	 0.261839	-0.499617	-0.453055
-0.445942	 0.463005	-0.498841	-0.499865	-0.195536	 0.399444	-0.252114	 0.042508	-0.067699	 0.380665	-0.499617	-0.476443
-0.445919	 0.477683	-0.498843	 0.000135	-0.195536	 0.399467	-0.252114	 0.042508	-0.067699	-0.059922	-0.499617	 0.011864
-0.445908	 0.485022	-0.498844	 0.249626	-0.195536	 0.399478	-0.252114	 0.042508	-0.067699	-0.279659	-0.499617	 0.255483
-0.445902	 0.488692	-0.498844	-0.125629	-0.195536	 0.399484	-0.252114	 0.042508	-0.067699	 0.110472	-0.499617	-0.122708
-0.445899	 0.490527	-0.498844	-0.312746	-0.195536	 0.399487	-0.252114	 0.042508	-0.067699	 0.304982	-0.499617	-0.311268
-0.445898	 0.491444	-0.498845	-0.406305	-0.195536	-0.100512	-0.252114	 0.042508	-0.067699	 0.402237	-0.499617	-0.405548
-0.445897	 0.491903	-0.498845	-0.453084	-0.195536	-0.349946	-0.252114	 0.042508	-0.067699	 0.450864	-0.499617	-0.452688
-0.445897	 0.492132	-0.498845	-0.476474	-0.195536	 0.025902	-0.252114	 0.042508	-0.067699	-0.024822	-0.499617	-0.476258
-0.445897	 0.492247	-0.498845	-0.488169	-0.195536	 0.213826	-0.252114	 0.042508	-0.067699	-0.262110	-0.499617	-0.488043
-0.445897	 0.492304	-0.498845	-0.494016	-0.195536	 0.307788	-0.252114	 0.042508	-0.067699	-0.380753	-0.499617	-0.493936
-0.445896	 0.492333	-0.498845	-0.496940	-0.195536	 0.354769	-0.252114	 0.042508	-0.067699	-0.440075	-0.499617	-0.496882
-0.445896	 0.492347	-0.498845	-0.498402	-0.195536	 0.378259	-0.252114	 0.042508	-0.067699	-0.469736	-0.499617	-0.498355
-0.445896	 0.492354	-0.498845	-0.499133	-0.195536	 0.390005	-0.252114	 0.042508	-0.067699	 0.015434	-0.499617	-0.499092
-0.445896	 0.492358	-0.498845	-0.499498	-0.195536	 0.395877	-0.252114	 0.042508	-0.067699	 0.257462	-0.499617	-0.499460
-0.445896	 0.492360	-0.998845	-0.499681	-0.195536	 0.398813	-0.252114	 0.042508	-0.067699	-0.121523	 0.000383	-0.499644
-0.445896	 0.492361	-1.247372	-0.499772	-0.195536	 0.400282	-0.252114	 0.042508	-0.067699	-0.310460	 0.249897	-0.499736
-0.445896	 0.492361	-0.870166	-0.499818	-0.195536	 0.401016	-0.252114	 0.042508	-0.067699	 0.095071	-0.125346	-0.499782
-0.445896	 0.492361	-0.681564	-0.499841	-0.195536	 0.401383	-0.252114	 0.042508	-0.067699	 0.297281	-0.312481	-0.499805
-0.445896	 0.492361	-0.587262	-0.499852	-0.195536	 0.401566	-0.252114	 0.042508	-0.067699	 0.398386	-0.406049	-0.499817
-0.445896	 0.492361	-0.040111	-0.499858	-0.195536	-0.098342	-0.252114	-0.457492	-0.067699	 0.448938	-0.452833	-0.499823
-0.445896	 0.492361	 0.232966	-0.499861	-0.195536	-0.347733	-0.252114	-0.706697	-0.067699	 0.474215	-0.476225	-0.499825
-0.445896	-0.007639	 0.369007	-0.499862	-0.195536	 0.028134	-0.252114	-0.830507	-0.067699	-0.013147	-0.487921	-0.499827
-0.445896	-0.257136	 0.436532	-0.499863	-0.195536	 0.216068	-0.252114	-0.891620	-0.067699	-0.256272	-0.493769	-0.499828
-0.445896	 0.118617	-0.030201	-0.499863	-0.195536	 0.310035	-0.252114	-0.421386	-0.067699	 0.122165	-0.496693	-0.499828
-0.445896	 0.306494	-0.263567	-0.499863	-0.195536	 0.357018	-0.252114	-0.186269	-0.067699	 0.310828	-0.498155	-0.499828
-0.445896	 0.400432	-0.380251	-0.499863	-0.195536	 0.380510	-0.252114	-0.068710	-0.067699	 0.405159	-0.498886	-0.499828
-0.445896	 0.447401	-0.438592	-0.499864	-0.195536	 0.392256	-0.252114	-0.009931	-0.067699	 0.452325	-0.499251	-0.499828
-0.445896	 0.470885	-0.467763	-0.499864	-0.195536	 0.398129	-0.252114	 0.019459	-0.067699	 0.475908	-0.499434	-0.499828
-0.445896	 0.482628	 0.017652	-0.499864	-0.195536	-0.098935	-0.252114	 0.034154	-0.067699	-0.012301	-0.499525	-0.499828
-0.445896	 0.488499	 0.259865	-0.499864	-0.195536	-0.346905	-0.252114	 0.041501	-0.067699	-0.255849	-0.499571	-0.499828
-0.445896	-0.008566	-0.119522	-0.499864	-0.195536	 0.029670	-0.252114	 0.045175	-0.067699	 0.122377	-0.499594	-0.499828
-0.445896	-0.256597	-0.309215	-0.499864	-0.195536	 0.217957	-0.252114	 0.047012	-0.067699	 0.310934	-0.499605	-0.499828
-0.445896	-0.380113	 0.095938	-0.499864	-0.195536	-0.187899	-0.252114	 0.047930	-0.067699	-0.094788	-0.499611	-0.499828
-0.445896	-0.441373	 0.298022	-0.499864	-0.195536	-0.390268	-0.252114	 0.048389	-0.067699	-0.297093	-0.499614	-0.499828
-0.445896	 0.028495	 0.398573	 0.000136	-0.195536	-0.490894	-0.252114	-0.451381	-0.067699	 0.101755	-0.499615	-0.499828
-0.445896	 0.263429	 0.448849	 0.249627	-0.195536	-0.540650	-0.252114	-0.700477	-0.067699	 0.300623	-0.499616	-0.499828
-0.445896	-0.119104	-0.026014	-0.125627	-0.195536	-0.064972	-0.252114	-0.324237	-0.067699	-0.099944	-0.499616	-0.499828
-0.445896	-0.309874	-0.262953	-0.312745	-0.195536	 0.172867	-0.252114	-0.136117	-0.067699	-0.299671	-0.499617	-0.499828
-0.445896	-0.404763	-0.381422	-0.406303	-0.195536	 0.291786	-0.252114	-0.042057	-0.067699	-0.399534	-0.499617	-0.499828
-0.445896	 0.047793	-0.440657	-0.453083	-0.195536	-0.148754	-0.252114	 0.004973	-0.067699	-0.449466	-0.499617	-0.499828
-0.445896	 0.273575	-0.470274	-0.476472	-0.195536	-0.368469	-0.252114	 0.028488	-0.067699	-0.474432	-0.499617	-0.499828
-0.445896	 0.386466	-0.485083	-0.488167	-0.195536	-0.477773	-0.252114	 0.040245	-0.067699	-0.486915	-0.499617	-0.499828
-0.445896	 0.442912	-0.492487	-0.494015	-0.195536	-0.531871	-0.252114	 0.046124	-0.067699	-0.493156	-0.499617	-0.499828
-0.445896	 0.471134	-0.496190	-0.496938	-0.195536	-0.058369	-0.252114	 0.049063	-0.067699	 0.003723	-0.499617	-0.499828
-0.445896	 0.485246	-0.498041	-0.498400	-0.195536	 0.178382	-0.252114	 0.050533	-0.067699	 0.251606	-0.499617	-0.499828
-0.445896	-0.007698	 0.001034	-0.499131	-0.195536	 0.296758	-0.252114	 0.051268	-0.067699	 0.375548	-0.499617	-0.499828
-0.445896	-0.253675	 0.250080	-0.499497	-0.195536	 0.355946	-0.252114	 0.051635	-0.067699	 0.437519	-0.499617	-0.499828
-0.445896	-0.376663	 0.374603	-0.499679	-0.195536	 0.385540	-0.252114	 0.051819	-0.067699	 0.468505	-0.499617	-0.499828
-0.945896	-0.438157	 0.436864	-0.499771	-0.195536	 0.400337	-0.752114	 0.051911	-0.067699	 0.483997	-0.499617	-0.499828
-1.194400	-0.468904	 0.467995	-0.499816	-0.195536	 0.407735	-1.001045	 0.051957	-0.067699	 0.491744	-0.499617	-0.499828
-0.817158	 0.015722	-0.016440	-0.499839	-0.195536	 0.411434	-0.624444	 0.051980	-0.067699	 0.495617	-0.499617	-0.499828
-0.628537	 0.257540	-0.258165	-0.499851	-0.195536	 0.413284	-0.436143	 0.051991	-0.067699	 0.497554	-0.499617	-0.499828
-0.534227	 0.378449	-0.379028	-0.499856	-0.195536	 0.414209	-0.341992	 0.051997	-0.067699	 0.498522	-0.499617	-0.499828
-0.487072	 0.438903	-0.439459	-0.499859	-0.195536	 0.414671	-0.294917	 0.052000	-0.067699	 0.499006	-0.499617	-0.499828
-0.463494	 0.469131	-0.469675	-0.499861	-0.195536	 0.414902	-0.271380	 0.052001	-0.067699	 0.499248	-0.499617	-0.499828
-0.451705	 0.484244	-0.484782	-0.499861	-0.195536	 0.415018	-0.259611	 0.052002	-0.067699	 0.499369	-0.499617	-0.499828
-0.445811	 0.491801	-0.492336	-0.499862	-0.195536	 0.415076	-0.253726	 0.052002	-0.067699	 0.499430	-0.499617	-0.499828
-0.442864	 0.495579	-0.496113	-0.499862	-0.195536	 0.415105	-0.250784	-0.447997	-0.067699	 0.499460	-0.499617	 0.000172
-0.441390	 0.497469	-0.498002	-0.499862	-0.195536	 0.415119	-0.249313	-0.697211	-0.067699	 0.499475	-0.499617	 0.249637
-0.440653	 0.498413	-0.498946	-0.499862	-0.195536	 0.415126	-0.248578	-0.321032	-0.067699	-0.000517	-0.499617	-0.125630
-0.440285	 0.498886	-0.499418	-0.499862	-0.195536	 0.415130	-0.248210	-0.132943	-0.067699	-0.249958	-0.499617	-0.312728
-0.440101	 0.499122	-0.499654	-0.499862	-0.195536	 0.415132	-0.248026	-0.038898	-0.067699	 0.125322	-0.499617	 0.093722
-0.440008	 0.499240	-0.499772	-0.499862	-0.195536	 0.415133	-0.247934	 0.008124	-0.067699	 0.312406	-0.499617	 0.296414
-0.439962	 0.499299	-0.499831	-0.499862	-0.195536	 0.415133	-0.247888	 0.031635	-0.067699	 0.405948	-0.499617	-0.102241
-0.439939	 0.499328	-0.499861	-0.499862	-0.195536	 0.415133	-0.247865	 0.043391	-0.067699	 0.452719	-0.499617	-0.301033
-0.439928	 0.499343	-0.499875	-0.499862	-0.195536	 0.415133	-0.247853	 0.049269	-0.067699	 0.476104	-0.499617	-0.400429
-0.439922	 0.499350	-0.999883	 0.000138	-0.195536	 0.415133	-0.247848	-0.447792	-0.067699	 0.487797	-0.499617	-0.450127
-0.439919	 0.499354	-1.248413	 0.249629	-0.195536	 0.415133	-0.247845	-0.695539	-0.067699	 0.493644	-0.499617	-0.474976
-0.439918	 0.499356	-0.871208	-0.125626	-0.195536	-0.084867	-0.247843	-0.318629	-0.067699	 0.496567	-0.499617	-0.487401
-0.439917	 0.499357	-0.682605	-0.312743	-0.195536	-0.334316	-0.247843	-0.130175	-0.067699	 0.498028	-0.499617	-0.493613
-0.439917	-0.000643	-0.588304	-0.406302	-0.195536	-0.458490	-0.247842	-0.035947	-0.067699	 0.498759	-0.499617	-0.496719
-0.439917	-0.250147	-0.541153	-0.453081	-0.195536	-0.520029	-0.247842	 0.011166	-0.067699	 0.499124	-0.499617	-0.498272
-0.439916	 0.125101	-0.017577	-0.476471	-0.195536	-0.050251	-0.247842	 0.034723	-0.067699	 0.499307	-0.499617	-0.499049
-0.439916	 0.312230	 0.243713	-0.488166	-0.195536	 0.184639	-0.247842	 0.046502	-0.067699	 0.499399	-0.499617	-0.499437
-0.439916	 0.405794	 0.373862	-0.494013	-0.195536	 0.302083	-0.247842	 0.052391	-0.067699	 0.499444	-0.499617	-0.499631
-0.439916	-0.047424	-0.061558	-0.496937	-0.195536	 0.360806	-0.247842	 0.055335	-0.067699	 0.499467	-0.499617	-0.499728
-0.439916	-0.273537	-0.279269	-0.498399	-0.195536	 0.390167	-0.247842	 0.056808	-0.067699	 0.499478	-0.499617	-0.499777
-0.439916	 0.113406	-0.388124	-0.499130	-0.195536	 0.404847	-0.247842	 0.057544	-0.067699	 0.499484	-0.499617	 0.000199
-0.439916	 0.306383	-0.442551	-0.499495	-0.195536	 0.412188	-0.247842	 0.057912	-0.067699	 0.499487	-0.499617	 0.249653
-0.439916	 0.402871	-0.969765	-0.499678	-0.195536	 0.415858	-0.247842	 0.058096	-0.067699	 0.499488	-0.499617	-0.125621
-0.439916	 0.451115	-1.231901	-0.499769	-0.195536	 0.417693	-0.247842	 0.058188	-0.067699	 0.499489	-0.499617	-0.312722
-0.439916	 0.475237	-0.361502	-0.499815	-0.195536	 0.418610	-0.247842	 0.058234	-0.067699	 0.499490	-0.499617	 0.093727
-0.439916	 0.487298	 0.073198	-0.499838	-0.195536	 0.419069	-0.247842	 0.058257	-0.067699	 0.499490	-0.499617	 0.296417
-0.439916	 0.493328	 0.290049	-0.499849	-0.195536	 0.419298	-0.247842	 0.058268	-0.067699	 0.499490	-0.499617	 0.397763
-0.439916	 0.496344	 0.397977	-0.499855	-0.195536	 0.419413	-0.247842	 0.058274	-0.067699	 0.499490	-0.499617	-0.051565
-0.439916	 0.497851	 0.451443	-0.499858	-0.195536	 0.419471	-0.247842	 0.058277	-0.067699	 0.499490	-0.499617	-0.275693
-0.439916	 0.498605	 0.477681	-0.499859	-0.195536	 0.419499	-0.247842	 0.058278	-0.067699	 0.499490	 0.000383	 0.112242
-0.439916	 0.498982	 0.490304	-0.499860	-0.195536	 0.419514	-0.247842	 0.058279	-0.067699	 0.499490	 0.249897	 0.305676
-0.439916	 0.499171	-0.003878	-0.499860	-0.195536	 0.419521	-0.247842	 0.058280	-0.067699	-0.000510	-0.125346	-0.097607
-0.439916	 0.499265	-0.250969	-0.499860	-0.195536	 0.419524	-0.247842	 0.058280	-0.067699	-0.249954	-0.312481	-0.298714
-0.439916	 0.499312	-0.374515	-0.499860	-0.195536	 0.419526	-0.247842	 0.558280	-0.067699	 0.125324	-0.406049	-0.399267
-0.439916	 0.499335	-0.436287	-0.499861	-0.195536	 0.419527	-0.247842	 0.807402	-0.067699	 0.312407	-0.452833	-0.449544
-0.439916	 0.499347	-0.467174	-0.499861	-0.195536	 0.419527	-0.247842	 0.931086	-0.067699	 0.405948	-0.476224	-0.474682
-0.439916	 0.499353	-0.482617	-0.499861	-0.195536	 0.419528	-0.247842	 0.492053	-0.067699	 0.452719	-0.487920	 0.012748
-0.439916	 0.499356	-0.490339	-0.499861	-0.195536	 0.419528	-0.247842	 0.272537	-0.067699	 0.476104	-0.493768	 0.255930
-0.439916	 0.499358	 0.005801	-0.499861	-0.195536	 0.419528	-0.247842	 0.162778	-0.067699	-0.012203	-0.496692	-0.122480
-0.439916	 0.499358	 0.253377	-0.499861	-0.195536	 0.419528	-0.247842	 0.107899	-0.067699	-0.255801	-0.498154	-0.311149
-0.439916	 0.499359	-0.123327	 0.000139	-0.195536	-0.080472	-0.247842	 0.080460	-0.067699	 0.122400	-0.498885	 0.094516
-0.439916	 0.499359	-0.311187	 0.249630	-0.195536	-0.329925	-0.247842	 0.066740	-0.067699	 0.310945	-0.499251	 0.296814
-0.439916	-0.000641	 0.094882	-0.125624	-0.195536	 0.045894	-0.247842	 0.059880	-0.067699	 0.405217	-0.499434	-0.102037
-0.439916	-0.250145	 0.297425	-0.312742	-0.195536	 0.233803	-0.247842	 0.056450	-0.067699	 0.452353	-0.499525	-0.300927
-0.439916	-0.374897	 0.398696	-0.406300	-0.195536	 0.327758	-0.247842	 0.054735	-0.067699	 0.475921	-0.499571	-0.400372
-0.439916	 0.062726	-0.050668	-0.453080	-0.195536	 0.374735	-0.247842	 0.053877	-0.067699	 0.487705	-0.499594	-0.450095
-0.439916	 0.281043	-0.274859	-0.476469	-0.195536	 0.398224	-0.247842	 0.053449	-0.067699	 0.493597	-0.499605	-0.474956
-0.439916	 0.390201	 0.113046	-0.488164	-0.195536	 0.409968	-0.247842	 0.053234	-0.067699	 0.496543	-0.499611	-0.487387
-0.439916	 0.444780	 0.306506	-0.494012	-0.195536	 0.415840	-0.247842	 0.053127	-0.067699	 0.498016	-0.499614	-0.493602
-0.439916	 0.472070	-0.096764	-0.496935	-0.195536	 0.418777	-0.247842	 0.053074	-0.067699	-0.001247	-0.499615	-0.496710
-0.439916	 0.485715	-0.297908	-0.498397	-0.195536	 0.420245	-0.247842	 0.053047	-0.067699	-0.250323	-0.499616	-0.498264
-0.439916	 0.492537	 0.101520	-0.499128	-0.195536	 0.420979	-0.247842	 0.053033	-0.067699	-0.374861	-0.499616	-0.499041
-0.439916	 0.495948	 0.300742	-0.499494	-0.195536	 0.421346	-0.247842	 0.053027	-0.067699	-0.437130	-0.499616	-0.499429
-0.439916	 0.497654	 0.400353	-0.499676	-0.195536	 0.421529	-0.247842	 0.053023	-0.067699	-0.468264	-0.499616	-0.499623
-0.439916	-0.001493	-0.049841	-0.499768	-0.195536	 0.421621	-0.247842	 0.053022	-0.067699	 0.016168	-0.499616	-0.499721
-0.439916	-0.250571	-0.274447	-0.499813	-0.195536	 0.421667	-0.247842	 0.053021	-0.067699	 0.257829	-0.499616	-0.499769
-0.439916	 0.124890	 0.113250	-0.499836	-0.195536	 0.421690	-0.247842	 0.053020	-0.067699	 0.378659	-0.499616	-0.499793
-0.439916	 0.312125	 0.306606	-0.499848	-0.195536	 0.421701	-0.247842	 0.053020	-0.067699	 0.439074	-0.499616	-0.499806
-0.439916	-0.094257	 0.403284	-0.499853	-0.195536	 0.421707	-0.247842	 0.053020	-0.067699	-0.030718	-0.499616	-0.499812
-0.439916	-0.296953	 0.451623	-0.499856	-0.195536	 0.421710	-0.247842	 0.053020	-0.067699	-0.265059	-0.499616	-0.499815
-0.439916	 0.101699	-0.024207	-0.499858	-0.195536	 0.421711	-0.247842	 0.053020	-0.067699	 0.117771	-0.499616	-0.499816
-0.439916	 0.300530	-0.261631	-0.499858	-0.195536	 0.421712	-0.247842	 0.053020	-0.067699	 0.308630	-0.499616	-0.499817
-0.439916	 0.399945	-0.380343	-0.499859	-0.195536	 0.421712	-0.247842	 0.053020	-0.067699	 0.404060	-0.499616	-0.499817
-0.439916	 0.449653	-0.439699	-0.499859	-0.195536	 0.421712	-0.247842	 0.053020	-0.067699	-0.048226	-0.499616	-0.499817
-0.439916	 0.474507	-0.469377	-0.499859	-0.195536	 0.421713	-0.247842	 0.053020	-0.067699	-0.273812	-0.499616	-0.499818
