-0.942896	-3.199253	-0.499768	-0.499392	-2.946940	-0.019511	-1.836877	 0.031485	 0.924336	-2.943922	-0.643633	-0.118129
-0.892250	-3.186434	-0.499768	-0.499392	-2.931734	-0.003793	-1.829506	 0.265406	 1.167669	-2.729502	-0.644468	-0.308767
-0.865243	-3.173676	-0.499768	-0.499392	-2.918298	 0.004067	-1.822177	 0.382367	 1.286513	-2.617262	-0.643594	-0.404086
-0.850063	-3.160976	-0.499768	-0.499392	-3.405771	 0.007997	-1.814883	 0.440847	 0.843124	-2.556132	-0.641872	 0.048254
-0.840804	-3.148329	-0.499768	-0.499392	-3.641720	 0.009961	-1.807620	 0.470087	 0.621430	-2.520577	-0.639731	 0.273423
-0.834511	-3.135734	-0.499768	-0.499392	-3.251940	-0.489056	-1.800388	-0.015293	 0.510583	-2.997829	-0.637385	 0.386008
-0.829708	-3.123191	-0.499768	-0.499392	-3.051325	-0.736589	-1.793186	-0.256981	 0.455159	-3.229505	-0.634942	 0.442300
-0.825657	-3.110698	-0.499768	-0.499392	-2.945316	-0.858387	-1.786013	-0.377826	 0.927448	-3.338421	-0.632455	 0.470446
-0.821988	-3.098255	-0.499768	-0.499392	-2.886633	-0.917326	-1.778869	-0.438248	 1.160792	-3.385984	-0.629952	 0.484519
-0.818517	-3.085862	-0.499768	-0.499392	-2.851636	-0.444842	-1.771753	-0.468459	 1.274676	-2.902899	-0.627445	 0.491556
-0.815151	-3.073518	-0.499768	-0.499392	-2.828504	-0.208601	-1.764666	-0.483564	 1.328841	-2.656516	-0.624942	 0.495074
-0.811845	-3.061224	-0.499768	-0.499392	-2.811327	-0.090480	-1.757607	-0.491117	 1.353158	-2.528505	-0.622446	 0.496833
-0.808575	-3.048979	-0.499768	-0.999392	-2.797151	-0.031420	-1.750577	-0.494894	 0.862561	-2.959698	-0.619958	 0.497713
-0.805329	-3.036783	-0.499768	-1.246393	-2.784496	-0.001889	-1.743575	-0.496782	 0.617263	-3.168513	-0.617479	 0.498153
-0.802102	-3.024636	-0.499768	-0.866907	-2.772626	 0.012876	-1.736600	-0.497726	 0.494613	-2.766166	-0.115009	 0.498372
-0.798891	-3.012537	-0.499768	-0.677164	-2.761169	 0.020258	-1.729654	-0.498198	 0.433289	-2.560265	 0.136225	 0.498482
-0.795694	-3.000487	-0.499768	-0.582293	-3.249941	 0.023950	-1.722735	-0.498434	 0.902626	-2.952605	-0.238157	 0.498537
-0.792510	-2.988485	-0.499768	-0.534857	-3.486849	 0.025795	-1.715844	-0.498552	 1.134551	-3.142086	-0.424123	 0.498565
-0.789340	-2.976531	-0.499768	-0.511139	-3.597856	-0.473282	-1.708981	-0.498611	 0.747781	-3.230163	-0.515886	 0.498579
-0.786182	-2.964625	-0.499768	-0.499280	-3.645942	-0.720876	-1.702145	-0.498641	 0.554396	-3.267565	-0.560553	 0.498585
-0.783037	-2.952767	-0.499768	-0.493351	-3.662597	-0.842736	-1.695336	-0.498655	 0.457703	-3.279656	-0.581675	 0.498589
-0.779905	-2.940956	-0.499768	-0.490386	-3.163566	-0.901737	-1.688555	-0.498663	 0.909357	-3.279118	-0.591031	 0.498591
-0.776786	-2.929192	-0.499768	-0.488903	-2.908721	-0.929316	-1.681801	-0.498666	 1.132462	-3.272292	-0.594508	 0.498591
-0.773678	-2.917475	-0.499768	-0.488162	-2.775991	-0.441191	-1.675074	-0.498668	 1.241303	-2.762348	-0.595051	 0.498592
-0.770584	-2.905805	-0.499768	-0.487792	-2.704339	-0.197129	-1.668373	-0.498669	 1.293023	-2.502871	-0.594131	 0.498592
-0.767501	-2.894182	-0.499768	-0.487606	-2.663248	-0.075098	-1.661700	 0.001330	 0.816194	-2.868646	-0.592484	 0.498592
-0.764431	-2.882605	-0.499768	-0.487514	-2.637458	-0.014082	-1.655053	 0.250328	 0.577779	-3.045064	-0.590479	 0.498592
-1.261374	-2.871075	-0.499768	-0.487467	-2.619340	 0.016425	-1.648433	-0.125174	 0.958572	-3.126831	-0.088300	 0.498592
-1.506328	-2.859591	-0.499768	-0.487444	-2.605078	 0.031679	-1.641839	-0.311923	 1.146289	-3.161297	 0.162790	 0.498592
-1.625303	-2.848152	-0.499768	-0.487433	-2.592766	 0.039306	-1.635272	-0.405298	 1.237480	-3.172138	 0.288334	 0.498592
-1.181302	-2.836760	-0.499768	-0.487427	-2.581449	 0.043120	-1.628731	-0.451985	 0.780418	-2.671193	 0.351107	 0.498592
-0.957826	-2.825413	-0.499768	-0.487424	-2.570650	 0.045026	-1.622216	-0.475329	 0.551887	-2.416380	 0.382493	 0.498592
-0.844620	-2.814111	-0.499768	-0.987423	-2.560131	-0.454020	-1.615727	-0.487001	 0.937622	-2.284650	 0.398186	 0.498592
-0.786554	-2.802854	-0.499768	-1.234447	-2.549772	-0.701637	-1.609264	-0.492837	 1.127842	-2.214479	 0.406033	 0.498592
-0.756064	-3.291643	 0.000232	-0.854996	-2.539514	-0.323548	-1.602827	 0.004245	 1.220317	-2.675105	-0.090044	 0.498592
-0.739368	-3.528476	 0.249232	-0.665271	-2.529326	-0.134503	-1.596416	 0.251784	 1.263928	-2.899147	-0.336910	 0.498592
-0.729575	-3.139363	-0.126269	-0.570408	-2.519194	-0.039980	-1.590030	-0.124447	 1.283119	-2.504921	-0.459176	 0.498592
-0.723238	-2.939305	-0.313015	-0.522977	-2.509110	 0.007281	-1.583670	-0.311561	 1.290109	-2.303587	-0.519145	 0.498592
-0.718636	-2.833798	-0.406388	-0.499261	-2.499070	 0.030912	-1.577335	-0.405118	 1.291011	-2.198716	-0.547972	 0.498592
-0.714907	-2.775588	-0.453075	-0.487403	-2.489072	 0.042727	-1.571026	 0.048103	 1.288877	-2.142092	-0.061232	 0.498592
-0.711620	-2.741048	-0.476418	-0.481474	-2.479115	 0.048635	-1.564742	 0.273711	 1.285237	-2.109609	 0.182138	 0.498592
-0.708560	-2.718365	 0.011910	-0.478510	-2.469198	 0.051589	-1.558483	-0.113485	 1.280854	-2.089214	 0.303823	 0.498592
-0.705619	-2.701632	 0.255074	-0.477028	-2.459321	 0.053065	-1.552249	-0.306081	 1.276109	-2.074878	 0.364666	 0.498592
-0.702743	-2.687896	-0.123345	-0.476287	-2.449483	 0.053804	-1.546040	 0.097620	 1.271194	-2.563590	 0.395087	 0.498592
-0.699906	-2.675679	-0.311550	-0.475916	-2.439685	 0.054173	-1.539856	 0.298469	 1.266204	-2.801841	 0.410298	 0.498592
-0.697093	-2.664244	 0.094347	-0.475731	-1.929926	 0.054358	-1.533696	 0.398893	 1.261187	-1.914886	 0.417903	 0.498592
-0.694298	-2.653221	 0.296295	-0.475638	-1.672207	 0.054450	-1.527561	 0.449105	 1.256166	-1.469353	 0.421706	 0.498592
-0.691517	-2.642425	 0.397269	-0.475592	-1.540518	 0.054496	-1.521451	 0.474211	 1.251153	-1.244538	 0.423607	 0.498592
-0.688749	-2.131764	 0.447756	 0.024431	-0.971856	 0.554519	-0.515365	 0.986764	 1.246154	-1.130092	 0.424558	 0.998592
-0.685994	-1.873191	 0.473000	 0.273394	-0.687525	 0.802422	-0.012322	 1.240042	 1.241173	-1.070837	 0.425033	 1.245595
-0.183249	-0.740675	 0.985622	 0.896831	 1.954641	 1.424272	 2.739199	 2.363694	 2.236209	 4.460813	 2.425271	 1.366111
 0.068123	-0.174418	 1.238936	 1.205508	 3.266530	 1.731105	 4.103978	 2.918546	 2.727265	 7.206653	 3.416539	 1.423396
 1.693809	 3.608711	 1.862609	 1.856819	 6.913318	 1.880446	 6.775430	 2.689024	 1.966357	 10.559669	 3.403357	 0.949077
 2.500013	 5.485492	 2.169472	 2.177458	 8.715591	 1.951057	 8.092263	 2.569345	 1.583491	 12.208351	 3.389986	 0.711918
 3.896503	 12.409158	 1.817952	 2.332781	 13.095692	 1.982319	 10.731861	 2.004606	 0.889658	 17.004978	 3.876547	-0.406662
 4.584162	 15.832325	 1.639258	 2.405467	 15.250791	 1.993923	 12.024917	 1.719357	 0.542741	 19.359688	 4.111101	-0.962901
 4.917447	 17.505398	 1.546991	 2.436853	 16.293529	 1.995714	 12.644809	 1.573864	 0.369282	 20.493614	 4.219687	-1.237983
 5.573589	 21.803577	 1.497947	 2.447610	 19.280225	 2.492614	 14.428225	 1.498260	-0.217447	 22.517323	 4.265323	-1.872497
 5.889200	 23.900463	 1.470528	 2.448071	 20.729040	 2.735085	 15.287510	 1.457614	-0.509203	 23.480095	 4.279520	-2.184741
 6.534596	 26.896912	 0.953932	 3.943405	 28.909091	 2.850366	 16.184859	 0.934456	-0.153480	 34.412595	 6.278030	-1.335868
 6.842934	 28.335349	 0.695634	 4.680195	 32.924939	 2.902075	 16.599369	 0.672878	 0.024382	 39.848009	 7.260733	-0.911432
 8.982800	 34.995021	 1.566485	 4.537755	 33.358981	 3.422021	 19.772597	 2.042088	-0.386687	 37.535004	 7.735597	-1.199214
 10.030488	 38.302457	 1.997036	 4.457745	 33.508416	 3.674111	 21.313319	 2.719871	-0.590626	 36.308057	 7.956608	-1.340131
 10.532176	 40.433866	 2.207456	 4.408984	 32.515817	 3.292303	 19.037972	 1.551967	-1.191006	 31.124421	 6.050758	-1.907627
 10.760952	 41.480605	 2.307830	 4.375884	 31.956472	 3.095579	 17.866773	 0.968015	-1.487614	 28.480722	 5.089544	-2.186425
 10.853361	 41.985084	 2.353201	 4.350648	 31.614005	 2.991418	 17.247782	 0.676039	-1.632349	 27.107198	 4.600680	-2.320894
 8.877673	 37.218510	 1.371089	 3.329379	 28.380228	 2.433564	 16.905029	 0.530051	-1.701162	 26.368969	 4.348024	-2.383217
 7.876026	 34.770319	 0.880034	 2.814128	 26.713047	 2.150885	 16.700528	 0.457057	-1.732029	 25.948593	 4.213506	-2.409488
 7.361453	 32.481579	 0.634506	 2.551905	 26.329365	 2.505809	 16.565286	 0.920560	-1.743937	 25.687348	 4.138088	-2.417752
 7.090473	 31.276824	 0.511742	 2.416214	 26.085632	 2.677550	 16.464805	 1.149543	-1.746379	 25.505874	 4.092254	-2.417032
 6.441344	 30.614302	 0.450360	 2.343808	 25.412082	 2.757722	 16.381835	 1.261278	-1.744102	 24.864488	 4.061245	-2.411839
 6.105195	 30.223137	 0.419669	 2.303062	 25.025830	 2.792132	 16.307753	 1.314399	-1.739480	 24.495349	 4.037679	-2.404429
 6.425583	 29.967891	-0.095677	 2.278164	 25.283425	 2.803684	 16.238244	 0.838225	-1.733700	 24.262527	 4.017868	-2.395931
 6.572284	 29.780843	-0.352128	 2.261209	 25.361140	 2.803829	 16.171153	 0.600138	-1.727353	 24.098056	 3.999967	-2.386906
 6.632197	 29.628131	-0.479136	 2.248243	 25.349120	 2.798294	 16.105399	 0.481094	-1.720738	 23.967954	 3.983052	-2.377638
 6.648770	 29.992824	-0.041428	 2.237289	 25.292436	 2.789941	 16.040442	 0.921572	-1.714002	 23.855227	 3.966662	-2.368268
 6.643725	 30.114456	 0.177427	 2.227359	 25.213622	 2.780201	 15.976013	 1.139087	-1.707220	 23.751379	 3.950567	-2.358865
 6.627925	 29.614800	 0.286854	 2.217960	 25.123946	 2.769791	 15.911975	 0.745132	-1.700428	 23.652159	 3.934650	-2.349464
 6.606801	 29.306741	 0.341567	 2.208843	 25.029039	 2.759066	 15.848261	 0.548154	-1.693645	 23.555444	 3.918854	-2.340084
 6.583068	 29.594714	 0.368924	 2.199885	 24.931718	 2.748208	 15.784834	 0.949665	-1.686879	 23.460169	 3.903150	-2.330732
 6.558083	 29.678936	 0.382602	 2.191024	 24.833388	 2.737304	 15.721678	 1.147718	-1.680136	 23.365801	 3.887523	-2.321414
 6.032524	 29.161520	 0.389441	 2.182230	 24.734753	 2.726399	 15.658783	 1.244053	-1.673418	 23.272075	 3.871966	-2.312130
 5.758730	 28.845524	 0.392861	 2.173485	 24.636163	 2.715515	 15.596144	 1.289540	-1.666726	 23.178855	 3.856475	-2.302883
 6.110864	 28.630467	 0.394571	 2.164784	 24.037793	 2.704664	 15.533757	 1.309613	-1.660059	 23.086073	 3.841047	-1.793672
 6.274004	 28.466108	 0.395426	 2.156121	 23.691730	 2.693851	 15.471621	 1.316990	-1.653419	 22.993696	 3.825682	-1.536497
 6.342701	 28.327325	 0.395853	 2.147494	 23.472006	 2.683079	 15.409734	 1.318030	-1.646806	 22.901705	 3.810379	-1.405351
 5.864226	 28.201556	 0.396067	 2.138903	 23.815640	 2.672348	 15.348095	 0.815912	-1.640219	 22.810090	 3.795137	-1.837230
 5.614217	 28.082520	 0.396174	 2.130347	 23.939138	 2.661659	 15.286702	 0.564853	-1.633658	 22.718845	 3.779956	-2.048631
 5.478484	 27.967075	 0.396227	 2.121826	 23.952762	 2.151013	 15.225555	 0.939324	-1.627123	 23.127968	 3.764836	-1.649812
 5.399932	 27.853649	 0.396254	 2.113338	 23.911642	 1.892409	 15.164653	 1.123931	-1.620615	 23.285455	 3.749777	-1.447900
 5.850013	 28.241456	 0.396267	 2.104885	 23.843340	 2.259839	 15.103995	 1.213618	-1.614132	 22.817313	 3.734778	-1.844452
 6.062454	 28.378101	 0.396274	 2.096465	 23.761639	 2.438300	 15.043579	 1.255855	-1.607676	 22.538543	 3.719839	-2.038246
 6.156124	 27.889394	 0.396277	 2.088079	 23.673429	 2.522297	 14.983404	 1.274377	-1.601245	 22.354639	 3.704960	-2.130679
 6.190460	 27.590239	 0.396279	 2.079727	 23.582153	 2.559083	 14.923471	 1.281052	-1.594840	 22.218345	 3.690140	-2.172449
 6.195178	 27.386079	 0.396280	 2.071408	 23.489534	 2.572284	 14.863777	 1.281814	-1.588461	 22.106034	 3.675379	-2.188906
 6.185137	 27.229636	 0.396280	 1.563123	 23.396430	 2.573713	 14.804322	 1.279630	-1.582107	 22.005891	 3.660678	-1.692724
 6.167767	 27.097267	 0.396280	 1.306870	 23.303272	 2.569278	 14.745104	 1.275983	-1.575778	 21.912009	 3.646035	-1.442239
 6.146781	 26.977153	 0.396281	 1.676643	 23.210272	 2.561930	 14.686124	 1.271615	-1.569475	 21.821431	 3.631451	-1.814614
 6.124036	 26.863382	 0.396281	 1.857436	 23.117538	 2.553148	 14.627379	 1.266897	-1.563197	 21.732680	 3.616925	-1.996427
 5.600461	 26.752998	 0.396281	 1.943756	 22.525121	 2.543667	 14.568870	 0.762013	-1.556945	 21.645017	 3.602457	-2.082977
 5.328520	 26.644520	 0.396281	 1.982856	 22.185048	 2.533859	 14.510594	 0.509571	-1.550717	 21.558071	 3.588047	-2.121913
 5.182436	 26.037209	 0.896281	 1.998362	 21.971321	 2.523907	 13.952552	 0.383350	-1.544514	 20.971655	 3.573695	-1.637059
 5.099322	 25.682694	 1.143488	 2.002088	 21.820942	 2.513903	 13.646742	 0.320240	-1.538336	 20.637677	 3.559400	-1.392328
 5.047732	 25.454780	 1.264310	 1.999939	 21.702412	 2.503893	 13.467155	 0.288685	-1.532183	 20.430081	 3.545163	-1.267667
 5.011945	 22.790369	 0.821951	 1.994869	 19.099979	 2.493900	 11.850786	 0.772907	-1.026054	 17.285838	 3.530982	-0.203051
 4.984099	 21.417912	 0.600772	 1.988354	 17.765767	 2.483936	 11.022133	 1.012504	-0.771950	 15.685433	 3.516858	 0.327534
 4.460264	 16.691592	 0.990182	 1.981133	 13.565798	 1.974006	 8.587420	 0.629798	-0.143862	 11.357060	 3.002791	 0.591111
 4.190473	 14.304502	 1.182128	 1.973575	 11.447082	 1.716113	 7.357757	 0.438445	 0.170182	 9.178817	 2.740780	 0.721189
 3.047736	 10.087122	 1.275353	 1.465863	 7.869067	 1.584250	 4.230670	 1.342769	 0.827204	 3.075694	 1.604817	 0.784526
 2.472558	 7.966693	 1.319228	 1.210091	 6.071478	 1.515413	 2.664919	 1.790437	 1.152747	 0.030187	 1.036835	 0.814499
 0.681174	 0.894785	 0.838439	 0.580297	 0.164135	 0.978102	-0.620154	 1.009794	 0.812561	-3.486536	-0.247156	 0.327796
-0.212297	-2.628814	 0.598045	 0.265400	-2.778050	 0.709446	-2.254881	 0.619473	 0.642469	-5.230890	-0.886089	 0.084445
-0.656822	-4.378309	 0.477848	 0.107951	-4.237702	 0.575119	-3.064465	 0.424312	 0.557422	-6.089117	-1.202505	-0.037231
-0.876881	-6.240801	 0.417749	-0.470773	-5.956133	 0.007955	-3.961509	-0.173268	 0.514899	-7.504336	-1.357676	-0.098069
-0.984717	-7.155840	 0.387700	-0.758037	-6.799999	-0.274509	-4.400314	-0.470516	 0.493638	-8.194106	-1.432235	-0.128487
-1.536450	-8.097218	-0.127325	-0.899578	-7.706645	-0.414627	-5.110038	-0.617605	 0.483007	-8.021224	-1.466501	-0.143697
-1.808140	-8.549830	-0.383552	-0.968266	-8.142741	-0.483576	-5.453260	-0.689620	 0.477691	-7.919086	-1.480633	-0.151302
-1.939825	-8.758131	-0.510386	-1.000536	-8.343631	-0.516946	-5.113279	-1.224104	 0.475034	-7.852383	-1.484709	-0.155104
-2.001525	-8.844348	-0.572529	-1.014605	-8.426988	-0.532530	-4.933741	-1.487829	 0.473705	-7.803460	-1.483770	-0.157005
-2.028248	-8.869596	-0.602331	-1.519583	-8.451645	-0.539226	-5.334464	-1.116189	 0.473040	-7.763490	-1.480334	-0.157956
-2.037500	-8.864430	-0.615968	-1.768022	-8.447021	-0.541482	-5.523355	-0.928879	 0.472708	-7.728057	-1.475663	-0.158431
-2.038032	-8.844129	-0.621527	-1.888209	-8.427824	-0.541522	-5.606376	-0.833741	 0.472542	-7.694956	-1.470385	-0.158669
-2.034221	-8.816330	-0.623052	-1.444286	-8.401409	-1.040460	-5.636508	-0.784695	-0.027541	-8.163081	-1.464816	-0.158788
-2.028255	-8.784854	-0.622566	-1.220324	-8.371451	-1.286849	-5.640241	-0.758701	-0.276527	-8.379882	-1.459113	-0.158847
-2.021227	-8.751609	-0.621079	-1.606350	-8.339789	-1.406978	-5.630819	-1.244238	-0.399969	-7.971089	-1.453355	-0.158877
-2.013685	-8.717550	-0.619096	-1.795378	-8.307342	-1.463988	-5.614865	-1.483547	-0.460644	-7.751568	-1.447580	-0.158891
-2.005902	-8.683154	-0.616870	-1.385923	-8.274568	-0.989451	-5.595691	-1.599756	 0.010062	-7.626743	-1.441810	-0.158899
-1.998014	-8.648658	-0.614528	-1.179243	-8.241698	-0.751153	-5.574950	-1.654429	 0.245415	-7.549327	-1.436052	-0.158903
-1.990089	-8.614181	-0.612132	-1.073958	-8.208845	-1.130978	-5.553472	-1.178347	 0.363091	-7.495675	-1.430313	-0.158904
-1.982163	-8.579784	-0.609715	-1.019378	-8.176067	-1.317869	-5.531668	-0.938901	 0.421929	-7.453965	-1.424594	-0.158905
-1.974251	-8.545494	-0.607292	-0.990158	-8.143391	-1.408305	-5.509747	-0.817780	 0.451348	-7.418285	-1.418897	-0.158906
-1.966363	-8.511327	-0.604871	-0.973627	-8.110832	-1.450525	-5.487811	-0.755825	 0.466058	-7.385680	-1.413222	-0.158906
-1.958502	-8.477289	-0.602455	-0.963446	-8.078396	-1.468650	-5.465911	-0.723461	 0.473413	-7.354672	-1.407569	-0.158906
-1.950670	-8.443384	-0.600047	-0.956450	-8.046086	-1.474739	-5.444073	-0.705896	-0.022910	-7.324520	-1.401939	-0.158906
-1.942868	-8.409612	-0.597648	-0.951053	-8.013903	-1.474821	-5.422309	-0.695737	-0.270033	-7.294855	-1.396331	-0.158906
-1.935097	-8.375975	-0.595258	-0.946463	-7.981848	-1.471913	-5.400626	-1.189286	 0.107440	-7.265493	-1.390746	-0.158906
-1.927357	-8.342471	-0.592877	-0.942284	-7.949921	-1.467521	-5.379027	-1.432695	 0.296177	-7.236339	-1.385183	-0.158906
-1.919648	-8.309102	-0.590506	-0.938319	-7.918122	-1.462398	-5.357513	-1.051048	 0.390545	-7.207348	-1.379643	-0.158906
-1.911969	-8.275865	-0.588144	-0.934467	-7.886450	-1.456923	-5.336083	-0.858885	 0.437729	-7.178496	-1.374124	-0.158906
-1.904321	-8.242762	-0.585791	-0.930680	-7.854904	-1.451282	-5.314739	-0.761470	 0.461321	-7.149770	-1.368627	-0.158906
-1.896704	-8.209791	-0.583448	-0.926933	-7.823484	-1.445570	-5.293481	-0.711435	 0.473117	-7.621165	-1.363153	-0.158906
-1.889117	-8.176952	-0.581114	-0.923213	-7.792190	-1.439835	-5.272307	-0.685094	 0.479015	-7.840678	-1.357700	-0.158906
-1.881561	-8.144244	-0.578790	-0.919514	-7.761022	-0.934099	-5.251218	-0.670607	 0.481964	-7.434314	-1.352270	-0.158906
-1.874035	-8.111667	-0.576475	-0.915833	-7.729977	-0.681231	-5.230213	-0.662050	 0.483438	-7.217076	-1.346860	-0.158906
-1.866538	-8.079220	-0.574169	-0.912168	-7.699058	-1.054797	-5.209292	-0.656465	 0.484176	-7.094457	-1.341473	-0.158906
-1.859072	-8.046903	-0.571872	-0.908518	-7.668261	-1.238723	-5.188455	-0.652371	 0.484544	-7.019204	-1.336107	-0.158906
-1.851636	-8.014716	-0.569585	-1.404884	-7.637588	-1.327841	-5.167701	-0.649027	-0.015271	-7.467690	-1.330763	-0.158906
-1.844229	-7.982657	-0.567306	-1.649264	-7.607038	-1.369566	-5.147030	-0.646064	-0.264149	-7.676100	-1.325440	-0.158906
-1.836853	-7.950726	-0.565037	-1.767667	-7.576610	-1.387606	-5.126442	-0.643296	-0.387562	-7.764536	-1.320138	-0.158906
-1.829505	-7.918923	-0.562777	-1.323096	-7.546303	-1.393814	-4.605936	-0.640631	 0.051754	-7.293049	-1.314857	 0.341094
-1.822187	-7.887248	-0.560526	-1.099054	-7.516118	-1.394119	-4.337513	-0.638023	 0.271412	-7.043662	-1.309598	 0.589411
-1.814898	-7.855699	-0.558284	-0.985283	-7.486054	-1.391482	-4.695163	-0.635448	 0.381240	-7.405379	-1.304360	 0.211895
-1.807639	-7.824276	-0.556051	-0.926654	-7.456109	-1.387386	-4.863882	-0.632895	 0.436155	-7.570704	-1.299142	 0.023137
-1.800408	-7.792979	-0.553826	-0.895604	-7.426285	-1.382571	-4.938176	-0.630357	 0.463612	-7.637895	-1.293946	 0.428758
-1.793207	-7.761807	-0.551611	-0.878349	-7.396580	-1.377409	-4.965299	-0.627833	 0.477341	-7.656080	-1.288770	 0.629899
-1.786034	-7.730760	-0.549405	-0.868000	-7.366994	-1.372083	-4.968875	-0.625320	 0.484205	-7.149824	-1.283615	 0.728808
-1.778890	-7.699837	-0.547207	-0.861110	-7.337526	-1.366686	-4.960718	-0.622818	 0.487637	-6.883408	-1.278480	 0.776607
-1.771774	-7.669037	-0.545018	-0.855957	-7.308175	-1.361265	-4.946735	-0.620327	 0.489353	-6.736967	-1.273366	 0.798858
-1.764687	-7.638361	-0.542838	-0.851678	-7.278943	-1.355843	-4.429878	-1.117845	 0.490211	-6.650565	-1.268273	 0.308341
-1.757628	-7.607808	-0.540667	-0.847844	-7.249827	-1.350431	-4.163623	-1.363374	 0.490640	-6.594236	-1.263200	 0.063082
-1.750598	-7.577376	-0.538504	-0.844239	-7.220828	-0.845035	-4.522701	-0.982920	 0.490855	-6.552995	-1.258147	 0.440453
-1.743595	-7.547067	-0.536350	-0.840756	-7.191944	-0.592337	-4.692476	-0.791488	 0.490962	-6.519352	-1.253114	 0.627503
-1.736621	-7.516879	-0.534205	-0.837339	-7.163177	-0.965988	-4.267639	-0.694572	 0.491016	-6.489558	-1.248102	 0.219399
-1.729674	-7.486811	-0.532068	-0.833963	-7.134524	-1.150135	-4.047535	-0.644919	 0.491043	-6.461742	-1.243109	 0.015346
-1.722756	-7.456864	-0.529940	-0.830614	-7.105986	-1.239539	-4.429829	-0.618902	 0.491056	-5.934966	-1.238137	-0.086680
-1.715865	-7.427036	-0.527820	-0.827285	-7.077562	-1.281584	-4.611351	-0.604708	 0.491063	-5.660762	-1.233184	-0.137693
-1.709001	-7.397328	-0.525709	-0.823972	-7.049252	-1.299959	-4.692526	-0.596429	 0.491066	-5.512887	-1.228252	-0.163199
-1.702165	-7.367739	-0.523606	-0.820675	-7.021055	-1.306509	-4.723567	-0.591114	 0.491068	-5.928219	-1.223339	-0.175952
-1.695357	-7.338268	-0.521511	-0.817391	-6.992970	-1.307159	-4.729577	-0.587285	 0.491068	-6.123198	-1.218445	-0.182329
-1.688575	-7.308915	-0.519425	-0.814121	-6.464999	-1.304868	-4.223112	-1.084203	 0.491069	-6.208051	-1.213572	-0.185517
-1.681821	-7.279679	-0.517348	-0.810865	-6.189139	-1.301117	-3.962446	-1.329500	 0.491069	-6.237892	-1.208717	-0.187112
-1.675094	-7.250561	-0.515278	-0.807621	-6.539382	-1.296647	-4.324709	-0.948999	 0.491069	-6.240277	-1.203882	-0.187909
-1.668393	-7.221558	-0.513217	-0.804390	-6.700724	-1.291828	-4.496467	-0.757612	 0.491069	-6.228984	-1.199067	-0.188307
-1.661720	-7.192672	-0.511164	-1.301173	-6.767672	-1.286844	-4.573009	-0.660785	 0.491069	-6.210902	-1.194271	 0.311494
-1.655073	-7.163901	-0.509120	-1.545968	-6.787476	-1.281788	-4.601981	-0.611244	 0.491069	-6.189476	-1.189494	 0.559771
-1.648452	-7.135246	-0.507083	-1.664784	-6.783763	-1.276707	-4.607205	-0.585350	 0.491069	-6.166426	-1.184736	 0.682294
-1.641859	-7.106705	-0.505055	-1.220625	-6.768347	-1.271623	-4.600593	-0.571284	 0.491069	-6.142615	-1.179997	 0.741946
-1.635291	-7.078278	-0.503035	-0.996993	-6.747133	-1.266548	-4.588098	-0.563137	 0.491069	-6.118471	-1.175277	 0.770169
-1.628750	-7.049965	-0.501022	-0.883630	-6.723074	-1.261488	-4.572700	-0.557953	 0.491069	-6.094211	-1.170576	 0.782683
-1.615746	-6.993678	-0.499513	-0.794762	-6.171589	-1.251420	-4.038401	-0.551306	 0.491069	-6.045715	-1.161230	 0.288099
-1.609283	-6.965703	-0.499262	-0.777911	-5.897269	-1.246415	-3.772617	-0.548735	 0.491069	-6.021559	-1.156585	 0.038474
-1.602846	-6.937840	-0.499136	-0.767964	-6.248863	-1.241430	-4.132711	-0.546356	 0.491069	-5.997486	-1.151958	 0.413661
-1.596435	-6.910089	-0.499073	-0.761474	-6.411459	-1.236464	-4.303772	-0.544079	 0.491069	-5.973502	-1.147351	 0.599677
-1.590049	-6.882449	-0.499042	-0.756719	-6.479609	-1.231519	-4.380353	-0.541857	 0.491069	-5.949612	-1.142761	 0.691114
-1.583689	-6.854919	-0.499026	-0.752838	-6.500588	-1.226593	-4.409730	-0.539667	 0.491069	-5.925815	-1.138190	 0.735267
-1.577354	-6.827499	-0.499018	-0.749399	-6.498035	-1.221686	-4.415540	-0.537497	 0.491069	-5.902113	-1.133637	 0.755785
-1.571045	-6.800189	-0.499014	-0.746188	-5.983767	-0.716800	-3.909603	-0.535341	 0.491069	-5.878504	-1.129103	 0.764491
-1.564760	-6.772989	-0.499012	-0.743096	-5.715694	-0.464356	-3.649826	-0.533197	 0.491069	-5.854991	-1.124586	 0.767298
-1.558501	-6.745897	-0.499011	-1.740071	-6.070762	-0.838135	-4.013158	-0.531063	 0.491069	-5.831571	-1.120088	 0.767161
-1.552267	-6.718913	-0.499011	-2.233084	-6.235445	-1.022600	-4.186071	-0.528938	 0.491069	-5.808245	-1.115608	 0.765559
-1.546058	-6.692037	-0.499011	-1.474138	-5.804986	-1.112418	-3.763810	-0.526822	 0.491069	-5.785012	-1.111145	 0.763230
-1.539874	-6.665269	-0.499010	-1.093235	-5.579007	-1.154923	-3.545996	-0.524714	 0.491069	-5.761872	-1.106701	 0.760543
-1.533714	-6.638608	-0.499010	-0.901358	-5.455312	-0.673781	-3.430433	-0.522615	 0.491069	-5.738824	-1.102274	 0.757684
-1.527580	-6.612054	-0.499010	-0.804001	-5.382801	-0.433209	-3.366021	-0.520525	 0.491069	-5.715869	-1.097865	 0.754745
-1.521469	-6.585605	-0.499010	-0.753909	-5.335925	-0.312924	-3.327212	-0.518443	 0.491069	-5.693005	-1.093473	 0.751772
-1.515383	-6.059263	-0.499010	-0.727456	-5.301909	-0.752781	-3.801231	-0.516369	 0.491069	-5.670233	-1.089099	 0.248788
-1.509322	-5.785026	-0.499010	-0.712827	-5.274365	-0.970324	-4.029690	-0.514303	 0.491069	-5.647552	-1.084743	-0.002704
-1.503285	-5.636886	-0.499010	-0.704116	-5.750100	-0.576720	-3.635403	-0.512246	 0.491069	-5.624962	-1.080404	 0.371550
-1.497271	-5.551838	-0.499010	-0.698370	-5.975515	-0.379918	-3.431777	-0.510197	 0.491069	-5.602462	-1.076082	 0.557185
-1.491282	-5.998381	-0.499010	-0.694112	-6.075821	-0.781517	-3.323508	-0.508156	 0.491069	-5.580052	-1.071778	 0.648517
-1.485317	-6.208762	-0.499010	-0.690603	-6.113622	-0.979951	-3.262943	-0.506124	 0.491069	-5.557732	-1.067491	 0.692703
-1.479376	-6.301115	-0.499010	-0.687474	-6.120219	-1.076810	-3.226256	-0.504099	 0.491069	-5.535501	-1.063221	 0.213323
-1.473458	-6.334504	-0.499010	-0.684541	-6.111264	-1.122893	-3.201533	-0.502083	 0.491069	-5.513359	-1.058968	-0.026367
-1.467565	-6.338463	-0.499010	-0.681712	-6.094582	-1.143596	-3.182818	-0.500075	 0.491069	-5.491306	-1.054732	-0.146213
-1.461694	-6.327758	-0.499010	-0.678939	-5.574086	-0.651619	-3.167132	-0.499070	 0.491069	-5.469341	-1.050513	-0.206135
-1.455848	-6.309771	-0.499010	-0.676200	-5.303730	-0.405631	-3.152987	-0.498568	 0.491069	-5.447463	-1.046311	-0.236096
-1.450024	-6.288194	-0.499010	-0.673484	-5.158485	-0.782637	-3.639636	-0.498317	 0.491069	-4.925673	-1.042126	 0.248923
-1.444224	-6.264872	-0.499010	-0.670784	-5.075837	-0.968820	-3.874708	-0.498192	 0.491069	-4.655971	-1.037958	 0.489965
-1.438447	-5.740728	-0.499010	-0.668098	-5.524526	-1.059602	-3.484025	-0.498129	 0.491069	-5.012347	-1.033806	 0.609024
-1.432693	-5.468223	-0.499010	-0.665425	-5.736924	-1.102692	-3.282496	-0.498098	 0.491069	-5.179797	-1.029671	 0.667097
-1.426963	-5.321579	-0.499010	-1.162762	-5.831225	-1.121946	-3.175570	-0.498082	 0.491069	-5.252828	-1.025552	 0.194683
-1.421255	-5.237907	-0.499010	-1.408111	-5.866524	-1.129290	-3.115970	-0.498074	 0.491069	-5.278692	-1.021450	-0.041524
-1.415570	-5.185763	-0.499010	-1.527478	-5.872370	-1.130689	-3.080057	-0.498070	 0.491069	-5.281015	-1.017364	-0.159627
-1.409908	-5.149423	-0.499010	-1.083868	-5.363536	-1.129124	-3.556012	-0.498068	 0.491069	-5.271609	-1.013294	-0.218679
-1.404268	-5.121027	-0.499010	-0.860783	-5.099410	-1.126087	-3.785926	-0.498067	 0.491069	-5.256382	-1.009241	-0.248205
-1.398651	-5.096644	-0.499010	-0.747964	-4.957676	-1.122322	-3.392851	-0.498067	 0.491069	-4.738287	-1.005204	-0.262968
-1.393056	-5.074308	-0.499010	-0.690285	-4.877178	-1.118202	-3.190314	-0.498066	 0.491069	-4.470798	-1.001183	-0.270349
-1.387484	-5.053036	-0.499010	-0.660180	-5.327335	-1.113914	-3.083070	-0.498066	-0.008931	-4.828647	-0.997179	 0.225960
-1.381934	-5.032337	-0.499010	-0.643868	-5.540859	-1.109551	-3.023496	-0.498066	-0.257913	-4.997199	-0.993190	 0.472670
-1.376406	-5.011963	-0.499010	-1.134456	-5.136112	-1.105159	-2.987782	-0.498066	 0.118610	-5.071143	-0.989217	 0.594587
-1.370901	-4.991794	-0.499010	-1.376500	-4.924276	-1.100762	-2.964020	-0.498066	 0.306871	-5.097825	-0.985260	 0.654112
-1.365417	-4.971766	-0.499010	-1.494285	-4.808933	-1.096370	-2.946259	-0.498066	 0.401002	-5.100917	-0.981319	 0.682447
-1.359955	-4.951848	-0.499010	-1.049954	-5.241874	-1.091991	-3.431521	-0.498066	 0.448067	-5.092255	-0.977394	 0.195193
-1.354516	-4.932026	-0.499010	-0.826577	-5.446995	-1.087625	-3.666319	-0.498066	 0.471600	-5.077757	-0.973484	-0.048434
-1.349098	-4.912290	-0.499010	-0.713682	-5.038251	-1.083276	-3.775915	-0.498066	 0.483366	-5.060381	-0.469591	 0.329753
-1.343701	-4.892637	-0.499010	-0.656033	-4.824620	-1.078944	-3.822943	-0.498066	 0.489249	-5.041608	-0.217644	 0.517430
-1.338326	-4.873064	-0.499010	-0.626011	-4.708583	-1.074629	-3.338716	-0.498066	 0.492191	-5.022175	-0.591670	 0.109858
-1.332973	-4.853571	-0.499010	-0.609809	-4.641379	-1.070330	-3.090894	-0.498066	 0.493662	-5.002453	-0.776752	-0.093927
-1.327641	-5.334156	-0.499010	-0.600520	-5.098629	-0.566049	-2.961297	-0.498066	 0.494397	-4.982627	-0.867369	 0.304180
-1.322331	-5.562820	-0.499010	-0.594694	-5.316142	-0.313908	-2.890835	-0.498066	 0.494765	-4.962788	-0.910762	 0.501829
-1.317041	-5.665568	-0.499010	-0.590602	-5.413831	-0.187838	-2.849963	-0.498066	 0.494949	-4.942983	-0.930550	 0.599254
-1.311773	-5.705406	-0.499010	-0.587384	-4.951653	-0.124803	-2.823909	-0.498066	 0.495041	-4.923234	-0.938543	 0.646574
-1.306526	-5.713834	-0.499010	-0.584606	-4.711585	-0.093285	-2.805286	-0.498066	 0.495087	-4.903552	-0.940647	 0.668846
-1.301300	-5.706604	-0.499010	-0.582054	-4.582608	-0.077527	-2.790402	-0.498066	-0.004890	-4.383944	-0.939813	 0.678599
-1.296095	-5.691590	-0.499010	-0.579619	-4.509212	-0.069647	-2.777408	-0.498066	-0.253869	-4.116411	-0.937518	 0.682100
-1.790910	-5.172730	-0.499010	-0.577247	-4.963642	-0.065708	-2.765383	-0.498066	 0.122647	-3.974947	-0.934500	 0.182478
-2.033747	-4.903992	-0.499010	-0.574911	-5.180021	-0.063738	-2.753863	-0.498066	 0.310905	-3.896548	-0.931129	-0.067332
-1.650612	-4.760353	-0.499010	-0.572598	-4.777418	-0.562753	-2.742619	-0.498066	 0.405034	-4.349712	-0.927587	-0.192237
-1.456509	-4.679299	-0.499010	-0.570301	-4.567367	-0.810137	-2.731534	-0.498066	 0.452099	-4.566688	-0.923968	-0.254690
-1.356933	-4.629576	-0.499010	-0.568016	-4.453627	-0.931714	-2.720551	-0.498066	 0.475631	-4.665609	-0.920318	-0.285916
-1.304630	-5.095555	-0.499010	-0.565742	-4.388077	-0.490396	-2.709640	-0.498066	 0.487397	-4.705540	-0.916660	-0.301530
-1.275974	-5.317421	-0.499010	-0.563479	-4.346657	-0.269737	-2.698787	-0.498066	 0.493280	-4.716015	-0.913005	-0.309336
-1.259152	-5.417276	-0.499010	-0.561224	-4.317336	-0.659407	-2.687985	-0.498066	 0.996222	-4.211800	-0.909358	 0.186761
-1.248256	-5.456169	-0.499010	-0.558979	-4.294100	-0.852144	-2.677229	-0.498066	 1.244694	-3.952277	-0.905724	 0.433443
-1.240333	-5.964625	-0.499010	-0.556743	-4.273940	-0.446423	-2.666518	-0.498066	 0.865944	-4.315130	-0.902102	 0.555424
-1.233907	-6.205908	-0.499010	-0.554516	-4.255352	-0.243562	-2.655851	-0.498066	 0.676569	-4.487200	-0.898495	 0.615060
-1.228239	-5.313654	-0.499010	-0.552298	-4.237585	-0.642132	-2.645228	-0.498066	 0.581882	-4.563917	-0.894901	 0.643529
-1.222960	-4.858685	-0.499010	-0.550089	-4.220262	-0.839335	-2.634646	-0.498066	 0.534538	-4.592994	-0.891321	 0.656419
-1.217885	-4.622392	-0.499010	-0.547888	-4.203194	-0.935864	-2.624108	-0.498066	 0.510866	-4.598288	-0.887756	 0.661525
-1.212922	-4.495474	-0.499010	-0.545697	-4.186288	-0.982064	-3.113611	-0.498066	 0.499030	-4.591728	-0.884205	 0.162745
-1.208024	-4.423278	-0.499010	-0.543514	-4.169497	-1.003107	-3.351157	-0.498066	 0.493112	-4.579278	-0.880668	-0.086645
-1.203169	-4.378478	-0.499010	-0.541340	-4.152795	-1.011580	-3.462752	-0.498066	 0.490153	-4.063919	-0.877146	 0.288660
-1.198345	-4.347410	-0.499010	-0.539175	-4.136173	-1.013777	-3.511401	-0.498066	 0.488674	-3.799143	-0.873637	 0.474985
-1.193546	-4.823244	-0.499010	-1.037018	-4.119622	-0.512843	-3.028606	-0.498066	 0.487934	-4.159686	-0.870143	 0.066824
-1.188769	-5.050562	-0.499010	-1.282870	-4.103141	-0.262376	-2.782116	-0.498066	 0.487564	-4.330917	-0.866662	-0.137256
-1.184012	-5.153666	-0.499010	-0.902738	-4.086727	-0.137143	-3.153800	-0.498066	 0.487379	-4.407528	-0.863195	 0.260704
-1.179276	-5.194704	-0.499010	-0.711628	-4.070379	-0.074526	-3.332591	-0.498066	 0.487287	-4.436865	-0.859743	 0.458367
-1.174558	-5.204752	-0.499010	-0.615031	-4.054097	-0.043218	-3.414964	-0.498066	 0.487240	-4.442602	-0.856304	 0.555886
-1.169860	-5.199346	-0.499010	-0.565696	-4.037880	-0.527564	-2.949156	-0.498066	 0.487217	-3.936573	-0.852879	 0.103339
-1.165180	-5.186255	-0.499010	-0.539996	-4.021729	-0.767713	-2.711285	-0.498066	 0.487206	-3.676698	-0.849467	-0.122935
-1.160520	-4.669363	-0.499010	-0.526117	-4.005642	-0.885771	-3.087403	-0.498066	 0.487200	-3.539926	-0.846069	 0.263929
-1.155877	-4.402613	-0.499010	-0.518153	-3.989619	-0.942793	-3.268534	-0.498066	 0.487197	-3.464734	-0.842685	 0.456059
-1.151254	-4.760966	-0.499010	-0.513151	-3.973661	-0.969304	-2.852201	-0.498066	 0.487196	-3.920359	-0.839314	 0.550827
-1.146649	-4.929903	-0.499010	-0.509633	-3.957766	-0.980568	-2.639163	-0.498066	 0.487195	-4.139420	-0.835957	 0.596920
-1.142062	-5.004175	-0.499010	-0.506862	-3.941935	-0.484217	-2.527791	-0.498066	 0.487195	-3.740233	-0.832613	 0.618681
-1.137494	-5.031153	-0.499010	-0.504469	-3.926167	-0.236041	-2.467273	-0.498066	 0.487194	-3.533958	-0.829283	 0.628280
-1.132944	-5.034526	-0.499010	-0.502268	-3.910463	-0.111953	-2.432200	-0.498066	 0.487194	-3.424165	-0.825965	 0.631804
-1.128412	-4.526137	-0.499010	-0.500167	-3.894821	-0.549909	-2.409869	-0.498066	 0.487194	-3.362639	-0.322662	 0.132295
-1.123899	-4.263907	-0.499010	-0.499117	-3.879242	-0.766911	-2.393929	-0.498066	 0.487194	-3.325274	-0.071010	-0.117459
-1.119403	-4.624789	-0.499010	-0.498592	-4.363725	-0.873445	-2.381202	-0.498066	 0.987194	-3.300016	-0.445184	 0.257664
-1.114925	-4.795258	-0.499010	-0.498329	-4.596270	-0.924751	-2.370102	-0.498066	 1.234220	-3.280838	-0.630632	 0.443960
-1.110466	-4.370561	-0.499010	-0.498198	-4.202885	-0.948453	-2.359834	-0.498066	 0.854770	-3.264725	-0.721724	 0.535847
-1.106024	-4.150321	-0.499010	-0.498132	-3.998573	-0.958359	-2.350001	-0.498066	 0.665045	-3.250171	-0.765644	 0.580535
-1.101600	-4.532341	-0.499010	-0.498099	-3.888829	-0.461376	-2.340404	-0.498066	 0.570183	-3.236423	-0.785985	 0.601629
-1.097193	-4.713522	-0.499010	-0.498083	-3.826398	-0.212884	-2.330944	-0.498066	 0.522752	-3.223104	-0.794543	 0.610930
-1.092805	-4.294323	-0.499010	-0.498075	-3.787655	-0.588638	-2.321571	-0.498066	 0.499036	-3.210025	-0.797216	 0.614341
-1.088433	-4.076974	-0.499010	-0.498071	-3.760786	-0.774586	-2.312260	-0.498066	 0.487178	-3.197091	-0.796953	 0.614810
-1.084080	-3.960580	-0.499010	-0.498068	-3.739883	-0.865639	-2.302999	-0.498066	 0.481249	-3.184256	-0.795228	 0.613815
-1.079743	-3.894694	-0.499010	-0.498067	-3.721994	-0.909253	-2.293781	 0.001934	 0.478285	-3.671496	-0.792778	 0.612091
-1.075424	-3.854094	-0.499010	-0.498067	-3.705641	-0.929153	-2.284603	 0.250930	 0.476803	-3.906798	-0.789973	 0.610009
-1.071123	-3.826167	-0.499010	-0.498067	-3.690086	-0.937206	-2.775463	-0.124572	 0.476062	-4.016165	-0.786995	 0.607751
-1.066838	-3.804607	-0.499010	-0.498067	-3.674960	-0.939341	-3.014360	-0.311323	 0.475691	-4.062597	-0.783939	 0.605412
-1.062571	-3.786261	-0.499010	-0.498067	-3.660077	-0.938526	-3.127302	-0.404698	 0.475506	-3.577596	-0.780849	 0.603036
-1.058321	-3.769552	-0.499010	-0.498066	-3.645345	-0.936243	-3.177293	-0.451386	 0.475413	-3.328910	-0.777748	 0.600647
-1.054087	-3.753692	-0.499010	-0.498066	-3.630718	-0.933234	-2.695834	-0.474730	 0.475367	-3.198406	-0.774649	 0.098256
-1.049871	-3.738286	-0.499010	-0.498066	-3.616172	-0.929869	-2.450675	-0.486402	 0.475344	-3.127018	-0.771556	-0.152940
-1.045671	-3.723137	-0.499010	-0.498066	-3.601696	-0.926333	-2.323685	-0.492238	 0.475332	-3.085213	-0.768473	-0.278538
-1.041489	-3.708147	-0.499010	-0.498066	-3.587284	-0.922720	-2.255797	-0.495156	 0.475326	-3.558224	-0.765400	 0.158663
-1.037323	-3.693265	-0.499010	-0.498066	-3.572932	-0.919075	-2.217476	-0.496615	 0.475323	-3.786667	-0.762339	 0.376072
-1.033173	-4.178468	-0.499010	-0.498066	-3.558638	-0.415421	-2.193958	-0.497344	 0.475322	-3.892858	-0.759290	 0.483590
-1.029041	-4.411742	-0.499010	-0.498066	-3.544403	-0.163595	-2.177858	-0.497709	 0.475321	-3.937956	-0.756253	 0.536166
-1.024925	-4.519089	-0.499010	-0.498066	-3.530225	-0.537681	-2.165485	-0.497891	 0.475321	-3.952538	-0.753228	 0.561277
-1.020825	-4.563509	-0.499010	-0.498066	-3.516104	-0.722901	-2.154992	-0.497982	 0.475321	-3.951895	-0.750215	 0.572660
-1.016742	-4.076504	-0.499010	-0.998066	-3.502040	-0.313695	-2.145456	-0.498028	 0.475321	-3.943671	-0.747215	 0.577183
-1.012675	-3.825822	-0.499010	-1.245070	-3.488031	-0.109092	-2.136416	-0.498051	 0.475320	-3.931689	-0.744226	 0.578281
-1.008624	-3.693331	-0.499010	-1.365588	-3.474079	-0.006790	-2.127642	-0.498062	 0.475320	-3.917858	-0.741249	 0.577671
-1.004589	-4.119964	-0.499010	-0.922875	-3.460183	 0.044361	-2.119017	 0.001932	 0.475320	-3.403134	-0.738284	 0.576212
-1.000571	-4.324187	-0.499010	-0.701518	-3.446342	 0.069936	-2.110484	 0.250925	 0.475320	-3.139996	-0.735331	 0.574333
-0.996569	-3.917242	-0.499010	-0.590840	-3.432557	 0.082724	-2.102013	-0.124578	 0.475320	-3.002673	-0.732389	 0.072249
-0.992583	-3.706748	-0.499010	-0.535501	-3.418827	 0.089118	-2.093591	-0.311330	 0.475320	-2.928280	-0.729460	-0.178793
-0.988612	-3.594509	-0.499010	-0.507831	-3.405151	-0.407686	-2.085209	-0.404705	 0.475320	-2.885377	-0.726542	 0.195686
-0.984658	-3.531425	-0.499010	-0.493996	-3.391531	-0.654278	-2.076865	-0.451393	 0.475320	-2.858240	-0.723636	 0.381785
-0.980719	-3.492946	-0.499010	-0.487079	-3.377965	-0.775773	-2.068556	-0.474737	 0.475320	-3.339009	-0.720741	-0.026301
-0.976796	-3.466798	-0.499010	-0.483620	-3.364453	-0.834725	-2.060280	-0.486409	 0.475320	-3.571754	-0.717858	-0.230345
-0.972889	-3.446843	-0.499010	-0.481891	-3.350995	-0.862414	-2.052039	-0.492245	 0.475320	-3.680518	-0.714987	-0.332366
-0.968998	-3.430011	-0.499010	-0.481026	-3.337591	-0.374479	-2.043830	 0.004837	 0.475320	-3.227321	-0.212127	 0.116623
-0.965122	-3.414769	-0.499010	-0.480594	-3.324241	-0.130511	-2.035655	 0.252374	 0.475320	-2.995174	 0.039303	 0.339986
-0.961261	-3.400349	-0.499010	-0.480378	-3.310944	-0.508527	-2.027512	-0.123857	 0.475320	-2.873575	 0.165018	-0.049459
-0.957416	-3.386367	-0.499010	-0.480270	-3.297700	-0.695762	-2.019402	-0.310973	 0.475320	-2.807271	 0.227876	-0.244181
-0.953586	-3.372631	-0.499010	-0.480216	-3.284509	-0.787613	-2.011325	-0.404531	 0.475320	-3.268638	-0.240696	 0.158458
-0.949772	-3.359046	-0.499010	-0.480188	-3.271371	-0.831780	-2.003279	-0.451309	 0.475320	-3.491861	-0.473563	 0.358655
-0.945973	-3.345562	-0.499010	-0.480175	-3.258285	-0.852112	-1.995266	-0.474699	 0.975320	-3.096042	-0.588584	 0.457636
-0.942189	-3.332156	-0.499010	-0.480168	-3.245252	-0.860533	-1.987285	-0.486394	 1.222370	-2.892732	-0.644687	 0.506013
-0.938420	-3.318815	-0.499010	-0.480165	-3.232271	-0.863005	-1.979336	-0.492241	 1.342956	-2.785699	-0.671337	 0.529093
-0.934667	-3.305534	-0.499010	-0.480163	-3.219342	-0.362510	-1.971419	 0.004835	 0.900321	-2.726824	-0.683266	 0.539528
-0.930928	-3.292309	-0.499010	-0.480162	-3.206465	-0.112263	-1.963533	 0.252370	 0.679004	-2.692051	-0.687840	 0.543646
-0.927204	-3.279138	-0.499010	-0.480162	-3.193639	-0.487139	-1.955679	-0.123863	 0.568346	-2.669350	-0.688742	 0.544610
-0.923495	-3.266021	-0.499010	-0.480162	-3.180864	-0.672853	-1.947856	-0.310979	 0.513017	-2.652707	-0.687814	 0.544000
-0.919801	-3.252957	-0.499010	-0.480162	-3.168141	-0.263993	-1.940065	-0.404537	 0.485352	-2.639112	-0.685976	 0.542609
-0.916122	-3.239945	-0.499010	-0.480162	-3.155468	-0.059563	-1.932304	-0.451317	 0.471520	-2.627064	-0.683689	 0.540831
-0.912458	-3.726985	-0.499010	-0.480161	-3.142847	-0.457348	-1.924575	-0.474706	 0.464603	-2.615810	-0.181182	 0.538863
-0.908808	-3.962077	-0.499010	-0.480161	-3.130275	-0.654531	-1.916877	-0.486401	 0.461145	-2.604974	 0.070071	 0.536806
-0.905173	-4.071228	-0.499010	-0.480161	-3.117754	-0.751418	-1.909209	-0.492248	 0.459416	-2.594368	 0.195697	 0.534708
-0.901552	-3.617443	-0.499010	-0.480161	-3.105283	-0.298165	-1.901573	-0.495172	 0.458552	-2.583897	-0.241489	 0.532593
-0.897946	-3.384224	-0.499010	-0.480161	-3.092862	-0.071539	-1.893966	-0.496634	 0.458120	-2.573515	-0.458725	 0.530475
-0.894354	-3.261312	-0.499010	-0.480161	-3.080490	-0.458226	-1.886390	-0.497365	 0.457903	-3.063198	-0.565991	 0.528360
-0.890777	-3.193579	-0.499010	-0.480161	-3.068168	-0.649879	-1.878845	-0.497730	 0.457795	-3.300933	-0.618278	 0.526249
-0.887213	-3.153461	-0.499010	-0.480161	-3.055896	-0.744023	-2.371329	-0.497913	 0.457741	-2.912724	-0.643080	 0.524146
-0.883665	-3.127175	-0.499010	-0.480161	-3.043672	-0.789419	-2.611844	-0.498004	 0.457714	-2.713570	-0.654145	 0.522050
-0.880130	-3.107831	-0.499010	-0.480161	-3.031498	-0.310447	-2.226397	 0.001950	 0.457701	-2.608964	-0.658348	 0.519962
-0.876609	-3.091981	-0.499010	-0.480161	-3.019372	-0.070961	-2.029991	 0.250923	 0.457694	-2.551652	-0.659124	 0.517882
-0.873103	-3.077904	-0.499010	-0.480161	-3.007294	 0.048782	-1.928121	 0.375410	 0.457691	-2.518008	-0.658192	 0.515811
-0.869611	-3.064738	-0.499010	-0.480161	-2.995265	-0.391346	-1.873534	-0.062347	 0.457689	-2.496217	-0.656411	 0.513748
-0.866132	-3.052052	-0.499010	-0.480161	-2.983284	-0.609748	-1.842602	-0.280225	 0.457688	-2.480373	-0.654212	 0.511693
-0.862668	-3.039630	-0.499010	-0.480161	-2.971351	-0.717292	-1.823513	-0.389164	 0.457688	-2.467521	-0.651808	 0.509646
-0.859217	-3.027365	-0.499010	-0.480161	-2.959465	-0.769415	-1.810360	-0.443633	 0.457687	-2.456187	-0.649307	 0.507607
