-0.482306	-0.100753	-0.499138	-0.370787	-2.484729	-0.654108	-4.303746	-0.034052	 0.499030	-0.589722	-0.499904	-0.499510
-0.482306	 0.009936	-0.499138	-0.370787	-2.479421	-0.652867	-4.296002	-0.022290	 0.499030	-1.076628	-0.499904	-0.499510
-0.482306	 0.065281	-0.499138	-0.370787	-2.474125	-0.651627	-4.288272	-0.016410	 0.499030	-1.318571	-0.499904	-0.499510
-0.482306	-0.407046	-0.499138	-0.370787	-2.468840	-0.650391	-4.280556	-0.013469	 0.499030	-0.938037	-0.499904	-0.499510
-0.482306	-0.642446	-0.499138	-0.370787	-2.463566	-0.649156	-4.272855	-0.011999	 0.499030	-0.747231	-0.499904	-0.499510
-0.482306	-0.259384	-0.499138	-0.370787	-2.458303	-0.647924	-4.265166	-0.011264	 0.499030	-0.651291	-0.499904	-0.499510
-0.482306	-0.067853	-0.499138	-0.370787	-2.453052	-0.646695	-4.257492	-0.010896	 0.499030	-0.602785	-0.499904	-0.499510
-0.482306	 0.027913	-0.499138	-0.370787	-2.447812	-0.645467	-4.249832	-0.010713	 0.499030	-0.577997	-0.499904	-0.499510
-0.482306	-0.424204	-0.499138	-0.370787	-2.442583	-0.644242	-4.242185	-0.510621	 0.499030	-0.565069	-0.499904	-0.499510
-0.482306	-0.649502	-0.499138	-0.370787	-2.437365	-0.643019	-4.234552	-0.759672	 0.499030	-0.558072	-0.499904	-0.499510
-0.982306	-0.761391	-0.499138	-0.370787	-2.432158	-0.641799	-4.226933	-0.883297	 0.499030	-0.554041	-0.499904	-0.499510
-1.230859	-0.816577	-0.499138	-0.370787	-2.426963	-0.640581	-4.219328	-0.944210	 0.499030	-0.551495	-0.499904	-0.499510
-1.353690	-0.843413	-0.499138	-0.370787	-2.421779	-0.639365	-4.211736	-0.973768	 0.499030	-1.049692	-0.499904	-0.499510
-1.413664	-0.856075	-0.499138	-0.370787	-2.416605	-0.638152	-4.204158	-0.987651	 0.499030	-1.297296	-0.499904	-0.499510
-0.942211	-0.861651	-0.499138	-0.370787	-2.411443	-0.636941	-4.196593	-0.493698	 0.499030	-1.419607	-0.499904	-0.499510
-0.706485	-0.863687	-0.499138	-0.370787	-2.406292	-0.635732	-4.189042	-0.246722	 0.499030	-1.479273	-0.499904	-0.499510
-0.588622	-0.863952	-0.499138	-0.370787	-2.401151	-0.634525	-4.181505	-0.123234	 0.499030	-1.507621	-0.499904	-0.499510
-0.529690	-0.863334	-0.499138	-0.370787	-2.396022	-0.633321	-4.173981	-0.061489	 0.499030	-1.520312	-0.499904	-0.499510
-0.500225	-0.862276	-0.499138	-0.370787	-2.390904	-0.632119	-4.166471	-0.030617	 0.499030	-1.525178	-0.499904	-0.499510
-0.485492	-0.860999	-0.499138	-0.370787	-2.385797	-0.630919	-4.158975	-0.015181	 0.499030	-1.526134	-0.499904	-0.499510
-0.478125	-0.859614	-0.499138	-0.370787	-2.380700	-0.629722	-4.151491	-0.007463	 0.499030	-1.525137	-0.499904	-0.499510
-0.474442	-0.858176	-0.499138	-0.370787	-2.375614	-0.628527	-4.144022	-0.003604	 0.499030	-1.523168	-0.499904	-0.499510
-0.472600	-0.856713	-0.499138	-0.370787	-2.370540	-0.627334	-4.136565	-0.001675	 0.499030	-1.520714	-0.499904	-0.499510
-0.471680	-0.855239	-0.499138	-0.370787	-2.365476	-0.626143	-4.129123	-0.000710	 0.499030	-1.518022	-0.499904	-0.499510
-0.471219	-0.853760	-0.499138	-0.370787	-2.360423	-0.624955	-4.121693	-0.000228	 0.499030	-1.515213	-0.499904	-0.499510
-0.470989	-0.852280	-0.499138	-0.370787	-2.355381	-0.623769	-4.114277	 0.000013	 0.499030	-1.512348	-0.499904	-0.499510
-0.470874	-0.850802	-0.499138	-0.370787	-2.350349	-0.622585	-4.106874	 0.000134	 0.499030	-1.509459	-0.499904	-0.499510
-0.470816	-0.849325	-0.499138	-0.370787	-2.345328	-0.621403	-4.099485	 0.000194	 0.499030	-1.506560	-0.499904	-0.499510
-0.470788	-0.847850	-0.499138	-0.370787	-2.340318	-0.620224	-4.092109	 0.000224	 0.499030	-1.503658	-0.499904	-0.499510
-0.470773	-0.846377	-0.499138	-0.370787	-2.335319	-0.619047	-4.084746	 0.000240	 0.499030	-1.500759	-0.499904	-0.499510
-0.470766	-0.844907	-0.499138	-0.370787	-2.330330	-0.617872	-4.077396	 0.000247	 0.499030	-0.997863	-0.499904	-0.499510
-0.470762	-0.843440	-0.499138	-0.370787	-2.325352	-0.616699	-4.070060	 0.000251	 0.499030	-0.746415	-0.499904	-0.499510
-0.470761	-0.341975	-0.499138	-0.370787	-2.320385	-0.615529	-4.062737	 0.000253	 0.499030	-0.620691	 0.000096	-0.499510
-0.470760	-0.091242	-0.499138	-0.370787	-2.315428	-0.614360	-4.055427	 0.000254	 0.499030	-0.557829	 0.249620	-0.499510
-0.470759	 0.034124	-0.499138	-0.370787	-2.310482	-0.613194	-4.048130	 0.000254	 0.499030	-0.526398	 0.374382	-0.499510
-0.470759	 0.096807	-0.499138	-0.370787	-2.305547	-0.612030	-4.040846	 0.000254	 0.499030	-1.010683	 0.436764	-0.499510
-0.470759	 0.128149	-0.499138	-0.370787	-2.300621	-0.610869	-4.033575	 0.000255	 0.499030	-1.251382	 0.467954	-0.499510
-0.470759	-0.356180	-0.499138	-0.370787	-2.295707	-0.609710	-4.026318	 0.000255	 0.499030	-0.870291	 0.483549	-0.499510
-0.470759	-0.597615	-0.499138	-0.370787	-2.290803	-0.608552	-4.019073	 0.000255	 0.499030	-0.679746	 0.491347	-0.499510
-0.470759	-0.217604	-0.499138	-0.370787	-1.785909	-0.107397	-3.511842	 0.000255	 0.999030	-0.084473	-0.004754	-0.499510
-0.470759	-0.027598	-0.499138	-0.370787	-1.532094	 0.143180	-3.255523	 0.000255	 1.247513	 0.212670	-0.252329	-0.499510
-0.470759	 0.067405	 0.000862	-0.370787	-0.903822	 0.268469	-3.124666	 0.500255	 0.870240	-0.139250	 0.123884	-0.499510
-0.470759	 0.114906	 0.250384	-0.370787	-0.589685	 0.331113	-3.056543	 0.749361	 0.681604	-0.315211	 0.311515	-0.499510
-0.470759	 0.138657	 0.375145	-0.370787	-0.432617	 0.362435	-3.019794	 0.873023	 0.587286	-0.403191	 0.405331	-0.499510
-0.470759	 0.150533	 0.437525	-0.370787	 0.645917	 0.378097	-1.498735	 0.933963	 1.040127	 0.552819	 0.452238	 0.000490
-0.470759	 0.156470	 0.468716	-0.370787	 1.183342	 0.385927	-0.738206	 0.963545	 1.265036	 1.029368	 0.475692	 0.250064
 0.029241	 1.159439	 0.484311	 0.629213	 8.450217	 1.889842	 7.142059	 1.477448	 0.875983	 2.766188	 0.987419	-0.125149
 0.278724	 1.659045	 0.492108	 1.127547	 12.066867	 2.638579	 11.068676	 1.732621	 0.681456	 3.630251	 1.241857	-0.312330
 0.402950	 1.906974	 0.996007	 1.375052	 17.858441	 3.009734	 14.518495	 1.358432	 0.584193	 4.557944	 1.367654	-0.405920
 0.464548	 2.029066	 1.246525	 1.497146	 20.728968	 3.192102	 16.227239	 1.170459	 0.535561	 5.016495	 1.429132	-0.452715
 0.994833	 2.588244	 1.370355	 1.556537	 32.639025	 3.780084	 22.565475	 1.075594	 0.011245	 4.740484	 0.958454	-0.476113
 1.258486	 2.865100	 1.430844	 1.584580	 38.589374	 4.069930	 25.708590	 1.027286	-0.250393	 4.598169	 0.723115	-0.487812
 1.388826	 3.000799	 1.459665	 1.596953	 41.559877	 4.210716	 27.254191	 1.002257	-0.380694	 4.522710	 0.605446	-0.493661
 1.452512	 3.065924	 0.972656	 1.601495	 48.040466	 3.776980	 30.001082	 0.988870	-0.945328	 4.480687	 0.546611	-0.496586
 1.482875	 3.095767	 0.729151	 1.602123	 51.275498	 3.556939	 31.345067	 0.981305	-1.226116	 4.455391	 0.517193	-0.498048
 1.496578	 3.107974	 0.607398	 1.600799	 54.887760	 3.443752	 33.487650	 1.476653	-1.364985	 4.438466	 0.502485	-0.498779
 1.501955	 3.111368	 0.546522	 1.598501	 56.688199	 3.383998	 34.526888	 1.722565	-1.432898	 4.425735	 0.495130	-0.499145
 1.503171	 3.110360	 0.516084	 1.095720	 57.582735	 3.350966	 34.514510	 1.343763	-0.965335	 4.415109	 0.491453	-0.499328
 1.502310	 3.107155	 0.500865	 0.843724	 58.023707	 3.331302	 34.477281	 1.153500	-0.731554	 4.405544	 0.489615	-0.499419
 1.500413	 3.102857	 0.993255	 1.217121	 57.737907	 3.818327	 34.427683	 1.057508	-1.114663	 4.396518	 0.488695	-0.499465
 1.498001	 3.098016	 1.238033	 1.402193	 57.589919	 4.057754	 34.371956	 1.008654	-1.304702	 4.387769	 0.488236	-0.499488
 1.495334	 3.092910	 1.359006	 1.493106	 57.510847	 4.173389	 34.313220	 0.983369	-1.398208	 4.379167	 0.488006	-0.499499
 1.492543	 3.087675	 0.918080	 1.536943	 55.966241	 4.227137	 34.253036	 0.969871	-1.443452	 4.370647	 0.487891	-0.499505
 1.489692	 3.082380	 0.697618	 1.557246	 55.188422	 4.249949	 34.192182	 0.962267	-1.464567	 4.362176	 0.487833	-0.499508
 1.486815	 3.077060	 0.587386	 1.565784	 54.294006	 3.757300	 33.631049	 0.957613	-1.473621	 4.353737	 0.487805	-0.499509
 1.483927	 3.071733	 0.532270	 1.568443	 53.841533	 3.507877	 33.320732	 0.954434	-1.476647	 4.345323	 0.487790	-0.499510
 1.481036	 3.066405	 0.504713	 1.568167	 54.110041	 3.380074	 33.635875	 0.951995	-1.476663	 4.336929	 0.487783	-0.499510
 1.478147	 3.061083	 0.490934	 1.566426	 54.238937	 3.313086	 33.762904	 0.949928	-1.475176	 4.328554	 0.487780	-0.499510
 1.475262	 3.055768	 0.984044	 1.563955	 54.298036	 2.776511	 33.795929	 1.448047	-0.972941	 4.320195	 0.487778	-0.499510
 1.472382	 3.050461	 1.229190	 1.561124	 54.321891	 2.506099	 33.782008	 1.695369	-0.721824	 4.311853	 0.487777	-0.499510
 1.469506	 3.045163	 0.850355	 1.558115	 53.828135	 2.868771	 33.244668	 1.317294	-0.596265	 4.303528	 0.487776	 0.000490
 1.466636	 3.039874	 0.660938	 1.555020	 53.575811	 3.047040	 32.946573	 1.127418	-0.533486	 4.295219	 0.487776	 0.250064
 1.463771	 3.034594	 0.566230	 1.551886	 53.443498	 3.133114	 32.768154	 1.031642	-0.502096	 4.286926	 0.487776	 0.374851
 1.460912	 3.029323	 0.518875	 1.548736	 53.371201	 3.673096	 32.649625	 0.982919	-0.486401	 4.278649	 0.487776	 0.437244
 1.458059	 3.024061	 0.495198	 1.545580	 53.328788	 3.939089	 32.561094	 0.957722	-0.478554	 4.270387	 0.487776	 0.468441
 1.455210	 3.018808	 0.483360	 1.542426	 53.801328	 3.568095	 32.487615	 0.944291	-0.974630	 4.762142	 0.487776	-0.015960
 1.452368	 3.013564	 0.477440	 1.539275	 54.032955	 3.379564	 32.421714	 0.936744	-1.221180	 5.002948	 0.487776	-0.257736
 1.449531	 3.508330	 0.974481	 1.536129	 53.643500	 3.282271	 32.359656	 0.932141	-1.342969	 5.118288	 0.487776	 0.121377
 1.446700	 3.752235	 1.221596	 1.532988	 53.444296	 3.230602	 32.299570	 0.929010	-1.402381	 5.170906	 0.487776	 0.310507
 1.443874	 3.370718	 0.843753	 1.529854	 53.339777	 3.701750	 32.740523	 0.926618	-1.430608	 5.192172	 0.487776	-0.094927
 1.441054	 3.177363	 0.654831	 1.526726	 53.282702	 3.933365	 32.931148	 0.924596	-1.443245	 5.197772	 0.487776	-0.297219
 1.438239	 3.078094	 1.060370	 1.523604	 53.248706	 4.045220	 32.496663	 0.922762	-0.948089	 4.695549	 0.487776	-0.398365
 1.435429	 3.025872	 1.261740	 1.520489	 53.226132	 4.097202	 32.250576	 0.921022	-0.700512	 4.440389	 0.487776	-0.448938
 1.432626	 2.997178	 1.361029	 1.517379	 53.209280	 4.119256	 32.098740	 0.919330	-0.576723	 4.308769	 0.487776	-0.474224
 1.429827	 2.980253	 0.909280	 1.514277	 53.695299	 4.126353	 31.994081	 0.917665	-0.514829	 4.238926	 0.987776	-0.486868
 1.427034	 2.969217	 0.683405	 1.511180	 53.932761	 4.125979	 31.913063	 0.916014	-0.483882	 4.199980	 1.236362	-0.493189
 1.424247	 2.961130	 0.570468	 1.508090	 53.545954	 3.621877	 31.843916	 1.414372	-0.968408	 4.176490	 1.359242	-0.496350
 1.421465	 2.954522	 0.513999	 1.505007	 53.347807	 3.366867	 31.780757	 1.661843	-1.209201	 4.160736	 1.419274	-0.497930
 1.418688	 2.948657	 0.485765	 1.501929	 53.243999	 3.236409	 31.720643	 1.283872	-1.328129	 4.148857	 0.947883	-0.498721
 1.415917	 2.943169	 0.471648	 1.498858	 53.187064	 3.168233	 31.662102	 1.094078	-1.386129	 4.138924	 0.712188	-0.499116
 1.413151	 2.937874	 0.964589	 0.995793	 53.153576	 3.131203	 31.604400	 0.998373	-1.413668	 4.629972	 1.094340	-0.499313
 1.410391	 2.932679	 1.209669	 0.744261	 53.132129	 3.109752	 31.547169	 0.949714	-1.425978	 4.870552	 1.284012	-0.499412
 1.407636	 2.927539	 1.330820	 0.618494	 53.116711	 3.096095	 31.490223	 0.924580	-1.430678	 4.985907	 1.377447	-0.499461
 1.404887	 2.922431	 0.890010	 1.055611	 53.104316	 3.086342	 31.433472	 0.911209	-0.931575	 5.038660	 0.922766	-0.499486
 1.402143	 2.917343	 0.669605	 1.272644	 53.092077	 3.078546	 31.376868	 0.903722	-0.682023	 5.060122	 0.695426	-0.499498
 1.399404	 2.912270	 1.059403	 1.379637	 53.079926	 3.571734	 31.320389	 1.399178	-1.057248	 5.065947	 0.581756	-0.499505
 1.396670	 2.907208	 1.252919	 1.431613	 53.068972	 3.814470	 31.264024	 1.645214	-1.243410	 5.063963	 0.524921	-0.499508
 1.393942	 2.902157	 0.848296	 0.956085	 52.058624	 3.431988	 32.207765	 1.766542	-1.335044	 5.058085	 0.496503	-0.499509
 1.391219	 2.897115	 0.645985	 0.718320	 51.547491	 3.237854	 32.649811	 1.825520	-1.379417	 5.050268	 0.482294	-0.499510
 1.388502	 3.392082	 0.544829	 0.599438	 49.785976	 3.137898	 32.341064	 1.353326	-0.900163	 5.041492	 0.475190	-0.499510
 1.385790	 3.636190	 0.494251	 0.539997	 48.898206	 3.085037	 32.157872	 1.116441	-0.660536	 5.032245	 0.471638	-0.499511
 1.383083	 3.754874	 0.468962	 0.510277	 48.447322	 3.055729	 32.037511	 0.997214	-0.540722	 5.022773	 0.469862	-0.499511
 1.380381	 3.310851	 0.456318	 0.495416	 43.714892	 3.038203	 27.448616	 0.936815	-0.480815	 5.013197	 0.968973	 0.000489
 1.377685	 3.086350	 0.449996	 0.487986	 41.307041	 3.026574	 25.133603	 0.905834	-0.450862	 5.003578	 1.217134	 0.250063
 0.874994	 2.471614	 0.446835	-0.015729	 29.061568	 3.017898	 17.955568	 0.889561	 0.064115	 4.493948	 1.339821	 0.374850
 0.623648	 2.162634	 0.445254	-0.267055	 22.920870	 3.010705	 14.356855	 0.880645	 0.321017	 4.235287	 1.399774	 0.437244
 0.497976	 1.506533	 0.444464	 0.107812	 15.332598	 2.504258	 8.047820	 0.875408	 0.448883	 2.602117	 1.428362	 0.468441
 0.435139	 1.177745	 0.444069	 0.295245	 11.530191	 2.249138	 4.891738	 0.872012	 0.512233	 1.784596	 1.441271	 0.484039
 0.403721	 0.512613	 0.443871	-0.111038	 5.120733	 1.619687	-0.187865	 0.369539	 0.543325	 0.874903	 0.946343	 0.491838
 0.388012	 0.180047	 0.443772	-0.313651	 1.917381	 1.304021	-2.722927	 0.118302	 0.558289	 0.420056	 0.698879	 0.495738
 0.380157	 0.013764	 0.443723	-0.414430	 0.317078	 1.145250	-3.985728	-0.007317	 0.565192	 0.192632	 0.575147	 0.497688
 0.376230	-0.069377	-0.056302	-0.464292	-0.981702	 0.564929	-4.612407	-0.070126	 0.568064	-0.921079	 0.513281	-0.001337
 0.374266	-0.110948	-0.305783	-0.488698	-1.628657	 0.274768	-4.921033	-0.101530	 0.568922	-1.475971	 0.482348	-0.250424
 0.373285	-0.131734	-0.429994	-0.500376	-2.449704	 0.129688	-5.570641	-0.117233	 0.568774	-1.751456	 0.466882	-0.374968
 0.372794	-0.142126	-0.491570	-0.505691	-2.856734	 0.057147	-5.889849	-0.125084	 0.568125	-1.887242	 0.459149	-0.437239
 0.372548	-0.147323	-0.521831	-0.507827	-3.056763	-0.479123	-6.043867	-0.129009	 0.567226	-1.453182	 0.455282	-0.468375
 0.372426	-0.149921	-0.536434	-0.508373	-3.153299	-0.746294	-6.115300	-0.130972	 0.566203	-1.235168	 0.453349	-0.483943
 0.372364	-0.151220	-0.543210	-0.508126	-3.198095	-0.878918	-6.645451	-0.131954	 0.565120	-1.125179	 0.452382	-0.491727
 0.372333	-0.151869	-0.546073	-0.507483	-3.217030	-0.944270	-6.904071	-0.132444	 0.564007	-1.069204	 0.451899	-0.495619
 0.372318	-0.152194	-0.546980	-0.506643	-3.223041	-0.975988	-7.026937	-0.132690	 0.562881	-1.040239	 0.451657	-0.497565
-0.127690	-0.652356	-0.546911	-0.505706	-3.222598	-0.990891	-7.081938	-0.632812	 0.561750	-1.024780	-0.048464	-0.498538
-0.377080	-0.901437	-0.546355	-0.504722	-3.218935	-0.997388	-7.103017	-0.881862	 0.560617	-1.016076	-0.298003	-0.499025
-0.501164	-1.024978	-0.545556	-0.503715	-3.213669	-0.999684	-7.107148	-0.505376	 0.559484	-1.510752	-0.422252	-0.499268
-0.592701	-1.115141	-0.543658	-0.501675	-3.201160	-0.999030	-7.094264	-0.723012	 0.557223	-1.876922	-0.514140	-0.499450
-0.607146	-1.128843	-0.542650	-0.500653	-3.194523	-0.997658	-7.083613	-0.924943	 0.556095	-1.935378	-0.528764	-0.499481
-0.613761	-1.134701	-0.541630	-0.500141	-3.187799	-0.996026	-7.071925	-0.524902	 0.554969	-1.962681	-0.535560	-0.499496
-0.616463	-1.136639	-0.540604	-0.499886	-3.181040	-0.994267	-7.059729	-0.324881	 0.553846	-1.974411	-0.538442	-0.499503
-0.617209	-1.136620	-0.539576	-0.499758	-3.174270	-0.992445	-7.047290	-0.224871	 0.552725	-1.978359	-0.539368	-0.499507
-0.616979	-1.135623	-0.538548	-0.499694	-3.167502	-0.990594	-7.034742	-0.674866	 0.551606	-1.478419	-0.539318	-0.499509
-0.616261	-1.134139	-0.537521	-0.499662	-3.160742	-0.988730	-7.022151	-0.898859	 0.550490	-1.227505	-0.538780	-0.499510
-0.615301	-1.132413	-0.536495	-0.499646	-3.153993	-0.986862	-7.009549	-1.009852	 0.549375	-2.101105	-0.537999	-0.499511
-0.614221	-1.130568	-0.535471	-0.499638	-3.147257	-0.984993	-6.996954	-1.064348	 0.548263	-2.535033	-0.537098	-0.499511
-0.613082	-0.628666	-0.534449	-0.499634	-3.140535	-0.983126	-6.984372	-1.090596	 0.547154	-2.249131	-0.536138	-0.499511
-0.611915	-0.377714	-0.533429	-0.499632	-3.133827	-0.981261	-6.971810	-1.102722	 0.546046	-2.104285	-0.535149	-0.499511
-0.610735	-0.252239	-0.532411	-0.499631	-3.127132	-0.979399	-6.959267	-1.107790	 0.544941	-2.029970	-0.534146	-0.499511
-0.609550	-0.189501	-0.531395	-0.499630	-3.120452	-0.977541	-6.946747	-1.109330	 0.543838	-1.990925	-0.533138	-0.499511
-0.608363	-0.158132	-0.530381	-0.499630	-3.113787	-0.975685	-6.934248	-1.109107	 0.542737	-1.969518	-0.532128	-0.499511
-0.607177	-0.642447	-0.529368	-0.499630	-3.107135	-0.973834	-6.921772	-0.608005	 0.541638	-1.456934	-0.031118	-0.499511
-0.605992	-0.883627	-0.528358	-0.499630	-3.100498	-0.971985	-6.909318	-0.357455	 0.540542	-1.199730	 0.219387	-0.499511
-0.604808	-0.503239	-0.527349	-0.499630	-3.093874	-0.970141	-6.896886	-0.232179	 0.539448	-1.070218	 0.344639	-0.499511
-0.603627	-0.313046	-0.526343	-0.499630	-3.087265	-0.968299	-6.884476	-0.169541	 0.538356	-1.004554	 0.407265	-0.499511
-0.602448	-0.217949	-0.525338	-0.499630	-3.080671	-0.966462	-6.872089	-0.138223	 0.537266	-0.970816	 0.438578	-0.499511
-0.601272	-0.170400	-0.524335	-0.499630	-3.074090	-0.964627	-6.859724	-0.122563	 0.536179	-0.953042	 0.454235	-0.499511
-0.600097	-0.146626	-0.523335	-0.499630	-3.567523	-0.962797	-6.847382	-0.114733	 0.535093	-0.943252	 0.462063	-0.499511
-0.598925	-0.134739	-0.522336	-0.499630	-3.809902	-0.960969	-6.835061	-0.110819	 0.534010	-0.937456	 0.465977	-0.499511
-0.597755	-0.128796	-0.521339	-0.499630	-3.926763	-0.959145	-6.822763	-0.108861	 0.532929	-0.933658	 0.467934	-0.499511
-0.596588	-0.125824	-0.520343	-0.499630	-3.480875	-0.957325	-6.810487	-0.107882	 0.531850	-0.930862	 0.468913	-0.499511
-0.595422	-0.124338	-0.519350	-0.499630	-3.254689	-0.955508	-6.798233	-0.107393	 0.530774	-0.928568	 0.469402	-0.499511
-0.594259	-0.123595	-0.518359	-0.499630	-3.138362	-0.953695	-6.786001	-0.107148	 0.529699	-1.426527	 0.469647	-0.499511
-0.593098	-0.123223	-0.517370	-0.499630	-3.076970	-0.951885	-6.773791	-0.107026	 0.528627	-1.673648	 0.469769	-0.499511
-0.591940	-0.123038	-0.516382	-0.499630	-3.043054	-0.950078	-6.761603	-0.106965	 0.527557	-1.295355	-0.030170	-0.499511
-0.590784	-0.122945	-0.515396	-0.499630	-3.022881	-0.948275	-6.749437	-0.106934	 0.526489	-1.105323	-0.279635	-0.499511
-0.589630	-0.122898	-0.514413	-0.499630	-3.009588	-0.946475	-6.737293	-0.106919	 0.525424	-1.009423	 0.096135	-0.499511
-0.588478	-0.122875	-0.513431	-0.499630	-2.999741	-0.944679	-6.725171	-0.106911	 0.524360	-0.960591	 0.284020	-0.499511
-0.587329	-0.122864	-0.512451	-0.499630	-2.991624	-0.942886	-6.713070	-0.106908	 0.523299	-0.935295	 0.377963	-0.499511
-0.086181	-0.122858	-0.511473	-0.499630	-2.984379	-0.941096	-6.700992	-0.106906	 0.522239	-0.921769	 0.424934	-0.499511
 0.164392	-0.122855	-0.510496	-0.499630	-2.977577	-0.939310	-6.688935	-0.106905	 0.521182	-0.914128	 0.448420	-0.499511
-0.210321	-0.622853	-0.509522	-0.499630	-2.971002	-0.937527	-6.676899	-0.606904	 0.520127	-1.409433	 0.460163	-0.499511
-0.397106	-0.871877	-0.508549	-0.499630	-2.964549	-0.935748	-6.664886	-0.855915	 0.519074	-1.655247	 0.466034	-0.499511
 0.010072	-0.495416	-0.507579	-0.499630	-2.958163	-0.933972	-6.652894	-0.479434	 0.518024	-1.276319	-0.031030	 0.000489
 0.213660	-0.307185	-0.506610	-0.499630	-2.951817	-0.932200	-6.640923	-0.291193	 0.516975	-1.085988	-0.279060	 0.250063
-0.184545	-0.213070	-0.505643	-0.499630	-2.945498	-0.930430	-6.628974	-0.197073	 0.515929	-0.989958	 0.097426	-0.125150
-0.383079	-0.166012	-0.504678	-0.499630	-2.939199	-0.928664	-6.617047	-0.150013	 0.514884	-0.941080	 0.285669	-0.312331
-0.481778	-0.142483	-0.503714	-0.499630	-2.932917	-0.926902	-6.605141	-0.126482	 0.513842	-0.915780	 0.379791	-0.405921
-0.530560	-0.130719	-0.502753	-0.499630	-2.926650	-0.925143	-6.593257	-0.114717	 0.512802	-0.902270	-0.073149	-0.452716
-0.554386	-0.124837	-0.501793	-0.499630	-2.920398	-0.923387	-6.581393	-0.108835	 0.511764	-0.894657	-0.299118	-0.476114
-0.565734	-0.121896	-0.500836	-0.499630	-2.914159	-0.921634	-6.569552	-0.105894	 0.510728	-0.889994	 0.088396	-0.487812
-0.570844	-0.120425	-0.500357	-0.499630	-2.907934	-0.919885	-6.557731	-0.104423	 0.509694	-0.886808	 0.282154	-0.493662
-0.572837	-0.119690	-0.500117	-0.499630	-2.901722	-0.918139	-6.545932	-0.103688	 0.508663	-0.884362	 0.379032	-0.496587
-0.573272	-0.119322	-0.499997	-0.499630	-2.895523	-0.916397	-6.534154	-0.103320	 0.507633	-0.882288	 0.427472	-0.498049
-0.572929	-0.619138	-0.499938	-0.499630	-2.889338	-0.914657	-6.022397	-0.103136	 0.506605	-0.880401	 0.451691	-0.498780
-0.572198	-0.868075	-0.499908	-0.499630	-2.883165	-0.912922	-5.761561	-0.103044	 0.505580	-0.878609	 0.463801	-0.499146
-0.571275	-0.491573	-0.499893	-0.499630	-2.877007	-0.911189	-6.126194	-0.102998	 0.504556	-0.876867	 0.469856	-0.499328
-0.570256	-0.303322	-0.499885	-0.499630	-2.870861	-0.909460	-6.302672	-0.102975	 0.503535	-0.875151	 0.472883	-0.499420
-0.569191	-0.209196	-0.499881	-0.499630	-2.864728	-0.907733	-6.385081	-0.102964	 0.502516	-0.873450	 0.474397	-0.499466
-0.568103	-0.162133	-0.499880	-0.499630	-2.858609	-0.906011	-5.920468	-0.102958	 0.501499	-0.871758	 0.475154	-0.499488
-0.567005	-0.138602	-0.499879	-0.499630	-2.852502	-0.904291	-5.683253	-0.102955	 0.500484	-0.870072	 0.475532	-0.499500
-0.565904	-0.126836	-0.499878	-0.499630	-2.846409	-0.902575	-6.059746	-0.102954	 0.499976	-1.368390	 0.475722	-0.499506
-0.564802	-0.120953	-0.499878	-0.499630	-2.840328	-0.900862	-6.242202	-0.102953	 0.499722	-1.615747	 0.475816	-0.499508
-0.563700	-0.118012	-0.499878	-0.499630	-2.834261	-0.899152	-6.327650	-0.102953	 0.499595	-1.237627	 0.475864	-0.499510
-0.562600	-0.116541	-0.499878	-0.499630	-2.828206	-0.897446	-6.364605	-0.102953	 0.499532	-1.047738	 0.475887	-0.499511
-0.561501	-0.615806	-0.499878	-0.499630	-2.822165	-0.895742	-6.377323	-0.102952	 0.499500	-0.951965	 0.475899	-0.499511
-0.560404	-0.864470	-0.499878	-0.499630	-2.816136	-0.894042	-6.377933	-0.102952	 0.499484	-0.903252	 0.475905	-0.499511
-0.559310	-0.987835	-0.499878	-0.499630	-2.810120	-0.892345	-6.372500	-0.102952	 0.499476	-0.878070	 0.475908	-0.499511
-0.558217	-0.548552	-0.499878	-0.499630	-2.804118	-0.890652	-6.364055	-0.102952	 0.499472	-1.364656	 0.475909	-0.499511
-0.557127	-0.328911	-0.499878	-0.499630	-2.798127	-0.888961	-6.354115	-0.102952	 0.499470	-1.606162	 0.475910	-0.499511
-0.556039	-0.219091	-0.499878	-0.499630	-2.792150	-0.887274	-6.343438	-0.602952	 0.499469	-1.725131	 0.475910	-0.499511
-0.554953	-0.164180	-0.499878	-0.499630	-2.786186	-0.885590	-6.332402	-0.851967	 0.499469	-1.782835	 0.475911	-0.499511
-0.553869	-0.136725	-0.499878	-0.499630	-2.780234	-0.883909	-6.321197	-0.475491	 0.499469	-1.309911	 0.475911	-0.499511
-0.552787	-0.122998	-0.499878	-0.499630	-2.774295	-0.882232	-6.309918	-0.287253	 0.499469	-1.072640	 0.475911	-0.499511
-0.551707	-0.116134	-0.499878	-0.499630	-2.768368	-0.880557	-6.298611	-0.193134	 0.499469	-1.453199	-0.024089	-0.499511
-0.550629	-0.112702	-0.499878	-0.499630	-2.762455	-0.878886	-6.287302	-0.146075	 0.499468	-1.641708	-0.273591	-0.499511
-0.549554	-0.110986	-0.499878	-0.499630	-2.756554	-0.877218	-6.276001	-0.122545	 0.499468	-1.734195	-0.397844	-0.499511
-0.548480	-0.110128	-0.499878	-0.499630	-2.750665	-0.875553	-6.264715	-0.110780	 0.499468	-1.778676	 0.040525	-0.499511
-0.547409	-0.109699	-0.499878	-0.499630	-2.744789	-0.873892	-6.253446	-0.104897	 0.499468	-1.799156	 0.259710	-0.499511
-0.046340	-0.109484	-0.499878	-0.499630	-2.738926	-0.872233	-6.242195	-0.101956	 0.499468	-1.807639	 0.369302	-0.499511
 0.204195	-0.109377	-0.499878	-0.499630	-2.733075	-0.870578	-6.230965	-0.100486	 0.499468	-1.810128	 0.424099	-0.499511
-0.170538	-0.109324	-0.499878	-0.499630	-2.727237	-0.868925	-6.219754	-0.099750	 0.499468	-1.309622	 0.451497	-0.499511
-0.357372	-0.109297	-0.499878	-0.499630	-2.721411	-0.867276	-6.208563	-0.099383	 0.499468	-1.058588	 0.465196	-0.499511
-0.450257	-0.109283	-0.499878	-0.499630	-2.715598	-0.865630	-6.197392	-0.099199	 0.499468	-0.932291	 0.472045	-0.499511
-0.496169	-0.109277	-0.499878	-0.499630	-2.709797	-0.863987	-6.186241	-0.099107	 0.499468	-0.868365	 0.475470	-0.499511
-0.518596	-0.109273	-0.499878	-0.499630	-2.704008	-0.862347	-6.175110	-0.099061	 0.499468	-0.835625	 0.477182	-0.499511
-0.529281	-0.109272	-0.499878	-0.499630	-2.698232	-0.860711	-6.164000	-0.099038	 0.499468	-0.818480	 0.478039	-0.499511
-0.534096	-0.109271	-0.499878	-0.499630	-2.692468	-0.859077	-6.152909	-0.099027	 0.499468	-0.809134	 0.478467	-0.499511
-0.535977	-0.109270	-0.499878	-0.499630	-2.686716	-0.857447	-6.141838	-0.099021	 0.499468	-0.803689	 0.478681	-0.499511
-0.536393	-0.109270	-0.499878	-0.499630	-2.680977	-0.855819	-6.130787	-0.099018	 0.499468	-0.800196	 0.478788	-0.499511
-0.536076	-0.109270	-0.499878	-0.499630	-2.675250	-0.854195	-6.119756	-0.099016	 0.499468	-0.797680	 0.478841	-0.499511
-0.535395	-0.109270	-0.499878	-0.499630	-2.669535	-0.852574	-6.108745	-0.099016	 0.499468	-0.795655	 0.478868	-0.499511
-0.034531	-0.109270	-0.499878	-0.499630	-2.663833	-0.850956	-6.097754	-0.099015	 0.499468	-0.793876	 0.478881	-0.499511
 0.215900	-0.109270	-0.499878	-0.499630	-2.658142	-0.849341	-6.086782	-0.099015	 0.499468	-0.792222	 0.478888	-0.499511
 0.341116	-0.109270	-0.499878	-0.499630	-2.652464	-0.847729	-6.075830	-0.099015	 0.499468	-0.790631	 0.478892	-0.499511
-0.096276	-0.109270	-0.499878	-0.499630	-2.646798	-0.846120	-6.064898	-0.599015	 0.499468	-0.789074	 0.478893	-0.499511
-0.314451	-0.109270	-0.499878	-0.499630	-2.641144	-0.844514	-6.053986	-0.848033	 0.499468	-0.787536	 0.478894	-0.499511
-0.423018	-0.109270	-0.499878	-0.499630	-2.635502	-0.842911	-6.043093	-0.471563	 0.499468	-0.786008	 0.478894	-0.499511
-0.476783	-0.109270	-0.499878	-0.499630	-2.629872	-0.841311	-6.032220	-0.283327	 0.499468	-0.784486	 0.478895	-0.499511
-0.503147	-0.109270	-0.499878	-0.499630	-2.624254	-0.839715	-6.021366	-0.189210	 0.499468	-0.782970	 0.478895	-0.499511
-0.515812	-0.109270	-0.499878	-0.499630	-2.618648	-0.838121	-6.010532	-0.142151	 0.499468	-0.781457	 0.478895	-0.499511
-0.521628	-0.109270	-0.499878	-0.499630	-2.613055	-0.836530	-5.999717	-0.118621	 0.499468	-0.779948	 0.478895	-0.499511
-0.524021	-0.109270	-0.499878	-0.499630	-2.607473	-0.834943	-5.988922	-0.106857	 0.499468	-0.778442	 0.478895	-0.499511
-0.524704	-0.109270	-0.499878	-0.499630	-2.601903	-0.833358	-5.978146	-0.100974	 0.499468	-0.776938	 0.478895	-0.499511
-0.524532	-0.109270	-0.499878	-0.499630	-2.596345	-0.831776	-5.967390	-0.098033	 0.499468	-0.775438	 0.478895	-0.499511
-0.523934	-0.109270	-0.499878	-0.499630	-2.590798	-0.830198	-5.956653	-0.096562	 0.499468	-0.773941	 0.478895	-0.499511
-0.523123	-0.609270	-0.499878	-0.499630	-2.585264	-0.828622	-5.945935	-0.095827	 0.499468	-0.772447	 0.478895	-0.499511
-0.522208	-0.858307	-0.499878	-0.499630	-2.579741	-0.827049	-5.935237	-0.095459	 0.499468	-0.770955	 0.478895	-0.499511
-0.021241	-0.481863	-0.499878	-0.499630	-2.574231	-0.825480	-5.924557	-0.095276	 0.499468	-1.769467	-0.021105	-0.499511
 0.229242	-0.293641	-0.499878	-0.499630	-2.568732	-0.823913	-5.913897	-0.095184	 0.499468	-2.266050	-0.270610	-0.499511
-0.145516	-0.199531	-0.499878	-0.499630	-2.563244	-0.822349	-5.903257	-0.595138	 0.499468	-1.511675	 0.105133	-0.499511
-0.332387	-0.152475	-0.499878	-0.499630	-2.557769	-0.820788	-5.892635	-0.844137	 0.499468	-1.133756	 0.293004	-0.499511
-0.425316	-0.128947	-0.499878	-0.499630	-2.552305	-0.819231	-5.882033	-0.967660	 0.499468	-0.944067	 0.386939	-0.499511
-0.471274	-0.617184	-0.499878	-0.499630	-2.546853	-0.817676	-5.871449	-0.528446	 0.499468	-0.848495	 0.433907	-0.499511
-0.493748	-0.860342	-0.499878	-0.499630	-2.541412	-0.816124	-5.860885	-0.308840	 0.499468	-0.799981	 0.457391	-0.499511
-0.504480	-0.480962	-0.499878	-0.499630	-2.535983	-0.814575	-5.850339	-0.199037	 0.499468	-0.774999	-0.030867	-0.499511
-0.509344	-0.291272	-0.499878	-0.499630	-2.530566	-0.813029	-5.839813	-0.144135	 0.499468	-0.761784	-0.274503	-0.499511
-0.511273	-0.196428	-0.499878	-0.499630	-2.525160	-0.811486	-5.829305	-0.116684	 0.499468	-0.754454	-0.395828	-0.499511
-0.511737	-0.149005	-0.499878	-0.499630	-2.519766	-0.809946	-5.818817	-0.102959	 0.499468	-0.750068	-0.455999	-0.499511
-0.511468	-0.125294	-0.499878	-0.499630	-2.514384	-0.808409	-5.808347	-0.096096	 0.499468	-0.747155	 0.014407	-0.499511
-0.510835	-0.113438	-0.499878	-0.499630	-2.509012	-0.806874	-5.797896	-0.092665	 0.499468	-0.744980	 0.249609	-0.499511
-0.510019	-0.107511	-0.499878	-0.499630	-2.503653	-0.805343	-5.787464	-0.090949	 0.499468	-0.743175	 0.367211	-0.499511
-0.509115	-0.104547	-0.499878	-0.499630	-2.498305	-0.803814	-5.777051	-0.090091	 0.499468	-0.741557	-0.073989	-0.499511
-0.508166	-0.103065	-0.499878	-0.499630	-2.492968	-0.802289	-5.766656	-0.089662	 0.499468	-0.740034	-0.294099	-0.499511
-0.507196	-0.102324	-0.499878	-0.499630	-2.487642	-0.800766	-5.756281	-0.089448	 0.499468	-0.738559	 0.096335	-0.499511
-0.506217	-0.101953	-0.499878	-0.499630	-2.482328	-0.799246	-5.745923	-0.089340	 0.499468	-0.737110	 0.291552	-0.499511
-0.505234	-0.101768	-0.499878	-0.499630	-2.477026	-0.797729	-5.735585	-0.089287	 0.499468	-0.735676	 0.389161	-0.499511
-0.504250	-0.101675	-0.499878	-0.499630	-2.471734	-0.796215	-5.725265	-0.089260	 0.499468	-0.734249	 0.437965	-0.499511
-0.503266	-0.101629	-0.499878	-0.499630	-2.466454	-0.794704	-5.714963	-0.089247	 0.499468	-1.232829	 0.462367	-0.499511
-0.502284	-0.101606	-0.499878	-0.499630	-2.461185	-0.793196	-5.704681	-0.089240	 0.499468	-1.480447	 0.474568	-0.499511
-0.501303	-0.101594	-0.499878	-0.499630	-2.455928	-0.791691	-5.694416	-0.089237	 0.499468	-1.602588	 0.480669	-0.499511
-0.500324	-0.101588	-0.499878	-0.499630	-2.450682	-0.790188	-5.684170	-0.089235	 0.499468	-1.161993	 0.483719	-0.499511
-0.499835	-0.101586	-0.499878	-0.499630	-2.445447	-0.788688	-5.673943	-0.089234	 0.499468	-0.941000	 0.485244	-0.499511
 0.000410	-0.101584	-0.499878	-0.499630	-2.440223	-0.787191	-5.663734	-0.089234	 0.499468	-0.829808	 0.486007	-0.499511
 0.250044	-0.101583	-0.499878	-0.499630	-2.435010	-0.785697	-5.653543	-0.089233	 0.499468	-0.773518	 0.486388	-0.499511
-0.125140	-0.601583	-0.499878	-0.499630	-2.429808	-0.784206	-5.643371	-0.589233	 0.499468	-0.744681	 0.486579	-0.499511
-0.312243	-0.850626	-0.499878	-0.499630	-2.424618	-0.782718	-5.633217	-0.838260	 0.499468	-0.729571	 0.486674	-0.499511
-0.405794	-0.474193	-0.499878	-0.499630	-2.419438	-0.781232	-5.623081	-0.461803	 0.499468	-1.221327	 0.486722	-0.499511
-0.452570	-0.285976	-0.499878	-0.499630	-2.414270	-0.779750	-5.612964	-0.273574	 0.499468	-1.465550	 0.486746	-0.499511
-0.475958	-0.191867	-0.499878	-0.499630	-2.409113	-0.778270	-5.602864	-0.179459	 0.499468	-1.586012	 0.486758	-0.499511
-0.487652	-0.144813	-0.499878	-0.499630	-2.403967	-0.776793	-5.592783	-0.132402	 0.499468	-1.144595	 0.486763	-0.499511
-0.493499	-0.121286	-0.499878	-0.499630	-2.398831	-0.775318	-5.582720	-0.108874	 0.499468	-0.923208	 0.486766	-0.499511
-0.496422	-0.109523	-0.499878	-0.499630	-2.393707	-0.773847	-5.572675	-0.097109	 0.499468	-0.811837	 0.486768	-0.499511
-0.497884	-0.103641	-0.499878	-0.499630	-2.388594	-0.772378	-5.562649	-0.091227	 0.499468	-0.755475	 0.486769	-0.499511
-0.498615	-0.100700	-0.499878	-0.499630	-2.383491	-0.770912	-5.552640	-0.088286	 0.499468	-0.726619	 0.486769	-0.499511
-0.498980	-0.099230	-0.499878	-0.499630	-2.378400	-0.769449	-5.542649	-0.086815	 0.499468	-0.711518	 0.486769	-0.499511
-0.499163	-0.098494	-0.499878	-0.499630	-2.373319	-0.767989	-5.532676	-0.086080	 0.499468	-0.703295	 0.486769	-0.499511
-0.499254	-0.098127	-0.499878	-0.499630	-2.368249	-0.766531	-5.522721	-0.085713	 0.499468	-0.698512	 0.486769	-0.499511
-0.499300	-0.097943	-0.499878	-0.499630	-2.363190	-0.765076	-5.512784	-0.085529	 0.499468	-0.695451	 0.486769	-0.499511
-0.499323	-0.097851	-0.499878	-0.499630	-2.358142	-0.763624	-5.502865	-0.085437	 0.499468	-0.693252	-0.013231	-0.499511
-0.499334	-0.097805	-0.499878	-0.499630	-2.353105	-0.762175	-5.492964	-0.085391	 0.499468	-0.691486	-0.262743	-0.499511
-0.499340	-0.097782	-0.499878	-0.499630	-2.348078	-0.760728	-5.483081	-0.085368	 0.499468	-0.689936	-0.387012	-0.499511
-0.499343	-0.097771	-0.499878	-0.499630	-2.343062	-0.759285	-5.473215	-0.085356	 0.499468	-0.688497	-0.448660	-0.499511
-0.499344	-0.097765	-0.499878	-0.499630	-2.338057	-0.757844	-5.463367	-0.085351	 0.499468	-0.687114	 0.021001	-0.499511
-0.499345	-0.097762	-0.499878	-0.499630	-2.333062	-0.756405	-5.453537	-0.085348	 0.499468	-0.685761	 0.255831	-0.499511
-0.499345	-0.097761	-0.499878	-0.499630	-2.328079	-0.754970	-5.443725	-0.085346	 0.499468	-0.684424	 0.373247	-0.499511
-0.499346	-0.097760	-0.499878	-0.499630	-2.323105	-0.753537	-5.433930	-0.085346	 0.499468	-0.683096	 0.431954	-0.499511
-0.499346	-0.097759	-0.499878	-0.499630	-2.318143	-0.752107	-5.424153	-0.085345	 0.499468	-0.681773	 0.461308	-0.499511
-0.499346	-0.097759	-0.499878	-0.499630	-2.313191	-0.750679	-5.414393	-0.085345	 0.499468	-0.680455	 0.475985	-0.499511
-0.499346	-0.097759	-0.499878	-0.499630	-2.308250	-0.749254	-5.404651	-0.085345	 0.499468	-0.679141	 0.483324	-0.499511
-0.499346	-0.097759	-0.499878	-0.499630	-2.303319	-0.747832	-5.394927	-0.585345	 0.499468	-0.677829	 0.486993	-0.499511
-0.499346	-0.097759	-0.499878	-0.499630	-2.298398	-0.746413	-5.385220	-0.834375	 0.499468	-0.676520	 0.488827	-0.499511
 0.000654	-0.097759	-0.499878	-0.499630	-2.293489	-0.744996	-5.375530	-0.457923	 0.499468	-1.175214	 0.489745	-0.499511
 0.250165	-0.097759	-0.499878	-0.499630	-2.288589	-0.743583	-5.365858	-0.269697	 0.499468	-1.422945	 0.490203	-0.499511
-0.125079	-0.097759	-0.499878	-0.499630	-2.283701	-0.742171	-5.356203	-0.175584	 0.499468	-1.045197	 0.490433	-0.499511
-0.312213	-0.097759	-0.499878	-0.499630	-2.278822	-0.740763	-5.346566	-0.128527	 0.499468	-0.855679	 0.490547	-0.499511
-0.405780	-0.597759	-0.499878	-0.499630	-2.273954	-0.739357	-5.336946	-0.104999	 0.499468	-0.760277	 0.490605	-0.499511
-0.452563	-0.846806	-0.499878	-0.499630	-2.269097	-0.737954	-5.327343	-0.093235	 0.499468	-0.711934	 0.490633	-0.499511
-0.475955	-0.970377	-0.499878	-0.499630	-2.264250	-0.736553	-5.317758	-0.087353	 0.499468	-0.687122	 0.490648	-0.499511
-0.487651	-0.531213	-0.499878	-0.499630	-2.259413	-0.735155	-5.308190	-0.084412	 0.499468	-0.674077	 0.490655	-0.499511
-0.493498	-0.311631	-0.499878	-0.499630	-2.254586	-0.733760	-5.298639	-0.082941	 0.499468	-0.666916	 0.490658	-0.499511
-0.496422	-0.201840	-0.499878	-0.499630	-2.249770	-0.732367	-5.289105	-0.082206	 0.499468	-0.662698	 0.490660	-0.499511
-0.497884	-0.146944	-0.499878	-0.499630	-2.244964	-0.730977	-5.279588	-0.081838	 0.499468	-0.659954	 0.490661	-0.499511
-0.498615	-0.119496	-0.499878	-0.499630	-2.240169	-0.729590	-5.270089	-0.081654	 0.499468	-0.657947	 0.490662	-0.499511
-0.498981	-0.105772	-0.499878	-0.499630	-2.235383	-0.728205	-5.260607	-0.081562	 0.499468	-0.656311	 0.490662	-0.499511
-0.499164	-0.098910	-0.499878	-0.499630	-2.230608	-0.726823	-5.251141	-0.081516	 0.499468	-0.654860	 0.490662	-0.499511
-0.499255	-0.095479	-0.499878	-0.499630	-2.225843	-0.725444	-5.241693	-0.081493	 0.499468	-0.653505	 0.490662	-0.499511
-0.499301	-0.093764	-0.499878	-0.499630	-2.221088	-0.724067	-5.232262	-0.081482	 0.499468	-0.652197	 0.490662	-0.499511
-0.499324	-0.092906	-0.499878	-0.499630	-2.216344	-0.722693	-5.222847	-0.081476	 0.499468	-0.650915	 0.490662	-0.499511
-0.499335	-0.092477	-0.499878	-0.499630	-2.211609	-0.721321	-5.213450	-0.081473	 0.499468	-0.649647	 0.490662	-0.499511
-0.499341	-0.092263	-0.499878	-0.499630	-2.206885	-0.719952	-5.204069	-0.081472	 0.499468	-0.648387	 0.490662	-0.499511
-0.499344	-0.092156	-0.499878	-0.499630	-2.202170	-0.718586	-5.194706	-0.081471	 0.499468	-0.647132	 0.490662	-0.499511
-0.499345	-0.592102	-0.499878	-0.499630	-2.197466	-0.717222	-5.185359	-0.081471	 0.499468	-0.645881	 0.490662	-0.499511
-0.499346	-0.841127	-0.499878	-0.499630	-2.192772	-0.715860	-5.176029	-0.081471	 0.499468	-0.644633	 0.490662	-0.499511
-0.499346	-0.964692	-0.499878	-0.499630	-2.188088	-0.714502	-5.166716	-0.081471	 0.499468	-1.143388	 0.490662	-0.499511
-0.499346	-1.025530	-0.499878	-0.499630	-2.183414	-0.713146	-5.157420	-0.081471	 0.499468	-1.391180	 0.490662	-0.499511
-0.499346	-1.055005	-0.499878	-0.499630	-2.178750	-0.711792	-5.148140	-0.081471	 0.499468	-1.513494	 0.490662	-0.499511
-0.499346	-0.568801	-0.499878	-0.499630	-2.174096	-0.710441	-5.138877	-0.081471	 0.499468	-1.073072	 0.490662	-0.499511
-0.499346	-0.325699	-0.499878	-0.499630	-2.169451	-0.709093	-5.129631	-0.081471	 0.499468	-0.852250	 0.490662	-0.499511
-0.499346	-0.204148	-0.499878	-0.499630	-2.164817	-0.707747	-5.120401	-0.081471	 0.499468	-0.741230	 0.490662	-0.499511
-0.499346	-0.143372	-0.499878	-0.499630	-2.160193	-0.706404	-5.111188	-0.081471	 0.499468	-0.685111	 0.490662	-0.499511
-0.499346	-0.112985	-0.499878	-0.499630	-2.155578	-0.705063	-5.101992	-0.081471	 0.499468	-0.656444	 0.490662	-0.499511
-0.499346	-0.097791	-0.499878	-0.499630	-2.150973	-0.703725	-5.092812	-0.081471	 0.499468	-0.641505	 0.490662	-0.499511
-0.499346	-0.090194	-0.499878	-0.499630	-2.146378	-0.702389	-5.083648	-0.081471	 0.499468	-0.633431	 0.490662	-0.499511
-0.499346	-0.086395	-0.499878	-0.499630	-2.141793	-0.701056	-5.074501	-0.081471	 0.499468	-0.628790	 0.490662	-0.499511
-0.499346	-0.084496	-0.499878	-0.499630	-2.137218	-0.699726	-5.065371	-0.081471	 0.499468	-0.625867	 0.490662	-0.499511
-0.499346	-0.083546	-0.499878	-0.499630	-2.132653	-0.698398	-5.056257	-0.081471	 0.499468	-0.623804	 0.490662	-0.499511
-0.499346	-0.083072	-0.499878	-0.499630	-2.128097	-0.697072	-5.047159	-0.081471	 0.499468	-0.622172	 0.490662	-0.499511
-0.499346	-0.082834	-0.499878	-0.499630	-2.123551	-0.695749	-5.038078	-0.081471	 0.499468	-0.620757	 0.490662	-0.499511
-0.499346	-0.082716	-0.499878	-0.499630	-2.119015	-0.694429	-5.029013	-0.081471	 0.499468	-0.619452	 0.490662	-0.499511
-0.499346	-0.082656	-0.499878	-0.499630	-2.114488	-0.693111	-5.019964	-0.081471	 0.499468	-1.118202	-0.009338	-0.499511
-0.499346	-0.082627	-0.499878	-0.499630	-2.109971	-0.691795	-5.010932	-0.081471	 0.499468	-1.366017	-0.258854	-0.499511
-0.499346	-0.082612	-0.499878	-0.499630	-2.105464	-0.690482	-5.001916	-0.081471	 0.499468	-0.988366	 0.116872	-0.499511
-0.499346	-0.082604	-0.499878	-0.499630	-2.100966	-0.689172	-4.992916	-0.081471	 0.499468	-0.798951	 0.304734	-0.499511
-0.499346	-0.082601	-0.499878	-0.499630	-2.096478	-0.687864	-4.983932	-0.081471	 0.499468	-0.703655	 0.398666	-0.499511
 0.000654	-0.082599	-0.499878	-0.499630	-2.092000	-0.686558	-4.974965	-0.081471	 0.499468	-0.655420	 0.445631	-0.499511
 0.250165	-0.082598	-0.499878	-0.499630	-2.087531	-0.685255	-4.966014	-0.081471	 0.499468	-0.630716	 0.469114	-0.499511
 0.374920	-0.582597	-0.499878	-0.499630	-2.083072	-0.683955	-4.957078	-0.081471	 0.499468	-0.617779	 0.480856	-0.499511
 0.437298	-0.831657	-0.499878	-0.499630	-2.078622	-0.682657	-4.948159	-0.081471	 0.499468	-0.610727	 0.486726	-0.499511
-0.031513	-0.455248	-0.499878	-0.499630	-2.074182	-0.681361	-4.939256	-0.081471	 0.499468	-0.606618	 0.489662	-0.499511
-0.265430	-0.267044	-0.499878	-0.499630	-2.069751	-0.680068	-4.930369	-0.081471	 0.499468	-0.603981	 0.491129	-0.499511
-0.382389	-0.172941	-0.499878	-0.499630	-2.065330	-0.678777	-4.921498	-0.081471	 0.499468	-0.602083	 0.491863	-0.499511
-0.440868	-0.125890	-0.499878	-0.499630	-2.060918	-0.677489	-4.912643	-0.081471	 0.499468	-0.600554	 0.492230	-0.499511
-0.470107	-0.102365	-0.499878	-0.499630	-2.056515	-0.676203	-4.903803	-0.081471	 0.499468	-0.599212	 0.492414	-0.499511
-0.484727	-0.090602	-0.499878	-0.499630	-2.052122	-0.674920	-4.894980	-0.081471	 0.499468	-0.597963	 0.492505	-0.499511
-0.492037	-0.084720	-0.499878	-0.499630	-2.047738	-0.673639	-4.886172	-0.081471	 0.499468	-0.596763	 0.492551	-0.499511
-0.495692	-0.081780	-0.499878	-0.499630	-2.043364	-0.672360	-4.877381	-0.081471	 0.499468	-0.595588	 0.492574	-0.499511
