 0.499430	 0.401610	-0.483511	-0.499134	 0.157750	-0.499527	-0.490672	-0.185772	 0.518904	 0.312292	 0.249652	-0.499854
 0.499430	 0.401610	-0.483511	-0.499134	 0.157934	-0.499527	-0.484598	-0.187486	 0.517854	 0.406058	 0.374403	-0.499854
 0.499430	 0.401610	-0.483511	-0.499134	 0.158026	-0.499527	-0.481560	-0.188343	 0.516806	-0.047058	-0.063221	-0.499854
 0.499430	 0.401610	-0.483511	-0.499134	 0.158072	-0.499527	-0.480042	-0.188772	 0.515760	-0.273134	-0.281558	-0.499854
 0.499430	 0.401610	-0.483511	-0.499134	 0.158095	-0.499527	-0.479282	-0.188986	 0.514716	-0.386172	 0.109274	-0.499854
 0.499430	 0.401610	-0.483511	-0.499134	 0.158106	-0.499527	-0.478903	-0.189093	 0.513674	-0.442690	 0.304215	-0.499854
 0.499430	 0.401610	-0.483511	-0.499134	 0.158112	-0.499527	-0.478713	-0.189146	 0.512634	-0.470950	 0.401685	-0.499854
 0.499430	 0.401610	-0.483511	-0.499134	 0.158115	-0.499527	-0.478618	-0.189173	 0.511596	-0.485080	 0.450420	-0.499854
 0.499430	 0.401610	-0.483511	-0.499134	 0.158116	-0.499527	-0.478571	-0.189187	 0.510561	 0.007856	-0.025212	-0.499854
 0.499430	 0.401610	-0.483511	-0.499134	 0.158117	-0.499527	-0.478547	-0.189193	 0.509527	 0.253840	-0.262552	-0.499854
 0.499430	 0.401610	-0.483511	-0.499134	 0.158117	-0.499527	-0.478535	-0.189197	 0.508496	 0.376832	-0.381222	-0.499854
 0.499430	 0.401610	-0.483511	-0.499134	-0.341883	-0.499527	-0.478529	-0.189198	 0.507467	-0.061672	-0.440557	-0.499854
 0.499430	 0.401610	-0.483511	-0.499134	-0.590983	-0.499527	-0.478526	-0.189199	 0.506439	-0.280441	-0.470225	-0.499854
 0.499430	 0.401610	-0.483511	-0.499134	-0.214636	-0.499527	-0.478525	-0.189200	 0.505414	-0.389826	 0.014941	-0.499854
 0.499430	 0.401610	-0.483511	-0.499134	-0.026463	-0.499527	-0.478524	-0.189200	 0.504391	-0.444518	 0.257049	-0.499854
 0.499430	 0.401610	-0.483511	-0.499134	-0.432376	-0.499527	-0.478523	-0.189200	 0.503370	-0.471864	-0.121897	-0.499854
 0.499430	 0.401610	-0.483511	-0.499134	-0.634437	-0.499527	-0.478523	-0.189200	 0.502351	-0.485537	-0.310894	-0.499854
 0.499430	 0.401610	-0.483511	-0.499134	-0.234575	-0.499527	-0.978523	-0.189200	 0.501334	 0.007626	-0.405392	-0.499854
 0.499430	 0.401610	-0.483511	-0.499134	-0.034643	-0.499527	-1.227193	-0.189200	 0.500320	 0.253724	-0.452642	-0.499854
 0.499430	 0.401610	-0.483511	-0.499134	 0.065322	-0.499527	-1.350200	-0.189200	 0.499812	 0.376773	-0.476266	-0.499854
 0.499430	 0.401610	-0.483511	-0.499134	 0.115305	-0.499527	-0.910378	-0.189200	 0.499558	 0.438298	-0.488079	-0.499854
 0.499430	 0.401610	-0.483511	-0.499134	 0.140297	-0.499527	-0.690467	-0.189200	 0.499432	 0.469060	-0.493985	-0.499854
 0.499430	 0.401610	-0.483511	-0.499134	-0.347208	-0.499527	-0.580512	-0.189200	 0.499368	-0.015559	-0.496938	-0.499854
 0.499430	 0.401610	-0.483511	-0.499134	-0.590068	-0.499527	-0.525534	-0.189200	 0.499336	-0.257385	-0.498414	-0.499854
-0.000570	 0.401610	-0.483511	-0.499134	-0.710609	-0.499527	-0.498045	-0.189200	-0.000679	-0.378298	-0.499153	-0.499854
-0.250081	 0.401610	-0.483511	-0.499134	-0.769991	-0.499527	-0.484301	-0.189200	-0.250181	-0.438755	-0.499522	-0.499854
-0.374837	 0.401610	-0.483511	-0.499134	-0.298797	-0.499527	-0.977429	-0.189200	-0.374931	-0.468983	-0.499706	-0.499854
-0.437215	 0.401610	-0.483511	-0.499134	-0.063200	-0.499527	-1.222670	-0.189200	-0.437306	-0.484098	-0.499799	-0.499854
-0.468404	 0.401610	-0.483511	-0.499134	 0.054599	-0.499527	-1.343970	-0.189200	-0.468494	-0.491655	-0.499845	-0.499854
-0.483998	-0.098390	-0.483511	-0.499134	-0.386502	-0.499527	-1.403301	-0.189200	-0.484088	-0.495433	-0.499868	-0.499854
-0.491795	-0.347870	-0.483511	-0.499134	-0.606168	-0.499527	-1.431651	-0.189200	-0.491885	-0.497322	-0.499879	-0.499854
 0.004306	 0.027908	-0.483511	-0.499134	-0.715119	-0.499527	-0.944513	-0.189200	 0.004217	-0.498267	-0.499885	-0.499854
 0.251868	 0.215798	-0.483511	-0.499134	-0.768715	-0.499527	-0.700944	-0.189200	 0.251761	-0.498739	-0.499888	-0.499854
-0.124351	 0.309742	-0.483511	-0.499134	-0.294634	-0.499527	-1.079159	-0.189200	 0.375533	-0.498976	-0.499889	-0.499854
-0.311971	 0.356715	-0.483511	-0.499134	-0.057594	-0.499527	-1.266956	-0.189200	 0.437419	-0.499094	-0.499890	-0.499854
-0.405782	 0.380201	-0.483511	-0.499134	 0.060926	-0.499527	-0.859545	-0.189200	 0.468362	-0.499153	-0.499891	-0.499854
-0.452687	 0.391944	-0.483511	-0.499134	 0.120187	-0.499527	-0.655840	-0.189200	 0.483834	-0.499182	-0.499891	-0.499854
-0.476140	 0.397816	-0.483511	-0.499134	 0.149817	-0.499527	-0.553987	-0.189200	 0.491570	-0.499197	-0.499891	-0.499854
 0.012134	 0.400751	-0.483511	-0.499134	 0.164632	-0.499527	-0.503061	 0.310800	 0.495438	-0.499204	-0.499891	-0.499854
 0.255782	 0.402219	-0.483511	-0.499134	 0.172039	-0.499527	-0.477598	 0.560076	 0.497372	-0.499208	-0.499891	-0.499854
 0.377606	 0.402953	-0.483511	-0.499134	 0.675743	 0.000473	 0.035134	 0.683991	 0.498339	 0.000790	-0.499891	-0.499854
 0.438518	 0.403320	-0.483511	-0.499134	 0.926335	 0.249998	 0.291007	 0.745226	 0.498822	 0.250306	-0.499891	-0.499854
 0.468974	 0.403504	-0.483511	-0.499134	 1.050374	 0.874761	 0.918451	 0.775124	 0.499064	 0.375064	 0.000109	-0.499854
 0.484202	 0.403595	-0.483511	-0.499134	 1.111139	 1.185719	 1.230783	 0.789354	 0.499185	 0.437442	 0.249634	-0.499854
 0.491816	 0.403641	 0.016489	 0.000866	 2.640270	 2.839778	 3.885560	 1.295751	 0.499245	 0.968632	 0.374396	-0.499854
 0.495623	 0.403664	 0.265996	 0.250354	 3.400382	 3.662543	 5.207065	 1.547340	 0.499275	 1.232779	 0.436777	-0.499854
 0.497527	 0.403676	 0.390257	 0.375098	 3.775994	 4.069669	 5.861944	 1.671527	 0.499290	 1.363407	 0.467968	-0.499854
 0.498479	 0.903681	 0.451897	 0.937469	 5.459366	 4.768984	 8.683521	 2.232017	 0.499298	 2.427279	 0.483563	-0.499854
 0.498955	 1.152465	 0.482227	 1.217122	 6.293423	 5.113452	 10.083959	 2.509767	 0.499302	 2.955844	 0.491360	-0.499854
 0.999193	 1.275640	 0.496903	 1.855418	 7.202839	 5.280507	 10.773846	 2.146153	-0.000696	 3.216764	 0.495259	-0.499854
 1.247847	 1.336012	 0.503752	 2.172016	 7.648882	 5.358865	 11.108476	 1.962753	-0.250189	 3.343866	 0.497209	-0.499854
 1.370713	 1.864986	 0.506690	 2.827771	 8.363258	 5.892884	 11.765496	 2.369464	-0.374935	 3.404066	 0.498183	-0.499854
 1.430687	 2.127394	 0.507672	 3.152087	 8.710750	 6.153795	 12.082831	 2.570340	-0.437308	 3.430822	 0.498671	-0.499854
 0.959218	 2.256522	 1.007678	 3.310691	 8.874821	 6.278163	 11.730342	 2.668302	-0.468494	 3.440862	 0.498914	-0.499854
 0.723484	 2.319014	 1.256242	 3.386446	 8.947202	 6.334271	 11.543862	 2.714812	-0.484088	 3.442550	 0.499036	-0.499854
 0.605617	 2.348192	 1.379088	 3.420783	 8.973759	 6.356261	 11.440404	 2.735601	-0.491884	 3.440070	 0.499097	-0.499854
 1.046683	 2.360716	 0.939077	 3.434419	 8.977424	 6.361203	 10.878476	 2.743533	-0.495783	 2.935511	 0.499128	-0.499854
 1.265763	 2.364917	 0.719072	 3.437712	 8.969665	 6.357633	 10.588231	 2.745042	-0.497732	 2.680884	 0.499143	-0.499854
 0.873853	 1.864959	 0.609069	 2.435841	 7.956213	 5.849818	 9.433844	 2.243342	 0.001294	 1.551229	 0.499151	-0.499854
 0.677898	 1.613795	 0.554068	 1.933439	 7.442071	 5.590841	 8.849202	 1.990937	 0.250300	 0.986401	 0.499154	-0.499854
 0.579920	 1.487030	 0.026567	 1.180775	 5.677601	 4.456293	 5.549446	 1.863182	 0.874803	 0.703987	 0.499156	-0.499854
 0.530932	 1.422466	-0.236705	 0.804443	 4.791186	 3.885867	 3.897544	 1.797754	 1.185537	 0.562780	 0.499157	-0.499854
 0.506437	 0.889004	-0.368341	 0.116277	 3.343808	 2.597508	 2.569572	 0.763492	 0.839390	-0.007823	-0.000842	-0.499854
 0.494190	 0.622273	-0.434159	-0.227222	 2.618093	 1.952086	 1.904470	 0.246362	 0.666316	-0.292566	-0.250366	-0.499854
 0.488067	 0.488908	-0.467068	-0.398387	 2.253215	 1.628135	 1.570804	-0.012204	 0.579779	-0.434381	-0.375128	-0.499854
 0.485005	 0.422225	-0.483523	-0.483388	 1.068759	 0.964922	 0.902857	 0.358514	 0.536511	-0.004732	-0.437509	-0.499854
 0.483474	 0.388884	-0.491750	-0.525307	 0.476531	 0.633315	 0.568884	 0.543221	 0.514877	 0.210093	-0.468699	-0.499854
 0.482708	 0.372213	-0.495863	-0.545687	 0.180417	-0.032488	 0.401898	 0.134924	 0.504060	-0.182495	-0.484294	-0.499854
 0.482326	 0.363878	-0.497920	-0.555298	 0.032360	-0.364727	 0.318405	-0.069224	 0.498651	-0.378233	-0.492092	-0.499854
 0.482134	 0.359710	-0.498949	-0.559526	-0.041669	-0.530185	-0.223342	-0.171298	 0.495947	-0.475549	-0.495991	-0.499854
 0.482039	 0.357627	-0.499463	-0.561063	-0.078683	-0.612254	-0.493527	-0.222335	 0.494595	-0.523653	-0.497940	-0.499854
 0.481991	 0.356585	-0.499720	-0.561257	-0.097190	-0.652630	-0.627933	-0.247854	-0.006081	-0.547154	-0.498915	-0.499854
 0.481967	 0.356064	-0.499849	-0.560780	-0.106444	-0.672160	-0.694449	-0.260613	-0.255906	-0.558353	-0.499402	-0.499854
 0.481955	 0.355803	-0.499913	-0.559968	-0.111071	-0.681269	-0.727023	-0.266993	-0.380307	-0.563403	-0.499646	-0.499854
-0.018051	 0.355673	-0.499945	-0.558991	-0.613384	-0.685168	-0.742627	-0.270182	-0.441997	-0.565379	-0.499768	-0.499854
-0.267548	 0.355608	-0.499961	-0.557932	-0.863349	-0.686463	-0.749746	-0.271777	-0.472332	-0.565819	-0.499829	-0.499854
-0.391792	 0.355575	-0.499969	-0.556833	-0.987142	-0.686459	-1.252625	-0.272575	 0.013010	-0.565493	-0.499859	-0.499854
-0.453409	 0.355559	-0.499973	-0.555715	-1.047852	-0.685805	-1.502486	-0.272974	 0.255680	-0.564784	-0.499874	-0.499854
-0.483715	-0.144449	-0.499975	-0.554589	-0.577024	-0.684828	-1.125839	-0.273173	 0.377015	-0.563885	-0.499882	-0.499854
-0.498366	-0.393894	-0.499976	-0.553460	-0.341609	-0.683690	-0.936842	-0.273273	 0.437683	-0.562892	-0.499886	-0.499854
-0.005191	-0.018057	-0.499977	-0.552331	-0.723902	-0.682474	-0.841671	-0.273322	 0.468017	-0.561853	-0.499888	-0.499854
 0.241397	 0.169861	-0.499977	-0.551203	-0.913867	-0.681219	-0.793413	-0.273347	 0.483184	-0.560792	-0.499889	-0.499854
 0.364691	 0.263820	-0.499977	-0.550077	-1.007670	-0.679946	-0.768614	-0.273360	 0.490767	-0.559721	-0.499889	-0.499854
 0.426338	 0.310800	-0.499977	-0.548952	-0.553395	-0.678666	-0.755546	-0.273366	 0.494559	-0.558647	-0.499889	-0.499854
 0.457161	 0.334290	-0.499977	-0.547830	-0.326258	-0.677383	-0.748343	-0.273369	 0.496455	-0.557571	-0.499889	-0.499854
 0.472573	 0.346035	-0.499977	-0.546710	-0.212689	-0.676100	-0.744075	-0.273371	 0.497403	-0.556496	-0.499889	-0.499854
 0.480279	 0.351907	-0.499977	-0.545592	-0.155905	-0.674818	-0.741276	-0.273371	 0.497877	-0.555422	-0.499889	-0.499854
 0.484132	 0.354843	-0.499977	-0.544476	-0.127513	-0.673538	-0.739212	-0.273372	 0.498114	-0.554350	-0.499889	-0.499854
 0.486058	 0.356312	-0.499977	-0.543363	-0.113317	-0.672260	-0.737516	-0.273372	 0.498232	-0.553280	-0.499889	-0.499854
 0.487022	 0.357046	-0.499977	-0.542252	-0.106219	-0.670984	-0.736007	-0.273372	 0.498292	-0.552212	 0.000110	-0.499854
 0.487503	 0.357413	-0.499977	-0.541143	-0.102670	-0.669711	-0.734591	-0.273372	 0.498321	-0.551146	 0.249635	-0.499854
 0.487744	 0.357596	-0.499977	-0.540036	-0.100895	-0.668440	-0.733224	-0.273372	 0.498336	-0.550082	 0.374397	-0.499854
 0.487865	 0.357688	-0.499977	-0.538932	-0.600008	-0.667171	-1.231882	-0.273372	 0.498343	-0.549020	-0.063222	-0.499854
 0.487925	 0.357734	-0.499977	-0.537830	-0.848390	-0.665905	-1.479654	-0.273372	 0.498347	-0.547960	-0.281555	-0.499854
 0.487955	 0.357757	-0.499977	-0.536730	-0.471410	-0.664641	-1.101986	-0.273372	 0.498349	-0.546902	 0.109279	-0.499854
 0.487970	 0.357768	-0.499977	-0.535633	-0.282920	-0.663380	-0.912500	-0.273372	 0.498350	-0.545846	 0.304220	-0.499854
 0.487977	 0.357774	-0.499977	-0.534538	-0.188675	-0.662121	-0.817107	-0.273372	 0.498350	-0.544792	-0.098310	-0.499854
 0.487981	 0.357777	-0.499977	-0.533445	-0.141552	-0.660864	-0.768761	-0.273372	 0.498351	-0.543740	-0.299098	-0.499854
 0.487983	 0.357778	-0.499977	-0.532354	-0.117991	-0.659610	-0.743940	-0.273372	 0.498351	-0.542690	-0.399492	-0.499854
 0.487984	 0.357779	-0.499977	-0.531265	-0.106210	-0.658358	-0.730882	-0.273372	 0.498351	-0.541642	-0.449690	-0.499854
 0.487984	 0.357779	-0.499977	-0.530179	-0.100320	-0.657108	-0.723708	-0.273372	 0.498351	-0.540596	-0.474788	-0.499854
 0.487985	 0.357779	-0.499977	-0.529095	-0.097375	-0.655861	-0.719476	-0.273372	 0.498351	-0.539553	-0.487337	-0.499854
 0.487985	 0.357780	-0.499977	-0.528013	-0.095902	-0.654616	-0.716717	-0.273372	 0.498351	-0.538511	-0.493612	-0.499854
 0.987985	 0.357780	-0.499977	-0.526933	-0.095166	-0.653374	-0.714695	-0.273372	 0.498351	-0.537471	 0.003251	-0.499854
 1.236532	 0.357780	-0.499977	-0.525856	-0.094798	-0.652134	-0.713042	-0.273372	 0.498351	-0.536433	 0.251206	-0.499854
 0.859355	 0.357780	-0.499977	-0.524780	-0.094614	-0.650896	-0.711576	-0.273372	 0.498351	-0.035398	 0.375184	-0.499854
 0.670766	 0.357780	-0.499977	-0.523707	-0.094522	-0.649661	-0.710205	-0.273372	 0.498351	 0.215120	 0.437173	-0.499854
 0.576472	 0.357780	-0.499977	-0.522637	-0.094476	-0.648428	-0.708881	-0.273372	 0.498351	-0.159621	 0.468168	-0.499854
 0.529325	 0.357780	-0.499977	-0.521568	-0.094453	-0.647197	-0.707583	-0.273372	 0.498351	-0.346476	 0.483665	-0.499854
 0.505751	 0.357780	-0.499977	-0.520501	-0.094441	-0.645969	-0.706298	-0.273372	 0.498351	-0.439388	 0.491414	-0.499854
 0.493964	 0.357780	-0.499977	-0.519437	-0.094436	-0.644743	-0.705021	-0.273372	 0.498351	-0.485330	 0.495288	-0.499854
 0.488071	 0.357780	-0.499977	-0.518375	-0.094433	-0.643519	-0.703750	-0.273372	 0.498351	-0.507789	 0.497225	-0.499854
 0.485124	 0.357780	-0.499977	-0.517315	-0.094431	-0.642298	-0.702482	-0.273372	 0.498351	-0.518506	-0.001806	-0.499854
 0.483651	 0.357780	-0.499977	-0.516257	-0.094431	-0.641079	-0.701218	-0.273372	 0.498351	-0.523354	-0.250846	-0.499854
 0.482914	 0.357780	-0.499977	-0.515201	-0.094430	-0.639862	-0.699956	-0.273372	 0.498351	-0.525268	-0.375366	-0.499854
 0.482546	 0.357780	-0.499977	-0.514148	-0.094430	-0.638648	-0.698696	-0.273372	 0.498351	-0.525716	-0.437625	-0.499854
 0.482362	 0.357780	-0.499977	-0.513097	-0.094430	-0.637436	-0.697439	-0.273372	 0.498351	-1.025432	-0.468755	-0.499854
 0.482270	 0.357780	-0.499977	-0.512047	-0.094430	-0.636226	-0.696184	-0.273372	 0.498351	-1.273817	-0.484320	-0.499854
 0.482224	 0.357780	-0.499977	-0.511000	-0.094430	-0.635018	-0.694931	-0.273372	 0.498351	-0.896541	-0.492103	-0.499854
 0.482201	 0.357780	-0.499977	-0.509956	-0.094430	-0.633813	-0.693681	-0.273372	 0.498351	-0.707401	-0.495994	-0.499854
 0.482189	 0.357780	-0.499977	-0.508913	-0.094430	-0.632610	-0.692433	-0.273372	 0.498351	-0.612331	-0.497940	-0.499854
 0.482183	 0.357780	-0.499977	-0.507872	-0.094430	-0.631410	-0.691187	-0.273372	 0.498351	-0.564297	 0.001087	-0.499854
 0.482181	 0.357780	-0.499977	-0.506834	-0.094430	-0.630211	-0.689943	-0.273372	 0.498351	-0.539781	 0.250126	-0.499854
 0.482179	 0.357780	-0.499977	-0.505797	-0.094430	-0.629015	-0.688702	-0.273372	-0.001649	-0.527026	-0.125355	-0.499854
 0.482178	 0.357780	-0.499977	-0.504763	-0.094430	-0.627821	-0.687463	-0.273372	-0.251141	-0.520152	-0.312620	-0.499854
 0.482178	 0.357780	-0.499977	-0.503731	-0.094430	-0.626630	-0.686226	-0.273372	 0.124619	-0.016219	 0.093748	-0.499854
 0.482178	 0.357780	-0.499977	-0.502701	-0.094430	-0.625440	-0.684991	-0.273372	 0.311993	 0.235747	 0.296457	-0.499854
 0.482178	 0.357780	-0.499977	-0.501673	-0.094430	-0.624253	-0.683758	-0.273372	 0.405680	-0.138270	-0.102189	-0.499854
 0.482178	 0.357780	-0.499977	-0.500647	-0.094430	-0.623069	-0.682528	-0.273372	 0.452523	-0.324784	-0.301036	-0.499854
 0.482178	 0.357780	-0.499977	-0.500134	-0.094430	-0.621886	-0.681300	-0.273372	 0.475945	-0.417547	-0.400459	-0.499854
 0.482178	 0.357780	-0.499977	-0.499878	-0.094430	-0.620706	-0.680074	-0.273372	-0.012344	-0.463436	 0.049829	-0.499854
 0.482178	 0.357780	-0.499977	-0.499749	-0.094430	-0.619528	-0.678851	-0.273372	-0.255982	-0.485889	 0.274498	-0.499854
 0.482178	 0.357780	-0.499977	-0.499685	-0.094430	-0.618352	-0.677629	-0.273372	 0.122199	 0.003376	-0.113168	-0.499854
 0.482178	 0.357780	-0.499977	-0.499653	-0.094430	-0.617178	-0.676410	-0.273372	 0.310783	 0.248008	-0.306525	-0.499854
 0.482178	 0.357780	-0.499977	-0.499637	-0.094430	-0.616007	-0.675193	-0.273372	 0.405075	-0.129676	 0.096797	-0.499854
 0.482178	 0.357780	-0.499977	-0.499629	-0.094430	-0.614838	-0.673978	-0.273372	 0.452221	-0.318028	 0.297982	-0.499854
 0.482178	 0.357780	-0.499977	-0.499625	-0.094430	-0.613671	-0.672765	-0.273372	 0.475794	-0.411715	-0.101425	-0.499854
 0.482178	 0.357780	-0.499977	-0.499623	-0.094430	-0.612506	-0.671555	-0.273372	 0.487581	-0.458071	-0.300652	-0.499854
 0.482178	 0.357780	-0.499977	-0.499622	-0.094430	-0.611344	-0.670346	-0.273372	 0.493474	-0.480762	-0.400266	-0.499854
 0.482178	 0.357780	-0.499977	-0.499622	-0.094430	-0.610184	-0.669140	-0.273372	 0.496421	 0.008378	 0.049927	-0.499854
 0.482178	 0.357780	-0.499977	-0.499621	-0.094430	-0.609025	-0.667936	-0.273372	 0.497894	 0.252949	 0.274548	-0.499854
 0.482178	 0.357780	-0.499977	-0.499621	-0.094430	-0.607870	-0.666735	-0.273372	 0.498631	-0.124766	-0.113141	-0.499854
 0.482178	 0.357780	-0.499977	-0.499621	-0.094430	-0.606716	-0.665535	-0.273372	 0.498999	-0.313138	-0.306510	-0.499854
 0.482178	 0.357780	-0.499977	-0.499621	-0.094430	-0.605564	-0.664337	-0.273372	 0.499183	-0.406840	 0.096806	-0.499854
 0.482178	 0.357780	-0.499977	-0.499621	-0.094430	-0.604415	-0.663142	-0.273372	 0.499275	-0.453208	 0.297988	-0.499854
 0.482178	 0.357780	-0.499977	-0.499621	-0.094430	-0.603268	-0.661949	-0.273372	 0.499321	-0.476392	-0.101421	-0.499854
 0.482178	 0.357780	-0.499977	-0.499621	-0.094430	-0.602123	-0.660758	-0.273372	 0.499344	-0.487984	-0.300649	-0.499854
 0.482178	 0.357780	-0.499977	-0.499621	-0.094430	-0.600980	-0.659569	-0.273372	 0.499356	-0.493780	-0.400263	-0.499854
 0.482178	 0.357780	-0.499977	-0.499621	-0.094430	-0.599840	-0.658382	-0.273372	 0.499362	-0.496678	-0.450070	-0.499854
 0.482178	 0.357780	-0.499977	-0.499621	-0.094430	-0.598701	-0.657198	-0.273372	 0.499364	-0.498127	-0.474974	-0.499854
 0.482178	 0.357780	-0.499977	-0.499621	-0.594430	-0.597565	-0.656015	-0.273372	 0.499366	 0.001148	 0.012575	-0.499854
 0.482178	 0.357780	-0.499977	-0.499621	-0.843261	-0.596431	-0.654835	-0.273372	 0.499367	 0.250303	 0.255873	-0.499854
 0.482178	 0.357780	-0.499977	-0.499621	-0.466510	-0.595299	-0.653657	-0.273372	 0.499367	-0.125120	-0.122478	-0.499854
 0.482178	 0.357780	-0.499977	-0.499621	-0.278134	-0.594169	-0.652480	-0.273372	 0.499367	-0.312348	-0.311177	-0.499854
 0.482178	 0.357780	-0.499977	-0.499621	-0.183947	-0.593041	-0.651306	-0.273372	 0.499367	-0.405962	-0.405526	-0.499854
 0.482178	 0.357780	-0.499977	-0.499621	-0.136853	-0.591916	-0.650135	-0.273372	 0.499367	-0.452769	-0.452701	-0.499854
 0.482178	 0.357780	-0.499977	-0.499621	-0.113306	-0.590792	-0.648965	-0.273372	 0.499367	-0.476172	-0.476288	-0.499854
 0.482178	 0.357780	-0.499977	-0.499621	-0.101532	-0.589671	-0.647797	-0.273372	 0.499367	 0.012126	-0.488082	-0.499854
 0.482178	 0.357780	-0.499977	-0.499621	-0.095646	-0.588552	-0.646632	-0.273372	 0.499367	 0.255792	-0.493979	-0.499854
 0.482178	 0.357780	-0.499977	-0.499621	-0.092702	-0.587435	-0.645468	-0.273372	 0.499367	-0.122375	 0.003073	-0.499854
 0.482178	 0.357780	-0.499977	-0.499621	-0.091231	-0.586320	-0.644307	-0.273372	 0.499367	-0.310975	 0.251123	-0.499854
-0.017822	 0.357780	-0.499977	-0.499621	-0.590495	-0.585207	-0.643147	-0.273372	 0.499367	-0.405275	 0.375148	-0.499854
-0.267317	 0.357780	-0.499977	-0.499621	-0.838963	-0.584096	-0.641990	-0.273372	 0.499367	-0.452425	 0.437161	-0.499854
 0.108441	 0.357780	-0.499977	-0.499621	-0.462036	-0.582988	-0.640835	-0.273372	-0.000633	-0.476001	 0.468167	-0.499854
 0.296320	 0.357780	-0.499977	-0.499621	-0.273572	-0.581881	-0.639682	-0.273372	-0.250126	-0.487788	 0.483670	-0.499854
 0.390259	 0.357780	-0.499977	-0.499621	-0.179340	-0.580777	-0.638531	-0.273372	-0.374873	-0.493682	 0.491422	-0.499854
 0.437229	 0.357780	-0.499977	-0.499621	-0.132224	-0.579675	-0.637382	-0.273372	 0.062754	-0.496629	 0.495297	-0.499854
 0.460714	 0.357780	-0.499977	-0.499621	-0.108666	-0.578575	-0.636235	-0.273372	 0.281061	-0.498102	 0.497235	-0.499854
 0.472456	 0.357780	-0.499977	-0.499621	-0.096887	-0.577477	-0.635091	-0.273372	 0.390214	-0.498839	-0.001796	-0.499854
 0.478327	 0.357780	-0.499977	-0.499621	-0.090998	-0.576380	-0.633948	-0.273372	 0.444791	-0.499207	-0.250835	-0.499854
 0.481263	 0.357780	-0.499977	-0.499621	-0.588053	-0.575287	-0.632807	-0.273372	 0.472079	-0.499391	 0.124645	-0.499854
 0.482731	 0.357780	-0.499977	-0.499621	-0.835422	-0.574195	-0.631669	-0.273372	 0.485724	-0.499483	 0.311910	-0.499854
 0.483465	 0.357780	-0.499977	-0.499621	-0.457949	-0.573105	-0.630532	-0.273372	 0.492546	-0.499530	 0.405542	-0.499854
 0.483832	 0.357780	-0.499977	-0.499621	-0.269213	-0.572017	-0.629398	-0.273372	 0.495957	-0.499553	 0.452358	-0.499854
 0.484015	 0.357780	-0.499977	-0.499621	-0.174845	-0.570932	-0.628265	-0.273372	 0.497662	-0.499564	 0.475766	-0.499854
 0.484107	 0.357780	-0.499977	-0.499621	-0.127661	-0.569848	-0.627135	-0.273372	 0.498515	-0.499570	 0.487470	-0.499854
 0.484153	 0.357780	-0.499977	-0.499621	-0.104069	-0.568766	-0.626006	-0.273372	 0.498941	-0.499573	 0.493322	-0.499854
 0.484176	 0.357780	-0.499977	-0.499621	-0.092273	-0.567687	-0.624880	-0.273372	 0.499155	-0.499574	 0.496248	-0.499854
 0.484187	 0.357780	-0.499977	-0.499621	-0.086375	-0.566610	-0.623756	-0.273372	 0.499261	-0.499575	 0.497711	-0.499854
 0.484193	 0.357780	-0.499977	-0.499621	-0.083426	-0.565534	-0.622633	-0.273372	 0.499314	-0.499575	-0.001557	-0.499854
 0.484196	 0.357780	-0.499977	-0.499621	-0.081952	-0.564461	-0.621513	-0.273372	 0.499341	-0.499575	-0.250715	-0.499854
 0.984197	 0.357780	-0.499977	-0.499621	-0.081214	-0.563390	-0.620395	-0.273372	 0.499354	 0.000425	 0.124706	-0.499854
 1.232748	 0.357780	-0.499977	-0.499621	-0.080846	-0.562320	-0.619278	-0.273372	 0.499361	 0.249941	 0.311941	-0.499854
 1.355577	 0.357780	-0.499977	-0.499621	-0.080661	-0.561253	-0.618164	-0.273372	 0.499364	 0.374700	 0.405558	-0.499854
 0.915548	 0.357780	-0.499977	-0.499621	-0.080569	-0.560188	-0.617052	-0.273372	 0.499366	 0.437079	-0.047633	-0.499854
 0.695533	 0.357780	-0.499977	-0.499621	-0.080523	-0.559125	-0.615942	-0.273372	 0.499367	 0.468269	-0.273752	-0.499854
 0.585526	 0.357780	-0.499977	-0.499621	-0.080500	-0.558063	-0.614833	-0.273372	 0.499367	-0.016137	 0.113188	-0.499854
 0.530522	 0.357780	-0.499977	-0.499621	-0.080489	-0.557004	-0.613727	-0.273372	 0.499368	-0.257856	 0.306183	-0.499854
 0.503020	 0.357780	-0.499977	-0.499621	-0.080483	-0.555947	-0.612623	-0.273372	 0.499368	-0.378716	-0.097320	-0.499854
 0.489269	 0.357780	-0.499977	-0.499621	-0.080480	-0.554892	-0.611521	-0.273372	 0.499368	-0.439145	-0.298595	-0.499854
 0.482394	 0.357780	-0.499977	-0.499621	-0.080479	-0.553839	-0.610420	-0.273372	 0.499368	-0.469360	 0.100767	-0.499854
 0.478956	 0.357780	-0.499977	-0.499621	-0.080478	-0.552788	-0.609322	-0.273372	 0.499368	-0.484468	 0.299973	-0.499854
 0.477237	 0.357780	-0.499977	-0.499621	-0.080478	-0.551739	-0.608226	-0.273372	 0.499368	-0.492022	 0.399576	-0.499854
 0.476378	 0.357780	-0.499977	-0.499621	-0.080477	-0.550691	-0.607131	 0.226628	 0.499368	-0.495798	-0.050623	-0.499854
 0.475948	 0.357780	-0.499977	-0.499621	-0.080477	-0.549646	-0.606039	 0.475979	 0.499368	-0.497687	-0.275246	-0.499854
 0.475733	 0.357780	-0.499977	-0.499621	-0.080477	-0.548603	-0.604948	 0.100006	 0.499368	-0.498631	-0.387558	-0.499854
 0.475626	 0.357780	-0.499977	-0.499621	-0.080477	-0.547562	-0.603860	-0.087980	 0.499368	-0.499103	-0.443713	-0.499854
 0.475572	 0.357780	-0.499977	-0.499621	-0.580477	-0.546523	-0.602773	-0.181973	 0.499368	-0.499339	 0.028209	-0.499854
 0.475545	 0.357780	-0.499977	-0.499621	-0.829323	-0.545485	-0.601689	-0.228970	 0.499368	-0.499457	 0.263694	-0.499854
 0.475532	 0.357780	-0.499977	-0.499621	-0.452595	-0.544450	-0.600606	-0.252468	-0.000632	-0.499516	-0.118563	-0.499854
 0.475525	 0.357780	-0.499977	-0.499621	-0.264230	-0.543417	-0.599526	-0.264217	-0.250126	-0.499546	-0.309215	-0.499854
 0.475522	 0.357780	-0.499977	-0.499621	-0.170048	-0.542385	-0.598447	-0.270092	-0.374872	-0.499561	-0.404542	-0.499854
 0.475520	 0.357780	-0.499977	-0.499621	-0.122957	-0.541356	-0.597370	-0.273029	 0.062754	 0.000432	-0.452205	-0.499854
 0.475519	 0.357780	-0.499977	-0.499621	-0.099411	-0.540329	-0.596295	-0.274497	 0.281061	 0.249945	-0.476036	-0.499854
 0.475519	 0.357780	-0.499977	-0.499621	-0.087639	-0.539303	-0.595222	-0.275232	 0.390215	-0.125298	-0.487952	-0.499854
 0.475518	 0.357780	-0.499977	-0.499621	-0.081752	-0.538280	-0.594151	-0.275599	 0.444792	-0.312437	-0.493910	-0.499854
 0.475518	 0.357780	-0.499977	-0.499621	-0.078809	-0.537258	-0.593082	-0.275783	 0.472080	-0.406006	 0.003111	-0.499854
 0.475518	 0.357780	-0.499977	-0.499621	-0.077338	-0.536238	-0.592015	-0.275874	 0.485724	-0.452790	 0.251146	-0.499854
 0.475518	 0.357780	-0.499977	-0.499621	-0.076602	-0.535220	-0.590950	-0.275920	 0.492546	 0.023817	 0.375164	-0.499854
 0.475518	 0.357780	-0.499977	-0.499621	-0.076234	-0.534205	-0.589887	-0.275943	 0.495957	 0.261638	 0.437172	-0.499854
 0.475518	 0.357780	-0.499977	-0.499621	-0.076050	-0.533191	-0.588825	-0.275955	 0.497663	 0.380548	 0.468177	-0.499854
 0.475518	 0.357780	-0.499977	-0.499621	-0.075958	-0.532179	-0.587766	-0.275960	 0.498516	 0.440004	 0.483679	-0.499854
 0.475518	 0.357780	-0.499977	-0.499621	-0.075912	-0.531169	-0.586708	-0.275963	 0.498942	 0.469731	 0.491430	-0.499854
 0.475518	 0.357780	-0.499977	-0.499621	-0.075889	-0.530161	-0.585653	-0.275965	 0.499155	 0.484595	-0.004694	-0.499854
 0.475518	 0.357780	-0.499977	-0.499621	-0.075877	-0.529155	-0.584599	-0.275965	 0.499262	 0.492027	-0.252281	-0.499854
 0.475518	 0.357780	-0.499977	-0.499621	-0.075872	-0.528150	-0.583547	-0.275966	 0.499315	 0.495743	 0.123926	-0.499854
 0.475518	 0.357780	-0.499977	-0.499621	-0.075869	-0.527148	-0.582497	-0.275966	 0.499342	 0.497601	 0.311554	-0.499854
 0.475518	 0.357780	-0.499977	-0.499621	-0.075867	-0.526147	-0.581449	-0.275966	 0.499355	-0.001470	-0.094632	-0.499854
 0.475518	 0.357780	-0.499977	-0.499621	-0.075867	-0.525149	-0.580403	-0.275966	 0.499362	-0.250523	-0.297248	-0.499854
 0.475518	 0.357780	-0.499977	-0.499621	-0.575866	-0.524152	-0.579359	-0.275966	 0.499365	 0.124951	-0.398557	-0.499854
 0.475518	 0.357780	-0.499977	-0.499621	-0.824717	-0.523157	-0.578316	-0.275966	 0.499367	 0.312205	-0.449211	-0.499854
 0.475518	 0.357780	-0.499977	-0.499621	-0.947996	-0.522164	-0.577276	-0.275966	 0.499367	 0.405832	-0.474538	-0.499854
 0.475518	 0.357780	-0.499977	-0.499621	-0.508491	-0.521173	-0.576237	-0.275966	 0.499368	 0.452645	-0.487202	-0.499854
 0.475518	 0.357780	-0.499977	-0.499621	-0.288738	-0.520184	-0.575200	-0.275966	 0.499368	 0.476052	-0.493534	-0.499854
 0.475518	 0.357780	-0.499977	-0.499621	-0.178862	-0.519197	-0.574165	-0.275966	 0.499368	-0.012244	 0.003301	-0.499854
 0.475518	 0.357780	-0.499977	-0.499621	-0.123924	-0.518212	-0.573132	-0.275966	 0.499368	-0.255910	 0.251242	-0.499854
 0.475518	 0.357780	-0.499977	-0.499621	-0.096455	-0.517228	-0.572101	-0.275966	 0.499368	 0.122258	-0.124787	-0.499854
 0.475518	 0.357780	-0.499977	-0.499621	-0.082720	-0.516246	-0.571071	-0.275966	 0.499368	 0.310859	-0.312326	-0.499854
 0.475518	 0.357780	-0.499977	-0.499621	-0.075853	-0.515267	-1.070044	-0.275966	 0.499368	-0.094841	-0.406095	-0.499854
 0.475518	 0.357780	-0.499977	-0.499621	-0.072420	-0.514289	-1.318119	-0.275966	 0.499368	-0.297208	-0.452979	-0.499854
 0.475518	 0.357780	-0.499977	-0.499621	-0.070703	-0.513313	-1.440747	-0.275966	 0.499368	-0.398391	-0.476422	-0.499854
 0.475518	 0.357780	-0.499977	-0.499621	-0.069844	-0.512338	-1.000655	-0.275966	 0.499368	 0.051017	 0.011857	-0.499854
 0.475518	 0.357780	-0.499977	-0.499621	-0.069415	-0.511366	-0.780104	-0.275966	 0.499368	 0.275238	 0.255521	-0.499854
 0.475518	 0.357780	-0.499977	-0.499621	-0.069201	-0.510395	-0.669325	-0.275966	 0.499368	 0.387349	-0.122647	-0.499854
 0.475518	 0.357780	-0.499977	-0.499621	-0.069093	-0.509427	-0.613434	-0.275966	 0.499368	 0.443404	-0.311255	-0.499854
 0.475518	 0.357780	-0.499977	-0.499621	-0.069040	-0.508460	-0.584986	-0.275966	 0.499368	-0.028568	-0.405559	-0.499854
 0.475518	 0.357780	-0.499977	-0.499621	-0.069013	-0.507495	-0.570262	-0.275966	 0.499368	-0.264071	-0.452711	-0.499854
 0.475518	 0.357780	-0.499977	-0.499621	-0.068999	-0.506532	-0.562400	-0.275966	 0.499368	-0.381823	-0.476287	-0.499854
 0.475518	 0.357780	-0.499977	-0.499621	-0.068993	-0.505570	-0.557970	-0.275966	 0.499368	-0.440698	-0.488075	-0.499854
 0.475518	 0.357780	-0.499977	-0.499621	-0.068989	-0.504611	-0.555257	-0.275966	 0.499368	-0.470136	-0.493969	-0.499854
 0.475518	 0.357780	-0.499977	-0.499621	-0.068988	-0.503653	-1.053403	-0.275966	 0.499368	 0.015145	-0.496916	-0.499854
 0.475518	 0.357780	-0.499977	-0.499621	-0.068987	-0.502697	-1.301081	-0.275966	 0.499368	 0.257302	-0.498389	-0.499854
 0.475518	 0.357780	-0.499977	-0.499621	-0.068986	-0.501743	-0.923526	-0.275966	 0.499368	-0.121619	-0.499126	-0.499854
 0.475518	 0.357780	-0.499977	-0.499621	-0.068986	-0.500791	-0.734258	-0.275966	 0.499368	-0.310597	-0.499494	-0.499854
 0.475518	-0.142220	-0.499977	-0.499621	-0.068986	-0.500315	-0.639133	-0.275966	 0.499368	-0.405085	-0.499679	-0.499854
 0.475518	-0.391663	-0.499977	-0.499621	-0.068986	-0.500077	-0.591081	-0.275966	 0.499368	-0.452330	-0.499771	-0.499854
 0.475518	-0.015827	-0.499977	-0.499621	-0.068986	-0.499958	-0.566567	 0.224034	 0.499368	-0.475952	-0.499817	-0.499854
 0.475518	 0.172091	-0.499977	-0.499621	-0.068986	-0.499898	-0.553822	 0.473387	 0.499368	-0.487763	-0.499840	-0.499854
 0.475518	 0.266050	-0.499977	-0.499621	-0.068986	-0.499868	-0.546963	 0.597418	 0.499368	-0.493668	-0.499851	-0.499854
 0.475518	 0.313029	-0.499977	-0.499621	-0.068986	-0.499853	-0.543048	 0.158789	 0.499368	-0.496621	-0.499857	-0.499854
 0.475518	 0.336519	-0.499977	-0.499621	-0.068986	-0.499846	-0.540605	-0.060525	 0.499368	-0.498098	-0.499860	-0.499854
 0.475518	 0.348264	-0.499977	-0.499621	-0.068986	-0.499842	-0.538899	-0.170182	 0.499368	-0.498836	-0.499861	-0.499854
 0.475518	 0.354136	-0.499977	-0.499621	-0.068986	-0.499840	-0.537563	-0.225011	 0.499368	-0.499205	-0.499862	-0.499854
-0.024482	 0.357073	-0.499977	-0.499621	-0.068986	-0.499839	-0.536413	-0.252425	 0.499368	-0.499389	-0.499862	-0.499854
-0.273969	 0.358541	-0.499977	-0.499621	-0.068986	-0.499839	-0.535356	-0.266132	 0.499368	-0.499482	-0.499863	-0.499854
 0.101798	 0.359275	-0.499977	-0.499621	-0.068986	-0.499839	-0.534347	-0.272986	 0.499368	-0.499528	 0.000137	-0.499854
 0.289682	 0.359642	-0.499977	-0.499621	-0.068986	-0.499839	-0.533363	-0.276413	 0.499368	-0.499551	 0.249662	-0.499854
 0.383623	 0.359825	-0.499977	-0.499621	-0.068986	-0.499839	-0.532391	-0.278126	 0.499368	-0.499562	 0.374424	-0.499854
 0.430594	 0.359917	-0.499977	-0.499621	-0.068986	-0.499839	-0.531428	 0.221017	 0.499368	-0.499568	-0.063195	-0.499854
 0.454080	 0.359963	-0.499977	-0.499621	-0.068986	-0.499839	-0.530469	 0.469945	 0.499368	-0.499571	-0.281528	-0.499854
 0.465822	 0.359986	-0.499977	-0.499621	-0.068986	-0.499839	-0.529513	 0.093768	 0.499368	-0.499573	 0.109305	-0.499854
 0.471694	 0.359997	-0.499977	-0.499621	-0.068986	-0.499839	-0.528559	-0.094321	 0.499368	-0.499573	 0.304246	-0.499854
 0.474630	 0.360003	-0.499977	-0.499621	-0.068986	-0.499839	-0.527608	-0.188366	 0.499368	-0.499574	 0.401717	-0.499854
 0.476097	 0.360006	-0.499977	-0.499621	-0.068986	-0.499839	-0.526658	-0.235388	 0.499368	-0.499574	 0.450452	-0.499854
 0.476831	 0.360007	-0.499977	-0.499621	-0.068986	-0.499839	-0.525711	-0.258899	 0.499368	-0.499574	-0.025180	-0.499854
 0.477198	 0.360008	-0.499977	-0.499621	-0.068986	-0.499839	-0.524765	-0.270655	 0.499368	-0.499574	-0.262520	-0.499854
 0.477382	 0.360008	-0.499977	-0.499621	-0.068986	-0.499839	-0.523821	-0.276533	 0.499368	-0.499574	-0.381190	-0.499854
 0.477473	 0.360009	-0.499977	-0.499621	-0.068986	-0.499839	-0.522878	-0.279472	 0.499368	 0.000426	 0.059475	-0.499854
 0.477519	 0.360009	-0.499977	-0.499621	-0.068986	-0.499839	-0.521937	-0.280941	 0.499368	 0.249943	 0.279332	-0.499854
 0.477542	 0.360009	-0.499977	-0.499621	-0.068986	-0.499839	-0.520998	-0.281676	 0.499368	-0.125299	 0.389260	-0.499854
 0.477554	 0.360009	-0.499977	-0.499621	-0.068986	-0.499839	-0.520061	-0.282043	 0.499368	-0.312436	 0.444225	-0.499854
 0.477559	 0.360009	-0.499977	-0.499621	-0.068986	-0.499839	-0.519125	 0.217773	 0.499368	-0.406005	 0.471707	-0.499854
 0.477562	 0.360009	-0.499977	-0.499621	-0.068986	-0.499839	-0.518191	 0.467040	 0.499368	-0.452789	 0.485448	-0.499854
 0.477564	 0.360009	-0.499977	-0.499621	-0.068986	-0.499839	-1.017259	 0.091034	 0.499368	-0.476182	 0.492318	-0.499854
 0.477565	 0.360009	-0.499977	-0.499621	-0.068986	-0.499839	-1.265428	-0.096969	 0.499368	-0.487878	 0.495754	-0.499854
 0.477565	 0.360009	-0.499977	-0.499621	-0.068986	-0.499839	-1.388151	-0.190970	 0.499368	-0.493726	 0.497471	-0.499854
 0.477565	 0.360009	-0.499977	-0.499621	-0.068986	-0.499839	-0.948154	-0.237971	 0.499368	-0.496650	-0.001670	-0.499854
 0.477565	 0.360009	-0.499977	-0.499621	-0.068986	-0.499839	-0.727698	-0.261472	 0.499368	-0.498112	-0.250764	-0.499854
 0.477565	 0.360009	-0.499977	-0.499621	-0.068986	-0.499839	-0.617013	-0.273222	 0.499368	-0.498843	 0.124688	-0.499854
 0.477565	 0.360009	-0.499977	-0.499621	-0.068986	-0.499839	-0.561216	-0.279097	 0.499368	-0.499208	 0.311939	-0.499854
 0.477565	 0.360009	-0.499977	-0.499621	-0.068986	-0.499839	-0.532862	-0.282034	 0.499368	-0.499391	 0.405565	-0.499854
 0.477565	 0.360009	-0.499977	-0.499621	-0.068986	-0.499839	-0.518232	-0.283503	 0.499368	-0.499482	 0.452377	-0.499854
 0.477565	 0.360009	-0.499977	-0.499621	-0.068986	-0.499839	-0.510463	-0.284238	 0.499368	-0.499528	-0.024216	-0.499854
 0.477565	 0.360009	-0.499977	-0.499621	-0.068986	-0.499839	-0.506127	-0.284605	 0.499368	-0.499551	-0.262037	-0.499854
 0.477565	 0.360009	-0.499977	-0.499621	-0.068986	-0.499839	-0.503507	-0.284788	 0.499368	-0.499562	-0.380947	-0.499854
 0.477565	 0.360009	-0.499977	-0.499621	-0.568986	-0.499839	-0.501747	-0.284880	 0.499368	-0.499568	-0.440402	-0.499854
 0.477565	 0.360009	-0.499977	-0.499621	-0.817844	-0.499839	-0.500866	-0.284926	 0.499368	-0.499571	-0.470130	-0.499854
 0.477565	 0.360009	-0.499977	-0.499621	-0.441134	-0.499839	-0.500426	 0.215051	 0.499368	-0.499572	 0.015006	-0.499854
 0.477565	 0.360009	-0.499977	-0.499621	-0.252779	-0.499839	-0.500206	 0.464401	 0.499368	-0.499573	 0.257099	-0.499854
 0.477565	 0.360009	-0.499977	-0.499621	-0.158601	-0.499839	-0.500096	 0.088438	 0.499368	 0.000427	 0.378145	-0.499854
 0.477565	 0.360009	-0.499977	-0.499621	-0.111513	-0.499839	-0.500041	-0.099543	 0.499368	 0.249943	 0.438668	-0.499854
 0.477565	-0.139991	-0.499977	-0.499621	-0.087968	-0.499839	-0.500014	-0.193534	 0.499368	 0.374702	 0.468930	-0.499854
 0.477565	-0.389435	-0.499977	-0.499621	-0.076196	-0.499839	-0.500000	-0.240529	 0.499368	 0.437081	 0.484061	-0.499854
 0.477565	-0.013603	-0.499977	-0.499621	-0.070310	-0.499839	-0.499993	-0.264027	 0.499368	-0.031730	-0.008374	-0.499854
 0.477565	 0.174314	-0.499977	-0.499621	-0.067367	-0.499839	-0.499990	-0.275776	 0.499368	-0.265652	-0.254115	-0.499854
 0.477565	 0.268272	-0.499977	-0.499621	-0.065895	-0.499839	-0.499988	-0.281650	 0.499368	-0.382613	-0.376986	-0.499854
 0.477565	 0.315251	-0.499977	-0.499621	-0.065160	-0.499839	-0.499987	-0.284587	 0.499368	-0.441093	-0.438421	 0.000146
 0.477565	 0.338741	-0.499977	-0.499621	-0.064792	-0.499839	-0.499987	-0.286056	 0.499368	-0.470333	-0.469139	 0.249720
 0.477565	 0.350485	-0.499977	-0.499621	-0.064608	-0.499839	-0.499986	-0.286790	 0.499368	-0.484953	 0.015502	-0.125492
 0.477565	 0.356358	-0.499977	-0.499621	-0.064516	-0.499839	-0.499986	-0.287157	 0.499368	-0.492263	 0.257348	-0.312673
 0.477565	 0.359294	-0.499977	-0.499621	-0.064470	-0.499839	-0.499986	-0.287341	 0.499368	 0.004081	 0.378270	-0.406263
 0.477565	 0.360762	-0.499977	-0.499621	-0.064447	-0.499839	-0.499986	-0.287433	 0.499368	 0.251771	 0.438731	-0.453058
 0.477565	 0.361496	-0.499977	-0.499621	-0.064435	-0.499839	-0.999986	-0.287479	 0.499368	 0.375616	-0.031038	-0.476456
 0.477565	 0.361863	-0.499977	-0.499621	-0.064430	-0.499839	-1.248637	-0.287502	 0.499368	 0.437538	-0.265447	-0.488154
 0.477565	 0.362047	-0.499977	-0.499621	-0.064427	-0.499839	-1.371615	-0.287513	 0.499368	 0.468499	-0.382651	-0.494004
 0.477565	 0.362138	-0.499977	-0.499621	-0.064425	-0.499839	-0.931759	-0.287519	 0.499368	-0.016020	-0.441253	-0.496928
 0.477565	 0.362184	-0.499977	-0.499621	-0.064424	-0.499839	-0.711832	-0.287522	 0.499368	-0.257797	-0.470554	-0.498391
 0.477565	 0.362207	-0.499977	-0.499621	-0.064424	-0.499839	-0.601868	-0.287523	 0.499368	 0.121315	 0.014795	-0.499122
 0.477565	 0.362219	-0.499977	-0.499621	-0.064424	-0.499839	-0.546886	-0.287524	 0.499368	 0.310388	 0.256995	-0.499488
 0.477565	 0.362224	-0.499977	-0.499621	-0.064424	-0.499839	-0.519395	-0.287524	 0.499368	-0.095076	 0.378094	-0.499670
 0.477565	 0.362227	-0.499977	-0.499621	-0.064424	-0.499839	-0.505650	-0.287524	 0.499368	-0.297325	 0.438644	-0.499762
-0.022435	 0.362229	-0.499977	-0.499621	-0.064424	-0.499839	-0.498777	-0.287524	 0.499368	-0.398449	-0.031081	-0.499807
-0.271925	 0.362230	-0.499977	-0.499621	-0.064424	-0.499839	-0.495340	-0.287524	 0.499368	-0.449011	-0.265467	-0.499830
-0.396160	 0.362230	-0.499977	-0.499621	-0.064424	-0.499839	-0.493622	-0.287524	 0.499368	-0.474292	-0.382661	-0.499842
 0.042230	 0.362230	-0.499977	-0.499621	-0.064424	-0.499839	-0.492763	-0.287524	-0.000632	-0.486933	 0.058743	-0.499847
 0.261425	 0.362230	-0.499977	-0.499621	-0.064424	-0.499839	-0.492334	-0.287524	-0.250125	-0.493253	 0.278969	-0.499850
 0.371023	 0.362230	-0.499977	-0.499621	-0.064424	-0.499839	-0.492119	-0.287525	 0.125128	-0.496413	-0.110918	-0.499852
 0.425822	 0.362230	-0.499977	-0.499621	-0.064424	-0.499839	-0.492011	-0.287525	 0.312249	-0.497993	-0.305385	-0.499852
 0.453221	 0.362230	-0.499977	-0.499621	-0.064424	-0.499839	-0.491958	 0.212475	 0.405809	 0.001217	 0.097381	-0.499853
 0.466921	 0.362230	-0.499977	-0.499621	-0.064424	-0.499839	-0.491931	 0.461839	 0.452589	 0.250339	 0.298289	-0.499853
 0.473771	 0.362230	-0.499977	-0.499621	-0.064424	-0.499839	-0.491917	 0.085886	 0.475979	-0.125100	-0.101257	-0.499853
 0.477196	 0.362230	-0.499977	-0.499621	-0.064424	-0.499839	-0.491911	-0.102091	 0.487674	-0.312337	-0.300554	-0.499853
 0.478908	 0.362230	-0.499977	-0.499621	-0.064424	-0.499839	-0.491907	-0.196080	 0.493521	-0.405955	-0.400203	-0.499853
 0.479764	 0.362230	-0.499977	-0.499621	-0.064424	-0.499839	-0.491906	-0.243074	 0.496445	-0.452764	 0.049973	-0.499853
 0.480193	 0.362230	-0.499977	-0.499621	-0.064424	-0.499839	-0.491905	-0.266571	 0.497907	-0.476168	 0.274585	-0.499853
 0.480407	 0.362230	-0.499977	-0.499621	-0.064424	-0.499839	-0.491904	-0.278319	 0.498638	-0.487871	-0.113109	-0.499853
 0.480514	 0.362230	-0.499977	-0.499621	-0.064424	-0.499839	-0.491904	-0.284194	 0.499003	-0.493722	-0.306479	-0.499853
 0.480567	 0.362230	-0.499977	-0.499621	-0.064424	-0.499839	-0.491904	-0.287131	 0.499186	 0.003353	 0.096835	-0.499853
 0.480594	 0.362230	-0.499977	-0.499621	-0.064424	-0.499839	-0.491904	-0.288599	 0.499277	 0.251407	 0.298017	-0.499853
 0.480607	 0.362230	-0.499977	-0.499621	-0.064424	-0.499839	-0.491904	-0.289334	 0.499323	 0.375434	 0.398608	-0.499853
 0.480614	 0.362230	-0.499977	-0.499621	-0.064424	-0.499839	-0.491904	-0.289701	 0.499346	 0.437447	 0.448903	-0.499853
 0.480617	 0.362230	-0.499977	-0.499621	-0.064424	-0.499839	-0.491904	-0.289884	 0.499357	 0.468454	 0.474051	-0.499853
 0.480619	 0.362230	-0.499977	-0.499621	-0.064424	-0.499839	-0.491904	-0.289976	 0.499363	-0.016042	 0.486625	-0.499853
 0.480620	 0.362230	-0.499977	-0.499621	-0.064424	-0.499839	-0.491904	-0.290022	 0.499366	-0.257808	 0.492912	-0.499853
