-1.470835	-4.103492	 0.447993	 0.200075	-3.421771	-0.118312	-2.769480	 0.121646	 0.818485	-3.469131	-0.439070	 0.268629
-1.491228	-4.595366	-0.052007	 0.200075	-3.892328	-0.118312	-2.858547	 0.145194	 0.816790	-3.461426	-0.439070	 0.643131
-1.499860	-4.836265	-0.301464	 0.200075	-4.123777	-0.118312	-2.900564	 0.156968	 0.815100	-3.453737	-0.439070	 0.829295
-1.502614	-4.951688	-0.425652	 0.200075	-4.235679	-0.118312	-2.919060	 0.162855	 0.813412	-3.446065	-0.439070	 0.921292
-1.002433	-4.504383	 0.012794	 0.200075	-4.287815	-0.118312	-2.925800	 0.165798	 0.811728	-3.438411	-0.439070	 0.966209
-0.751823	-4.276713	 0.232018	 0.200075	-4.310074	-0.118312	-2.926667	 0.167270	 0.810048	-3.430773	-0.439070	 0.987587
-0.625999	-4.158869	 0.341629	-0.299925	-3.817401	-0.118312	-2.424600	 0.168006	 0.808371	-3.423153	-0.439070	 0.497199
-0.562570	-4.095945	 0.396435	-0.549111	-3.568147	-0.118312	-2.171926	 0.168374	 0.806698	-3.415549	-0.439070	 0.252004
-1.030855	-4.060491	 0.423838	-0.172890	-3.440607	-0.118312	-2.043950	 0.168558	 0.805028	-3.407962	-0.439070	 0.629407
-1.263446	-4.038778	 0.437539	 0.015220	-3.373930	-0.118312	-1.978327	 0.168650	 0.803361	-3.400393	-0.439070	 0.817033
-1.378193	-4.023944	 0.444390	 0.109275	-3.337689	-0.118312	-1.943882	 0.168696	 0.801698	-3.392839	-0.439070	 0.409773
-1.434021	-4.012557	 0.447815	 0.156302	-3.316671	-0.118312	-1.925029	 0.168719	 0.800039	-3.385303	-0.439070	 0.206143
-1.460393	-4.002903	 0.449528	 0.179816	-3.303269	-0.118312	-1.913976	 0.168730	 0.798383	-3.377784	-0.439070	 0.104328
-1.472040	-3.994121	 0.450384	 0.191573	-3.293681	-0.118312	-1.906824	 0.168736	 0.796730	-3.370281	-0.439070	 0.053421
-1.476328	-3.985784	 0.450813	 0.197451	-3.286005	-0.118312	-1.901627	 0.168739	 0.795081	-3.362795	-0.439070	 0.027967
-0.976939	-3.977678	-0.048973	 0.200391	-3.279290	-0.118312	-2.397409	 0.168741	 0.793435	-3.355325	-0.439070	 0.515240
-0.727245	-3.969694	-0.298327	 0.201860	-3.273060	-0.118312	-2.642830	 0.168741	 0.791792	-3.347872	-0.439070	 0.757806
-1.102398	-3.961780	-0.422466	 0.202595	-3.267078	-0.118312	-2.763075	 0.168742	 0.790153	-3.340436	-0.439070	 0.378020
-1.288445	-3.953908	-0.483999	 0.202962	-3.261225	-0.118312	-2.820735	 0.168742	 0.788517	-3.333016	-0.439070	 0.188128
-0.879942	-3.946064	-0.014229	 0.203146	-3.255442	-0.118312	-2.347108	 0.168742	 0.786885	-2.825612	-0.439070	 0.593181
-0.675691	-3.938243	 0.220656	 0.203238	-3.249698	-0.118312	-2.108695	 0.168742	 0.785256	-2.569336	-0.439070	 0.794642
-0.573565	-3.930441	 0.338098	 0.203284	-3.243979	-0.118312	-1.987892	 0.168742	 0.783631	-2.438629	-0.439070	 0.894308
-1.022502	-3.922656	 0.396820	 0.203307	-3.238278	-0.118312	-1.925896	 0.168742	 0.782008	-2.870712	-0.439070	 0.943080
-1.245448	-3.914887	 0.426180	 0.203318	-3.232590	-0.118312	-1.893307	 0.168742	 0.780389	-3.083085	-0.439070	 0.966406
-1.355401	-3.907134	 0.440860	 0.203324	-3.226914	-0.118312	-2.375424	 0.668742	 0.778774	-2.685612	-0.439070	 0.977012
-1.408861	-3.899397	 0.448201	 0.203327	-3.221249	-0.118312	-2.614043	 0.917772	 0.777162	-2.484334	-0.439070	 0.981260
-1.434077	-3.391675	 0.451871	 0.203328	-3.215595	-0.118312	-2.730917	 1.041319	 0.775553	-2.381160	-0.439070	 0.982332
-1.445175	-3.134959	 0.453706	 0.203329	-3.209951	-0.118312	-2.786923	 1.102126	 0.773948	-2.327043	-0.439070	 0.981817
-1.449216	-3.503750	 0.454623	 0.203329	-3.204316	-0.118312	-2.812499	 0.631565	 0.772345	-2.797460	-0.939070	 0.480512
-1.449733	-3.684312	 0.455082	 0.203330	-3.198692	-0.118312	-2.822863	 0.396284	 0.770747	-3.029039	-1.187673	 0.229859
-1.448490	-3.770766	 0.455311	 0.203330	-3.193077	-0.118312	-2.825627	 0.278643	 0.769151	-3.141207	-1.310580	 0.104533
-1.446371	-3.810174	 0.455426	 0.203330	-3.187473	-0.118312	-2.324594	 0.219823	 0.767559	-3.193678	-0.870641	 0.541869
-1.443816	-3.826066	 0.455483	 0.203330	-3.181878	-0.118312	-2.072521	 0.190413	 0.765970	-3.216308	-0.650672	 0.759492
-0.941047	-3.830208	 0.455512	-0.296670	-3.176293	-0.118312	-1.944930	 0.175708	 0.764384	-3.224026	-0.540687	 0.867260
-0.689662	-3.828483	 0.455526	-0.545859	-3.170718	-0.118312	-1.879583	 0.168356	 0.762802	-3.224296	-0.485695	 0.920102
-1.063970	-3.823831	 0.455534	-0.169644	-3.165152	-0.118312	-2.845361	 0.164679	 0.761223	-3.220849	-0.458199	 0.945484
-1.249635	-3.817724	 0.455537	 0.018464	-3.159597	-0.118312	-3.324996	 0.162841	 0.759647	-3.215553	-0.444451	 0.957138
-1.340982	-3.810896	 0.455539	 0.112517	-3.154051	-0.118312	-3.061565	 0.161922	 0.758074	-3.209339	-0.937577	 0.461930
-1.385173	-3.803716	 0.455540	 0.159544	-3.148515	-0.118312	-2.927461	 0.161463	 0.756505	-3.202675	-1.182750	 0.214326
-1.405789	-3.796366	 0.455540	 0.183058	-3.142988	-0.118312	-2.858024	 0.161233	 0.754939	-3.195793	-1.303951	 0.090525
-1.414621	-3.788940	 0.455541	 0.194815	-3.137472	-0.118312	-2.820925	 0.161118	 0.753376	-3.188811	-1.363167	 0.028624
-1.417563	-3.781483	 0.455541	 0.200693	-3.131964	-0.118312	-2.799999	 0.161061	 0.751817	-3.181785	-0.891394	-0.002327
-1.417564	-3.774017	 0.455541	 0.203632	-3.126467	-0.118312	-2.287163	 0.161032	 0.750260	-2.674747	-0.655508	-0.017802
-1.416098	-3.766555	 0.455541	 0.205102	-3.120979	-0.118312	-2.029230	 0.161017	 0.748707	-2.418820	-0.537565	-0.025540
-1.413900	-3.259102	 0.455541	 0.205836	-2.615501	-0.118312	-1.898752	 0.161010	 0.747157	-2.288455	-0.478593	 0.470591
-1.411340	-3.002651	 0.455541	 0.206204	-2.360910	-0.118312	-1.832003	 0.161007	 0.745611	-2.220875	-0.449107	 0.717624
-0.908602	-2.871706	 0.455541	 0.706388	-1.731766	 0.381688	-0.797121	 0.661005	 1.244067	-1.684694	 0.065636	 0.840111
-0.657233	-2.803520	 0.455541	 0.955251	-1.416227	 0.630858	-0.279680	 0.910041	 1.491492	-1.415328	 0.322444	 0.900326
-0.531548	-1.766719	 0.955541	 1.078456	 1.242509	 1.254614	 2.979040	 2.533597	 2.113404	 3.720628	 1.450285	 1.429407
-0.468706	-1.247595	 1.204111	 1.138836	 2.568453	 1.564723	 4.603075	 3.341925	 2.421529	 6.278770	 2.011703	 1.691856
-0.437285	-0.987312	 1.326969	 1.167804	 3.228007	 1.718011	 5.409776	 3.742646	 2.572767	 7.548026	 2.289913	 1.820993
 0.578426	 2.643549	 1.886974	 1.681070	 5.554373	 1.792893	 6.807819	 3.439568	 2.145566	 10.172862	 2.426524	 1.383479
 1.084631	 4.452767	 2.164572	 1.935468	 6.710639	 1.828575	 7.499835	 3.285427	 1.930187	 11.471066	 2.492341	 1.163711
 2.836087	 10.351176	 1.800972	 1.560437	 11.281868	 1.844660	 9.838849	 2.705758	 0.820722	 15.605986	 3.022766	 0.052819
 3.707067	 13.284291	 1.617760	 1.371715	 13.553569	 1.850950	 10.997960	 2.414160	 0.265990	 17.651522	 3.284528	-0.501497
 5.137818	 17.734791	 1.524745	 1.776149	 16.675532	 1.852346	 12.567136	 2.266599	-0.511376	 20.152414	 3.411966	-0.777527
 5.846395	 19.938075	 1.476831	 1.976146	 18.219138	 1.851298	 13.339655	 2.191061	-0.898725	 21.377701	 3.472248	-0.914417
 6.693899	 27.517794	 1.951470	 3.073928	 24.473597	 3.349031	 15.713867	 2.651536	-0.591069	 31.965241	 4.498959	-0.481739
 7.109845	 31.272902	 2.186406	 3.618572	 27.573859	 4.093333	 16.885530	 2.879192	-0.437240	 37.247443	 5.006949	-0.265400
 7.310028	 33.115773	 2.301495	 3.886654	 29.097069	 4.460928	 17.455945	 2.990441	-0.360326	 39.876998	 5.255589	-0.157230
 8.902347	 35.502595	 2.356666	 4.016465	 37.331802	 6.140177	 23.725763	 4.543493	 0.678131	 42.180251	 8.874565	 0.896855
 9.687643	 36.658490	 2.381882	 4.077148	 41.438268	 6.972437	 26.835064	 5.314960	 1.195583	 43.320978	 10.671922	 1.421813
 13.569451	 45.198996	 3.892125	 5.603277	 43.980623	 7.381217	 28.364149	 5.695643	 1.952535	 43.880463	 11.558492	 1.682213
 15.492293	 49.459750	 4.641940	 6.359081	 45.242302	 7.578269	 29.103171	 5.880943	 2.328207	 44.150706	 11.989694	 1.810338
 14.935688	 42.080646	 2.511550	 5.729739	 39.863659	 5.669473	 23.447204	 4.968559	 1.513245	 34.776347	 7.693234	 0.872330
 14.642502	 38.356734	 1.446355	 5.409874	 37.144074	 4.711532	 20.604032	 4.509002	 1.105041	 30.060955	 5.541706	 0.403326
 11.481057	 39.460487	 2.413758	 5.744759	 36.754069	 6.229027	 24.667282	 5.275863	 0.400217	 34.675110	 8.462650	 1.168824
 9.891723	 39.972200	 2.894138	 5.906010	 36.527153	 6.980478	 26.674379	 5.654280	 0.047806	 36.938552	 9.912069	 1.549507
 9.088463	 40.187971	 3.131012	 5.980458	 36.381837	 7.348922	 27.653441	 5.838482	-0.128400	 38.026734	 10.625746	 1.737787
 8.178257	 37.755851	 1.746141	 5.011517	 32.277377	 6.525875	 22.118527	 3.925586	-0.716503	 32.027384	 7.471575	-0.170130
 7.715632	 36.504816	 1.053706	 4.522930	 30.200422	 6.108980	 19.336912	 2.967468	-1.009204	 28.998801	 5.890297	-1.121869
 11.976811	 43.344393	 3.207488	 5.774528	 37.137262	 6.895172	 23.931971	 4.486742	 0.845793	 35.955667	 9.095474	 0.404476
 14.090594	 46.755003	 4.279112	 6.393173	 40.596504	 7.281033	 26.205145	 5.241396	 1.770496	 39.424922	 10.686118	 1.165587
 14.630713	 48.451147	 4.809668	 6.695355	 42.316965	 7.466743	 27.317419	 5.613747	 2.230058	 41.150388	 11.469520	 1.544084
 14.885070	 49.290191	 5.069699	 6.839321	 43.168167	 7.552390	 27.849285	 5.794956	 2.457055	 42.004093	 11.849324	 1.731279
 15.496579	 49.700702	 5.694479	 6.904194	 43.584756	 7.588020	 28.090987	 5.880601	 2.567775	 42.421935	 12.027351	 1.822828
 15.785660	 49.896739	 6.000661	 6.929534	 43.783833	 7.598655	 28.187650	 5.918474	 2.620363	 42.621637	 12.104514	 1.866557
 15.913563	 49.985556	 6.147557	 6.935122	 43.874170	 7.596806	 28.211834	 5.932468	 2.643890	 42.712287	 12.131267	 1.886381
 15.960910	 50.020782	 6.214821	 6.930848	 43.910156	 7.588728	 28.199819	 5.934530	 2.652893	 42.748429	 12.132838	 1.894258
 15.968015	 50.029229	 6.242281	 6.921659	 43.918983	 7.577549	 28.169747	 5.930636	 2.654639	 42.757334	 12.121841	 1.896164
 15.955032	 49.524303	 6.249852	 6.910025	 43.914247	 7.564833	 28.130687	 5.923771	 2.652763	 42.252638	 12.104583	 1.895090
 15.932039	 49.258986	 6.247490	 6.897184	 43.899025	 7.551363	 28.087174	 5.915429	 2.649081	 41.953924	 12.084218	 1.892530
 15.904077	 49.113499	 6.240174	 6.883753	 43.878585	 7.537528	 28.041475	 5.906356	 2.644501	 42.258304	 12.062321	 1.889231
 15.873663	 49.031658	 6.230393	 6.870042	 43.859268	 7.523524	 27.994725	 5.896927	 2.639479	 42.401397	 12.039682	 1.885568
 15.842057	 49.481658	 6.219392	 6.856205	 43.840530	 7.509450	 27.947489	 5.887327	 2.634242	 42.463864	 12.016694	 1.881726
 15.809890	 49.697597	 6.207792	 6.842320	 43.822099	 7.495353	 27.900052	 5.877650	 2.628902	 42.486036	 11.993554	 1.877799
 15.777475	 49.796521	 6.195905	 6.828424	 43.803839	 7.481259	 27.852554	 5.867943	 2.623516	 42.488076	 11.970361	 1.873834
 15.744971	 49.336955	 6.183886	 6.814537	 43.785681	 7.467179	 27.805067	 5.858228	 2.618113	 41.980069	 11.947164	 1.869855
 15.712456	 49.094456	 6.171814	 6.800668	 43.763886	 7.453119	 27.757626	 5.848518	 2.612708	 41.680005	 11.923987	 1.865872
 15.679968	 48.960517	 6.159726	 6.786824	 43.740299	 7.439083	 27.710248	 5.838818	 2.607306	 41.484016	 11.900843	 1.861892
 15.647529	 48.880883	 6.147643	 6.773005	 43.715841	 7.425071	 27.662942	 5.829131	 2.601912	 41.340166	 11.877738	 1.857918
 15.615147	 48.828427	 6.135574	 6.759212	 43.690973	 7.411086	 27.615712	 5.819459	 2.596528	 41.222488	 11.854675	 1.853950
 15.582827	 48.789585	 6.123524	 6.745448	 43.665925	 7.397126	 27.568561	 5.809803	 2.591154	 41.117997	 11.831655	 1.849991
 15.550571	 49.257576	 6.111495	 6.731711	 43.640813	 7.383192	 27.521489	 5.800162	 2.585790	 41.020201	 11.808679	 1.846039
 15.518381	 49.479009	 6.099489	 6.718002	 43.615694	 7.369285	 27.474497	 5.790536	 2.580438	 40.925854	 11.785748	 1.842096
 15.486257	 49.577188	 6.087505	 6.704321	 43.590598	 7.355404	 27.427585	 5.780927	 2.575096	 40.833332	 11.762860	 1.838161
 10.954199	 43.613765	 4.575545	 4.190667	 34.565537	 4.841548	 26.880753	 3.771334	 0.069765	 40.241824	 8.740017	-0.165766
 8.681523	 40.594775	 3.816555	 2.932133	 30.030592	 3.582428	 26.584855	 2.765075	-1.180379	 39.902033	 7.223044	-1.165411
 8.538551	 34.548074	 2.934057	 4.301162	 36.740744	 4.950680	 26.414462	 4.260486	 0.697064	 40.188199	 9.459017	-0.162922
 8.458376	 31.496504	 2.490792	 4.979902	 40.083301	 5.628855	 26.306860	 5.003416	 1.633121	 40.286331	 10.565648	 0.337426
 8.409616	 32.942554	 1.767148	 5.813511	 34.242087	 6.462002	 24.730691	 4.870113	 0.098491	 36.790545	 9.107630	 0.586705
 8.376582	 33.631530	 1.404301	 6.223546	 31.296554	 6.871705	 23.922839	 4.799531	-0.667338	 35.005674	 8.371193	 0.710452
 6.351429	 29.442036	 0.721854	 3.421810	 26.798907	 4.069698	 17.999179	 3.260316	-1.048769	 27.076343	 5.495562	-0.228566
 5.334375	 27.322285	 0.380631	 2.020310	 24.530511	 2.667501	 15.027039	 2.489281	-1.238005	 23.090412	 4.055202	-0.696827
 4.821379	 26.237456	 0.210019	 1.318930	 23.376775	 1.965210	 13.530677	 2.102337	-1.331145	 21.076229	 3.332483	-0.929714
 4.560422	 22.170137	 0.124714	 0.967611	 19.280404	 1.612876	 11.272222	 1.907442	-1.376241	 17.047967	 2.468590	-0.044915
 4.425493	 20.118553	 0.082061	 0.791324	 17.218892	 1.435521	 10.135300	 1.808574	-1.397318	 15.019376	 2.035085	 0.396587
 3.353588	 14.574872	 0.560734	 0.702554	 12.674834	 0.845659	 7.559156	 1.757721	-0.406388	 10.990652	 1.816777	 0.616443
 2.815273	 11.794089	 0.799050	 0.657544	 10.395669	 0.550728	 6.266830	 1.730878	 0.088472	 8.968559	 1.706071	 0.725478
 1.543759	 7.394774	 0.917189	 0.634416	 5.748964	 0.403262	 2.616420	 1.216043	-0.164702	 1.949797	 0.149169	 0.279104
 0.908002	 5.192150	 0.975241	 0.622229	 3.424643	 0.329529	 0.792098	 0.958043	-0.291289	-1.553954	-0.627915	 0.055917
-0.409876	 0.587878	 0.503252	 0.115514	-0.238482	 0.292663	-1.619182	 0.328463	-0.354582	-3.800213	-1.015093	-0.055677
-1.067027	-1.710281	 0.267257	-0.137843	-2.066621	 0.274230	-2.821381	 0.013672	-0.386229	-4.916627	-1.207320	-0.111474
-1.393818	-3.855392	 0.149260	-0.764522	-3.977272	 0.265013	-3.419046	-0.643723	-0.402052	-5.468133	-1.302075	-0.139372
-1.555432	-4.922006	 0.090262	-1.076444	-4.927431	 0.260405	-3.714449	-0.971341	-0.409964	-5.737201	-1.348096	-0.153321
-1.634462	-5.449383	 0.060762	-1.230992	-5.397351	 0.258101	-3.858727	-1.134072	-0.413920	-5.865064	-1.369753	-0.160296
-1.672204	-5.707154	 0.046013	-0.806855	-5.627163	-0.243051	-4.427448	-0.714362	-0.415898	-5.922340	-1.379230	 0.336217
-1.689305	-5.830133	 0.038638	-0.594786	-5.736928	-0.492926	-4.707544	-0.504506	-0.416887	-5.944337	-1.382620	 0.583584
-1.696089	-5.885729	 0.034950	-0.488752	-5.786679	-0.617164	-4.843333	-0.399579	-0.417381	-6.448709	-1.382970	 0.206380
-1.697718	-5.907644	 0.033107	-0.435735	-5.806433	-0.678585	-4.906977	-0.347115	-0.417629	-6.693172	-1.381801	 0.017778
-1.696774	-5.912730	 0.032185	-0.909226	-5.311197	-0.208598	-4.434555	-0.320883	-0.417752	-6.307699	-1.379876	-0.076523
-1.694547	-5.909414	 0.031724	-1.144564	-5.059352	 0.026395	-4.194962	-0.307767	-0.417814	-6.108385	-1.377576	-0.123674
-1.691682	-5.901908	 0.031493	-0.760828	-4.929210	-0.356108	-4.571788	-0.801209	-0.417845	-6.002166	-1.375090	 0.352751
-1.688501	-5.892318	 0.031378	-0.568960	-4.859928	-0.546664	-4.755977	-1.046856	-0.417860	-5.942508	-1.372515	 0.590078
-1.685166	-5.881699	 0.031321	-0.473026	-4.821082	-0.641248	-4.843853	-1.168607	-0.417868	-5.906145	-1.369897	 0.707857
-1.681758	-5.870576	 0.031292	-0.425059	-5.797462	-0.687847	-4.883581	-0.728412	-0.417872	-5.881445	-1.867260	 0.265865
-1.678317	-5.859213	 0.031277	-0.401075	-6.279707	-0.710455	-4.899242	-0.508314	-0.417874	-5.862590	-2.113646	 0.044869
-1.674863	-5.847741	 0.031270	-0.889084	-6.014896	-0.721068	-4.902876	-0.898265	-0.417875	-5.846672	-1.734547	-0.065629
-1.671406	-5.836227	 0.031267	-1.131685	-5.877443	-0.725686	-4.900504	-1.092172	-0.417875	-5.832238	-1.543682	-0.120878
-1.667951	-6.324702	 0.031265	-1.251587	-5.803679	-0.727307	-4.895137	-0.688058	-0.417876	-5.818559	-1.446935	-0.148502
-1.664500	-6.562194	 0.031264	-1.310141	-5.761769	-0.727430	-4.888278	-0.486001	-0.417876	-5.805273	-1.397251	-0.162314
-2.161056	-6.174207	 0.031263	-1.338025	-5.735794	-0.726807	-4.880681	-0.384973	-0.417876	-5.792197	-1.871101	-0.169221
-2.406583	-5.974485	 0.031263	-1.350576	-5.717795	-0.725812	-4.872723	-0.334459	-0.417876	-5.779241	-2.105748	-0.172674
-2.526601	-5.868906	 0.031263	-1.355463	-5.703794	-0.724631	-4.864590	-0.309201	-0.417876	-5.766358	-2.220800	-0.174400
-2.083871	-5.810410	-0.468737	-0.856522	-5.691799	-0.723360	-5.356378	-0.296573	-0.417876	-6.253527	-1.776057	-0.175263
-1.860807	-5.775466	-0.717785	-0.607051	-5.680817	-0.722044	-5.597279	-0.290259	-0.417876	-6.489625	-1.552394	-0.175695
-2.247580	-5.752311	-0.341360	-0.482315	-5.670350	-0.720707	-5.212745	-0.787101	-0.417876	-6.100205	-1.439271	 0.324089
-2.438240	-5.735061	-0.153147	-0.419948	-5.660150	-0.719361	-5.016356	-1.034458	-0.417876	-5.899152	-1.381423	 0.573101
-2.030849	-5.720774	-0.059041	-0.888764	-5.650091	-0.718012	-4.914046	-0.657072	-0.417876	-5.792297	-1.851213	 0.196729
-1.825473	-5.707980	-0.011987	-1.121790	-5.640112	-0.716662	-4.858784	-0.468379	-0.417876	-5.732555	-2.083855	 0.008543
-2.221108	-5.695945	-0.488461	-0.736923	-5.630181	-0.715314	-4.827051	-0.374033	-0.417876	-5.696384	-1.697926	-0.085550
-2.416217	-5.684299	-0.725749	-0.544490	-5.620283	-0.713967	-4.807091	-0.326860	-0.417876	-5.672012	-1.503688	-0.132596
-2.511069	-5.672859	-0.843448	-0.448273	-5.610410	-0.712623	-4.793024	-0.303273	-0.417876	-5.653554	-1.405298	-0.156120
-2.055798	-5.661534	-0.401353	-0.400165	-5.600559	-0.711280	-4.781911	-0.291480	-0.417876	-6.138066	-1.354833	-0.167881
-1.826505	-5.650277	-0.180305	-0.376110	-5.590727	-0.709941	-4.772281	-0.285583	-0.417876	-6.372967	-1.328335	-0.173762
-2.210206	-6.139065	-0.069781	-0.364083	-5.580912	-0.708603	-4.763400	-0.282635	-0.417876	-5.983079	-1.813821	-0.176702
-2.399371	-6.376896	-0.014520	-0.358070	-5.571116	-0.707269	-4.754900	-0.281161	-0.417876	-5.781923	-2.054332	-0.178173
-1.991275	-5.989262	 0.013111	-0.355063	-5.561337	-0.705936	-4.746598	-0.780424	-0.417876	-5.675147	-1.672359	-0.178908
-1.785588	-5.789899	 0.026927	-0.353560	-5.551576	-0.704607	-4.738402	-1.028993	-0.417876	-5.615574	-1.480120	-0.179275
-1.681109	-5.684682	 0.033835	-0.352808	-5.541831	-0.703279	-4.730266	-0.652218	-0.417876	-5.579617	-1.382749	-0.179459
-1.627238	-5.626549	 0.037288	-0.352432	-5.532104	-0.701955	-4.722166	-0.463830	-0.417876	-5.555482	-1.332816	-0.179551
-1.598674	-5.591969	 0.039015	-0.352244	-5.522394	-0.700632	-4.714091	-0.369636	-0.417876	-5.537271	-1.306604	-0.179597
-1.582767	-5.569177	 0.039879	-0.352150	-5.512700	-0.699313	-4.706036	-0.322540	 0.082124	-5.522036	-1.292255	-0.179620
-1.573191	-5.552289	 0.040311	-0.352103	-5.503024	-0.697995	-4.697998	-0.298991	 0.331522	-5.508303	-1.283839	-0.179631
-2.066785	-5.538364	 0.040526	-0.352080	-4.993365	-0.696681	-4.689975	-0.287217	-0.044381	-5.495334	-1.278393	-0.179637
-2.310932	-5.525932	 0.040634	-0.352068	-4.734601	-0.695368	-4.681966	-0.281330	-0.232332	-5.482760	-1.274434	-0.179640
-1.930361	-6.014256	-0.459312	-0.352062	-5.101290	-0.694058	-4.673971	-0.278386	-0.326308	-5.470398	-1.271221	-0.179641
-1.738471	-6.251980	-0.708342	-0.352059	-5.279836	-0.692751	-4.665990	-0.276914	-0.373296	-5.458155	-1.268383	-0.179642
-1.640925	-5.864416	-0.331917	-0.352058	-5.364319	-0.691446	-4.658023	-0.276179	 0.103210	-5.945986	-1.265735	 0.320358
-1.590555	-5.665212	-0.143705	-0.352057	-5.401778	-0.690144	-4.650070	-0.275811	 0.340863	-6.182755	-1.263185	 0.569481
-1.563776	-5.560197	-0.049598	-0.352057	-5.415734	-0.688844	-4.642130	-0.275627	 0.459091	-6.294010	-1.260686	 0.693169
-2.048795	-5.502289	-0.002545	-0.352056	-5.417947	-0.687546	-4.634203	-0.275535	 0.017607	-6.342524	-1.258214	 0.754140
-2.288682	-5.467944	 0.020982	-0.352056	-5.414297	-0.686251	-4.626291	-0.275489	-0.203134	-6.359683	-1.255759	 0.783755
-1.906009	-5.445391	 0.032745	-0.352056	-5.407723	-0.684958	-4.618391	-0.275466	-0.313505	-6.361180	-1.253315	 0.297694
-1.713095	-5.428745	 0.038626	-0.352056	-5.399696	-0.683668	-4.610505	-0.275454	-0.368691	-6.354862	-1.250878	 0.054663
-2.115065	-5.415064	 0.041567	-0.352056	-5.390950	-1.182380	-4.602633	-0.275448	 0.103717	-5.844653	-1.248448	 0.433148
-2.313444	-5.402875	 0.043038	-0.352056	-5.381854	-1.430153	-4.594774	-0.275446	 0.339324	-5.583623	-1.246022	 0.621523
-1.910034	-5.391443	 0.043773	-0.352056	-4.872591	-1.052459	-4.586929	-0.275444	 0.456532	-5.447197	-1.243602	 0.714846
-1.706770	-5.380400	 0.044140	-0.352056	-4.614130	-0.862977	-4.579097	-0.275443	 0.514543	-5.373086	-1.241187	 0.760644
-1.603581	-5.369562	 0.044324	-0.352056	-4.481077	-0.767601	-4.571278	-0.275443	 0.542955	-5.330145	-1.238777	 0.782682
-1.550434	-5.358837	 0.044416	-0.352056	-4.910734	-0.719280	-4.563472	-0.275443	 0.556570	-5.302802	-1.236371	 0.292841
-1.522311	-5.348180	 0.044462	-0.352056	-5.120876	-0.694488	-4.555680	-0.275443	 0.562788	-5.283272	-1.233970	 0.047921
-1.506703	-5.337566	 0.044485	-0.352056	-5.221268	-0.681461	-4.547902	-0.275443	 0.565307	-5.267661	-1.231573	-0.074539
-1.497355	-5.326985	 0.044497	-0.352056	-5.266794	-0.674318	-4.540136	-0.275443	 0.565979	-5.254022	-1.229182	-0.135769
-1.491141	-5.316430	 0.044502	-0.852056	-5.284895	-0.670118	-4.532384	-0.275443	 0.065729	-5.241383	-1.226795	-0.166384
-1.486497	-5.305899	 0.044505	-1.100680	-5.289291	-0.667391	-4.524645	-0.275443	-0.184396	-5.229256	-1.224412	-0.181692
-1.482642	-5.295391	 0.044507	-0.723617	-5.286843	-0.665401	-4.516919	-0.275443	 0.190541	-5.217399	-1.722035	 0.310654
-1.479183	-5.284904	 0.044507	-0.535086	-5.280982	-0.663781	-4.509207	-0.275443	 0.377425	-5.205688	-1.968690	 0.555970
-1.475926	-5.274438	 0.044508	-0.440820	-5.273421	-0.662348	-4.501507	-0.275443	 0.470282	-5.194065	-2.089867	 0.677772
-1.472774	-5.263993	 0.044508	-0.893688	-5.265020	-0.661009	-4.493821	-0.775443	 0.516128	-5.182497	-2.148309	 0.737818
-1.469676	-5.253568	 0.044508	-1.118750	-5.256206	-0.659718	-4.486148	-1.024384	 0.538469	-5.170971	-2.175387	 0.766990
-1.966610	-5.243165	 0.044508	-0.729913	-4.747193	-0.658452	-4.478488	-0.647799	 0.549060	-5.159477	-1.686787	 0.780725
-2.212526	-5.232782	 0.044508	-0.535495	-4.488968	-0.657201	-4.470841	-0.459506	 0.553775	-5.148013	-1.441324	 0.786744
-2.332940	-5.222419	-0.455492	-0.438285	-4.856142	-0.655957	-4.463207	-0.365359	 0.555555	-5.136576	-1.317431	 0.788907
-2.390608	-5.212078	-0.704553	-0.389681	-5.035145	-0.654718	-4.455586	-0.318286	 0.555868	-5.125165	-1.254326	 0.789143
-2.416907	-5.201756	-0.328147	-0.365378	-5.120070	-0.653484	-4.447978	-0.294750	 0.055449	-5.113781	-1.221617	 0.788419
-2.427528	-5.191455	-0.139944	-0.353227	-5.157965	-0.652252	-4.440384	-0.282981	-0.194760	-5.102422	-1.204108	 0.787215
-2.430315	-5.181175	-0.045842	-0.347152	-5.172352	-0.651023	-4.432802	-0.277097	-0.319865	-5.091088	-1.194201	 0.785773
-2.429190	-5.170915	 0.001208	-0.344114	-5.174994	-0.649797	-4.425233	-0.274155	 0.117582	-5.079779	-1.688098	 0.784215
-2.426115	-5.160675	 0.024734	-0.342595	-5.171771	-0.648572	-4.417677	-0.272684	 0.335732	-5.068496	-1.932927	 0.782600
-2.422069	-5.150455	 0.036496	-0.341835	-5.165623	-0.647351	-4.410134	-0.271949	 0.444233	-5.057237	-1.553228	 0.280958
-2.417543	-5.140256	 0.042378	-0.341456	-5.158021	-0.646131	-4.402603	-0.271581	 0.497912	-5.046004	-1.362238	 0.030137
-1.912783	-5.130077	 0.045318	-0.341266	-4.649700	-0.644914	-4.395086	-0.271397	 0.524180	-5.034796	-1.265606	-0.095273
-1.658945	-5.119918	 0.046789	-0.341171	-4.391905	-0.643699	-4.387582	-0.271305	 0.536744	-5.023612	-1.216155	-0.157979
-1.530572	-5.609779	 0.047524	-0.341123	-4.259380	-0.642487	-3.880090	-0.271259	 0.542458	-5.012454	-1.190297	-0.189331
-1.464934	-5.848670	 0.047891	-0.341100	-4.189495	-0.641277	-3.623465	-0.271236	 0.544747	-5.001320	-1.176237	-0.205007
-1.430667	-5.462088	 0.048075	-0.341088	-4.150937	-0.640069	-4.492278	-0.271224	 0.545326	-4.990211	-1.168079	-0.212846
-1.412088	-5.263772	 0.048167	-0.341082	-4.128049	-0.638863	-4.922107	-0.271219	 0.545050	-4.979126	-1.162873	-0.216765
-1.401356	-5.159598	 0.048213	-0.341079	-4.113002	-0.637660	-5.132453	-0.271216	 0.544348	-4.968066	-1.159146	-0.218724
-1.394551	-5.102506	 0.048236	-0.341077	-4.101882	-0.636458	-4.733064	-0.771214	 0.543435	-4.957031	-1.156161	-0.219704
-1.389712	-5.068964	 0.048248	-0.341077	-4.092732	-0.635260	-4.529670	-1.020159	 0.542417	-4.946020	-1.153549	-0.220194
-1.385859	-5.047207	 0.048253	-0.341076	-4.584573	-0.634063	-3.924279	-0.643578	 0.541347	-4.935034	-1.151125	-0.220439
-1.382502	-5.031353	 0.048256	-0.341076	-4.826039	-0.632869	-3.618751	-0.455288	 0.540253	-4.924072	-1.148798	-0.220561
-1.379396	-5.018460	 0.048258	-0.841076	-4.442324	-0.631676	-3.963158	-0.361143	 0.039148	-4.913135	-1.146521	-0.220623
-1.376418	-5.007057	 0.048258	-1.089710	-4.246905	-0.630487	-4.131684	-0.314070	-0.211405	-4.902221	-1.144272	-0.220653
-1.373508	-4.996409	 0.048259	-0.712665	-4.645640	-1.129299	-4.212275	-0.290534	 0.163319	-4.891332	-1.142038	-0.220668
-1.370634	-4.986149	 0.048259	-0.524142	-4.840580	-1.377172	-4.248906	-0.278765	 0.350124	-4.880467	-1.139814	-0.220676
-1.367781	-4.976091	 0.048259	-0.429881	-4.933631	-1.499578	-4.263563	-0.272881	 0.442971	-4.869627	-1.137598	-0.220680
-1.864942	-4.966146	 0.048259	-0.382750	-4.475745	-1.059253	-4.267239	-0.269939	 0.488840	-4.858810	-1.135387	 0.279318
-2.111078	-4.956266	 0.048259	-0.359185	-4.243275	-0.838508	-4.265430	-0.268468	 0.511221	-4.848018	-1.133182	 0.528485
-2.231706	-4.946428	 0.048259	-0.347402	-4.123521	-0.727553	-4.260886	-0.267733	 0.021859	-4.837249	-1.130981	 0.152238
-2.289585	-4.936621	 0.048259	-0.341511	-4.060130	-0.671495	-4.254980	-0.267365	-0.222822	-4.826504	-1.128784	-0.035886
-1.816095	-4.926840	 0.048259	-0.338565	-4.024927	-0.642886	-3.748400	-0.767181	 0.154837	-4.815783	-1.626592	 0.370052
-1.577960	-4.917080	 0.048259	-0.337092	-4.003824	-0.628004	-3.492342	-1.016038	 0.343116	-4.805086	-1.873433	 0.572192
-1.457506	-4.907342	 0.048259	-0.336356	-4.489777	-0.619985	-3.861550	-0.639417	 0.436705	-4.794413	-1.494795	 0.172435
-1.395895	-4.897623	 0.048259	-0.335987	-4.728386	-0.615399	-4.042542	-0.451106	 0.482951	-4.783764	-1.304392	-0.027443
-1.363708	-4.887924	 0.048259	-0.335803	-4.843332	-0.612531	-4.129432	-0.356951	 0.505526	-4.773138	-1.208109	-0.127382
-1.346237	-4.878245	-0.451741	-0.335711	-4.396454	-0.610522	-4.169278	-0.309873	 0.516267	-4.762536	-1.158888	-0.177352
-1.336126	-4.868584	-0.700806	-0.335665	-4.169548	-0.608945	-4.185607	-0.286334	 0.521092	-4.751957	-1.133200	-0.202337
-1.829698	-4.858943	-0.324405	-0.335642	-4.052635	-0.607584	-4.190184	-0.274565	 0.522960	-4.741402	-1.119281	 0.285171
-2.074079	-4.849321	-0.136205	-0.335631	-3.990725	-0.606333	-4.188891	-0.268680	 0.523351	-4.730870	-1.111248	 0.528099
-1.693870	-4.839718	-0.042105	-0.335625	-3.956321	-0.605138	-4.184670	-0.265738	 0.523004	-4.720361	-1.106160	 0.648740
-1.502406	-4.830134	 0.004945	-0.335622	-3.935678	-0.603971	-4.178990	-0.264267	 0.522290	-4.709876	-1.102547	 0.708239
-1.905317	-4.820569	 0.028470	-0.335621	-4.421920	-0.602820	-4.172587	-0.263531	 0.521393	-4.699415	-1.599673	 0.237168
-2.104383	-4.811023	 0.040233	-0.335620	-4.660734	-0.601678	-4.165829	-0.263163	 0.520406	-4.688976	-1.846201	 0.001633
-2.201532	-4.801496	 0.046114	-0.335620	-4.775840	-0.600541	-4.158899	-0.262980	 0.519375	-4.678561	-1.967432	-0.116135
-2.247727	-4.791987	 0.049055	-0.335619	-4.329101	-0.599408	-4.151890	-0.262888	 0.518322	-4.668169	-1.526020	-0.175019
-2.268451	-4.782498	 0.050525	-0.335619	-4.102325	-0.598278	-4.144846	-0.262842	 0.517261	-4.657799	-1.304261	-0.204461
-2.276443	-4.773027	 0.051260	-0.335619	-4.485535	-0.597151	-4.137792	-0.262819	 0.516196	-4.647453	-1.192330	-0.219182
-2.278075	-4.763575	 0.051628	-0.335619	-4.672867	-0.596026	-4.130738	-0.262807	 0.515130	-4.637130	-1.135316	-0.226542
-1.776531	-4.754142	 0.051811	-0.335619	-4.262268	-0.594903	-4.123691	-0.262801	 0.514065	-4.626830	-1.105761	 0.269778
-1.524439	-4.744728	 0.051903	-0.335619	-4.053588	-0.593782	-4.116652	-0.262799	 0.513002	-4.616553	-1.089939	 0.517119
-1.397076	-4.735332	 0.051949	-0.335619	-3.945874	-0.592664	-3.609625	-0.262797	 0.511940	-4.606298	-1.080985	 0.139974
-1.332081	-4.725955	 0.051972	-0.335619	-3.888648	-0.591547	-3.353462	-0.262796	 0.510881	-4.596067	-1.075467	-0.048599
-1.298272	-4.716596	 0.051984	-0.335619	-3.856673	-0.590433	-3.222736	-0.262796	 0.509823	-4.585858	-1.071670	-0.142886
-1.780058	-4.707256	 0.051990	-0.335619	-3.837328	-0.589321	-3.654734	-0.262796	 0.508768	-4.575671	-1.068734	 0.309971
-2.018610	-4.697934	 0.051992	-0.335619	-3.824306	-0.588211	-3.867243	-0.262796	 0.507715	-4.565508	-1.066231	 0.535585
-2.135550	-4.688631	 0.051994	-0.335619	-3.814449	-1.087103	-3.970015	-0.262796	 0.506664	-4.055367	-1.063947	 0.647578
-2.191689	-4.679346	 0.051995	-0.335619	-3.806182	-1.335055	-4.017924	-0.262796	 0.505615	-3.796359	-1.061774	 0.702764
-1.717431	-4.670080	 0.051995	-0.335619	-3.798715	-0.957540	-4.038407	-0.262796	 0.504568	-4.162926	-1.059658	 0.729547
-1.479016	-4.660832	 0.051995	-0.335619	-3.791655	-0.768237	-4.045184	-0.262796	 0.503524	-4.341179	-1.057574	 0.742131
-1.858524	-4.651602	 0.051995	-0.335619	-3.784803	-0.673039	-3.545112	-0.262796	 0.502481	-3.925286	-1.055507	 0.747617
-2.045962	-4.642390	 0.051995	-0.335619	-3.778061	-0.624897	-3.292477	-0.262796	 0.501441	-3.713442	-1.053450	 0.749555
-2.137369	-4.633197	 0.051995	-0.335619	-3.771381	-0.600282	-3.163564	-0.262796	 0.500403	-3.603631	-1.051401	 0.749722
-1.680765	-4.624022	 0.051995	-0.335619	-3.764737	-0.587433	-3.596517	-0.262796	 0.499884	-4.044846	-1.049358	 0.249004
-1.451197	-4.614865	 0.051995	-0.335619	-3.758116	-0.580467	-3.809553	-0.262796	 0.499625	-4.260470	-1.047319	-0.001354
-1.835148	-4.605727	 0.051995	-0.335619	-3.751514	-0.576444	-3.912637	-0.262796	-0.000505	-4.363312	-1.045285	-0.126534
-2.024826	-4.596606	 0.051995	-0.335619	-3.744926	-0.573893	-3.960751	-0.262796	-0.250052	-4.409772	-1.043255	-0.189124
-2.117374	-4.587503	 0.051995	-0.335619	-3.738351	-0.572079	-3.981385	-0.262796	 0.125175	-4.428053	-1.041229	-0.220418
-2.161360	-4.578419	 0.051995	-0.335619	-3.731789	-0.570636	-3.988285	-0.262796	 0.312270	-4.432255	-1.039206	-0.236066
-2.181070	-4.569352	 0.051995	-0.835619	-3.725238	-0.569378	-3.988325	-0.262796	-0.094182	-4.429429	-1.037188	 0.256110
-2.188648	-4.560304	 0.051995	-1.084259	-3.718699	-0.568214	-3.984939	-0.262796	-0.296890	-4.423100	-1.035174	 0.501399
-2.190163	-4.551273	 0.051995	-1.207222	-3.712172	-0.567097	-3.979848	-0.262796	-0.398244	-4.415030	-1.033164	 0.623246
-2.188652	-4.542260	 0.051995	-0.767349	-3.705656	-0.566006	-3.473908	-0.262796	-0.448921	-4.406101	-1.031157	 0.183374
-2.185633	-4.533265	 0.051995	-0.547412	-3.699152	-0.564929	-3.218405	-0.262796	-0.474260	-4.396752	-1.029155	-0.036562
-2.181864	-4.524288	 0.051995	-0.437444	-3.692659	-0.563859	-3.588123	-0.262796	 0.013071	-4.387205	-1.527156	 0.353470
-2.177726	-4.515329	 0.051995	-0.382460	-3.686177	-0.562794	-3.769604	-0.262796	 0.256219	-4.377570	-1.774191	 0.547692
-2.173406	-4.506387	-0.448005	-0.354968	-4.179707	-0.561732	-3.856971	-0.262796	 0.377792	-4.367901	-1.395745	 0.144010
-2.169002	-4.497464	-0.697073	-0.341222	-4.422371	-0.560673	-3.897287	-0.262796	 0.438579	-4.358226	-1.205535	-0.057831
-1.664559	-4.488557	-0.320678	-0.334349	-4.039608	-0.559617	-3.414083	-0.762796	 0.468973	-4.348559	-1.109444	-0.158751
-1.411137	-4.479669	-0.132481	-0.330912	-3.845018	-0.558563	-3.169979	-1.011748	 0.484169	-4.338907	-1.060414	-0.209211
-1.283227	-4.470798	-0.038382	-0.329194	-3.744519	-0.557510	-3.045429	-1.135178	 0.491768	-4.329273	-1.034917	-0.234441
-1.718077	-4.461944	-0.491333	-0.328335	-3.691071	-0.556460	-3.480660	-0.695849	 0.495567	-4.319658	-1.021189	-0.247056
-1.933273	-4.453108	-0.716880	-0.327905	-3.661155	-0.555412	-3.694933	-0.476184	 0.497466	-4.310064	-1.013346	-0.253364
-2.038648	-4.444290	-0.328728	-0.827691	-4.143010	-0.554366	-3.798732	-0.366352	 0.498416	-4.300491	-1.008449	-0.256518
-2.089116	-4.435489	-0.134652	-1.076232	-4.379879	-0.553321	-3.847299	-0.311435	 0.498891	-4.290939	-1.005025	-0.258095
-2.112135	-4.426706	-0.537614	-0.699153	-3.994261	-0.552279	-3.368257	-0.283977	 0.499129	-4.281408	-1.002341	 0.241117
-2.121435	-4.417940	-0.738171	-0.510614	-3.798285	-0.551239	-3.126269	-0.270248	 0.499247	-4.271898	-1.000029	 0.489932
-1.623879	-4.909191	-0.337527	-0.416344	-4.197136	-0.550201	-3.002813	-0.263384	 0.499307	-4.262409	-0.997903	 0.613550
-1.373936	-5.149469	-0.137206	-0.369209	-4.392528	-0.549164	-2.938627	-0.259951	 0.499336	-4.252941	-0.995874	 0.674572
-1.247801	-5.264272	-0.037045	-0.345642	-4.486197	-0.548130	-2.904079	-0.258235	 0.499351	-4.243494	-0.993894	 0.704298
-1.683572	-4.816347	 0.013036	-0.333858	-4.029013	-0.547097	-3.384356	-0.257377	 0.499359	-4.234068	-0.991941	 0.718376
-1.899264	-4.588059	 0.038076	-0.327966	-3.797286	-0.546067	-3.621195	-0.256948	 0.499362	-4.224663	-0.990003	 0.724633
-2.004921	-4.469599	-0.449404	-0.325020	-3.678293	-1.045038	-3.736321	-0.756734	 0.499364	-4.215279	-1.488075	 0.726981
-2.055565	-4.406060	-0.692223	-0.323548	-3.615673	-1.293069	-3.790595	-1.005584	 0.499365	-4.205916	-1.735183	 0.727376
-2.078707	-4.369991	-0.312715	-0.322811	-3.581244	-1.415634	-3.314450	-0.628968	-0.000634	-4.196574	-1.356811	 0.726796
-2.088102	-4.347666	-0.122960	-0.322443	-3.560918	-1.475467	-3.073954	-0.440660	-0.250116	-4.187252	-1.166676	 0.725731
-2.090629	-4.332220	-0.028083	-0.322259	-3.547647	-1.003938	-3.451287	-0.346506	 0.125143	-4.177951	-1.070660	 0.724424
-2.089726	-4.320223	 0.019356	-0.322167	-3.537910	-0.767672	-3.636685	-0.299429	 0.312255	-4.168671	-1.021705	 0.722998
-2.087112	-4.309959	 0.043075	-0.322121	-3.529945	-0.649038	-3.726121	-0.275891	 0.405811	-4.159412	-0.996284	 0.721514
-1.583648	-4.300570	 0.054934	-0.822098	-3.522871	-0.589222	-3.267582	-0.264122	 0.452589	-4.150173	-0.982630	 0.220004
-1.330798	-4.291626	 0.060864	-1.070740	-3.516249	-0.558815	-3.035914	-0.258237	 0.475978	-4.140954	-0.974863	-0.030752
-1.203257	-4.282914	 0.063829	-0.693718	-3.509858	-0.543114	-2.917685	-0.255295	 0.487672	-4.131756	-0.970040	 0.343870
-1.138373	-4.274326	 0.065312	-0.505206	-3.503587	-0.534767	-2.856181	-0.253823	 0.493519	-4.122578	-0.966691	 0.530414
-1.104820	-4.265808	 0.066053	-0.410951	-3.497383	-0.530097	-3.323043	-0.253088	 0.496443	-4.113421	-0.964081	 0.622920
-1.086934	-4.257334	 0.066424	-0.363823	-3.491217	-0.527268	-3.553239	-0.252720	 0.497905	-4.104284	-0.961843	 0.668409
-1.076885	-4.248890	 0.066609	-0.340259	-3.485075	-0.525359	-3.665107	-0.252536	 0.498636	-4.095168	-0.959792	 0.690391
-1.070756	-4.240469	 0.066701	-0.328477	-3.478951	-0.523912	-3.717816	-0.252444	 0.499001	-4.086071	-0.957836	 0.700621
-1.066590	-4.232068	 0.066748	-0.822586	-3.472841	-0.522696	-3.740951	-0.252398	 0.499184	-4.076995	-0.955931	 0.704977
-1.063407	-4.223686	 0.066771	-1.068300	-3.466744	-0.521597	-3.749306	-0.252375	 0.499275	-4.067939	-0.954051	 0.706397
-1.060718	-4.215321	 0.066783	-1.189819	-3.460658	-0.520557	-3.750275	-0.252364	 0.499321	-4.058903	-0.952187	 0.706351
-1.058279	-4.206973	 0.066788	-0.749243	-3.454583	-0.519548	-3.747557	-0.752358	 0.499344	-4.049887	-0.950332	 0.705574
-1.055966	-4.198642	 0.066791	-0.528955	-3.448519	-0.518555	-3.743000	-1.001316	 0.499355	-4.040892	-0.948484	 0.704433
-1.553719	-4.190327	-0.433207	-0.418811	-3.442466	-1.017571	-3.737531	-0.624758	 0.499361	-4.531916	-0.946641	 0.703111
-1.800473	-4.182029	-0.682290	-0.363739	-3.436424	-1.265651	-3.731610	-0.436478	 0.499364	-4.771849	-0.944801	 0.701700
-1.421730	-4.173748	-0.305916	-0.336203	-3.930392	-0.888265	-3.225468	-0.342339	 0.499365	-4.386250	-0.942966	 0.200247
-1.231279	-4.165483	-0.117729	-0.322435	-4.173493	-0.699091	-2.970076	-0.295269	 0.499366	-4.189007	-0.941135	-0.050480
-1.634977	-4.157234	-0.023636	-0.315551	-3.791168	-0.604023	-3.340062	-0.271734	 0.499366	-3.585952	-0.939307	 0.324157
-1.834715	-4.149001	 0.023411	-0.312109	-3.597013	-0.556010	-3.521888	-0.259967	 0.499366	-3.281112	-0.937483	 0.510729
-1.932479	-4.140785	 0.046934	-0.310388	-3.496949	-0.531525	-3.609639	-0.254083	 0.499366	-3.125386	-0.935662	 0.603270
-1.979259	-4.132585	 0.058696	-0.309528	-3.443936	-0.518805	-3.150358	-0.251141	 0.499366	-3.544225	-0.933845	 0.648798
-2.000552	-4.124402	 0.064577	-0.309097	-3.414454	-0.511969	-2.918419	-0.249670	 0.499366	-3.749244	-0.932032	 0.670820
-2.009106	-4.116234	 0.067517	-0.308882	-3.896742	-0.508075	-3.300157	-0.248935	 0.499366	-3.847361	-0.930222	 0.681091
-2.011295	-4.108083	 0.068987	-0.308775	-4.134043	-0.505653	-3.487882	-0.248567	 0.499366	-3.892038	-0.928415	 0.685488
-2.010305	-4.099948	 0.069723	-0.308721	-3.748857	-0.503968	-3.578607	-0.248383	 0.499366	-3.910004	-0.926613	 0.186950
-2.007730	-4.091829	 0.070090	-0.308694	-3.553312	-0.502652	-3.620836	-0.248291	 0.499366	-3.914624	-0.924813	-0.062320
-2.004367	-4.083726	-0.429726	-0.308681	-3.452593	-0.501522	-3.138824	-0.248245	 0.499366	-3.912582	-0.923017	 0.313046
-2.000615	-4.075639	-0.678721	-0.308674	-3.399291	-0.500486	-2.895550	-0.248222	 0.499366	-3.907218	-0.921225	 0.499993
-1.996672	-4.067568	-0.802307	-0.308671	-3.369704	-0.499968	-2.771648	-0.248211	 0.499366	-3.900202	-0.919436	 0.592733
-1.992638	-4.059513	-0.363191	-0.308669	-3.351979	-0.499709	-3.207437	-0.248205	 0.499366	-3.892370	-0.917650	 0.138371
-1.988562	-4.051474	-0.143632	-0.308668	-3.340190	-0.499579	-3.422221	-0.248202	 0.499366	-3.884140	-0.915868	-0.088810
-1.984471	-4.043451	-0.033853	-0.308668	-3.831375	-0.499515	-3.526508	-0.248201	 0.499366	-3.875720	-0.914089	 0.297600
-1.980375	-4.035444	 0.021036	-0.308667	-4.073174	-0.499482	-3.575551	-0.248200	 0.499366	-3.867216	-0.912314	 0.490074
-1.476282	-4.027453	 0.048481	-0.308667	-3.690286	-0.499466	-3.596979	-0.248200	 0.499366	-3.358677	-0.910543	 0.585582
-1.223229	-4.019477	 0.062203	-0.308667	-3.495940	-0.499458	-3.604603	-0.248199	 0.499366	-3.101243	-0.908774	 0.632608
-1.595698	-4.011517	-0.430935	-0.308667	-3.395869	-0.499454	-3.605331	-0.248199	 0.499366	-3.469367	-0.907010	 0.655396
-1.779895	-4.003574	-0.676597	-0.308667	-3.342941	-0.499452	-3.602617	-0.248199	 0.499366	-3.649168	-0.905248	 0.666065
-1.869961	-3.995645	-0.798522	-0.308667	-3.313590	-0.499451	-3.598186	-0.248199	 0.499366	-3.734815	-0.903490	 0.670677
-1.912965	-3.987733	-0.858580	-0.308667	-3.296032	-0.499450	-3.592903	-0.248199	 0.499366	-3.773396	-0.901736	 0.672262
-1.932443	-3.979836	-0.887706	-0.308667	-3.284376	-0.499450	-3.587198	-0.248199	 0.499366	-3.788453	-0.899985	 0.672334
-1.940161	-3.971955	-0.901369	-0.308667	-3.275675	-0.499450	-3.581288	-0.248199	 0.499366	-3.791757	-0.898237	 0.671652
-1.942005	-3.964089	-0.907301	-0.308667	-3.268458	-0.499450	-3.575281	-0.248199	 0.499366	-3.789194	-0.896492	 0.670595
-1.940914	-3.956239	-0.409371	-0.308667	-3.761987	-0.499450	-3.069230	-0.248199	 0.499366	-3.783707	-0.894751	 0.169351
-1.938361	-3.948405	-0.160405	-0.308667	-4.005017	-0.499450	-2.814016	-0.248199	 0.499366	-3.776767	-0.893014	-0.081271
-1.935081	-3.940586	-0.035922	-0.308667	-3.622804	-0.499450	-2.684225	-0.248199	 0.499366	-3.769111	-0.891280	 0.293418
-1.931441	-3.932783	 0.026319	-0.308667	-3.428853	-0.499450	-2.617148	-0.248199	 0.499366	-3.761105	-0.889549	 0.480049
-1.927626	-3.924995	 0.057440	-0.308667	-3.329039	-0.499450	-2.581433	-0.248199	 0.499366	-3.752934	-0.887821	 0.572652
-1.423727	-3.917222	 0.073000	-0.308667	-3.276298	-0.499450	-3.061402	-0.248199	 0.499366	-3.744689	-1.386097	 0.118243
-1.170826	-3.909465	 0.080780	-0.308667	-3.247098	-0.499450	-3.298363	-0.248199	 0.499366	-3.736417	-1.633405	-0.108961
-1.043425	-3.901723	 0.084670	-0.308667	-3.229674	-0.499450	-3.413825	-0.248199	 0.499366	-3.728140	-1.255233	 0.277437
-0.978776	-3.893996	 0.086615	-0.308667	-3.218143	-0.499450	-3.468543	-0.248199	 0.499366	-3.719871	-1.065296	 0.469927
-1.445506	-3.886285	 0.087588	-0.308667	-3.209563	-0.499450	-3.492894	-0.248199	 0.499366	-3.711614	-0.969477	 0.565464
-1.676891	-3.878589	 0.088074	-0.308667	-3.202464	-0.499450	-3.502067	-0.248199	 0.499366	-3.703372	-0.920719	 0.612527
-1.290609	-3.870909	 0.088317	-0.308667	-3.196110	-0.499450	-3.003656	-0.248199	 0.499366	-3.695148	-0.895494	 0.635353
-1.096532	-3.863243	 0.088439	-0.308667	-3.190134	-0.499450	-2.752311	-0.248199	 0.499366	-3.686940	-0.882036	 0.646064
-0.998559	-3.855593	 0.088500	-0.308667	-3.184351	-0.499450	-2.624504	-0.248199	 0.499366	-3.678751	-0.874464	 0.650718
-1.448641	-3.847958	 0.088530	-0.308667	-3.178670	-0.499450	-3.058468	-0.248199	 0.499366	-3.670580	-0.869836	 0.652345
-1.671716	-3.840338	 0.088545	-0.308667	-3.173045	-0.499450	-3.272469	-0.248199	 0.499366	-3.662427	-0.866682	 0.652459
