-0.499802	-0.499941	-0.193170	-0.705691	-1.011727	-0.499677	-0.026892	 0.447116	-0.006889	-0.467004	-0.492266	-0.447183
-0.499802	-0.499941	-0.395595	-0.766687	-1.009928	-0.499677	 0.223558	 0.459223	-0.252961	-0.467004	-0.495677	-0.447183
-0.499802	-0.499941	-0.496220	-0.796343	-1.008144	-0.499677	 0.348783	 0.465276	-0.375996	-0.467004	-0.497383	-0.447183
-0.499802	-0.499941	-0.045946	-0.310330	-1.006369	-0.499677	-0.088604	 0.468303	-0.437514	-0.467004	-0.498236	-0.447183
-0.499802	-0.499941	 0.179191	-0.067323	-1.004599	-0.499677	-0.306849	 0.469816	-0.468273	-0.467004	-0.498662	-0.447183
-0.499802	-0.499941	 0.291759	 0.054180	-1.002835	-0.499677	-0.415523	-0.029428	-0.483653	-0.467004	-0.498876	-0.447183
-0.499802	-0.499941	 0.348043	 0.114932	-1.001074	-0.499677	-0.469412	-0.278611	-0.491342	-0.467004	-0.498982	-0.447183
-0.499802	-0.499941	 0.376185	-0.354692	-0.999316	-0.499677	-0.495910	 0.097236	 0.004813	-0.467004	-0.499035	-0.447183
-0.499802	-0.499941	 0.390257	-0.588665	-0.997562	-0.499677	-0.508713	 0.285159	 0.252372	-0.467004	-0.499062	-0.447183
-0.499802	-0.499941	 0.397292	-0.204814	-0.995811	-0.499677	-0.514669	-0.120879	 0.376151	-0.467004	-0.499075	-0.447183
-0.499802	-0.499941	 0.400810	-0.012888	-0.994063	-0.499677	-0.517203	-0.323461	 0.438041	-0.467004	-0.499082	-0.447183
-0.499802	-0.499941	 0.402569	 0.083075	-0.992318	-0.499677	-0.518026	-0.424316	 0.468986	-0.467004	-0.499085	-0.447183
-0.499802	-0.499941	 0.403448	 0.131056	-0.990576	-0.499677	-0.017995	-0.474307	-0.015542	-0.467004	-0.499087	-0.447183
-0.499802	-0.499941	 0.403888	 0.155047	-0.988838	-0.499677	 0.232021	-0.498868	-0.257288	-0.467004	-0.499088	-0.447183
-0.499802	-0.499941	 0.404108	 0.167042	-0.987102	-0.499677	-0.142971	-0.010714	 0.121839	-0.467004	-0.499088	-0.447183
-0.499802	-0.499941	 0.404218	 0.173040	-0.985369	-0.499677	-0.330025	 0.233363	 0.310884	-0.467004	-0.499089	-0.447183
-0.499802	-0.499941	 0.404273	-0.323961	-0.983640	-0.499677	-0.423111	 0.355401	 0.405407	-0.467004	-0.499089	-0.447183
-0.499802	-0.499941	 0.404300	-0.571626	-0.981913	-0.499677	-0.469213	 0.416421	 0.452668	-0.467004	-0.499089	-0.447183
-0.499802	-0.499941	 0.404314	-0.194624	-0.980190	-0.499677	-0.491824	 0.446930	 0.476298	-0.467004	-0.499089	-0.447183
-0.499802	-0.499941	 0.404321	-0.006123	-0.978469	-0.499677	-0.502690	 0.462185	 0.488114	-0.467004	-0.499089	-0.447183
-0.499802	-0.499941	 0.404324	-0.411872	-0.976752	-0.499677	-0.507685	 0.469813	 0.494021	-0.467004	-0.499089	-0.447183
-0.499802	-0.499941	 0.404326	-0.613915	-0.975037	-0.499677	-0.509744	 0.473626	 0.496975	-0.467004	-0.499089	-0.447183
-0.499802	-0.499941	 0.404327	-0.714105	-0.973326	-0.499677	-0.510337	 0.475533	 0.498452	-0.467004	-0.499089	-0.447183
-0.499802	-0.499941	-0.095673	-0.263371	-0.971618	-0.499677	-0.510198	 0.476487	 0.499191	-0.467004	 0.000911	-0.447183
-0.499802	-0.499941	-0.345087	-0.038004	-0.969912	-0.499677	-0.509692	 0.476963	 0.499560	-0.467004	 0.250425	-0.447183
-0.499802	-0.499941	 0.030789	 0.074680	-0.968210	-0.499677	-0.509005	 0.477202	 0.499744	-0.467004	-0.124818	-0.447183
-0.499802	-0.499941	 0.218728	 0.131022	-0.966510	-0.499677	-0.508227	 0.477321	 0.499837	-0.467004	-0.311954	-0.447183
-0.499802	-0.499941	 0.312697	 0.159192	-0.964814	-0.499677	-0.507405	 0.477380	 0.499883	-0.467004	 0.094478	 0.052817
-0.499802	-0.499941	 0.359681	 0.173278	-0.963120	-0.499677	-0.506562	 0.477410	 0.499906	-0.467004	 0.297207	 0.302227
 0.000198	-0.499941	 0.383174	 0.180321	-0.961430	-0.499677	-0.505708	 0.477425	 0.499918	-0.467004	-0.101428	-0.073658
 0.249681	-0.499941	 0.394920	 0.183842	-0.959742	-0.499677	-0.504850	 0.477433	 0.499923	-0.467004	-0.300260	-0.261600
 0.374422	-0.499941	 0.400793	 0.185603	-0.958058	-0.499677	-0.503991	 0.477436	 0.499926	-0.467004	-0.399676	-0.355571
-0.063208	 0.000059	 0.403729	 0.186483	-0.956376	-0.499677	-0.003132	 0.477438	 0.499928	-0.467004	 0.050616	 0.097443
-0.281504	 0.249564	 0.405198	 0.186923	-0.954697	-0.499677	 0.247298	 0.477439	 0.499928	-0.467004	 0.275276	 0.323363
 0.109348	 0.374317	 0.405932	 0.187143	-0.953022	 0.000323	 0.372512	 0.477439	 0.499929	-0.467004	 0.387605	 0.435735
 0.304256	 0.436693	 0.406299	 0.187253	-0.951349	 0.249852	 0.435120	 0.477440	 0.499929	-0.467004	 0.443770	 0.491337
 0.401710	-0.032119	 0.406482	 0.187308	-0.949679	 0.374616	 0.966423	 0.977440	 0.499929	 0.032996	 0.471853	 0.518553
 0.450437	-0.266029	 0.406574	 0.187336	-0.948012	 0.436999	 1.230797	 1.226214	 0.499929	 0.282404	 0.485894	 0.531578
 0.474801	 0.117016	 0.406620	 0.187350	-0.446348	 0.468190	 0.861707	 1.349377	 0.499929	 0.406518	 0.492915	 0.537509
 0.486983	 0.308044	 0.406643	 0.187356	-0.195516	 0.483785	 0.677162	 1.409737	 0.499929	 0.467985	 0.496425	 0.539894
 0.493073	 0.403557	 0.406655	 0.187360	-0.070100	 0.491583	 0.584889	 1.438697	 0.499929	 0.498131	 0.498180	 0.540507
 0.496119	 0.451314	 0.906660	 1.187362	 0.492608	 0.995482	 0.538753	 1.451959	 0.499929	 0.512617	 0.499058	 0.540236
 0.497642	 0.475192	 1.155281	 1.685135	 0.773036	 1.246019	 0.515685	 1.457375	 0.499929	 0.519275	 0.499496	 0.539524
 0.498403	 0.487132	 1.278213	 1.931799	 2.912325	 2.369878	 2.004151	 2.458869	 1.499929	 1.022019	 1.499716	 1.038592
 0.498784	 0.493101	 1.338302	 2.052913	 3.977536	 2.928517	 2.745402	 2.956744	 1.997342	 1.271698	 1.997398	 1.286484
 0.498974	 1.496086	 1.866973	 3.611256	 8.005716	 3.204553	 3.113051	 2.702816	 1.743466	 1.394848	 1.743817	 0.908791
 0.499069	 1.995104	 2.128955	 4.385164	 10.009245	 3.339292	 3.293904	 2.573819	 1.614986	 1.454737	 1.615579	 0.719377
 0.999117	 2.742144	 2.257597	 4.766864	 16.500467	 4.903390	 3.381364	 6.507293	 4.049207	 1.982999	 2.050016	 1.124104
 1.247589	 3.112208	 2.319574	 4.952472	 19.725900	 5.679347	 3.422132	 8.465366	 5.259607	 2.244341	 2.264822	 1.324835
 1.370276	 3.293793	 2.348222	 5.040044	 21.318474	 6.061246	 3.439560	 9.435754	 5.858111	 2.372230	 2.369817	 1.423571
 1.430075	 3.381144	 2.360212	 6.078609	 22.594653	 4.746127	 3.445322	 5.912313	 3.650679	 2.433397	 1.919912	 0.971313
 1.458432	 3.421386	 2.363876	 6.590644	 23.211793	 4.085336	 3.445257	 4.148611	 2.545470	 2.461210	 1.693532	 0.744629
 1.471072	 3.438079	 2.363382	 7.339429	 23.999451	 4.251715	 3.442284	 3.264781	 1.991374	 2.472352	 1.578917	 0.630734
 1.475856	 3.443005	 2.360814	 7.705586	 24.371526	 4.330744	 3.437860	 2.820890	 1.712839	 2.475165	 1.520188	 0.573235
 1.476715	 3.442054	 2.357213	 8.380445	 24.035848	 4.366105	 3.432717	 2.596972	 1.572087	 2.473820	 1.489404	 1.043934
 1.475616	 3.438171	 2.353101	 8.708654	 23.847209	 4.379640	 3.427220	 2.483044	 1.500229	 2.470401	 1.472596	 1.277666
 1.473540	 3.432829	 2.348737	 8.363557	 22.732126	 4.382270	 3.421550	 2.424115	 1.962822	 2.465952	 1.462779	 1.392918
 1.470979	 3.426765	 2.344252	 8.182844	 22.155613	 4.379455	 3.415798	 2.392687	 2.191608	 2.460993	 1.456459	 1.448933
 1.468178	 3.420345	 2.339711	 8.084339	 21.848418	 4.373925	 3.410011	 2.375014	 2.303495	 2.455786	 1.451891	 1.475333
 1.465261	 3.413755	 2.335146	 7.526955	 19.675916	 4.367046	 3.404212	 2.864222	 1.856939	 1.950461	 1.448202	 0.986929
 1.462289	 3.407087	 2.330575	 7.241166	 18.574303	 4.359500	 3.398410	 3.106043	 1.632201	 1.696194	 1.444955	 0.742727
 0.959293	 3.400386	 2.326004	 7.091189	 18.008163	 3.851628	 3.392613	 2.724176	 1.518376	 1.567458	 0.941931	 0.620626
 0.707794	 3.393675	 2.321438	 7.009133	 17.709785	 3.594543	 3.386823	 2.531299	 1.460009	 1.501493	 0.690420	 0.559576
 1.082045	 2.886966	 2.316878	 5.461051	 13.045315	 2.962857	 2.881042	 2.432920	 1.429375	 0.966916	 0.564664	 0.529050
 1.267663	 2.631255	 2.312327	 4.683026	 10.705725	 2.644818	 2.626123	 2.381793	 1.412610	 0.699627	 0.501786	 0.513788
 0.858968	 1.501047	 1.807785	 2.790037	 6.528588	 1.983608	 1.996639	 1.854296	 0.902783	 0.565983	 0.470347	 0.506156
 0.654621	 0.935943	 1.554233	 1.842629	 4.437956	 1.651757	 1.680730	 1.589447	 0.647869	 0.499161	 0.454627	 0.502341
 0.552447	 0.653391	 1.426179	 1.368013	 3.390579	 1.484588	 1.521611	 1.455923	 0.520412	 0.465750	 0.446768	 0.500433
 0.001360	 0.512115	 0.860877	 0.629796	 1.864835	 0.899763	 1.440888	 0.888064	 0.456684	-0.050956	-0.057162	-0.000521
-0.273614	 0.441477	 0.578226	 0.260687	 1.101962	 0.607350	 1.399365	 0.604134	 0.424820	-0.308678	-0.308582	-0.250462
 0.089466	 0.406158	 0.436901	-0.423867	-0.279474	 0.461144	 0.877444	 0.462169	 0.408888	 0.063090	 0.066251	-0.374898
 0.271006	 0.388499	 0.366238	-0.765016	-0.968734	 0.388041	 0.616484	 0.391187	 0.400922	 0.248974	 0.253668	-0.437117
 0.361777	 0.379669	 0.330907	-0.934464	-1.311909	 0.851490	 0.486004	 0.855696	 0.896939	 0.341916	 0.347377	 0.031774
 0.407162	 0.375254	 0.313241	-1.018064	-1.482044	 1.081975	 0.420764	 1.086855	 1.143505	 0.388387	 0.394231	 0.265685
-0.070146	-0.126953	 0.304408	-1.058742	-1.565662	 0.195982	 0.388144	 0.701340	 0.265350	-0.088378	-0.082342	-0.117360
-0.308233	-0.377434	 0.299992	-1.077961	-1.606023	-0.246365	 0.371834	 0.508583	-0.173094	-0.326132	-0.320086	-0.308347
-0.426711	-0.502053	 0.297784	-1.086454	-1.624759	-0.466889	 0.363679	 0.412205	-0.391682	-0.444383	-0.438416	-0.403841
 0.014614	-0.563742	 0.296679	-1.089585	-2.132684	-0.576504	 0.359601	 0.364016	-0.000345	-0.502884	-0.497041	-0.451588
 0.235277	-0.593967	 0.296127	-1.090038	-2.384330	-0.630666	 0.357562	 0.339921	 0.195324	-0.531511	-0.525813	-0.475462
-0.154392	-0.608461	 0.295851	-1.089154	-2.507839	-0.657101	-0.643457	-0.172126	-0.206842	-0.545202	-0.539661	-0.487398
-0.348663	-0.615092	 0.295713	-1.087604	-2.567284	-0.669675	-1.142563	-0.427582	-0.407295	-0.551427	-0.546048	-0.493367
-0.445237	-0.617791	 0.295644	-1.085723	-2.594702	-0.675320	-0.390714	-0.054744	-0.506892	-0.553920	-0.548705	-0.496351
-0.492963	-0.618527	 0.295610	-1.083679	-2.606109	-0.677501	-0.014790	 0.131676	-0.556063	-0.554549	-0.549498	-0.497843
-0.516266	-0.618281	 0.295593	-1.081556	-2.609516	-0.677951	 0.173172	 0.224886	-0.080022	-0.554247	-0.549360	-0.498589
-0.527359	-0.617547	 0.295584	-1.079395	-2.608926	-0.677537	 0.267153	 0.271490	 0.157999	-0.553480	-0.548758	-0.498962
-0.532349	-0.616569	 0.295580	-1.077218	-2.606342	-0.676692	 0.314144	 0.294793	 0.277009	-0.552483	-0.547924	-0.499149
-0.534287	-0.615470	 0.295577	-1.075034	-2.602764	-0.675634	-0.162361	 0.306444	 0.336514	-0.551372	-0.546976	-0.499242
-0.534701	-0.614312	 0.295576	-1.072850	-2.598695	-0.674469	-0.400068	 0.312270	 0.366267	-0.550206	-0.545972	-0.499289
-0.534354	-0.613127	 0.295576	-1.070668	-2.094383	-0.673252	-0.018377	 0.315182	-0.118857	-0.549012	-0.544941	-0.499312
-0.533628	-0.611928	 0.295576	-1.068489	-1.840831	-0.672011	 0.172469	 0.316639	-0.360794	-0.547807	-0.543897	-0.499324
-0.032714	-0.610724	 0.295575	-1.066314	-2.212663	-0.670759	-0.232108	 0.317367	 0.018862	-0.546598	-0.042848	-0.499329
 0.217744	-0.609518	 0.295575	-1.064142	-2.396310	-0.669502	-0.433853	 0.317731	 0.208690	-0.545387	 0.207676	-0.499332
-0.157028	-0.608313	 0.295575	-0.561975	-1.985870	-0.668244	-0.034183	-0.182087	 0.303604	-0.544178	-0.167062	-0.499334
-0.343863	-0.607109	 0.295575	-0.310892	-1.779267	-0.666987	 0.165652	-0.431430	 0.351061	-0.542970	-0.353904	-0.499334
-0.436731	-0.605907	 0.295575	-0.185350	-1.674585	-0.665732	 0.265569	-0.555537	 0.374789	-0.541764	-0.446801	-0.499335
-0.482617	-0.604708	 0.295575	-0.122579	-2.120866	-1.164478	 0.315528	-0.117026	 0.386653	-0.540561	-0.492725	-0.499335
-0.505013	-0.603510	 0.295575	-0.091194	-2.341754	-1.412285	 0.340507	 0.102229	 0.392585	-0.539361	-0.515164	-0.499335
-0.515665	-0.602315	 0.295575	-0.575501	-2.449949	-1.034624	 0.352997	 0.211857	-0.104449	-1.038163	-0.025861	-0.499335
-0.520447	-0.601123	 0.295575	-0.816576	-2.501801	-0.845176	 0.359242	 0.266671	-0.352343	-1.285857	 0.218790	-0.499335
-0.022294	-0.599932	 0.295575	-0.936036	-2.025486	-0.749834	 0.362364	 0.294078	 0.024331	-0.908000	 0.341115	-0.499335
 0.226783	-0.598744	 0.295575	-0.994691	-1.785969	-0.701546	 0.363926	 0.307781	 0.212668	-0.718484	 0.402278	-0.499335
-0.148679	-0.597559	 0.295575	-1.022946	-1.664853	-0.676787	 0.364706	 0.314633	 0.306837	-0.623138	 0.432860	 0.000665
-0.335867	-0.596375	 0.295575	-1.036003	-1.602941	-0.663794	 0.365096	 0.318059	 0.353921	-0.574878	 0.448150	 0.250130
-0.428920	-0.595194	 0.295575	-1.041464	-1.570632	-0.656684	 0.365292	 0.319772	 0.377463	-0.550164	 0.455796	 0.374863
 0.025094	-0.594016	 0.295575	-1.043128	-1.553127	-0.652517	 0.365389	 0.320628	 0.389234	-0.537223	 0.459618	 0.437229
 0.252101	-0.592839	 0.295575	-1.042896	-1.543028	-0.649823	 0.365438	 0.321056	 0.395120	-0.530171	 0.461530	 0.468412
-0.134396	-0.591665	 0.295575	-1.041719	-1.536632	-0.647867	 0.365462	 0.321270	 0.398062	-0.526063	-0.037515	-0.015996
-0.327105	-0.590494	 0.295575	-1.040070	-1.532092	-0.646280	 0.365475	 0.321377	 0.399534	-0.523430	-0.286516	-0.257666
 0.077079	-0.589324	 0.295575	-1.038189	-2.028481	-0.644880	-0.134519	 0.321431	-0.099731	-0.521535	-0.410496	-0.378501
 0.279170	-0.588157	 0.295575	-1.036193	-2.274459	-0.643573	-0.383975	 0.321458	-0.348743	-0.520010	-0.471968	-0.438918
 0.380216	-0.586993	 0.295575	-1.034142	-1.895237	-0.642315	-0.008161	 0.321471	 0.027370	-0.518672	-0.502185	-0.469127
 0.430739	-0.585830	 0.295575	-1.032065	-1.704295	-0.641083	 0.179745	 0.321478	 0.215426	-0.517428	-0.516777	-0.484231
 0.456001	-0.584670	 0.295575	-1.029978	-1.607496	-0.639863	 0.273698	 0.321481	 0.309454	-0.516233	-0.523557	-0.491784
-0.031369	-0.583512	 0.295575	-1.027888	-2.057770	-0.638652	 0.320675	-0.178517	 0.356468	-0.515064	-0.526432	-0.495560
-0.274516	-0.582357	 0.295575	-1.025798	-2.280707	-0.637447	 0.344163	-0.427953	 0.379976	-0.513908	-0.527356	-0.497448
-0.395554	-0.581204	 0.295575	-1.023711	-2.389978	-0.636244	 0.355908	-0.052109	 0.391729	-0.512761	-0.527305	-0.498392
-0.455539	-0.580053	 0.295575	-1.021627	-2.442420	-0.635045	 0.361780	 0.135813	 0.397606	-0.511619	-0.526767	-0.498864
-0.484997	-0.578904	 0.295575	-1.019547	-2.466451	-0.633849	-0.135284	 0.229774	-0.099456	-0.510481	-0.525988	-0.499100
-0.499194	-0.577758	 0.295575	-1.017471	-2.476281	-0.632654	-0.383276	 0.276754	-0.347369	-0.509347	-0.525088	-0.499218
-0.505761	-0.576613	 0.295575	-1.015399	-1.979014	-0.631463	-0.506733	 0.300244	 0.029290	-0.508215	-0.524129	-0.499277
-0.508514	-0.575472	 0.295575	-1.013331	-1.729080	-0.630273	-0.567924	 0.311989	 0.217620	-0.507086	-0.523141	-0.499306
-0.509362	-0.574332	 0.295575	-1.011268	-1.602815	-0.629086	-0.597982	 0.317862	 0.311785	-0.505959	-0.522141	-0.499321
-0.509257	-0.573195	 0.295575	-1.009208	-2.038387	-0.627901	-0.612475	-0.179202	-0.141133	-0.504835	-0.521134	-0.499328
-0.508678	-0.572060	 0.295575	-1.007153	-2.254002	-0.626718	-0.619186	-0.427172	-0.366977	-0.503714	-0.520126	-0.499332
-0.507863	-0.570927	 0.295575	-1.005102	-2.359641	-0.625538	-0.122008	-0.050598	-0.479285	-0.502595	-0.519118	-0.499334
-0.506930	-0.569796	 0.295575	-1.003055	-2.410298	-0.624359	 0.126582	 0.137690	-0.534827	-0.501479	-0.518111	-0.499335
-0.505940	-0.568668	 0.295575	-1.001012	-2.433466	-0.623183	-0.249123	-0.268166	-0.061987	-0.500365	-0.517105	-0.499335
-0.504922	-0.567542	 0.295575	-0.998974	-2.442894	-0.622009	-0.436443	-0.470535	 0.174433	-0.499808	-0.516101	-0.499336
-0.503892	-0.566418	 0.295575	-0.496939	-2.445456	-0.620838	-0.529570	-0.071161	 0.292643	-0.499529	-0.515099	-0.499336
-0.502856	-0.565296	 0.295575	-0.245922	-2.444589	-0.619668	-0.575602	 0.128526	 0.351748	-0.499390	-0.514099	-0.499336
-0.501819	-0.564177	 0.295575	-0.620413	-1.942010	-0.618501	-0.098087	 0.228369	 0.381301	-0.499321	-0.513100	-0.499336
-0.500782	-0.563059	 0.295575	-0.806646	-1.689458	-0.617336	 0.140670	 0.278291	 0.396077	-0.499286	-0.512104	-0.499336
-0.500264	-0.561944	 0.295575	-0.898751	-1.561921	-0.616173	 0.260049	 0.303252	 0.403465	-0.499268	-0.511109	-0.499336
-0.500004	-0.560832	 0.295575	-0.943795	-1.996893	-0.615012	 0.319739	-0.184268	 0.407159	-0.499260	-0.510117	-0.499336
-0.499875	-0.559721	 0.295575	-0.965310	-2.212245	-0.613854	 0.349583	-0.427470	 0.409006	-0.499255	-0.509126	-0.499336
-0.499810	-0.558613	 0.295575	-0.975063	-1.817791	-0.612698	 0.364506	-0.548515	 0.409930	-0.499253	-0.508138	-0.499336
-0.499778	-0.557506	 0.295575	-0.978936	-1.619314	-0.611543	 0.371967	-0.608482	 0.410392	-0.499252	-0.507151	-0.499336
-0.499761	-0.556402	 0.295575	-0.479872	-1.518829	-0.610391	 0.375697	-0.137911	 0.410623	-0.499252	-0.506166	-0.499336
-0.499753	-0.555301	 0.295575	-0.230340	-1.467342	-0.609242	 0.377563	 0.097375	 0.410738	-0.499251	-0.505183	-0.499336
-0.499749	-0.554201	 0.295575	-0.605574	-1.440355	-0.608094	-0.121505	-0.284982	-0.089204	-0.499251	-0.504202	-0.499336
-0.499747	-0.553103	 0.295575	-0.792193	-1.425622	-0.606949	-0.370509	-0.475607	-0.338566	-0.499251	-0.503223	-0.499336
-0.499746	-0.552008	 0.295575	-0.884505	-1.417017	-0.605805	-0.494482	-0.570367	-0.462638	-0.499251	-0.502245	-0.499336
-0.499746	-0.550915	 0.295575	-0.929667	-1.411478	-0.604664	-0.555940	-0.617195	-0.024067	-0.499251	-0.501270	-0.499336
-0.499745	-0.549824	 0.295575	-0.951255	-1.407475	-0.603525	-0.586142	-0.640057	 0.195219	-0.499251	-0.500297	-0.499336
-0.499745	-0.548735	 0.295575	-0.961058	-1.904242	-0.602388	-0.100717	-0.150939	 0.304862	-0.499251	-0.499810	-0.499336
-0.499745	-0.547649	 0.295575	-0.964971	-2.150518	-0.601254	 0.141995	 0.093620	 0.359683	-0.499251	-0.499567	-0.499336
-0.499745	-0.546564	 0.295575	-0.965941	-2.271553	-0.600121	-0.236648	 0.215900	 0.387094	-0.499251	-0.499445	-0.499336
-0.499745	-0.545482	 0.295575	-0.965442	-2.329970	-0.598991	-0.425445	 0.277040	 0.400799	-0.499251	-0.499384	-0.499336
-0.499745	-0.544402	 0.295575	-0.964210	-2.357083	-0.597862	-0.519319	 0.307610	-0.092348	-0.499251	-0.499354	-0.499336
-0.499745	-0.543323	 0.295575	-0.962613	-2.368547	-0.596736	-0.565732	 0.322895	-0.338316	-0.499251	-0.499338	-0.499336
-0.499745	-0.542248	 0.295575	-0.960836	-2.372190	-0.595612	-0.588416	 0.330537	-0.460695	-0.499251	-0.499331	-0.499336
-0.499745	-0.541174	 0.295575	-0.958971	-2.371926	-0.594490	-0.099237	-0.165642	-0.521281	-0.499251	-0.499327	-0.499336
-0.499745	-0.540102	 0.295575	-0.957064	-2.369713	-0.593370	 0.145353	-0.413182	-0.550971	-0.499251	-0.499325	-0.499336
-0.499745	-0.539033	 0.295575	-0.955138	-1.866529	-0.592253	-0.232352	-0.536404	-0.065216	-0.499251	-0.499324	-0.499336
-0.499745	-0.537965	 0.295575	-0.953204	-1.613740	-0.591137	-0.420684	-0.597467	 0.177662	-0.499251	-0.499324	-0.499336
-0.499745	-0.536900	 0.295575	-0.451268	-1.986152	-0.590024	-0.514330	-0.627453	-0.200899	-0.499251	-0.499323	-0.499336
-0.499745	-0.535837	 0.295575	-0.200301	-2.170287	-0.588912	-0.560633	-0.641900	-0.389580	-0.499251	-0.499323	-0.499336
-0.499745	-0.534775	 0.295575	-0.574817	-1.760289	-0.587803	-0.583267	-0.148579	 0.016678	-0.999251	-0.499323	-0.499336
-0.499745	-0.533716	 0.295575	-0.761108	-1.554105	-0.586696	-0.594067	 0.098082	 0.219807	-1.247586	-0.499323	-0.499336
-0.499745	-0.532660	 0.295575	-0.853289	-1.449829	-0.585590	-0.598950	 0.221412	 0.321372	-1.370092	-0.499323	-0.499336
-0.499745	-0.531605	 0.295575	-0.898417	-1.896511	-1.084487	-0.600876	-0.216923	-0.127846	-0.929687	-0.499323	-0.499336
-0.499745	-0.530552	 0.295575	-0.920020	-2.117795	-1.332445	-0.601325	-0.435547	-0.351857	-0.709485	-0.499323	-0.499336
-0.499745	-0.529501	 0.295575	-0.929863	-2.226385	-1.454935	-0.601035	-0.044316	 0.036733	-0.599384	-0.499323	-0.499336
-0.499745	-0.528453	 0.295575	-0.933827	-2.278630	-1.514694	-0.600378	 0.151300	 0.231028	-0.544333	-0.499323	-0.499336
-0.499745	-0.527406	-0.204425	-0.934855	-2.302707	-1.043091	-0.599537	-0.250893	 0.328176	-0.516808	-0.499323	-0.499336
-0.499745	-0.526362	-0.453733	-0.934415	-2.312704	-0.806751	-0.598605	-0.451447	 0.376749	-0.503045	-0.499323	-0.499336
-0.499745	-0.525320	-0.077696	-0.433245	-1.815664	-0.688044	-0.597629	-0.051183	-0.098964	-0.496164	-0.499323	-0.499336
-0.499745	-0.524279	 0.110322	-0.182659	-1.565986	-0.628154	-0.596632	 0.148949	-0.336226	-0.492723	-0.499323	-0.499336
-0.499745	-0.523241	 0.204332	-0.057367	-1.439992	-0.597674	-0.595625	 0.249015	-0.454263	-0.491003	-0.499323	-0.499336
-0.499745	-0.522205	 0.251336	 0.005280	-1.875842	-0.581900	-0.094613	-0.200952	-0.012689	-0.490143	-0.499323	-0.499336
-0.499745	-0.521171	 0.274838	 0.036603	-2.091738	-0.573479	 0.155892	-0.425395	 0.208098	-0.489713	-0.499323	-0.499336
-0.499745	-0.520139	 0.286590	-0.447736	-2.197661	-0.568737	-0.218855	-0.537078	 0.318491	-0.489498	-0.499323	-0.499336
-0.499745	-0.519109	 0.292465	-0.688956	-2.248601	-0.565835	-0.405722	-0.592381	 0.373688	-0.489390	-0.499323	-0.499336
-0.499745	-0.518081	 0.295403	-0.808619	-2.272053	-0.563853	-0.498649	-0.619495	 0.401286	-0.489336	-0.499323	-0.499336
-0.499745	-0.517055	 0.296872	-0.867505	-2.281764	-0.562333	-0.544608	-0.632515	 0.415085	-0.489309	-0.499323	-0.499336
-0.499745	-0.516031	 0.297606	-0.896005	-1.784608	-0.561045	-0.567083	-0.138490	-0.078015	-0.489296	-0.499323	-0.499336
-0.499745	-0.515009	 0.297973	-0.909313	-1.534901	-0.559874	-0.577817	 0.108523	-0.323974	-0.489289	-0.499323	-0.499336
-0.499745	-0.513989	 0.298157	-0.915028	-1.408919	-0.558762	-0.582682	 0.232029	-0.446364	-0.489286	-0.499323	-0.499336
-0.499745	-0.512971	 0.298249	-0.416948	-1.344802	-0.557681	-0.584613	 0.293782	-0.006970	-0.489284	-0.499323	-0.499336
-0.499745	-0.511955	 0.298295	-0.167908	-1.311620	-0.556616	-0.585077	 0.324659	 0.212727	-0.489283	-0.499323	-0.499336
-0.499745	-0.510942	 0.298318	-0.043388	-1.293907	-0.555560	-0.584810	-0.159903	-0.177424	-0.489283	-0.499323	-0.499336
-0.499745	-0.509930	 0.298329	 0.018872	-1.283930	-0.554510	-0.584177	-0.401649	-0.371913	-0.489283	-0.499323	-0.499336
-0.499745	-0.508920	 0.298335	 0.050002	-1.777824	-0.553464	-0.583362	-0.021988	 0.031429	-0.489283	-0.499323	-0.499336
-0.499745	-0.507912	 0.298338	 0.065567	-2.022777	-0.552421	-0.582458	 0.167842	 0.233100	-0.489283	-0.499323	-0.499336
-0.499745	-0.506906	-0.201661	-0.426650	-1.643263	-1.051380	-0.081509	 0.262757	 0.333936	-0.489283	-0.499323	-0.499336
-0.499745	-0.505903	-0.450971	-0.671823	-1.452397	-1.299399	 0.168966	 0.310215	 0.384354	-0.489283	-0.499323	-0.499336
-0.499745	-0.504901	-0.574938	-0.793476	-1.355857	-1.421951	 0.294203	 0.333944	 0.409563	-0.489283	-0.499323	-0.499336
-0.499745	-0.503901	-0.136235	-0.353371	-1.806482	-0.981773	 0.356821	 0.345808	 0.422167	-0.489283	-0.499323	-0.499336
-0.499745	-0.502903	 0.083117	-0.133318	-2.029814	-0.761173	 0.388131	 0.351740	 0.428469	-0.489283	-0.499323	-0.499336
-0.499745	-0.501907	 0.192793	-0.523292	-1.639502	-1.150364	-0.096215	 0.354706	-0.068380	-0.489283	-0.499323	-0.499336
-0.499745	-0.500913	 0.247630	-0.717349	-1.443250	-1.343510	-0.337892	 0.356189	-0.316219	-0.489283	-0.499323	-0.499336
-0.499745	-0.500416	 0.275049	-0.813449	-1.844029	-0.938636	-0.458235	-0.143069	-0.439555	-0.489283	-0.499323	-0.499336
-0.499745	-0.500168	 0.288759	-0.860573	-2.042449	-0.735696	-0.517913	-0.392165	-0.500640	-0.489283	-0.499323	-0.499336
-0.499745	-0.500044	 0.295614	-0.383211	-2.139692	-0.633724	-0.547259	-0.516181	-0.030601	-0.489283	-0.499323	-0.499336
-0.499745	-0.499982	 0.299041	-0.144530	-2.186351	-0.582237	-0.561440	-0.577658	 0.204418	-0.489283	-0.499323	-0.499336
-0.499745	-0.499950	 0.300755	-0.025189	-2.207720	-0.555994	-0.568039	-0.607866	 0.321928	-0.489283	-0.499323	-0.499336
-0.499745	-0.499935	-0.198388	 0.034481	-1.716448	-0.542373	-0.070847	-0.122441	 0.380683	-0.489283	-0.499323	-0.499336
-0.499745	-0.499927	-0.447275	 0.064316	-1.469737	-0.535065	 0.177748	 0.120272	 0.410060	-0.489283	-0.499323	-0.499336
-0.499745	-0.499923	-0.071034	 0.079234	-1.345309	-0.530914	 0.302046	 0.241628	 0.424749	-0.489283	-0.499323	-0.499336
-0.499745	-0.499921	 0.117086	 0.086693	-1.282023	-0.528342	 0.364195	 0.302306	 0.432093	-0.489283	-0.499323	-0.499336
-0.499745	-0.499920	-0.788854	-0.409578	-1.249310	-0.526561	 0.395269	 0.332645	-0.064235	-0.489283	-0.499323	-0.499336
-0.499745	-0.499920	-1.240158	-0.656791	-1.231886	-0.525176	 0.410806	 0.347815	-0.311819	-0.489283	-0.499323	-0.499336
-0.499745	-0.499920	-0.464149	-0.779477	-1.222108	-0.523991	 0.418575	 0.355400	 0.064969	-0.489283	-0.499323	-0.499336
-0.499745	-0.499920	-0.076145	-0.839901	-1.216155	-0.522905	 0.422459	 0.359192	 0.253362	-0.489283	-0.499323	-0.499336
-0.499745	-0.499919	 0.117858	-0.869197	-1.212117	-0.521871	 0.424402	 0.361088	 0.347559	-0.489283	-0.499323	-0.499336
-0.499745	-0.499919	-0.285141	-0.882929	-1.709037	-0.520864	 0.425373	 0.362036	 0.394657	-0.489283	-0.499323	-0.499336
-0.499745	-0.499919	-0.485965	-0.888883	-1.955562	-0.519870	 0.425858	 0.362511	 0.418207	-0.489283	-0.499323	-0.499336
-0.499745	-0.499919	-0.585702	-0.890948	-1.576891	-1.018885	-0.073899	-0.137252	 0.429981	-0.489283	-0.499323	-0.499336
-0.499745	-0.499919	-0.634897	-0.891072	-1.386504	-1.266962	-0.323288	-0.386605	 0.435868	-0.489283	-0.499323	-0.499336
-0.499745	-0.499919	-0.158822	-0.890226	-1.290261	-0.889574	-0.447493	-0.010754	 0.438812	-0.489283	-0.499323	-0.499336
-0.499745	-0.499919	 0.079215	-0.888897	-1.241092	-0.700398	-0.509108	 0.177171	 0.440284	-0.489283	-0.499323	-0.499336
-0.499745	-0.499919	 0.198234	-0.387329	-1.715461	-0.605328	-0.539428	-0.228866	 0.441020	-0.489283	-0.499323	-0.499336
-0.499745	-0.499919	 0.257743	-0.136545	-1.950724	-0.557313	-0.554102	-0.431358	 0.441388	-0.489283	-0.499323	-0.499336
-0.499745	-0.499919	 0.287497	-0.011153	-2.066437	-0.532825	-0.560953	-0.532077	 0.441572	-0.489283	-0.499323	-0.499336
-0.499745	-0.499919	-0.697625	-0.448457	-2.122378	-0.520103	-0.063894	-0.581912	-0.058336	-0.489283	-0.499323	-0.499336
-0.499745	-0.499919	-1.188533	-0.666207	-2.148437	-0.513264	 0.184636	-0.606306	-0.307712	-0.489283	-0.499323	-0.499336
-0.499745	-0.499919	-0.432338	-0.774182	-2.159558	-0.509367	-0.191100	-0.117979	-0.431824	-0.489283	-0.499323	-0.499336
-0.499745	-0.499919	-0.054240	-0.827272	-2.163213	-0.506943	-0.378483	 0.126184	-0.493304	-0.489283	-0.499323	-0.499336
-0.499745	-0.499919	-0.365191	-0.352920	-1.663139	-0.505256	-0.471692	-0.251734	-0.023470	-0.489283	-0.499323	-0.499336
-0.499745	-0.499919	-0.520002	-0.115744	-1.412082	-0.503938	-0.517814	-0.440171	 0.211447	-0.489283	-0.499323	-0.499336
-0.499745	-0.499919	-0.096745	 0.002844	-1.285534	-0.502805	-0.540394	-0.533867	 0.328905	-0.489283	-0.499323	-0.499336
-0.499745	-0.499919	 0.114884	 0.062138	-1.221243	-0.501767	-0.551203	-0.580195	 0.387635	-0.489283	-0.499323	-0.499336
-0.499745	-0.499919	-0.279302	-0.408215	-1.188082	-0.500776	-0.556128	-0.602839	 0.416999	-0.489283	-0.499323	-0.499336
-0.499745	-0.499919	-0.475733	-0.642497	-1.170488	-0.500280	-0.558111	-0.613642	 0.431682	-0.489283	-0.499323	-0.499336
-0.499745	-0.499919	-0.573288	-0.758745	-1.160679	-0.500032	-0.558625	-0.618525	 0.439023	-0.489283	-0.499323	-0.499336
-0.499745	-0.499919	-0.121407	-0.315978	-1.154765	-0.499909	-0.558404	-0.120450	 0.442693	-0.489283	-0.499323	-0.499336
-0.499745	-0.499919	 0.104534	-0.094595	-1.150799	-0.499847	-0.557817	 0.128588	 0.444529	-0.489283	-0.499323	-0.499336
-0.499745	-0.499919	 0.217504	 0.016097	-1.647810	-0.499816	-0.057048	-0.246893	 0.445446	-0.489283	-0.499323	-0.499336
-0.499745	-0.499919	 0.273989	 0.071443	-1.894433	-0.499800	 0.193337	-0.434117	 0.445905	-0.489283	-0.499323	-0.499336
-0.499745	-0.499919	 0.302232	 0.099116	-1.515866	-0.499792	-0.181471	-0.027214	-0.053865	-0.489283	-0.499323	-0.499336
-0.499745	-0.499919	 0.316353	 0.112952	-1.325584	-0.499789	-0.368400	 0.176238	-0.303178	-0.489283	-0.499323	-0.499336
-0.499745	-0.499919	-0.176586	-0.380129	-1.729446	-0.499787	-0.461390	-0.222036	 0.072738	-0.489283	-0.499323	-0.499336
-0.499745	-0.499919	-0.422398	-0.625781	-1.929505	-0.499786	-0.507412	-0.420658	 0.260696	-0.489283	-0.499323	-0.499336
-0.499745	-0.499919	-0.544648	-0.747720	-2.027666	-0.499785	-0.529951	-0.519456	 0.354675	-0.489283	-0.499323	-0.499336
-0.499745	-0.499919	-0.605117	-0.807803	-2.074881	-0.499785	-0.540748	-0.568341	-0.098336	-0.489283	-0.499323	-0.499336
-0.499745	-0.499919	-0.634698	-0.836962	-2.096626	-0.499785	-0.545676	-0.592272	-0.324270	-0.489283	-0.499323	-0.499336
-0.499745	-0.499919	-0.648836	-0.850659	-2.105639	-0.499785	-0.547670	-0.603726	 0.063332	-0.989283	-0.499323	-0.499336
-0.499745	-0.499919	-0.655254	-0.856627	-2.108290	-0.499785	-0.548198	-0.608943	 0.257133	-1.237629	-0.499323	-0.499336
-0.499745	-0.499919	-0.657813	-0.858733	-1.607763	-0.499785	-0.547993	-0.611041	-0.145966	-0.860151	-0.499323	-0.499336
-0.499745	-0.499919	-0.658443	-0.858909	-1.356527	-0.499785	-0.547423	-0.611582	-0.346948	-0.671413	-0.499323	-0.499336
-0.499745	-0.499919	-0.158111	-0.358123	-1.729940	-0.499785	-0.046671	-0.611344	-0.446871	-0.577043	-0.499323	-0.499336
-0.499745	-0.499919	 0.092055	-0.107730	-1.914800	-0.499785	 0.203705	-0.610719	-0.496267	-0.529859	-0.499323	-0.499336
-0.499745	-0.499919	 0.217138	 0.017467	-2.005387	-0.499785	 0.328893	-0.609899	-0.520400	-0.506266	-0.499323	-0.499336
-0.499745	-0.499919	-0.220321	-0.419935	-2.048841	-0.499785	-0.108513	-0.608984	-0.531903	-0.494470	-0.499323	-0.499336
-0.499745	-0.499919	-0.438404	-0.637762	-2.068732	-0.499785	-0.326750	-0.608022	-0.537092	-0.488572	-0.499323	-0.499336
-0.499745	-0.499919	-1.046800	-0.745805	-1.576845	-0.999785	-0.435403	-0.107038	-0.039126	-0.485623	-0.499323	-0.499336
-0.499745	-0.499919	-1.349372	-0.798957	-1.329949	-1.248372	-0.489266	 0.143455	 0.209858	-0.484148	-0.499323	-0.499336
-0.499745	-0.499919	-0.999036	-0.324665	-1.205550	-0.871256	-0.515733	 0.268701	 0.334349	-0.983411	-0.499323	-0.499336
-0.499745	-0.499919	-0.823230	-0.087520	-1.142402	-0.682698	-0.528504	 0.331324	 0.396595	-1.231396	-0.499323	-0.499336
-0.499745	-0.499919	-0.734691	 0.031053	-1.109881	-0.588419	-0.534427	-0.137365	-0.072282	-0.853745	-0.499323	-0.499336
-0.499745	-0.499919	-0.689787	 0.090340	-1.092675	-0.541279	-0.536927	-0.371206	-0.306160	-0.664920	-0.499323	-0.499336
-0.499745	-0.499919	-0.666701	 0.119983	-1.083128	-0.517710	-0.537717	-0.487625	-0.422540	-0.570507	-0.499323	-0.499336
-0.499745	-0.499919	-0.654526	 0.134805	-1.077412	-0.505925	-0.537652	-0.545333	-0.480173	-0.523301	-0.499323	-0.499336
-0.499745	-0.499919	-0.647808	 0.142216	-1.073614	-0.500032	-0.537161	-0.573686	-0.508432	-0.499698	-0.499323	-0.499336
-0.499745	-0.499919	-0.643819	-0.354079	-1.070776	-0.497086	-0.036457	-0.587364	-0.022006	-0.487896	-0.499323	-0.499336
-0.499745	-0.499919	-0.641196	-0.601360	-1.068419	-0.495613	 0.213895	-0.593704	 0.221206	-0.481995	-0.499323	-0.499336
-0.499745	-0.499919	-0.639257	-0.224137	-1.066306	-0.494876	-0.160929	-0.596376	 0.342813	-0.479045	-0.499323	-0.499336
-0.499745	-0.499919	-0.637661	-0.035525	-1.064315	-0.494508	-0.347883	-0.597215	 0.403616	-0.477570	-0.499323	-0.499336
-0.499745	-0.499919	-0.636239	 0.058781	-1.062387	-0.494324	-0.440904	-0.597138	-0.065982	-0.476832	-0.499323	-0.499336
-0.499745	-0.499919	-0.634904	 0.105933	-1.060493	-0.494232	-0.486959	-0.596604	-0.300227	-0.476463	-0.499323	-0.499336
-0.499745	-0.499919	-0.633614	 0.129510	-1.058616	-0.494186	-0.509531	-0.595843	-0.416796	-0.476279	-0.499323	-0.499336
-0.499745	-0.499919	-0.632348	-0.358702	-1.556751	-0.994163	-0.520363	-0.094968	 0.025471	-0.476187	-0.499323	-0.499336
-0.499745	-0.499919	-0.631095	-0.601945	-1.804014	-1.242744	-0.525325	 0.155469	 0.246605	-0.476141	-0.499323	-0.499336
-0.499745	-0.499919	-0.129849	-0.222706	-1.925846	-0.865630	-0.527353	-0.219312	 0.357172	-0.976117	-0.499323	-0.499336
-0.499745	-0.499919	 0.120773	-0.033087	-1.984965	-0.677073	-0.527916	-0.406210	 0.412455	-1.224467	-0.499323	-0.499336
-0.499745	-0.499919	 0.246085	 0.061723	-1.512730	-0.582795	-0.527746	-0.499167	 0.440097	-0.847005	-0.499323	-0.499336
-0.499745	-0.499919	 0.308740	 0.109128	-1.275700	-0.535655	-0.527210	-0.545154	 0.453918	-0.658275	-0.499323	-0.499336
-0.499745	-0.499919	-0.159932	 0.132830	-1.156273	-0.512086	-0.026493	-0.567657	 0.460828	-0.563909	-0.499323	-0.499336
-0.499745	-0.499919	-0.393650	 0.144681	-1.095650	-0.500301	 0.223866	-0.578419	 0.464283	-0.516727	-0.499323	-0.499336
-0.499745	-0.499919	-0.509893	 0.150607	-1.064430	-0.494409	 0.349045	-0.583311	 0.466011	-0.493135	-0.499323	-0.499336
-0.499745	-0.499919	-0.067400	 0.153570	-1.547913	-0.491462	-0.088365	-0.085269	-0.033125	-0.481340	-0.499323	-0.499336
-0.499745	-0.499919	 0.153847	 0.155051	-1.787872	-0.489989	-0.306622	 0.163752	-0.282142	-0.475442	-0.499323	-0.499336
-0.499745	-0.499919	-0.235530	-0.344208	-1.406071	-0.489253	-0.415302	 0.288263	-0.406101	-0.472493	-0.499323	-0.499336
-0.499745	-0.499919	-0.429604	-0.592979	-1.214272	-0.488884	-0.469194	 0.350518	-0.467532	-0.471019	-0.499323	-0.499336
-0.499745	-0.499919	-0.026028	-0.716507	-1.117475	-0.488700	-0.495694	-0.118354	 0.002300	-0.470281	-0.499323	-0.499336
-0.499745	-0.499919	 0.175759	-0.777416	-1.068181	-0.488608	-0.508498	-0.352303	 0.237216	-0.469913	-0.499323	-0.499336
-0.499745	-0.499919	-0.223347	-0.807017	-1.042640	-0.488562	-0.514455	 0.031209	-0.145326	-0.469728	-0.499323	-0.499336
-0.499745	-0.499919	-0.422288	-0.820965	-1.028977	-0.488539	-0.516989	 0.222965	-0.336050	-0.469636	-0.499323	-0.499336
-0.499745	-0.499919	-0.521149	-0.827089	-1.021254	-0.488528	-0.517813	 0.318843	-0.430867	-0.469590	-0.499323	-0.499336
-0.499745	-0.499919	-0.569970	-0.829303	-1.516503	-0.488522	-0.517782	-0.133218	-0.477732	-0.469567	-0.499323	-0.499336
-0.499745	-0.499919	-0.593773	-0.829563	-1.762362	-0.488519	-0.517324	-0.358763	-0.500621	-0.469556	-0.499323	-0.499336
-0.499745	-0.499919	-0.605067	-0.828848	-1.883529	-0.988518	-0.516654	-0.471051	-0.511524	-0.969550	-0.499323	-0.499336
-0.499745	-0.499919	-0.610109	-0.827648	-1.942353	-1.237115	-0.515879	-0.526710	-0.516435	-1.217915	-0.499323	-0.499336
-0.499745	-0.499919	-0.112026	-0.826206	-1.470009	-0.860014	-0.515051	-0.554057	-0.518350	-0.840469	-0.499323	-0.999336
-0.499745	-0.499919	 0.137016	-0.824645	-1.232961	-0.671464	-0.514198	-0.567248	-0.518770	-0.651746	-0.499323	-1.247734
-0.499745	-0.499919	-0.238463	-0.823026	-1.613564	-0.577189	-0.513334	-0.573362	-0.518442	-0.557385	-0.499323	-0.870336
-0.499745	-0.499919	-0.425600	-0.821381	-1.802115	-0.530051	-0.512464	-0.575938	-0.517742	-0.510204	-0.499323	-0.681636
-0.499745	-0.499919	-0.518566	-0.819723	-1.894643	-0.506483	-0.511592	-0.576746	-0.516856	-0.486613	-0.499323	-0.587287
-0.999745	-0.499919	-0.564448	-0.818062	-1.939163	-0.494698	-0.510720	-0.576671	-0.515880	-0.474818	-0.499323	-0.540112
-1.248193	-0.499919	-0.586790	-0.816399	-1.959682	-0.488806	-0.509849	-0.576155	-0.514859	-0.468921	-0.499323	-0.516524
-0.870868	-0.499919	-0.597362	-0.814739	-1.968204	-0.485860	-0.508979	-0.575419	-0.513816	-0.465972	-0.499323	-0.504731
-0.682205	-0.499919	-0.602051	-0.813080	-1.970730	-0.484387	-0.508110	-0.574574	-0.512764	-0.464497	-0.499323	-0.498834
-1.087874	-1.499919	-0.103800	-0.811425	-1.470261	-0.483650	-0.507243	-0.073676	-0.511708	-0.463760	-0.499323	-0.495885
-1.289162	-1.997444	 0.145326	-0.809773	-1.219176	-0.483282	-0.506377	 0.176773	-0.510652	-0.463392	-0.499323	-0.494411
-0.888264	-1.243736	-0.230111	-0.808124	-1.092784	-0.483098	-0.505512	-0.198002	-0.509596	-0.963207	-0.499323	-0.493674
-0.687814	-0.866882	-0.417235	-0.806478	-1.028739	-0.483006	-0.504649	-0.384915	-0.508542	-1.211490	-0.499323	-0.493305
-0.587590	-0.678455	-0.510203	-0.804836	-0.995870	-0.482960	-0.503787	-0.477896	-0.507490	-1.334011	-0.499323	-0.493121
-0.537477	-0.584242	-0.556094	-0.803197	-1.478591	-0.482937	-0.502927	-0.523913	-0.506439	-0.893653	-0.499323	-0.993029
-0.512421	-0.537135	-0.578449	-0.801561	-1.718230	-0.482925	-0.502068	-0.546449	-0.505391	-0.673474	-0.499323	-1.241388
-0.499893	-0.513582	-0.589036	-0.799929	-1.836331	-0.482919	-0.501211	-0.557245	-0.504345	-0.563385	-0.499323	-0.863977
-0.493629	-0.501805	-0.593740	-0.798299	-1.893666	-0.482917	-0.500355	-0.562171	-0.503301	-0.508340	-0.499323	-0.675271
-0.490497	-0.495916	-0.595504	-0.296674	-1.420622	-0.482915	-0.499927	-0.564164	-0.502259	-0.480818	-0.499323	-0.580918
-0.488931	-0.492972	-0.595800	-0.045861	-1.183268	-0.482914	-0.499713	-0.564691	-0.501219	-0.467057	-0.499323	-0.533742
-0.488148	-0.491500	-0.595362	-0.420454	-1.563761	-0.482914	-0.499606	-0.564485	-0.500182	-0.460176	-0.499323	-0.510154
-0.487757	-0.490764	-0.594559	-0.606942	-1.752301	-0.482914	-0.499553	-0.563914	-0.499663	-0.456736	-0.499323	-0.498360
-0.487561	-0.490396	-0.593574	-0.699377	-1.844868	-0.482914	-0.499526	-0.563161	-0.499404	-0.455016	-0.499323	-0.492462
-0.487463	-0.490212	-0.592499	-0.744789	-1.389451	-0.482914	-0.499513	-0.562318	-0.499274	-0.954156	-0.499323	-0.489514
-0.487414	-0.490120	-0.591381	-0.766690	-1.160922	-0.482914	-0.499506	-0.561430	-0.499209	-1.202111	-0.499323	-0.488040
-0.487390	-0.490074	-0.590242	-0.776838	-1.545840	-0.482914	-0.499503	-0.560522	-0.499177	-0.824479	-0.499323	-0.487303
-0.487377	-0.490051	-0.589093	-0.781110	-1.736604	-0.482914	-0.499501	-0.559603	-0.499160	-0.635663	-0.499323	-0.486934
-0.487371	-0.490040	-0.587942	-0.782447	-1.830295	-0.482914	-0.499500	-0.558680	-0.499152	-1.041255	-0.499323	-0.486750
-0.487368	-0.490034	-0.586789	-0.782317	-1.875452	-0.482914	-0.499500	-0.557756	-0.499148	-1.242444	-0.499323	-0.486658
-0.487367	-0.490031	-0.585638	-0.781455	-1.896345	-0.982914	-0.499499	-0.556831	-0.499146	-0.841435	-0.499323	-0.486611
-0.487366	-0.490030	-0.584488	-0.780230	-1.905108	-1.231517	-0.499499	-0.555908	-0.499145	-0.640930	-0.499323	-0.486588
-0.487365	-0.490029	-0.583340	-0.778824	-1.907811	-1.354425	-0.499499	-0.554986	-0.499145	-0.540678	-0.499323	-0.486577
-0.487365	-0.490029	-0.582194	-0.777329	-1.907485	-0.914487	-0.499499	-0.554065	-0.499144	-0.490552	-0.499323	-0.486571
-0.487365	-0.490028	-0.581050	-0.775792	-1.905649	-0.694518	-0.499499	-0.553146	-0.499144	-0.465489	-0.499323	-0.486568
-0.487365	-0.490028	-0.579908	-0.774235	-1.403059	-1.084534	-0.499499	-0.552228	-0.499144	-0.452957	-0.499323	-0.486567
-0.487365	-0.490028	-0.578769	-0.772670	-1.150975	-1.278153	-0.499499	-0.551311	-0.499144	-0.446692	-0.499323	-0.486566
-0.487365	-0.490028	-0.577632	-0.771102	-1.524143	-1.373576	-0.499499	-0.550397	-0.499144	-0.443559	-0.499323	-0.486566
-0.487365	-0.490028	-0.576497	-0.769534	-1.709063	-1.419904	-0.499499	-0.549483	-0.499144	-0.441992	-0.499323	-0.486566
-0.987365	-0.490028	-0.575364	-0.767969	-1.799860	-0.941687	-0.499499	-0.548571	-0.499144	-0.441209	-0.499323	-0.986565
-1.235826	-0.490028	-0.574234	-0.766405	-1.843599	-0.702579	-0.499499	-0.547661	-0.499144	-0.440818	-0.499323	-1.234978
-1.358520	-0.490028	-0.573106	-0.764845	-1.863813	-0.583025	-0.499499	-0.546752	-0.499144	-0.440622	-0.499323	-1.357599
-0.918333	-0.490028	-0.571980	-0.763287	-1.372266	-0.523248	-0.499499	-0.545845	-0.499144	-0.940524	-0.499323	-0.917329
-0.698240	-0.490028	-0.570856	-0.761733	-1.125720	-0.493359	-0.499499	-0.544939	-0.499144	-1.188875	-0.499323	-0.697194
-0.588194	-0.490028	-0.569734	-0.760182	-1.501675	-0.478415	-0.499499	-0.544035	-0.499144	-0.811455	-0.499323	-0.587127
-0.533170	-0.490028	-0.568615	-0.758634	-1.688005	-0.470943	-0.499499	-0.543132	-0.499144	-0.622744	-0.499323	-0.532093
-1.005659	-0.490028	-0.567498	-0.757089	-1.779525	-0.467207	-0.499499	-0.542230	-0.499144	-0.528389	-0.499323	-1.004576
-1.240373	-0.490028	-0.566383	-0.755547	-1.823642	-0.465339	-0.499499	-0.541331	-0.499144	-0.481212	-0.499323	-1.239240
-0.856203	-0.490028	-0.565270	-0.754008	-1.344062	-0.464405	-0.499499	-0.540432	-0.499144	-0.457623	-0.499323	-0.854998
-0.664119	-0.490028	-0.564159	-0.752473	-1.103513	-0.463938	-0.499499	-0.539535	-0.499144	-0.445828	-0.499323	-0.662876
-0.568076	-0.490028	-0.563051	-0.750940	-1.482482	-0.463704	-0.499499	-0.538640	-0.499144	-0.439931	-0.499323	-1.066816
-0.520055	-0.490028	-0.561944	-0.749411	-1.670332	-0.463587	-0.499499	-0.537746	-0.499144	-0.436983	-0.499323	-1.267215
-0.496044	-0.490028	-0.560840	-0.747885	-1.762627	-0.463529	-0.499499	-0.536854	-0.499144	-0.435508	-0.499323	-1.365847
-0.484039	-0.490028	-0.559738	-0.746362	-1.807146	-0.463500	-0.499499	-0.535963	-0.499144	-0.434771	-0.499323	-0.913598
