-0.499306	-0.498352	 0.491943	-0.499278	-0.948508	-0.379486	 0.329377	-0.498927	 0.475859	 0.058189	-0.397863	-0.498973
-0.499306	-0.498352	 0.495347	-0.499278	-0.711350	-0.367639	 0.329383	-0.498927	 0.487533	 0.310150	-0.448441	-0.498973
-0.499306	-0.498352	 0.497049	-0.499278	-0.592771	-0.361716	 0.329386	-0.498927	 0.493370	 0.435007	-0.473730	-0.498973
-0.499306	-0.498352	 0.497900	-0.499278	-0.533481	-0.358755	 0.329387	-0.498927	-0.003712	 0.496315	-0.486374	-0.498973
-0.499306	-0.498352	 0.498326	-0.499278	-0.503836	-0.357274	 0.329388	-0.498927	-0.251251	 0.525854	-0.492697	-0.498973
-0.499306	-0.498352	 0.498539	-0.499278	-0.489014	-0.356533	 0.329388	-0.498927	 0.124979	 0.539513	 0.004142	-0.498973
-0.499306	-0.498352	 0.498645	-0.499278	-0.481603	-0.356163	 0.329389	-0.498927	 0.312092	 0.545236	 0.251560	-0.498973
-0.499306	-0.498352	 0.498698	-0.499278	-0.477897	-0.355978	-0.170611	-0.498927	-0.094351	 0.546995	 0.375268	-0.498973
-0.499306	-0.498352	 0.498725	-0.499278	-0.476044	-0.355885	-0.419270	-0.498927	-0.296572	 0.546778	 0.437123	-0.498973
-0.499306	-0.498352	 0.498738	-0.499278	-0.475118	-0.355839	-0.042264	-0.498927	-0.397682	 0.045576	 0.468050	-0.498973
-0.499306	-0.498352	 0.498745	-0.499278	-0.474655	-0.355816	 0.146240	-0.498927	-0.448237	-0.205025	 0.483514	-0.498973
-0.499306	-0.498352	 0.498748	-0.499278	-0.474423	-0.355804	 0.240491	-0.498927	-0.473514	-0.330326	 0.491245	-0.498973
-0.499306	-0.498352	 0.498750	-0.499278	-0.474307	-0.355799	-0.212383	-0.498927	-0.486153	-0.392976	 0.495111	-0.498973
-0.499306	-0.498352	 0.498751	-0.499278	-0.474250	-0.355796	-0.437490	-0.498927	-0.492472	-0.424301	 0.497044	-0.498973
-0.499306	-0.498352	 0.498751	-0.499278	-0.474221	-0.355794	-0.048718	-0.498927	-0.495632	-0.439964	 0.498011	-0.498973
-0.499306	-0.498352	 0.498751	-0.499278	-0.474206	-0.355794	 0.145668	-0.498927	-0.497212	-0.447795	 0.498494	-0.498973
-0.499306	-0.498352	 0.498751	-0.499278	-0.474199	-0.355793	 0.242861	-0.498927	 0.001998	-0.451711	 0.498736	-0.498973
-0.499306	-0.498352	 0.498751	-0.499278	-0.474195	-0.355793	 0.291458	-0.498927	 0.250601	-0.453669	 0.498856	-0.498973
-0.499306	-0.498352	 0.498751	-0.499278	-0.474193	-0.355793	 0.315756	-0.498927	-0.125098	-0.454647	-0.001083	-0.498973
-0.499306	-0.498352	 0.498751	-0.499278	-0.474193	-0.355793	 0.327905	-0.498927	-0.311946	-0.455137	-0.250051	-0.498973
-0.499306	-0.498352	 0.498751	-0.499278	-0.474192	-0.355793	 0.333980	-0.498927	-0.405370	-0.455382	-0.374535	-0.498973
-0.499306	-0.498352	 0.498751	-0.499278	-0.474192	-0.355793	 0.337017	-0.498927	-0.452082	-0.455504	-0.436777	-0.498973
-0.499306	-0.498352	 0.498751	-0.499278	-0.474192	-0.355793	 0.338536	-0.498927	-0.475438	 0.044435	 0.032102	-0.498973
-0.499306	-0.498352	 0.498751	-0.499278	-0.474192	-0.355793	 0.339295	-0.498927	 0.012885	-0.206685	 0.265540	-0.498973
-0.499306	-0.498352	 0.498751	-0.499278	-0.474192	-0.355793	 0.339675	-0.498927	 0.256043	-0.332244	 0.382259	-0.498973
-0.499306	-0.498352	 0.498751	-0.499278	-0.474192	-0.355793	-0.160136	-0.498927	-0.122378	-0.395024	 0.440618	-0.498973
-0.499306	-0.498352	 0.498751	-0.499278	-0.474192	-0.355793	-0.408721	-0.498927	-0.310586	-0.426414	 0.469798	-0.498973
-0.499306	-0.498352	 0.498751	-0.499278	-0.474192	-0.355793	-0.031699	-0.498927	 0.095309	 0.057891	 0.484388	-0.498973
-0.499306	-0.498352	 0.498751	-0.499278	-0.474192	-0.355793	 0.156812	-0.498927	 0.297255	 0.298959	 0.491682	-0.498973
-0.499306	-0.498352	 0.498751	-0.499278	-0.474192	-0.355793	 0.251068	-0.498927	 0.398227	 0.418413	 0.495330	-0.498973
-0.499306	-0.498352	 0.498751	-0.499278	-0.474192	-0.355793	 0.298196	-0.498927	-0.051286	 0.477064	 0.497154	-0.498973
-0.499306	-0.498352	 0.498751	-0.499278	-0.474192	-0.355793	 0.321759	-0.498927	-0.275042	 0.505319	 0.498066	-0.498973
-0.499306	-0.498352	 0.498751	-0.499278	-0.474192	-0.355793	 0.333541	-0.498927	 0.113081	 0.018379	 0.498521	-0.498973
-0.499306	-0.498352	 0.498751	-0.499278	-0.474192	-0.355793	 0.339432	-0.498927	 0.306140	-0.225091	 0.498749	-0.498973
-0.499306	-0.498352	-0.001249	-0.499278	-0.474192	-0.355793	 0.342378	-0.498927	 0.402669	-0.346826	-0.001137	-0.498973
-0.499306	-0.498352	-0.250246	-0.499278	-0.474192	-0.355793	 0.343851	-0.498927	 0.450934	-0.407694	-0.250078	-0.498973
-0.499306	-0.498352	 0.125255	-0.499278	 0.025808	-0.355793	 0.344587	 0.001073	 0.475066	 0.061872	 0.125452	-0.498973
-0.499306	-0.498352	 0.312004	-0.499278	 0.274757	-0.355793	 0.344955	 0.250071	 0.487132	 0.295593	 0.312215	-0.498973
-0.499306	-0.498352	 0.405379	-0.499278	 0.398184	-0.355793	 0.345139	 0.374570	 0.493165	 0.411394	 0.405596	-0.498973
-0.499306	-0.498352	 0.452066	-0.499278	 0.458854	-0.355793	 0.345231	-0.063181	-0.003818	 0.468240	 0.452287	 0.001027
-0.499306	-0.498352	 0.475410	-0.499278	 0.488150	-0.355793	 0.345277	-0.281054	-0.251308	 0.495613	 0.475632	 0.250025
-0.499306	 0.001648	 0.487082	-0.499278	 0.501763	 0.144207	 0.845300	 0.110009	 0.124947	 0.508254	 0.487305	-0.125476
-0.499306	 0.250645	 0.492917	-0.499278	 0.507539	 0.392919	 1.092621	 0.304538	 0.312072	 0.513532	 0.493141	-0.312225
-0.499306	 0.375143	 0.495835	-0.499278	 0.509400	 0.515991	 1.213602	 0.901803	 0.405634	 0.515134	 0.496059	 0.094401
-0.499306	 0.437392	 0.497294	-0.499278	 0.509308	 0.576249	 1.271423	 1.197437	 0.452416	 0.514901	 0.497518	 0.296712
-0.499306	 0.468517	 0.498024	-0.499278	 1.008244	 1.605105	 1.797675	 1.842268	 0.475806	 0.513756	 0.498248	 0.397867
-0.499306	 0.484079	 0.498389	-0.499278	 1.254697	 2.114266	 2.056153	 2.159710	 0.487502	 0.512158	 0.498613	 0.448445
-0.499306	 0.491860	 0.498571	-0.499278	 1.374922	 2.363599	 2.180763	 2.313476	 0.493349	 0.510338	 0.498795	 0.473734
-0.499306	 0.495751	 0.498662	-0.499278	 1.432044	 2.983039	 2.238457	 2.385425	 0.996273	 0.508410	 0.498886	 0.486378
-0.499306	 0.497696	 0.498708	-0.499278	 1.457626	 3.285555	 2.262712	 2.416484	 1.244737	 0.506434	 0.498932	 0.492700
-0.499306	 0.498669	 0.498731	-0.499278	 1.467451	 3.929636	 2.770265	 2.427119	 1.365982	 0.504437	 0.498955	 0.495861
-0.499306	 0.499155	 0.498742	-0.499278	 1.469409	 4.242530	 3.017486	 2.427561	 1.423630	 0.502433	 0.498966	 0.497442
-0.499306	 0.499398	 0.498748	 0.000722	 1.467445	 3.889866	 2.634567	 2.422926	 0.949492	 0.500431	 0.498972	 0.498232
-0.499306	 0.499520	 0.498751	 0.249721	 1.463532	 3.706459	 2.438605	 2.415772	 0.712422	 0.499429	 0.498975	 0.498627
-0.499306	 0.499581	 0.498752	-0.125780	 1.458657	 3.107710	 2.336138	 1.907377	 0.593888	 0.498929	 0.498976	 0.498825
-0.499306	 0.499611	 0.498753	-0.312528	 1.453311	 2.803317	 2.280437	 1.650382	 0.534621	 0.498678	 0.498977	 0.498924
-0.499306	 0.499626	 0.498753	-0.405902	 1.447743	 2.646123	 2.248138	 1.519098	 0.504987	 0.498553	 0.498977	 0.498973
-0.499306	 0.499634	 0.498753	-0.452589	 1.442074	 2.062548	 1.727556	 1.450680	 0.490170	 0.498491	 0.498977	-0.001002
-0.499306	 0.499638	 0.498753	-0.475932	 1.436367	 1.767803	 1.464851	 1.413707	 0.482762	 0.498459	 0.498977	-0.249988
-0.499306	 0.499640	 0.498753	-0.487604	 0.930652	 1.117484	 1.331095	 0.892467	-0.020943	-0.001556	 0.498978	 0.125519
-0.499306	 0.499641	 0.498753	-0.493440	 0.677794	 0.792324	 1.261822	 0.631846	-0.271745	-0.250561	 0.498978	 0.312271
-0.499306	-0.000359	 0.498753	-0.496358	 0.551366	 0.129745	 1.224800	 0.501536	 0.103898	 0.124937	 0.498978	-0.094353
-0.499306	-0.249358	 0.498753	-0.497816	 0.488151	-0.200479	 1.203914	 0.436381	 0.291720	 0.311685	 0.498978	-0.296664
-0.499306	-0.373858	 0.498753	-0.498546	 0.456544	-0.364530	 0.691104	-0.096196	 0.385631	 0.405059	 0.498978	 0.102181
-0.499306	-0.436107	 0.498753	-0.498911	 0.440741	-0.445498	 0.434700	-0.361227	 0.432587	 0.451746	 0.498978	 0.300602
-0.499306	-0.467232	 0.498753	-0.499093	 0.432839	-0.484929	 0.306498	-0.492490	 0.456064	 0.475089	 0.498978	 0.399812
-0.499306	-0.482795	 0.498753	-0.499184	 0.428888	-0.503596	 0.242396	-0.556874	 0.467803	 0.486761	 0.498978	-0.050583
-0.499306	-0.490576	 0.498753	-0.499230	 0.426912	-0.511885	 0.210346	-0.587824	 0.473673	 0.492597	 0.498978	-0.274779
-0.499306	-0.494466	-0.001247	-0.499253	-0.074075	-0.514989	 0.194321	-0.602061	-0.023393	 0.495515	 0.498978	-0.386876
-0.499306	-0.496412	-0.250244	-0.499264	-0.323419	-0.515505	 0.186308	-0.607947	-0.270884	 0.496974	 0.498978	-0.442925
-0.499306	-0.497384	 0.125257	-0.499270	 0.053055	-0.514731	 0.182302	-0.609662	 0.106406	-0.002297	 0.498978	-0.470950
-0.499306	-0.497871	 0.312006	-0.499273	 0.241292	-0.513316	 0.180298	-0.609297	 0.295052	-0.250929	 0.498978	-0.484962
-0.499306	-0.498114	 0.405381	-0.499274	-0.164590	-0.511585	 0.179297	-0.607897	 0.389375	-0.375245	 0.498978	-0.491968
-0.499306	-0.498235	 0.452068	-0.499275	-0.366390	-0.509699	 0.178796	-0.605984	 0.436536	-0.437403	 0.498978	-0.495471
-0.499306	-0.498296	 0.475412	-0.499275	-0.466153	-0.507741	 0.178546	-0.603819	 0.460117	-0.468482	 0.498978	-0.497222
-0.499306	-0.498327	-0.012917	-0.499275	-0.514903	-0.505750	 0.178420	-0.601533	 0.471907	 0.015978	 0.498978	-0.498098
-0.499306	-0.498342	-0.256078	-0.499275	-0.538151	-0.503748	 0.178358	-0.599192	 0.477802	 0.257208	 0.498978	-0.498536
-0.499306	-0.498349	 0.122341	-0.499275	-0.548652	-0.501743	 0.178327	-0.596828	 0.480750	 0.377822	 0.498978	-0.498755
-0.499306	-0.498353	 0.310549	-0.499275	-0.552784	-0.500740	 0.178311	-0.594457	 0.482224	 0.438130	 0.498978	-0.498865
-0.499306	-0.498355	-0.095347	-0.499275	-0.553737	-0.500239	 0.178303	-0.592087	-0.017040	 0.468283	 0.498978	-0.498919
-0.499306	-0.498356	-0.297292	-0.499275	-0.553103	-0.499988	 0.178299	-0.589723	-0.265638	 0.483360	 0.498978	-0.498947
-0.499306	-0.498357	 0.101735	-0.499275	-0.551682	-0.499863	 0.178297	-0.587366	 0.111091	-0.009101	 0.498978	-0.498960
-0.499306	-0.498357	 0.300247	-0.499275	-0.549870	-0.499800	 0.178296	-0.585017	 0.299455	-0.254329	 0.498978	-0.498967
-0.499306	-0.498357	 0.399503	-0.499275	-0.547869	-0.499769	-0.321704	-0.582678	 0.393637	-0.376943	 0.498978	-0.498971
-0.499306	-0.498357	 0.449131	-0.499275	-0.545776	-0.499753	-0.570061	-0.580347	 0.440728	-0.438250	 0.498978	-0.498972
-0.499306	-0.498357	 0.473945	-0.499275	-0.543642	-0.499746	-0.692603	-0.578026	 0.464274	-0.468903	 0.498978	-0.498973
-0.499306	-0.498357	 0.486352	-0.499275	-0.541493	-0.999742	-0.752243	-0.575714	-0.023953	-0.484230	 0.498978	-0.498974
-0.499306	-0.498357	 0.492556	-0.499275	-0.539339	-1.246740	-0.780440	-0.573411	-0.267043	-0.491893	 0.498978	-0.498974
-0.499306	-0.498357	 0.495657	-0.499275	-0.537188	-0.867252	-0.292921	-0.571117	-0.387567	-0.495725	 0.498978	-0.498974
-0.499306	-0.498357	 0.497208	-0.499275	-0.535042	-0.677508	-0.049161	-0.568833	-0.446813	-0.497641	 0.498978	-0.498974
-0.499306	-0.498357	 0.497984	-0.499275	-0.532903	-0.582636	 0.072719	-0.566558	-0.475424	-0.498599	-0.001022	-0.498974
-0.499306	-0.498357	 0.498371	-0.499275	-0.530773	-0.535200	 0.133658	-0.564291	-0.488721	-0.499078	-0.250020	-0.498974
-0.499306	-0.498357	 0.498565	-0.499275	-0.528650	-0.511482	 0.164128	-0.562034	 0.005634	-0.499317	 0.125481	-0.498974
-0.499306	-0.498357	 0.498662	-0.499275	-0.526536	-0.499623	 0.179363	-0.559786	 0.252812	-0.499437	 0.312229	-0.498974
-0.499306	-0.498357	 0.498711	-0.499275	-0.524429	-0.493693	 0.186981	-0.557547	 0.376401	-0.499497	 0.405603	-0.498974
-0.499306	-0.498357	 0.498735	-0.499275	-0.522332	-0.490729	 0.190790	-0.555317	-0.061805	-0.499527	 0.452291	-0.498974
-0.499306	-0.498357	 0.498747	-0.499275	-0.520243	-0.489246	 0.192694	-0.553096	-0.279908	-0.499542	 0.475634	-0.498974
-0.499306	-0.498357	 0.498753	-0.499275	-0.518162	-0.488505	 0.193646	-0.550883	 0.111041	-0.499549	-0.012694	-0.498974
-0.499306	-0.498357	 0.498756	-0.499275	-0.516089	-0.488134	 0.194122	-0.548680	 0.305511	-0.499553	-0.255856	-0.498974
-0.499306	-0.498357	 0.498758	-0.499275	-0.514025	-0.487949	 0.194360	-0.546485	-0.097253	-0.499555	 0.122563	-0.498974
-0.499306	-0.498357	 0.498758	-0.499275	-0.511968	-0.487856	 0.194479	-0.544299	-0.297636	-0.499556	 0.310770	-0.498974
-0.499306	-0.498357	 0.498759	-0.499275	-0.509921	-0.487810	 0.194539	-0.542122	-0.397827	-0.499556	 0.404874	-0.498974
-0.499306	-0.498357	 0.498759	-0.499275	-0.507881	-0.487787	 0.194569	-0.539953	-0.447923	-0.499556	 0.451926	-0.498974
-0.499306	-0.498357	 0.498759	-0.499275	-0.505849	-0.487775	 0.194583	-0.537793	-0.472970	-0.499556	 0.475452	-0.498974
-0.499306	-0.498357	 0.498759	-0.499275	-0.503826	-0.487770	 0.194591	-0.535642	 0.014506	 0.000443	 0.487215	-0.498974
-0.499306	-0.498357	 0.498759	-0.499275	-0.501811	-0.487767	 0.194595	-0.533500	 0.257240	 0.249443	 0.493096	-0.498974
-0.499306	-0.498357	-0.001241	-0.499275	-0.500803	-0.487765	-0.305403	-0.531366	 0.378607	-0.126058	 0.496037	-0.498974
-0.499306	-0.498357	-0.250238	-0.499275	-0.500299	-0.487765	-0.553792	-0.529240	 0.439290	-0.312805	 0.497508	-0.498974
-0.499306	-0.498357	 0.125263	-0.499275	-0.500047	-0.487764	-0.176382	-0.527123	 0.469632	-0.406179	 0.498243	-0.498974
-0.499306	-0.498357	 0.312012	-0.499275	-0.499921	-0.487764	 0.012324	-0.525015	 0.484803	-0.452865	 0.498610	-0.498974
-0.499306	-0.498357	 0.405387	-0.499275	-0.499858	-0.987764	 0.106676	-0.522915	-0.007612	-0.476209	 0.498794	-0.498974
-0.499306	-0.498357	 0.452074	-0.499275	-0.499827	-1.234788	 0.153852	-0.520823	-0.252819	-0.487880	 0.498886	-0.498974
-0.499306	-0.498357	 0.475417	-0.499275	-0.499811	-1.355337	 0.177441	-0.518740	-0.375422	-0.493716	 0.498932	-0.498974
-0.499306	-0.498357	 0.487089	-0.499275	-0.499803	-0.912659	 0.189235	-0.516665	 0.063276	-0.496634	-0.001045	-0.498974
-0.499306	-0.498357	 0.492925	-0.499275	-0.499799	-0.691321	 0.195132	-0.514598	 0.281621	-0.498093	-0.250032	-0.498974
-0.499306	-0.498357	 0.495843	-0.499275	-0.499797	-0.580651	-0.301920	-0.512540	-0.109207	-0.498823	 0.125475	-0.498974
-0.499306	-0.498357	 0.497302	-0.499275	-0.499796	-0.525317	-0.548848	-0.510490	-0.303620	-0.499187	 0.312227	-0.498974
-0.499306	-0.498357	 0.498032	-0.499275	-0.499796	-0.497649	-0.170720	-0.508448	 0.099173	-0.499370	 0.405602	-0.498974
-0.499306	-0.498357	 0.498396	-0.499275	-0.499796	-0.483816	 0.018344	-0.506414	 0.299566	-0.499461	 0.452290	-0.498974
-0.499306	-0.498357	 0.498579	-0.499275	-0.499796	-0.476899	 0.112876	-0.504388	 0.399762	 0.000493	 0.475634	-0.498974
-0.499306	-0.498357	 0.498670	-0.499275	-0.499795	-0.473440	 0.160142	-0.502371	 0.449860	 0.249470	 0.487306	-0.498974
-0.499306	-0.498357	 0.498715	-0.499275	-0.499795	-0.471711	 0.183775	-0.500361	 0.474909	 0.373958	 0.493142	-0.498974
-0.499306	-0.498357	 0.498738	-0.499275	-0.499795	-0.470847	 0.195591	-0.499356	 0.487434	-0.063798	 0.496060	-0.498974
-0.499306	-0.498357	 0.498750	-0.499275	-0.499795	-0.470414	 0.201499	-0.498854	 0.493696	-0.281673	 0.497519	-0.498974
-0.499306	-0.498357	 0.498755	-0.499275	-0.499795	-0.470198	-0.295546	-0.498603	-0.003173	-0.390610	-0.001751	-0.498974
-0.499306	-0.498357	 0.498758	-0.499275	-0.499795	-0.470090	-0.542484	-0.498477	-0.250607	-0.445079	-0.250385	-0.498974
-0.499306	-0.498357	-0.001240	-0.499275	-0.499795	-0.470036	-0.164374	-0.498414	-0.374324	-0.472313	 0.125299	-0.498974
-0.499306	-0.498357	-0.250237	-0.499275	-0.499795	-0.470009	 0.024681	-0.498383	-0.436183	-0.485931	 0.312138	-0.498974
-0.499306	-0.498357	 0.125264	-0.499275	-0.499795	-0.469995	 0.119208	-0.498367	-0.467112	-0.492739	 0.405558	-0.498974
-0.499306	-0.498357	 0.312014	-0.499275	-0.499795	-0.469989	 0.166472	-0.498360	-0.482577	-0.496143	 0.452268	-0.498974
-0.499306	-0.498357	 0.405388	-0.499275	-0.499795	-0.469985	 0.190104	-0.498356	-0.490309	-0.497846	 0.475623	-0.498974
-0.499306	-0.498357	 0.452076	-0.499275	-0.499795	-0.469984	 0.201920	-0.498354	-0.494175	-0.498697	-0.012699	-0.498974
-0.499306	-0.498357	 0.475419	-0.499275	-0.499795	-0.469983	 0.207828	-0.498353	-0.496108	-0.499122	-0.255858	-0.498974
-0.499306	-0.498357	 0.487091	-0.499275	-0.499795	-0.469982	 0.210782	-0.498352	-0.497075	-0.499335	-0.377438	-0.498974
-0.499306	-0.498357	 0.492927	-0.499275	-0.499795	-0.469982	 0.212259	-0.498352	-0.497558	-0.499441	-0.438228	-0.498974
-0.499306	-0.498357	 0.495845	-0.499275	-0.499795	-0.469982	 0.212997	-0.498352	-0.497800	-0.499495	 0.031377	-0.498974
-0.499306	-0.498357	 0.497304	-0.499275	-0.499795	-0.469982	 0.213366	-0.498352	-0.497921	-0.499521	 0.265178	-0.498974
-0.499306	-0.498357	 0.498033	-0.499275	-0.499795	-0.469982	-0.286449	-0.498352	 0.002019	-0.499534	-0.117922	-0.498974
-0.499306	-0.498357	 0.498398	-0.499275	-0.499795	-0.469982	-0.534784	-0.498352	 0.250985	-0.499541	-0.308470	-0.498974
-0.499306	-0.498357	 0.498581	-0.499275	-0.499795	-0.469982	-0.657385	-0.498352	 0.375468	-0.499544	-0.403744	-0.498974
-0.499306	-0.498357	 0.498672	-0.499275	-0.499795	-0.469982	-0.717126	-0.498352	-0.062291	-0.499546	-0.451381	-0.498974
-0.499306	-0.498357	 0.498717	-0.499275	-0.499795	-0.469982	-0.745443	-0.498352	-0.280170	-0.499547	-0.475199	-0.498974
-0.499306	-0.498357	-0.001260	-0.499275	-0.499795	-0.469982	-0.258053	-0.498352	-0.389110	-0.499547	-0.487108	-0.498974
-0.499306	-0.498357	-0.250246	-0.499275	-0.499795	-0.469982	-0.014359	-0.498352	-0.443579	-0.499548	-0.493063	-0.498974
-0.499306	-0.498357	 0.125261	-0.499275	-0.499795	-0.469982	 0.107488	-0.498352	-0.470814	-0.499548	 0.003960	-0.498974
-0.499306	-0.498357	 0.312013	-0.499275	-0.499795	-0.469982	 0.168412	-0.498352	-0.484432	-0.499548	 0.251469	-0.498974
-0.499306	-0.498357	 0.405389	-0.499275	-0.499795	-0.469982	 0.198874	-0.498352	-0.491240	-0.499548	 0.375224	-0.498974
-0.499306	-0.498357	 0.452077	-0.499275	-0.499795	-0.469982	 0.214105	-0.498352	-0.494645	-0.499548	 0.437101	-0.498974
-0.499306	-0.498357	 0.475421	-0.499275	-0.499795	-0.469982	 0.221720	-0.498352	-0.496347	-0.499548	 0.468040	-0.498974
-0.499306	-0.498357	 0.487093	-0.499275	-0.499795	-0.469982	 0.225528	-0.498352	-0.497198	-0.499548	 0.483509	-0.498974
-0.499306	-0.498357	 0.492929	-0.499275	-0.499795	-0.469982	 0.227432	-0.498352	-0.497624	-0.499548	 0.491244	-0.498974
-0.499306	-0.498357	 0.495847	-0.499275	-0.499795	-0.469982	 0.228384	-0.498352	-0.497836	-0.499548	 0.495111	-0.498974
-0.499306	-0.498357	 0.497306	-0.499275	-0.499795	-0.469982	 0.228860	-0.498352	-0.497943	-0.499548	 0.497045	-0.498974
-0.499306	-0.498357	 0.498035	-0.499275	-0.499795	-0.469982	 0.229098	-0.498352	 0.002004	-0.499548	 0.498012	-0.498974
-0.499306	-0.498357	 0.498400	-0.499275	-0.499795	-0.469982	 0.229217	-0.498352	 0.250974	-0.499548	 0.498495	-0.498974
-0.499306	-0.498357	 0.498582	-0.499275	-0.499795	-0.469982	 0.229276	-0.498352	-0.124542	-0.499548	 0.498737	-0.498974
-0.499306	-0.498357	 0.498674	-0.499275	-0.499795	-0.469982	 0.229306	-0.498352	-0.311299	-0.499548	 0.498858	-0.498974
-0.499306	-0.498357	 0.498719	-0.499275	-0.499795	-0.469982	-0.270679	-0.498352	-0.404678	-0.499548	 0.498918	-0.498974
-0.499306	-0.498357	 0.498742	-0.499275	-0.499795	-0.469982	-0.519130	-0.498352	-0.451367	-0.499548	 0.498948	-0.498974
-0.499306	-0.498357	 0.498753	-0.499275	-0.499795	-0.469982	-0.641821	-0.498352	-0.474712	-0.499548	 0.498963	-0.498974
-0.499306	-0.498357	 0.498759	-0.499275	-0.499795	-0.969982	-0.201637	-0.498352	 0.013616	-0.499548	-0.001029	-0.498974
-0.499306	-0.498357	 0.498762	-0.499275	-0.499795	-1.217042	 0.018455	-0.498352	 0.256776	-0.499548	-0.250023	-0.498974
-0.499306	-0.498357	-0.001237	-0.499275	-0.499795	-0.837644	 0.128501	-0.498352	-0.121644	-0.499548	-0.374520	-0.498974
-0.499306	-0.498357	-0.250233	-0.499275	-0.499795	-0.647945	 0.183524	-0.498352	-0.309854	-0.499548	-0.436769	-0.498974
-0.499306	-0.498357	 0.125268	-0.499275	-0.999795	-0.553095	 0.211035	-0.498352	-0.403959	-0.499548	 0.032107	-0.498974
-0.499306	-0.498357	 0.312017	-0.499275	-1.246796	-0.505670	 0.224791	-0.498352	-0.451012	-0.499548	 0.265543	-0.498974
-0.499306	-0.498357	 0.405392	-0.499275	-0.867308	-0.481958	 0.231669	-0.498352	 0.025462	 0.000452	 0.382261	-0.498974
-0.499306	-0.498357	 0.452079	-0.499275	-0.677565	-0.470102	 0.235108	-0.498352	 0.262695	 0.249451	 0.440620	-0.498974
-0.499306	-0.498357	 0.475423	-0.499275	-0.582693	-0.464174	 0.236827	-0.498352	 0.381311	 0.373951	 0.469799	-0.498974
-0.499306	-0.498357	 0.487095	-0.499275	-0.535257	-0.461210	 0.237687	-0.498352	-0.059380	-0.063799	 0.484389	-0.498974
-0.499306	-0.498357	 0.492931	-0.499275	-0.511539	-0.459728	 0.238117	-0.498352	-0.278726	-0.281671	 0.491684	-0.498974
-0.499306	-0.498357	 0.495849	-0.499275	-0.499680	-0.458987	 0.238332	-0.498352	-0.388399	-0.390607	 0.495331	-0.498974
-0.499306	-0.498357	 0.497308	-0.499275	-0.493751	-0.458616	 0.238439	-0.498352	-0.443235	-0.445075	 0.497155	-0.498974
-0.499306	-0.498357	 0.498037	-0.499275	-0.490786	-0.458431	 0.238493	-0.498352	 0.029346	-0.472309	 0.498067	-0.498974
-0.499306	-0.498357	 0.498402	-0.499275	-0.489303	-0.458338	 0.238520	-0.498352	 0.264634	-0.485926	 0.498523	-0.498974
-0.499306	-0.498357	-0.001416	-0.499275	-0.488562	-0.458292	 0.238533	-0.498352	 0.382277	-0.492735	 0.498751	-0.498974
-0.499306	-0.498357	-0.250322	-0.499275	-0.488192	-0.458269	 0.238540	-0.498352	 0.441099	-0.496139	 0.498865	-0.498974
-0.499306	-0.498357	-0.374775	-0.499275	-0.488006	-0.458257	 0.238543	-0.498352	 0.470510	-0.497841	 0.498922	-0.498974
-0.499306	-0.498357	 0.062998	-0.499275	-0.487914	-0.458251	 0.238545	-0.498352	-0.014785	-0.498692	 0.498950	-0.498974
-0.499306	-0.498357	 0.280883	-0.499275	-0.487867	-0.458249	 0.238546	-0.498352	-0.256432	-0.499118	 0.498964	-0.498974
-0.499306	-0.498357	-0.110174	-0.499275	-0.487844	-0.458247	 0.238546	-0.498352	-0.377256	 0.000669	 0.498972	-0.498974
-0.499306	-0.498357	-0.304700	-0.499275	-0.487833	-0.458246	 0.238547	-0.498352	-0.437667	 0.249562	 0.498975	-0.498974
-0.499306	-0.498357	 0.098037	-0.499275	-0.487827	-0.458246	-0.261453	-0.498352	 0.032127	 0.374009	 0.498977	-0.498974
-0.499306	-0.498357	 0.298403	-0.499275	-0.487824	-0.458246	-0.509930	-0.498352	 0.266020	 0.436232	 0.498978	-0.498974
-0.499306	-0.498357	-0.101413	-0.499275	-0.487822	-0.458246	-0.632652	-0.498352	-0.117033	-0.032657	 0.498978	-0.498974
-0.499306	-0.498357	-0.300319	-0.499275	-0.487822	-0.458246	-0.692502	-0.498352	-0.307560	-0.266098	 0.498978	-0.498974
-0.499306	-0.498357	-0.399772	-0.499275	-0.487821	-0.458246	-0.720923	-0.498352	-0.402823	-0.382818	 0.498979	-0.498974
-0.499306	-0.498357	 0.050502	-0.499275	-0.487821	-0.458246	-0.733634	-0.498352	-0.450455	-0.441179	 0.498979	-0.498974
-0.499306	-0.498357	 0.274637	-0.499275	-0.487821	-0.458246	-0.738497	-0.498352	-0.474271	-0.470359	 0.498979	-0.498974
-0.499306	-0.498357	 0.386705	-0.499275	-0.487821	-0.958246	-0.739442	-0.498352	-0.486179	-0.484949	 0.498979	-0.498974
-0.499306	-0.498357	 0.442738	-0.499275	-0.487821	-1.205329	-0.738434	-0.498352	-0.492132	-0.492244	 0.498979	-0.498974
-0.499306	-0.498357	 0.470755	-0.499275	-0.487821	-0.825966	-0.236454	-0.498352	 0.004891	-0.495891	 0.498979	-0.498974
-0.499306	-0.498357	 0.484764	-0.499275	-0.487821	-0.636285	 0.014535	-0.498352	 0.252398	-0.497715	 0.498979	-0.498974
-0.499306	-0.498357	-0.008232	-0.499275	-0.487821	-0.541444	 0.140030	-0.498352	-0.123848	-0.498627	-0.001021	-0.498974
-0.499306	-0.498357	-0.253727	-0.499275	-0.487821	-0.494023	 0.202777	-0.498352	-0.310971	-0.499083	-0.250019	-0.498974
-0.499306	-0.498357	-0.376475	-0.499275	-0.487821	-0.470313	 0.234151	-0.498352	-0.404532	-0.499311	-0.374518	-0.498974
-0.499306	-0.498357	 0.062151	-0.499275	-0.487821	-0.458458	-0.250162	-0.498352	-0.451313	-0.499425	 0.063232	-0.498974
-0.499306	-0.498357	 0.280462	-0.499275	-0.487821	-0.452531	-0.490850	-0.498352	-0.474703	-0.499482	 0.281106	-0.498974
-0.499306	-0.498357	 0.389618	-0.499275	-0.487821	-0.449567	-0.109731	-0.498352	 0.013601	-0.499510	 0.390042	-0.498974
-0.499306	-0.498357	 0.444196	-0.499275	-0.487821	-0.448085	 0.080829	-0.498352	 0.256750	-0.499525	 0.444511	-0.498974
-0.499306	-0.498357	 0.471485	-0.499275	-0.487821	-0.447344	 0.176109	-0.498352	 0.378324	 0.000468	 0.471745	-0.498974
-0.499306	-0.498357	 0.485130	-0.499275	-0.487821	-0.446973	 0.223749	-0.498352	 0.439111	 0.249464	 0.485362	-0.498974
-0.499306	-0.498357	 0.491952	-0.499275	-0.487821	-0.446788	 0.247569	-0.498352	 0.469505	-0.126039	 0.492170	-0.498974
-0.499306	-0.498357	 0.495363	-0.499275	-0.487821	-0.446696	 0.259479	-0.498352	 0.484702	-0.312787	 0.495575	-0.498974
-0.499306	-0.498357	 0.497068	-0.499275	-0.487821	-0.446649	 0.265434	-0.498352	 0.492300	-0.406161	 0.497277	-0.498974
-0.499306	-0.498357	 0.497921	-0.499275	-0.487821	-0.446626	-0.231589	-0.498352	 0.496099	-0.452848	 0.498128	-0.498974
-0.499306	-0.498357	 0.498348	-0.499275	-0.487821	-0.446615	-0.478643	-0.498352	 0.497999	-0.476191	 0.498553	-0.498974
-0.499306	-0.498357	 0.498561	-0.499275	-0.487821	-0.446609	-0.100719	-0.498352	-0.001051	-0.487863	 0.498766	-0.498974
-0.499306	-0.498357	 0.498667	-0.499275	-0.487821	-0.446606	 0.088244	-0.498352	-0.249576	-0.493699	 0.498872	-0.498974
-0.499306	-0.498357	 0.498721	-0.499275	-0.487821	-0.446604	-0.317275	-0.498352	-0.373838	-0.496617	 0.498926	-0.498974
-0.499306	-0.498357	 0.498747	-0.499275	-0.487821	-0.446604	-0.518589	-0.498352	-0.435970	-0.498076	 0.498952	-0.498974
-0.499306	-0.498357	 0.498761	-0.499275	-0.487821	-0.946603	-0.117806	-0.498352	-0.467035	-0.498805	 0.498966	-0.498974
-0.499306	-0.498357	 0.498767	-0.499275	-0.487821	-1.193710	 0.082585	-0.498352	-0.482568	-0.499170	 0.498972	-0.498974
-0.499306	-0.498357	 0.498771	-0.499275	-0.487821	-1.314382	 0.182781	-0.498352	-0.490335	-0.499352	 0.498976	-0.498974
-0.499306	-0.498357	 0.498772	-0.499275	-0.487821	-1.371847	 0.232879	-0.498352	-0.494218	-0.499443	-0.001023	-0.498974
-0.499306	-0.498357	 0.498773	-0.499275	-0.487821	-1.397722	 0.257928	-0.498352	-0.496159	-0.499489	-0.250020	-0.498974
-0.499306	-0.498357	-0.001226	-0.499275	-0.487821	-0.907812	 0.270452	-0.498352	-0.497130	-0.499512	 0.125481	-0.498974
-0.499306	-0.498357	-0.250224	-0.499275	-0.487821	-0.662857	 0.276714	-0.498352	-0.497616	-0.499523	 0.312230	-0.498974
-0.499306	-0.498357	 0.125278	-0.499275	-0.487821	-0.540379	 0.279846	-0.498352	 0.002142	-0.499529	 0.405605	-0.498974
-0.499306	-0.498357	 0.312027	-0.499275	-0.487821	-0.479140	 0.281411	-0.498352	 0.251017	-0.499532	 0.452292	-0.498974
-0.499306	-0.498357	 0.405401	-0.499275	-0.487821	-0.448521	 0.282194	-0.498352	 0.375454	-0.499533	 0.475635	-0.498974
-0.499306	-0.498357	 0.452089	-0.499275	-0.487821	-0.433211	 0.282585	-0.498352	 0.437673	-0.499534	 0.487307	-0.498974
-0.499306	-0.498357	 0.475432	-0.499275	-0.487821	-0.425556	 0.282781	-0.498352	 0.468782	-0.499534	 0.493143	-0.498974
-0.499306	-0.498357	-0.012896	-0.499275	-0.487821	-0.421729	 0.282879	-0.498352	-0.015663	-0.499534	 0.496061	-0.498974
-0.499306	-0.498357	-0.256058	-0.499275	-0.487821	-0.419815	 0.282928	-0.498352	-0.256886	-0.499535	 0.497520	-0.498974
-0.499306	-0.498357	 0.122362	-0.499275	-0.487821	-0.418858	 0.282952	-0.498352	-0.377497	-0.499535	 0.498249	-0.498974
-0.499306	-0.498357	 0.310570	-0.499275	-0.487821	-0.418380	 0.282964	-0.498352	-0.437802	-0.499535	 0.498614	-0.498974
-0.499306	-0.498357	 0.404674	-0.499275	-0.487821	-0.418141	-0.217029	-0.498352	 0.032045	-0.499535	 0.498797	-0.498974
-0.499306	-0.498357	 0.451726	-0.499275	-0.487821	-0.418021	-0.465592	-0.498352	 0.265965	-0.499535	 0.498888	-0.498974
-0.499306	-0.498357	-0.024748	-0.499275	-0.487821	-0.417961	-0.088446	-0.498352	 0.382924	-0.499535	-0.001067	-0.498974
-0.499306	-0.498357	-0.261983	-0.499275	-0.487821	-0.417931	 0.100128	-0.498352	 0.441404	-0.499535	-0.250042	-0.498974
-0.499306	-0.498357	-0.380600	-0.499275	-0.487821	-0.417916	 0.194415	-0.498352	 0.470644	-0.499535	-0.374529	-0.498974
-0.499306	-0.498357	 0.060091	-0.499275	-0.487821	-0.917909	-0.258442	-0.498352	-0.014736	-0.499535	-0.436773	-0.498974
-0.499306	-0.498357	 0.279435	-0.499275	-0.487821	-1.165069	-0.483448	-0.498352	-0.256425	-0.499535	-0.467895	-0.498974
-0.499306	-0.498357	 0.389107	-0.499275	-0.487821	-0.785825	-0.094534	-0.498352	-0.377270	-0.499535	 0.016544	-0.498974
-0.499306	-0.498357	 0.443943	-0.499275	-0.487821	-0.596203	 0.099923	-0.498352	-0.437693	-0.499535	 0.257762	-0.498974
-0.499306	-0.498357	-0.028639	-0.499275	-0.487821	-0.501392	-0.302848	-0.498352	-0.467904	-0.499535	 0.378370	-0.498974
-0.499306	-0.498357	-0.263927	-0.499275	-0.487821	-0.453986	-0.502823	-0.498352	-0.483010	-0.499535	 0.438675	-0.498974
-0.499306	-0.498357	 0.118428	-0.499275	-0.487821	-0.430284	-0.101404	-0.498352	 0.009438	-0.499535	 0.468827	-0.498974
-0.499306	-0.498357	 0.308605	-0.499275	-0.487821	-0.418432	 0.099305	-0.498352	 0.254657	-0.499535	 0.483903	-0.498974
-0.499306	-0.498357	 0.403693	-0.499275	-0.487821	-0.412507	 0.199659	-0.498352	 0.377267	-0.499535	 0.491441	-0.498974
-0.499306	-0.498357	 0.451237	-0.499275	-0.487821	-0.409544	-0.250163	-0.498352	-0.061428	-0.499535	-0.004790	-0.498974
-0.499306	-0.498357	 0.475009	-0.499275	-0.487821	-0.408062	-0.473675	-0.498352	-0.279775	-0.499535	-0.251903	-0.498974
-0.499306	-0.498357	 0.486895	-0.499275	-0.487821	-0.407322	-0.084036	-0.498352	 0.111051	-0.499535	 0.124540	-0.498974
-0.499306	-0.498357	 0.492838	-0.499275	-0.487821	-0.406951	 0.110783	-0.498352	 0.305461	-0.499535	 0.311760	-0.498974
-0.499306	-0.498357	 0.495810	-0.499275	-0.487821	-0.406766	 0.208193	-0.498352	 0.402666	-0.499535	 0.405369	-0.498974
-0.499306	-0.498357	 0.497295	-0.499275	-0.487821	-0.406674	 0.256898	-0.498352	 0.451268	-0.499535	 0.452174	-0.498974
-0.499306	-0.498357	 0.498038	-0.499275	-0.487821	-0.406627	 0.281250	-0.498352	-0.024431	-0.499535	 0.475577	-0.498974
-0.499306	-0.498357	 0.498410	-0.499275	-0.487821	-0.406604	 0.293426	-0.498352	-0.261280	-0.499535	 0.487278	-0.498974
-0.499306	-0.498357	 0.498595	-0.499275	-0.487821	-0.406593	 0.299515	-0.498352	-0.379705	-0.499535	 0.493129	-0.498974
-0.499306	-0.498357	 0.498688	-0.499275	-0.487821	-0.406587	-0.197441	-0.498352	 0.061083	-0.499535	 0.496054	-0.498974
-0.499306	-0.498357	 0.498735	-0.499275	-0.487821	-0.406584	-0.444531	-0.498352	 0.280473	-0.499535	 0.497517	-0.498974
-0.499306	-0.498357	 0.498758	-0.499275	-0.487821	-0.406582	-0.066692	-0.498352	 0.390168	-0.499535	 0.498248	-0.498974
-0.499306	-0.498357	 0.498769	-0.499275	-0.487821	-0.406582	 0.122227	-0.498352	 0.445016	-0.499535	 0.498614	-0.498974
-0.499306	-0.498357	 0.498775	-0.499275	-0.487821	-0.906581	-0.283313	-0.498352	-0.027560	 0.000465	-0.001204	-0.498974
-0.499306	-0.498357	 0.498778	-0.499275	-0.487821	-1.153768	-0.484705	-0.498352	-0.262848	 0.249464	-0.250110	-0.498974
-0.499306	-0.498357	 0.498780	-0.499275	-0.487821	-1.274559	-0.084029	-0.498352	-0.380492	-0.126036	 0.125437	-0.498974
-0.499306	-0.498357	 0.498780	-0.499275	-0.487821	-1.332164	 0.116309	-0.498352	-0.439314	-0.312783	 0.312208	-0.498974
-0.499306	-0.498357	 0.498781	-0.499275	-0.487821	-0.858187	 0.216478	-0.498352	-0.468725	-0.406157	 0.405594	-0.498974
-0.499306	-0.498357	 0.498781	-0.499275	-0.487821	-0.621199	 0.266562	-0.498352	-0.483431	-0.452844	 0.452287	-0.498974
-0.499306	-0.498357	 0.498781	-0.499275	-0.487821	-0.502705	 0.291604	-0.498352	-0.490783	-0.476187	 0.475633	-0.498974
-0.499306	-0.498357	 0.498781	-0.499275	-0.487821	-0.443457	-0.195875	-0.498352	-0.494460	-0.487859	 0.487306	-0.498974
-0.499306	-0.498357	 0.498781	-0.499275	-0.487821	-0.413834	-0.438247	-0.498352	-0.496298	-0.493695	 0.493143	-0.498974
-0.499306	-0.498357	 0.498781	-0.499275	 0.012179	-0.399022	-0.058072	-0.498352	 0.002783	-0.496612	-0.003939	-0.498974
-0.499306	-0.498357	 0.498781	-0.499275	 0.261155	-0.391616	 0.132015	-0.498352	 0.251320	-0.498071	-0.251478	-0.498974
-0.499306	-0.498357	 0.498781	-0.499275	-0.115378	-0.887913	 0.227059	-0.498352	-0.124412	-0.498801	 0.124753	-0.498974
-0.499306	-0.498357	 0.498781	-0.499275	-0.303644	-1.133293	 0.274581	-0.498352	-0.311278	-0.499166	 0.311866	-0.498974
-0.499306	-0.498357	 0.498781	-0.499275	-0.397777	-0.753226	 0.298342	-0.498352	 0.095290	-0.499348	 0.405423	-0.498974
-0.499306	-0.498357	 0.498781	-0.499275	-0.444844	-0.563192	 0.310222	-0.498352	 0.297570	-0.499439	 0.452201	-0.498974
-0.499306	-0.498357	 0.498781	-0.499275	-0.468377	-0.468176	 0.316162	-0.498352	 0.398710	-0.499485	 0.475590	-0.498974
-0.499306	-0.498357	 0.498781	-0.499275	-0.480144	-0.920667	 0.319132	-0.498352	-0.050720	-0.499508	 0.487285	-0.498974
-0.499306	-0.498357	 0.498781	-0.499275	-0.486027	-1.144167	 0.320617	-0.498352	-0.274435	-0.499519	 0.493132	-0.498974
-0.499306	-0.498357	 0.498781	-0.499275	-0.488969	-1.253181	 0.321360	-0.498352	-0.386293	 0.000475	 0.496056	-0.498974
-0.499306	-0.498357	 0.498781	-0.499275	-0.490439	-1.304964	 0.321731	-0.498352	-0.442221	 0.249472	 0.497518	-0.498974
-0.499306	-0.498357	 0.498781	-0.499275	-0.491175	-0.828142	-0.178083	-0.498352	 0.029814	-0.126030	 0.498249	-0.498974
-0.499306	-0.498357	 0.498781	-0.499275	-0.491543	-0.589731	-0.426635	-0.498352	 0.264829	-0.312778	 0.498614	-0.498974
-0.499306	-0.498357	 0.498781	-0.499275	-0.491726	-0.470525	-0.049560	-0.498352	-0.117664	-0.406152	 0.498797	-0.498974
-0.499306	-0.498357	 0.498781	-0.499275	-0.491818	-0.410922	 0.138977	-0.498352	-0.307911	-0.452839	 0.498888	-0.498974
-0.499306	-0.498357	 0.498781	-0.499275	-0.491864	-0.381121	 0.233246	-0.498352	-0.403034	-0.476183	 0.498934	-0.498974
-0.499306	-0.498357	-0.001219	-0.499275	-0.491887	-0.366220	 0.280380	-0.498352	-0.450595	-0.487854	 0.498957	-0.498974
-0.499306	-0.498357	-0.250216	-0.499275	-0.491899	-0.358770	 0.303948	-0.498352	-0.474376	-0.493690	 0.498968	-0.498974
-0.499306	-0.498357	 0.125285	-0.499275	-0.491905	-0.355045	 0.315731	-0.498352	-0.486266	-0.496608	 0.498974	-0.498974
-0.499306	-0.498357	 0.312034	-0.499275	-0.491907	-0.353182	 0.321623	-0.498352	-0.492211	-0.498067	 0.498977	-0.498974
-0.499306	-0.498357	 0.405408	-0.499275	-0.491909	-0.352251	 0.324569	-0.498352	 0.004816	-0.498797	 0.498978	-0.498974
-0.499306	-0.498357	 0.452096	-0.499275	-0.491910	-0.351785	 0.326042	-0.498352	 0.252326	-0.499161	 0.498979	-0.498974
-0.499306	-0.498357	 0.475439	-0.499275	-0.491910	-0.351553	-0.173222	-0.498352	-0.123919	-0.499344	 0.498979	-0.498974
-0.499306	-0.498357	 0.487111	-0.499275	-0.491910	-0.351436	-0.421508	-0.498352	-0.311041	-0.499435	 0.498979	-0.498974
-0.499306	-0.498357	 0.492947	-0.499275	-0.491910	-0.351378	-0.544312	-0.498352	-0.404602	-0.499481	 0.498979	-0.498974
-0.499306	-0.498357	 0.495865	-0.499275	-0.491910	-0.351349	-0.104380	-0.498352	 0.048617	-0.499503	 0.498980	-0.498974
-0.499306	-0.498357	 0.497324	-0.499275	-0.491910	-0.351334	 0.115586	-0.498352	 0.274223	-0.499515	 0.498980	-0.498974
-0.499306	-0.498357	 0.498053	-0.499275	-0.491910	-0.351327	 0.225569	-0.498352	-0.112974	-0.499520	 0.498980	-0.498974
-0.499306	-0.498357	 0.498418	-0.499275	-0.491910	-0.351323	 0.280561	-0.498352	-0.305572	-0.499523	 0.498980	-0.498974
-0.499306	-0.498357	 0.498600	-0.499275	-0.491910	-0.351322	 0.308057	-0.498352	-0.401871	-0.499525	 0.498980	-0.498974
-0.499306	-0.498357	 0.498692	-0.499275	-0.491910	-0.351321	 0.321804	-0.498352	-0.450021	-0.499525	 0.498980	-0.498974
-0.499306	-0.498357	 0.498737	-0.499275	-0.491910	-0.351320	 0.328678	-0.498352	-0.474095	-0.499526	 0.498980	-0.498974
-0.499306	-0.498357	 0.498760	-0.499275	-0.491910	-0.351320	 0.332115	-0.498352	-0.486133	-0.499526	 0.498980	-0.498974
-0.499306	-0.498357	 0.498771	-0.499275	-0.491910	-0.351320	 0.333834	-0.498352	-0.492151	-0.499526	 0.498980	-0.498974
-0.499306	-0.498357	 0.498777	-0.499275	-0.491910	-0.851320	 0.334693	-0.498352	 0.004839	-0.499526	 0.498980	-0.498974
-0.499306	-0.498357	 0.498780	-0.499275	-0.491910	-1.098617	 0.335123	-0.498352	 0.252331	-0.499526	 0.498980	-0.498974
-0.499306	-0.498357	 0.498781	-0.499275	-0.491910	-0.719574	 0.335338	-0.498352	-0.123923	-0.499526	 0.498980	-0.498974
-0.499306	-0.498357	 0.498782	-0.499275	-0.491910	-0.530052	 0.335445	-0.498352	-0.311050	-0.499526	 0.498980	-0.498974
-0.499306	-0.498357	 0.498782	-0.499275	-0.491910	-0.935292	 0.335499	-0.498352	-0.404613	-0.499526	 0.498980	-0.498974
-0.499306	-0.498357	 0.498783	-0.499275	-0.491910	-1.135230	 0.335526	-0.498352	-0.451395	-0.499526	 0.498980	-0.498974
-0.499306	-0.498357	-0.001217	-0.499275	-0.491910	-0.732529	 0.335539	-0.498352	-0.474786	-0.499526	 0.498980	-0.498974
-0.499306	-0.498357	-0.250215	-0.499275	-0.491910	-0.531179	 0.335546	-0.498352	-0.486481	-0.499526	 0.498980	-0.498974
-0.499306	-0.498357	-0.374714	-0.499275	-0.491910	-0.430503	 0.335549	-0.498352	-0.492329	-0.499526	 0.498980	-0.498974
-0.499306	-0.498357	-0.436963	-0.499275	-0.491910	-0.380166	 0.335551	-0.498352	-0.495253	-0.499526	 0.498980	-0.498974
-0.499306	-0.498357	-0.468088	-0.499275	-0.491910	-0.354997	 0.335552	-0.498352	-0.496715	-0.499526	 0.498980	-0.498974
-0.499306	-0.498357	-0.483650	-0.499275	-0.491910	-0.342412	 0.335552	-0.498352	-0.497446	-0.499526	-0.001020	-0.498974
-0.499306	-0.498357	-0.491431	-0.499275	-0.491910	-0.336120	 0.335552	-0.498352	-0.497811	-0.499526	-0.250018	-0.498974
-0.499306	-0.498357	-0.495322	-0.499275	-0.491910	-0.332974	 0.335552	-0.498352	-0.497994	-0.499526	 0.125483	-0.498974
-0.499306	-0.498357	-0.497267	-0.499275	-0.491910	-0.331401	 0.335552	-0.498352	-0.498085	-0.499526	 0.312231	-0.498974
-0.499306	-0.498357	 0.001760	-0.499275	-0.491910	-0.330615	-0.164448	-0.498352	 0.001869	 0.000474	 0.405605	-0.498974
-0.499306	-0.498357	 0.250272	-0.499275	-0.491910	-0.330221	-0.413119	-0.498352	 0.250843	 0.249473	 0.452293	-0.498974
-0.499306	-0.498357	 0.374528	-0.499275	-0.491910	-0.330025	-0.536131	-0.498352	 0.375329	 0.373972	 0.475636	-0.498974
-0.499306	-0.498357	-0.063344	-0.499275	-0.491910	-0.329926	-0.096318	-0.498352	-0.062427	-0.063778	 0.487308	-0.498974
-0.499306	-0.498357	-0.281277	-0.499275	-0.491910	-0.329877	 0.123588	-0.498352	-0.280305	-0.281650	 0.493144	-0.498974
-0.499306	-0.498357	 0.109756	-0.499275	-0.491910	-0.329853	 0.233541	-0.498352	 0.110756	-0.390586	-0.003938	-0.498974
-0.499306	-0.498357	 0.304271	-0.499275	-0.491910	-0.329840	 0.288517	-0.498352	 0.305283	-0.445054	-0.251477	-0.498974
-0.499306	-0.498357	 0.401529	-0.499275	-0.491910	-0.329834	 0.316006	-0.498352	-0.097454	-0.472288	 0.124753	-0.498974
-0.499306	-0.498357	 0.450157	-0.499275	-0.491910	-0.329831	 0.329750	-0.498352	-0.297822	-0.485905	 0.311867	-0.498974
-0.499306	-0.498357	-0.025528	-0.499275	-0.491910	-0.329830	 0.336622	-0.498352	 0.101994	-0.492713	 0.405423	-0.498974
-0.499306	-0.498357	-0.262369	-0.499275	-0.491910	-0.329829	 0.340058	-0.498352	 0.300899	-0.496118	 0.452202	-0.498974
-0.499306	-0.498357	-0.380789	-0.499275	-0.491910	-0.329828	 0.341776	-0.498352	 0.400351	-0.497820	 0.475591	-0.498974
-0.499306	-0.498357	 0.060001	-0.499275	-0.491910	-0.329828	-0.157365	-0.498352	-0.049923	-0.498671	 0.487285	-0.498974
-0.499306	-0.498357	 0.279395	-0.499275	-0.491910	-0.329828	-0.405623	-0.498352	-0.274060	-0.499096	 0.493133	-0.498974
-0.499306	-0.498357	 0.389091	-0.499275	-0.491910	-0.329828	-0.028444	-0.498352	-0.386128	-0.499309	 0.496056	-0.498974
-0.499306	-0.498357	 0.443940	-0.499275	-0.491910	-0.329828	 0.160146	-0.498352	-0.442162	-0.499416	 0.497518	-0.498974
-0.499306	-0.498357	 0.471364	-0.499275	-0.491910	-0.329828	 0.254441	-0.498352	-0.470179	-0.499469	 0.498249	-0.498974
-0.499306	-0.498357	 0.485076	-0.499275	-0.491910	-0.329828	 0.301588	-0.498352	-0.484188	-0.499495	 0.498614	-0.498974
-0.499306	-0.498357	 0.491932	-0.499275	-0.491910	-0.329828	-0.174838	-0.498352	 0.008808	-0.499509	 0.498797	-0.498974
-0.499306	-0.498357	 0.495360	-0.499275	-0.491910	-0.329828	-0.411749	-0.498352	 0.254302	-0.499515	 0.498889	-0.498974
-0.499306	-0.498357	 0.497074	-0.499275	-0.491910	-0.329828	-0.528907	-0.498352	 0.377049	-0.499519	 0.498934	-0.498974
-0.499306	-0.498357	-0.002069	-0.499275	-0.491910	-0.329828	-0.086194	-0.498352	 0.438423	-0.499520	 0.498957	-0.498974
-0.499306	-0.498357	-0.250638	-0.499275	-0.491910	-0.329828	 0.135163	-0.498352	 0.469110	-0.499521	 0.498968	-0.498974
