-0.499839	-1.086998	-0.412260	-0.479196	-1.974422	-0.263994	-3.868419	-0.473594	 0.445802	-3.644980	-0.499266	 0.479778
-0.499839	-1.082650	-0.412260	-0.479196	-2.076874	-0.252158	-3.742838	 0.014005	 0.945779	-3.630401	-0.499289	 0.479778
-0.499839	-1.078320	-0.412260	-0.479196	-2.123742	-0.246240	-3.672812	 0.256801	 1.192876	-3.615879	-0.499301	 0.479778
-0.499839	-1.074006	-0.412260	-0.479196	-1.642835	-0.243281	-3.630594	-0.121801	 0.813544	-3.601415	-0.499306	 0.479778
-0.499839	-1.069710	-0.412260	-0.479196	-1.400057	-0.241802	-3.602308	-0.310101	 0.623878	-3.587010	-0.499309	 0.479778
-0.499839	-1.065432	-0.412260	-0.479196	-1.276354	-0.241062	-3.581017	-0.404251	 0.529046	-3.572662	 0.000689	 0.479778
-0.499839	-1.061170	-0.412260	-0.479196	-1.212197	-0.240692	-3.563252	-0.451326	 0.481629	-3.558371	 0.249687	 0.479778
-0.499839	-1.056925	-0.412260	-0.479196	-1.177822	-0.240507	-3.547279	-0.474864	 0.457921	-3.544138	 0.374186	 0.479778
-0.499839	-1.052697	-0.912260	-0.479196	-1.158348	-0.240415	-3.532230	-0.486632	 0.446067	-3.529961	-0.063564	 0.479778
-0.499839	-1.048487	-1.159435	-0.479196	-1.146333	-0.240368	-3.517671	-0.492517	 0.440140	-3.515841	-0.281437	 0.479778
-0.499839	-1.044293	-0.780210	-0.479196	-1.138057	-0.740345	-3.503385	-0.495459	 0.437176	-3.501778	-0.390373	 0.479778
-0.499839	-1.040116	-0.590597	-0.479196	-1.131659	-0.987853	-3.489264	-0.496930	 0.435694	-3.487771	-0.444841	 0.479778
-0.499839	-1.035955	-0.495790	-0.479196	-1.626210	-1.109136	-3.475253	 0.002334	 0.934954	-3.473820	 0.027925	 0.479778
-0.499839	-1.031811	-0.448387	-0.479196	-1.869244	-1.167317	-3.461325	 0.250963	 1.181715	-3.459924	 0.263306	 0.479778
-0.499839	-1.027684	-0.424686	-0.479196	-1.486536	-1.193956	-3.447466	-0.124722	 0.802238	-3.446085	-0.119003	 0.479778
-0.499839	-1.023573	-0.412835	-0.479196	-1.292975	-1.204835	-3.433670	-0.311564	 0.612500	-3.432300	-0.309155	 0.479778
-0.499839	-1.019479	-0.406909	-0.479196	-1.193995	-0.707843	-3.419932	 0.095015	 0.517631	-3.418571	 0.095769	 0.479778
-0.499839	-1.015401	-0.403947	-0.479196	-1.142315	-0.459347	-3.406250	 0.297301	 0.470196	-3.404897	 0.297230	 0.479778
-0.499839	-1.011339	-0.402465	-0.479196	-1.114294	-0.335099	-3.392624	 0.398445	 0.446479	-3.391277	 0.397960	 0.479778
-0.499839	-1.007294	-0.401725	-0.479196	-1.098111	-0.272975	-3.379053	 0.449016	 0.934621	-3.377712	-0.051675	 0.479778
-0.499839	-1.003265	-0.401354	-0.479196	-1.087856	-0.241913	-3.365537	 0.474302	 1.175846	-3.364201	-0.275490	 0.479778
-0.499839	-0.999252	-0.901169	-0.479196	-1.080573	-0.226382	-3.352075	-0.013055	 1.293624	-3.350744	-0.387397	 0.479778
-0.499839	-0.995255	-1.148275	-0.479196	-1.074785	-0.218616	-3.338666	-0.255733	 1.349691	-3.337341	-0.443351	 0.479778
-0.499839	-0.991274	-0.769037	-0.479196	-1.069753	-0.214733	-3.325312	 0.122928	 1.374912	-3.323992	-0.471328	 0.479778
-0.499839	-0.987309	-0.579418	-0.479196	-1.065107	-0.212792	-3.312011	 0.311256	 1.384723	-3.310696	-0.485316	 0.479778
-0.499839	-0.983360	-0.484608	-0.479196	-1.060664	-0.211821	-3.298762	-0.094581	 1.386839	-3.297453	-0.492310	 0.479778
-0.499839	-0.979426	-0.437203	-0.479196	-1.056329	-0.211336	-3.285567	-0.296498	 1.385119	-3.284264	-0.495807	 0.479778
-0.499839	-0.975508	-0.413501	-0.479196	-1.052058	-0.211093	-3.272425	-0.397457	 1.381493	-3.271127	-0.497556	 0.479778
-0.499839	-0.971606	-0.401650	-0.479196	-1.047827	-0.210972	-3.259335	-0.447936	 0.876923	-3.258042	 0.001570	 0.479778
-0.499839	-0.967720	-0.395724	-0.479196	-1.043624	-0.210911	-3.246298	-0.473176	 0.624639	-3.245010	 0.250131	 0.479778
-0.499839	-0.963849	-0.392761	-0.479196	-1.039444	-0.710881	-3.233313	-0.485796	 0.998497	-3.232030	-0.125588	 0.479778
-0.499839	-0.959994	-0.391280	-0.479196	-1.035283	-0.958444	-3.220380	-0.492105	 1.182681	-3.219102	-0.312445	 0.479778
-0.499839	-0.956154	-0.890539	-0.479196	-1.031141	-0.579814	-3.207498	 0.004740	 0.772039	-3.206225	-0.405874	 0.479778
-0.499839	-0.952329	-1.137389	-0.479196	-1.027016	-0.390498	-3.194668	 0.252159	 0.566718	-3.193400	-0.452588	 0.479778
-0.499839	-0.948520	-0.758046	-0.479196	-1.022907	-0.295841	-3.181889	 0.375869	 0.464058	-3.180627	-0.475945	 0.479778
-0.499839	-0.944726	-0.568374	-0.479196	-1.018815	-0.248512	-3.169162	 0.437723	 0.412728	-3.167904	-0.487624	 0.479778
-0.499839	-0.940947	-0.473538	-0.479196	-1.014740	-0.224847	-3.156485	 0.468651	 0.387063	-3.155233	-0.493463	 0.479778
-0.499839	-0.937183	-0.426120	-0.479196	-1.010681	-0.213015	-3.143859	-0.015885	 0.874230	-3.142612	-0.496382	 0.479778
-0.499839	-0.933434	-0.402411	-0.479196	-1.006638	-0.207099	-3.131284	-0.257153	 1.115091	-3.130041	-0.497842	 0.479778
-0.499839	-0.929700	-0.390557	-0.479196	-1.002612	-0.204141	-3.118759	-0.377786	 1.232810	-3.117521	-0.498572	 0.479778
-0.499839	-0.925982	-0.384630	-0.479196	-0.998601	-0.202662	-3.106284	-0.438103	 1.288968	-3.105051	-0.498937	 0.479778
-0.499839	-0.922278	-0.381666	-0.479196	-0.994607	-0.201923	-3.093859	 0.031738	 1.314357	-2.592631	 0.000880	 0.479778
-0.499839	-0.918589	-0.380184	-0.479196	-0.990628	-0.201553	-3.081483	 0.265656	 1.324372	-2.332260	 0.249788	 0.479778
-0.499839	-0.914914	-0.379443	-0.479196	-0.986666	-0.201368	-2.569157	 0.382615	 1.326710	-2.197931	 0.374241	 0.479778
-0.499839	-0.911255	-0.379073	-0.479196	-0.982719	-0.201276	-2.308881	 0.441094	 1.325222	-2.126640	 0.436468	 0.479778
-0.499839	-0.907610	-0.378888	-0.479196	-0.978788	-0.201229	-2.174645	 0.470334	 1.321830	-2.086883	 0.467582	 0.479778
-0.499839	-0.903979	-0.378795	-0.479196	-0.474873	 0.298794	-1.603446	 0.484954	 1.317497	-1.562910	 0.483138	 0.979778
-0.499839	-0.900363	-0.378749	-0.479196	-0.222916	 0.547208	-1.315783	 0.492264	 1.312704	-1.298846	 0.490917	 1.226819
 0.000161	-0.396762	 0.121274	 0.020804	 2.903063	 1.169823	 2.830105	 1.495919	 1.307692	 3.335255	 1.494806	 1.347391
 0.249161	-0.144961	 0.370043	 0.269762	 4.453994	 1.477546	 4.889098	 1.992747	 1.302581	 5.636367	 1.991753	 1.404741
 0.373661	 1.480939	 0.493190	 0.893204	 10.717450	 1.627837	 10.404697	 1.736182	 0.797430	 9.771049	 1.735249	 0.930492
 0.435911	 2.287676	 0.553531	 1.201891	 13.815216	 1.699427	 13.130657	 1.604940	 0.544855	 11.810578	 1.604040	 0.693368
 0.967036	 4.184855	 0.582474	 0.853214	 27.330273	 1.731679	 20.461923	 1.036372	-0.581433	 16.802642	 1.535490	 0.574806
 1.229602	 5.121281	 0.595722	 0.677866	 34.006111	 1.744278	 24.071970	 0.752088	-1.141162	 19.255085	 1.498281	 0.515525
 1.357900	 5.577378	 0.601128	 0.589187	 37.262666	 1.747063	 25.821629	 0.609946	-1.417624	 20.437891	 1.476754	 0.485884
 1.419077	 6.293360	 0.602619	 1.043847	 44.809905	 1.244956	 29.141316	 0.538875	-1.552467	 22.486053	 0.963080	 0.471064
 1.446705	 6.637332	 0.602155	 1.268180	 48.566864	 0.992417	 30.736238	 0.503339	-1.616514	 23.461065	 0.706243	 0.463654
 1.457571	 6.795356	 0.600720	 0.877361	 52.928749	 1.364668	 32.469036	 0.485572	-1.645176	 24.399699	 1.077825	 0.459949
 1.460066	 6.860461	 0.598804	 0.681952	 55.092174	 1.547319	 33.267032	 0.476688	-1.656160	 24.818340	 1.260717	 0.458096
 1.458389	 6.879162	 0.596653	 0.584247	 57.156437	 1.135185	 33.597900	 0.472246	-2.158317	 25.477186	 0.849275	 0.457170
 1.454637	 6.874717	 0.594388	 0.535395	 58.169405	 0.927672	 33.695476	 0.470025	-2.404075	 25.754337	 0.643555	 0.456707
 1.449859	 6.858754	 0.092071	 0.510969	 59.156800	 1.322475	 34.176678	 0.468914	-2.521654	 25.840850	 0.540694	 0.456475
 1.444580	 6.837087	-0.159087	 0.498755	 59.627848	 1.516442	 34.347963	 0.468359	-2.575165	 25.832251	 0.489264	 0.456359
 1.439062	 6.812622	-0.284667	 0.492649	 59.840811	 1.610004	 34.364568	 0.468081	-2.596664	 25.776305	 0.463549	 0.456301
 1.433436	 6.786814	 0.152544	 0.489596	 59.924824	 1.653379	 34.304107	 0.467943	-2.602176	 25.696891	 0.450692	 0.456272
 1.427767	 6.760388	 0.369969	 0.488069	 59.947479	 1.671672	 34.205390	 0.467873	-2.599717	 25.605949	 0.444263	 0.456258
 1.422089	 6.733707	 0.477508	 0.487306	 59.939533	 1.677439	 34.087818	 0.467839	-2.093293	 25.509448	 0.441049	 0.456251
 1.416417	 6.706952	 0.530106	 0.486924	 59.916078	 1.676956	 33.961091	 0.467821	-1.836908	 25.410371	 0.439441	 0.456247
 1.410759	 6.680214	 0.555241	 0.486733	 59.384946	 1.673362	 33.830059	 0.467813	-1.705554	 25.310210	 0.438638	 0.456245
 1.405120	 6.653539	 0.566647	 0.486638	 59.100053	 1.668225	 33.697145	 0.467808	-1.636728	 25.209710	 0.438236	 0.456244
 1.399502	 6.626947	 0.571194	 0.486590	 59.438357	 1.662330	 33.563560	 0.467806	-2.099180	 25.109241	 0.438035	 0.456244
 1.393905	 6.600450	 0.572316	 0.486566	 59.588622	 1.656070	 33.429907	 0.467805	-2.325282	 25.008989	 0.437935	 0.456244
 1.388330	 6.574054	 0.571730	 0.486554	 59.644944	 1.649641	 33.296488	 0.467804	-2.433231	 24.909046	 0.437884	 0.456244
 1.382777	 6.547761	 0.070295	 0.486548	 59.654369	 1.643139	 32.663453	 0.467804	-2.482123	 24.809456	 0.437859	 0.456243
 1.377246	 6.521571	-0.180423	 0.486545	 59.637833	 1.636615	 32.282874	 0.467804	-2.501507	 24.710241	 0.437847	 0.456243
 1.371737	 6.495486	 0.194218	 0.486544	 59.108402	 1.630093	 32.028780	 0.467804	-2.506157	 24.611412	 0.937840	 0.456243
 1.366250	 6.469504	 0.380401	 0.486543	 58.827376	 1.623585	 31.838184	 0.467804	-2.503460	 24.512972	 1.184962	 0.456243
 1.360785	 6.443626	 0.472360	 0.486543	 59.170617	 1.617097	 32.179590	 0.467804	-2.497110	 24.414923	 0.805658	 0.456243
 1.355342	 6.417852	 0.517210	 0.486543	 59.323868	 1.610631	 32.285252	 0.467804	-2.488954	 24.317265	 0.616006	 0.456243
 1.349920	 6.392180	 0.538511	 0.486543	 59.382197	 1.604190	 32.273301	 0.467804	-2.479914	 24.219997	 1.021180	 0.456243
 1.344521	 6.366612	 0.548042	 0.486542	 59.395059	 1.597774	 32.202802	 0.467804	-2.470453	 24.123117	 1.220915	 0.456243
 1.339143	 6.341145	 0.551692	 0.486542	 59.385254	 1.591384	 32.103289	 0.467804	-2.460800	 24.026625	 1.317941	 0.456243
 1.333786	 6.315781	 0.552407	 0.486542	 59.364179	 1.585018	 31.489524	 0.467804	-1.951071	 23.930518	 0.863624	 0.456243
 1.328451	 6.290518	 0.551658	 0.486542	 59.335636	 1.578678	 31.120890	 0.467804	-1.693324	 23.834796	 0.636465	 0.456243
 1.323137	 6.265355	 0.550182	 0.486542	 58.803431	 1.572364	 31.375069	 0.467804	-2.061579	 23.739457	 0.522886	 0.456243
 1.317845	 6.240294	 0.548346	 0.486542	 58.519467	 1.566074	 31.438900	 0.467804	-2.240847	 23.644499	 0.466096	 0.456243
 1.312573	 6.215333	 0.546335	 0.486542	 58.859694	 1.059810	 30.907810	 0.467804	-2.325641	 23.549921	 0.437701	 0.456243
 1.307323	 6.190472	 0.544241	 0.486542	 59.012660	 0.805571	 30.581511	 0.467804	-2.363217	 23.455722	 0.423504	 0.456243
 1.302094	 6.165710	 0.542110	 0.486542	 59.072064	 1.177348	 30.857852	 0.467804	-1.877204	 23.361899	 0.416405	 0.456243
 1.296885	 6.141047	 0.539964	 0.486542	 59.083898	 1.360139	 30.933753	 0.467804	-1.631414	 23.268451	 0.412856	 0.456243
 1.291698	 6.116483	 0.537816	 0.486542	 59.072018	 1.448448	 30.909685	 0.467804	-1.505749	 23.175377	 0.411081	 0.456243
 1.286531	 6.092017	 0.535670	 0.486542	 58.548353	 1.489530	 30.335880	 0.467804	-1.940155	 23.082676	 0.410194	 0.456243
 1.281385	 6.067649	 0.533530	 0.486542	 58.269438	 1.507009	 29.989453	 0.467804	-2.152610	 22.990345	 0.409750	 0.456243
 1.276259	 6.043378	 0.531398	 0.486542	 58.612965	 1.512700	 30.256953	 0.467804	-2.254107	 22.898384	 0.909528	 0.456243
 1.271154	 6.019205	 0.529273	 0.486542	 58.769298	 1.512508	 30.329655	 0.467804	-2.300144	 22.806790	 1.156599	 0.456243
 1.266070	 5.995128	 0.527156	 0.486542	 58.832096	 1.509388	 30.305201	 0.467804	-1.818470	 22.715563	 1.277327	 0.456243
 1.261005	 5.971147	 0.525048	 0.486542	 58.847937	 1.504815	 30.232412	 0.467804	-1.574960	 22.624701	 1.334895	 0.456243
 1.255961	 5.947263	 0.522948	 0.486542	 58.840363	 1.499528	 30.135699	 0.467804	-1.950542	 23.034202	 1.360894	 0.456243
 1.250937	 5.923474	 0.520856	 0.486542	 58.821142	 1.493897	 30.027264	 0.467804	-2.133681	 23.192065	 1.371119	 0.456243
 1.245934	 5.899780	 0.518772	 0.486542	 58.796161	 1.488104	 29.913209	 0.467804	-2.220616	 23.224297	 1.373470	 0.456243
 1.240950	 5.376181	 0.016697	 0.486542	 54.768360	 1.482243	 27.296583	 0.467804	-1.759469	 20.693900	 1.371893	 0.456243
 1.235986	 5.104676	-0.234340	 0.486542	 52.740037	 1.476360	 25.938910	 0.467804	-1.526299	 19.392374	 1.368364	 0.456243
 1.231042	 4.959257	 0.140141	 0.486542	 41.211510	 1.470477	 19.710911	 0.467804	-0.907127	 13.705430	 1.363870	 0.456243
 1.226118	 4.876920	 0.326352	 0.486542	 35.387880	 1.464607	 16.569946	 0.467804	-0.597542	 10.845920	 1.358904	 0.456243
 0.721214	 3.326162	 0.418433	 0.486542	 25.916937	 1.458754	 10.972605	 0.967804	 0.057251	 6.900193	 1.353713	 0.956243
 0.468761	 2.547233	 0.463452	 0.486542	 21.148573	 1.452922	 8.163185	 1.214868	 0.383224	 4.921420	 1.348421	 1.203331
 0.342535	 1.154231	-0.015055	-0.013458	 11.231631	 0.947112	 0.747767	 0.835477	 0.044791	-0.573851	 0.843088	 1.323974
 0.279422	 0.457731	-0.254309	-0.262431	 6.270531	 0.694207	-2.946607	 0.645781	-0.124425	-3.309349	 0.590422	 1.381406
 0.247866	-0.390520	-0.373936	-0.385894	 1.787361	 0.067754	-5.780512	 0.550933	-0.209033	-4.665008	 0.464089	 1.407245
 0.232087	-0.812167	-0.433749	-0.446608	-0.448831	-0.244355	-7.180236	 0.003509	 0.248663	-5.830796	 0.400923	 0.917298
 0.224198	-1.020524	-0.463656	-0.475949	-1.561558	-0.399296	-7.862937	-0.269115	 0.476098	-6.399697	 0.369339	 0.672324
-0.279746	-1.622244	-0.478609	-0.489610	-2.612573	-0.475658	-8.687197	-0.404344	 0.588409	-7.170210	-0.146452	 0.549837
-0.530151	-1.918656	-0.486086	-0.495434	-3.130753	-0.512736	-9.080304	-0.470879	 0.643163	-7.539586	-0.403024	 0.488594
-0.653793	-2.062432	-0.489824	-0.497343	-3.382545	-0.530175	-9.257911	-0.503072	 0.669144	-7.708455	-0.029990	 0.457972
-0.714058	-2.129908	-0.491693	-0.498297	-3.501172	-0.537799	-9.327843	-0.518098	 0.680744	-7.777136	 0.156527	 0.442661
-0.742643	-2.159251	-0.492628	-0.498775	-3.553246	-0.540520	-9.344014	-0.524544	 0.685160	-7.795784	-0.250215	 0.435006
-0.755392	-2.169545	-0.493095	-0.499013	-3.572073	-0.540794	-9.333378	-0.526706	 0.685988	-7.789479	-0.452272	 0.431178
-0.760231	-2.170333	-0.493329	-0.499133	-3.574304	-1.039849	-9.309415	-0.526729	 0.685029	-7.770761	-0.051992	 0.429264
-0.761120	-2.166384	-0.493446	-0.499192	-3.568267	-1.286299	-9.278863	-0.525687	 0.683181	-7.745897	 0.148148	 0.428308
-0.760041	-2.160085	-0.493504	-0.499222	-3.558124	-1.406458	-9.245090	-0.524116	 0.680894	-7.718023	 0.248218	 0.427829
-0.757983	-2.152628	-0.493533	-0.499237	-3.545956	-0.963485	-9.209781	-0.522286	 0.678394	-7.688706	-0.201747	 0.427590
-0.755442	-2.144609	-0.493548	-0.499245	-3.532805	-0.740957	-9.173778	-0.520330	 0.675792	-7.658729	-0.425426	 0.427470
-0.752666	-2.136326	-0.493555	-0.499248	-3.519190	-0.628656	-9.137500	-0.518315	 0.673145	-7.628483	-0.035967	 0.427410
-0.749778	-2.127929	-0.493559	-0.499250	-3.505371	-0.571473	-9.101159	-0.516275	 0.670480	-7.598163	 0.158762	 0.427381
-0.746841	-2.119491	-0.993561	-0.499251	-3.991479	-0.541853	-9.064859	-1.014227	 0.667812	-7.567868	-0.243873	 0.427366
-0.743884	-2.111050	-1.240574	-0.499252	-4.225577	-0.526018	-9.028652	-1.260178	 0.665148	-7.537645	-0.443898	 0.427358
-0.740924	-2.102624	-0.861106	-0.499252	-4.333707	-0.517081	-8.992563	-0.880142	 0.662490	-7.507519	-0.542622	 0.427354
-0.737968	-2.094223	-0.671372	-0.499252	-4.378889	-0.511595	-8.956606	-0.689123	 0.659842	-7.477501	-0.590702	 0.427353
-0.735020	-2.085851	-0.576505	-0.499252	-4.392631	-0.507841	-8.920786	-0.593614	 0.657204	-7.447597	-0.613464	 0.427352
-0.732082	-2.077510	-0.529071	-0.499252	-4.390690	-1.004955	-8.885106	-1.045859	 0.654575	-7.417809	-0.623572	 0.427351
-0.729154	-2.069201	-0.505355	-0.499252	-4.380941	-1.250508	-8.849568	-1.268986	 0.651957	-7.388140	-0.627359	 0.427351
-0.726238	-2.060925	-0.493496	-0.499252	-4.367325	-0.870293	-8.814170	-0.877565	 0.649350	-7.358588	-0.627991	 0.427351
-0.723333	-2.052681	-0.487567	-0.499252	-4.351809	-0.680185	-8.778914	-0.681854	 0.646752	-7.329154	-0.627049	 0.427351
-0.720440	-2.044471	-0.484602	-0.499252	-4.335379	-0.585131	-8.743798	-0.583999	 0.644165	-7.299837	-0.625326	 0.427351
-0.717558	-2.036293	-0.483120	-0.499252	-4.318526	-0.537604	-8.708823	-0.535071	 0.641589	-7.270638	-0.623217	 0.427351
-0.714688	-2.028148	-0.482379	-0.499252	-4.301496	-1.013841	-8.673988	-0.510608	 0.639022	-7.241556	-0.620921	 0.427351
-0.711829	-2.020035	-0.482008	-0.499252	-4.284412	-1.248979	-8.639292	-0.498376	 0.636466	-7.212589	-0.618535	 0.427351
-0.708982	-2.011955	-0.481823	-0.499252	-4.267335	-1.363579	-8.604735	-0.492260	 0.633920	-7.183739	-0.616110	 0.427351
-0.706146	-2.003907	-0.481730	-0.499252	-4.250297	-0.917924	-8.570316	-0.489202	 0.631385	-7.155004	-0.113670	 0.427351
-0.703322	-1.995892	-0.481684	-0.499252	-4.233311	-0.695096	-8.536035	-0.487673	 0.628859	-7.126384	 0.137550	 0.427351
-0.700508	-1.987908	-0.481661	-0.499252	-4.216385	-0.583682	-9.001891	-0.486908	 0.626344	-7.097879	-0.236840	 0.427351
-0.697706	-1.979956	-0.481649	-0.499252	-4.199523	-0.527975	-9.215883	-0.486526	 0.623838	-7.069487	-0.422813	 0.427351
-0.694915	-1.972037	-0.481644	-0.499252	-4.182727	-0.500121	-8.804020	-0.986335	 0.621343	-7.041209	-0.514581	 0.427351
-0.692136	-1.964148	-0.481641	-0.499252	-4.165997	-0.486194	-8.581304	-1.233267	 0.618858	-7.013044	-0.559253	 0.427351
-0.689367	-1.956292	-0.481639	-0.499252	-4.149334	-0.979231	-8.453228	-1.353773	 0.616382	-6.984992	-0.080381	 0.427351
-0.686610	-1.948467	-0.481639	-0.499252	-4.132737	-1.222805	-8.372540	-1.411077	 0.613917	-6.957052	 0.159055	 0.427351
-0.683863	-1.940673	-0.481638	-0.499252	-4.116206	-1.341659	-8.315613	-1.436792	 0.611461	-6.929224	 0.278773	 0.427351
-0.681128	-1.932910	-0.481638	-0.499252	-4.099741	-1.398165	-8.270632	-0.946725	 0.609015	-6.901507	-0.161368	 0.427351
-0.678403	-1.925178	-0.481638	-0.499252	-4.083342	-1.423509	-8.231690	-0.701691	 0.606579	-6.873901	-0.380236	 0.427351
-0.675690	-1.917478	-0.481638	-0.499252	-4.067009	-0.933283	-8.195833	-0.579175	 0.604153	-6.846405	-0.488471	 0.427351
-0.672987	-1.909808	-0.481638	-0.499252	-4.050741	-0.688170	-8.161585	-0.517916	 0.601736	-6.819020	-0.541395	 0.427351
-0.670295	-1.902169	-0.481638	-0.499252	-4.034538	-0.565613	-8.128206	-0.487287	 0.599329	-6.791744	-0.566669	 0.427351
-0.667614	-1.894560	-0.481638	-0.499252	-4.018400	-0.504335	-8.095327	-0.471972	 0.596932	-6.764577	-0.578122	 0.427351
-0.664943	-1.886982	-0.481638	-0.499252	-4.002326	-0.473696	-8.062763	-0.464315	 0.594544	-6.737518	-0.582669	 0.427351
-0.662284	-1.879434	-0.481638	-0.499252	-3.986317	-0.458376	-8.030420	-0.460486	 0.592166	-6.710568	-0.583768	 0.427351
-0.659635	-1.871916	-0.481638	-0.499252	-3.970371	-0.450717	-7.998253	-0.458572	 0.589797	-6.683726	-0.583148	 0.427351
-0.656996	-1.864428	-0.481638	-0.499252	-3.954490	-0.446887	-7.966237	-0.457615	 0.587438	-6.656991	-0.581673	 0.427351
-0.654368	-1.856971	-0.481638	-0.499252	-3.938672	-0.444972	-7.934360	-0.457136	 0.585088	-6.630363	-0.579775	 0.427351
-0.651751	-1.849543	-0.481638	-0.499252	-3.922917	-0.944014	-8.402617	-0.456897	 0.582748	-6.603842	-0.577670	 0.427351
-0.649144	-1.842145	-0.481638	-0.499252	-3.907226	-1.190649	-8.619004	-0.456777	 0.580417	-6.577426	-0.575467	 0.427351
-0.646547	-1.834776	-0.481638	-0.499252	-3.891597	-1.311092	-8.209526	-0.456718	 0.578095	-6.551117	-0.573219	 0.427351
-0.643961	-1.827437	-0.481638	-0.499252	-3.876030	-1.368451	-7.989188	-0.456688	 0.575783	-6.524912	-0.570953	 0.427351
-0.641385	-1.820127	-0.481638	-0.499252	-3.860526	-0.894279	-7.863481	-0.456673	 0.573480	-6.498813	-0.568682	 0.427351
-0.638819	-1.812847	-0.481638	-0.499252	-3.845084	-0.657192	-7.785151	-0.456665	 0.571186	-6.472817	-0.566414	 0.427351
-0.636264	-1.805595	-0.481638	-0.499252	-3.829704	-0.538649	-7.730573	-0.456662	 0.568901	-6.446926	-0.564152	 0.427351
-0.633719	-1.798373	-0.481638	-0.499252	-3.814385	-0.479378	-7.687932	-0.456660	 0.566626	-6.421138	-0.561897	 0.427351
-0.631184	-1.791179	-0.481638	-0.499252	-3.799127	-0.449742	-7.651321	-0.456659	 0.564359	-6.395454	-0.559650	 0.427351
-0.628659	-1.784015	-0.481638	-0.499252	-3.283931	-0.434924	-7.617786	-0.456658	 0.562102	-6.369872	-0.557412	 0.427351
-0.626145	-1.776879	-0.481638	-0.499252	-3.020795	-0.427515	-7.585850	-0.456658	 0.559853	-6.344392	-0.555183	 0.427351
-0.623640	-1.769771	-0.481638	-0.499252	-3.383712	-0.923811	-7.554774	-0.456658	 0.557614	-6.319015	-0.552962	 0.427351
-0.621146	-1.762692	-0.481638	-0.499252	-3.557677	-1.169118	-7.524189	-0.456658	 0.555383	-6.293739	-0.550750	 0.427351
-0.618661	-1.755641	-0.481638	-0.499252	-3.137196	-0.788943	-7.493909	-0.456658	 0.553162	-6.268564	-0.548547	 0.427351
-0.616186	-1.748619	-0.481638	-0.499252	-2.921523	-0.598856	-7.463842	-0.456658	 0.550949	-6.243490	-0.546353	 0.427351
-0.613722	-1.741624	-0.481638	-0.499252	-2.808274	-0.503812	-7.433941	-0.456658	 0.548745	-6.218516	-0.544168	 0.427351
-0.611267	-1.734658	-0.481638	-0.499252	-2.746260	-0.456290	-7.404182	-0.456658	 0.546550	-6.193642	-0.541991	 0.427351
-0.608822	-1.727719	-0.481638	-0.499252	-2.709884	-0.432529	-7.374554	-0.456658	 0.544364	-6.168867	-0.539823	 0.427351
-0.606386	-1.720808	-0.481638	-0.499252	-3.186349	-0.420648	-7.345050	-0.456658	 0.542187	-6.144192	-0.537664	 0.427351
-0.603961	-1.713925	-0.481638	-0.499252	-3.417256	-0.414708	-7.315667	-0.456658	 0.540018	-6.119615	-0.535513	 0.427351
-0.601545	-1.707069	-0.481638	-0.499252	-3.525413	-0.411738	-7.786403	 0.043342	 0.037858	-6.095136	-0.533371	 0.427351
-0.599139	-1.700241	-0.481638	-0.499252	-3.572225	-0.410253	-8.005256	 0.292256	-0.213222	-6.070756	-0.531237	 0.427351
-0.596742	-1.693440	-0.481638	-0.499252	-3.588392	-0.909511	-8.098235	-0.084370	 0.161238	-6.046473	-0.529112	 0.427351
-0.594355	-1.686666	-0.481638	-0.499252	-3.589267	-1.156322	-8.128342	-0.272683	 0.347396	-6.022287	-0.526996	 0.427351
-0.591978	-1.679920	-0.481638	-0.499252	-3.582524	-1.276921	-8.127079	-0.366839	 0.439409	-5.998198	-0.524888	 0.427351
-0.589610	-1.673200	-0.481638	-0.499252	-3.072001	-0.834426	-7.610195	-0.413918	 0.484352	-5.974205	-0.522788	 0.427351
-0.587252	-1.666507	-0.481638	-0.499252	-2.811617	-0.613178	-7.337567	-0.437457	 0.505765	-5.950308	-0.520697	 0.427351
-0.584903	-1.659841	-0.481638	-0.499252	-3.176322	-0.502554	-7.187123	-0.449226	 0.515417	-5.926507	-0.518615	 0.427351
-0.582563	-1.653202	-0.481638	-0.499252	-3.351593	-0.447242	-7.097827	-0.455111	 0.519193	-5.902801	-0.516540	 0.427351
-0.580233	-1.646589	-0.481638	-0.499252	-2.932174	-0.419586	-7.039163	-0.458053	 0.520035	-5.879190	-0.514474	 0.427351
-0.577912	-1.640003	-0.481638	-0.499252	-2.717439	-0.405758	-6.995869	-0.459525	 0.519414	-5.855673	-0.512416	 0.427351
-0.575600	-1.633443	-0.481638	-0.499252	-2.605067	-0.398844	-6.960318	 0.039740	 0.518066	-5.832250	-0.510366	 0.427351
-0.573298	-1.626909	-0.481638	-0.499252	-2.543895	-0.395387	-6.928692	 0.288294	 0.516359	-5.808921	-0.508325	 0.427351
-0.571005	-1.620401	-0.481638	-0.499252	-2.508343	-0.393659	-6.899085	 0.411497	 0.514476	-5.785686	-0.506292	 0.427351
-0.568721	-1.613920	-0.481638	-0.499252	-2.985622	-0.392795	-6.870543	-0.027970	 0.512509	-5.762543	-0.504266	 0.427351
-0.566446	-1.607464	-0.481638	-0.499252	-3.217336	-0.392362	-6.842588	-0.247704	 0.510505	-5.739493	-0.502249	 0.427351
-0.564180	-1.601034	-0.481638	-0.499252	-2.826294	-0.392146	-7.314981	-0.357571	 0.508486	-5.716535	-0.500240	 0.427351
-0.561923	-1.594630	-0.481638	-0.499252	-2.625903	-0.392038	-7.535603	-0.412505	 0.506463	-5.693669	-0.499236	 0.427351
-0.559675	-1.588251	-0.481638	-0.499252	-2.520857	-0.391984	-7.130401	-0.439971	 0.504443	-5.670894	-0.498734	 0.427351
-0.557437	-1.581898	-0.481638	-0.499252	-2.463502	-0.391957	-6.914350	-0.453705	 0.502428	-5.648210	-0.498483	 0.427351
-0.555207	-1.575571	-0.481638	-0.499252	-2.930012	-0.391944	-6.792928	-0.460571	 0.500420	-5.625617	-0.498357	 0.427351
-0.552986	-1.569268	-0.481638	-0.499252	-3.156474	-0.391937	-6.718874	-0.464005	 0.499416	-5.603115	-0.498294	 0.427351
-0.550774	-1.562991	-0.481638	-0.499252	-3.262939	-0.391934	-6.668557	-0.465721	 0.498913	-5.580702	-0.498263	 0.427351
-0.548571	-1.556739	-0.981638	-0.499252	-2.809433	-0.391932	-6.630162	-0.466580	 0.498662	-5.558380	-0.498247	 0.427351
-0.546377	-1.550512	-1.228675	-0.499252	-2.577968	-0.391931	-6.597781	-0.467009	 0.498537	-5.536146	-0.498239	 0.427351
-0.544191	-1.544310	-0.849242	-0.499252	-2.957543	-0.391931	-6.568460	-0.467223	 0.498474	-5.514002	-0.498235	 0.427351
-0.542015	-1.538133	-0.659525	-0.499252	-3.140656	-0.391931	-6.540721	-0.467331	 0.498443	-5.491946	-0.498233	 0.427351
-0.539847	-1.531981	-0.564667	-0.499252	-2.725565	-0.391930	-6.513826	-0.467384	 0.498427	-5.469978	-0.498232	 0.427351
-0.537687	-1.525853	-0.517238	-0.499252	-2.513398	-0.391930	-6.487404	-0.467411	 0.498419	-5.448098	-0.498232	 0.427351
-0.535536	-1.519749	-0.493523	-0.499252	-2.902712	-0.891930	-6.461271	-0.467425	 0.498415	-5.426305	-0.498232	 0.427351
-0.533394	-1.513670	-0.481666	-0.499252	-3.090786	-1.139146	-6.435335	-0.467431	 0.498413	-5.404600	-0.498232	 0.427351
-0.531261	-1.507616	-0.475737	-0.499252	-3.178264	-1.259982	-6.409547	-0.467435	 0.498412	-5.382982	-0.498231	 0.427351
-0.529136	-1.501585	-0.472773	-0.499252	-2.715472	-1.317638	-6.383886	-0.467436	 0.498412	-5.361450	-0.498231	 0.427351
-0.527019	-1.495579	-0.471291	-0.499252	-2.479571	-1.343715	-6.358339	-0.467437	 0.498412	-5.340004	-0.498231	 0.427351
-0.524911	-1.489597	-0.470550	-0.499252	-2.357133	-0.854014	-6.332900	 0.032562	 0.498412	-5.318644	-0.498231	 0.427351
-0.522811	-1.483638	-0.470179	-0.499252	-2.291444	-0.609164	-6.307566	 0.281497	 0.498411	-5.297370	-0.498231	 0.427351
-0.520720	-1.477704	-0.469994	-0.499252	-2.254149	-0.486739	-6.282334	-0.095096	 0.498411	-5.276180	-0.498231	 0.427351
-0.518637	-1.471793	-0.469901	-0.499252	-2.231067	-0.425526	-6.257204	-0.283393	 0.498411	-5.255075	-0.498231	 0.427351
-0.516563	-1.465906	-0.469855	-0.499252	-2.215110	-0.394920	-6.232175	-0.377542	 0.498411	-5.234055	-0.498231	 0.427351
-0.514496	-1.460042	-0.469832	-0.499252	-2.202734	-0.379617	-6.207246	-0.424616	 0.498411	-5.213119	-0.498231	 0.427351
-0.512438	-1.454202	-0.469820	-0.499252	-2.192165	-0.371965	-6.182417	-0.448153	 0.498411	-5.192266	-0.498231	 0.427351
-0.510389	-1.448385	-0.469814	-0.499252	-2.182517	-0.368139	-6.157687	 0.040079	 0.498411	-5.171497	-0.498231	 0.427351
-0.508347	-1.442591	-0.469811	-0.499252	-2.173347	-0.366226	-6.133056	 0.283138	 0.498411	-5.150811	-0.498231	 0.427351
-0.506314	-1.436821	-0.469810	-0.499252	-2.664434	-0.365270	-6.108524	-0.096385	 0.498411	-5.130208	-0.498231	 0.427351
-0.504289	-1.431074	-0.469809	-0.499252	-2.903667	-0.364792	-6.084090	-0.286147	 0.498411	-5.109687	-0.498231	 0.427351
-0.502271	-1.425350	-0.469809	-0.499252	-3.016997	-0.364553	-6.059754	 0.118973	 0.498411	-5.089248	-0.498231	 0.427351
-0.500262	-1.419648	-0.469809	-0.499252	-3.067402	-0.364433	-6.035515	 0.320484	 0.498411	-5.068891	-0.498231	 0.427351
-0.499258	-1.413970	-0.469809	-0.499252	-3.086368	-0.864373	-6.011373	-0.079804	 0.498411	-5.048616	-0.498231	 0.427351
-0.498755	-1.408314	-0.469808	-0.499252	-3.089641	-1.111615	-5.987327	-0.279948	 0.498411	-5.028421	-0.498231	 0.427351
-0.498504	-1.402680	-0.469808	-0.499252	-3.085091	-0.732518	-5.963378	-0.380020	 0.998411	-5.008308	-0.498231	 0.427351
-0.498379	-1.397070	-0.469808	-0.499252	-3.076656	-0.542969	-5.939524	-0.430056	 1.245415	-4.988275	-0.498231	 0.427351
-0.498316	-1.391481	-0.469808	-0.499252	-3.066301	-0.448195	-5.915766	-0.455074	 1.365931	-4.968321	-0.498231	 0.427351
-0.498285	-1.385915	-0.469808	-0.499252	-2.555012	-0.400808	-5.892103	-0.967583	 0.923217	-4.948448	-0.498231	 0.427351
-0.498269	-1.380372	-0.469808	-0.499252	-2.295280	-0.377114	-5.868535	-1.220878	 0.701860	-4.928654	-0.498231	 0.427351
-0.498261	-1.374850	-0.469808	-0.499252	-2.161343	-0.365268	-5.845061	-0.844577	 0.591181	-4.908940	-0.498231	 0.427351
-0.498257	-1.369351	-0.469808	-0.499252	-2.090320	-0.359344	-5.821680	-0.656426	 0.535842	-4.889304	-0.498231	 0.427351
-0.498255	-1.363873	-0.469808	-0.499252	-2.050769	-0.356383	-5.798394	-0.562351	 0.508172	-4.869747	-0.498231	 0.427351
-0.498254	-1.358418	-0.469808	-0.499252	-2.026972	-0.354902	-5.775200	-0.515313	 0.494337	-4.850268	-0.498231	 0.427351
-0.498254	-1.352984	-0.469808	-0.499252	-2.011067	-0.354161	-5.752099	 0.008206	 0.487420	-4.830867	-0.498231	 0.427351
-0.498253	-1.347572	-0.469808	-0.499252	-1.999124	-0.353791	-5.729091	 0.268902	 0.483961	-4.811543	-0.498231	 0.427351
-0.498253	-1.342182	-0.469808	-0.499252	-1.989178	-0.353606	-5.706175	 0.398191	 0.482232	-4.792297	-0.498231	 0.427351
-0.498253	-1.336813	-0.469808	-0.499252	-2.480247	-0.353513	-5.683350	-0.038220	 0.481367	-4.773128	-0.498231	 0.427351
-0.498253	-1.331466	-0.469808	-0.499252	-2.719838	-0.353467	-5.660616	-0.256425	 0.480935	-4.754035	-0.498231	 0.427351
-0.498253	-1.326140	-0.469808	-0.499252	-2.833715	-0.353444	-5.637974	-0.365528	 0.480718	-4.735019	 0.001769	 0.427351
-0.498253	-1.320836	-0.469808	-0.499252	-2.884759	-0.353432	-5.615422	-0.420079	 0.480610	-4.716079	 0.250765	 0.427351
-0.498253	-1.315552	-0.469808	-0.499252	-2.404409	-0.853427	-5.592960	 0.052645	 0.480556	-4.697215	-0.124737	 0.427351
-0.498253	-1.310290	-0.469808	-0.499252	-2.160386	-1.100717	-5.570589	 0.287957	 0.480529	-4.678426	-0.311487	 0.427351
-0.498253	-1.305049	-0.469808	-0.499252	-2.034541	-0.721666	-5.548306	-0.095434	 0.480516	-4.659712	-0.404862	 0.427351
-0.498253	-1.299829	-0.469808	-0.499252	-1.967802	-0.532141	-5.526113	-0.287130	 0.480509	-4.641073	-0.451550	 0.427351
-0.498253	-1.294629	-0.469808	-0.499252	-1.930630	-0.437378	-5.504009	-0.382977	 0.480506	-4.622509	-0.474894	 0.427351
-0.498253	-1.289451	-0.469808	-0.499252	-1.908257	-0.389996	-5.481992	 0.069099	 0.480504	-4.604019	-0.486566	 0.427351
-0.498253	-1.284293	-0.469808	-0.499252	-1.893299	-0.366306	-5.460065	 0.294094	 0.480503	-4.585603	-0.492402	 0.427351
-0.498253	-1.279156	-0.469808	-0.499252	-1.882063	-0.354460	-5.438224	-0.094446	 0.480503	-4.567261	-0.495320	 0.427351
-0.498253	-1.274039	-0.469808	-0.499252	-1.872703	-0.348538	-5.416471	-0.288716	 0.480502	-4.548992	-0.496779	 0.427351
-0.498253	-1.268943	-0.469808	-0.499252	-1.864297	-0.845576	-5.394805	-0.385851	 0.480502	-4.530796	-0.497508	 0.427351
-0.498253	-1.263867	-0.469808	-0.499252	-1.856382	-1.091411	-5.373226	-0.434419	 0.480502	-4.512672	-0.497873	 0.427351
-0.498253	-1.258812	-0.469808	-0.499252	-1.848728	-0.711653	-5.351733	-0.458702	 0.480502	-4.494622	-0.498055	 0.427351
-0.498253	-1.253777	-0.469808	-0.499252	-1.841218	-0.521774	-5.330326	-0.470844	 0.480502	-4.476643	-0.498146	 0.427351
-0.498253	-1.248762	-0.469808	-0.499252	-2.333796	-0.426835	-5.309005	-0.476915	 0.480502	-4.458737	-0.498192	 0.427351
-0.498253	-1.243767	-0.469808	-0.499252	-2.574432	-0.379365	-5.287769	-0.479951	 0.480502	-4.440902	-0.498215	 0.427351
-0.498253	-1.238791	-0.469808	-0.499252	-2.689120	-0.355631	-5.266618	-0.481468	 0.480502	-4.423138	-0.498226	 0.427351
-0.498253	-1.233836	-0.469808	-0.499252	-2.740857	-0.843763	-5.245552	-0.482227	 0.480502	-4.405446	-0.498232	 0.427351
-0.498253	-1.228901	-0.469808	-0.499252	-2.761140	-1.085166	-5.224569	-0.482607	 0.480502	-4.387824	-0.498235	 0.427351
-0.498253	-1.223985	-0.469808	-0.499252	-2.265718	-0.703214	-5.203671	-0.482796	 0.480502	-4.370272	-0.498236	 0.427351
-0.498253	-1.219089	-0.469808	-0.499252	-2.014467	-0.512238	-5.182856	-0.482891	 0.480502	-4.352791	-0.498237	 0.427351
-0.498253	-1.214213	-0.469808	-0.499252	-1.885315	-0.416750	-5.162125	-0.482939	 0.480502	-4.335380	 0.001763	 0.427351
-0.498253	-1.209356	-0.469808	-0.499252	-1.817227	-0.369006	-5.141476	-0.482962	 0.480502	-4.318039	 0.250759	 0.427351
-0.498253	-1.204519	-0.469808	-0.499252	-1.779684	-0.345134	-5.120911	-0.482974	 0.480502	-4.300767	-0.124743	 0.427351
-0.498253	-1.199701	-0.469808	-0.499252	-1.757429	-0.333198	-5.100427	-0.482980	 0.480502	-4.283563	-0.311493	 0.427351
-0.498253	-1.194902	-0.469808	-0.499252	-1.742831	-0.327230	-5.080025	-0.482983	 0.480502	-4.266429	-0.404868	 0.427351
-0.498253	-1.190122	-0.469808	-0.999252	-1.732075	-0.324246	-5.059705	 0.017015	 0.480502	-4.249363	-0.451556	 0.427351
-0.498253	-1.185362	-0.469808	-1.246254	-1.723255	-0.322754	-5.039466	 0.265981	 0.480502	-4.232366	-0.474900	 0.427351
-0.498253	-1.180620	-0.469808	-0.866768	-1.715416	-0.322008	-5.019308	-0.110567	 0.480502	-4.215437	-0.486572	 0.427351
-0.498253	-1.175898	-0.469808	-0.677025	-1.708081	-0.321635	-4.999231	-0.298840	 0.480502	-4.198575	-0.492408	 0.427351
-0.498253	-1.171194	-0.469808	-0.582154	-1.701012	-0.321448	-4.979234	 0.107023	 0.480502	-4.181781	-0.495326	 0.427351
-0.498253	-1.166510	-0.469808	-0.534718	-1.694090	-0.321355	-4.959317	 0.308929	 0.480502	-4.165053	-0.496785	 0.427351
-0.498253	-1.161843	-0.469808	-0.511000	-1.687254	-0.821308	-4.939480	-0.091140	 0.480502	-4.148393	-0.497514	 0.427351
-0.498253	-1.157196	-0.469808	-0.499141	-1.680476	-1.068643	-4.919722	-0.291174	 0.480502	-4.131800	-0.497879	 0.427351
-0.498253	-1.152567	-0.469808	-0.493212	-1.673739	-1.189678	-4.900043	-0.391192	 0.480502	-4.115272	-0.498061	 0.427351
-0.498253	-1.147957	-0.469808	-0.490247	-1.667037	-0.747574	-4.880443	-0.441200	 0.480502	-4.098811	 0.001848	 0.427351
-0.498253	-1.143365	-0.469808	-0.488764	-1.660365	-0.526522	-4.860921	-0.466205	 0.480502	-4.082416	 0.250799	 0.427351
-0.498253	-1.138792	-0.469808	-0.488023	-1.653721	-0.415996	-4.841478	-0.478707	 0.480502	-4.066086	-0.124726	 0.427351
-0.498253	-1.134237	-0.469808	-0.487653	-1.647106	-0.360733	-4.822112	-0.484958	 0.480502	-4.049822	-0.311488	 0.427351
-0.498253	-1.129700	-0.469808	-0.487467	-1.640517	-0.333102	-4.802823	 0.011917	 0.980502	-4.033623	-0.404869	 0.427351
-0.498253	-1.125181	-0.469808	-0.487375	-1.633954	-0.319286	-4.783612	 0.259336	 1.227541	-4.017488	-0.451559	 0.427351
-0.498253	-1.120680	-0.469808	-0.487328	-1.627419	-0.312378	-4.764477	-0.117967	 0.848112	-4.001418	-0.474904	 0.427351
-0.498253	-1.116197	-0.469808	-0.487305	-1.620909	-0.308924	-4.745420	-0.306619	 0.658397	-3.985413	-0.486577	 0.427351
-0.498253	-1.111733	-0.469808	-0.487294	-1.614425	-0.307197	-4.726438	-0.400945	 0.563539	-3.969471	-0.492413	 0.427351
-0.498253	-1.107286	-0.469808	-0.487288	-2.107967	-0.306334	-4.707532	-0.448108	 0.516111	-3.953593	-0.495331	 0.427351
-0.498253	-1.102857	-0.469808	-0.487285	-2.349536	-0.305902	-4.688702	-0.471690	 0.492396	-3.937779	-0.496791	 0.427351
-0.498253	-1.098445	-0.469808	-0.487284	-1.965137	-0.305686	-4.669947	-0.483480	 0.480539	-3.922028	-0.497520	 0.427351
-0.498253	-1.094051	-0.469808	-0.487283	-1.769777	-0.305578	-4.651267	-0.489376	 0.474611	-3.906340	-0.497885	 0.427351
-0.498253	-1.089675	-0.469808	-0.487282	-1.668948	-0.305524	-4.632662	 0.007677	 0.471646	-3.890714	-0.498067	 0.427351
-0.498253	-1.085316	-0.469808	-0.487282	-1.615397	-0.305497	-4.614132	 0.255193	 0.470164	-3.875151	-0.498158	 0.427351
-0.498253	-1.080975	-0.469808	-0.487282	-1.585498	-0.805484	-4.595675	-0.122054	 0.969423	-3.859651	-0.498204	 0.427351
-0.498253	-1.076651	-0.469808	-0.487282	-1.567437	-1.052866	-4.577292	-0.310677	 1.216115	-3.844212	-0.498227	 0.427351
-0.498253	-1.072345	-0.469808	-0.487282	-1.555308	-1.173956	-4.558983	-0.404989	 1.336536	-3.828835	-0.498238	 0.427351
-0.498253	-1.068055	-0.469808	-0.487282	-1.546157	-1.231912	-4.540747	-0.452145	 0.893832	-3.813520	-0.498244	 0.427351
-0.498253	-1.063783	-0.469808	-0.487282	-1.538508	-1.258310	-4.522584	-0.475723	 0.672480	-3.798266	-0.498247	 0.427351
-0.498253	-1.059528	-0.469808	-0.487282	-1.531621	-1.268939	-4.504494	-0.487512	 0.561804	-3.783073	-0.498248	 0.427351
-0.498253	-1.055290	-0.469808	-0.487282	-1.525128	-1.271695	-4.486476	-0.493406	 0.506466	-3.767940	-0.498249	 0.427351
-0.498253	-1.051069	-0.469808	-0.487282	-1.518845	-0.770524	-4.468530	 0.003646	 0.478797	-3.752869	-0.498249	 0.427351
-0.498253	-1.046864	-0.469808	-0.487282	-1.512678	-0.519938	-4.450656	 0.251171	 0.464963	-3.737857	-0.498249	 0.427351
-0.498253	-1.042677	-0.469808	-0.487282	-1.506581	-0.394645	-4.432853	-0.125066	 0.458045	-3.722906	-0.498250	 0.427351
-0.498253	-1.038506	-0.469808	-0.487282	-1.500532	-0.331999	-4.415122	-0.312182	 0.454587	-3.708014	-0.498250	 0.427351
-0.498253	-1.034352	-0.469808	-0.487282	-1.494519	-0.300676	-4.397462	-0.405740	 0.452857	-3.693182	-0.498250	 0.427351
-0.498253	-1.030215	-0.969808	-0.487282	-1.488535	-0.285014	-4.379872	 0.047481	 0.951993	-3.678409	-0.498250	 0.427351
-0.498253	-1.026094	-1.216869	-0.487282	-1.482578	-0.277183	-4.362352	 0.273090	 1.198658	-3.663696	-0.498250	 0.427351
-0.498253	-1.021990	-0.837471	-0.487282	-1.476646	-0.273268	-4.344903	-0.114106	 1.319100	-3.649041	 0.001750	 0.427351
-0.498253	-1.017902	-0.647772	-0.487282	-1.470739	-0.271310	-4.327523	-0.306701	 1.376442	-3.634445	 0.250747	 0.427351
-0.498253	-1.013830	-0.552923	-0.487282	-1.464855	-0.270331	-4.310213	 0.097002	 1.402246	-3.619907	-0.124755	 0.427351
-0.498253	-1.009775	-0.505498	-0.487282	-1.458996	-0.269842	-4.292972	 0.297851	 1.412291	-3.605427	-0.311505	 0.427351
-0.498253	-1.005736	-0.481786	-0.487282	-1.453160	-0.269597	-4.775800	-0.101724	 1.414469	-3.591006	-0.404880	 0.427351
-0.498253	-1.001713	-0.469930	-0.487282	-1.447347	-0.269475	-5.006697	-0.300509	 1.412725	-3.576642	-0.451568	 0.427351
-0.498253	-0.997706	-0.464002	-0.487282	-1.941558	-0.769414	-4.611670	-0.399901	 0.909031	-3.562335	-0.474912	 0.427351
-0.498253	-0.993715	-0.461038	-0.487282	-2.183791	-1.016844	-4.405724	-0.449597	 0.657184	-3.548086	-0.486584	 0.427351
-0.498253	-0.989740	-0.459556	-0.487282	-2.300056	-1.138031	-4.294351	-0.474445	 0.531261	-3.533893	-0.492420	 0.427351
-0.498253	-0.985781	-0.458815	-0.487282	-2.353356	-0.696106	-4.230298	-0.486870	 0.968299	-3.519758	-0.495338	 0.427351
-0.498253	-0.981838	-0.458444	-0.487282	-2.375193	-0.475144	-4.189940	-0.493082	 1.184007	-3.505679	-0.496797	 0.427351
-0.498253	-0.977911	-0.458259	-0.487282	-1.881317	-0.864662	-4.161461	 0.003812	 0.789062	-3.491656	-0.497526	 0.427351
-0.498253	-0.973999	-0.458166	-0.487282	-1.631604	-1.056913	-4.138956	 0.251258	 0.591589	-3.477689	-0.497891	 0.427351
-0.498253	-0.970103	-0.458120	-0.487282	-2.003984	-0.650541	-4.119470	 0.374981	 0.492853	-3.463779	-0.498073	 0.427351
-0.498253	-0.966223	-0.458097	-0.487282	-2.185421	-0.447354	-4.101528	 0.436842	 0.443485	-3.449924	-0.498164	 0.427351
-0.498253	-0.962358	-0.458085	-0.487282	-1.771406	-0.345761	-4.084389	 0.467773	 0.918801	-3.436124	-0.498210	 0.427351
-0.498253	-0.958508	-0.458079	-0.487282	-1.561684	-0.294964	-4.067685	 0.483238	 1.153671	-3.422379	-0.498233	 0.427351
-0.498253	-0.954674	-0.458076	-0.487282	-1.454119	-0.269566	-4.051232	 0.490971	 1.268328	-3.408690	-0.498244	 0.427351
-0.498253	-0.950856	-0.458075	-0.487282	-1.397643	-0.256867	-4.034935	 0.494837	 1.322891	-3.395055	-0.498250	 0.427351
-0.498253	-0.947052	-0.458074	-0.487282	-1.366723	-0.250517	-4.018750	 0.496770	 1.347418	-3.381475	-0.498253	 0.427351
-0.498253	-0.943264	-0.958074	-0.487282	-1.348591	-0.247343	-4.002652	-0.002263	 1.356937	-3.367949	 0.001746	 0.427351
-0.498253	-0.939491	-1.205158	-0.487282	-1.336864	-0.245755	-3.986630	-0.250777	 1.358964	-3.354477	 0.250742	 0.427351
-0.498253	-0.935733	-0.825795	-0.487282	-1.828351	-0.244962	-3.970677	-0.375034	 1.357255	-3.341059	 0.375240	 0.427351
-0.498253	-0.931990	-0.636114	-0.487282	-2.069454	-0.244565	-3.954792	-0.437163	 1.353690	-3.327695	 0.437489	 0.427351
-0.498253	-0.928262	-0.541273	-0.487282	-1.685385	-0.244366	-3.938971	 0.031773	 0.849207	-3.314384	-0.031387	 0.427351
-0.498253	-0.924549	-0.493853	-0.487282	-1.490747	-0.244267	-3.923215	 0.265239	 0.596966	-3.301127	-0.264824	 0.427351
-0.498253	-0.920851	-0.470142	-0.487282	-1.390837	-0.244217	-3.907521	 0.381973	 0.470845	-3.287922	-0.381543	 0.427351
-0.498253	-0.917167	-0.458287	-0.487282	-1.338299	-0.244193	-3.891891	 0.440339	 0.407785	-3.274771	-0.439902	 0.427351
