-0.499324	-0.499541	 0.288406	-0.487118	-0.469357	-0.318435	-0.637361	 0.303174	 0.457246	-0.854380	-0.389037	-0.498962
-0.499324	-0.499541	 0.288505	-0.487118	-0.469357	-0.318435	-0.634812	 0.303174	 0.457246	-0.664656	-0.388666	-0.498962
-0.499324	-0.499541	 0.288555	-0.487118	-0.469357	-0.318435	-0.632273	 0.303174	 0.457246	-0.569794	-0.388481	-0.498962
-0.499324	-0.499541	 0.288579	-0.487118	-0.469357	-0.318435	-0.629744	 0.303174	 0.457246	-0.522363	-0.388389	-0.498962
-0.499324	-0.499541	 0.288592	-0.487118	-0.469357	-0.318435	-0.627225	 0.303174	 0.457246	-0.498647	-0.388342	-0.498962
-0.499324	-0.499541	 0.288598	-0.487118	-0.469357	-0.318435	-0.624716	 0.303174	 0.457246	-0.486789	-0.888319	-0.498962
-0.499324	-0.499541	 0.288601	-0.487118	-0.469357	-0.318435	-0.622217	 0.303174	 0.457246	-0.480861	-1.135531	-0.498962
-0.499324	-0.499541	 0.288602	-0.487118	-0.469357	-0.318435	-0.619728	 0.303174	 0.457246	-0.477896	-0.756371	-0.498962
-0.499324	-0.499541	 0.288603	-0.487118	-0.469357	-0.318435	-0.617249	 0.303174	 0.457246	-0.476414	-0.566792	-0.498962
-0.499324	-0.499541	 0.288604	-0.487118	-0.469357	-0.318435	-0.614780	 0.303174	 0.457246	-0.475673	-0.472002	-0.498962
-0.499324	-0.499541	 0.288604	-0.487118	-0.469357	-0.318435	-0.612321	 0.303174	 0.457246	-0.475302	-0.424607	-0.498962
-0.499324	-0.499541	 0.288604	-0.487118	-0.469357	-0.318435	-0.609872	 0.303174	 0.457246	-0.475117	-0.400909	-0.498962
-0.499324	-0.499541	 0.288604	-0.487118	-0.469357	-0.318435	-0.607432	 0.303174	 0.457246	-0.475024	-0.389061	-0.498962
-0.499324	-0.499541	 0.288604	-0.487118	-0.469357	-0.318435	-0.605002	 0.303174	 0.457246	-0.474978	-0.383136	-0.498962
-0.499324	-0.499541	 0.288604	-0.487118	-0.469357	-0.318435	-0.602582	 0.303174	 0.457246	-0.474955	-0.380174	-0.498962
-0.499324	-0.499541	 0.288604	-0.487118	-0.469357	-0.318435	-0.600172	 0.303174	 0.457246	-0.474943	-0.378693	-0.498962
-0.499324	-0.499541	 0.288604	-0.487118	-0.469357	-0.818435	-0.597771	 0.303174	 0.457246	-0.474937	-0.377952	-0.498962
-0.499324	-0.499541	 0.288604	-0.487118	-0.469357	-1.065798	-0.595380	 0.303174	 0.457246	-0.474935	-0.377582	-0.498962
-0.499324	-0.499541	 0.288604	-0.487118	-0.469357	-0.686854	-0.592999	 0.303174	 0.457246	-0.474933	-0.877397	-0.498962
-0.499324	-0.499541	 0.288604	-0.487118	-0.469357	-0.497381	-0.590627	 0.303174	 0.457246	-0.474932	-1.124550	-0.498962
-0.499324	-0.499541	 0.288604	-0.487118	-0.469357	-0.402645	-0.588264	 0.303174	 0.457246	-0.474932	-1.245383	-0.498962
-0.499324	-0.499541	 0.288604	-0.487118	-0.469357	-0.855277	-0.085911	-0.196826	 0.457246	-0.474932	-0.803067	-0.498962
-0.499324	-0.499541	 0.288604	-0.487118	-0.469357	-1.078977	 0.165265	-0.445432	 0.457246	-0.474932	-0.581909	-0.498962
-0.499324	-0.499541	 0.288604	-0.487118	-0.469357	-0.688222	-0.209146	-0.068347	 0.457246	-0.474932	-0.471330	-0.498962
-0.499324	-0.499541	 0.288604	-0.487118	-0.469357	-0.492844	-0.395185	 0.120195	 0.457246	-0.474932	-0.416041	-0.498962
-0.499324	-0.499541	 0.288604	-0.487118	-0.469357	-0.395155	-0.487042	 0.214467	 0.457246	-0.474932	-0.388396	-0.498962
-0.499324	-0.499541	 0.288604	-0.487118	-0.469357	-0.346311	-0.531813	 0.261602	 0.457246	-0.474932	-0.374574	-0.498962
-0.499324	-0.499541	 0.288604	-0.487118	-0.469357	-0.321889	-0.553045	 0.285170	 0.457246	-0.474932	-0.867662	-0.498962
-0.499324	-0.499541	 0.288604	-0.487118	-0.469357	-0.309678	-0.562512	 0.296954	 0.457246	-0.474932	-1.111485	-0.498962
-0.499324	-0.499541	 0.288604	-0.487118	-0.469357	-0.303572	-0.566102	 0.302846	 0.457246	-0.474932	-1.230686	-0.498962
-0.499324	-0.499541	 0.288604	-0.487118	-0.469357	-0.300519	-0.566758	 0.305792	 0.457246	-0.474932	-0.787587	-0.498962
-0.499324	-0.499541	 0.288604	-0.487118	-0.469357	-0.298993	-0.565951	 0.307265	 0.457246	-0.474932	-0.566037	-0.498962
-0.499324	-0.499541	 0.288604	-0.487118	-0.469357	-0.298230	-0.564417	 0.308001	 0.457246	-0.474932	-0.455262	-0.498962
-0.499324	-0.499541	 0.288604	-0.487118	-0.469357	-0.297848	-0.562524	 0.308370	 0.457246	-0.474932	-0.399875	-0.498962
-0.499324	-0.499541	 0.288604	-0.487118	-0.469357	-0.297657	-0.060457	 0.308554	 0.457246	-0.474932	-0.372181	 0.001038
-0.499324	-0.499541	 0.288604	-0.487118	-0.469357	-0.297562	 0.190577	 0.308646	 0.457246	-0.474932	-0.358334	 0.250035
-0.499324	-0.499541	 0.288604	-0.487118	-0.469357	-0.297514	 0.316094	 0.308692	 0.457246	 0.025068	-0.351411	 0.374534
-0.499324	-0.499541	 0.288604	-0.487118	-0.469357	-0.297490	 0.378853	 0.308715	 0.457246	 0.274018	-0.347949	 0.436784
-0.499324	-0.499541	 0.288604	-0.487118	-0.469357	-0.297478	 0.410232	 0.308726	 0.457246	 0.397447	-0.346218	 0.467909
-0.499324	 0.000459	 0.288604	-0.487118	 0.030643	-0.297472	 0.425921	 0.308732	 0.457246	 0.458120	-0.345353	 0.483471
-0.499324	 0.249458	 0.288604	-0.487118	 0.279582	-0.297469	 0.433766	 0.308735	 0.457246	 0.487419	-0.344920	 0.491252
-0.499324	 0.373957	 0.288604	-0.487118	 0.902994	 0.202532	 0.937689	 0.308736	 0.957246	 0.501035	-0.344704	 0.495143
-0.499324	 0.436207	 0.288604	-0.487118	 1.211648	 0.451128	 1.186767	 0.308737	 1.204331	 0.506813	-0.344596	 0.497088
 0.000676	 0.467332	 0.288604	 0.012882	 1.862934	 1.574026	 3.308434	 1.308738	 1.324971	 1.008677	 0.155458	 0.498061
 0.249675	 0.482894	 0.288604	 0.261856	 2.183548	 2.130081	 4.358407	 1.804120	 1.382400	 1.256588	 0.404174	 0.498547
-0.125826	 0.490676	 0.288604	 0.385322	 3.338847	 2.902737	 8.872577	 2.547213	 1.408235	 2.377535	 0.527227	 0.498790
-0.312574	 0.494566	 0.288604	 0.446037	 3.907509	 3.281714	 11.102889	 2.912178	 1.418284	 2.931011	 0.587452	 0.498912
-0.405947	 0.496511	 0.288604	 0.475381	 4.182887	 3.463881	 12.191378	 3.088107	 1.420452	 3.200780	 0.616270	 0.498973
-0.452634	 0.497484	 0.288604	 0.489043	 4.811659	 4.047672	 15.209063	 3.169543	 0.918691	 3.828724	 0.629388	 0.499003
-0.475978	 0.497970	 0.288604	 0.494869	 5.115165	 4.330305	 16.681452	 3.203759	 0.667810	 4.133782	 0.634662	 0.499018
 0.012351	 0.498214	 0.288604	 0.496781	 5.256080	 4.962396	 17.381339	 3.714391	 0.542370	 3.777434	 0.636020	 0.499026
 0.255513	 0.498335	 0.288604	 0.497737	 5.315744	 5.267252	 17.695120	 3.961257	 0.479649	 3.592417	 0.635424	 0.499030
 0.377095	 0.498396	 0.288604	 0.998214	 5.334825	 5.408536	 17.815992	 4.076274	 0.448289	 3.993094	 0.633856	 0.499031
 0.437885	 0.498426	 0.288604	 1.245456	 5.333658	 5.468078	 17.840555	 4.125400	 0.432609	 4.184645	 0.631807	 0.499032
-0.031719	 0.498442	 0.288604	 0.866091	 5.322409	 4.986794	 16.817106	 4.141613	 0.424769	 3.771668	 0.629524	 0.499033
-0.265519	 0.498449	 0.288604	 0.676409	 5.306162	 4.737141	 16.273794	 4.141405	 0.420849	 3.558463	 0.627127	 0.499033
-0.382419	 0.498453	 0.288604	 0.581568	 5.287459	 4.603340	 15.970677	 4.133018	 0.418889	 3.445169	 0.624680	 0.499033
 0.059131	 0.498455	 0.288604	 0.534147	 4.767570	 4.027500	 13.287784	 3.120575	 0.417909	 2.881859	 0.622211	 0.499033
 0.278905	 0.498456	 0.288604	 0.510437	 4.499130	 3.732676	 11.925127	 2.610138	 0.417419	 2.595566	 0.619738	 0.499033
-0.111208	 0.498456	 0.288604	 0.498582	 3.356449	 2.578389	 7.722674	 1.850720	 0.917174	 1.447802	 0.117266	-0.000967
-0.305262	 0.498457	 0.288604	 0.492654	 2.780681	 1.998397	 5.614407	 1.468828	 1.164218	 0.873919	-0.133969	-0.249965
-0.402289	 0.498457	 0.288604	-0.010309	 1.988387	 1.205565	 3.553261	 0.775708	 0.784917	 0.586978	-0.259587	 0.125536
-0.450803	 0.498457	 0.288604	-0.260765	 1.589848	 0.809148	 2.519704	 0.429148	 0.595267	 0.443508	-0.322396	 0.312285
-0.475059	 0.498457	 0.288604	-0.384970	 0.888195	 0.110940	 1.499953	 0.255868	 0.500442	 0.371772	-0.353800	 0.405659
-0.487188	 0.498457	 0.288604	-0.446054	 0.537369	-0.236990	 0.990078	 0.169228	 0.453029	 0.335905	-0.369503	 0.452346
-0.493252	-0.001543	 0.288604	-0.475582	 0.361956	-0.409785	 0.235140	 0.125908	 0.429323	 0.317971	-0.377354	 0.475690
-0.496284	-0.250540	 0.288604	-0.489336	 0.274250	-0.495017	-0.141289	 0.104248	 0.417470	 0.309004	-0.381279	 0.487361
-0.497800	-0.375039	 0.288604	-0.495206	 0.230397	-0.536473	-0.328468	 0.093418	 0.411543	 0.304520	-0.383242	 0.493197
-0.498558	-0.437288	 0.288604	-0.497140	 0.208470	-0.556044	-0.421027	 0.088003	 0.408580	-0.197721	-0.384223	-0.003885
-0.498937	-0.468412	 0.288604	-0.498106	 0.197507	-0.564679	-0.466279	 0.085296	 0.407098	-0.447442	-0.384714	-0.251424
-0.499127	-0.483975	 0.288604	-0.498590	-0.307975	-0.567850	-0.487881	 0.083942	 0.406357	-0.570908	-0.384960	 0.124807
-0.499221	-0.491756	 0.288604	-0.498831	-0.559089	-0.568293	-0.497664	 0.083265	 0.405987	-0.631253	-0.385082	 0.311920
-0.499269	-0.495646	 0.288604	-0.498952	-0.683026	-0.567378	-0.501540	 0.082927	 0.405802	-0.660042	-0.385144	-0.094524
-0.499292	-0.497592	 0.288604	-0.499012	-0.743380	-0.565787	-0.502468	 0.082758	 0.405709	-0.673059	-0.385174	-0.296744
-0.499304	-0.498564	 0.288604	-0.499043	-0.771950	-0.563863	-1.001925	 0.082673	 0.405663	-0.678195	-0.385190	-0.397853
-0.499310	-0.499051	 0.288604	-0.499058	-0.784633	-0.561777	-1.248650	 0.082631	 0.405640	-0.679396	-0.385197	-0.448408
-0.499313	-0.499294	 0.288604	-0.499065	-0.789381	-0.559615	-1.369022	 0.082610	 0.405628	-0.678636	-0.385201	-0.473686
-0.499315	-0.499415	 0.288604	-0.499069	-0.790166	-0.557419	-0.926230	 0.082599	 0.405622	-0.676900	-0.385203	-0.486325
-0.499315	-0.499476	 0.288604	-0.499071	-0.788977	-0.555210	-0.704833	 0.082594	 0.405619	-0.674681	-0.385204	-0.492644
-0.499316	-0.499507	 0.288604	-0.499072	-0.786807	-0.553000	-1.094135	 0.082591	 0.405618	-0.672227	-0.385204	-0.495804
-0.499316	-0.499522	 0.288604	-0.499072	-0.784152	-0.550793	-1.285819	 0.082590	 0.405617	-0.669661	-0.385205	-0.497383
-0.499316	-0.499529	 0.288604	-0.499073	-0.781262	-0.548593	-1.378706	 0.082589	 0.405617	-0.667043	-0.385205	-0.498173
-0.499316	-0.499533	 0.288604	-0.499073	-0.778260	-0.546400	-1.422206	 0.082589	 0.405617	-0.664406	-0.385205	-0.498568
-0.499316	-0.499535	 0.288604	-0.499073	-0.775209	-0.544215	-1.441025	 0.082589	 0.405617	-0.661763	-0.385205	-0.498766
-0.499316	-0.499536	 0.288604	-0.499073	-0.772139	-0.542038	-1.447515	 0.082589	 0.405617	-0.659124	-0.385205	-0.498865
-0.499316	-0.499537	 0.288604	-0.499073	-0.769066	-0.539870	-1.447852	 0.082588	 0.405617	-0.656491	-0.385205	-0.498914
-0.499316	-0.499537	 0.288604	-0.499073	-0.765997	-0.537711	-1.445124	 0.082588	 0.405616	-0.653867	-0.385205	-0.498939
-0.499316	-0.499537	 0.288604	-0.499073	-0.762937	-0.535560	-1.440875	 0.082588	 0.405616	-0.651253	-0.385205	-0.498951
-0.499316	-0.499537	 0.288604	-0.499073	-0.759887	-0.533418	-1.435877	 0.082588	 0.405616	-0.648648	-0.385205	-0.498957
-0.499316	-0.499537	 0.288604	-0.499073	-0.756849	-0.531284	-1.430517	 0.082588	 0.405616	-0.646054	-0.385205	-0.498960
-0.499316	-0.499537	-0.211396	-0.499073	-0.753822	-0.529159	-0.924986	 0.082588	 0.405616	-0.643470	-0.385205	-0.498962
-0.499316	-0.499537	-0.459973	-0.499073	-0.750807	-0.527043	-0.672221	 0.082588	 0.405616	-0.640896	-0.385205	-0.498963
-0.499316	-0.499537	-0.082845	-0.499073	-0.747804	-0.524934	-1.045838	 0.082588	 0.405616	-0.638332	-0.885205	-0.498963
-0.499316	-0.499537	 0.105720	-0.499073	-0.744812	-0.522835	-1.229808	 0.082588	 0.405616	-0.635779	-1.132434	-0.498963
-0.499316	-0.499537	 0.200002	-0.499073	-0.741833	-0.520743	-1.318965	 0.082588	 0.405616	-0.633236	-1.253290	-0.498963
-0.499316	-0.499537	 0.247143	-0.499073	-0.738866	-0.518660	-1.360728	 0.082588	 0.405616	-0.630703	-0.810969	-0.498963
-0.499316	-0.499537	 0.270713	-0.499073	-0.735910	-0.516586	-1.378804	 0.082588	 0.405616	-0.628180	-0.589809	-0.498963
-0.499316	-0.499537	 0.282499	-0.499073	-0.732967	-0.514519	-0.885048	 0.082588	 0.405616	-0.625667	-0.479229	-0.498963
-0.499316	-0.499537	 0.288391	-0.499073	-0.730035	-0.512461	-0.638170	 0.082588	 0.405616	-0.623165	-0.423939	-0.498963
-0.499316	-0.499537	 0.291337	-0.499073	-0.727115	-1.010411	-1.014732	 0.082588	 0.405616	-0.620672	-0.396294	-0.498963
-0.499316	-0.499537	 0.292811	-0.499073	-0.724206	-1.256370	-1.200229	 0.082588	 0.405616	-0.618189	-0.382471	-0.498963
-0.499316	-0.499537	-0.206453	-0.499073	-0.721309	-0.876344	-0.790207	 0.082588	 0.405616	-0.615717	-0.375560	-0.498963
-0.499316	-0.499537	-0.454673	-0.499073	-0.718424	-0.686332	-0.585196	 0.082588	 0.405616	-0.613254	-0.372104	-0.498963
-0.499316	-0.499537	-0.577377	-0.499073	-0.715551	-0.591325	-0.482690	 0.082588	 0.405616	-0.610801	-0.370377	-0.498963
-0.499316	-0.499537	-0.137329	-0.499073	-0.712688	-0.543822	-0.931437	 0.082588	 0.405616	-0.608358	-0.869513	-0.498963
-0.499316	-0.499537	 0.082695	-0.499073	-0.709838	-0.520070	-1.153051	 0.082588	 0.405616	-0.605924	-1.116343	-0.498963
-0.499316	-0.499537	 0.192707	-0.499073	-0.706998	-0.508195	-1.261108	 0.082588	 0.405616	-0.603500	-0.737032	-0.498963
-0.499316	-0.499537	 0.247713	-0.499073	-0.704170	-0.502257	-1.312398	 0.082588	 0.405616	-0.601086	-0.547377	-0.498963
-0.499316	-0.499537	 0.275216	-0.499073	-0.701354	-0.499288	-1.335316	 0.082588	 0.405616	-0.598682	-0.452549	-0.498963
-0.499316	-0.499537	 0.288967	-0.499073	-0.698548	-0.497803	-1.344058	 0.082588	 0.405616	-0.596287	-0.405135	-0.498963
-0.499316	-0.499537	 0.295843	-0.499073	-0.695754	-0.997061	-1.345724	-0.417412	 0.405616	-0.593902	-0.381428	-0.498963
-0.499316	-0.499537	 0.299281	-0.499073	-0.692971	-1.243697	-1.343862	-0.665577	 0.405616	-0.591527	-0.369575	-0.498963
-0.499316	-0.499537	 0.301000	-0.499073	-0.690199	-1.364035	-1.340247	-0.787832	 0.405616	-0.589161	-0.363648	-0.498963
-0.499316	-0.499537	 0.301859	-0.499073	-0.687438	-0.921235	-1.335766	-0.847139	 0.405616	-0.586804	-0.860685	-0.498963
-0.499316	-0.499537	 0.302289	-0.499073	-0.684688	-0.699835	-1.330863	-0.874980	 0.405616	-0.584457	-1.106488	-0.498963
-0.499316	-0.499537	-0.197496	-0.499073	-0.681950	-0.589135	-0.825760	-0.387095	 0.405616	-0.582119	-1.226685	-0.498963
-0.499316	-0.499537	-0.445994	-0.499073	-0.679222	-0.533785	-0.573208	-0.143152	 0.405616	-0.579790	-1.284089	-0.498963
-0.499316	-0.499537	-0.068854	-0.499073	-0.676505	-0.506110	-0.946932	-0.021181	 0.405616	-1.077471	-0.810109	-0.498963
-0.499316	-0.499537	 0.119716	-0.499073	-0.673799	-0.492272	-1.131153	 0.039805	 0.405616	-1.323161	-0.573118	-0.498963
-0.499316	-0.499537	 0.214001	-0.499073	-0.671104	-0.485353	-0.720633	 0.070298	 0.405616	-0.942869	-0.454623	-0.498963
-0.499316	-0.499537	 0.261143	-0.499073	-0.668419	-0.481894	-0.515373	 0.085544	 0.405616	-0.751597	-0.395376	-0.498963
-0.499316	-0.499537	 0.284714	-0.499073	-0.665746	-0.480164	-0.412742	 0.093167	 0.405616	-0.654841	-0.365752	-0.498963
-0.499316	-0.499537	 0.296500	-0.499073	-0.663083	-0.479300	-0.361427	 0.096979	 0.405616	-0.605346	-0.350940	-0.498963
-0.499316	-0.499537	 0.302393	-0.499073	-0.660430	-0.478867	-0.335770	 0.098885	 0.405616	-0.579488	-0.343534	-0.498963
-0.499316	-0.499537	 0.305339	-0.499073	-0.657789	-0.478651	-0.822941	 0.099838	 0.405616	-0.565451	-0.339831	-0.498963
-0.499316	-0.499537	 0.306812	-0.499073	-0.655158	-0.478543	-1.063907	 0.100314	 0.405616	-0.557330	-0.337979	-0.498963
-0.499316	-0.499537	 0.307549	-0.499073	-0.652537	-0.478489	-1.181779	 0.100552	 0.405616	-0.552171	-0.337054	-0.498963
-0.499316	-0.499537	 0.307917	-0.499073	-0.649927	-0.478462	-1.238117	 0.100671	 0.405616	-0.548497	-0.336591	-0.498963
-0.499316	-0.499537	-0.191898	-0.499073	-0.647327	-0.478448	-1.263696	-0.399269	 0.405616	-1.045571	-0.336359	-0.498963
-0.499316	-0.499537	-0.440423	-0.499073	-0.644738	-0.478441	-1.273908	-0.647441	 0.405616	-1.291022	-0.336244	-0.498963
-0.499316	-0.499537	-0.563307	-0.499073	-0.642159	-0.478438	-1.276445	-0.769736	 0.405616	-1.410675	-0.336186	-0.498963
-0.499316	-0.499537	-0.123377	-0.499073	-0.639590	-0.478436	-1.275156	-0.329099	 0.405616	-0.967441	-0.336157	-0.498963
-0.499316	-0.499537	 0.096588	-0.499073	-0.637032	-0.478436	-1.271963	-0.108780	 0.405616	-0.744775	-0.336142	-0.498963
-0.499316	-0.499537	-0.293429	-0.499073	-0.634484	-0.978435	-1.267830	 0.001379	 0.405616	-0.632398	-0.336135	-0.498963
-0.499316	-0.499537	-0.487071	-0.499073	-0.631946	-1.225478	-1.263235	 0.056458	 0.405616	-0.575170	-0.336132	-0.498963
-0.499316	-0.499537	-0.082531	-0.499073	-0.629418	-0.846054	-0.758421	 0.083998	 0.405616	-0.545520	-0.336130	-0.498963
-0.499316	-0.499537	 0.119739	-0.499073	-0.626900	-0.656343	-0.506014	 0.097768	 0.405616	-0.529663	-0.336129	-0.498963
-0.499316	-0.499537	-0.279125	-0.499073	-0.624393	-0.561487	-0.879810	 0.104653	 0.405616	-0.520707	-0.336128	-0.498963
-0.499316	-0.499537	-0.477202	-0.499073	-0.621895	-0.514059	-1.064201	 0.108095	 0.405616	-0.515205	-0.336128	-0.498963
-0.499316	-0.499537	-0.574890	-0.499073	-0.619408	-0.490345	-1.153900	 0.109817	 0.405616	-0.511435	-0.336128	-0.498963
-0.499316	-0.499537	-0.122388	-0.499073	-0.616930	-0.478488	-1.196261	 0.110677	 0.405616	-0.508535	-0.336128	-0.498963
-0.499316	-0.499537	 0.103862	-0.499073	-0.614462	-0.472559	-1.214965	 0.111108	 0.405616	-0.506073	-0.336128	-0.498963
-0.499316	-0.499537	 0.216988	-0.499073	-1.112004	-0.469595	-1.221850	-0.388677	 0.405616	-0.503835	-0.336128	-0.498963
-0.499316	-0.499537	 0.273550	-0.499073	-1.357556	-0.468113	-1.222835	-0.636793	 0.405616	-0.501713	-0.336128	-0.498963
-0.499316	-0.499537	 0.301832	-0.499073	-0.977126	-0.467372	-0.720879	-0.259081	 0.405616	-0.500652	-0.336128	-0.498963
-0.499316	-0.499537	 0.315972	-0.499073	-0.785718	-0.467001	-0.469902	-0.070225	 0.405616	-0.500121	-0.336128	-0.498963
-0.499316	-0.499537	 0.323043	-0.499073	-0.688825	-0.466816	-0.344413	 0.024203	 0.405616	-0.499856	-0.336128	-0.498963
-0.499316	-0.499537	 0.326578	-0.499073	-0.639194	-0.466723	-0.281668	 0.071417	 0.405616	-0.499724	-0.336128	-0.498963
-0.499316	-0.499537	 0.328346	-0.499073	-0.613200	-0.466677	-0.250296	 0.095024	 0.405616	-0.499657	-0.336128	-0.498963
-0.499316	-0.499537	-0.170771	-0.499073	-0.599029	-0.466654	-0.734610	 0.106828	 0.405616	-0.499624	-0.336128	-0.498963
-0.499316	-0.499537	-0.418989	-0.499073	-0.590773	-0.466642	-0.974329	 0.112730	 0.405616	-0.499607	-0.336128	-0.498963
-0.499316	-0.499537	-0.041764	-0.499073	-0.585480	-0.466637	-1.091761	 0.115680	 0.405616	-0.499599	-0.336128	-0.498963
-0.499316	-0.499537	 0.146849	-0.499073	-0.581674	-0.466634	-1.148058	 0.117156	 0.405616	-0.499595	-0.336128	-0.498963
-0.499316	-0.499537	 0.241155	-0.499073	-0.578614	-0.466632	-1.173798	 0.117894	 0.405616	-0.499593	-0.336128	-0.498963
-0.499316	-0.499537	 0.288308	-0.499073	-0.575934	-0.466632	-1.184269	 0.118262	 0.405616	-0.499592	-0.336128	-0.498963
-0.499316	-0.499537	 0.311885	-0.499073	-0.573447	-0.466631	-1.187115	 0.118447	 0.405616	-0.499591	-0.836128	-0.498963
-0.499316	-0.499537	 0.323673	-0.499073	-0.571062	-0.466631	-1.186158	 0.118539	 0.405616	-0.499591	-1.083456	-0.498963
-0.499316	-0.499537	 0.329567	-0.499073	-0.568732	-0.466631	-1.183309	 0.118585	 0.405616	-0.499591	-1.204458	-0.498963
-0.499316	-0.499537	 0.332514	-0.499073	-0.566434	-0.466631	-1.179524	 0.118608	 0.405616	-0.499591	-0.762308	-0.498963
-0.499316	-0.499537	 0.333988	-0.499073	-0.564157	-0.466631	-1.175280	 0.118620	 0.405616	-0.499591	-0.541233	-0.498963
-0.499316	-0.499537	 0.334725	-0.499073	-0.561894	-0.966631	-1.170815	 0.118626	 0.405616	-0.499591	-0.430696	-0.498963
-0.499316	-0.499537	 0.335093	-0.499073	-0.559644	-1.213698	-1.166251	 0.118628	 0.405616	-0.499591	-0.375427	-0.498963
-0.499316	-0.499537	 0.335277	-0.499073	-0.557404	-0.834309	-1.161645	 0.118630	 0.405616	-0.499591	-0.347793	-0.498963
-0.499316	-0.499537	 0.335369	-0.499073	-0.555173	-0.644615	-1.157028	 0.118631	 0.405616	-0.499591	-0.333976	-0.498963
-0.499316	-0.499537	 0.335415	-0.499073	-0.552952	-0.549768	-1.152415	 0.118631	 0.405616	-0.499591	-0.327067	-0.498963
-0.499316	-0.499537	 0.335438	-0.499073	-0.550740	-0.502345	-1.147812	 0.118631	 0.405616	-0.499591	-0.323613	-0.498963
-0.499316	-0.499537	 0.335450	-0.499073	-0.548537	-0.478633	-1.143225	-0.381369	 0.405616	-0.499591	-0.321886	-0.498963
-0.499316	-0.499537	 0.335456	-0.499073	-0.546343	-0.466777	-1.138654	-0.629606	 0.405616	-0.499591	-0.321022	-0.498963
-0.499316	-0.499537	 0.335459	-0.499073	-0.544158	-0.460849	-1.134100	-0.751969	 0.405616	-0.499591	-0.320590	-0.498963
-0.499316	-0.499537	 0.335460	-0.499073	-0.541981	-0.457885	-1.129564	-0.311402	 0.405616	-0.499591	-0.320374	-0.498963
-0.499316	-0.499537	 0.335461	-0.499073	-0.539813	-0.456403	-1.125046	-0.091118	 0.405616	-0.499591	-0.320266	-0.498963
-0.499316	-0.499537	-0.164539	-0.499073	-0.537654	-0.455662	-0.620546	 0.019024	 0.405616	-0.499591	-0.320212	-0.498963
-0.499316	-0.499537	-0.413210	-0.499073	-0.535503	-0.455292	-0.368296	 0.074095	 0.405616	-0.499591	-0.320185	-0.498963
-0.499316	-0.499537	-0.036221	-0.499073	-0.533361	-0.455107	-0.742171	 0.101630	 0.405616	-0.499591	-0.320172	-0.498963
-0.499316	-0.499537	 0.152273	-0.499073	-0.531228	-0.455014	-0.926876	 0.115398	 0.405616	-0.499591	-0.320165	-0.498963
-0.499316	-0.499537	 0.246520	-0.499073	-0.529103	-0.454968	-1.017006	 0.122282	 0.405616	-0.499591	-0.320162	-0.498963
-0.499316	-0.499537	 0.293644	-0.499073	-0.526987	-0.454944	-1.059856	 0.125724	 0.405616	-0.499591	-0.320160	-0.498963
-0.499316	-0.499537	 0.317205	-0.499073	-0.524879	-0.454933	-1.079076	 0.127445	 0.405616	-0.499591	-0.320159	-0.498963
-0.499316	-0.499537	 0.328986	-0.499073	-0.522779	-0.454927	-1.086490	 0.128305	 0.405616	-0.499591	-0.320159	-0.498963
-0.499316	-0.499537	 0.334877	-0.499073	-0.520688	-0.454924	-1.088008	 0.128735	 0.405616	-0.499591	-0.320159	-0.498963
-0.499316	-0.499537	 0.337822	-0.499073	-0.518605	-0.454923	-1.086589	 0.128950	 0.405616	-0.499591	-0.320159	-0.498963
-0.499316	-0.499537	 0.339295	-0.499073	-0.516531	-0.454922	-1.083709	 0.129058	 0.405616	-0.499591	-0.320159	-0.498963
-0.499316	-0.499537	 0.340031	-0.499073	-0.514465	-0.454922	-0.580107	 0.129112	 0.405616	-0.499591	-0.320159	-0.498963
-0.499316	-0.499537	 0.340399	-0.499073	-0.512407	-0.454921	-0.328306	 0.129139	 0.405616	-0.499591	-0.320158	-0.498963
-0.499316	-0.499537	 0.340583	-0.499073	-0.510357	-0.954921	-0.202406	 0.129152	 0.405616	-0.499591	-0.320158	-0.498963
-0.499316	-0.499537	 0.340675	-0.499073	-0.508316	-1.202011	-0.139455	 0.129159	 0.405616	-0.499591	-0.320158	-0.498963
-0.499316	-0.499537	 0.340721	-0.499073	-0.506282	-1.322658	-0.107980	 0.129162	 0.405616	-0.499591	-0.320158	-0.498963
-0.499316	-0.499537	 0.340744	-0.499073	-0.504257	-0.880095	-0.592243	 0.129164	 0.405616	-0.499591	-0.320158	-0.498963
-0.499316	-0.499537	 0.340756	-0.499073	-0.502240	-0.658814	-0.832221	 0.129165	 0.405616	-0.499591	-0.320158	-0.498963
-0.499316	-0.499537	 0.340761	-0.499073	-0.500231	-0.548173	-0.950066	 0.129165	 0.405616	-0.499591	-0.320158	-0.498963
-0.499316	-0.499537	 0.340764	-0.499073	-0.499227	-0.492852	-1.006852	 0.129165	 0.405616	-0.499591	-0.320158	-0.498963
-0.499316	-0.499537	 0.340766	-0.499073	-0.498725	-0.465192	-1.033118	 0.129165	 0.405616	-0.499591	-0.320158	-0.498963
-0.499316	-0.499537	 0.340766	-0.499073	-0.498474	-0.451362	-1.044132	 0.129165	 0.405616	-0.499591	-0.320158	-0.498963
-0.499316	-0.499537	 0.340767	-0.499073	-0.498348	-0.444447	-1.047529	 0.129165	 0.405616	-0.499591	-0.320158	-0.498963
-0.499316	-0.499537	 0.340767	-0.499073	-0.498285	-0.440989	-1.047126	 0.129166	 0.405616	-0.499591	-0.320158	-0.498963
-0.499316	-0.499537	 0.340767	-0.499073	-0.498254	-0.439261	-1.044831	 0.129166	 0.405616	-0.499591	-0.320158	-0.498963
-0.499316	-0.499537	 0.340767	-0.499073	-0.498238	-0.438396	-1.041598	-0.370834	 0.405616	-0.499591	-0.320158	-0.498963
-0.499316	-0.499537	 0.340767	-0.499073	-0.498230	-0.437964	-1.037905	-0.619093	 0.405616	-0.499591	-0.320158	-0.498963
-0.499316	-0.499537	 0.340767	-0.499073	-0.498226	-0.437748	-1.033990	-0.241487	 0.405616	-0.499591	-0.320158	-0.498963
-0.499316	-0.499537	 0.340767	-0.499073	-0.498224	-0.437640	-1.029972	-0.052685	 0.405616	-0.499591	-0.320158	-0.498963
-0.499316	-0.499537	 0.340767	-0.499073	-0.498223	-0.437586	-1.025912	 0.041717	 0.405616	-0.499591	-0.320158	-0.498963
-0.499316	-0.499537	 0.340767	-0.499073	-0.498223	-0.437559	-1.021838	 0.088918	 0.405616	-0.499591	-0.320158	-0.498963
-0.499316	-0.499537	 0.340767	-0.499073	-0.498223	-0.437545	-1.017765	-0.387482	 0.405616	-0.499591	-0.320158	-0.498963
-0.499316	-0.499537	 0.340767	-0.499073	-0.498223	-0.437539	-1.013701	-0.623954	 0.405616	-0.499591	-0.320158	-0.498963
-0.499316	-0.499537	 0.340767	-0.499073	-0.498222	-0.437535	-1.009650	-0.740469	 0.405616	-0.499591	-0.320158	-0.498963
-0.499316	-0.499537	 0.340767	-0.499073	-0.498222	-0.437534	-1.005613	-0.297013	 0.405616	-0.499591	-0.320158	-0.498963
-0.499316	-0.499537	 0.340767	-0.499073	-0.498222	-0.437533	-1.001592	-0.075285	 0.405616	-0.499591	-0.320158	-0.498963
-0.499316	-0.499537	 0.340767	-0.499073	-0.498222	-0.937532	-0.997586	 0.035579	 0.405616	-0.499591	-0.320158	-0.498963
-0.499316	-0.499537	 0.340767	-0.499073	-0.498222	-1.184657	-0.993596	 0.091011	 0.405616	-0.499591	-0.320158	-0.498963
-0.499316	-0.499537	 0.340767	-0.499073	-0.498222	-0.805356	-0.489622	 0.118727	 0.405616	-0.499591	-0.320158	-0.498963
-0.499316	-0.499537	 0.340767	-0.499073	-0.498222	-0.615705	-0.237635	 0.132585	 0.405616	-0.499591	-0.320158	-0.498963
-0.499316	-0.499537	-0.159233	-0.499073	-0.498222	-0.520880	-0.611641	 0.139514	 0.405616	-0.499591	-0.320158	-0.498963
-0.499316	-0.499537	-0.407914	-0.499073	-0.498222	-0.473467	-0.796673	 0.142979	 0.405616	-0.499591	-0.320158	-0.498963
-0.499316	-0.499537	-0.530942	-0.499073	-0.498222	-0.449761	-0.887225	 0.144711	 0.405616	-0.499591	-0.320158	-0.498963
-0.499316	-0.499537	-0.091148	-0.499073	-0.498222	-0.437908	-0.430546	 0.145577	 0.405616	-0.499591	-0.320158	-0.498963
-0.499316	-0.499537	 0.128749	-0.499073	-0.498222	-0.431981	-0.202207	 0.146010	 0.405616	-0.499591	-0.320158	-0.498963
-0.499316	-0.499537	 0.238698	-0.499073	-0.498222	-0.929018	-0.588037	 0.146227	 0.405616	-0.499591	-0.320158	-0.498963
-0.499316	-0.499537	 0.293672	-0.499073	-0.498222	-1.174684	-0.779004	 0.146335	 0.405616	-0.499591	-0.320158	-0.498963
-0.499316	-0.499537	 0.321159	-0.499073	-0.498222	-1.294677	-0.372548	 0.146389	 0.405616	-0.499591	-0.320158	-0.498963
-0.499316	-0.499537	 0.334903	-0.499073	-0.498222	-1.351844	-0.169320	 0.146416	 0.405616	-0.499591	-0.320158	-0.498963
-0.499316	-0.499537	 0.341775	-0.499073	-0.498222	-0.877609	-0.567706	 0.146430	 0.405616	-0.499591	-0.320158	-0.498963
-0.499316	-0.499537	 0.345210	-0.499073	-0.498222	-0.640492	-0.764966	 0.146437	 0.405616	-0.499591	-0.320158	-0.498963
-0.499316	-0.499537	 0.346928	-0.499073	-0.498222	-0.521933	-0.861672	 0.146440	 0.405616	-0.499591	-0.320158	-0.498963
-0.499316	-0.499537	 0.347787	-0.499073	-0.498222	-0.962654	-0.408109	 0.146442	 0.405616	-0.499591	-0.320158	-0.498963
-0.499316	-0.499537	 0.348217	-0.499073	-0.498222	-1.180207	-0.181327	 0.146443	 0.405616	-0.499591	-0.320158	-0.498963
-0.499316	-0.499537	-0.151568	-0.499073	-0.498222	-0.786189	-0.567936	 0.146443	 0.405616	-0.499591	-0.320158	-0.498963
-0.499316	-0.499537	-0.400158	-0.499073	-0.498222	-0.589179	-0.759331	 0.146443	 0.405616	-0.499591	-0.320158	-0.498963
-0.499316	-0.499537	-0.023156	-0.499073	-0.498222	-0.490675	-0.353127	 0.146443	 0.405616	-0.499591	-0.320158	-0.498963
-0.499316	-0.499537	 0.165345	-0.499073	-0.498222	-0.441422	-0.150026	 0.146443	 0.405616	-0.499591	-0.320158	-0.498963
-0.499316	-0.499537	 0.259596	-0.499073	-0.498222	-0.416796	-0.048475	 0.146443	 0.405616	-0.499591	-0.320158	-0.498963
-0.499316	-0.499537	 0.306721	-0.499073	-0.498222	-0.404483	 0.002301	 0.146443	 0.405616	-0.499591	-0.320158	-0.498963
-0.499316	-0.499537	 0.330284	-0.499073	-0.498222	-0.398326	-0.472311	 0.146443	 0.405616	-0.499591	-0.320158	-0.498963
-0.499316	-0.499537	 0.342065	-0.499073	-0.498222	-0.395248	-0.707724	 0.146443	 0.405616	-0.499591	-0.320158	-0.498963
-0.499316	-0.499537	 0.347956	-0.499073	-0.498222	-0.393709	-0.823544	 0.146443	 0.405616	-0.499591	-0.320158	-0.498963
-0.499316	-0.499537	 0.350901	-0.499073	-0.498222	-0.892939	-0.379575	 0.146443	 0.405616	-0.499591	-0.820158	-0.498963
-0.499316	-0.499537	 0.352374	-0.499073	-0.498222	-1.139770	-0.157590	 0.146443	 0.405616	-0.499591	-1.067518	-0.498963
-0.499316	-0.499537	-0.146890	-0.499073	-0.498222	-0.760413	-0.546598	 0.146443	 0.405616	-0.499591	-0.688568	-0.498963
-0.499316	-0.499537	-0.395229	-0.499073	-0.498222	-0.570734	-0.739231	 0.146443	 0.405616	-0.499591	-0.499093	-0.498963
-0.499316	-0.499537	-0.018112	-0.499073	-0.498222	-0.975894	-0.833683	 0.146443	 0.405616	-0.499591	-0.404356	-0.498963
-0.499316	-0.499537	 0.170447	-0.499073	-0.498222	-1.175712	-0.879053	 0.146443	 0.405616	-0.499591	-0.356987	-0.498963
-0.499316	-0.499537	 0.264726	-0.499073	-0.498222	-0.772870	-0.399890	 0.146443	 0.405616	-0.499591	-0.333303	-0.498963
-0.499316	-0.499537	 0.311866	-0.499073	-0.498222	-0.571449	-0.160308	 0.146443	 0.405616	-0.499591	-0.321461	-0.498963
-0.499316	-0.499537	 0.335436	-0.499073	-0.498222	-0.470739	-0.040517	 0.146443	 0.405616	-0.499591	-0.315539	-0.498963
-0.499316	-0.499537	 0.347221	-0.499073	-0.498222	-0.920384	-0.480621	 0.146443	 0.405616	-0.499591	-0.312579	-0.498963
-0.499316	-0.499537	 0.353113	-0.499073	-0.498222	-1.142466	-0.698832	 0.146443	 0.405616	-0.499591	-0.311099	-0.498963
-0.499316	-0.499537	 0.356059	-0.499073	-0.498222	-0.750778	-0.306103	 0.146443	 0.405616	-0.499591	-0.310358	-0.498963
-0.499316	-0.499537	 0.357533	-0.499073	-0.498222	-0.554934	-0.109739	 0.146443	 0.405616	-0.499591	-0.309988	-0.498963
-0.499316	-0.499537	-0.141731	-0.499073	-0.498222	-0.457012	-0.011557	 0.146443	 0.405616	-0.499591	-0.309803	-0.498963
-0.499316	-0.499537	-0.390081	-0.499073	-0.498222	-0.408051	 0.037534	 0.146443	 0.405616	-0.499591	-0.309711	-0.498963
-0.499316	-0.499537	-0.012979	-0.499073	-0.498222	-0.883571	-0.437920	 0.146443	 0.405616	-0.499591	-0.309665	-0.498963
-0.499316	-0.499537	 0.175572	-0.499073	-0.498222	-1.118612	-0.673821	 0.146443	 0.405616	-0.499591	-0.309641	-0.498963
-0.499316	-0.499537	 0.269848	-0.499073	-0.498222	-1.233426	-0.789952	 0.146443	 0.405616	-0.499591	-0.309630	-0.498963
-0.499316	-0.499537	 0.316986	-0.499073	-0.498222	-0.788136	-0.846205	-0.353557	 0.405616	-0.499591	-0.309624	-0.498963
-0.499316	-0.499537	 0.340554	-0.499073	-0.498222	-0.565491	-0.872527	-0.601849	 0.405616	-0.499591	-0.309621	-0.498963
-0.499316	-0.499537	 0.352339	-0.499073	-0.498222	-0.454169	-0.883890	-0.224296	 0.405616	-0.499591	-0.309620	-0.498963
-0.499316	-0.499537	 0.358231	-0.499073	-0.498222	-0.398507	-0.887781	-0.035519	 0.405616	-0.499591	-0.309619	-0.498963
-0.499316	-0.499537	 0.361177	-0.499073	-0.498222	-0.370677	-0.387943	 0.058870	 0.405616	-0.499591	-0.309619	-0.498963
-0.499316	-0.499537	 0.362650	-0.499073	-0.498222	-0.356761	-0.138024	 0.106064	 0.405616	-0.499591	-0.309619	-0.498963
-0.499316	-0.499537	 0.363387	-0.499073	-0.498222	-0.349804	-0.513065	 0.129661	 0.405616	-0.499591	-0.309618	-0.498963
-0.499316	-0.499537	 0.363755	-0.499073	-0.498222	-0.346325	-0.698809	 0.141460	 0.405616	-0.499591	-0.309618	-0.498963
-0.499316	-0.499537	 0.363939	-0.499073	-0.498222	-0.344586	-0.789912	 0.147359	 0.405616	-0.499591	-0.309618	-0.498963
-0.499316	-0.499537	 0.364031	-0.499073	-0.998222	-0.343716	-0.833701	 0.150309	 0.405616	-0.499591	-0.309618	-0.498963
-0.499316	-0.499537	 0.364077	-0.499073	-1.245226	-0.343281	-0.853841	 0.151783	 0.405616	-0.499591	-0.309618	-0.498963
-0.499316	-0.499537	 0.364100	-0.499073	-1.365743	-0.343064	-0.862163	 0.152521	 0.405616	-0.499591	-0.309618	-0.498963
-0.499316	-0.499537	 0.364112	-0.499073	-1.423029	-0.342955	-0.864583	 0.152890	 0.405616	-0.499591	-0.309618	-0.498963
-0.499316	-0.499537	 0.364118	-0.499073	-0.948712	-0.342901	-0.864059	 0.153074	 0.405616	-0.499591	-0.309618	-0.498963
-0.499316	-0.499537	 0.364120	-0.499073	-0.711553	-0.342873	-0.862070	 0.153166	 0.405616	-0.499591	-0.309618	-0.498963
-0.499316	-0.499537	 0.364122	-0.499073	-0.592974	-0.842860	-0.359355	 0.153212	 0.405616	-0.499591	-0.309618	-0.498963
-0.499316	-0.499537	 0.364123	-0.499073	-0.533684	-1.090167	-0.107997	 0.153235	 0.405616	-0.499591	-0.309618	-0.498963
-0.499316	-0.499537	 0.364123	-0.499073	-0.504039	-1.211146	 0.017681	 0.153247	 0.405616	-0.499591	-0.309618	-0.498963
-0.499316	-0.499537	 0.364123	-0.499073	-0.489217	-0.768971	-0.419479	 0.153252	 0.405616	-0.499591	-0.309618	-0.498963
-0.499316	-0.499537	 0.364123	-0.499073	-0.481806	-0.547884	-0.636347	 0.153255	 0.405616	-0.499591	-0.309618	-0.498963
-0.499316	-0.499537	 0.364123	-0.499073	-0.478100	-0.437340	-0.743074	 0.153257	 0.405616	-0.499591	-0.309618	-0.498963
-0.499316	-0.499537	 0.364123	-0.499073	-0.476247	-0.382068	-0.794738	 0.153258	 0.405616	-0.499591	-0.309618	-0.498963
-0.499316	-0.499537	 0.364123	-0.499073	-0.475321	-0.354432	-0.318877	-0.346742	 0.405616	-0.499591	-0.309618	-0.498963
-0.499316	-0.499537	 0.364123	-0.499073	-0.474858	-0.340614	-0.080946	-0.595048	 0.405616	-0.499591	-0.309618	-0.498963
-0.499316	-0.499537	 0.364123	-0.499073	-0.474626	-0.333705	-0.461981	-0.217515	 0.405616	-0.499591	-0.309618	-0.498963
-0.499316	-0.499537	 0.364123	-0.499073	-0.474510	-0.330251	-0.650812	-0.028748	 0.405616	-0.499591	-0.309618	-0.498963
-0.499316	-0.499537	 0.364123	-0.499073	-0.474452	-0.328524	-0.743549	 0.065635	 0.405616	-0.499591	-0.309618	-0.498963
-0.499316	-0.499537	 0.364123	-0.499073	-0.474423	-0.327660	-0.288245	 0.112827	 0.405616	-0.499591	-0.309618	-0.498963
-0.499316	-0.499537	 0.364123	-0.499073	-0.474409	-0.327228	-0.060592	 0.136423	 0.405616	-0.499591	-0.309618	-0.498963
-0.499316	-0.499537	 0.364123	-0.499073	-0.474402	-0.327012	-0.446766	 0.148221	 0.405616	-0.499591	-0.309618	-0.498963
-0.499316	-0.499537	 0.364123	-0.499073	-0.474398	-0.326904	-0.638187	 0.154120	 0.405616	-0.499591	-0.309618	-0.498963
-0.499316	-0.499537	-0.135877	-0.499073	-0.474396	-0.826850	-0.732239	 0.157069	 0.405616	-0.499591	-0.309618	-0.498963
-0.499316	-0.499537	-0.384605	-0.499073	-0.474395	-1.074170	-0.777612	 0.158544	 0.405616	-0.499591	-0.309618	-0.498963
-0.499316	-0.499537	-0.007702	-0.499073	-0.474395	-0.695187	-0.798652	 0.159281	 0.405616	-0.499591	-0.309618	-0.498963
-0.499316	-0.499537	 0.180749	-0.499073	-0.474395	-0.505695	-0.807533	 0.159650	 0.405616	-0.499591	-0.309618	-0.498963
-0.499316	-0.499537	 0.274975	-0.499073	-0.474394	-0.410949	-0.810341	 0.159834	 0.405616	-0.499591	-0.309618	-0.498963
-0.499316	-0.499537	 0.322087	-0.499073	-0.474394	-0.363576	-0.810118	 0.159926	 0.405616	-0.499591	-0.309618	-0.498963
-0.499316	-0.499537	 0.345644	-0.499073	-0.474394	-0.339890	-0.808387	 0.159973	 0.405616	-0.499591	-0.309618	-0.498963
-0.499316	-0.499537	 0.357422	-0.499073	-0.474394	-0.328046	-0.805908	 0.159996	 0.405616	-0.499591	-0.309618	-0.498963
-0.499316	-0.499537	 0.363311	-0.499073	-0.474394	-0.322125	-0.803062	 0.160007	 0.405616	-0.499591	-0.309618	-0.498963
-0.499316	-0.499537	 0.366256	-0.499073	-0.474394	-0.319164	-0.300039	 0.160013	 0.405616	-0.499591	-0.309618	-0.498963
-0.499316	-0.499537	 0.367728	-0.499073	-0.474394	-0.317684	-0.048527	 0.160016	 0.405616	-0.499591	-0.309618	-0.498963
-0.499316	-0.499537	 0.368464	-0.499073	-0.474394	-0.316943	 0.077229	 0.160017	 0.405616	-0.999591	-0.309618	-0.498963
-0.499316	-0.499537	 0.368832	-0.499073	-0.474394	-0.316573	 0.140107	 0.160018	 0.405616	-1.246592	-0.309618	-0.498963
-0.499316	-0.499537	 0.369016	-0.499073	-0.474394	-0.316388	 0.171546	 0.160018	 0.405616	-1.367105	-0.309618	-0.498963
-0.499316	-0.499537	 0.369108	-0.499073	-0.474394	-0.316296	-0.312735	 0.160018	 0.405616	-0.924386	-0.309618	-0.498963
-0.499316	-0.499537	 0.369154	-0.499073	-0.474394	-0.316250	-0.553281	 0.160019	 0.405616	-0.703027	-0.309618	-0.498963
-0.499316	-0.499537	 0.369177	-0.499073	-0.474394	-0.316226	-0.171966	 0.160019	 0.405616	-0.592347	-0.309618	-0.498963
-0.499316	-0.499537	 0.369189	-0.499073	-0.474394	-0.316215	 0.018691	 0.160019	 0.405616	-0.537008	-0.309618	-0.498963
-0.499316	-0.499537	 0.369194	-0.499073	-0.474394	-0.816209	-0.385980	 0.160019	 0.405616	-0.509338	-0.309618	-0.498963
-0.499316	-0.499537	 0.369197	-0.499073	-0.474394	-1.063574	-0.586735	 0.160019	 0.405616	-0.495503	-0.309618	-0.498963
-0.499316	-0.499537	 0.369199	-0.499073	-0.474394	-0.684634	-0.185537	 0.160019	 0.405616	-0.488585	-0.809618	-0.498963
-0.499316	-0.499537	 0.369199	-0.499073	-0.474394	-0.495164	 0.015062	 0.160019	 0.405616	-0.485126	-1.056999	-0.498963
-0.499316	-0.499537	 0.369200	-0.499073	-0.474394	-0.400430	 0.115361	 0.160019	 0.405616	-0.483397	-1.178081	-0.498963
-0.499316	-0.499537	 0.369200	-0.499073	-0.474394	-0.353062	-0.334489	 0.160019	 0.405616	-0.482532	-0.736023	-0.498963
-0.499316	-0.499537	 0.369200	-0.499073	-0.474394	-0.329378	-0.557845	 0.160019	 0.405616	-0.482100	-0.514994	-0.498963
-0.499316	-0.499537	 0.369200	-0.499073	-0.474394	-0.317537	-0.667961	 0.160019	 0.405616	-0.481884	-0.404480	-0.498963
-0.499316	-0.499537	 0.369200	-0.499073	-0.474394	-0.311616	-0.721463	 0.160019	 0.405616	-0.481776	-0.349223	-0.498963
-0.499316	-0.499537	-0.130800	-0.499073	-0.474394	-0.308655	-0.746664	 0.160019	 0.405616	-0.481722	-0.321594	-0.498963
-0.499316	-0.499537	-0.379538	-0.499073	-0.474394	-0.307175	-0.757721	 0.160019	 0.405616	-0.481695	-0.307780	-0.498963
-0.499316	-0.499537	-0.002651	-0.499073	-0.474394	-0.306435	-0.761711	 0.160019	 0.405616	-0.481681	-0.300873	-0.498963
-0.499316	-0.499537	 0.185793	-0.499073	-0.474394	-0.306065	-0.762175	 0.160019	 0.405616	-0.481674	-0.297419	-0.498963
-0.499316	-0.499537	 0.280015	-0.499073	-0.474394	-0.305880	-0.760882	 0.160019	 0.405616	-0.481671	-0.295692	-0.498963
-0.499316	-0.499537	 0.327126	-0.499073	-0.474394	-0.305787	-0.258716	 0.160019	 0.405616	-0.481669	-0.294829	-0.498963
-0.499316	-0.499537	 0.350681	-0.499073	-0.474394	-0.305741	-0.007633	 0.160019	 0.405616	-0.481669	-0.294397	-0.498963
-0.499316	-0.499537	 0.362459	-0.499073	-0.474394	-0.805718	 0.117908	 0.160019	 0.405616	-0.481668	-0.294182	-0.498963
-0.499316	-0.499537	 0.368348	-0.499073	-0.474394	-1.053095	 0.180679	 0.160019	 0.405616	-0.481668	-0.294074	-0.498963
-0.499316	-0.499537	 0.371292	-0.499073	-0.474394	-1.174182	-0.287936	 0.160019	 0.405616	-0.481668	-0.294020	-0.498963
-0.499316	-0.499537	 0.372764	-0.499073	-0.474394	-1.232136	-0.520730	 0.160019	 0.405616	-0.481668	-0.293993	-0.498963
-0.499316	-0.499537	 0.373500	-0.499073	-0.974394	-1.258532	-0.635620	 0.160019	 0.405616	-0.481668	-0.293979	-0.498963
-0.499316	-0.499537	 0.373868	-0.499073	-1.221446	-1.269160	-0.691564	 0.160019	 0.405616	-0.481668	-0.293972	-0.498963
-0.499316	-0.499537	 0.374052	-0.499073	-1.342034	-1.271915	-0.718041	 0.160019	 0.405616	-0.481668	-0.293969	-0.498963
-0.499316	-0.499537	 0.374144	-0.499073	-0.899403	-0.770743	-0.729791	 0.160019	 0.405616	-0.481668	-0.793967	-0.498963
-0.499316	-0.499537	 0.374190	-0.499073	-0.678088	-0.520157	-0.734182	 0.160019	 0.405616	-0.481668	-1.041379	-0.498963
-0.499316	-0.499537	 0.374213	-0.499073	-0.567430	-0.894864	-0.234901	 0.160019	 0.405616	-0.481668	-0.662507	-0.498963
-0.499316	-0.499537	 0.374225	-0.499073	-0.512101	-1.079678	 0.014740	 0.160019	 0.405616	-0.481668	-0.473071	-0.498963
-0.499316	-0.499537	 0.374231	-0.499073	-0.484437	-0.669557	-0.360440	 0.160019	 0.405616	-0.481668	-0.378353	-0.498963
-0.499316	-0.499537	 0.374234	-0.499073	-0.470604	-0.464496	-0.546559	 0.160019	 0.405616	-0.481668	-0.330994	-0.498963
-0.499316	-0.499537	 0.374235	-0.499073	-0.463688	-0.361965	-0.138152	 0.160019	 0.405616	-0.481668	-0.307314	-0.498963
-0.499316	-0.499537	 0.374236	-0.499073	-0.460230	-0.310700	 0.066051	 0.160019	 0.405616	-0.481668	-0.295474	-0.498963
-0.499316	-0.499537	 0.374236	-0.499073	-0.458501	-0.285067	 0.168152	 0.160019	 0.405616	-0.481668	-0.289555	-0.498963
-0.499316	-0.499537	 0.374236	-0.499073	-0.457637	-0.272251	-0.280797	 0.160019	 0.405616	-0.481668	-0.286595	-0.498963
