-0.489121	-0.499008	-0.247426	-0.322210	-3.673239	-0.415515	-1.332102	-0.039797	 0.703233	-1.930842	-0.495658	 0.498781
-0.489121	-0.499008	-0.247426	-0.322210	-3.658546	-0.023877	-0.826774	-0.539059	 0.700420	-2.048117	-0.495658	 0.498781
-0.489121	-0.499008	-0.247426	-0.322210	-3.643912	 0.171943	-0.574109	-0.786613	 0.697618	-2.102424	-0.495658	 0.498781
-0.489121	-0.499008	-0.247426	-0.322210	-3.629337	-0.230148	-0.447777	-0.408321	 0.694828	-2.125264	-0.495658	 0.498781
-0.489121	-0.499008	-0.247426	-0.322210	-3.614819	-0.429929	-0.384611	-0.219176	 0.692048	-2.132387	-0.495658	 0.498781
-0.489121	-0.499008	-0.247426	-0.322210	-3.600360	-0.028560	-0.853028	-0.124603	 0.689280	-2.131670	-0.495658	 0.498781
-0.489121	-0.499008	-0.247426	-0.322210	-3.585959	 0.172125	-1.084594	-0.077316	 0.686523	-2.127050	-0.495658	 0.498781
-0.489121	-0.499008	-0.247426	-0.322210	-3.571615	 0.272467	-1.197744	-0.053673	 0.683777	-2.120495	-0.495658	 0.498781
-0.489121	-0.499008	-0.247426	-0.322210	-3.557328	-0.177362	-1.251698	-0.041852	 0.681042	-1.612989	-0.495658	 0.498781
-0.489121	-0.499008	-0.247426	-0.322210	-3.543099	-0.401022	-1.276063	-0.035941	 0.678318	-1.357026	-0.495658	 0.498781
-0.489121	-0.499008	-0.247426	-0.322210	-3.528927	-0.011602	-1.285645	-0.032985	 0.175604	-1.226842	-0.495658	 0.498781
-0.489121	-0.499008	-0.247426	-0.322210	-3.514811	 0.183107	-1.287845	-0.031508	-0.075752	-1.159556	-0.495658	 0.498781
-0.489121	-0.499008	-0.247426	-0.322210	-3.500752	-0.219538	-1.286366	-0.030769	 0.298569	-1.123729	-0.495658	 0.498781
-0.489121	-0.499008	-0.247426	-0.322210	-3.486749	-0.419616	-1.283056	-0.030399	 0.484384	-1.103640	-0.495658	 0.498781
-0.489121	-0.499008	-0.247426	-0.322210	-3.472802	-0.518416	-1.278842	-0.030215	 0.575952	-1.091428	-0.495658	 0.498781
-0.489121	-0.499008	-0.247426	-0.322210	-3.458910	-0.566581	-1.274185	-0.030122	 0.620400	-1.083164	-0.495658	 0.498781
-0.489121	-0.499008	-0.247426	-0.322210	-3.445075	-0.089435	-1.269318	-0.030076	 0.641295	-1.076882	-0.495658	 0.498781
-0.489121	-0.499008	-0.247426	-0.322210	-3.431294	 0.149139	-1.264355	-0.030053	 0.650418	-1.071599	-0.495658	 0.498781
-0.489121	-0.499008	-0.247426	-0.322210	-3.417569	 0.268426	-1.259355	-0.030042	 0.653660	-1.066826	-0.495658	 0.498781
-0.489121	-0.499008	-0.247426	-0.322210	-3.403899	 0.328069	-0.754346	-0.030036	 0.653967	-1.562315	-0.495658	 0.498781
-0.489121	-0.499008	-0.247426	-0.322210	-3.390283	 0.357891	-0.501842	-0.030033	 0.652812	-1.805944	-0.495658	 0.498781
-0.489121	-0.499008	-0.247426	-0.322210	-3.376722	 0.372801	-0.875590	-0.030031	 0.650932	-1.423659	-0.495658	 0.498781
-0.489121	-0.499008	-0.247426	-0.322210	-3.363215	 0.380257	-1.059965	-0.030031	 0.648693	-1.230434	-0.495658	 0.498781
-0.489121	-0.499008	-0.747426	-0.322210	-3.349763	 0.383985	-1.149664	-0.030030	 0.646281	-1.131747	-0.495658	 0.498781
-0.489121	-0.499008	-0.994931	-0.322210	-3.336363	 0.385848	-1.192035	-0.030030	 0.643787	-1.080337	-0.495658	 0.498781
-0.489121	-0.499008	-0.616198	-0.322210	-3.323018	-0.113220	-0.710751	-0.030030	 0.641258	-1.052575	-0.495658	 0.498781
-0.489121	-0.499008	-0.426832	-0.322210	-3.309726	-0.361529	-0.470110	-0.030030	 0.638716	-1.036644	-0.495658	 0.498781
-0.489121	-0.499008	-0.332149	-0.322210	-3.296487	-0.484464	-0.349789	-0.030030	 0.636172	-1.026637	-0.495658	 0.498781
-0.489121	-0.499008	-0.284808	-0.322210	-3.283301	-0.044717	-0.289628	-0.030030	 0.633633	-1.019600	-0.495658	 0.498781
-0.489121	-0.499008	-0.261137	-0.322210	-3.270168	 0.175157	-0.259548	-0.030030	 0.631101	-1.014057	-0.495658	 0.498781
-0.489121	-0.499008	-0.249302	-0.322210	-3.257087	 0.285094	-0.244508	-0.030030	 0.628578	-1.009268	-0.495658	 0.498781
-0.489121	-0.499008	-0.243384	-0.322210	-3.244059	 0.340062	-0.236988	-0.030030	 0.626065	-1.004865	-0.495658	 0.498781
-0.489121	-0.499008	-0.240425	-0.322210	-3.231083	 0.367546	-0.233228	-0.030030	 0.623561	-1.000662	-0.495658	 0.498781
-0.489121	-0.499008	-0.238946	-0.322210	-3.218158	 0.381288	-0.231348	-0.030030	 0.621067	-0.996568	-0.495658	 0.498781
-0.489121	-0.499008	-0.238206	-0.322210	-3.205286	 0.388159	-0.230408	-0.030030	 0.618583	-0.992536	-0.495658	 0.498781
-0.489121	-0.499008	-0.237836	-0.322210	-3.192465	 0.391595	-0.229938	-0.030030	 0.616108	-0.988543	-0.495658	 0.498781
-0.489121	-0.499008	-0.237651	-0.322210	-3.179695	 0.393313	-0.229703	-0.030030	 0.613644	-0.984577	-0.495658	 0.498781
-0.489121	-0.499008	-0.237559	-0.322210	-3.166976	 0.394171	-0.229585	-0.030030	 0.611189	-0.980633	-0.495658	 0.498781
-0.489121	-0.499008	-0.237512	-0.322210	-3.154308	 0.394601	-0.229527	-0.030030	 0.608745	-0.976708	-0.495658	 0.498781
-0.489121	-0.499008	-0.237489	-0.322210	-3.141691	 0.394816	-0.229497	-0.030030	 0.606310	-0.972799	-0.495658	 0.498781
-0.489121	-0.499008	-0.237478	-0.322210	-3.129124	 0.394923	-0.229483	-0.030030	 0.603884	-0.968907	-0.495658	 0.498781
-0.489121	-0.499008	-0.237472	-0.322210	-3.116608	 0.394977	-0.229475	-0.030030	 0.601469	-1.465031	-0.495658	 0.498781
-0.489121	-0.499008	-0.237469	-0.322210	-3.104141	 0.395004	-0.229472	-0.030030	 0.599063	-1.709171	-0.495658	 0.498781
-0.489121	-0.499008	-0.237468	-0.322210	-3.091725	 0.395017	-0.229470	-0.530030	 0.596667	-1.327334	-0.495658	 0.498781
-0.489121	-0.499008	-0.237467	-0.322210	-3.079358	 0.395024	-0.229469	-0.777970	 0.594280	-1.134525	-0.495658	 0.498781
-0.489121	-0.499008	-0.237467	-0.322210	-3.067040	 0.395027	-0.229468	-0.899888	 0.591903	-1.036237	-0.495658	 0.498781
-0.489121	-0.499008	-0.237466	-0.322210	-2.554772	 0.395029	-0.229468	-0.458804	 0.589535	-0.985217	-0.495658	 0.498781
-0.489121	-0.499008	-0.237466	-0.322210	-2.294553	 0.395030	-0.229468	-0.238261	 0.587177	-0.957839	-0.495658	 0.498781
-0.489121	-0.499008	-0.237466	-0.322210	-1.660375	 0.895030	 1.270532	 0.872010	 1.084829	 0.557712	 0.004342	 0.498781
-0.489121	-0.499008	-0.237466	-0.322210	-1.341233	 1.142240	 2.014991	 1.423181	 1.330489	 1.311340	 0.253333	 0.498781
-0.489121	 0.000992	-0.237466	-0.322210	 4.320382	 1.763066	 13.881702	 1.694818	 0.450167	 5.684024	 0.376824	 0.498781
-0.489121	 0.249990	-0.237466	-0.322210	 7.131225	 2.068712	 19.763560	 1.826703	 0.010006	 7.850253	 0.437569	 0.498781
-0.489121	 0.874489	-0.237466	-0.322210	 11.516763	 2.216786	 27.653198	 1.388729	-1.210074	 8.413335	-0.032059	-0.001219
-0.489121	 1.183740	-0.237466	-0.322210	 13.677727	 2.286093	 31.526932	 1.167840	-1.815254	 8.676922	-0.265869	-0.250217
-0.489121	 1.335380	-0.237466	-0.322210	 14.726532	 2.316036	 33.392997	 1.055502	-2.113003	 8.790835	-0.382774	-0.374715
 0.010879	 1.408226	-0.237466	-0.322210	 21.219383	 2.326315	 47.755512	 1.497446	-2.757056	 8.829982	-0.441227	-0.436965
 0.259857	 1.441687	-0.237466	-0.322210	 24.410385	 2.326782	 54.925498	 1.714540	-3.072281	 8.831818	-0.470453	-0.468089
-0.116672	 1.455467	-0.237466	-0.322210	 26.950683	 1.822360	 64.499266	 1.819223	-3.223118	 8.315068	-0.485066	-0.483652
-0.304936	 1.459418	-0.237466	-0.322210	 28.161850	 1.567514	 69.273274	 1.867717	-3.291788	 8.041096	-0.492373	-0.491433
 0.100932	 1.458468	-0.237466	-0.322210	 27.208687	 1.937465	 73.647454	 1.888132	-3.319403	 7.888576	-0.496026	-0.495323
 0.302852	 1.455077	-0.237466	-0.322210	 26.679595	 2.117826	 75.824023	 1.894522	-3.326516	 7.796844	-0.497853	-0.497269
 0.402803	 1.450478	-0.237466	-0.322210	 25.862748	 2.203410	 76.401828	 1.893915	-3.323405	 8.235568	-0.498766	-0.498241
 0.451773	 1.445287	-0.237466	-0.322210	 25.404232	 2.241624	 76.680293	 1.889825	-3.315209	 8.437581	-0.499223	-0.498728
 0.475256	 1.439812	-0.237466	-0.322210	 25.125083	 2.256172	 76.809130	 1.884009	-3.304497	 8.521309	-0.499451	-0.498971
 0.486998	 1.434205	-0.237466	-0.322210	 22.935817	 2.258904	 67.361635	 1.877344	-2.792554	 8.545962	-0.499565	-0.499092
 0.492869	 1.428545	-0.237466	-0.322210	 21.799690	 2.255747	 62.627021	 1.870270	-2.532021	 8.541148	-0.499622	-0.499153
 0.495804	 1.422869	-0.237466	-0.322210	 18.690300	 2.249663	 53.248892	 1.863007	-2.397211	 8.521668	-0.499651	-0.499184
 0.497272	 1.417196	-0.237466	-0.322210	 17.104443	 2.242134	 48.550716	 1.855664	-2.325282	 8.494924	-0.499665	-0.499199
 0.498006	 1.411537	-0.237466	-0.322210	 15.280477	 2.233900	 43.192551	 1.848296	-2.784810	 8.464615	-0.499672	-0.499206
 0.498372	 1.405896	-0.237466	-0.322210	 14.341582	 2.225332	 40.437800	 1.840930	-3.008086	 8.432592	-0.499676	-0.499210
 0.498556	 1.400274	-0.237466	-0.322210	 13.345328	 2.216614	 37.985059	 1.833580	-2.613261	 7.899780	-0.499678	-0.499212
 0.498648	 1.394674	-0.237466	-0.322210	 12.822504	 2.207840	 36.687623	 1.826252	-2.411412	 7.618640	-0.499679	-0.499213
 0.498694	 1.389096	-0.237466	-0.322210	 12.536492	 2.199054	 35.968125	 1.818951	-2.306068	 7.463394	-0.499679	-0.499214
-0.001284	 0.883540	-0.237466	-0.322210	 12.368985	 2.190281	 35.037879	 1.811677	-2.248994	 7.871156	-0.499679	 0.000786
-0.250270	 0.630762	-0.237466	-0.322210	 12.260829	 2.181531	 34.504540	 1.804431	-2.216074	 8.058478	-0.499679	 0.249784
-0.374763	 0.504373	-0.237466	-0.322210	 12.182445	 2.172811	 34.169929	 1.797213	-2.195247	 8.135648	-0.499680	 0.374284
-0.437009	 0.441179	-0.237466	-0.322210	 12.119045	 2.164123	 33.934952	 1.790025	-2.180485	 8.157807	-0.499680	 0.436533
-0.468132	 0.409581	-0.237466	-0.322210	 12.063234	 2.155468	 33.750064	 1.782865	-2.168773	 8.152527	-0.499680	 0.467658
-0.483694	 0.393783	-0.237466	-0.322210	 12.011313	 2.146846	 33.590490	 1.275733	-1.658602	 8.133592	-0.499680	 0.483220
-0.491475	 0.385884	-0.237466	-0.322210	 11.961434	 2.138259	 33.443841	 1.020630	-1.401220	 8.107896	-0.499680	 0.491002
 0.004635	 0.381934	-0.237466	-0.322210	 11.912672	 2.129707	 33.303922	 1.391548	-1.770242	 8.078883	-0.499680	 0.494892
 0.251688	 0.379959	-0.237466	-0.322210	 11.864563	 2.121188	 33.167634	 1.573482	-1.950474	 8.048277	-0.499680	 0.496837
 0.375215	 0.378972	-0.237466	-0.322210	 11.816875	 2.112703	 33.033428	 1.660938	-2.036328	 8.016939	-0.499680	 0.497810
 0.436978	 0.878478	-0.237466	-0.322210	 11.769493	 2.104252	 32.900526	 1.701169	-2.075011	 7.985298	-0.499680	 0.498296
 0.467860	 1.125475	-0.237466	-0.322210	 11.722358	 2.095835	 32.768540	 1.717802	-2.090125	 7.953571	-0.499680	 0.498540
 0.483301	 0.746229	-0.237466	-0.322210	 11.675440	 2.087452	 32.637274	 1.722649	-2.093472	 7.921863	-0.499680	-0.001339
 0.491021	 0.556606	-0.237466	-0.322210	 11.628724	 2.079102	 32.506629	 1.721618	-2.090952	 7.890229	-0.499680	-0.250276
 0.494881	 0.461794	-0.237466	-0.322210	 11.582202	 2.070786	 32.876554	 1.717661	-1.585515	 7.858695	-0.499680	 0.125256
 0.496811	 0.414388	-0.237466	-0.322210	 11.535869	 2.062503	 32.995024	 1.712256	-1.330636	 7.827274	-0.499680	 0.312020
 0.497776	 0.890685	-0.237466	-0.322210	 11.489724	 2.054253	 32.988032	 1.206139	-1.201045	 7.795971	-0.499680	 0.405402
 0.498259	 1.126100	-0.237466	-0.322210	 11.443764	 2.046036	 32.918574	 0.951681	-1.134107	 7.764791	-0.499680	 0.452093
-0.001500	 1.241084	-0.237466	-0.322210	 11.897989	 2.037851	 32.318147	 1.323057	-1.598503	 7.733733	-0.499680	 0.475439
-0.250377	 1.295864	-0.237466	-0.322210	 12.100396	 2.029700	 31.954497	 1.505356	-1.826576	 7.702799	-0.499680	 0.487112
 0.125185	 1.320553	-0.237466	-0.322210	 11.676995	 2.021581	 31.709491	 1.593131	-1.436503	 7.671988	-0.499680	-0.007052
 0.311964	 1.330207	-0.237466	-0.322210	 11.442787	 2.013495	 31.524059	 1.633656	-1.239373	 7.641300	-0.499680	-0.253131
 0.405354	 1.332354	-0.237466	-0.322210	 11.803266	 2.005441	 31.868666	 1.650570	-1.138724	 7.610735	-0.499680	 0.123829
 0.452049	 1.330759	-0.237466	-0.322210	 11.959177	 1.997419	 31.976543	 1.655693	-1.086323	 7.580292	-0.499680	 0.311308
 0.475396	 1.327302	-0.237466	-0.322210	 12.012903	 1.989430	 31.966312	 1.654932	-1.058055	 7.549971	-0.499680	 0.405047
 0.487070	 1.322927	-0.237466	-0.322210	 11.515633	 1.981472	 31.897285	 1.651244	-1.541861	 7.519771	-0.499680	 0.451917
 0.492907	 1.318102	-0.237466	-0.322210	 11.244961	 1.973546	 31.799115	 1.646104	-1.779713	 7.489692	-0.499680	 0.475351
 0.495825	 1.313063	-0.237466	-0.322210	 12.087676	 1.965652	 34.686628	 1.640252	-1.894604	 8.459734	-0.499680	-0.012931
 0.497284	 1.307927	-0.237466	-0.322210	 12.483173	 1.957789	 36.055236	 1.634058	-1.948030	 8.925895	-0.499680	-0.256070
 0.498014	 1.302754	-0.237466	-0.322210	 13.655165	 1.949958	 47.664692	 1.627705	-2.970741	 8.640191	-0.499680	-0.877640
 0.498379	 1.297572	-0.237466	-0.322210	 14.211506	 1.942158	 53.462978	 1.621286	-3.474109	 8.480630	-0.499680	-1.185426
-0.001439	 0.792396	-0.237466	-0.322210	 12.960141	 1.934390	 60.355703	 1.614846	-3.717838	 6.884208	-0.999680	-1.336333
-0.250345	 0.539808	-0.237466	-0.322210	 12.311041	 1.926652	 63.798795	 1.608410	-3.831780	 6.075421	-1.246680	-1.408811
-0.374798	-0.086485	-0.237466	-0.322210	 11.463167	 1.918945	 62.516476	 1.601988	-3.880859	 5.660494	-1.367193	-1.442088
-0.437025	-0.398207	-0.237466	-0.322210	 11.017999	 1.911270	 61.872376	 1.595585	-3.897539	 5.442540	-1.424474	-1.455776
-0.468138	-0.552648	-0.237466	-0.322210	 10.774270	 1.903624	 61.547397	 1.589206	-3.898050	 5.323113	-1.450151	-1.459681
-0.483695	-0.128454	-0.237466	-0.322210	 10.131344	 1.396010	 45.381991	 1.082850	-3.390509	 5.252993	-0.960038	-0.958706
-0.491473	 0.083643	-0.237466	-0.322210	 9.790904	 1.140426	 37.240855	 0.828520	-3.130972	 5.207567	-0.714982	-0.708219
-0.495362	 0.189691	-0.237466	-0.322210	 7.101783	 1.010864	 27.112087	 0.700206	-2.495461	 4.674530	-0.592453	-0.082975
-0.497307	 0.242716	-0.237466	-0.322210	 5.748398	 0.944321	 22.013737	 0.634905	-2.173985	 4.399728	-0.531189	 0.228562
-0.498279	-0.230772	-0.237466	-0.322210	 2.062915	 0.909293	 10.430731	 0.101116	-1.009543	 0.754077	-0.500557	 0.383251
-0.498765	-0.466108	-0.237466	-0.322210	 0.223418	 0.890031	 4.641532	-0.165779	-0.427321	-1.062965	-0.485241	 0.459519
-0.499008	-0.582373	-0.237466	-0.322210	-2.693098	 0.378659	-0.750772	-0.799226	-0.636211	-1.965726	-0.477583	 0.496582
-0.499130	-0.639108	-0.237466	-0.322210	-4.140136	 0.122972	-3.434637	-1.113085	-0.738965	-2.411370	-0.473754	 0.514046
-0.499191	-0.666084	-0.237466	-0.322210	-4.852481	-0.004871	-4.764333	-1.267160	-0.788659	-2.628477	-0.471839	 0.521715
-0.499221	-0.678185	-0.737466	-0.322210	-5.697524	-0.568792	-5.916993	-1.341355	-1.311829	-3.731340	-0.970882	 0.024490
-0.499236	-0.682856	-0.984991	-0.322210	-6.106961	-0.848488	-6.479184	-1.375622	-1.569744	-4.273103	-1.217464	-0.224122
-0.999244	-1.183816	-1.106289	-1.322210	-6.298646	-0.986079	-7.246196	-1.889935	-1.695046	-4.034355	-0.837826	 0.151572
-1.246249	-1.430926	-1.164482	-1.817565	-6.381508	-1.052627	-7.613676	-2.142283	-1.754057	-3.907389	-0.648008	 0.338364
-0.866765	-1.051126	-1.191134	-1.560617	-6.410010	-1.083663	-7.281454	-1.763668	-1.279936	-4.336346	-0.553098	 0.430710
-0.677023	-0.859882	-1.202024	-1.429536	-6.411384	-1.096952	-7.101444	-1.571590	-1.041264	-4.541294	-0.505644	 0.475837
-0.582152	-0.762924	-1.205043	-1.361398	-6.399246	-1.101375	-6.997597	-1.972793	-0.920322	-4.134275	-0.481916	 0.497359
-0.534717	-0.713112	-1.204137	-1.324743	-6.380402	-1.101376	-6.931885	-2.168646	-0.858253	-3.923311	-0.470053	 0.507082
-0.510999	-0.686880	-1.201277	-0.803839	-6.358258	-1.099173	-6.885297	-1.761843	-0.325626	-3.810404	-0.464121	 0.510910
-0.499140	-0.672443	-1.197450	-0.543387	-6.334513	-1.095878	-6.848326	-1.555732	-0.059312	-3.746556	-0.461155	 0.511794
-0.493211	-0.663908	-1.193150	-0.413161	-6.310019	-1.092045	-6.816217	-1.449977	 0.073844	-3.707267	-0.459672	 0.511211
-0.490246	-0.658330	-0.688622	-0.348048	-6.285201	-1.087952	-6.786595	-1.394411	 0.140423	-3.680286	-0.458931	 0.509898
-0.488764	-0.654235	-0.436358	-0.315492	-6.260271	-1.083738	-6.758270	-1.363950	 0.173712	-3.659489	-0.458560	 0.508225
-0.488023	-0.650888	-0.310226	-0.299213	-6.235336	-1.079472	-6.730647	-1.346053	 0.190356	-3.641813	-0.458374	 0.506375
-0.487652	-0.647919	-0.247160	-0.291074	-6.210447	-1.075189	-6.703430	-1.334448	 0.198679	-3.625727	-0.458282	 0.504441
-0.487467	-0.645144	-0.715627	-0.287005	-6.185632	-1.070905	-6.676469	-1.826000	 0.202840	-4.110464	-0.458235	 0.502469
-0.487374	-0.642473	-0.947492	-0.284970	-6.160902	-1.066630	-6.649689	-2.067141	 0.204920	-4.343643	-0.458212	 0.500482
-0.487328	-0.639857	-0.561066	-0.283953	-6.136265	-1.062368	-6.623054	-1.683095	 0.205961	-3.951078	-0.458201	 0.499488
-0.487305	-0.637275	-0.367853	-0.283444	-6.111724	-1.058120	-6.596543	-1.488474	 0.206481	-3.747679	-0.458195	 0.498991
-0.487293	-0.634714	-0.271246	-0.283189	-6.087278	-1.053889	-6.570148	-1.388575	 0.206741	-3.638891	-0.458192	 0.498743
-0.487287	-0.632170	-0.222943	-0.283062	-6.062930	-1.049674	-6.543863	-1.336049	 0.206871	-3.577437	-0.458191	 0.498619
-0.487284	-0.629638	-0.198792	-0.282999	-6.038679	-1.045476	-6.517685	-1.307218	 0.206936	-3.539677	-0.458190	 0.498557
-0.487283	-0.627118	-0.186716	-0.282967	-6.014524	-1.041294	-6.491613	-1.290246	 0.206969	-3.513794	-0.458189	 0.498526
-0.487282	-0.624609	-0.180678	-0.282951	-5.990466	-1.037129	-6.465646	-1.279214	 0.206985	-3.493877	-0.458189	 0.498510
-0.487282	-0.622110	-0.177659	-0.282943	-5.966504	-1.032980	-6.439783	-1.271161	 0.206993	-3.476970	-0.458189	 0.498502
-0.487282	-0.619622	-0.176149	-0.282939	-5.942638	-1.028848	-6.414024	-1.264609	 0.206997	-3.461596	-0.458189	 0.498499
-0.487282	-0.617143	-0.175395	-0.282937	-5.918868	-0.524733	-6.388368	-1.258816	 0.206999	-3.447017	-0.458189	 0.498497
-0.487281	-0.614674	-0.175017	-0.282936	-5.895192	-0.272675	-6.362814	-1.253414	 0.207000	-3.432863	-0.458189	 0.498496
-0.487281	-0.612216	-0.174829	-0.282936	-5.871612	-0.146646	-6.337363	-1.248217	 0.207001	-3.418948	-0.458189	 0.498495
-0.487281	-0.609767	-0.174734	-0.282935	-5.848125	-0.583632	-6.312013	-0.743132	 0.207001	-3.405181	-0.458189	 0.498495
-0.487281	-0.607328	-0.174687	-0.282935	-5.824733	-0.800084	-6.286765	-0.490590	 0.207001	-3.391514	-0.458189	 0.498495
-0.487281	-0.604898	-0.174663	-0.282935	-5.801434	-0.906276	-6.261618	-0.864319	 0.207001	-3.377925	-0.458189	 0.498495
-0.487281	-0.602479	-0.174652	-0.282935	-5.778228	-0.957348	-6.236572	-1.048707	 0.207001	-3.364402	-0.458189	 0.498495
-0.487281	-0.600069	-0.174646	-0.282935	-5.755115	-0.980867	-6.211625	-1.138435	 0.707001	-3.350939	-0.458189	 0.498495
-0.487281	-0.597669	-0.174643	-0.282935	-5.732095	-0.990617	-6.186779	-1.180843	 0.954587	-3.337532	-0.458189	 0.498495
-0.487281	-0.595278	-0.174641	-0.282935	-5.709166	-0.993492	-6.162032	-1.199600	 0.575976	-2.824181	-0.458189	 0.498495
-0.487281	-0.592897	-0.174641	-0.282935	-5.686330	-0.992936	-6.137384	-1.206542	 0.386670	-2.562883	-0.458189	 0.498495
-0.487281	-0.590525	-0.174640	-0.282935	-5.663584	-0.990674	-6.112834	-1.207586	 0.292017	-2.427631	-0.458189	 0.498495
-0.487281	-0.588163	-0.174640	-0.282935	-5.640930	-0.487566	-6.088383	-0.705691	 0.244691	-2.855421	-0.458189	 0.498495
-0.487281	-0.585810	-0.174640	-0.282935	-5.618366	-0.236012	-6.064029	-0.454743	 0.221028	-3.062749	-0.458189	 0.498495
-0.487281	-0.583467	-0.174640	-0.282935	-5.595893	-0.110235	-6.039773	-0.329270	 0.209196	-3.159873	-0.458189	 0.498495
-0.487281	-0.581133	-0.174640	-0.282935	-5.573509	-0.047346	-6.015614	-0.266533	 0.203280	-3.201921	-0.458189	 0.498495
-0.487281	-0.578809	-0.174640	-0.282935	-5.551215	-0.015902	-5.991552	-0.735164	 0.200322	-2.716457	-0.458189	 0.498495
-0.487281	-0.576494	-0.174640	-0.282935	-5.529010	-0.000180	-5.967585	-0.967072	 0.198843	-2.469263	-0.458189	 0.498495
-0.487281	-0.574188	-0.174640	-0.282935	-5.506894	-0.492319	-5.943715	-1.080629	 0.198104	-2.341222	-0.458189	 0.498495
-0.487281	-0.571891	-0.174640	-0.282935	-5.484867	-0.736419	-5.919940	-1.135018	 0.197734	-2.272775	-0.458189	 0.498495
-0.487281	-0.569603	-0.174640	-0.282935	-5.462927	-0.856509	-5.896260	-1.159834	 0.197549	-2.234143	-0.458189	 0.498495
-0.487281	-0.567325	-0.174640	-0.282935	-5.441076	-0.414600	-5.872675	-0.669873	 0.197457	-2.710436	-0.458189	 0.498495
-0.487281	-0.565056	-0.174640	-0.282935	-5.419311	-0.193646	-5.849185	-0.424892	 0.197411	-2.942209	-0.458189	 0.498495
-0.487281	-0.562795	-0.174640	-0.282935	-5.397634	-0.583169	-5.825788	-0.802402	 0.197387	-3.051747	-0.458189	 0.498495
-0.487281	-0.560544	-0.174640	-0.282935	-5.376043	-0.775985	-5.802485	-0.988797	 0.197376	-3.100194	-0.458189	 0.498495
-0.487281	-0.558302	-0.174640	-0.282935	-5.354539	-0.870455	-5.779275	-1.079644	 0.197370	-3.118120	-0.458189	 0.498495
-0.487281	-0.556069	-0.174640	-0.282935	-5.333121	-0.915760	-5.756158	-1.122727	 0.197367	-3.120811	-0.458189	 0.498495
-0.487281	-0.553845	-0.174640	-0.282935	-5.311789	-0.936491	-5.733133	-0.641936	 0.197366	-2.615909	-0.458189	 0.498495
-0.487281	-0.551629	-0.174640	-0.282935	-5.290541	-0.944942	-5.710201	-0.401541	 0.197365	-2.359237	-0.458189	 0.498495
-0.487281	-0.549423	-0.174640	-0.282935	-5.269379	-0.947260	-5.687360	-0.281344	 0.197365	-2.226695	-0.458189	 0.498495
-0.487281	-0.547225	-0.174640	-0.282935	-5.248302	-0.946521	-5.664610	-0.721245	 0.197365	-2.656236	-0.458189	 0.498495
-0.487281	-0.545036	-0.174640	-0.282935	-5.227309	-0.944259	-5.641952	-0.938873	 0.197364	-2.864835	-0.458189	 0.498495
-0.487281	-0.542856	-0.174640	-0.282935	-5.206399	-0.941244	-5.619384	-0.545374	 0.197364	-2.962987	-0.458189	 0.498495
-0.487281	-0.540684	-0.174640	-0.282935	-5.185574	-0.937861	-5.596907	-0.348625	 0.197364	-3.005941	-0.458189	 0.498495
-0.487281	-0.538522	-0.174640	-0.282935	-5.164831	-0.934300	-5.574519	-0.750250	 0.197364	-2.521321	-0.458189	 0.498495
-0.487281	-0.536368	-0.174640	-0.282935	-5.144172	-0.930658	-5.552221	-0.948759	 0.197364	-2.274937	-0.458189	 0.498495
-0.487281	-0.534222	-0.174640	-0.282935	-5.123595	-0.926983	-5.530012	-1.045719	 0.197364	-2.647688	-0.458189	 0.498495
-0.487281	-0.532085	-0.174640	-0.282935	-5.103101	-0.923299	-5.507892	-1.091914	 0.197364	-2.828023	-0.458189	 0.498495
-0.487281	-0.529957	-0.174640	-0.282935	-5.082689	-0.919617	-5.485860	-1.112735	 0.197364	-2.912173	-0.458189	 0.498495
-0.487281	-0.527837	-0.174640	-0.282935	-5.062358	-0.915945	-5.463917	-1.120878	 0.197364	-2.448256	-0.458189	 0.498495
-0.487281	-0.525726	-0.174640	-0.282935	-5.042108	-0.912284	-5.442061	-1.122692	 0.197364	-2.212328	-0.458189	 0.498495
-0.487281	-0.523623	-0.174640	-0.282935	-5.021940	-0.408636	-5.420293	-1.121350	 0.197364	-2.590412	-0.458189	 0.498495
-0.487281	-0.521528	-0.174640	-0.282935	-5.001852	-0.156813	-5.398612	-1.118438	 0.197364	-2.773517	-0.458189	 0.498495
-0.487281	-0.519442	-0.174640	-0.282935	-4.981845	-0.530901	-5.377017	-0.614752	 0.197364	-2.359156	-0.458189	 0.498495
-0.487281	-0.517365	-0.174640	-0.282935	-4.961917	-0.716135	-5.355509	-0.362909	 0.197364	-2.148086	-0.458189	 0.498495
-0.487281	-0.515295	-0.174640	-0.282935	-4.942070	-0.806949	-5.334087	-0.736987	 0.697364	-2.038677	-0.458189	 0.498495
-0.487281	-0.513234	-0.174640	-0.282935	-4.922302	-0.850561	-5.312751	-0.921804	 0.944970	-1.980114	-0.458189	 0.498495
-0.487281	-0.511181	-0.174640	-0.282935	-4.902612	-0.870578	-5.291500	-1.011999	 1.066387	-1.946989	-0.458189	 0.498495
-0.487281	-0.509136	-0.174640	-0.282935	-4.883002	-0.878806	-5.270334	-1.054892	 1.124720	-2.426599	-0.458189	 0.498495
-0.487281	-0.507100	-0.174640	-0.282935	-4.863470	-0.881145	-5.249253	-1.074144	 1.151521	-2.660592	-0.458189	 0.498495
-0.487281	-0.505071	-0.174640	-0.282935	-4.844016	-0.380548	-5.228256	-0.581582	 1.162564	-2.271799	-0.458189	 0.498495
-0.487281	-0.503051	-0.174640	-0.282935	-4.824640	-0.130250	-5.207343	-0.335302	 1.165739	-2.073636	-0.458189	 0.498495
-0.487281	-0.501039	-0.174640	-0.282935	-4.805341	-0.005100	-5.186513	-0.712161	 1.164988	-2.470804	-0.458189	 0.498495
-0.487281	-0.500033	-0.174640	-0.282935	-4.786120	 0.057474	-5.165767	-0.898413	 1.162285	-2.663652	-0.458189	 0.498495
-0.487281	-0.499530	-0.174640	-0.282935	-4.766976	 0.088762	-5.145104	-0.989370	 1.158614	-2.754363	-0.458189	 0.498495
-0.487281	-0.499278	-0.174640	-0.282935	-4.747908	 0.104405	-5.124524	-1.032687	 1.154468	-2.794028	-0.458189	 0.498495
-0.487281	-0.499152	-0.174640	-0.282935	-4.728916	 0.112227	-5.104026	-1.052194	 1.150095	-2.808194	-0.458189	 0.498495
-0.487281	-0.499089	-0.174640	-0.282935	-4.710000	-0.383862	-5.083609	-0.559804	 0.645617	-2.309632	-0.458189	 0.498495
-0.487281	-0.499058	-0.174640	-0.282935	-4.691160	-0.630147	-5.063275	-0.313609	 0.393378	-2.056728	-0.458189	 0.498495
-0.487281	-0.499042	-0.674640	-0.282935	-4.672396	-0.751536	-5.043022	-0.190512	 0.767258	-2.426669	-0.458189	 0.498495
-0.487281	-0.499034	-0.922291	-0.282935	-4.653706	-0.810485	-5.022850	-0.128963	 0.951916	-2.606046	-0.458189	 0.498495
-0.487281	-0.499031	-0.543776	-0.282935	-4.635091	-0.838221	-5.002758	-0.098189	 1.041972	-2.690164	-0.458189	 0.498495
-0.487281	-0.499029	-0.354519	-0.282935	-4.616551	-0.850356	-4.982747	-0.082801	 1.084736	-2.726674	-0.458189	 0.498495
-0.487281	-0.499028	-0.259890	-0.282935	-4.598085	-0.354699	-4.962816	-0.075108	 0.603863	-2.239403	-0.458189	 0.498495
-0.487281	-0.499027	-0.212576	-0.282935	-4.579692	-0.106871	-4.942965	-0.071261	 0.363426	-1.992263	-0.458189	 0.498495
-0.487281	-0.499027	-0.188919	-0.282935	-4.561374	 0.017043	-4.923193	-0.069338	 0.243208	-1.865203	-0.458189	 0.498495
-0.487281	-0.499027	-0.177090	-0.282935	-4.543128	-0.421000	-4.903501	-0.068376	 0.683099	-1.798197	-0.458189	 0.498495
-0.487281	-0.499027	-0.171176	-0.282935	-4.524956	-0.638303	-4.883887	-0.067895	 0.900798	-1.761231	-0.458189	 0.498495
-0.487281	-0.499027	-0.168219	-0.282935	-4.506856	-0.745243	-4.864351	-0.567655	 1.007411	-1.739300	-0.458189	 0.498495
-0.487281	-0.499027	-0.166740	-0.282935	-4.488828	-0.797009	-4.844894	-0.815400	 1.058489	-1.724899	-0.458189	 0.498495
-0.487281	-0.499027	-0.166001	-0.282935	-4.470873	-0.321195	-4.825514	-0.937146	 1.081809	-1.714278	-0.458189	 0.498495
-0.487281	-0.499027	-0.165631	-0.282935	-4.452990	-0.083287	-4.806212	-0.995901	 1.091259	-1.705560	-0.458189	 0.498495
-0.487281	-0.499027	-0.165446	-0.282935	-4.435178	-0.464334	-4.786987	-1.023169	 1.093782	-2.197808	-0.458189	 0.498495
-0.487281	-0.499027	-0.165354	-0.282935	-4.417437	-0.653166	-4.767839	-1.034703	 1.092852	-2.438551	-0.458189	 0.498495
-0.487281	-0.499027	-0.165308	-0.282935	-4.399767	-0.745898	-4.748768	-1.038377	 1.090202	-2.553564	-0.458189	 0.498495
-0.487281	-0.499027	-0.165285	-0.282935	-4.382168	-0.790587	-4.729773	-0.538130	 1.086703	-2.105734	-0.458189	 0.498495
-0.487281	-0.499027	-0.165273	-0.282935	-4.364639	-0.811261	-4.710854	-0.288006	 1.082786	-1.878503	-0.458189	 0.498495
-0.487281	-0.499027	-0.165267	-0.282935	-4.347181	-0.319934	-4.692010	-0.162945	 1.078670	-1.761585	-0.458189	 0.498495
-0.487281	-0.499027	-0.165264	-0.282935	-4.329792	-0.074271	-4.673242	-0.100414	 1.074463	-1.699836	-0.458189	 0.498495
-0.487281	-0.499027	-0.165263	-0.282935	-4.312473	 0.048561	-4.654549	-0.569148	 1.070219	-2.165686	-0.458189	 0.498495
-0.487281	-0.499027	-0.165262	-0.282935	-4.295223	 0.109977	-4.635931	-0.801440	 1.065965	-2.393348	-0.458189	 0.498495
-0.487281	-0.499027	-0.165262	-0.282935	-4.278042	-0.359315	-4.617387	-0.915518	 1.061715	-2.501937	-0.458189	 0.498495
-0.487281	-0.499027	-0.165262	-0.282935	-4.260930	-0.592304	-4.598918	-0.970498	 1.057475	-2.551010	-0.458189	 0.498495
-0.487281	-0.499027	-0.165262	-0.282935	-4.243886	-0.707148	-4.580522	-0.995937	 1.053248	-2.570346	-0.458189	 0.498495
-0.487281	-0.499027	-0.165262	-0.282935	-4.226911	-0.262926	-4.562200	-0.506614	 1.049037	-2.074835	-0.458189	 0.498495
-0.487281	-0.499027	-0.165262	-0.282935	-4.210003	-0.040815	-4.543951	-0.261952	 1.044842	-1.823921	-0.458189	 0.498495
-0.487281	-0.499027	-0.165262	-0.282935	-4.193163	-0.429759	-4.525775	-0.139621	 1.040663	-1.695318	-0.458189	 0.498495
-0.487281	-0.499027	-0.165262	-0.282935	-4.176390	-0.622594	-4.507672	-0.078456	 1.036500	-1.627883	-0.458189	 0.498495
-0.487281	-0.499027	-0.165262	-0.282935	-4.159685	-0.717380	-4.489642	-0.047873	 1.032354	-2.091045	-0.458189	 0.498495
-0.487281	-0.499027	-0.165262	-0.282935	-4.143046	-0.763149	-4.471683	-0.032582	 1.028225	-2.317517	-0.458189	 0.498495
-0.487281	-0.499027	-0.165262	-0.282935	-4.126474	-0.784416	-4.453796	-0.024936	 1.024112	-1.925665	-0.458189	 0.498495
-0.487281	-0.499027	-0.165262	-0.282935	-4.109968	-0.793438	-4.435981	-0.021113	 1.020016	-1.726672	-0.458189	 0.498495
-0.487281	-0.499027	-0.165262	-0.282935	-4.093528	-0.796344	-4.418237	-0.019202	 1.015936	-1.624120	-0.458189	 0.498495
-0.487281	-0.499027	-0.165262	-0.282935	-4.077154	-0.796199	-4.400564	-0.018246	 1.011872	-1.569800	-0.458189	 0.498495
-0.487281	-0.499027	-0.165262	-0.282935	-4.060845	-0.794534	-4.382962	-0.017768	 1.007824	-1.539610	-0.458189	 0.498495
-0.487281	-0.499027	-0.165262	-0.282935	-4.044602	-0.292116	-4.365430	-0.017529	 1.003793	-2.021496	-0.458189	 0.498495
-0.487281	-0.499027	-0.165262	-0.282935	-4.028424	-0.040906	-4.347968	-0.017410	 0.999778	-2.257432	-0.458189	 0.498495
-0.487281	-0.499027	-0.165262	-0.282935	-4.012310	-0.415302	-4.330577	-0.017350	 0.495779	-1.870413	-0.458189	 0.498495
-0.487281	-0.499027	-0.165262	-0.282935	-3.996261	-0.600920	-4.313254	-0.017320	 0.243779	-1.673937	-0.458189	 0.498495
-0.487281	-0.499027	-0.165262	-0.282935	-3.980276	-0.692156	-4.296001	-0.517306	 0.617780	-2.072744	-0.458189	 0.498495
-0.487281	-0.499027	-0.165262	-0.282935	-3.964355	-0.736208	-4.278817	-0.765263	 0.802796	-2.267205	-0.458189	 0.498495
-0.487281	-0.499027	-0.165262	-0.282935	-3.948497	-0.756673	-4.261702	-0.387216	 0.393329	-1.859512	-0.458189	 0.498495
-0.487281	-0.499027	-0.165262	-0.282935	-3.932703	-0.765351	-4.244655	-0.198192	 0.188595	-1.652761	-0.458189	 0.498495
-0.487281	-0.499027	-0.165262	-0.282935	-3.916972	-0.768142	-4.227676	-0.103680	 0.086228	-1.546494	-0.458189	 0.498495
-0.487281	-0.499027	-0.165262	-0.282935	-3.901304	-0.767996	-4.210766	-0.056424	 0.535045	-1.990480	-0.458189	 0.498495
-0.487281	-0.499027	-0.165262	-0.282935	-3.885699	-0.766387	-4.193923	-0.032796	 0.757485	-2.207604	-0.458189	 0.498495
-0.487281	-0.499027	-0.165262	-0.282935	-3.870156	-0.764053	-4.177147	-0.520983	 0.866746	-2.311317	-0.458189	 0.498495
-0.487281	-0.499027	-0.165262	-0.282935	-3.854676	-0.761362	-4.160438	-0.763057	 0.919424	-2.358343	-0.458189	 0.498495
-0.487281	-0.499027	-0.165262	-0.282935	-3.839257	-0.258500	-4.143797	-0.382084	 0.943819	-1.877045	-0.458189	 0.498495
-0.487281	-0.499027	-0.165262	-0.282935	-3.823900	-0.007069	-4.127221	-0.191598	 0.954080	-1.633605	-0.458189	 0.498495
-0.487281	-0.499027	-0.165262	-0.282935	-3.808604	 0.118647	-4.110713	-0.096355	 0.957282	-1.509105	-0.458189	 0.498495
-0.487281	-0.499027	-0.165262	-0.282935	-3.793370	 0.181505	-4.094270	-0.048733	 0.956962	-1.444085	-0.458189	 0.498495
-0.487281	-0.499027	-0.165262	-0.282935	-3.778197	 0.212934	-4.077893	-0.024922	 0.954888	-1.408817	-0.458189	 0.498495
-0.487281	-0.499027	-0.165262	-0.282935	-3.763084	-0.271352	-4.061581	-0.513017	 0.951946	-1.388436	-0.458189	 0.498495
-0.487281	-0.499027	-0.165262	-0.282935	-3.748031	-0.511983	-4.045335	-0.755062	 0.948577	-1.375510	-0.458189	 0.498495
-0.487281	-0.499027	-0.165262	-0.282935	-3.733039	-0.630794	-4.029153	-0.374090	 0.945002	-1.366321	-0.458189	 0.498495
-0.487281	-0.499027	-0.165262	-0.282935	-3.718107	-0.688700	-4.013037	-0.183604	 0.941332	-1.359013	-0.458189	 0.498495
-0.487281	-0.499027	-0.165262	-0.282935	-3.703235	-0.716160	-3.996985	-0.088361	 0.437621	-1.852655	-0.458189	 0.498495
-0.487281	-0.499027	-0.165262	-0.282935	-3.688422	-0.728402	-3.980997	-0.040740	 0.185766	-2.094784	-0.458189	 0.498495
-0.487281	-0.499027	-0.165262	-0.282935	-3.673668	-0.733042	-3.965073	-0.016929	 0.559838	-1.711174	-0.458189	 0.498495
-0.487281	-0.499027	-0.165262	-0.282935	-3.658973	-0.733887	-3.949212	-0.005024	 0.745007	-1.516714	-0.458189	 0.498495
-0.487281	-0.499027	-0.165262	-0.282935	-3.644338	-0.732840	-3.933416	 0.000929	 0.835730	-1.416840	-0.458189	 0.498495
-0.487281	-0.499027	-0.165262	-0.282935	-3.629760	-0.230853	-3.917682	 0.003905	 0.879239	-1.364269	-0.458189	 0.498495
-0.487281	-0.499027	-0.165262	-0.282935	-3.615241	 0.020141	-3.902011	 0.005393	 0.899148	-1.335360	-0.458189	 0.498495
-0.487281	-0.499027	-0.165262	-0.282935	-3.600780	-0.354362	-3.886403	 0.006137	 0.407265	-1.818292	-0.458189	 0.498495
-0.487281	-0.499027	-0.165262	-0.282935	-3.586377	-0.540156	-3.870858	 0.006510	 0.161323	-2.055156	-0.458189	 0.498495
-0.487281	-0.499027	-0.165262	-0.282935	-3.572032	-0.631601	-3.855374	-0.493304	 0.538352	-1.669004	-0.458189	 0.498495
-0.487281	-0.499027	-0.165262	-0.282935	-3.557743	-0.675878	-3.839953	-0.741225	 0.725036	-1.473362	-0.458189	 0.498495
-0.487281	-0.499027	-0.165262	-0.282935	-3.543512	-0.196576	-3.824593	-0.863207	 0.816554	-1.372986	-0.458189	 0.498495
-0.487281	-0.499027	-0.165262	-0.282935	-3.529338	 0.043075	-3.809294	-0.922228	 0.860497	-1.320252	-0.458189	 0.498495
-0.487281	-0.499027	-0.165262	-0.282935	-3.515221	 0.162901	-3.794057	-0.949776	 0.880660	-1.291351	-0.458189	 0.498495
-0.487281	-0.499027	-0.165262	-0.282935	-3.501160	-0.277186	-3.778881	-0.461595	 0.888940	-1.774375	-0.458189	 0.498495
-0.487281	-0.499027	-0.165262	-0.282935	-3.487156	-0.495795	-3.763766	-0.217505	 0.891285	-2.011372	-0.458189	 0.498495
-0.487281	-0.499027	-0.165262	-0.282935	-3.473207	-0.603671	-3.748710	-0.095460	 0.890671	-1.625374	-0.458189	 0.498495
-0.487281	-0.499027	-0.165262	-0.282935	-3.459314	-0.656186	-3.733716	-0.034437	 0.888583	-1.429896	-0.458189	 0.498495
-0.487281	-0.499027	-0.165262	-0.282935	-3.445477	-1.181026	-3.718781	-0.003926	 0.885767	-1.829689	-0.458189	 0.498495
-0.487281	-0.499027	-0.165262	-0.282935	-3.431695	-1.440034	-3.703906	 0.011330	 0.882592	-2.025126	-0.458189	 0.498495
-0.487281	-0.499027	-0.665262	-0.282935	-3.417968	-0.566140	-3.689090	-0.481042	 0.879246	-2.118403	-0.458189	 0.498495
-0.487281	-0.499027	-0.912931	-0.282935	-3.404296	-0.129193	-3.674334	-0.725281	 0.875822	-2.160619	-0.458189	 0.498495
-0.487281	-0.499027	-0.534445	-0.282935	-3.390679	-0.410720	-3.659636	-0.345462	 0.872364	-2.177321	-0.458189	 0.498495
-0.487281	-0.499027	-0.345201	-0.282935	-3.377116	-0.550098	-3.644998	-0.155552	 0.868898	-2.181284	-0.458189	 0.498495
-0.487281	-0.499027	-0.250580	-0.282935	-3.363608	-0.618409	-3.630418	-0.060597	 0.865434	-2.178895	-0.458189	 0.498495
-0.487281	-0.499027	-0.203269	-0.282935	-3.350153	-0.651191	-3.615896	-0.013120	 0.861978	-1.673347	-0.458189	 0.498495
-0.487281	-0.499027	-0.179614	-0.282935	-3.336753	-0.666214	-3.601433	 0.010619	 0.858533	-1.418238	-0.458189	 0.498495
-0.487281	-0.499027	-0.167786	-0.282935	-3.323406	-0.672363	-3.587027	-0.477512	 0.355100	-1.288357	-0.458189	 0.498495
-0.487281	-0.499027	-0.161872	-0.282935	-3.310112	-0.674080	-3.572679	-0.719646	 0.103384	-1.221099	-0.458189	 0.498495
-0.487281	-0.499027	-0.158915	-0.282935	-3.296872	-0.673587	-3.558388	-0.338789	 0.477526	-1.185163	-0.458189	 0.498495
-0.487281	-0.499027	-0.157437	-0.282935	-3.283684	-0.671995	-3.544154	-0.148361	 0.662893	-1.164896	-0.458189	 0.498495
-0.487281	-0.499027	-0.156697	-0.282935	-3.270550	-0.669857	-3.529978	-0.553147	 0.753881	-1.652474	-0.458189	 0.498495
-0.487281	-0.499027	-0.156328	-0.282935	-3.257467	-0.667454	-3.515858	-0.753624	 0.797684	-1.891982	-0.458189	 0.498495
-0.487281	-0.499027	-0.156143	-0.282935	-3.244437	-0.664921	-3.501794	-0.851954	 0.817903	-2.007474	-0.458189	 0.498495
-0.487281	-0.499027	-0.156051	-0.282935	-3.231460	-0.662331	-3.487787	-0.399219	 0.826337	-1.560973	-0.458189	 0.498495
-0.487281	-0.499027	-0.156004	-0.282935	-3.218534	-0.659716	-3.473836	-0.172851	 0.828884	-1.335494	-0.458189	 0.498495
-0.487281	-0.499027	-0.155981	-0.282935	-3.205660	-0.157094	-3.459941	-0.059667	 0.828494	-1.720535	-0.458189	 0.498495
-0.487281	-0.499027	-0.155970	-0.282935	-3.192837	 0.094217	-3.446101	-0.003076	 0.826644	-1.908844	-0.458189	 0.498495
-0.487281	-0.499027	-0.155964	-0.282935	-3.180066	 0.219872	-3.432317	 0.025220	 0.824069	-1.998804	-0.458189	 0.498495
-0.487281	-0.499027	-0.155961	-0.282935	-3.167345	-0.217300	-3.418587	-0.460632	 0.821138	-1.539607	-0.458189	 0.498495
-0.487281	-0.499027	-0.155960	-0.282935	-3.154676	-0.434577	-3.404913	-0.701665	 0.818036	-1.307847	-0.458189	 0.498495
-0.487281	-0.499027	-0.155959	-0.282935	-3.142057	-0.041912	-3.391293	-0.320296	 0.814856	-1.189815	-0.458189	 0.498495
-0.487281	-0.499027	-0.155958	-0.282935	-3.129489	 0.154420	-3.377728	-0.129611	 0.811642	-1.128656	-0.458189	 0.498495
-0.487281	-0.499027	-0.155958	-0.282935	-3.116971	 0.252587	-3.364217	-0.034269	 0.808418	-1.095941	-0.458189	 0.498495
-0.487281	-0.499027	-0.155958	-0.282935	-3.104503	-0.198330	-3.350760	 0.013402	 0.805196	-1.077457	-0.458189	 0.498495
-0.487281	-0.499027	-0.155958	-0.282935	-3.092085	-0.422490	-3.337357	 0.037238	 0.801981	-1.066097	-0.458189	 0.498495
-0.487281	-0.499027	-0.155958	-0.282935	-3.079717	-0.033277	-3.324008	 0.049155	 0.798776	-1.058308	-0.458189	 0.498495
-0.487281	-0.499027	-0.155958	-0.282935	-3.067398	 0.161330	-3.310712	 0.055114	 0.795582	-1.052312	-0.458189	 0.498495
-0.487281	-0.499027	-0.155958	-0.282935	-3.055129	-0.241367	-3.297469	 0.058094	 0.792401	-1.047222	-0.458189	 0.498495
-0.487281	-0.499027	-0.155958	-0.282935	-3.042908	-0.441427	-3.284279	 0.059583	 0.789231	-1.042592	-0.458189	 0.498495
-0.487281	-0.499027	-0.155958	-0.282935	-3.030736	-0.040174	-3.271142	 0.060328	 0.786075	-1.038201	-0.458189	 0.498495
-0.487281	-0.499027	-0.155958	-0.282935	-3.018613	 0.160452	-3.258057	 0.060701	 0.782930	-1.033938	-0.458189	 0.498495
-0.487281	-0.499027	-0.155958	-0.282935	-3.006539	 0.260765	-3.245025	 0.060887	 0.779799	-1.029748	-0.458189	 0.498495
-0.487281	-0.499027	-0.155958	-0.282935	-2.994513	-0.189078	-2.732045	 0.060980	 0.776680	-1.025601	-0.458189	 0.498495
-0.487281	-0.499027	-0.155958	-0.282935	-2.982535	-0.412722	-2.471117	 0.061027	 0.773573	-1.021485	-0.458189	 0.498495
-0.487281	-0.499027	-0.155958	-0.282935	-2.970605	-0.023271	-2.836233	 0.061050	 0.770479	-1.517392	-0.458189	 0.498495
-0.487281	-0.499027	-0.155958	-0.282935	-2.958722	 0.171454	-3.012388	 0.061061	 0.767397	-1.761319	-0.458189	 0.498495
-0.487281	-0.499027	-0.155958	-0.282935	-2.946887	-0.231183	-3.094088	-0.438933	 0.764327	-1.379272	-0.458189	 0.498495
-0.487281	-0.499027	-0.155958	-0.282935	-2.935100	-0.431234	-3.128587	-0.687052	 0.761270	-1.186254	-0.458189	 0.498495
-0.487281	-0.499027	-0.155958	-0.282935	-2.923359	-0.529997	-3.139510	-0.809241	 0.758225	-1.587759	-0.458189	 0.498495
-0.487281	-0.499027	-0.155958	-0.282935	-2.911666	-0.578121	-3.138671	-0.868473	 0.755192	-1.784532	-0.458189	 0.498495
-0.487281	-0.499027	-0.155958	-0.282935	-2.900019	-0.600930	-3.131975	-0.896233	 0.752171	-1.878957	-0.458189	 0.498495
-0.487281	-0.499027	-0.155958	-0.282935	-2.888419	-0.111087	-3.122377	-0.908266	 0.749162	-1.422222	-0.458189	 0.498495
-0.487281	-0.499027	-0.155958	-0.282935	-2.876866	 0.133834	-3.111352	-0.912441	 0.746166	-1.191924	-0.458189	 0.498495
-0.487281	-0.499027	-0.155958	-0.282935	-2.865358	 0.256295	-3.099639	-0.912696	 0.743181	-1.074851	-0.458189	 0.498495
-0.487281	-0.499027	-0.155958	-0.282935	-2.853897	 0.317525	-3.087607	-0.910997	 0.740208	-1.014400	-0.458189	 0.498495
-0.487281	-0.499027	-0.155958	-0.282935	-2.842481	-0.151860	-3.075440	-0.408329	 0.737247	-1.482266	-0.458189	 0.498495
-0.487281	-0.499027	-0.155958	-0.282935	-2.831111	-0.385310	-3.063229	-0.156995	 0.734298	-1.712299	-0.458189	 0.498495
-0.487281	-0.499027	-0.155958	-0.282935	-2.819787	-0.500797	-2.551022	-0.031328	 0.731361	-1.323430	-0.458189	 0.498495
-0.487281	-0.499027	-0.155958	-0.282935	-2.808508	-0.557308	-2.290841	 0.031505	 0.728436	-1.127127	-0.458189	 0.498495
-0.487281	-0.499027	-0.155958	-0.282935	-2.797273	-0.584336	-2.156689	 0.062922	 0.725522	-1.027114	-0.458189	 0.498495
-0.487281	-0.499027	-0.155958	-0.282935	-2.786084	-0.096628	-2.585568	 0.078630	 0.722620	-0.975253	-0.458189	 0.498495
-0.487281	-0.499027	-0.155958	-0.282935	-2.774940	 0.147227	-2.793979	 0.086484	 0.719730	-0.947476	-0.458189	 0.498495
-0.487281	-0.499027	-0.155958	-0.282935	-2.763840	 0.269154	-2.892179	 0.090412	 0.716851	-0.931748	-0.458189	 0.498495
-0.487281	-0.499027	-0.155958	-0.282935	-2.752785	 0.330118	-2.935299	 0.092375	 0.713983	-0.922052	-0.458189	 0.498495
-0.487281	-0.499027	-0.155958	-0.282935	-2.741774	-0.139401	-2.950902	-0.406643	 0.711127	-0.915379	-0.458189	 0.498495
-0.487281	-0.499027	-0.155958	-0.282935	-2.730807	-0.372942	-2.952770	-0.654341	 0.708283	-0.910225	-0.458189	 0.498495
-0.487281	-0.499027	-0.155958	-0.282935	-2.719883	-0.488500	-2.947795	-0.276386	 0.705450	-0.905838	-0.458189	 0.498495
