-1.637398	-3.537705	 0.022632	-0.452737	-2.878749	-1.152324	-2.639310	-0.334942	-0.126718	-4.189385	-1.225080	 0.456714
-1.740225	-3.523554	-0.351851	-0.451996	-2.867234	-0.651625	-2.628753	-0.334732	-0.126718	-4.172599	-1.220180	 0.456714
-1.787952	-3.509460	-0.537640	-0.451625	-2.855765	-0.401276	-2.618238	-0.334626	-0.126718	-4.155894	-1.215299	 0.456714
-1.808145	-3.495422	-0.629087	-0.451440	-2.844342	-0.776101	-2.607765	-0.334574	-0.126718	-4.139264	-1.210438	 0.456714
-1.814584	-3.481441	-0.673370	-0.451347	-2.832964	-0.961212	-2.597334	-0.334547	-0.126718	-4.122703	-1.205596	 0.456714
-1.814162	-3.467515	-0.194076	-0.451301	-2.821633	-1.051475	-2.586944	-0.334534	-0.126718	-4.106210	-1.200774	 0.456714
-1.810323	-3.453645	 0.045571	-0.451278	-2.810346	-1.094323	-2.576597	-0.334527	-0.126718	-4.089785	-1.195971	 0.456714
-1.804791	-3.439830	 0.165394	-0.451266	-2.799105	-1.113472	-2.566290	-0.334524	-0.126718	-4.073425	-1.191187	 0.456714
-1.298426	-3.426071	-0.274694	-0.451261	-2.787908	-0.620782	-2.556025	-0.334523	-0.126718	-4.057131	-1.186422	 0.456714
-1.043660	-3.412367	-0.493309	-0.451258	-2.776757	-0.374437	-2.545801	-0.334522	-0.126718	-4.040902	-1.181677	 0.456714
-0.914699	-3.398717	-0.101192	-0.451256	-2.765650	-0.251264	-2.535618	-0.334521	-0.126718	-4.024739	-1.176950	 0.456714
-0.848647	-3.385122	 0.094866	-0.451256	-2.754587	-0.189678	-2.525475	-0.334521	-0.126718	-4.008640	-1.172242	 0.456714
-0.814056	-3.371582	-0.307105	-0.451255	-3.243569	-0.658885	-2.515373	-0.334521	 0.373282	-3.992605	-1.167553	 0.456714
-0.795201	-3.358095	-0.506672	-0.451255	-3.480594	-0.891232	-2.505312	-0.334521	 0.621535	-3.976635	-1.162883	 0.456714
-1.284221	-3.344663	-0.605043	-0.451255	-3.091672	-1.005158	-2.495291	-0.334521	 0.243922	-3.960728	-1.158231	 0.456714
-1.525185	-3.331284	-0.652822	-0.451255	-2.891805	-1.059883	-2.485310	-0.334521	 0.055116	-3.944885	-1.153599	 0.456714
-1.642134	-3.317959	-0.675310	-0.451255	-2.786488	-1.085017	-2.475368	-0.334521	-0.039287	-3.929106	-1.148984	 0.456714
-1.197091	-3.304687	-0.185158	-0.451255	-2.728467	-0.595363	-2.465467	-0.334521	-0.086489	-3.913389	-1.144388	 0.456714
-0.973065	-3.291469	 0.059917	-0.451255	-2.694116	-0.350536	-2.455605	-0.334521	-0.110090	-3.897736	-1.139811	 0.456714
-1.359554	-3.278303	-0.317545	-0.451255	-2.671621	-0.728123	-2.445783	-0.334521	-0.121890	-3.882145	-1.135251	 0.456714
-1.549307	-3.265190	-0.504886	-0.451255	-2.655075	-0.914705	-2.435999	-0.334521	-0.127790	-3.866616	-1.130710	 0.456714
-1.140705	-3.252129	-0.597172	-0.451255	-2.641525	-0.505793	-2.426255	-0.334521	 0.369260	-4.351150	-1.126188	 0.456714
-0.934939	-3.239120	-0.641936	-0.451255	-2.629494	-0.301337	-2.416550	-0.334521	 0.616052	-4.583745	-1.121683	 0.456714
-0.830599	-3.226164	-0.662945	-0.451255	-2.618243	-0.199109	-2.406884	-0.334521	 0.237723	-4.190410	-1.117196	 0.456714
-0.776976	-3.213259	-0.672081	-0.451255	-2.607404	-0.147995	-2.397257	-0.334521	 0.048558	-3.986149	-1.112727	 0.456714
-0.748717	-3.200406	-0.675287	-0.451255	-2.596791	-0.122438	-2.387668	-0.334521	-0.046025	-3.876454	-1.108276	 0.456714
-0.733147	-3.187605	-0.675533	-0.951255	-2.586313	-0.109660	-2.378117	-0.334521	-0.093316	-4.314073	-1.103843	 0.456714
-0.723927	-3.174854	-0.674304	-1.198352	-2.575922	-0.103271	-2.368604	-0.334521	-0.116961	-4.523379	-1.099428	 0.456714
-1.217888	-3.162155	-0.672344	-0.819010	-2.565595	-0.100076	-2.359130	-0.334521	-0.128784	-4.118567	-1.095030	 0.456714
-1.461444	-3.149506	-0.670023	-0.629339	-2.555321	-0.098479	-2.349694	-0.334521	-0.134696	-3.908733	-1.090650	 0.456714
-1.079813	-3.136908	-0.667527	-1.034504	-2.545094	-0.597680	-2.340295	-0.334521	-0.137651	-3.796419	-1.086287	 0.456714
-0.887600	-3.124360	-0.664949	-1.234206	-2.534911	-0.845087	-2.330934	-0.334521	-0.139129	-3.732893	-1.081942	 0.456714
-0.790103	-3.111863	-0.662335	-0.831190	-3.024770	-0.466605	-2.321610	-0.334521	 0.360132	-3.693792	-1.077615	 0.456714
-0.739970	-3.099416	-0.659709	-0.629682	-3.262670	-0.277365	-2.312323	-0.334521	 0.608044	-3.666932	-1.073304	 0.456714
-0.713523	-3.087018	-0.657081	-0.528928	-3.374619	-0.182744	-2.303074	-0.334521	 0.730288	-3.646222	-1.069011	 0.456714
-0.698926	-3.074670	-0.654459	-0.478551	-2.923621	-0.635434	-2.293862	-0.334521	 0.289705	-3.628615	-1.064735	 0.456714
-0.690258	-3.062371	-0.651844	-0.453362	-2.693176	-0.859603	-2.284686	-0.334521	 0.069413	-3.612590	-1.060476	 0.456714
-1.184562	-3.050122	-0.149238	-0.440768	-2.573028	-0.469520	-1.775548	 0.165479	 0.459267	-3.097385	-0.556234	 0.956714
-1.428355	-3.037921	 0.102065	-0.434471	-2.508049	-0.274478	-1.518445	 0.414148	 0.652496	-2.834617	-0.304113	 1.203800
-1.046908	-2.525769	 0.227716	-0.431322	-1.970673	-0.176957	-0.887372	 0.537157	 1.247419	-2.198090	-0.178053	 1.324442
-0.854853	-2.265666	 0.290542	-0.429748	-1.699118	-0.128197	-0.571835	 0.597341	 1.541196	-1.876703	-0.115022	 1.381873
-0.757501	-2.131604	 0.321955	 0.071039	-1.560486	-0.103817	-0.414066	 1.126118	 1.684414	-2.212899	 0.416493	 1.907709
-0.707504	-2.060577	 0.337662	 0.320289	-1.488326	-0.091626	-0.335182	 1.387197	 1.752368	-2.375899	 0.680354	 2.165761
-0.681190	-2.021085	 0.345515	 0.443775	-1.449413	-0.085531	-0.295740	 1.514440	 1.782705	-2.452321	 0.810397	 2.289939
-0.666724	-1.497376	 0.349441	 0.504383	-0.927136	-0.082484	-0.276019	 1.074778	 1.794247	-1.985475	 0.873537	 2.347199
-0.658186	-1.233574	 0.351405	 0.533558	-0.665998	-0.080960	-0.266158	 0.853676	 1.796406	-1.749014	 0.903234	 2.371021
-0.152618	-1.099733	 0.352386	 0.547019	-0.535428	-0.080198	-0.261228	 1.241861	 2.293889	-1.127759	 0.916216	 2.378142
 0.100166	-1.030881	 0.352877	 0.552629	-0.470144	-0.079817	-0.258763	 1.432693	 2.537047	-0.816118	 0.920849	 2.376932
 0.226558	-0.994531	 0.853123	 0.554318	-0.437501	 0.920373	 0.242470	 2.024862	 2.653066	-0.159289	 0.921315	 2.871575
 0.289754	-0.974440	 1.100539	 0.554050	-0.421180	 1.416627	 0.491598	 2.315712	 2.705538	 0.169126	 0.919704	 3.112165
 0.821352	 0.037515	 1.721551	 1.052808	 2.586980	 1.660929	 4.614681	 2.955924	 3.226257	 6.333333	 2.917062	 3.225754
 1.084445	 0.541393	 2.027371	 1.299084	 4.079870	 1.779269	 6.658747	 3.268838	 3.479123	 9.390442	 3.905913	 3.275870
 1.213297	 0.791242	 2.175616	 1.419132	 4.815170	 1.834644	 7.663375	 3.418131	 3.598092	 10.894101	 4.390548	 3.294276
 2.275038	 4.914084	 2.245090	 1.476077	 6.671719	 2.358551	 9.148352	 2.985643	 3.150142	 14.121135	 4.623116	 2.796853
 2.799235	 6.957431	 2.275198	 1.501484	 7.582936	 2.614740	 9.869575	 2.764293	 2.920763	 15.699955	 4.729688	 2.543543
 4.554687	 11.461103	 1.785641	 1.511133	 11.021557	 2.737092	 12.209004	 2.648532	 1.300691	 21.454808	 5.773302	 0.412308
 5.419793	 13.681010	 1.538271	 1.512916	 12.711947	 2.792550	 13.349622	 2.585586	 0.490655	 24.277815	 6.281475	-0.649872
 6.839776	 17.759161	 1.412004	 1.510779	 16.028337	 2.814582	 15.390950	 2.049067	-0.414364	 29.135117	 7.521982	-2.177538
 7.533248	 19.754562	 1.346299	 1.506693	 17.647843	 2.819926	 16.376750	 1.777783	-0.864234	 31.495783	 8.124711	-2.933960
 8.363530	 22.708763	 1.310885	 1.501644	 19.919061	 2.816947	 17.834925	 2.139128	-1.586541	 34.108404	 8.408620	-3.804791
 8.760284	 24.134537	 1.290627	 1.496127	 21.010290	 2.809829	 18.525426	 2.314799	-1.943077	 35.341272	 8.533190	-4.230855
 8.940346	 24.796304	 1.277958	 1.490387	 21.511701	 2.800665	 18.832245	 2.397654	-2.116745	 35.884557	 8.578159	-4.434573
 9.012137	 26.076271	 1.269092	 1.484548	 22.218380	 2.790500	 19.447376	 1.934121	-2.198999	 36.083344	 8.583397	-4.527156
 9.029864	 26.661542	 1.262139	 1.478671	 22.525870	 2.779857	 19.714817	 1.699413	-2.235563	 36.110174	 8.568839	-4.564207
 9.020633	 27.399684	 1.256152	 1.472787	 23.133948	 3.268997	 20.308572	 1.579129	-2.249301	 37.051314	 9.044452	-4.573531
 8.997994	 27.712479	 1.250658	 1.466911	 23.390503	 3.506050	 20.563646	 1.516070	-2.251644	 37.445900	 9.263218	-4.569027
 8.968724	 28.312826	 1.245421	 1.461051	 23.971486	 3.117091	 20.649545	 1.481634	-2.248307	 37.567512	 9.353637	-5.057646
 8.936211	 28.555173	 1.240322	 1.455210	 24.212873	 2.917155	 20.651023	 1.461522	-2.242149	 37.552939	 9.379958	-5.290863
 8.902146	 28.618752	 1.235302	 1.449391	 24.284658	 2.811753	 20.610458	 1.448583	-2.234598	 37.970576	 9.374306	-4.896423
 8.867378	 28.593177	 1.230332	 1.443595	 24.271837	 2.753639	 20.549035	 1.439242	-2.226368	 38.102618	 9.352743	-4.690199
 8.832329	 28.523254	 1.225396	 1.437821	 24.216909	 2.719191	 20.477349	 1.431712	-2.217817	 38.092170	 9.323299	-4.578119
 8.797209	 27.931386	 1.220487	 1.432070	 24.141121	 2.696597	 19.900694	 1.425099	-2.209123	 37.510783	 9.289989	-4.513147
 8.762125	 27.580772	 1.215601	 1.426342	 24.055096	 2.679953	 19.573719	 1.418955	-2.200375	 37.146230	 9.254821	-4.471765
 8.727129	 27.351006	 1.210737	 1.420636	 23.464146	 2.666304	 19.871738	 1.413057	-2.191618	 36.890390	 9.218798	-4.442213
 8.692247	 27.181880	 1.205893	 1.414954	 23.122924	 2.654174	 19.980407	 1.407294	-2.182874	 36.689201	 9.182421	-4.418612
 8.657491	 27.043291	 1.201069	 1.409294	 22.906750	 2.642825	 19.994564	 1.401610	-2.174153	 36.515631	 9.145940	-4.398021
 8.622868	 26.920188	 1.196265	 1.403657	 22.753282	 2.631887	 19.961625	 1.395976	-2.165462	 36.356162	 9.109481	-4.378971
 8.588380	 26.805042	 1.191479	 1.398042	 22.631348	 2.621177	 19.905298	 1.390378	-2.156803	 36.204033	 9.073105	-4.360726
 8.554028	 26.694089	 1.186713	 1.392450	 22.525362	 2.610600	 19.837437	 1.384809	-2.148177	 36.055866	 9.036844	-4.342918
 8.519813	 26.585446	 1.181967	 0.886880	 22.427531	 2.600112	 19.763967	 1.379267	-2.139585	 35.909966	 9.000712	-4.325364
 8.485734	 26.478171	 1.177239	 0.634095	 22.333955	 2.589689	 19.687851	 1.373748	-2.131027	 35.765489	 8.964717	-4.307972
 8.451791	 26.371792	 1.172530	 0.507703	 22.242687	 2.579319	 19.610570	 1.368252	-2.122503	 35.622008	 8.928862	-4.290694
 8.417984	 26.266071	 1.167840	 0.944507	 22.152750	 2.568996	 19.532862	 1.362779	-2.114013	 35.479310	 8.893148	-4.273509
 8.384312	 26.160891	 1.163168	 1.160146	 22.063656	 2.558717	 19.455098	 1.357327	-2.105557	 35.337288	 8.857577	-4.256403
 8.350775	 26.056189	 1.158516	 0.765214	 21.975160	 2.548481	 18.877462	 1.351898	-2.097135	 35.195887	 8.822147	-4.239372
 8.317372	 25.951935	 1.153881	 0.567748	 21.887138	 2.538286	 18.552044	 1.346490	-2.088747	 35.055077	 8.786858	-4.222412
 8.284102	 25.848112	 1.149266	 0.969015	 22.299529	 3.028132	 18.352882	 1.341104	-2.080392	 34.914843	 8.751711	-4.205521
 8.250966	 25.744713	 1.144669	 1.166908	 22.460301	 3.266020	 18.216993	 1.335740	-2.072070	 34.775178	 8.716704	-4.188698
 8.217962	 25.641730	 1.140090	 1.263125	 21.995445	 3.377956	 18.612887	 1.330397	-2.063782	 34.136074	 8.681838	-4.171943
 8.185090	 25.539161	 1.135530	 1.308515	 21.719955	 3.426944	 18.772816	 1.325075	-2.055527	 33.749528	 8.647110	-4.155255
 8.152350	 25.437004	 1.130988	 1.328502	 21.539322	 3.444486	 18.814915	 1.319775	-2.047305	 33.489529	 8.612522	-4.138634
 8.119740	 25.335255	 1.126464	 1.335798	 21.406288	 2.946333	 18.798250	 1.814496	-2.039115	 33.793070	 8.578072	-4.122079
 8.087261	 25.233914	 1.121958	 1.336760	 21.297224	 2.692360	 18.752355	 2.057238	-2.030959	 33.876648	 8.543759	-4.105591
 8.054912	 25.132978	 1.117470	 1.334566	 21.200316	 2.560497	 18.191994	 1.674009	-2.022835	 33.350516	 8.509584	-4.089168
 8.022693	 25.032446	 1.113000	 1.330804	 21.109655	 2.489708	 17.876551	 1.479813	-2.014744	 33.021801	 8.475546	-4.072812
 7.490602	 24.932317	 1.108548	 1.326269	 21.522287	 2.449476	 18.183707	 1.880144	-2.006685	 33.292058	 8.441644	-3.556520
 7.210640	 24.832587	 1.104114	 1.321358	 21.684733	 2.424541	 18.300303	 2.075748	-1.998658	 33.360061	 8.407877	-3.292294
 7.556797	 24.733257	 1.099698	 1.316270	 21.222261	 2.407275	 17.821767	 1.669008	-1.990663	 32.827207	 8.374246	-3.654125
 7.714070	 24.634324	 1.095299	 1.311103	 20.949506	 2.393861	 17.547813	 1.463113	-1.982701	 32.496191	 8.340749	-3.827009
 7.776964	 24.535787	 1.090918	 1.305908	 20.771775	 2.382394	 17.376288	 1.357651	-1.974770	 32.266353	 8.307386	-3.905451
 7.792731	 24.437643	 1.086554	 1.300709	 20.641721	 2.371918	 17.256116	 1.302416	-1.966871	 32.087361	 8.274156	-3.936704
 7.784997	 24.339893	 1.082208	 1.295518	 20.535671	 2.361958	 17.161758	 1.272304	-1.959003	 31.934048	 8.241060	-3.944395
 7.765576	 24.242533	 1.077879	 1.290342	 20.441787	 2.852273	 16.580445	 1.254763	-1.951167	 30.293830	 7.708095	-3.440336
 7.740373	 24.145563	 1.073567	 1.285184	 20.354149	 3.090746	 16.257789	 1.243519	-1.943363	 29.416414	 7.427263	-3.182434
 7.212341	 22.048981	 1.069273	 0.780045	 18.269797	 2.203324	 14.564592	 0.735432	-1.935589	 26.420628	 6.272554	-2.047634
 6.934957	 20.960785	 1.064996	 0.527475	 17.195250	 1.756981	 13.692250	 0.481388	-1.927847	 24.875885	 5.684964	-1.478408
 6.282949	 17.376942	 1.060736	 0.901191	 13.625735	 2.031188	 11.730439	 1.354367	-0.420135	 19.056852	 4.880974	 0.308023
 5.945684	 15.557434	 1.056493	 1.085498	 11.820865	 2.163681	 10.729997	 1.786401	 0.331545	 16.120859	 4.470825	 1.197050
 5.765834	 14.620204	 1.052267	 1.175113	 10.898398	 2.225335	 10.210316	 1.997981	 0.705219	 14.626493	 4.257629	 1.637391
 5.164737	 10.124224	 1.048058	 1.217390	 7.917213	 2.251588	 7.931095	 2.099352	 1.389898	 9.353046	 3.642942	 2.353406
 4.855062	 7.864977	 1.043866	 1.236010	 6.416748	 2.260159	 6.780180	 2.145637	 1.728088	 6.708163	 3.329543	 2.705275
 3.191133	 3.224142	 1.539690	 1.242810	 2.156683	 1.759907	 2.693465	 1.664395	 1.893051	-0.122405	 1.166810	 2.875095
 2.356114	 0.906558	 1.783532	 1.243711	 0.030857	 1.507262	 0.652893	 1.421408	 1.971416	-3.523783	 0.087436	 2.953915
 0.435563	-2.749412	 1.401397	 0.741673	-2.527865	 0.878430	-1.864617	 0.797557	 1.506499	-6.710622	-0.450267	 2.487260
-0.521743	-4.564587	 1.208292	 0.490653	-3.797054	 0.564014	-3.114608	 0.485632	 1.271958	-8.284246	-0.717143	 2.249891
-0.997438	-5.959414	 0.609709	 0.365144	-4.921515	 0.406806	-3.730874	 0.329669	 0.652612	-9.051343	-1.348613	 2.127181
-1.232339	-6.642119	 0.310417	 0.302389	-5.471654	 0.328202	-4.030313	 0.251688	 0.342939	-9.415254	-1.660387	 2.061818
-1.346855	-6.968822	 0.160771	 0.271011	-5.734680	 0.288900	-4.171373	 0.212697	 0.188103	-9.577651	-1.812330	 2.025143
-1.901190	-7.117583	 0.085948	 0.255323	-5.854198	-0.230751	-4.233278	 0.193202	 0.610685	-10.139370	-1.884373	 2.002829
-2.173447	-7.177430	 0.048537	 0.247478	-5.902009	-0.489076	-4.255640	 0.183454	 0.819909	-10.398827	-1.916482	 1.987711
-1.804684	-7.192880	 0.029831	 0.243556	-5.914015	-0.616743	-4.758265	 0.178580	 0.922463	-10.007239	-1.928639	 1.976206
-1.617430	-7.186188	 0.020478	 0.241595	-5.908166	-0.679088	-4.999056	 0.176144	 0.971690	-9.792214	-1.930836	 1.966525
-1.520943	-7.168483	 0.015802	 0.240614	-5.893437	-0.708778	-5.108972	 0.174925	 0.994262	-9.665547	-1.928069	 1.957770
-1.469851	-7.145329	 0.013464	 0.240124	-5.874315	-0.722146	-5.153492	 0.174316	 1.003514	-9.583135	-1.922834	 1.949495
-1.941467	-7.119507	 0.012295	 0.239879	-5.853043	-0.727359	-5.165356	 0.174011	 0.506114	-10.022928	-1.916382	 1.941475
-2.172449	-7.092409	 0.011710	 0.239757	-5.830744	-0.728500	-5.160934	 0.173859	 0.257415	-10.221899	-1.909336	 1.933598
-2.283133	-7.064729	 0.011418	 0.239695	-5.807978	-0.727611	-5.148409	 0.173783	 0.133065	-10.300543	-1.902008	 1.925808
-2.333688	-7.036816	 0.011272	 0.239665	-5.785024	-0.725714	-5.131875	 0.173745	 0.570890	-10.319107	-1.894555	 1.918077
-2.354196	-7.008841	 0.011199	 0.239649	-5.762023	-0.723317	-5.113378	 0.173726	 0.787785	-10.307713	-1.887054	 1.910391
-2.359701	-6.980892	 0.011162	 0.239642	-6.239044	-0.720677	-5.093939	 0.173716	 0.894223	-10.281424	-1.879545	 1.902742
-2.357723	-6.953011	 0.011144	 0.239638	-6.464123	-0.717921	-5.074071	 0.173711	 0.945441	-10.247769	-1.872046	 1.895128
-1.852023	-6.925221	 0.011135	 0.239636	-6.063284	-0.715113	-5.054028	-0.326291	 0.469056	-10.210513	-1.864567	 1.387546
-1.596480	-6.897531	 0.011130	 0.239635	-5.851540	-0.712284	-5.033939	-0.574640	 0.230864	-10.171538	-1.857114	 1.131995
-1.966027	-7.869946	-0.488872	-0.260366	-6.734388	-1.209450	-5.513867	-1.197168	-0.388232	-10.631786	-2.349688	 1.002466
-2.146129	-8.338469	-0.736896	-0.508845	-7.160577	-1.454621	-5.741843	-1.504793	-0.695765	-10.839726	-2.590290	 0.935956
-2.231528	-8.555116	-0.858937	-0.631570	-7.358499	-1.573806	-5.843892	-1.654980	-0.847525	-10.921600	-2.704930	 0.900962
-2.269593	-8.145896	-0.417996	-0.691424	-6.942346	-1.130013	-5.883024	-1.226464	-0.421407	-10.940531	-2.756610	 0.881733
-2.284011	-7.925813	-0.197526	-0.719849	-6.721218	-0.906744	-5.890746	-1.010609	-0.208348	-10.928077	-2.776834	 0.870394
-2.286622	-7.800360	-0.087291	-0.732564	-6.597654	-0.793742	-5.882810	-1.401093	-0.101818	-10.900019	-2.781352	 0.863006
-2.283350	-7.722284	-0.032173	-0.737432	-6.522923	-0.735880	-5.867092	-1.592751	-0.048553	-10.864246	-2.778039	 0.857601
-2.277153	-7.667957	-0.004614	-0.738381	-6.472662	-1.205593	-5.847530	-1.185012	-0.021921	-10.824702	-2.770833	 0.853194
-2.269513	-7.625567	 0.009165	-0.737376	-6.434686	-1.437099	-5.826094	-0.979588	-0.008605	-10.783360	-2.761703	 0.849293
-2.261169	-7.589205	 0.016055	-0.735402	-6.902905	-1.049514	-5.803766	-0.875327	-0.001946	-10.241205	-2.751633	 0.845651
-2.252492	-7.555918	 0.019500	-0.732947	-7.122272	-0.854398	-5.781039	-0.821655	 0.001383	-9.950730	-2.741114	 0.842147
-2.243665	-7.524230	 0.021222	-0.730259	-7.217272	-0.755522	-5.758159	-0.793283	 0.003047	-9.786171	-2.730394	 0.838717
-2.234783	-7.493401	 0.022083	-0.727460	-6.750148	-0.704770	-5.735249	-1.277567	-0.496121	-10.184649	-2.719595	 0.835332
-2.225889	-7.463061	 0.022514	-0.724611	-6.504020	-0.678086	-5.712369	-1.516185	-0.743714	-10.362722	-2.708777	 0.831975
-2.217009	-7.433025	 0.022729	-0.721743	-6.368440	-0.663442	-5.689550	-1.131985	-0.365528	-9.930676	-2.697973	 0.828640
-2.208152	-7.403202	 0.022837	-0.718871	-6.288184	-0.654822	-5.666807	-0.938389	-0.176435	-9.695656	-2.687196	 0.825321
-2.199325	-7.373543	 0.022891	-0.716004	-6.235640	-0.649219	-5.644147	-1.340101	-0.081888	-9.559225	-2.676455	 0.822018
-2.190531	-7.344026	 0.022918	-0.713143	-6.197002	-0.645131	-5.621574	-1.537474	-0.034615	-9.472164	-2.665753	 0.818729
-2.181770	-7.314639	 0.022931	-0.710293	-6.665366	-0.641805	-5.599090	-1.132691	-0.010979	-9.409863	-2.655092	 0.815454
-2.173044	-7.285374	 0.022938	-0.707452	-6.885281	-0.638865	-5.576695	-0.928843	 0.000840	-9.360018	-2.644472	 0.812192
-2.164352	-7.256230	 0.022941	-0.704623	-6.981028	-0.636123	-5.554388	-0.825469	 0.006749	-9.316474	-2.633895	 0.808943
-2.155695	-7.227204	-0.477057	-0.701805	-6.514748	-0.633485	-5.532171	-0.772338	 0.009703	-9.276157	-2.623360	 0.805707
-2.147072	-7.198294	-0.725102	-0.698998	-6.269511	-0.630904	-5.510043	-0.744334	 0.011181	-9.237527	-2.612866	 0.802484
-2.138484	-7.169501	-0.347178	-0.696202	-6.134844	-0.628357	-5.488002	-0.728900	 0.011919	-9.199814	-2.602415	 0.799274
-2.129930	-7.140822	-0.158216	-0.693417	-6.055510	-0.625832	-5.466050	-0.719755	 0.012289	-9.162633	-2.592005	 0.796077
-2.121410	-7.112259	-0.063736	-0.690643	-6.003891	-0.623323	-5.444186	-0.713762	 0.012473	-9.125792	-2.581637	 0.792893
-2.112925	-7.083810	-0.016495	-0.687881	-5.966177	-0.620827	-5.422410	-0.709350	 0.012566	-9.089193	-2.571311	 0.789721
-2.104473	-7.055475	-0.492875	-0.685129	-5.935463	-0.618342	-5.400720	-0.705734	 0.012612	-9.052789	-2.561025	 0.786562
-2.096055	-7.027253	-0.729126	-0.682389	-5.908296	-0.615868	-5.379117	-0.702522	 0.012635	-9.016554	-2.550781	 0.783416
-2.087671	-6.999144	-0.845321	-0.679659	-5.882951	-0.613404	-5.357601	-0.699517	 0.012646	-8.980476	-2.540578	 0.780282
-2.079320	-6.971147	-0.401496	-0.676941	-5.858563	-0.610950	-5.336170	-0.696622	 0.012652	-8.944548	-2.530416	 0.777161
-2.071003	-6.943263	-0.179583	-0.674233	-5.834700	-0.608507	-5.314825	-0.693786	 0.012655	-8.908767	-2.520294	 0.774053
-2.062719	-7.415490	-0.068626	-0.671536	-5.811147	-0.606073	-5.293566	-0.690987	 0.012657	-8.873130	-2.510213	 0.770956
-2.054468	-7.135828	-0.513148	-0.668850	-5.787796	-0.603648	-5.272392	-0.688211	 0.012657	-8.837637	-2.500172	 0.767873
-2.046250	-6.982284	-0.733494	-0.666174	-5.764591	-0.601234	-5.251302	-0.685452	 0.012658	-8.802286	-2.490172	 0.764801
-2.038065	-6.891855	-0.341759	-0.663510	-5.741506	-0.598829	-5.230297	-0.682707	 0.012658	-8.767077	-2.480211	 0.761742
-2.029913	-6.833038	-0.145891	-0.660856	-5.718527	-0.596433	-5.209376	-0.679975	 0.012658	-8.732008	-2.470290	 0.758695
-2.021793	-6.790081	-0.047958	-0.658212	-5.695646	-0.594048	-5.188538	-0.677254	 0.012658	-8.697080	-2.460409	 0.755660
-2.013706	-6.755108	-0.498991	-0.655579	-6.172860	-0.591671	-5.167784	-0.674545	 0.012658	-8.662292	-2.450567	 0.752637
-2.005651	-6.724181	-0.722607	-0.652957	-6.398167	-0.589305	-5.147113	-0.671846	 0.012658	-8.627643	-2.440765	 0.749627
-1.997629	-6.695331	-0.332523	-0.650345	-5.997573	-0.586948	-5.126525	-0.669159	 0.012658	-8.593132	-2.431002	 0.746628
-1.989638	-6.667573	-0.137481	-0.647744	-5.786083	-0.584600	-5.106019	-0.666482	 0.012658	-8.558759	-2.421278	 0.743642
-1.981679	-6.640415	-0.039960	-0.645153	-5.669188	-0.582261	-5.085594	-0.663816	 0.012658	-8.524524	-2.411593	 0.740667
-1.973753	-6.613609	 0.008801	-0.642572	-5.599636	-0.579932	-5.065252	-0.661161	 0.012658	-8.490426	-2.401946	 0.737705
-1.965858	-6.587032	 0.033181	-0.640002	-5.553800	-0.577613	-5.044991	-1.158516	 0.512658	-8.456465	-2.392339	 0.734754
-1.957994	-6.560623	 0.045371	-0.637442	-5.519866	-0.575302	-5.024811	-1.403882	 0.760633	-8.422639	-2.382769	 0.731815
-1.950162	-6.534350	 0.051466	-0.634892	-5.491927	-0.573001	-5.004712	-1.523267	 0.882603	-8.388948	-2.373238	 0.728888
-1.942362	-6.508198	 0.054514	-0.632353	-5.467030	-0.570709	-4.984693	-1.079674	 0.441579	-8.355392	-2.363745	 0.725972
-1.934592	-6.482157	 0.056037	-0.629823	-5.443697	-0.568426	-4.964754	-0.856605	 0.221067	-8.321971	-2.354290	 0.723068
-1.926854	-6.456225	-0.443201	-0.627304	-5.421190	-1.066152	-4.944895	-0.743803	 0.110811	-8.288683	-2.344873	 1.220176
-1.919146	-6.430398	-0.690935	-0.624795	-5.399139	-1.311888	-4.925116	-0.686141	 0.055683	-8.255528	-2.335494	 1.465295
-1.911470	-6.404675	-0.312925	-0.622295	-5.377359	-0.931640	-4.905415	-0.656052	 0.028119	-8.222506	-2.326152	 1.084434
-1.903824	-6.379056	-0.123920	-0.619806	-5.355758	-0.740414	-4.885794	-0.639756	 0.014337	-8.189616	-2.316847	 0.892596
-1.896209	-6.353540	-0.529417	-0.617327	-5.334289	-1.143702	-4.866250	-0.630361	 0.007446	-8.156858	-2.307580	 0.795276
-1.888624	-6.328125	-0.730296	-0.614858	-5.312929	-1.342252	-4.846785	-0.624422	 0.004000	-8.124230	-2.298349	 0.745220
-1.881069	-6.302813	-0.828873	-0.612398	-5.291666	-1.438446	-4.827398	-0.620215	 0.002277	-8.091733	-2.289156	 0.718801
-1.873545	-6.277602	-0.376307	-0.609949	-5.270494	-0.983473	-4.808089	-0.616880	 0.001416	-8.059366	-2.279999	 0.704207
-1.866051	-6.252491	-0.150024	-0.607509	-5.249409	-0.754930	-4.788856	-0.613985	 0.000985	-8.027129	-2.270879	 0.695531
-1.858587	-6.227481	-0.036882	-0.605079	-5.228410	-0.639605	-4.769701	-0.611316	 0.000770	-7.995020	-2.261796	 0.689819
-1.851152	-6.202571	 0.019689	-0.602659	-5.207495	-0.580895	-4.750622	-0.608764	 0.500662	-7.963040	-2.252749	 0.685595
-1.843748	-6.177761	 0.047974	-0.600248	-5.186665	-0.550495	-4.731620	-0.606275	 0.748607	-7.931188	-2.243738	 0.682120
-1.836373	-6.153050	 0.062117	-0.597847	-5.165918	-1.034255	-4.712693	-1.103823	 0.370587	-7.899463	-2.234763	 0.679026
-1.829027	-6.128438	 0.069188	-0.595456	-5.145254	-1.273099	-4.693842	-1.349395	 0.181577	-7.867865	-2.225824	 0.676127
-1.821711	-6.103924	 0.072724	-0.593074	-5.124673	-0.889497	-4.675067	-0.968990	 0.087071	-7.836394	-2.216920	 1.173330
-1.814424	-6.079508	 0.074492	-0.590701	-5.104175	-0.696684	-4.656367	-0.777611	 0.039819	-7.805048	-2.208053	 1.418591
-1.807167	-6.055190	 0.075376	-0.588339	-5.083758	-0.599270	-4.137741	-0.680749	 0.016193	-7.773828	-2.199220	 1.037894
-1.799938	-6.030969	 0.075818	-0.585985	-5.063423	-0.549559	-3.871190	-0.631150	 0.004379	-7.742733	-2.190424	 0.846231
-1.792738	-6.006846	 0.076039	-0.583641	-5.043169	-0.524704	-3.730705	-0.605188	-0.001527	-7.711762	-2.181662	 0.749090
-1.785567	-5.982818	 0.076149	-0.581307	-5.022997	-0.512276	-3.653283	-0.591048	-0.004480	-7.680915	-2.172935	 1.199216
-1.778425	-5.958887	 0.076204	-0.578982	-5.002905	-0.506062	-3.607420	-0.582824	-0.005957	-7.650191	-2.164243	 1.420980
-1.771311	-5.935051	 0.076232	-0.576666	-4.982893	-0.502955	-4.077365	-0.577563	-0.006695	-7.619590	-2.155586	 1.528577
-1.764226	-5.911311	 0.076246	-0.574359	-4.962961	-0.501402	-4.303243	-0.573788	-0.007065	-7.589112	-2.146964	 1.579103
-1.757169	-5.887666	 0.076253	-0.572062	-4.943110	-0.500625	-4.407124	-0.570760	-0.007249	-7.558756	-2.138376	 1.101107
-1.750140	-5.864115	 0.076256	-0.569773	-4.923337	-0.500237	-4.450042	-0.568111	-0.007341	-7.528521	-2.129823	 0.860862
-1.743140	-5.840659	 0.076258	-0.567494	-4.903644	-0.500043	-3.962515	-0.565656	-0.007388	-7.498407	-2.121303	 1.239499
-1.736167	-5.817296	 0.076259	-0.565224	-4.884029	-0.499946	-3.711802	-0.563301	-0.007411	-7.468413	-2.112818	 1.425581
-1.729223	-5.794027	 0.076259	-0.562963	-4.864493	-0.499897	-3.579523	-0.561003	-0.007422	-7.438539	-2.104367	 1.515399
-1.722306	-5.770851	-0.423741	-0.560711	-4.845035	-0.499873	-4.006489	-0.558736	 0.492572	-7.408785	-2.095950	 1.057097
-1.715417	-5.747768	-0.671893	-0.558469	-4.825655	-0.499861	-4.211105	-0.556489	 0.740584	-7.379150	-2.087566	 0.826749
-1.708555	-5.724776	-0.794129	-0.556235	-4.806352	-0.499855	-4.304582	-0.554258	 0.862613	-7.349633	-2.079215	 1.210382
-1.701721	-5.701877	-0.853414	-0.554010	-4.787127	-0.499852	-4.342524	-0.552038	 0.921658	-7.320235	-2.070899	 1.399010
-1.694914	-5.679070	-0.381232	-0.551794	-4.767978	-0.499850	-4.352734	-0.549828	 0.949219	-7.290954	-2.062615	 0.990149
-1.688134	-5.656354	-0.145140	-0.549587	-4.748906	-0.499849	-4.349114	-0.547628	 0.961046	-7.261790	-2.054365	 0.784556
-1.681382	-5.633728	-0.027095	-0.547388	-4.729911	-0.499849	-4.338612	-0.545437	 0.465014	-7.232743	-2.046147	 0.680602
-1.674656	-5.611193	 0.031928	-0.545199	-4.710991	-0.499849	-4.324705	-0.543255	 0.216998	-7.203812	-2.037963	 0.627471
-1.667957	-5.588748	 0.061440	-0.543018	-4.692147	-0.499849	-4.309130	-0.541082	 0.092990	-7.174997	-2.029811	 0.599757
-1.661286	-5.566393	 0.076195	-0.540846	-4.673379	-0.499849	-3.792756	-0.538918	 0.030986	-7.146297	-2.021691	 1.084756
-1.654640	-5.544128	 0.083573	-0.538682	-4.654685	-0.499849	-3.528015	-0.536762	-0.000016	-7.117712	-2.013605	 1.324116
-1.648022	-5.521951	 0.087262	-0.536528	-4.636066	-0.499848	-3.889119	-0.534615	-0.015517	-7.089241	-2.005550	 1.440669
-1.641430	-5.499864	 0.089107	-0.534382	-4.617522	-0.499848	-4.061170	-0.532477	-0.023268	-7.060884	-1.997528	 1.495831
-1.634864	-5.477864	 0.090029	-0.532244	-4.599052	-0.499848	-4.138729	-0.530347	 0.472857	-7.032640	-1.989538	 1.520310
-1.628325	-5.455953	 0.090490	-0.530115	-4.580656	-0.499848	-4.169076	-0.528225	 0.718981	-7.004510	-1.981580	 1.529460
-1.621811	-5.434129	 0.090720	-0.527995	-4.562333	-0.499848	-4.175851	-0.526112	 0.840113	-6.976492	-1.973653	 1.030958
-1.615324	-5.412392	 0.090836	-0.525883	-4.544084	-0.499848	-4.170873	-0.524008	 0.898757	-6.948586	-1.965759	 0.780642
-1.608863	-5.390743	 0.090893	-0.523779	-4.525908	-0.499848	-4.160052	-0.521912	 0.926164	-6.920791	-1.957896	 0.654423
-1.602427	-5.369180	-0.409078	-0.521684	-4.507804	-0.499848	-3.646343	-1.019824	 0.937960	-6.893108	-1.450064	 0.590257
-1.596018	-5.347703	-0.657245	-0.519597	-4.489773	-0.499848	-3.383224	-1.265745	 0.941959	-6.865536	-1.194264	 0.557122
-1.589634	-5.326312	-0.279518	-0.517519	-4.471814	-0.499848	-3.745424	-0.885682	 0.942066	-6.838074	-1.564487	 0.539507
-1.583275	-5.305007	-0.090655	-0.515449	-4.453926	-0.499848	-3.918308	-0.694639	 0.940235	-6.810721	-1.745729	 0.529655
-1.576942	-5.283787	 0.003777	-0.513387	-4.436111	-0.499848	-3.996568	-0.598111	 0.437443	-6.783478	-1.832496	 1.023690
-1.570634	-5.262652	 0.050993	-0.511333	-4.418366	-0.499848	-4.027549	-0.548843	 0.186047	-6.756344	-1.872041	 1.267672
-1.564352	-5.241601	 0.074601	-0.509288	-4.400693	-0.499848	-4.034922	-0.524209	 0.560349	-6.729319	-1.887990	 0.886639
-1.558094	-5.220635	 0.086405	-0.507251	-4.383090	-0.499848	-4.030524	-0.511893	 0.745631	-6.702402	-1.892157	 0.695112
-1.551862	-5.199752	 0.092307	-0.505222	-4.365558	-0.499848	-4.020273	-0.505734	 0.836410	-6.675592	-1.890448	 0.598341
-1.545654	-5.178953	-0.404742	-0.503201	-4.348095	-0.499848	-4.007127	-0.502655	 0.879945	-6.648890	-1.885816	 1.048953
-1.539472	-5.158237	-0.651463	-0.501188	-4.330703	-0.499848	-3.992566	-0.501115	 0.899866	-6.622294	-1.879737	 1.271259
-1.533314	-5.137604	-0.273027	-0.500182	-4.313380	-0.499848	-3.977330	-0.500346	 0.407986	-6.595805	-1.872951	 1.379425
-1.527181	-5.117054	-0.083809	-0.499679	-4.296127	-0.499848	-3.961787	-0.499961	 0.162047	-6.569422	-1.865825	 1.430533
-1.521072	-5.096586	 0.010800	-0.499427	-4.278942	-0.499848	-3.446124	-0.499768	 0.539077	-6.543144	-1.858545	 0.953124
-1.514988	-5.076200	 0.058104	-0.499301	-4.261826	-0.499848	-3.182431	-0.499672	 0.725760	-6.516972	-1.851202	 0.714419
-1.508928	-5.055895	 0.081757	-0.499238	-4.244779	-0.499848	-3.544747	-0.499624	 0.817276	-6.490904	-1.843843	 1.095067
-1.502892	-5.035671	 0.093583	-0.499207	-4.227800	-0.499848	-3.718091	-0.499600	 0.861217	-6.464940	-1.836491	 1.282439
-1.496880	-5.015528	 0.099496	-0.499191	-4.210889	-0.499848	-3.796980	-0.499588	 0.881377	-6.439080	-1.829156	 1.373186
-1.490893	-4.995466	 0.102452	-0.499183	-4.194045	-0.499848	-3.828673	-0.499582	 0.889654	-6.413324	-1.821846	 0.915631
-1.484929	-4.975484	 0.103931	-0.499179	-4.177269	-0.499848	-3.836799	-0.499579	 0.891997	-6.387671	-1.814561	 0.686854
-1.478990	-4.955583	 0.104670	-0.499177	-4.160560	-0.499848	-3.333171	-0.499577	 0.391379	-6.362120	-1.807304	 1.072465
-1.473074	-4.935760	 0.105039	-0.499176	-4.143918	-0.499848	-3.075699	-0.499577	 0.141071	-6.336672	-1.800076	 1.262355
-1.467181	-4.916017	 0.105224	-0.499176	-4.127342	-0.499848	-3.441326	-0.499576	 0.515916	-6.311325	-1.792876	 1.354395
-1.461313	-4.896353	 0.105316	-0.499176	-4.110833	-0.499848	-3.616526	-0.499576	 0.701558	-6.286080	-1.785704	 1.397522
-1.455467	-4.876768	-0.394637	-0.499176	-4.094389	-0.499848	-3.696542	-0.499576	 0.292604	-6.260935	-1.778562	 1.416205
-1.449645	-4.857261	-0.642825	-0.499176	-4.078012	-0.499848	-3.728997	-0.499576	 0.088127	-6.235892	-1.771447	 1.422676
-1.443847	-4.837832	-0.765137	-0.499176	-4.061700	-0.499848	-3.737702	-0.499576	-0.014112	-6.210948	-1.764362	 1.423054
-1.438072	-4.818480	-0.824518	-0.499176	-4.045453	-0.499848	-3.734562	-0.499576	-0.065231	-6.186104	-1.757304	 0.920395
-1.432319	-4.799206	-0.852441	-0.499176	-4.029271	-0.499848	-3.725528	-0.499576	-0.090790	-6.161360	-1.750275	 0.669066
-1.426590	-4.780009	-0.364641	-0.499176	-4.013154	-0.499848	-3.713579	-0.499576	 0.396430	-6.136714	-1.743274	 0.543402
-1.420884	-4.760889	-0.120742	-0.499175	-3.997101	-0.499848	-3.700201	-0.499576	 0.638273	-6.112167	-1.736301	 0.480569
-1.415200	-4.741846	 0.001208	-0.499175	-3.981113	-0.499848	-3.686138	-0.499576	 0.757434	-6.087719	-1.729356	 0.949153
-1.409539	-4.722879	 0.062183	-0.499175	-3.965189	-0.499848	-3.671763	-0.499576	 0.815261	-6.063368	-1.722438	 1.180610
-1.403901	-4.703987	 0.092671	-0.499175	-3.949328	-0.499848	-3.657260	-0.499576	 0.842429	-6.039114	-1.715548	 1.293514
-1.398286	-4.685171	 0.107914	-0.499175	-3.933530	-0.499848	-3.642723	-0.499576	 0.854273	-6.014958	-1.708686	 1.347153
-1.392692	-4.666430	 0.115536	-0.499175	-3.917796	-0.499848	-3.628199	-0.499576	 0.858463	-5.990898	-1.701852	 1.371171
-1.387122	-4.647765	 0.119347	-0.499175	-3.902125	-0.499848	-3.113709	-0.499576	 0.358833	-5.966935	-1.695044	 0.880390
-1.381573	-4.629174	 0.121253	-0.499175	-3.886517	-0.499848	-2.851266	-0.499576	 0.109018	-5.943067	-1.688264	 0.634999
-1.376047	-4.610657	 0.122205	-0.499175	-3.870971	-0.499848	-3.214866	-0.499576	 0.484110	-5.919295	-1.681511	 0.512304
-1.370543	-4.592214	 0.122682	-0.499175	-3.855487	-0.499848	-3.389510	-0.499576	 0.669938	-5.895617	-1.674785	 0.450956
-1.365060	-4.573845	 0.122920	-0.499175	-3.840065	-0.499848	-3.469703	-0.499576	 0.761141	-5.872035	-1.668086	 0.920282
-1.359600	-4.555550	 0.123039	-0.499175	-3.824705	-0.499848	-3.502700	-0.499576	 0.805037	-5.848547	-1.661413	 1.152166
-1.354162	-4.537328	-0.376901	-0.499175	-3.809406	-0.499848	-3.512127	-0.499576	 0.825287	-5.825153	-1.654768	 1.265340
-1.348745	-4.519179	-0.625118	-0.499175	-3.794168	-0.499848	-3.509798	-0.499576	 0.833722	-5.801852	-1.648149	 1.319170
-1.343350	-4.501102	-0.747480	-0.499175	-3.778991	-0.499848	-3.501618	-0.499576	 0.836254	-5.778645	-1.641556	 1.343339
-1.337977	-4.483097	-0.806921	-0.499175	-3.763875	-0.499848	-3.490541	 0.000424	 0.335843	-5.755530	-1.634990	 0.852688
-1.332625	-4.465165	-0.834909	-0.499175	-3.748820	-0.499848	-3.478044	 0.249423	 0.085637	-5.732508	-1.628450	 0.607363
-1.327294	-4.447304	-0.347177	-0.499175	-3.233825	-0.499848	-3.464864	-0.626077	 0.460535	-5.709578	-1.621936	 0.984700
-1.321985	-4.429515	-0.103311	-0.499175	-2.970889	-0.499848	-3.451371	-1.060824	 0.646312	-5.686739	-1.615448	 1.170645
-1.316697	-4.911797	 0.018622	-0.999175	-3.334006	-0.499848	-2.937748	-0.775206	 0.737537	-5.663993	-1.608987	 1.260904
-1.311430	-5.142150	 0.079589	-1.246177	-3.508170	-0.499848	-2.676089	-0.632398	 0.781492	-5.641337	-1.602551	 1.303331
-1.306185	-4.746581	 0.110072	-0.866692	-3.587887	-0.499848	-3.040430	-0.560993	 0.301818	-6.118771	-1.596140	 1.321853
-1.300960	-4.540095	 0.125314	-0.676949	-3.620411	-0.499848	-3.215792	-0.525291	 0.061982	-6.344296	-1.589756	 1.328434
-1.295756	-4.428185	 0.132934	-0.582077	-3.629366	-0.499848	-3.296690	-0.507440	-0.057937	-6.443919	-1.583397	 1.329054
-1.290573	-4.363597	 0.136745	-0.534642	-3.626568	-0.499848	-3.330384	-0.498514	 0.382104	-5.980643	-1.577063	 1.326705
-1.285411	-4.322705	 0.138650	-0.510924	-3.617921	-0.499848	-3.340503	-0.494052	 0.600480	-5.737971	-1.570755	 1.322881
-1.280269	-4.293695	 0.139603	-0.499065	-3.606379	-0.499848	-2.838861	-0.491820	 0.208031	-5.605644	-1.564472	 1.318331
-1.275148	-4.270661	 0.140079	-0.493136	-3.593418	-0.499848	-2.583365	-0.490705	 0.011806	-5.528534	-1.558214	 1.313429
-1.270048	-4.750649	 0.140317	-0.490171	-3.579777	-0.499848	-2.950962	-0.490147	 0.413693	-5.479076	-1.551981	 1.308361
-1.264967	-4.980181	 0.140436	-0.488688	-3.565824	-0.499848	-3.128123	-0.489868	 0.613006	-5.443488	-1.545773	 1.303220
-1.259907	-4.584528	 0.140496	-0.487947	-3.551744	-0.999848	-3.210093	-0.489728	 0.711038	-5.414878	-1.539590	 0.798053
-1.254868	-4.378324	 0.140525	-0.487577	-3.537628	-1.246849	-3.244494	-0.489659	 0.758435	-5.389800	-1.533432	 0.545470
-1.249848	-4.266878	 0.140540	-0.487391	-3.523524	-1.367361	-3.255137	-0.489624	 0.780523	-5.366532	-1.527298	 0.419178
-1.244849	-4.202844	 0.140548	-0.487299	-3.509452	-0.924642	-3.253927	-0.489606	 0.789961	-5.344212	-1.521189	 0.856033
-1.239870	-4.162549	 0.140551	-0.487252	-3.495426	-0.703282	-3.246816	-0.489598	 0.793081	-5.322407	-1.515104	 1.071874
-1.234910	-4.134157	 0.140553	-0.487229	-3.481450	-0.592602	-3.236781	-0.489593	 0.293049	-5.300904	-1.509044	 1.177219
-1.229970	-4.111750	 0.140554	-0.487218	-3.467527	-0.537262	-3.225310	-0.489591	 0.043033	-5.279594	-1.503008	 1.227327
-1.225051	-4.092367	 0.140555	-0.487212	-3.453658	-0.509592	-3.213147	-0.489590	 0.418025	-5.258422	-1.496996	 1.249826
-1.220150	-4.074530	 0.140555	-0.487209	-3.439845	-0.495757	-3.200664	-0.489589	 0.603935	-5.237362	-1.491008	 1.258530
-1.215270	-4.057498	 0.140555	-0.487208	-3.426086	-0.488840	-2.688046	-0.489589	 0.695310	-5.216399	-1.485044	 1.260348
-1.210409	-4.040901	 0.140555	-0.487207	-3.412381	-0.485381	-2.427386	-0.489589	 0.739424	-5.195526	-1.479103	 1.258733
-1.205567	-4.024554	 0.140555	-0.487206	-3.398732	-0.483652	-2.792722	-0.989589	 0.759915	-5.174741	-1.473187	 1.255411
-1.200745	-4.008364	 0.140555	-0.487206	-3.385137	-0.482787	-2.969075	-1.236610	 0.768599	-5.154040	-1.467294	 1.251246
-1.195942	-3.992285	 0.140555	-0.487206	-3.371597	-0.482355	-3.050960	-1.357153	 0.771386	-5.133423	-1.461425	 1.246669
-1.191158	-3.976293	 0.140555	-0.487206	-3.358110	-0.482138	-3.085637	-0.914469	 0.271232	-5.112889	-0.955579	 1.241897
-1.186393	-3.960376	 0.140555	-0.487206	-3.344678	-0.482030	-3.096735	-0.693127	 0.021154	-5.092438	-0.702656	 1.237036
-1.181648	-3.444529	 0.140555	-0.487206	-3.331299	-0.481976	-2.596068	-0.582456	 0.396116	-5.072068	-1.076195	 1.232141
-1.176921	-3.180748	 0.140555	-0.487206	-3.317974	-0.481949	-2.341544	-0.527121	 0.582054	-5.051779	-1.260065	 1.227240
-1.172214	-3.543023	 0.140555	-0.487206	-3.304702	-0.481936	-2.210108	-0.499453	 0.673488	-5.031572	-1.349112	 0.722344
-1.167525	-3.716351	 0.140555	-0.487206	-3.291483	-0.481929	-2.140232	-0.485619	 0.717674	-5.011446	-1.390759	 0.469896
-1.162855	-3.795235	 0.140555	-0.487206	-3.278317	-0.481926	-2.101154	-0.478702	 0.738244	-4.991400	-1.408718	 0.843672
-1.158203	-3.826929	 0.140555	-0.487206	-3.265204	-0.481924	-2.077490	-0.475244	 0.747011	-4.971435	-1.414844	 1.028126
-1.153570	-3.835058	 0.140555	-0.487206	-3.252143	-0.481923	-2.061551	-0.473514	 0.749883	-4.951549	-1.415065	 1.117927
-1.148956	-3.831437	 0.140555	-0.487206	-3.239135	-0.481923	-2.049490	-0.472650	 0.749814	-4.931743	-1.412345	 0.660412
-1.144360	-3.821970	 0.140555	-0.487206	-3.226178	-0.481922	-2.039385	-0.472218	 0.748280	-4.912016	-1.408166	 0.431655
-1.139783	-3.809612	 0.140555	-0.487206	-3.213273	-0.481922	-2.530274	-0.472001	 0.246019	-4.892368	-1.403268	 0.817276
-1.135224	-3.795839	 0.140555	-0.487206	-3.200420	-0.481922	-2.769676	-0.471893	-0.005111	-4.872798	-1.398023	 1.007681
-1.130683	-3.781388	 0.140555	-0.487206	-3.187618	-0.481922	-2.883359	-0.471839	 0.369324	-4.853307	-1.392614	 0.600487
-1.126160	-3.766628	 0.140555	-0.487206	-3.174868	-0.481922	-2.934206	-0.471812	 0.555053	-4.833894	-1.387136	 0.396890
-1.121655	-3.751745	 0.140555	-0.487206	-3.162169	-0.481922	-2.953659	 0.028201	 0.646437	-4.814558	-1.381633	 0.795092
-1.117169	-3.736830	 0.140555	-0.487206	-3.149520	-0.481922	-2.957440	 0.277152	 0.690653	-4.795300	-1.376129	 0.991806
-1.112700	-3.721928	 0.140555	-0.487206	-3.136922	-0.481922	-2.953408	 0.400575	 0.711291	-4.776119	-1.370636	 1.087786
-1.108249	-3.707063	 0.140555	-0.487206	-3.124374	-0.481922	-2.945493	 0.461238	 0.720146	-4.757014	-1.365160	 0.633409
-1.103816	-3.692246	 0.140555	-0.487206	-3.111877	-0.481922	-2.935660	 0.490526	 0.723116	-4.737986	-1.359702	 0.406220
-1.099401	-3.677483	 0.140555	-0.487206	-2.599429	-0.481922	-2.924893	 0.004130	 0.723149	-4.719034	-1.354265	 0.792626
-1.095003	-3.662776	 0.140555	-0.487206	-2.339031	-0.481922	-2.913680	-0.239068	 0.721719	-4.700158	-1.348848	 0.983470
-1.090623	-3.648126	 0.140555	-0.487206	-2.704675	-0.981922	-2.902269	-0.360666	 0.719563	-4.181357	-0.843453	 0.576544
-1.086261	-3.633535	 0.140555	-0.487206	-2.881357	-1.228958	-2.890782	-0.421466	 0.717050	-3.914632	-0.590756	 0.373081
-1.081916	-3.619001	 0.140555	-0.487206	-2.963581	-0.849524	-2.379280	-0.451866	 0.714365	-4.773973	-0.964407	 0.771349
-1.077588	-3.604525	 0.140555	-0.487206	-2.998602	-0.659807	-2.119793	-0.467065	 0.711599	-5.192378	-1.148556	 0.968144
-1.073278	-3.590107	 0.140555	-0.487206	-3.010045	-0.564949	-1.986329	-0.474665	 0.708798	-5.390358	-1.237966	 1.064212
-1.068985	-3.575747	 0.140555	-0.487206	-3.009723	-0.517520	-1.915892	-0.478465	 0.705986	-4.478172	-1.280016	 0.609925
-1.064709	-3.561444	 0.140555	-0.487206	-3.003544	-0.493805	-1.876982	-0.480365	 0.703173	-4.014946	-1.298396	 0.382782
-1.060450	-3.547198	 0.140555	-0.487206	-2.994459	-0.481948	-2.353851	 0.018685	 0.200367	-4.276230	-1.304953	 0.269210
-1.056208	-3.533009	 0.140555	-0.487206	-2.983946	-0.476019	-2.586624	 0.267174	-0.051037	-4.397797	-1.305609	 0.212424
-1.051983	-3.518877	 0.140555	-0.487206	-2.972743	-0.973055	-2.197372	-0.109612	 0.323261	-4.449542	-1.303324	 0.684031
-1.047775	-3.504802	 0.140555	-0.487206	-2.961218	-1.218633	-1.999129	-0.298006	 0.509015	-4.466412	-1.299579	 0.917524
-1.043584	-3.490782	-0.359445	-0.487206	-2.949557	-0.838493	-1.896406	 0.107798	 0.100503	-4.465880	-1.295115	 1.031968
-1.039410	-3.476819	-0.607726	-0.487206	-2.937850	-0.648423	-1.841457	 0.309672	-0.103754	-4.456684	-1.290302	 1.086897
-1.035252	-3.462912	-0.730154	-0.487206	-2.926144	-0.553388	-1.810410	 0.409586	-0.205882	-4.443190	-1.285325	 1.112078
-1.031111	-3.449060	-0.289664	-0.487206	-2.914463	-1.005871	-2.291327	 0.458524	 0.243054	-3.927584	-1.280275	 1.122394
