-0.946349	-2.009099	-0.486803	 0.339721	-2.203492	-0.498909	-2.503767	 0.090171	 0.630833	-1.540763	-1.089962	 0.857794
-0.942564	-2.001062	-0.486803	 0.339748	-2.194678	-0.498909	-2.493751	 0.279942	 0.628309	-1.534597	-1.085603	 0.854363
-0.938793	-1.993058	-0.486803	 0.339761	-2.185899	-0.498909	-2.483776	-0.125173	 0.625796	-1.528457	-1.081260	 0.850945
-0.935038	-1.985086	-0.486803	 0.339768	-2.177156	-0.498909	-2.473841	-0.326669	 0.623293	-1.522342	-1.076935	 0.847541
-0.931298	-1.977146	-0.486803	 0.339771	-2.168447	-0.498909	-2.463946	-0.426361	 0.620800	-1.516253	-1.072627	 0.844151
-0.927573	-1.969237	-0.486803	 0.339773	-2.159773	-0.498909	-2.454090	 0.024845	 0.618316	-1.510187	-1.068337	 0.840775
-0.923863	-1.961360	-0.486803	 0.339774	-2.151134	-0.498909	-2.444274	 0.250448	 0.615843	-1.504147	-1.064064	 0.837412
-0.920167	-1.953515	-0.486803	 0.339774	-2.142530	-0.498909	-2.434497	 0.363249	 0.613380	-1.498130	-1.059807	 0.834062
-0.916486	-1.945701	-0.486803	 0.339774	-2.133960	-0.498909	-2.424759	 0.419650	 0.610926	-1.492137	-1.055568	 0.830726
-0.912820	-1.937918	-0.486803	 0.339774	-2.125424	-0.498909	-2.415060	 0.447851	 0.608483	-1.486169	-1.051346	 0.827403
-0.909169	-1.930166	-0.486803	 0.339775	-2.116922	-0.498909	-2.405400	 0.461951	 0.606049	-1.480224	-1.047140	 0.824093
-0.905532	-1.922445	-0.486803	 0.339775	-2.108454	-0.498909	-2.395778	 0.469001	 0.603624	-1.474303	-1.042952	 0.820797
-0.901910	-1.914756	-0.486803	 0.339775	-2.100021	-0.498909	-2.386195	 0.472526	 0.601210	-1.468406	-1.038780	 0.817514
-0.898303	-1.907097	-0.486803	 0.339775	-2.091620	-0.498909	-2.376650	 0.474288	 0.598805	-1.462532	-1.034625	 0.814244
-0.894709	-1.899468	-0.986803	 0.339775	-2.083254	-0.498909	-2.367143	 0.475170	 0.596410	-1.456682	-1.030486	 0.810987
-0.891131	-1.891870	-1.233829	 0.339775	-2.074921	-0.498909	-2.357675	 0.475610	 0.594024	-1.450856	-1.026364	 0.807743
-0.887566	-1.884303	-0.854380	 0.339775	-2.066621	-0.498909	-2.348244	 0.475831	 0.591648	-1.445052	-1.022259	 0.804512
-0.884016	-1.876766	-0.664656	 0.339775	-2.058355	-0.498909	-2.338851	 0.475941	 0.589282	-1.439272	-1.018170	 0.801294
-0.880480	-1.869259	-0.569794	-0.160225	-2.050121	-0.498909	-2.329496	-0.024004	 0.586924	-1.433515	-1.014097	 0.798088
-0.876958	-1.861782	-0.522363	-0.408905	-2.041921	-0.498909	-2.320178	-0.272929	 0.584577	-1.427781	-1.010041	 0.794896
-0.873450	-1.854334	-0.498647	-0.531930	-2.033753	-0.498909	-2.310897	 0.103653	 0.582238	-1.422070	-1.006001	 0.791716
-0.869956	-1.846917	-0.486790	-0.592132	-2.025618	-0.498909	-2.301653	 0.291943	 0.579910	-1.416381	-1.001977	 0.788550
-0.866476	-1.839529	-0.480861	-0.620928	-2.017516	-0.498909	-2.292447	 0.386089	 0.577590	-1.410716	-0.997969	 0.785395
-0.863011	-1.832171	-0.477896	-0.134027	-2.009446	-0.498909	-2.283277	 0.433161	 0.575280	-1.405073	-0.993977	 0.782254
-0.859558	-1.824843	-0.476414	 0.109423	-2.001408	-0.498909	-2.274144	 0.456698	 0.572978	-1.399453	-0.990001	 0.779125
-0.856120	-1.817543	-0.475673	 0.231149	-1.993402	-0.498909	-2.265047	-0.031534	 0.570686	-1.893855	-1.486041	 0.276008
-0.852696	-1.810273	-0.475303	 0.292011	-1.985429	-0.498909	-2.255987	-0.274610	 0.568404	-2.136279	-1.730097	 0.024450
-0.849285	-1.803032	-0.475117	-0.177557	-1.977487	-0.498909	-2.246963	-0.395113	 0.566130	-1.752734	-1.348177	 0.398671
-0.845888	-1.795820	-0.475025	-0.411048	-1.969577	-0.498909	-2.237975	-0.454333	 0.563866	-1.558223	-1.155284	 0.584236
-0.842504	-1.788637	-0.474978	-0.526503	-2.461699	-0.498909	-2.729024	-0.482916	 1.061610	-1.458241	-1.056913	 0.675478
-0.839134	-1.781482	-0.474955	-0.582948	-2.701852	-0.498909	-2.968107	-0.496185	 1.307364	-1.405533	-1.005810	 0.719566
-0.835778	-1.774356	-0.474944	-0.609891	-2.816044	-0.498909	-3.081235	-0.501800	 1.427134	-1.376473	-0.978349	 0.740083
-0.832435	-2.267259	-0.474938	-0.122089	-2.367280	-0.498909	-2.631410	-0.003593	 0.983926	-1.359248	-1.462717	 0.748820
-0.829105	-2.508190	-0.474935	 0.121812	-2.139061	-0.498909	-2.402134	 0.245511	 0.761240	-1.347952	-1.701007	 0.751673
-0.825788	-2.123157	-0.474933	 0.243763	-1.521130	-0.498909	-2.283151	 0.370062	 0.648820	-1.339630	-1.316273	 0.751591
-0.822485	-1.927164	-0.474933	 0.304738	-1.210358	-0.498909	-2.219331	 0.432338	 0.591537	-1.332807	-1.122043	 0.750047
-0.819195	-1.825706	-0.474932	 0.335226	-1.053173	-0.498909	-1.683110	 0.463476	 0.561827	-1.326743	-1.023073	 1.247778
-0.815919	-1.771528	-0.474932	 0.350469	-0.972788	-0.498909	-1.412705	 0.479045	 0.545908	-1.321070	-0.971739	 1.493152
-0.812655	-1.241004	-0.474932	 0.358091	-0.930811	-0.498909	-1.275219	 0.486830	 1.036889	-0.815603	-0.444232	 1.612362
-0.809404	-0.974321	-0.474932	 0.361902	-0.908045	-0.498909	-1.204200	 0.490722	 1.279323	-0.562869	-0.180478	 1.668504
-0.806167	-0.839565	-0.474932	 0.363808	-0.894891	-0.498909	-1.166424	 0.492668	 1.397497	-0.436502	-0.048601	 1.693126
-0.802942	-0.770777	-0.474932	 0.364761	-0.886551	-0.498909	-1.145279	 0.993641	 1.453552	-0.373319	 0.017338	 1.702001
-0.799730	-0.734979	-0.474932	 0.365237	-0.880624	-0.498909	-1.132458	 1.241138	 1.478561	-0.341727	 0.050307	 1.703017
-0.296531	-0.715682	-0.474932	 0.365475	-0.875912	-0.498909	-1.123808	 1.361910	 1.488058	-0.325931	 0.066791	 1.700117
-0.044932	-0.704640	-0.474932	 0.365594	-0.871813	-0.498909	-1.117253	 1.419330	 1.489811	-0.318033	 0.075034	 1.695273
 0.080868	-0.697732	-0.474932	 0.365654	-0.868028	 0.001091	-0.611754	 1.445087	 1.487705	-0.314084	 0.079155	 1.189470
 0.143768	-0.692897	-0.474932	 0.365684	-0.864407	 0.250089	-0.359005	 1.455023	 1.483681	-0.312110	 0.081215	 0.935201
-0.324782	-0.689103	 0.025068	 0.365698	-0.860875	 0.374588	-0.232630	 1.957062	 1.978709	 0.188877	 0.082246	 1.306704
-0.557471	-0.685835	 0.274018	 0.365706	-0.857394	 0.436837	-0.169442	 2.203163	 2.221276	 0.437991	 0.082761	 1.489100
-0.672235	-0.682836	 0.397447	 0.365710	-0.853946	 0.467962	-0.137849	 2.321315	 2.337632	 0.561174	 0.083018	 1.576955
-0.228043	-0.179977	 0.458120	 0.865711	 1.149479	 1.483524	 3.377948	 2.875512	 2.890902	 7.621397	 2.083147	 1.617552
-0.005946	 0.071453	 0.487418	 1.112981	 2.144886	 1.986307	 5.122059	 3.145751	 3.160648	 11.122145	 3.075045	 1.634535
 1.105102	 2.697167	 1.001034	 1.233895	 4.136308	 2.232720	 7.480382	 2.774038	 2.288661	 14.843273	 3.562860	 1.139723
 1.656193	 3.999379	 1.254813	 1.291643	 5.119764	 2.350969	 8.639866	 2.583378	 1.849834	 16.666708	 3.798666	 0.891027
 3.427325	 6.639882	 0.878685	 0.817818	 7.599286	 2.405155	 12.700010	 2.483262	 0.127598	 25.041446	 5.408500	-1.234605
 4.302493	 7.941572	 0.689616	 0.580905	 8.818889	 2.427329	 14.696561	 2.428438	-0.730331	 29.161982	 6.199381	-2.290701
 5.229722	 10.573931	 0.594081	 0.462449	 11.908613	 2.433517	 18.161450	 1.896278	-1.656118	 36.655685	 8.580840	-3.812055
 5.681023	 11.863698	 0.546313	 0.403221	 13.423479	 2.431732	 19.850643	 1.627470	-2.113848	 40.388572	 9.749646	-4.562065
 5.894409	 12.982274	 0.522429	 0.873607	 15.151035	 2.425979	 21.652159	 1.490349	-2.837570	 45.741108	 10.812211	-5.426446
 5.988886	 13.513361	 0.510487	 1.106112	 15.981056	 2.418262	 22.506010	 1.419082	-3.192309	 48.403839	 11.319745	-5.846055
 6.023958	 13.750815	 0.504516	 1.219687	 16.362444	 2.409583	 22.886215	 1.380753	-3.362584	 49.721723	 11.549857	-6.043328
 6.529376	 13.841566	 0.501530	 0.773808	 17.019651	 2.400441	 23.529785	 1.358903	-3.440655	 51.867237	 12.141353	-7.129484
 6.768015	 13.859076	 0.500038	 0.550869	 17.312900	 2.391088	 23.803224	 1.345304	-3.472654	 52.924984	 12.411635	-7.656130
 6.873321	 13.840079	 0.499291	 0.439399	 17.424313	 2.381648	 24.391790	 1.335842	-3.481644	 54.938908	 13.021413	-7.903088
 6.912017	 13.802937	 0.498918	 0.383664	 17.444948	 2.372183	 24.636112	 1.328457	-3.479158	 55.930535	 13.299039	-8.010267
 6.917464	 13.756835	 0.498732	 0.855797	 17.420334	 2.362725	 24.708512	 0.822123	-3.470961	 55.911076	 13.410699	-8.047621
 6.906341	 13.706363	 0.498638	 1.089207	 17.373236	 2.353290	 24.695150	 0.568956	-3.459937	 55.886131	 13.439484	-8.050128
 6.886990	 13.653815	 0.498592	 0.703267	 17.315034	 1.843885	 24.639106	 0.942373	-3.447528	 56.358505	 13.426940	-8.035277
 6.863578	 13.600338	 0.498568	 0.510297	 17.251420	 1.586513	 24.561917	 1.126449	-3.434452	 56.579822	 13.393839	-8.011810
 6.838192	 13.546506	 0.498557	 0.413812	 17.185237	 1.455169	 24.474354	 1.215866	-3.421072	 56.675669	 13.350567	-7.984100
 6.811874	 13.492605	 0.498551	 0.865569	 17.117907	 2.386849	 24.381798	 1.257965	-3.407567	 56.208840	 13.302317	-7.954332
 6.785144	 13.438777	 0.498548	 1.088814	 17.050141	 2.846052	 24.286942	 1.276413	-3.394026	 55.961539	 13.251683	-7.923599
 6.758262	 13.385093	 0.498546	 1.197811	 16.982294	 3.069043	 24.191130	 1.283048	-3.380494	 55.824057	 13.199965	-7.892447
 6.731358	 13.331588	 0.498546	 1.249697	 16.914541	 3.173955	 24.095033	 1.283786	-3.366995	 55.741539	 13.147809	-7.861148
 6.704497	 13.278279	 0.498545	 1.273036	 16.846971	 2.719853	 23.998987	 1.281586	-3.853538	 55.686560	 13.095540	-7.829839
 6.677711	 13.225175	 0.498545	 1.282113	 16.779627	 2.488270	 23.903158	 1.277927	-4.088129	 55.645804	 13.043318	-7.798588
 6.651017	 13.172279	 0.498545	 0.784069	 16.712531	 2.367966	 23.807629	 1.273549	-3.696780	 55.612212	 12.991226	-7.767427
 6.624421	 13.119592	 0.498545	 0.535048	 16.645692	 2.303318	 23.712440	 1.268822	-3.494494	 55.580858	 12.939301	-7.736374
 6.597927	 13.067115	 0.498545	 0.410537	 16.579114	 2.266517	 23.617611	 1.263930	-3.386767	 55.550680	 12.887564	-7.705437
 6.071537	 13.014847	 0.998545	 0.848281	 16.512801	 2.243657	 23.523151	 1.258966	-3.326345	 55.521148	 12.836024	-7.674620
 5.797252	 12.962788	 1.245548	 1.064581	 16.446751	 2.227785	 23.429064	 1.253976	-3.289602	 55.494288	 12.784685	-7.643923
 6.149064	 12.910937	 1.366064	 0.670170	 15.880965	 2.215426	 23.335350	 1.248983	-3.264725	 55.468812	 12.733548	-7.613349
 6.311968	 12.859293	 1.423349	 0.472964	 15.567441	 2.204840	 23.242010	 1.243999	-3.245807	 55.443133	 12.682615	-7.582896
 5.880470	 12.807856	 1.449030	 0.374361	 15.880172	 2.195158	 23.149043	 1.239029	-3.229894	 55.417402	 12.631886	-7.552565
 5.653823	 12.756625	 1.458922	 0.325059	 16.004151	 2.185947	 23.056447	 1.234075	-3.215510	 55.391699	 12.581358	-7.522354
 6.029645	 12.705598	 1.460930	 0.300409	 15.533884	 2.176987	 22.964221	 1.229140	-3.201915	 55.366059	 12.531033	-7.492265
 6.204745	 12.654776	 1.459008	 0.288083	 15.268624	 2.168171	 22.872364	 1.224225	-3.188741	 55.340503	 12.480909	-7.462296
 6.279536	 12.604157	 1.455133	 0.281921	 15.105987	 2.159445	 22.780875	 1.219328	-3.175803	 55.315040	 12.430985	-7.432447
 6.304222	 12.553740	 0.950293	 0.778839	 15.494782	 2.150780	 23.189751	 1.214451	-3.163008	 55.289674	 12.381261	-7.402717
 6.303908	 12.503525	 0.697873	 1.024747	 15.657412	 2.142164	 23.346992	 1.209593	-3.150311	 55.264041	 12.331736	-7.373106
 6.291143	 12.453511	 0.571663	 0.645160	 15.707087	 2.133588	 22.878604	 1.204755	-3.137686	 55.238326	 12.282410	-7.343614
 6.272204	 12.403697	 0.508558	 0.455366	 15.700411	 2.125050	 22.599590	 1.199936	-3.125124	 55.211698	 12.233280	-7.314239
 5.750228	 12.354082	 0.477005	 0.360469	 15.165685	 2.116549	 22.415442	 1.195136	-3.112618	 55.184669	 12.184347	-7.284982
 5.478784	 12.304666	 0.461229	 0.313021	 14.869061	 2.108082	 22.278905	 1.190356	-3.100165	 55.157938	 12.135609	-7.255843
 5.832647	 12.255447	 0.453341	 0.289297	 14.691604	 2.099649	 22.166352	 1.185594	-3.087763	 54.631409	 12.087067	-7.226819
 5.997205	 12.206425	 0.449397	 0.277434	 14.573847	 2.091250	 22.065968	 1.180852	-3.075411	 54.354812	 12.038719	-7.197912
 6.067161	 12.157600	 0.447425	 0.271503	 14.486056	 2.082885	 21.971844	 1.176128	-3.063109	 54.203233	 11.990564	-7.169120
 6.089865	 12.108969	 0.946439	 0.268538	 14.913364	 2.074553	 21.881027	 1.171424	-3.050856	 54.114218	 11.942602	-7.140444
 6.088992	 12.060533	 1.193055	 0.267055	 15.096337	 2.066255	 21.792038	 1.166738	-3.038653	 54.057365	 11.894831	-7.111882
 6.076379	 12.012291	 0.813483	 0.266314	 14.657265	 2.057990	 21.704138	 1.162071	-3.026498	 55.016642	 11.847252	-7.083434
 6.057945	 11.964242	 0.623698	 0.265943	 14.409292	 2.049758	 21.616955	 1.157423	-3.014392	 55.483214	 11.799863	-7.055101
 6.036649	 11.416385	 0.028805	 0.265758	 13.756983	 2.041559	 20.030304	 1.152793	-3.002334	 50.203486	 10.752663	-5.526880
 6.013970	 11.120720	-0.267509	 0.265665	 13.404620	 2.033393	 19.200091	 1.148182	-2.990325	 47.552869	 10.209653	-4.754773
 5.990648	 9.951237	 0.085461	 0.265619	 11.202333	 2.025259	 16.248245	 1.143589	-2.478364	 38.716851	 7.418814	-3.360754
 5.967052	 9.348932	 0.261946	 0.265595	 10.083190	 2.017158	 14.745729	 1.139015	-2.218450	 34.239080	 6.014139	-2.659811
 5.443368	 8.030286	 0.350189	 0.265584	 6.505690	 2.009090	 10.467985	 1.134459	-1.084577	 24.440672	 3.802582	-0.305421
 5.171686	 7.357540	 0.394310	 0.265578	 4.711084	 2.001053	 8.316732	 1.129921	-0.517640	 19.512184	 2.693622	 0.867675
 5.026045	 7.007797	 0.416371	 0.265575	 3.807948	 1.993049	 7.228775	 1.125401	-0.234171	 17.018772	 2.135972	 1.450142
 4.443464	 5.319610	 0.927401	 0.265574	 2.350570	 1.985077	 4.672515	 1.620900	 0.907563	 10.743015	 0.353991	 2.237310
 4.144451	 4.468253	 1.180040	 0.265573	 1.620095	 1.977136	 3.390152	 1.864416	 1.474332	 7.596203	-0.534144	 2.624845
 1.987254	 0.535341	 0.803493	 0.265573	-1.246922	 1.469228	-0.755245	 0.481959	 0.253634	 2.013897	-1.475366	 2.312588
 0.908656	-1.424320	 0.615220	 0.265572	-2.672203	 1.213351	-2.818142	-0.207469	-0.354781	-0.770118	-1.941145	 2.152459
-0.130643	-2.397382	 0.521084	 0.265572	-3.376648	 0.583498	-4.339829	-0.550389	-0.657062	-2.655018	-2.669220	 2.068410
-0.647953	-2.877173	 0.474016	 0.265572	-3.720708	 0.268571	-5.088949	-0.720063	-0.806284	-3.588388	-3.026463	 2.022416
-0.904278	-4.110354	-0.049519	 0.265572	-4.384609	-0.388892	-5.951833	-0.803120	-0.378984	-4.046029	-3.198317	 1.995467
-1.030119	-4.716257	-0.310140	 0.265572	-4.706462	-0.715531	-6.369645	-0.842876	-0.165334	-4.265843	-3.277504	 1.978055
-1.090727	-5.008565	-0.439309	 0.265572	-4.857332	-0.876767	-6.564977	-0.860989	-0.058509	-4.366778	-3.310384	 1.965428
-1.118729	-4.644117	-0.502756	 0.265572	-4.922751	-0.455308	-6.649122	-0.868287	-0.005096	-4.408311	-3.320137	 1.955209
-1.130436	-4.453334	-0.533347	 0.265572	-4.945484	-0.244579	-6.677728	-0.870185	 0.021610	-4.420177	-3.318354	 1.946209
-1.134005	-4.349417	-0.547515	 0.265572	-4.946914	-0.639214	-6.678618	-0.869390	-0.465037	-4.417246	-3.310830	 1.937835
-1.133515	-4.288967	-0.553476	 0.265572	-4.937732	-0.834464	-6.665704	-0.867255	-0.706457	-4.406952	-3.300461	 1.929789
-1.131004	-4.250286	-0.555337	 0.265572	-4.423284	-0.430030	-6.645942	-0.864458	-0.325271	-4.393012	-3.288696	 1.921922
-1.127491	-4.222522	-0.555153	 0.265572	-4.158243	-0.227813	-6.622808	-0.861336	-0.134679	-4.377283	-3.276260	 1.914161
-1.123487	-4.200250	-0.553952	 0.265572	-4.517936	-0.626704	-6.598042	-0.858058	-0.039382	-3.860696	-3.263514	 1.906467
-1.119246	-4.180758	-0.552245	 0.265572	-4.688027	-0.824099	-6.572512	-0.854710	 0.008266	-3.595714	-3.250640	 1.898823
-1.114895	-4.162690	-0.550291	 0.265572	-4.763356	-0.920753	-6.546653	-0.851333	 0.032090	-3.456562	-3.237727	 1.891219
-1.110499	-4.145366	-0.548217	 0.265572	-4.791343	-0.967045	-6.520683	-0.847949	 0.044002	-3.880351	-3.224821	 1.883649
-1.106088	-4.128449	-0.546088	 0.265572	-4.795698	-0.988165	-6.494708	-0.844567	 0.049958	-4.083637	-3.211944	 1.876112
-1.101680	-4.111767	-0.543935	 0.265572	-4.788276	-0.996706	-6.468783	-0.841194	 0.052936	-4.176706	-3.199107	 1.868607
-1.097281	-4.095236	-0.541776	 0.265572	-4.775003	-0.998966	-6.442934	-0.837832	 0.054425	-4.214701	-3.186317	 1.861132
-1.092896	-4.078813	-0.539617	 0.265572	-4.758843	-0.998093	-6.417176	-0.834482	 0.055170	-4.225194	-3.173574	 1.853687
-1.088526	-4.062476	-0.537462	 0.265572	-4.741277	-0.995663	-6.391514	-0.831145	 0.055542	-4.221968	-3.160881	 1.846272
-1.584173	-4.046216	-0.535314	 0.265572	-4.723047	-0.992461	-6.365952	-1.327821	 0.055728	-4.211918	-3.148238	 1.838887
-1.827837	-4.030026	-0.533174	 0.265572	-4.704523	-0.988882	-6.340489	-1.572509	 0.055821	-4.198489	-3.135646	 1.831531
-1.945526	-4.013903	-0.531042	 0.265572	-4.685888	-0.985121	-6.315128	-1.691220	 0.055868	-4.183405	-3.123103	 1.824205
-1.500244	-3.997846	-0.528918	 0.265572	-4.667237	-0.981278	-6.789868	-1.746955	 0.055891	-4.167526	-3.610611	 1.816908
-1.275493	-3.981854	-0.526802	 0.265572	-4.648614	-0.977402	-7.012709	-1.771217	 0.055903	-4.151283	-3.846169	 1.809641
-1.661016	-3.965926	-0.524695	 0.265572	-4.630042	-0.973517	-7.109658	-1.779757	-0.444091	-4.134892	-3.955784	 1.302402
-1.849684	-3.950062	-0.522596	 0.265572	-4.611533	-0.969635	-7.143720	-1.780451	-0.692200	-4.118459	-4.002461	 1.047192
-1.939942	-3.934262	-0.520506	 0.265572	-4.593093	-0.965763	-6.646395	-1.277235	-0.814374	-4.602039	-4.017701	 0.918004
-1.981010	-3.918525	-0.518424	 0.265572	-4.574723	-0.961903	-6.385434	-1.024079	-0.873588	-4.833657	-4.017255	 0.851832
-1.997500	-3.902851	-0.516350	-0.234428	-4.556426	-0.958057	-6.242705	-1.395959	-0.401329	-4.439336	-3.508999	 0.817174
-2.001717	-3.887239	-0.514285	-0.482959	-4.538201	-0.954225	-6.159140	-1.578364	-0.165200	-4.234085	-3.248869	 0.798281
-1.999814	-3.871690	-0.512228	-0.605761	-4.520049	-0.950409	-6.105207	-1.666045	-0.047135	-4.123402	-3.112827	 0.787275
-1.994867	-4.356204	-0.510179	-0.165706	-4.501969	-0.946607	-6.066138	-1.206377	 0.011897	-4.060035	-3.038852	 0.780220
-1.988413	-4.588779	-0.508138	 0.054322	-4.483961	-0.942821	-6.034549	-0.975050	 0.041413	-4.020358	-2.995935	 0.775146
-1.981222	-4.195424	-0.506106	 0.164336	-4.966025	-0.939050	-6.506749	-1.357900	-0.443829	-4.992559	-3.468570	 0.771068
-1.973679	-3.991142	-0.504081	 0.219343	-5.196161	-0.935293	-6.728891	-1.545843	-0.684592	-5.466729	-3.697006	 0.767496
-1.965975	-4.381428	-0.502065	-0.253153	-5.300376	-0.931552	-6.826060	-1.636346	-0.803122	-5.191933	-3.803372	 0.764182
-1.958206	-4.567027	-0.500057	-0.487950	-5.341675	-0.927826	-6.860798	-1.678145	-0.860544	-5.044700	-3.848736	 0.761003
-1.950421	-4.650321	-0.499052	-0.603903	-5.351558	-0.924115	-6.864375	-1.695604	-0.887419	-4.961289	-3.863630	 0.757898
-1.942643	-4.682501	-0.498550	-0.660440	-5.345777	-0.920418	-6.852429	-1.700908	-0.899028	-4.909828	-3.863320	 0.754836
-1.934885	-4.689162	-0.498299	-0.687274	-5.332206	-0.916737	-6.832774	-1.700147	-0.903012	-4.874380	-3.855439	 0.751801
-1.927151	-4.683100	-0.998174	-0.699263	-5.314784	-0.913070	-7.309321	-1.696368	-0.903189	-4.846979	-3.843803	 0.748786
-1.919445	-4.670716	-1.245115	-0.703835	-5.295478	-0.909417	-7.532022	-1.691093	-0.901471	-4.823639	-3.830321	 0.745787
-1.911769	-4.655207	-0.865601	-0.704705	-5.275272	-0.905780	-7.127863	-1.685084	-0.898813	-4.802368	-3.815946	 0.742802
-1.904123	-4.638173	-0.675845	-0.703728	-5.254659	-0.902157	-6.912337	-1.678721	-0.895691	-4.782171	-3.801156	 0.739830
-2.396507	-4.620414	-0.580966	-0.701834	-5.233885	-1.398548	-6.791180	-1.672195	-0.892345	-4.762548	-3.786188	 0.736870
-2.636921	-4.602329	-0.533527	-0.699487	-5.213072	-1.642954	-6.717261	-1.665601	-0.888894	-4.743251	-3.771161	 0.733923
-2.251373	-4.584118	-0.509807	-0.696920	-5.192280	-1.261382	-6.667015	-1.658986	-0.885398	-4.724154	-3.756136	 0.730987
-2.054868	-4.565880	-0.497948	-0.694247	-5.171542	-1.068836	-6.628659	-1.652373	-0.881886	-4.705196	-3.741141	 0.728063
-1.952898	-4.547666	-0.492018	-0.691528	-5.150871	-0.970811	-6.596300	-1.645776	-0.878373	-4.686344	-3.726191	 0.725151
-1.898212	-4.529501	-0.489053	-0.688791	-5.130275	-0.920053	-6.566993	-1.639199	-0.874867	-4.667583	-3.711294	 0.722250
-1.867181	-4.511395	-0.487570	-0.686050	-5.109758	-0.892935	-6.539264	-1.632645	-0.871371	-4.648905	-3.696452	 0.719361
-1.847994	-4.493356	-0.486829	-0.683313	-5.089321	-0.877645	-6.512376	-1.626116	-0.867888	-4.630306	-3.681668	 0.716484
-1.834743	-4.475385	-0.486458	-0.680583	-5.068964	-0.868275	-6.485961	-1.619612	-0.864417	-4.611783	-3.666942	 0.713618
-1.824474	-4.457485	-0.986273	-0.677863	-5.048689	-0.861872	-6.459835	-1.113134	-1.360960	-4.593335	-3.652275	 0.710763
-1.815711	-4.439656	-1.233208	-0.675152	-5.028494	-0.856960	-6.433904	-0.858681	-1.605516	-4.574961	-3.637666	 0.707920
-1.807716	-4.421898	-0.853716	-0.672452	-5.008380	-0.852799	-6.408123	-1.230247	-1.224094	-4.556661	-3.623116	 0.705088
-1.800119	-4.404210	-0.663969	-0.669762	-4.988347	-0.849022	-6.382467	-1.412826	-1.031698	-4.538434	-3.608623	 0.702268
-1.792735	-4.386594	-0.569096	-0.667083	-4.968394	-0.845443	-6.356926	-1.500925	-0.933821	-4.520280	-3.594189	 0.699459
-1.785473	-4.369047	-0.521660	-0.664415	-4.948520	-1.341969	-6.331493	-1.541796	-0.883211	-4.502199	-3.579812	 0.696661
-1.778285	-4.351571	-0.497941	-0.661757	-4.928726	-1.586556	-6.306164	-1.559066	-0.856241	-4.484190	-3.565493	 0.693874
-1.771149	-4.334165	-0.486082	-0.659110	-4.909011	-1.205187	-6.280938	-1.564549	-0.841097	-4.466253	-3.551231	 0.691099
-1.764053	-4.316828	-0.480153	-0.656474	-4.889375	-1.012854	-6.255813	-1.564150	-0.831873	-4.448388	-3.537026	 0.688335
-1.756991	-4.299561	-0.477188	-0.653848	-4.869818	-0.915047	-6.230790	-1.060823	-0.825616	-4.430595	-3.522878	 0.685581
-1.749960	-4.282363	-0.475705	-0.651233	-4.850338	-0.864509	-6.205866	-0.808045	-0.820849	-4.412873	-3.508786	 0.682839
-1.742959	-4.265233	-0.974964	-0.648628	-4.830937	-0.837612	-6.181043	-1.180545	-0.316833	-4.395221	-3.494751	 0.680108
-1.735987	-4.248172	-1.221645	-0.646033	-4.811613	-0.822542	-6.156319	-1.363689	-0.064825	-4.377640	-3.480772	 0.677387
-1.729042	-4.231180	-1.342049	-0.643449	-4.792367	-0.813392	-6.131693	-1.452167	 0.061179	-4.360130	-3.466849	 0.674678
-1.722126	-4.214255	-0.899326	-0.640875	-4.773197	-0.807209	-6.107167	-1.493325	-0.375819	-4.342689	-3.452982	 0.671979
-1.715237	-4.197398	-0.677964	-0.638312	-4.754104	-0.802515	-6.082738	-1.510835	-0.592692	-4.325318	-3.439170	 0.669291
-1.708376	-4.180608	-0.567284	-0.635759	-4.735088	-0.798573	-6.058407	-1.016533	-0.199510	-4.308017	-3.425413	 0.666614
-1.701543	-4.163886	-0.511943	-0.633216	-4.716148	-0.795012	-6.034173	-0.768338	-0.002919	-4.290785	-3.411711	 0.663947
-1.694737	-4.147230	-0.484273	-0.630683	-4.697283	-0.791649	-6.010037	-0.643200	 0.095377	-4.273622	-3.398065	 0.661292
-1.687958	-4.130641	-0.470438	-0.628160	-4.678494	-0.788391	-5.985996	-0.579595	 0.144525	-4.256527	-3.384472	 0.658646
-1.681206	-4.114119	-0.463520	-0.625647	-4.659780	-0.785191	-5.962052	-0.546760	-0.330902	-4.239501	-3.370934	 0.656012
-1.674481	-4.097662	-0.460062	-0.623145	-4.641141	-0.782028	-5.938204	-0.529315	-0.567002	-4.222543	-3.357451	 0.653388
-1.667783	-4.081272	-0.458332	-0.620652	-4.622576	-0.778888	-5.914451	-0.519569	-0.683446	-4.205653	-3.344021	 0.650774
-1.661112	-4.064947	-0.457468	-0.618170	-4.604086	-1.275767	-5.890794	-1.013676	-0.740068	-4.188830	-3.330645	 0.648171
-1.654467	-4.048687	-0.457035	-0.615697	-4.585670	-1.520661	-5.867230	-1.257714	-0.766786	-4.172075	-3.317322	 0.645578
-1.647850	-4.032492	-0.456819	-0.613234	-4.567327	-1.139577	-5.843762	-1.376730	-0.278558	-4.155387	-3.304053	 0.642996
-1.641258	-4.016362	-0.456711	-0.610781	-4.549058	-0.947518	-5.820387	-1.433246	-0.034444	-4.138765	-3.290837	 0.640424
-1.634693	-4.000297	-0.456657	-0.608338	-4.530861	-0.849978	-5.797105	-1.458525	-0.412387	-4.122210	-3.277673	 0.637862
-1.628154	-3.984296	-0.456630	-0.605905	-4.512738	-0.799702	-5.773917	-1.468196	-0.599777	-4.105721	-3.264563	 0.635311
-1.621642	-3.968358	-0.456616	-0.603481	-4.494687	-0.773066	-5.750821	-1.470076	-0.191898	-4.089298	-3.251504	 0.632770
-1.615155	-3.952485	-0.456610	-0.601067	-4.476708	-0.758255	-5.727818	-1.468073	 0.012041	-4.072941	-3.238498	 0.630239
-1.608695	-3.936675	-0.456606	-0.598663	-4.458801	-0.749363	-5.704906	-1.464139	 0.114011	-4.056650	-3.225544	 0.627718
-1.602260	-3.920928	-0.456605	-0.596268	-4.440966	-0.743435	-5.682087	-1.459251	-0.335004	-4.040423	-3.212642	 0.625207
-1.595851	-3.905245	-0.456604	-0.593883	-4.423202	-0.738997	-5.659358	-1.453899	-0.557944	-4.024261	-3.199792	 0.622706
-1.589467	-3.889624	-0.456603	-0.591508	-4.405510	-0.735308	-5.636721	-1.448325	-0.167852	-4.008164	-3.186992	 0.620215
-1.583109	-3.874065	-0.456603	-0.589142	-4.387888	-0.732001	-5.614174	-1.442653	 0.027194	-3.992132	-3.174244	 0.617734
-1.576777	-3.858569	-0.456603	-0.586785	-4.370336	-0.728890	-5.591717	-1.436943	 0.124717	-3.976163	-3.161548	 0.615263
-1.570470	-3.843135	-0.456603	-0.584438	-4.352855	-0.725883	-5.569350	-1.431226	 0.173479	-3.960258	-3.148901	 0.612802
-1.564188	-3.827762	-0.456603	-0.582100	-4.335443	-0.722933	-5.547073	-0.925516	-0.302141	-3.944417	-3.136306	 0.610351
-1.557931	-3.812451	-0.456603	-0.579772	-4.318101	-0.720019	-5.524885	-0.672661	-0.538395	-3.928640	-3.123760	 0.607910
-1.551700	-3.797201	-0.456603	-0.577453	-4.300829	-0.717127	-5.502785	-0.546234	-0.654973	-3.412925	-3.111265	 0.605478
-1.545493	-3.782012	-0.456603	-0.575143	-4.283626	-0.714253	-5.480774	-0.483020	-0.711718	-3.149273	-3.098820	 0.603056
-1.539311	-3.766884	-0.456603	-0.572842	-4.266491	-0.711393	-5.458851	-0.451413	-0.738554	-3.011676	-3.086425	 0.600644
-1.533154	-3.751817	-0.456603	-0.570551	-4.249425	-0.708546	-5.437016	-0.935610	-0.250441	-2.937130	-3.074079	 0.598241
-1.527021	-3.736810	-0.456603	-0.568269	-4.232428	-0.705711	-5.415268	-1.174868	-0.006385	-2.894131	-3.061783	 0.595848
-1.520913	-3.721862	-0.456603	-0.565996	-4.215498	-0.702888	-5.393606	-0.791669	 0.115643	-3.366930	-3.049536	 0.593465
-1.514829	-3.706975	-0.456603	-0.563732	-4.198636	-0.700076	-5.372032	-0.600070	 0.176657	-3.595649	-3.037338	 0.591091
-1.508770	-3.692147	-0.456603	-0.561477	-4.181841	-0.697276	-5.350544	-1.004270	 0.207164	-3.202360	-3.025188	 0.588727
-1.502735	-3.677378	-0.456603	-0.559231	-4.165114	-0.694487	-5.329142	-1.203553	 0.222418	-3.000098	-3.013088	 0.586372
-1.996724	-3.662669	-0.456603	-0.556994	-4.148453	-0.691709	-5.307825	-0.800389	 0.230045	-2.893371	-3.001035	 0.584026
-2.238737	-3.648018	-0.456603	-0.554766	-4.131860	-0.688942	-5.286594	-0.598807	 0.233858	-2.834434	-2.989031	 0.581690
-2.354782	-3.633426	-0.456603	-0.552547	-4.115332	-0.686186	-5.265447	-0.498016	 0.235765	-2.799415	-2.977075	 0.579364
-1.907863	-3.618892	-0.456603	-0.550337	-4.098871	-0.683441	-5.244386	-0.947621	-0.263282	-3.276376	-2.965167	 0.577046
-1.681481	-3.604417	-0.456603	-0.548135	-4.082475	-0.680708	-5.223408	-1.169628	-0.511281	-3.507350	-2.953306	 0.574738
-1.565381	-3.589999	-0.456603	-0.545943	-4.066146	-0.677985	-5.202515	-0.777849	-0.133761	-3.615361	-2.941493	 0.572439
-1.504432	-3.575639	-0.456603	-0.543759	-4.049881	-0.675273	-5.181704	-0.581959	 0.054998	-3.661919	-2.929727	 0.570149
-1.471070	-3.561337	-0.456603	-0.541584	-4.033681	-0.672572	-5.160978	-0.984015	 0.149378	-3.677782	-2.918008	 0.567869
-1.451514	-3.547091	-0.456603	-0.539418	-4.017547	-0.669882	-5.140334	-1.182270	 0.196568	-3.678325	-2.906336	 0.565597
-1.438872	-3.532903	-0.456603	-0.537260	-4.001476	-0.667202	-5.119772	-1.278637	-0.279837	-3.671240	-2.894711	 0.563335
-1.429698	-3.518771	-0.456603	-0.535111	-3.985471	-0.664533	-5.099293	-1.324070	-0.516527	-3.660368	-2.883132	 0.561081
-1.422271	-3.504696	-0.456603	-0.532970	-3.969529	-0.661875	-5.078896	-1.344048	-0.633366	-3.647634	-2.871599	 0.558837
-1.415727	-3.490677	-0.956603	-0.530839	-3.953651	-0.659228	-5.058581	-0.851308	-0.190285	-3.133997	-2.860113	 0.556602
-1.409637	-3.476715	-1.203690	-0.528715	-3.937836	-0.656591	-5.038346	-0.604939	 0.031256	-2.871937	-2.848672	 0.554375
-1.403785	-3.462808	-0.824332	-0.526600	-3.922085	-0.653964	-5.018193	-0.981754	 0.142026	-2.735688	-2.837278	 0.552158
-1.398063	-3.448957	-0.634653	-0.524494	-3.906396	-0.651348	-4.998120	-1.167444	 0.197411	-2.662364	-2.825929	 0.549949
-1.392417	-3.435161	-0.539813	-0.522396	-3.890771	-0.648743	-4.978128	-1.257583	 0.225104	-3.120525	-2.814625	 0.547749
-1.386821	-3.421420	-0.492393	-0.520306	-3.875208	-0.646148	-4.958215	-1.299957	 0.238950	-3.342447	-2.803366	 0.545558
-1.381260	-3.407734	-0.968683	-0.518225	-3.859707	-0.643564	-4.938382	-0.818460	 0.245873	-3.446280	-2.792153	 0.543376
-1.375728	-3.394103	-1.203938	-0.516152	-3.844268	-0.640989	-4.918629	-0.577711	 0.249335	-3.491096	-2.780984	 0.541203
-1.370222	-3.380527	-1.318688	-0.514088	-3.828891	-0.638425	-4.898954	-0.457337	 0.251066	-3.506432	-2.769860	 0.539038
-1.364740	-3.367005	-0.873195	-0.512031	-3.813575	-1.135872	-4.879358	-0.897149	 0.251931	-3.007057	-2.758781	 0.536882
-1.359280	-3.353537	-0.650449	-0.509983	-3.798321	-1.381328	-4.859841	-1.114382	 0.252364	-2.752354	-2.747746	 0.534734
-1.353842	-3.340123	-0.539076	-0.507943	-3.783128	-1.000803	-4.840402	-1.220335	 0.252580	-2.620007	-2.736755	 0.532595
-1.348427	-3.326762	-0.483390	-0.505911	-3.767995	-0.809300	-4.821040	-1.270659	 0.252688	-2.548858	-2.725808	 0.530465
-1.343033	-3.313455	-0.455546	-0.503888	-3.752923	-0.712312	-4.801756	-0.793179	 0.252742	-3.008328	-2.714905	 0.528343
-1.337661	-3.300201	-0.441625	-0.501872	-3.737912	-0.662588	-4.782549	-0.554439	 0.252769	-3.231128	-2.704045	 0.526230
-1.332310	-3.287001	-0.434664	-0.500864	-3.722960	-0.636500	-4.763419	-0.435069	 0.252783	-2.835620	-2.693229	 0.524125
-1.326981	-3.273853	-0.431183	-0.500361	-3.708068	-0.622236	-4.744365	-0.375384	 0.252790	-2.632985	-2.682456	 0.522028
-1.321673	-3.260757	-0.429443	-0.500109	-3.693236	-0.613887	-4.725387	-0.345541	 0.252793	-2.526808	-2.671726	 0.519940
-1.316386	-3.247714	-0.428573	-0.499983	-3.678463	-0.608502	-4.706486	-0.330620	 0.252795	-2.468877	-2.661039	 0.517860
-1.311121	-3.234723	-0.428138	-0.499920	-3.663749	-0.604603	-4.687660	-0.323159	 0.252796	-2.435090	-2.650395	 0.515789
-1.305876	-3.221784	-0.427921	-0.499888	-3.649094	-0.601452	-4.668909	-0.319429	 0.252796	-2.913394	-2.639793	 0.513726
-1.300653	-3.208897	-0.427812	-0.499872	-3.634498	-0.598680	-4.650234	-0.317564	 0.252796	-3.145763	-2.629234	 0.511671
-1.295450	-3.196062	-0.927757	-0.499865	-3.619960	-0.596102	-4.631633	-0.816631	 0.252796	-2.755191	-2.618717	 0.509624
-1.290268	-3.183277	-1.174875	-0.499861	-3.605480	-0.593626	-4.613106	-1.063534	 0.252796	-2.555176	-2.608242	 0.507586
-1.285107	-3.170544	-0.795590	-0.499859	-3.591058	-0.591206	-4.594654	-1.184364	 0.252796	-2.450458	-2.597809	 0.505555
-1.279967	-3.157862	-0.605947	-0.499858	-3.576694	-0.588818	-4.576275	-1.242169	 0.252796	-2.393407	-2.587418	 0.503533
-1.274847	-3.145231	-0.511126	-0.499857	-3.562387	-0.586452	-4.557970	-1.268471	 0.252796	-2.360209	-2.577069	 0.501519
-1.269747	-3.132650	-0.463715	-0.499857	-3.548137	-0.584100	-4.539738	-1.279033	-0.247204	-2.338956	-2.566760	 0.500512
-1.264668	-3.120119	-0.440010	-0.499857	-3.533945	-0.581761	-4.521579	-1.281734	-0.495709	-2.323694	-2.556493	 0.500008
-1.259610	-3.107639	-0.428157	-0.499857	-3.519809	-0.579433	-4.503493	-0.780516	-0.118474	-2.811447	-2.546267	 0.499757
-1.254571	-3.095208	-0.422231	-0.499857	-3.505730	-0.577114	-4.485479	-0.529907	 0.070144	-3.048724	-2.536082	 0.499631
-1.249553	-3.082827	-0.419267	-0.499857	-3.491707	-0.574805	-4.467537	-0.404603	 0.164453	-3.160791	-2.525938	 0.499568
-1.244555	-3.070496	-0.417786	-0.499857	-3.477740	-0.572506	-4.449667	-0.341951	 0.211608	-3.210279	-2.515834	 0.499536
-1.739577	-3.058214	-0.417045	-0.499857	-3.463829	-0.570216	-4.431868	-0.310624	 0.235185	-3.228503	-2.505771	 0.499521
-1.982618	-3.045981	-0.416675	-0.499857	-3.449974	-0.567935	-4.414141	-0.294961	 0.246973	-3.231122	-2.495748	 0.499513
-2.099688	-3.033797	-0.416489	-0.499857	-3.436174	-0.565663	-4.396484	-0.287130	 0.252868	-3.225964	-2.485765	 0.499509
-1.653789	-3.021662	-0.416397	-0.499857	-3.422429	-0.563400	-4.378898	-0.283214	 0.255815	-3.216943	-2.475822	 0.499507
-1.428424	-3.009575	-0.416351	-0.499857	-3.408739	-0.561147	-4.361383	-0.281256	 0.257288	-3.206017	-2.465918	 0.499506
-1.313335	-2.997537	-0.416327	-0.499857	-3.395104	-0.558902	-4.343937	-0.280277	 0.258025	-2.694164	-2.456055	 0.499505
-1.253394	-2.985547	-0.416316	-0.499857	-3.381524	-0.556667	-4.326561	-0.279788	 0.258394	-2.433872	-2.446230	 0.499505
-1.221037	-2.973605	-0.916310	-0.499857	-3.367998	-0.554440	-4.309255	-0.279543	 0.258578	-2.799380	-2.436446	 0.499505
-1.202481	-2.961710	-1.163475	-0.499857	-3.354526	-0.552222	-4.292018	-0.279421	 0.258670	-2.975803	-2.426700	 0.499505
-1.190835	-2.949864	-0.784235	-0.499857	-3.341108	-0.550013	-4.274850	-0.279360	 0.258716	-3.057711	-2.416993	 0.499505
-1.182654	-2.938064	-0.594616	-0.499857	-3.327743	-0.547813	-4.257751	-0.279329	 0.258739	-3.092385	-2.407325	 0.499505
-1.176214	-2.926312	-0.499806	-0.499857	-3.314432	-0.545622	-4.240720	-0.279314	 0.258751	-3.103468	-2.397696	 0.499505
-1.170655	-2.914607	-0.452401	-0.499857	-3.301175	-0.543439	-4.223757	-0.779306	 0.258756	-2.602781	-2.388105	 0.499505
-1.165545	-2.902948	-0.428699	-0.499857	-3.287970	-0.541266	-4.206862	-1.026744	 0.258759	-2.348233	-2.378552	 0.499505
-1.160669	-2.891336	-0.416848	-0.499857	-3.274818	-0.539101	-4.190034	-0.647914	 0.258761	-2.216772	-2.369038	 0.499505
-1.155920	-2.879771	-0.410922	-0.499857	-3.261719	-0.536944	-4.173274	-0.458499	 0.258761	-2.146870	-2.359562	 0.499505
-1.151243	-2.868252	-0.907959	-0.499857	-3.248672	-0.534796	-4.156581	-0.863792	 0.258762	-2.107766	-2.350124	 0.499505
-1.146611	-2.856779	-1.153668	-0.499857	-3.235677	-0.532657	-4.139955	-1.063900	 0.258762	-2.084076	-2.340723	 0.499505
-1.142011	-2.845352	-0.773723	-0.499857	-3.222735	-0.530527	-4.123395	-0.661426	 0.258762	-2.068111	-2.331360	 0.499505
-1.137437	-2.833970	-0.583751	-0.499857	-3.209844	-0.528405	-4.106901	-0.460189	 0.258762	-2.056023	-2.322035	 0.499505
-1.132883	-2.822635	-0.488765	-0.499857	-3.197004	-0.526291	-4.090474	-0.359571	 0.258762	-2.045892	-2.312747	 0.499505
-1.128350	-2.811344	-0.941272	-0.499857	-2.684216	-0.524186	-4.074112	-0.809261	 0.258762	-2.036755	-2.303496	 0.499505
-1.123836	-2.800099	-0.664738	-0.499857	-2.923479	-0.522089	-4.057815	-0.531589	 0.258762	-2.028131	-2.294282	 0.499505
-1.119340	-2.788898	-0.526471	-0.499857	-3.036785	-0.520001	-4.041584	-0.392752	 0.258762	-2.019780	-2.285105	 0.499505
-1.114863	-2.777743	-0.457337	-0.499857	-3.087138	-0.517921	-4.025418	-0.323334	 0.258762	-2.511582	-2.275964	 0.499505
-1.110403	-2.766632	-0.422771	-0.499857	-3.106040	-0.515849	-4.009316	-0.288625	 0.258762	-2.751476	-2.266861	 0.499505
-1.105961	-2.755565	-0.405487	-0.499857	-3.109241	-0.513786	-3.993279	-0.271271	 0.258762	-2.865440	-2.257793	 0.499505
-1.101538	-2.744543	-0.396846	-0.499857	-3.104616	-0.511730	-3.977306	-0.262594	 0.258762	-2.916463	-2.248762	 0.499505
-1.097131	-2.733565	-0.392525	-0.499857	-3.096104	-0.509684	-3.961396	-0.258255	 0.258762	-2.936040	-2.239767	 0.499505
-1.092743	-2.722630	-0.390364	-0.499857	-3.085673	-0.507645	-3.945551	-0.256086	 0.258762	-2.439917	-2.230808	 0.499505
-1.088372	-2.711740	-0.389284	-0.499857	-3.074307	-0.505614	-3.929769	-0.255001	 0.258762	-2.187968	-2.221885	 0.499505
-1.084018	-2.700893	-0.388744	-0.499857	-3.062498	-0.503592	-3.914050	-0.254459	 0.258762	-2.058122	-2.212997	 0.499505
-1.079682	-2.690089	-0.388474	-0.499857	-3.050492	-0.501577	-3.898393	-0.254187	 0.258762	-1.989342	-2.204145	 0.499505
-1.075364	-2.679329	-0.388339	 0.000143	-2.538412	-0.500570	-3.882800	-0.254052	 0.258762	-1.951111	-2.195328	 0.499505
-1.071062	-2.668612	-0.388271	 0.249143	-2.278319	-0.500067	-3.867269	-0.253984	 0.258762	-1.928170	-2.186547	 0.499505
-1.066778	-2.657937	-0.388238	-0.126357	-2.144236	-0.499815	-3.851800	-0.253950	 0.258762	-1.912888	-2.177801	 0.499505
-1.062511	-2.647305	-0.388221	-0.313104	-2.073175	-0.499689	-3.836392	-0.253933	 0.258762	-1.901453	-2.169090	 0.499505
-1.058261	-2.636716	-0.388212	-0.406477	-2.033640	-0.499626	-3.821047	-0.253925	 0.258762	-1.891955	-2.160413	 0.499505
-1.054028	-2.626169	-0.388208	-0.453163	-2.009884	-0.499595	-3.805763	-0.253920	 0.258762	-1.883441	-2.151772	 0.499505
-1.049812	-2.615665	-0.888206	-0.476507	-2.494034	-0.499579	-3.790540	-0.253918	 0.258762	-1.875434	-2.143165	 0.999505
-1.045612	-2.605202	-1.135428	-0.488178	-2.730152	-0.499571	-3.775377	-0.253917	 0.258762	-1.867696	-2.134592	 1.246506
-1.041430	-2.594781	-0.756274	-0.494014	-3.342279	-0.499567	-3.760276	-0.753917	 0.258762	-2.360107	-2.126054	 0.867019
-1.037264	-2.584402	-0.566697	-0.496932	-3.640434	-0.499565	-3.745235	-1.001409	 0.258762	-2.600607	-2.117549	 0.677276
-1.033115	-2.574065	-0.971909	-0.498391	-3.281634	-0.499564	-3.730254	-0.622657	 0.258762	-2.215175	-2.109079	 0.582404
-1.028983	-2.563768	-1.171760	-0.499120	-3.096388	-0.499564	-3.715333	-0.433281	 0.258762	-2.018800	-2.100643	 0.534969
-1.024867	-2.553513	-0.768943	-0.499485	-2.997943	-0.499563	-3.700472	-0.338593	 0.258762	-1.916967	-2.092240	 0.511251
-1.020767	-2.543299	-0.567534	-0.499667	-2.942922	-0.499563	-3.685670	-0.291249	 0.258762	-1.862421	-2.083871	 0.499392
-1.016684	-2.533126	-0.466830	-0.499759	-2.909635	-0.499563	-3.670927	-0.267577	 0.258762	-1.831532	-2.075536	 0.493462
-1.012617	-2.522993	-0.416478	-0.499804	-2.887239	-0.499563	-3.156243	-0.755741	 0.258762	-2.312486	-2.067234	 0.490497
-1.008567	-2.512901	-0.391302	-0.499827	-2.870311	-0.499563	-2.893618	-0.997335	 0.258762	-2.547376	-2.058965	 0.489015
-1.004533	-2.502850	-0.878714	-0.999838	-2.856141	-0.499563	-3.257044	-0.615654	 0.258762	-2.159257	-2.050729	 0.488274
-1.000515	-2.492838	-1.119687	-1.246844	-2.843371	-0.499563	-3.431516	-0.424814	 0.258762	-1.961655	-2.042526	 0.487903
-0.996513	-2.482867	-0.737453	-0.867360	-2.331326	-0.499563	-3.511540	-0.329394	 0.258762	-1.859325	-2.034356	 0.487718
-0.992526	-2.472936	-0.546336	-0.677617	-2.071664	-0.499563	-3.544368	-0.281684	 0.258762	-1.804647	-2.026218	 0.487625
-0.988556	-2.463044	-0.950777	-0.582746	-1.938209	-0.499563	-3.553628	-0.257829	 0.258762	-1.773808	-2.018114	 0.487579
-0.984602	-2.453192	-1.150287	-0.535311	-1.867873	-0.499563	-3.551133	-0.245901	 0.258762	-1.754902	-2.010041	 0.487556
-1.480664	-2.443379	-0.747343	-0.511593	-2.329109	-0.499563	-3.542787	-0.239937	 0.258762	-1.741977	-2.002001	 0.487544
-1.724741	-2.433605	-0.545871	-0.499734	-2.554147	-0.499563	-3.531546	-0.236956	 0.258762	-1.732057	-1.993993	 0.487539
-1.842842	-2.423871	-0.445134	-0.493805	-2.661107	-0.499563	-3.518885	-0.235465	 0.258762	-1.723652	-1.986017	 0.487536
-1.397971	-2.414176	-0.394766	-0.490840	-2.709051	-0.499563	-3.505542	-0.734719	 0.258762	-1.716020	-1.978073	 0.487534
-1.173629	-2.404519	-0.369582	-0.489357	-2.727509	-0.499563	-3.491886	-0.981878	 0.258762	-1.708787	-1.970161	 0.487533
-1.059559	-2.394901	-0.856990	-0.488616	-2.231246	-0.499563	-3.478101	-0.603000	 0.258762	-1.701767	-1.962280	 0.487533
-1.000634	-2.385321	-1.098006	-0.488246	-1.979645	-0.499563	-3.464280	-0.413561	 0.258762	-1.694868	-1.954431	 0.487533
-0.969287	-2.375780	-0.715835	 0.011940	-1.850388	-0.499563	-2.950469	-0.318841	 0.258762	-1.688042	-1.946613	 0.487533
-0.951738	-2.366277	-0.524750	 0.261008	-1.782317	-0.499563	-2.688690	-0.271481	 0.258762	-1.681267	-1.938827	 0.487533
-0.941095	-2.356812	-0.429207	-0.115478	-2.244854	-0.499563	-3.052947	-0.247801	 0.258762	-1.674530	-1.931071	 0.487533
-0.933913	-2.347384	-0.381436	-0.303721	-2.470707	-0.499563	-3.228241	-0.235962	 0.258762	-1.667826	-1.923347	 0.487533
-0.928468	-2.337995	-0.357550	-0.397842	-2.578240	-0.499563	-3.309081	-0.230042	 0.258762	-1.661152	-1.915654	 0.487533
-1.423900	-2.328643	-0.345607	-0.444903	-2.626636	-0.499563	-3.342721	-0.227082	 0.258762	-1.654506	-1.907991	 0.487533
-1.667777	-2.319328	-0.339636	-0.468433	-2.645483	-0.499563	-3.352788	-0.225602	 0.258762	-1.647887	-1.900359	 0.487533
-1.285892	-2.310051	-0.336650	-0.480199	-2.149578	-0.499563	-2.851096	-0.724862	 0.258762	-1.641295	-1.892758	 0.487533
-1.093142	-2.300811	-0.335157	-0.486081	-1.898318	-0.499563	-2.595551	-0.972043	 0.258762	-1.634730	-1.885187	 0.487533
-0.994966	-2.291608	-0.334411	-0.489023	-1.769394	-0.499563	-2.963099	-0.593196	-0.241238	-1.628191	-1.877646	 0.987533
-0.944085	-2.282441	-0.334038	-0.490493	-1.701651	-0.499563	-3.140211	-0.403772	-0.489755	-1.621678	-1.870135	 1.234558
-0.916857	-2.273311	-0.333851	-0.491229	-1.664512	-0.499563	-3.222133	-0.309060	-0.112538	-1.615191	-1.862655	 0.855107
-0.901465	-2.264218	-0.333758	-0.491596	-1.642688	-0.499563	-3.256485	-0.261704	 0.076071	-1.608731	-1.855204	 0.665382
-0.891996	-2.255161	-0.333711	-0.491780	-1.628534	-0.499563	-3.267080	-0.238026	 0.170376	-1.602296	-1.847783	 0.570519
