-0.906818	-3.530883	 0.035685	-0.498190	-2.760709	-0.361665	-2.494536	 0.253179	 0.509800	-3.303122	-1.118997	 0.978946
-0.903191	-3.516759	 0.130031	-0.498190	-2.749666	-0.361665	-2.490463	 0.375972	 0.513609	-3.164910	-1.114521	 1.068907
-0.899578	-3.502692	 0.177204	-0.498190	-2.738667	-0.361665	-2.483453	-0.062631	 0.514479	-3.589750	-1.110063	 1.111569
-0.895980	-3.488681	 0.200791	-0.498190	-2.727713	-0.361665	-2.474996	-0.280930	 0.513884	-3.794141	-1.105622	 1.130592
-0.892396	-3.474727	 0.212584	-0.498190	-2.716802	-0.361665	-1.965834	 0.109920	 0.512559	-3.888340	-1.101200	 0.637804
-0.888827	-3.460828	 0.218481	-0.498190	-2.705935	-0.361665	-1.708340	 0.304344	 0.510874	-3.927474	-1.096795	 0.391410
-0.885271	-3.446984	-0.278571	-0.498190	-2.695111	-0.361665	-2.076691	-0.098444	 0.509014	-3.439108	-1.092408	 0.268213
-0.881730	-3.433196	-0.525546	-0.498190	-2.684331	-0.361665	-2.255976	-0.298836	 0.507069	-3.189023	-1.088038	 0.206615
-0.878203	-3.419464	-0.147488	-0.498190	-3.173593	-0.861665	-1.840749	 0.100968	 0.005086	-3.558103	-1.083686	 0.175816
-0.874690	-3.405786	 0.041541	-0.498190	-3.410899	-1.108942	-1.630284	 0.299869	-0.245905	-3.734789	-1.079351	 0.160416
-0.871192	-3.392163	 0.136056	-0.498190	-3.522255	-1.229868	-1.522212	 0.399319	-0.371400	-3.815308	-1.075034	 0.152716
-0.867707	-3.378594	 0.183313	-0.498190	-3.070666	-0.787629	-1.465347	-0.050956	 0.065852	-3.847777	-1.070734	 0.648866
-0.864236	-3.365080	 0.206941	-0.498190	-2.839634	-0.566510	-1.434098	-0.275091	 0.283472	-3.856250	-1.066451	 0.894651
-0.860779	-3.351619	 0.218756	-0.498190	-2.718900	-0.455950	-1.915668	-0.387158	 0.391279	-3.352758	-1.062185	 1.015263
-0.857336	-3.338213	 0.224663	-0.498190	-2.653337	-0.400671	-2.151658	-0.443192	 0.445183	-3.095313	-1.057936	 1.073297
-0.853907	-3.324860	 0.227616	-0.498190	-2.615380	-0.873031	-2.264878	 0.028791	 0.472135	-2.960915	-1.053705	 0.600051
-0.850491	-3.311561	 0.229093	-0.498190	-2.591246	-1.106520	-2.316732	 0.263781	 0.485611	-2.888063	-1.049490	 0.363429
-0.847089	-3.298314	-0.270168	-0.498190	-2.574045	-0.720585	-2.337922	 0.381276	-0.007651	-3.346006	-1.045292	 0.745117
-0.843701	-3.285121	-0.518260	-0.498190	-2.560331	-0.527617	-2.343798	 0.440024	-0.253280	-3.567370	-1.041111	 0.933708
-0.840326	-3.271981	-0.640774	-0.498190	-2.548381	-0.431133	-2.342037	 0.469398	-0.376095	-3.670474	-1.036946	 1.025759
-0.836965	-3.258893	-0.200504	-0.498190	-2.537333	-0.382891	-2.336476	-0.015916	 0.062498	-3.714480	-1.032799	 0.569548
-0.833617	-3.245857	 0.019631	-0.498190	-2.526756	-0.358770	-2.329034	-0.257570	 0.280792	-3.728965	-1.028667	 0.341443
-0.830282	-3.232874	 0.129699	-0.498190	-2.516436	-0.846710	-2.320669	-0.378397	 0.389939	-3.728721	-1.024553	 0.727391
-0.826961	-3.219942	 0.184732	-0.498190	-2.506263	-1.088010	-2.311863	-0.438810	 0.444513	-3.721142	-1.020454	 0.918138
-0.823653	-3.207062	-0.287751	-0.498190	-2.496185	-0.706002	-2.302853	-0.469017	 0.471800	-3.209925	-1.016373	 1.011293
-0.820359	-3.194234	-0.522472	-0.498190	-2.486173	-0.514998	-2.293761	-0.484120	 0.485443	-2.948920	-1.012307	 1.055662
-0.817077	-3.181457	-0.138318	-0.498190	-1.976215	-0.419495	-1.784645	 0.008328	-0.007735	-3.313041	-1.008258	 0.575647
-0.813809	-3.168731	 0.053759	-0.498190	-1.718304	-0.371744	-1.527536	 0.253550	-0.253323	-3.487747	-1.004225	 0.335639
-0.810554	-3.156056	 0.149797	-0.498190	-1.586427	-0.347869	-1.396441	 0.376162	-0.376116	-3.567776	-1.000208	 0.215635
-0.807311	-3.143432	-0.302183	-0.498190	-2.017580	-0.335931	-1.828363	-0.062533	 0.062487	-3.600494	-0.996207	 0.655633
-0.804082	-3.130858	-0.526665	-0.498190	-2.228259	-0.329962	-2.039803	-0.280877	 0.280786	-3.609587	-0.992222	 0.873441
-0.800866	-3.118335	-0.637404	-0.498190	-2.328720	-0.826978	-2.641021	-0.390050	-0.110064	-3.606896	-0.988253	 0.480162
-0.797662	-3.105862	-0.691277	-0.498190	-2.374093	-1.072838	-2.935145	-0.444636	-0.304487	-3.598342	-0.984300	 0.283523
-0.794472	-3.093438	-0.216723	-0.498190	-2.391940	-0.693130	-2.575749	-0.471929	-0.401699	-3.586886	-0.980363	 0.185203
-0.791294	-3.081064	 0.020553	-0.498190	-2.396044	-0.503276	-2.391618	-0.485575	-0.450305	-3.574006	-0.976442	 0.136044
-0.788129	-3.068740	 0.139192	 0.001810	-1.893296	-0.408349	-1.795137	-0.492399	 0.025392	-3.060445	-0.472536	 0.611464
-0.784976	-3.056465	 0.198511	 0.250807	-1.639140	-0.360886	-1.494500	-0.495810	 0.262239	-2.798570	-0.220583	 0.847000
-0.781836	-3.044239	 0.228171	 0.375305	-1.509293	-0.337154	-1.341793	-0.497516	 0.380662	-2.662559	-0.094607	 0.962603
-0.778709	-2.532062	 0.243001	 0.437554	-1.441610	-0.325288	-0.763062	 0.001631	 0.939873	-2.589501	-0.031618	 1.018248
-0.775594	-2.271934	 0.250415	 0.468679	-1.405021	-0.319356	-0.473696	 0.250203	 1.216481	-2.547939	-0.000124	 1.043923
-0.772492	-2.137846	 0.254123	 0.484241	-1.383990	-0.316389	-0.829013	 0.874489	 1.351799	-2.022145	 0.515623	 1.554621
-0.769402	-2.066795	 0.255977	 0.492022	-1.370748	-0.314906	-1.004303	 1.183634	 1.416483	-1.756255	 0.771433	 1.805840
-0.766324	-2.027278	 0.256903	 0.495913	-0.861412	 0.185836	-0.589589	 1.335221	 1.945863	-1.620330	 0.897284	 1.927335
-0.763259	-2.003544	 0.257367	 0.497858	-0.606744	 0.434833	-0.382232	 1.408041	 2.205603	-1.549398	 0.958164	 1.983985
-0.260206	-1.487717	 0.257599	 0.498830	-0.479410	 0.557965	 0.221447	 1.441490	 2.330542	-1.010975	 0.986565	 2.008228
-0.008679	-1.227860	 0.257714	 0.499317	-0.415743	 0.618168	 0.521636	 1.455264	 2.388100	-0.741764	 0.998736	 2.016285
 0.117084	-1.095995	 0.257772	 0.499560	-0.383910	 0.646913	 0.670087	 1.459213	 2.411988	-0.607158	 1.002799	 2.016265
 0.179966	-1.028135	 0.757801	 0.999682	 0.132007	 1.159934	 1.242675	 1.458261	 2.419061	-0.039856	 1.002818	 2.512222
 0.211406	-0.992284	 1.005300	 1.246743	 0.388670	 1.413099	 1.525339	 1.454871	 2.417744	 0.242741	 1.000821	 2.754185
 0.727127	 1.527554	 1.626544	 1.867286	 4.515710	 2.036349	 6.163054	 1.950272	 2.912253	 5.882989	 2.497825	 2.869173
 0.982501	 2.779379	 1.932670	 2.172582	 6.561945	 2.342654	 8.460311	 2.193082	 3.152694	 8.680066	 3.238337	 2.920700
 2.607713	 6.897228	 2.081256	 2.320274	 8.567846	 2.490509	 10.087424	 2.309615	 2.266129	 13.555650	 3.600636	 1.440518
 3.411853	 8.934123	 2.151089	 2.389184	 9.549649	 2.559160	 10.877551	 2.363029	 1.820087	 15.956580	 3.773859	 0.700428
 5.305491	 13.930628	 1.681564	 1.918723	 13.019488	 2.588230	 12.749280	 2.384903	 0.594318	 21.620330	 5.352577	-1.169618
 6.237911	 16.391027	 1.444377	 1.680596	 14.721428	 2.597530	 13.655902	 2.391027	-0.017304	 24.397637	 6.128073	-2.098561
 7.189781	 21.083523	 1.323369	 1.058647	 17.539552	 2.596966	 15.080088	 1.889294	-0.821857	 28.231940	 7.002014	-3.056978
 7.649433	 23.378219	 1.260461	 0.747673	 18.907898	 2.591492	 15.759172	 1.635653	-1.220881	 30.084959	 7.423232	-3.528155
 7.863040	 24.474222	 1.226611	 0.592186	 19.551519	 2.583583	 16.065838	 1.506068	-1.417153	 30.947593	 7.618153	-3.755746
 8.453691	 26.471082	 1.207301	 1.014442	 21.332939	 2.574477	 17.686426	 1.938523	-2.012062	 32.815289	 8.199987	-4.361574
 8.730927	 27.412577	 1.195270	 1.222697	 22.177420	 2.564793	 18.458106	 2.150008	-2.304303	 33.679772	 8.473340	-4.654553
 8.851529	 27.826616	 1.186888	 1.323963	 22.553617	 2.554841	 18.805486	 2.251028	-2.445230	 34.042924	 8.592523	-4.791148
 8.893886	 28.977154	 1.180340	 1.371745	 23.195856	 2.544775	 18.940871	 1.796834	-2.510521	 34.655688	 8.634692	-4.349590
 8.897192	 30.492168	 1.174718	 1.392797	 23.969299	 2.534673	 19.470410	 1.567051	-2.538015	 35.891534	 9.138422	-4.620995
 8.881044	 31.185660	 1.169569	 1.400495	 24.306535	 2.524572	 19.695180	 1.449486	-2.546631	 36.435201	 9.371003	-4.746912
 8.855240	 31.468648	 1.164666	 1.401528	 24.425866	 2.514493	 19.767725	 1.388039	-2.545829	 36.633078	 9.468086	-4.800125
 9.324679	 31.546639	 1.159895	 0.899239	 24.436441	 2.504445	 19.264317	 1.354662	-2.540337	 36.158354	 9.497498	-4.817025
 9.539811	 31.522385	 1.155199	 0.648095	 24.392834	 2.494432	 18.975092	 1.335332	-2.532522	 35.849625	 9.493149	-4.815807
 9.627866	 31.447262	 1.150550	 0.522523	 24.322332	 2.484457	 18.793107	 1.323034	-2.523565	 35.624178	 9.471998	-4.805569
 9.652462	 30.846956	 1.145934	 0.959737	 24.238578	 2.474520	 18.664892	 1.314264	-2.514057	 35.440658	 8.942520	-4.790859
 9.645406	 30.486310	 1.141343	 1.175550	 24.148391	 2.464622	 18.563712	 1.307268	-2.504294	 35.278383	 8.660955	-4.773952
 9.622602	 30.745735	 1.136774	 0.780674	 24.055181	 2.454764	 18.476196	 1.301169	-2.494424	 35.127013	 8.503414	-4.755985
 9.592000	 30.813438	 1.132225	 0.583235	 23.960652	 2.444945	 18.395661	 1.295530	-2.484519	 34.981377	 8.407952	-4.737525
 9.557576	 30.785527	 1.127695	 0.984516	 23.865656	 2.435166	 18.318764	 1.290130	-2.474618	 34.838888	 8.343596	-4.718857
 9.521318	 30.710056	 1.123184	 1.182385	 23.770616	 2.425425	 18.243831	 1.284861	-2.464738	 34.698250	 8.294859	-4.700122
 8.984218	 30.611051	 1.118691	 1.278559	 23.675745	 2.415723	 18.170027	 1.279667	-2.454888	 34.058816	 8.253999	-4.681392
 8.698775	 30.500525	 1.114216	 1.323897	 23.581148	 2.406060	 18.096932	 1.274522	-2.445073	 33.672261	 8.217142	-4.662702
 8.539226	 30.384482	 1.109759	 1.343827	 23.486876	 2.396436	 18.024337	 1.269410	-2.435295	 33.412411	 8.182353	-4.644069
 8.942692	 30.265923	 1.105320	 1.351065	 23.392955	 2.386850	 17.952136	 1.264325	-2.425555	 33.216181	 8.148664	-4.625501
 9.125733	 30.146349	 1.100899	 1.351967	 23.299396	 2.377303	 17.880276	 1.259265	-2.415853	 33.052027	 8.115589	-4.607004
 9.198636	 29.526509	 1.096496	 1.349712	 23.206205	 2.367794	 17.808729	 1.754226	-2.906190	 32.904174	 8.082887	-4.588578
 9.216544	 29.158775	 1.092110	 1.345890	 23.113384	 2.358323	 17.737481	 1.997208	-3.144565	 32.764734	 8.050435	-4.570225
 9.207030	 28.917326	 1.087741	 1.341295	 23.020932	 2.348889	 17.666525	 1.614219	-2.756987	 32.629764	 8.018173	-4.551944
 9.183877	 28.739250	 1.083390	 1.336324	 22.928849	 2.339494	 17.595855	 1.420262	-2.558459	 32.497289	 7.986070	-4.533737
 8.653980	 29.093090	 0.579057	 1.331176	 22.837134	 2.330136	 18.025470	 1.320831	-2.454476	 32.366322	 7.954111	-4.515602
 8.372783	 29.211115	 0.326890	 1.325949	 22.745786	 2.320815	 18.203368	 1.268672	-2.397783	 32.236368	 7.922287	-4.497540
 8.216001	 29.211470	 0.200806	 1.320695	 22.654803	 2.311532	 18.255554	 1.240160	-2.364754	 32.107178	 7.890594	-4.479550
 8.621492	 28.653224	 0.637765	 1.315437	 22.564183	 2.302286	 17.745031	 1.223481	-2.343576	 31.978627	 7.859030	-3.961631
 8.806183	 28.317911	 0.854094	 1.310187	 22.473927	 2.293077	 17.455301	 1.212727	-2.328343	 31.850652	 7.827593	-3.695785
 8.380547	 28.094289	 0.960118	 1.304953	 22.384031	 2.283904	 17.276105	 1.204947	-2.316100	 31.723219	 7.796282	-4.056002
 8.151819	 27.926737	 1.010998	 1.299736	 22.294495	 2.274769	 17.152313	 1.198662	-2.305370	 31.596310	 7.765097	-4.227278
 8.521609	 27.787442	 1.034314	 1.294539	 22.205317	 2.265670	 17.056360	 1.693135	-2.295416	 30.969918	 7.734036	-4.304119
 8.688721	 27.662499	 1.043857	 1.289361	 22.116496	 2.256607	 16.974463	 1.935996	-2.285868	 30.596034	 7.703100	-4.333777
 8.254566	 27.544952	 1.046522	 1.284204	 22.028030	 2.247581	 16.899729	 1.553069	-2.276542	 30.848648	 7.672288	-4.339880
 8.021847	 27.431324	 1.045756	 1.279067	 21.939918	 2.238590	 16.828712	 1.359265	-2.267344	 30.912752	 7.641599	-4.334239
 7.889910	 27.319874	 1.043283	 1.273951	 21.852158	 2.229636	 16.759688	 1.260033	-2.258229	 30.882851	 7.611032	-4.322761
 7.808425	 27.209732	 1.039964	 1.268856	 21.764749	 2.220717	 16.691795	 1.208095	-2.249173	 30.806194	 7.580588	-4.308400
 7.752229	 27.100463	 1.036232	 1.263780	 21.677690	 2.211835	 16.624601	 1.179813	-2.240165	 30.706407	 7.550266	-4.292631
 8.208738	 26.991845	 1.032301	 1.258725	 21.090980	 2.202987	 16.557888	 1.163370	-2.231199	 30.595300	 7.520065	-4.276193
 8.419663	 26.883770	 1.028279	 1.253690	 20.756616	 2.194175	 16.491550	 1.152854	-2.222271	 30.478778	 7.489984	-4.259454
 8.007864	 26.776181	 1.024219	 1.248675	 21.048589	 2.185399	 16.425531	 1.645311	-2.213381	 30.859793	 7.460024	-4.242600
 7.786772	 26.669049	 1.020149	 1.243681	 21.151895	 2.176657	 16.359802	 1.887265	-2.204526	 30.987818	 7.430184	-4.225721
 7.661095	 25.562360	 1.016081	 1.238706	 20.661037	 2.167950	 15.294349	 1.503983	-2.195708	 27.989600	 6.400464	-3.208864
 7.583186	 24.960104	 1.012024	 1.233751	 20.375268	 2.159279	 14.733165	 1.310100	-2.186925	 26.440507	 5.874862	-2.696051
 7.529220	 24.610260	 1.007979	 1.228816	 20.192205	 2.150641	 14.424229	 1.210927	-2.178177	 25.616178	 5.601362	-2.435278
 6.987287	 21.886817	 1.003949	 0.723901	 17.560654	 1.642039	 12.741530	 1.159116	-1.169464	 21.654430	 4.453957	-0.800543
 6.703430	 20.486769	 0.999934	 0.471443	 16.215021	 1.385471	 11.878064	 1.130997	-0.665108	 19.638171	 3.873641	 0.015156
 6.048662	 15.748571	 0.995935	 0.345214	 12.012466	 1.754929	 9.424301	 1.614731	 0.087070	 14.094797	 3.576896	 1.421344
 5.710490	 13.357452	 0.991951	 0.282100	 9.895568	 1.935409	 8.183478	 1.852401	 0.461481	 11.306008	 3.421964	 2.118783
 4.530660	 9.139959	 1.487983	 0.750543	 6.321562	 2.021417	 6.049182	 1.967056	 1.147014	 5.394578	 2.337963	 2.461870
 3.934043	 7.021368	 1.732031	 0.982326	 4.529064	 2.060207	 4.974204	 2.020220	 1.486116	 2.439897	 1.793455	 2.627804
 1.629060	 0.452267	 1.350103	 0.595790	-0.372658	 0.575403	 0.928916	 1.542656	 1.152016	-3.036413	 0.518703	 2.205183
 0.477920	-2.820050	 1.157203	 0.402521	-2.812971	-0.165179	-1.087495	 1.301743	 0.983331	-5.757543	-0.117160	 1.990308
-0.096303	-4.444023	 1.058824	 0.305887	-4.022620	-0.533659	-2.089492	 1.179165	 0.897359	-7.101151	-0.433586	 1.879319
-0.882074	-6.243874	 0.507714	 0.257570	-5.116980	-0.216095	-3.084308	 0.615763	 0.852750	-8.256065	-0.590299	 1.320288
-1.271624	-7.127712	 0.232159	 0.233412	-5.651738	-0.057313	-3.573558	 0.334062	 0.828829	-8.814701	-0.667162	 1.039250
-1.463076	-7.553608	 0.094381	 0.221332	-5.906744	-0.477922	-3.810057	 0.193211	 0.815259	-9.075272	-1.204105	 1.397215
-1.555493	-7.750597	 0.025492	 0.215293	-6.021923	-0.686429	-3.920214	 0.122786	 0.806871	-9.186885	-1.469094	 1.572686
-1.598406	-7.833196	-0.008952	 0.212273	-6.067238	-0.288893	-4.467231	 0.087574	 0.801079	-9.224095	-1.598121	 1.656926
-1.616580	-7.858664	-0.026174	 0.210763	-6.077671	-0.090125	-4.730711	 0.069967	 0.796593	-9.224178	-1.659180	 1.695564
-2.122397	-7.855630	-0.034785	 0.210008	-6.070711	-0.490741	-4.352463	 0.061164	 0.792766	-9.705770	-1.686269	 1.711414
-2.370050	-7.838408	-0.039091	 0.209631	-6.055104	-0.689266	-4.155390	 0.056762	 0.789274	-9.926192	-1.696387	 1.715885
-2.488640	-7.814154	-0.041244	 0.209442	-6.035221	-0.786753	-4.048938	 0.054562	 0.785957	-10.016109	-1.698033	 1.714679
-2.042721	-7.786448	-0.042320	 0.209348	-6.013249	-0.833728	-4.487826	 0.053461	 0.782733	-9.540856	-1.695456	 1.710650
-1.816568	-7.757077	-0.042858	 0.209300	-5.990280	-0.855454	-4.697417	 0.052911	 0.779562	-9.285098	-1.690782	 1.705222
-2.200311	-7.726936	-0.043127	 0.209277	-5.966862	-0.864563	-4.792398	-0.447364	 0.776424	-9.139161	-1.685073	 1.699108
-2.387014	-7.696472	-0.043262	 0.209265	-5.943265	-0.867370	-4.830114	-0.695606	 0.773308	-9.048205	-1.678860	 1.692665
-1.975218	-7.665908	-0.043329	 0.209259	-6.419628	-0.867033	-4.839237	-0.317840	 0.770210	-8.984813	-1.672408	 1.686071
-1.766193	-7.635356	-0.043363	 0.209256	-6.644017	-0.865131	-4.834101	-0.128956	 0.767127	-8.935274	-1.665850	 1.679415
-2.158567	-7.604870	-0.043380	 0.209255	-6.742475	-0.862454	-4.821875	-0.034515	 0.764057	-8.892733	-1.659252	 1.672742
-2.349651	-7.574478	-0.043388	 0.209254	-6.778022	-0.859396	-4.806143	 0.012706	 0.761000	-8.853763	-1.652648	 1.666073
-2.440112	-7.544194	-0.043392	 0.209254	-6.782168	-0.856154	-4.788696	 0.036316	 0.757956	-8.816648	-1.646054	 1.659420
-2.480281	-8.014024	-0.043394	-0.290747	-6.770669	-0.852827	-5.270430	-1.451878	-0.245076	-10.280531	-2.639478	 1.152788
-2.495325	-8.231971	-0.043395	-0.539165	-6.751401	-0.849465	-5.499793	-2.190096	-0.744096	-10.988984	-3.128924	 0.898179
-2.497826	-8.824045	-0.043396	-0.661799	-6.728302	-0.846091	-5.603016	-1.553348	-0.491120	-10.819815	-2.866411	 0.769588
-2.494076	-9.101250	-0.043396	-0.721548	-6.703343	-0.842719	-5.643215	-1.233140	-0.364632	-10.713930	-2.729946	 0.704010
-2.487221	-9.221095	-0.543396	-0.749859	-7.177506	-0.839355	-5.651948	-1.571211	-0.301388	-10.639771	-2.656527	 0.669945
-2.478832	-9.262336	-0.791310	-0.762458	-7.399285	-0.836000	-5.644993	-1.736428	-0.269766	-10.581560	-2.614651	 0.651640
-2.469697	-8.764349	-0.413188	-0.767208	-7.494932	-0.832658	-5.630239	-1.815233	-0.753954	-10.531408	-2.588568	 0.641221
-2.460208	-8.498823	-0.224127	-0.768039	-7.527574	-0.829328	-5.611632	-1.850847	-0.993573	-10.485370	-2.570401	 0.634750
-2.450562	-8.349594	-0.129596	-0.766917	-7.528775	-1.326011	-5.591142	-1.864881	-1.110915	-10.441472	-2.556213	 0.630258
-2.440858	-8.258578	-0.082331	-0.764824	-7.514315	-1.570707	-5.569755	-1.368141	-0.667130	-9.898728	-2.544035	 0.626760
-2.431143	-8.196735	-0.058699	-0.762252	-7.492086	-1.689424	-5.547965	-1.118028	-0.445238	-9.608644	-2.532882	 0.623765
-2.421443	-8.149544	-0.046882	-0.759447	-6.966031	-1.245167	-5.526018	-0.991235	-0.334291	-9.444965	-2.522263	 0.621026
-2.411769	-8.109744	-0.040974	-0.756531	-6.690124	-1.021436	-5.504036	-0.926110	-0.278818	-9.344563	-2.511929	 0.618420
-2.402128	-8.073704	-0.538020	-0.753566	-6.539342	-0.907975	-5.482081	-0.891826	-0.251082	-9.775873	-2.501760	 0.615885
-2.392523	-8.039608	-0.784473	-0.750582	-6.451174	-0.849656	-5.460184	-0.872968	-0.237213	-9.971114	-2.491691	 0.613391
-2.382954	-8.006550	-0.405637	-0.747595	-6.394364	-0.818914	-4.938358	-0.861831	 0.269721	-9.548402	-1.981694	 0.610922
-2.373423	-7.974073	-0.216220	-0.744612	-6.353284	-0.801966	-4.668612	-0.854562	 0.521635	-9.318794	-1.723752	 0.608471
-2.363930	-7.941952	-0.121511	-0.741637	-6.320119	-0.791922	-5.024942	-0.849232	 0.146044	-9.185812	-1.591850	 0.606033
-2.354474	-7.910072	-0.074156	-0.738673	-6.290963	-0.785337	-5.192344	-0.844880	-0.041751	-9.101216	-1.522978	 0.603607
-2.345056	-7.878375	-0.050479	-0.735719	-6.263861	-0.780486	-5.265325	-0.841022	-0.135648	-9.040884	-1.485634	 0.601192
-2.335676	-7.846833	-0.038641	-0.732777	-6.237837	-0.776510	-4.791140	-0.337419	-0.682597	-8.992757	-1.464066	 0.598786
-2.326334	-7.815432	-0.032721	-0.729846	-6.212401	-0.772977	-4.545413	-0.085618	-0.953612	-8.950804	-1.450397	 0.596391
-2.317028	-7.784163	-0.029762	-0.726926	-6.187309	-0.769671	-4.413950	-0.459717	-0.586671	-9.412010	-1.940689	 1.094005
-2.307760	-7.753023	-0.028282	-0.724019	-6.162439	-0.766486	-4.339654	-0.645099	-0.403200	-9.622867	-2.180973	 1.339629
-2.298529	-7.722009	-0.027542	-0.721123	-6.137729	-0.763366	-4.793975	-0.236129	-0.311465	-9.208628	-2.296272	 0.959271
-2.289335	-7.691120	-0.027172	-0.718238	-6.113148	-0.760286	-5.010639	-0.031644	-0.265597	-8.983919	-2.349099	 0.767933
-2.280178	-8.660355	-0.026987	-0.715365	-6.088680	-0.757232	-4.608516	-0.429402	 0.257337	-8.854047	-2.370708	 1.171112
-2.271057	-9.125714	-0.026895	-0.712504	-6.064318	-0.754196	-4.399042	-0.626626	 0.517243	-8.771662	-2.376728	 1.369552
-2.261973	-9.339211	-0.026848	-0.709654	-6.040057	-0.751176	-4.285926	-0.723590	 0.645642	-8.713091	-2.374973	 1.465637
-2.252925	-8.426854	-0.026825	-0.706815	-6.015894	-0.748169	-4.221022	-0.770432	 0.708294	-8.666497	-2.369349	 1.010555
-2.243913	-7.955646	-0.026814	-0.703988	-5.991830	-0.745176	-4.180258	-0.792218	 0.738077	-8.625960	-2.361809	 0.781904
-2.234937	-7.705074	-0.026808	-0.701172	-5.967862	-0.742195	-4.651597	-0.801483	 0.751434	-8.588520	-2.353331	 1.166471
-2.225998	-7.564878	-0.026805	-0.698367	-5.943990	-0.739226	-4.877021	-0.804494	 0.756582	-8.552698	-2.344402	 1.355653
-2.217094	-7.979931	-0.026803	-0.695574	-5.920214	-0.736269	-4.479528	-0.804384	 0.757633	-8.517754	-2.335267	 0.947154
-2.208225	-8.170668	-0.026803	-0.692792	-5.896533	-0.733324	-4.272617	-0.802721	 0.756641	-8.483316	-2.326047	 0.741828
-2.199392	-8.249313	-0.026802	-0.190020	-5.872947	-0.730390	-4.161030	-0.800287	 0.754634	-8.449199	-1.816803	 0.638091
-2.190595	-8.271980	-0.026802	 0.061365	-5.849455	-0.727469	-4.097138	-0.797475	 0.752125	-8.415310	-1.559566	 0.585154
-2.181833	-8.266724	-0.026802	 0.187058	-5.826058	-0.724559	-4.057125	-0.794479	 0.749371	-8.381603	-1.428343	 0.557622
-2.173105	-7.747573	-0.026802	-0.250096	-5.802753	-0.721661	-4.029085	-0.791398	 0.746501	-8.348054	-1.860137	 1.042795
-2.164413	-7.473541	-0.026802	-0.467298	-5.779542	-0.718774	-4.007062	-0.788281	 0.743579	-8.314650	-2.071450	 1.282326
-2.155755	-7.322126	-0.026802	-0.574530	-5.756424	-0.715899	-3.988081	-0.785152	 0.740636	-8.281386	-2.172542	 1.399047
-2.147132	-7.232077	-0.026802	-0.626783	-5.733398	-0.713035	-3.970652	-0.782024	 0.737690	-8.248258	-2.218540	 1.454377
-2.138544	-7.172768	-0.026802	-0.651551	-5.710465	-0.710183	-4.454031	-0.778902	 0.734747	-8.215263	-1.737010	 0.979022
-2.129989	-7.128887	-0.026802	-0.662582	-5.687623	-0.707342	-4.685846	-0.775789	 0.731812	-8.182401	-1.493734	 0.740337
-2.121469	-7.092777	-0.026802	-0.666751	-5.664873	-0.704513	-4.291918	-0.772688	 0.728887	-8.149671	-1.869595	 0.619992
-2.112984	-7.060608	-0.026802	-0.667493	-5.642213	-0.701695	-4.087158	-0.769598	 0.725972	-8.117073	-2.053035	 0.559819
-2.104532	-7.030467	-0.026802	-0.666528	-5.619644	-0.698888	-3.977014	-0.766520	 0.723069	-8.084604	-2.140282	 0.529732
-2.096114	-7.001396	-0.026802	-0.664714	-5.597166	-0.696093	-3.914207	-0.763454	 0.720177	-8.052266	-1.679450	 1.014689
-2.087729	-6.972915	-0.026802	-0.662482	-5.574777	-0.693308	-3.875102	-0.760400	 0.717296	-8.020057	-1.446597	 1.254168
-2.079378	-6.944786	-0.026802	-0.660045	-5.552478	-0.690535	-3.847877	-0.757358	 0.714427	-7.987976	-1.827743	 0.870920
-2.071061	-6.916888	-0.026802	-0.657511	-5.530268	-0.687773	-3.826623	-0.754329	 0.711569	-7.956024	-2.013898	 0.679297
-2.062776	-6.889162	-0.026802	-0.654934	-5.508147	-0.685022	-4.308385	-0.751312	 0.708723	-7.924200	-1.602576	 1.083485
-2.054525	-6.861575	-0.026802	-0.652341	-5.486114	-0.682282	-4.539686	-0.748306	 0.705888	-7.892504	-1.394532	 1.282603
-2.046307	-6.834114	-0.026802	-0.649745	-5.464170	-0.679553	-4.145795	-0.745313	 0.703064	-7.860934	-1.788137	 1.379199
-2.038122	-6.806770	-0.026802	-0.647153	-5.442313	-0.676834	-3.941345	-0.742332	 0.700252	-7.829490	-1.980576	 1.424546
-2.029969	-6.779539	-0.026802	-0.644568	-5.420544	-0.674127	-3.831646	-0.739363	 0.697451	-7.798172	-2.072450	 1.444279
-2.021850	-6.752419	-0.026802	-0.641991	-5.398862	-0.671431	-3.769353	-0.736405	 0.194661	-7.266979	-1.614058	 1.451218
-2.013762	-6.725409	-0.026802	-0.639424	-5.377266	-0.668745	-3.730793	-0.733460	-0.056733	-6.987911	-1.382550	 1.451771
-2.005707	-6.698507	-0.026802	-0.636867	-5.355757	-0.666070	-3.704128	-0.730526	-0.182431	-7.334960	-1.764495	 0.949143
-1.997684	-6.671712	-0.026802	-0.634319	-5.334334	-0.663406	-3.683440	-0.727604	-0.245280	-7.493120	-1.951174	 0.697828
-1.989694	-6.645025	-0.026802	-0.631782	-5.312997	-0.660752	-4.165771	-0.724693	 0.223296	-7.556897	-2.040238	 0.572171
-1.981735	-6.618445	-0.026802	-0.629255	-5.291745	-0.658109	-4.397640	-0.721794	 0.456200	-7.573545	-2.080511	 0.509343
-1.973808	-6.591972	-0.026802	-0.626738	-5.270578	-0.655477	-4.004316	-0.718907	 0.571274	-7.566688	-2.096406	 0.977929
-1.965913	-6.565604	-0.026802	-0.624231	-5.249496	-0.652855	-3.800432	-0.716032	 0.627438	-7.548140	-2.100129	 1.209328
-1.958049	-6.539341	-0.026802	-0.621734	-5.228498	-0.650243	-3.691297	-0.713168	 0.654153	-7.523807	-2.097783	 1.322147
-1.950217	-6.513184	-0.026802	-0.619247	-5.207584	-0.647642	-3.629565	-0.710315	 0.666149	-7.496641	-2.092419	 1.375686
-1.942416	-6.487131	-0.026802	-0.616770	-5.186753	-0.645052	-3.591563	-0.707474	 0.670790	-7.468120	-2.085563	 1.399597
-1.934646	-6.461183	-0.026802	-0.614303	-5.166006	-0.642471	-3.565455	-0.204644	 0.671760	-7.438980	-1.577978	 1.408706
-1.926908	-6.435338	-0.026802	-0.611846	-5.145342	-0.639902	-3.545323	 0.046771	 0.670900	-7.409590	-1.322044	 1.410425
-1.919200	-6.409596	-0.026802	-0.609399	-5.124761	-0.637342	-3.528206	 0.172479	 0.669129	-6.880135	-1.691945	 1.408460
-1.911523	-6.383958	-0.026802	-0.606961	-5.104262	-0.634793	-3.512625	 0.235332	 0.666909	-6.602706	-1.872772	 1.404664
-1.903877	-6.358422	-0.026802	-0.604533	-5.083845	-0.632253	-3.497841	 0.266759	 0.664470	-6.951341	-1.459078	 1.399965
-1.896262	-6.332989	-0.026802	-0.602115	-5.063509	-0.629724	-3.483483	 0.282473	 0.661926	-7.111058	-1.250140	 1.394825
-1.888677	-6.307657	-0.026802	-0.599707	-5.043255	-0.627206	-3.469365	 0.290329	 0.659336	-7.176375	-1.143589	 1.389475
-1.881122	-6.282426	-0.026802	-0.597308	-5.023082	-0.624697	-3.455396	-0.205742	 0.156727	-7.194550	-1.588239	 1.384032
-1.873597	-6.257296	-0.026802	-0.594919	-5.002990	-0.622198	-3.441529	-0.452374	-0.094577	-7.189213	-1.806499	 1.378553
-1.866103	-6.232267	-0.026802	-0.592539	-4.982978	-0.619709	-3.427740	-0.074292	 0.279770	-7.172176	-1.911579	 1.373068
-1.858639	-6.207338	-0.026802	-0.590169	-4.963046	-0.617230	-3.414017	 0.114749	 0.465636	-7.149347	-1.960086	 1.367590
-1.851204	-6.182509	-0.026802	-0.587808	-4.943194	-0.614761	-3.400355	 0.209269	 0.057266	-7.123680	-1.980322	 1.362127
-1.843799	-6.157779	-0.026802	-0.585457	-4.923421	-0.612302	-3.386751	 0.256529	-0.146919	-7.096650	-1.986439	 1.356682
-1.836424	-6.133148	-0.026802	-0.583115	-4.903727	-0.609853	-3.373203	 0.280159	 0.250988	-7.068996	-1.485512	 1.351257
-1.829078	-6.108615	-0.026802	-0.580782	-4.884113	-0.607414	-3.359709	 0.291974	 0.448644	-7.041086	-1.233080	 1.345853
-1.821762	-6.084180	-0.026802	-0.578459	-4.864576	-0.604984	-3.346270	 0.297882	 0.546180	-7.013105	-1.104902	 1.340470
-1.814475	-6.059844	-0.026802	-0.576146	-4.845118	-0.602564	-3.332885	 0.300836	 0.093660	-6.985144	-1.038860	 1.335108
-1.807217	-6.035604	-0.026802	-0.573841	-4.825737	-0.600154	-3.319553	 0.302313	-0.132600	-6.957250	-1.003893	 1.329768
-1.799988	-6.011462	-0.026802	-0.571546	-4.806434	-0.597753	-3.806275	-0.196949	-0.245730	-6.429443	-0.984472	 1.324449
-1.792788	-5.987416	-0.026802	-0.569259	-4.787209	-0.595362	-4.041050	-0.445187	-0.302295	-6.153737	-0.972831	 1.319151
-1.785617	-5.963466	-0.026802	-0.566982	-4.768060	-0.592981	-3.649885	-0.567920	 0.169423	-6.504128	-0.965089	 1.313874
-1.778475	-5.939613	-0.026802	-0.564714	-4.748988	-0.590609	-3.447786	-0.627904	 0.403999	-6.665614	-0.959303	 1.308619
-1.771361	-5.915854	-0.026802	-0.562456	-4.729992	-0.588246	-3.840245	-0.656521	 0.520010	-6.732703	-1.454503	 1.303385
-1.764275	-5.892191	-0.026802	-0.560206	-4.711072	-0.585893	-4.028009	-0.669459	 0.576744	-6.752648	-1.698203	 1.298171
-1.757218	-5.868622	-0.026802	-0.557965	-4.692227	-0.583550	-4.113459	-0.674563	 0.603843	-6.749075	-1.816170	 1.292978
-1.750189	-5.845147	-0.026802	-0.555733	-4.673458	-0.581216	-3.647787	-0.675756	 0.616131	-6.233798	-1.871285	 1.287806
-1.743189	-5.821767	-0.026802	-0.553510	-4.654765	-0.578891	-3.408586	-0.674999	 0.621019	-5.964722	-1.894989	 1.282655
-1.736216	-5.798480	-0.026802	-0.551296	-4.636146	-0.576575	-3.282647	-0.673271	 0.122210	-6.318793	-1.403004	 1.277525
-1.729271	-5.775286	-0.026802	-0.549091	-4.617601	-0.574269	-3.213364	-0.671065	-0.127194	-6.482483	-1.155190	 1.272414
-1.722354	-5.252185	-0.026802	-0.546895	-4.599131	-0.571972	-3.172434	-0.168624	-0.251896	-6.051035	-1.029468	 1.267325
-1.715464	-4.981176	-0.026802	-0.544707	-4.580734	-0.569684	-3.145707	 0.082597	-0.314247	-5.824072	-0.964799	 1.262255
-1.708603	-4.836251	-0.026802	-0.542528	-4.562411	-0.567405	-3.126105	 0.208207	 0.154578	-5.699397	-1.430665	 1.257206
-1.701768	-4.754406	-0.026802	-0.540358	-4.544161	-0.565136	-3.110091	 0.271012	 0.387743	-5.625909	-1.659804	 1.252178
-1.694961	-5.204139	-0.026802	-0.538197	-4.525985	-0.562875	-3.095896	-0.197585	 0.503084	-5.578061	-1.270596	 1.247169
-1.688181	-5.417697	-0.026802	-0.536044	-4.507881	-0.560624	-3.082635	-0.430552	 0.559518	-5.543076	-1.074229	 1.242180
-1.681429	-5.513214	-0.026802	-0.533900	-4.489849	-0.558381	-3.069866	-0.545708	 0.586503	-5.514568	-0.974290	 1.237212
-1.674703	-5.549755	-0.026802	-0.531764	-4.471890	-0.556148	-3.057367	-0.601964	 0.598768	-5.489341	-1.422572	 1.232263
-1.668004	-5.556853	-0.026802	-0.529637	-4.454002	-0.553923	-3.045028	-0.628776	 0.603679	-5.465800	-1.642971	 1.227334
-1.661332	-5.549274	-0.026802	-0.527518	-4.436186	-0.551707	-3.532793	-0.140870	 0.104917	-5.943145	-1.249444	 1.222424
-1.654687	-5.534401	-0.026802	-0.525408	-4.418442	-0.549500	-3.768634	 0.103082	-0.144464	-6.168976	-1.050969	 1.217535
-1.648068	-5.515925	-0.026802	-0.523307	-4.400768	-1.047302	-3.878546	-0.274941	 0.230845	-6.269102	-0.950026	 1.212664
-1.641476	-5.495693	-0.026802	-0.521213	-4.383165	-1.293113	-3.925525	-0.462647	 0.417288	-6.306427	-0.897856	 1.207814
-1.634910	-5.474625	-0.026802	-0.519129	-4.365632	-0.912941	-3.941069	-0.555200	 0.509302	-6.312402	-1.370080	 1.202983
-1.628370	-5.453185	-0.026802	-0.517052	-4.348170	-0.721789	-3.940928	-0.600180	 0.554106	-6.302752	-1.602508	 1.198171
-1.621857	-5.431601	-0.026802	-0.514984	-4.330777	-0.625152	-3.932976	-0.621380	 0.575310	-6.285341	-1.715051	 1.193378
-1.615369	-5.409989	-0.026802	-0.512924	-4.313454	-0.575776	-3.421150	-0.130695	 0.584719	-5.764100	-1.267668	 1.188604
-1.608908	-5.388406	-0.026802	-0.510872	-4.296200	-0.550036	-3.159418	 0.114648	 0.588236	-5.492994	-1.042336	 1.183850
-1.602472	-5.366881	-0.026802	-0.508829	-4.279015	-0.536117	-3.022757	-0.262681	 0.588810	-5.846997	-0.928036	 1.179115
-1.596062	-5.345428	-0.026802	-0.506793	-4.261899	-0.528113	-2.948654	-0.450066	 0.587919	-6.011596	-0.869258	 1.174398
-1.589678	-5.324053	-0.026802	-0.504766	-4.244852	-0.523071	-2.905854	-0.542483	 0.586299	-5.581544	-0.838249	 1.169701
-1.583319	-5.302761	-0.026802	-0.502747	-4.227872	-0.519514	-2.878728	-0.587422	 0.584320	-5.356214	-0.821129	 1.165022
-1.576986	-5.281551	-0.026802	-0.500736	-4.210961	-0.516703	-2.859461	-0.108626	 0.582166	-5.733288	-1.310961	 1.160362
-1.570678	-5.260426	-0.026802	-0.499731	-4.194117	-0.514270	-2.844148	 0.130771	 0.579928	-5.909604	-1.552276	 1.155720
-1.564395	-5.239385	-0.026802	-0.499228	-4.177340	-0.512030	-2.830833	 0.250470	 0.577654	-5.985590	-1.669346	 1.151097
-1.558138	-5.218427	-0.026802	 0.001023	-4.160631	-0.509890	-2.818541	 0.310320	 0.575367	-5.511460	-1.224308	 1.146493
-1.551905	-5.197554	-0.026802	 0.250147	-4.143988	-0.507805	-2.806782	 0.340244	 0.573077	-5.264320	-1.000231	 1.141907
-1.545698	-5.176764	-0.026802	-0.125292	-4.127412	-0.505751	-2.795313	-0.144793	 0.570790	-5.130716	-0.886640	 1.137339
-1.539515	-5.156057	-0.026802	-0.312010	-4.110903	-0.503716	-2.784010	-0.386053	 0.568510	-5.053920	-0.828298	 1.132790
-1.533357	-5.135432	-0.026802	-0.405369	-4.094459	-0.501696	-3.272814	-0.505427	 0.566237	-5.505568	-0.797588	 1.128259
-1.527223	-5.114891	-0.026802	-0.452048	-4.078081	-0.500685	-3.509692	-0.563865	 0.563973	-5.719477	-0.780698	 1.123746
-1.521114	-4.594431	-0.026802	-0.475388	-4.061769	-0.500180	-3.120638	-0.091840	 0.561717	-5.814565	-0.770726	 1.119251
-1.515030	-4.326053	-0.026802	-0.487058	-4.045522	-0.499928	-2.920648	 0.144173	 0.559471	-5.850289	-0.764219	 1.114774
-1.508970	-4.183749	-0.026802	-0.492893	-4.029340	-0.499801	-2.815212	 0.262180	 0.557233	-5.856380	-0.759449	 1.110315
-1.502934	-4.604514	-0.026802	-0.495810	-4.013223	-0.499738	-2.757074	 0.321183	 0.555004	-5.847700	-0.755556	 1.105873
-1.496922	-4.804846	-0.026802	-0.497269	-3.997170	-0.499707	-2.722607	 0.350684	 0.552784	-5.831682	-0.752105	 1.101450
-1.490934	-4.895002	-0.026802	-0.497998	-4.481181	-0.499691	-2.699998	-0.134565	 0.050573	-5.812042	-0.748883	 1.097044
-1.484971	-4.930109	-0.026802	-0.498363	-4.713256	-0.499683	-2.683338	-0.375950	-0.200533	-5.790637	-0.745780	 1.092656
-1.479031	-4.937733	-0.026802	 0.001455	-4.319403	-0.499679	-2.669675	 0.004592	 0.173915	-5.268396	-0.742744	 1.088285
-1.473115	-4.931654	-0.026802	 0.250361	-4.114626	-0.499677	-2.657531	 0.194863	 0.360041	-4.997783	-0.739746	 1.083932
-1.467222	-4.918763	-0.026802	 0.374814	-4.004417	-0.499676	-3.146169	 0.289999	 0.452012	-4.853022	-0.736773	 0.579596
-1.461353	-4.902506	-0.026802	 0.437041	-3.941524	-0.499676	-3.383218	 0.337567	 0.496910	-4.771225	-0.733820	 0.327429
-1.455508	-4.884605	-0.026802	 0.468154	-3.902321	-0.499675	-3.494502	 0.361351	 0.518275	-4.720948	-0.730881	 0.201345
-1.449686	-4.865921	-0.026802	-0.016289	-3.874993	-0.499675	-3.042932	 0.373243	 0.527879	-5.186468	-0.727956	 0.638303
-1.443887	-4.846884	-0.026802	-0.257509	-3.853633	-0.499675	-2.811965	 0.379189	 0.531605	-5.407924	-0.725043	 0.854631
-1.438112	-4.827710	-0.026802	-0.378119	-3.835289	-0.499675	-2.691319	-0.117838	 0.032398	-5.507393	-0.722143	 0.960654
-1.432359	-4.808506	-0.026802	-0.438425	-3.818483	-0.499675	-2.625855	-0.365122	-0.217206	-5.545914	-0.719254	 1.011531
-1.426630	-4.789326	-0.026802	-0.468577	-3.802477	-0.499675	-2.588002	 0.012461	 0.157992	-5.554006	-0.716377	 0.534845
-1.420923	-4.770195	-0.026802	-0.483653	-3.786901	-0.499675	-2.563975	 0.201252	 0.344525	-5.546927	-0.713511	 0.296502
-1.415240	-4.751128	-0.026802	-0.491191	-3.771570	-0.499675	-3.046882	 0.295648	 0.436729	-5.032309	-0.710657	 0.177331
-1.409579	-4.732130	-0.026802	-0.494961	-3.756392	-0.499675	-3.281276	 0.342846	 0.481774	-4.765964	-0.707814	 0.117745
-1.403940	-4.713205	-0.026802	-0.496845	-3.741321	-0.499675	-3.391441	 0.366445	 0.503242	-4.623792	-0.704983	 0.087952
-1.398325	-4.694354	-0.026802	-0.497787	-3.726333	-0.499675	-2.939521	-0.121756	 0.512927	-4.543743	-0.702163	 0.073056
-1.392731	-4.675577	-0.026802	-0.498258	-3.711416	-0.499675	-2.708585	-0.364636	 0.516724	-4.494791	-0.699355	 0.065608
-1.387160	-4.656875	-0.026802	-0.498494	-3.696565	-0.499675	-2.588162	-0.484861	 0.517582	-4.461423	-0.696557	 0.561884
-1.381612	-4.638248	-0.026802	-0.498612	-3.681775	-0.499675	-2.523016	-0.543764	 0.516974	-4.435884	-0.693771	 0.807905
-1.376085	-4.119695	-0.026802	-0.498671	-3.667047	-0.499675	-2.485526	-0.072010	 0.515637	-4.414293	-0.690996	 0.928808
-1.370581	-3.853216	-0.026802	-0.498700	-3.652378	-0.499675	-2.461886	 0.163868	 0.513940	-4.394712	-0.688232	 0.987160
-1.365099	-4.212803	-0.026802	-0.498715	-3.637768	-0.499675	-2.445189	-0.218194	 0.512067	-4.376172	-0.685479	 1.014245
-1.359638	-4.383452	-0.026802	-0.498722	-3.623217	-0.499675	-2.431983	-0.408024	 0.510110	-4.358186	-0.682737	 1.025705
-1.354200	-4.459668	-0.026802	-0.498726	-3.608724	-0.499675	-2.420543	-0.501744	 0.508115	-4.340513	-0.680006	 1.029361
-1.348783	-4.488705	-0.026802	-0.498728	-3.594289	-0.499675	-2.410005	-0.047412	 0.506106	-4.323030	-0.677286	 1.029122
-1.343388	-4.494187	-0.026802	-0.498729	-3.579912	-0.499675	-2.399937	 0.179753	 0.504093	-4.305678	-0.674577	 1.026946
-1.338014	-4.487929	-0.026802	-0.498729	-3.565592	-0.499675	-2.890123	-0.206664	 0.502082	-4.788425	-0.671879	 1.023808
-1.332662	-4.475837	-0.026802	-0.498729	-3.551330	-0.499675	-3.128455	-0.398686	 0.500076	-5.019257	-0.669191	 1.020197
-1.327331	-4.460863	-0.026802	-0.498729	-3.537124	-0.499675	-2.740888	-0.493516	 0.499074	-5.124172	-0.666514	 1.016359
-1.322022	-4.444485	-0.026802	-0.498730	-3.522976	-0.499675	-2.542398	-0.539754	 0.498572	-5.166172	-0.663848	 1.012415
-1.316734	-4.927439	-0.026802	 0.001270	-3.508884	-0.499675	-2.938465	-0.061702	 0.498322	-5.176755	-1.161193	 1.008426
-1.311467	-5.158096	-0.026802	 0.250268	-3.494849	-0.499675	-3.129829	 0.177325	 0.498196	-5.171672	-1.406548	 1.004422
-1.306221	-5.262646	-0.026802	 0.374767	-3.480869	-0.499675	-3.218869	 0.296838	 0.498134	-5.158798	-1.525922	 1.000420
-1.300996	-4.804187	-0.026802	-0.062984	-3.466946	-0.499675	-2.756773	-0.143405	 0.498102	-4.642068	-1.082318	 0.996426
-1.295792	-4.566266	-0.026802	-0.280858	-3.453078	-0.499675	-2.521136	-0.362360	 0.498087	-4.375453	-0.859239	 0.992444
-1.290609	-4.438649	-0.026802	 0.110205	-3.439266	-0.499675	-2.398746	 0.029326	 0.498079	-4.733928	-1.246427	 0.988476
-1.285447	-4.366219	-0.026802	 0.304734	-3.425508	-0.499675	-2.332999	 0.225169	 0.498075	-4.902980	-1.436754	 0.984523
-1.280305	-3.821416	-0.026802	 0.401999	-3.411806	-0.499675	-2.295590	-0.176910	 0.498073	-4.977363	-1.028663	 0.980585
-1.275184	-3.542461	-0.026802	 0.450631	-3.398159	-0.499675	-2.272370	-0.376791	 0.498072	-5.004450	-0.823376	 0.976663
-1.270083	-3.896457	-0.026802	-0.025053	-3.384567	-0.499675	-2.256261	 0.024421	 0.498071	-4.507931	-0.719497	 0.972757
-1.265003	-4.064954	-0.026802	-0.261893	-3.371028	-0.499675	-2.243727	 0.225028	 0.498071	-4.251648	-0.666326	 0.968866
-1.259943	-4.140735	-0.026802	-0.380314	-3.357544	-0.499675	-2.232997	 0.325331	 0.498071	-4.115517	-0.638514	 0.964990
-1.254903	-4.170193	-0.026802	-0.439524	-3.344114	-0.499675	-2.723188	-0.124518	 0.498071	-4.039492	-1.123387	 0.961130
-1.249883	-4.176523	-0.026802	-0.469129	-3.330738	-0.499675	-2.961856	-0.348293	 0.498071	-3.993552	-1.362607	 0.957286
-1.244884	-4.171322	-0.026802	-0.483931	-3.317415	-0.499675	-2.574789	 0.040963	 0.498071	-3.962688	-0.979013	 0.953457
-1.239904	-4.160389	-0.026802	-0.491333	-3.304145	-0.499675	-2.376881	 0.235591	 0.498071	-3.939391	-0.786025	 0.949643
-1.234945	-4.146624	-0.026802	-0.495033	-3.290928	-0.499675	-2.273568	 0.332906	 0.498071	-3.919911	-1.188345	 0.945844
-1.230005	-4.131475	-0.026802	-0.496884	-3.277765	-0.499675	-2.217572	 0.381563	 0.498071	-3.902370	-1.386324	 0.942061
-1.225085	-4.115668	-0.026802	 0.002191	-3.264654	-0.499675	-2.185250	-0.094109	 0.498071	-3.885830	-0.982145	 0.938293
-1.220184	-4.099565	-0.026802	 0.250726	-3.251595	-0.499675	-2.164784	-0.330805	 0.498071	-3.869821	-0.778899	 0.934539
-1.215304	-4.083347	-0.026802	 0.374994	-3.238589	-0.499675	-2.150262	-0.448018	 0.498071	-3.854110	-0.676125	 0.930801
-1.210442	-4.067103	-0.026802	 0.437127	-3.225634	-0.499675	-2.138729	-0.005494	 0.498071	-3.838577	-0.623592	 0.927078
-1.205601	-4.050880	-0.026802	 0.468194	-3.212732	-0.499675	-2.128709	 0.215768	 0.498071	-3.823164	-0.596183	 0.923370
-1.200778	-4.034699	-0.026802	 0.483728	-3.199881	-0.499675	-2.119461	 0.326399	 0.498071	-4.307843	-0.581340	 0.919676
-1.195975	-4.018571	-0.026802	 0.491494	-3.187081	-0.499675	-2.110617	 0.381714	 0.498071	-4.540597	-0.572786	 0.915998
-1.191191	-4.002503	-0.026802	-0.004622	-3.174333	-0.499675	-2.101991	-0.090628	 0.498071	-4.647427	-0.567381	 0.912334
-1.186427	-3.986495	-0.026802	-0.251679	-3.161636	-0.499675	-2.093491	-0.325673	 0.498071	-4.691334	-0.563554	 0.908684
-1.181681	-3.970551	-0.026802	-0.375208	-3.148989	-0.499675	-2.085072	-0.442074	 0.498071	-4.203816	-0.560522	 0.905050
-1.176954	-3.954669	-0.026802	-0.436972	-3.136393	-0.499675	-2.076708	-0.499158	 0.498071	-3.952625	-0.557890	 0.901429
-1.172246	-3.938851	-0.026802	-0.467854	-3.123848	-0.499675	-2.068390	-0.526587	 0.498071	-3.819627	-0.555464	 0.897824
-1.167557	-3.923096	-0.026802	-0.483295	-3.111352	-0.499675	-2.060111	-0.039194	 0.498071	-4.245754	-0.553145	 0.894232
-1.162887	-3.907403	-0.026802	-0.491015	-3.098907	-0.499675	-2.051867	 0.204503	 0.498071	-4.449474	-0.550884	 0.890655
-1.158236	-3.391774	-0.026802	-0.494876	-3.086511	-0.499675	-2.043659	-0.173649	 0.498071	-4.042028	-0.548656	 0.887093
-1.153603	-3.128207	-0.026802	-0.496806	-3.074165	-0.499675	-2.035483	-0.361621	 0.498071	-3.831036	-0.546449	 0.883544
-1.148988	-3.490694	-0.026802	 0.002229	-3.061868	-0.499675	-2.027341	 0.045492	 0.498071	-3.718299	-0.544257	 0.880010
-1.144392	-3.664231	-0.026802	 0.250744	-3.049621	-0.499675	-2.019231	 0.249048	 0.498071	-3.654720	-0.542077	 0.876490
-1.139815	-3.743324	-0.026802	 0.375002	-3.037422	-0.499675	-2.011154	 0.350827	 0.498071	-3.615748	-1.039907	 0.872984
-1.135255	-3.775226	-0.026802	 0.437130	-3.025273	-0.499675	-2.003110	 0.401716	 0.498071	-3.589109	-1.285747	 0.869492
-1.130714	-3.783563	-0.026802	-0.031805	-3.013172	-0.499675	-1.995097	 0.427160	 0.498071	-4.068664	-0.905603	 0.866014
-1.126192	-3.780147	-0.026802	-0.265272	-3.001119	-0.499675	-1.987117	 0.439883	 0.498071	-4.299345	-0.714481	 0.862550
-1.121687	-3.770886	-0.026802	-0.382005	-2.989115	-0.499675	-1.979168	 0.446244	 0.498071	-4.405626	-0.617873	 0.859100
-1.117200	-3.758732	-0.026802	-0.440371	-2.477158	-0.499675	-1.971252	 0.449424	 0.498071	-4.449742	-0.568526	 0.855664
-1.112731	-3.745162	-0.026802	-0.469555	-2.217249	-0.499675	-1.963367	 0.451015	 0.498071	-4.462813	-0.542815	 0.852241
